/*--------------------------------*- C++ -*----------------------------------*\
| =========                 |                                                 |
| \\      /  F ield         | OpenFOAM: The Open Source CFD Toolbox           |
|  \\    /   O peration     | Version:  2312                                  |
|   \\  /    A nd           | Website:  www.openfoam.com                      |
|    \\/     M anipulation  |                                                 |
\*---------------------------------------------------------------------------*/
FoamFile
{
    version     2.0;
    format      ascii;
    arch        "LSB;label=32;scalar=64";
    class       volScalarField;
    location    "1.115";
    object      p;
}
// * * * * * * * * * * * * * * * * * * * * * * * * * * * * * * * * * * * * * //

dimensions      [1 -1 -2 0 0 0 0];

internalField   nonuniform List<scalar> 
8000
(
367.814
368.151
368.725
369.541
370.523
371.593
372.631
373.504
374.078
374.262
317.815
318.079
318.63
319.589
320.728
321.958
323.158
324.172
324.853
325.099
266.934
267.168
267.538
268.496
270
271.641
273.22
274.575
275.549
275.922
215.038
215.209
215.575
216.715
218.492
220.611
222.768
224.662
226
226.579
161.558
161.632
162.363
163.923
166.097
168.856
171.783
174.409
176.328
177.204
105.783
105.859
107.149
108.984
111.758
115.549
119.73
123.646
126.572
127.961
47.4976
47.0295
48.4634
50.3394
53.7031
59.2997
66.1497
72.6686
77.4545
79.5662
8.08712
7.50772
7.7072
8.00679
9.06605
12.0526
18.2876
25.4292
31.981
35.2027
-0.117714
-0.114961
-0.109889
-0.098088
-0.0935382
-0.0779287
0.1389
1.91247
5.32266
8.40986
-0.184961
-0.183304
-0.177082
-0.180968
-0.198295
-0.231145
-0.294555
-0.36772
-0.381156
-0.325894
-0.256421
-0.254778
-0.255856
-0.271739
-0.300243
-0.348467
-0.40639
-0.437474
-0.426539
-0.381855
-0.334395
-0.336191
-0.344093
-0.370051
-0.402153
-0.443549
-0.474057
-0.486813
-0.47367
-0.445095
-0.415718
-0.421674
-0.432047
-0.453472
-0.478281
-0.507706
-0.524533
-0.524612
-0.515241
-0.50115
-0.499067
-0.507829
-0.515472
-0.527482
-0.544763
-0.569002
-0.592748
-0.607692
-0.602301
-0.592513
-0.583589
-0.595735
-0.600622
-0.605414
-0.618129
-0.646533
-0.674467
-0.689846
-0.687619
-0.676591
-0.666211
-0.680617
-0.687649
-0.688768
-0.700749
-0.721809
-0.746179
-0.758884
-0.753172
-0.736806
-0.743261
-0.756961
-0.772133
-0.771951
-0.777245
-0.786535
-0.804751
-0.816029
-0.810545
-0.790167
-0.811346
-0.82162
-0.836114
-0.838733
-0.838009
-0.844158
-0.858399
-0.870455
-0.866628
-0.843427
-0.87214
-0.878669
-0.888849
-0.891133
-0.893688
-0.902275
-0.914858
-0.923807
-0.918507
-0.894584
-0.928968
-0.93265
-0.93958
-0.943016
-0.949246
-0.960244
-0.971203
-0.974976
-0.966423
-0.941269
368.409
368.89
369.476
370.25
371.169
372.196
373.208
374.059
374.616
374.782
318.439
318.816
319.416
320.321
321.409
322.605
323.778
324.772
325.43
325.644
267.707
267.854
268.182
269.196
270.718
272.377
273.941
275.264
276.181
276.557
215.95
215.913
216.033
217.282
219.251
221.471
223.631
225.494
226.752
227.233
161.968
162.148
162.935
164.648
167.058
169.944
172.883
175.44
177.155
177.874
105.358
105.904
107.556
109.63
112.725
116.687
120.801
124.598
127.383
128.709
47.5246
47.1213
48.3313
50.125
54.19
60.4828
67.1535
73.3093
77.7657
79.9573
8.45907
7.57619
7.77468
8.20584
9.40618
12.3663
18.5113
25.6929
32.4779
36.0416
-0.112055
-0.103116
-0.0947554
-0.088679
-0.102751
-0.103647
0.265553
2.07464
5.43935
8.73652
-0.187534
-0.18641
-0.184632
-0.198486
-0.227985
-0.27293
-0.335405
-0.400873
-0.428386
-0.400313
-0.262116
-0.264353
-0.270212
-0.298677
-0.351531
-0.41956
-0.475398
-0.507572
-0.508618
-0.47791
-0.344105
-0.349072
-0.365818
-0.413084
-0.469398
-0.505048
-0.53612
-0.550838
-0.539709
-0.511979
-0.423293
-0.431116
-0.45383
-0.50117
-0.521154
-0.535425
-0.551483
-0.554436
-0.546526
-0.527331
-0.50196
-0.511531
-0.530758
-0.562704
-0.575094
-0.593505
-0.619198
-0.631877
-0.624579
-0.608263
-0.58379
-0.594419
-0.603816
-0.624021
-0.642611
-0.671136
-0.706557
-0.721275
-0.712595
-0.696496
-0.665281
-0.677869
-0.68053
-0.691544
-0.712155
-0.741212
-0.775111
-0.79121
-0.782254
-0.761574
-0.742302
-0.756145
-0.761871
-0.761285
-0.775425
-0.798181
-0.824307
-0.841639
-0.837726
-0.81245
-0.811283
-0.823968
-0.832498
-0.832876
-0.836482
-0.852724
-0.873173
-0.891597
-0.890625
-0.864603
-0.871379
-0.881804
-0.887709
-0.889489
-0.896613
-0.912055
-0.931054
-0.943961
-0.940055
-0.914671
-0.926942
-0.935076
-0.939371
-0.943175
-0.95489
-0.974872
-0.990372
-0.993307
-0.982586
-0.95784
369.586
370.216
371.224
371.903
372.527
373.371
374.293
375.094
375.616
375.752
319.551
320.173
321.119
322.044
322.917
323.903
324.952
325.881
326.497
326.68
268.767
269.179
270.007
270.986
272.301
273.836
275.313
276.546
277.368
277.66
217.189
217.318
217.968
219.09
220.912
223.089
225.174
226.943
228.118
228.559
163.846
164.098
165.061
166.629
169.059
171.978
174.83
177.211
178.849
179.514
108.816
109.13
110.474
112.493
115.625
119.318
123.21
126.83
129.588
130.754
52.2135
51.6864
53.1316
55.4808
59.8369
64.9896
70.6663
75.7392
79.793
81.9312
10.7883
9.82855
10.4689
11.4233
13.0949
16.5385
22.9093
29.1044
34.8379
37.7757
-0.129269
-0.12328
-0.12199
-0.134878
-0.104433
0.00552377
1.12547
3.27974
6.63283
9.2399
-0.210212
-0.209869
-0.215858
-0.241397
-0.275708
-0.311587
-0.366296
-0.403604
-0.429391
-0.425402
-0.286425
-0.292431
-0.303754
-0.33079
-0.373156
-0.425986
-0.469813
-0.493526
-0.50108
-0.493187
-0.370078
-0.377219
-0.395961
-0.424556
-0.457978
-0.490956
-0.52214
-0.540864
-0.538886
-0.520703
-0.447768
-0.455973
-0.477316
-0.501012
-0.519105
-0.538337
-0.559804
-0.560907
-0.540458
-0.512002
-0.523485
-0.531247
-0.549996
-0.571069
-0.587636
-0.607455
-0.637288
-0.646277
-0.624228
-0.59002
-0.599479
-0.605657
-0.616801
-0.634082
-0.662511
-0.698639
-0.744287
-0.755455
-0.742919
-0.708913
-0.673329
-0.678697
-0.683895
-0.697422
-0.731868
-0.77574
-0.819809
-0.836989
-0.823946
-0.793103
-0.742569
-0.748757
-0.755799
-0.763666
-0.790473
-0.830114
-0.862236
-0.879987
-0.872718
-0.842167
-0.806999
-0.814336
-0.824492
-0.831129
-0.847224
-0.876979
-0.900532
-0.916275
-0.913314
-0.886264
-0.867823
-0.8746
-0.882506
-0.89067
-0.909726
-0.928945
-0.946821
-0.957316
-0.954478
-0.930467
-0.926296
-0.931516
-0.936132
-0.942474
-0.965062
-0.983524
-0.996503
-1.00033
-0.993098
-0.968719
371.062
371.625
372.624
373.311
373.994
374.844
375.74
376.507
376.993
377.101
321.21
321.85
322.931
323.858
324.619
325.526
326.5
327.394
327.972
328.123
270.532
271.139
272.262
273.411
274.564
275.873
277.204
278.323
279.053
279.274
219.251
219.633
220.738
222.059
223.708
225.596
227.489
229.07
230.13
230.496
167.005
167.253
168.447
170.125
172.43
175.087
177.653
179.858
181.364
181.909
113.573
113.541
114.812
116.911
119.874
123.336
126.987
130.321
132.695
133.601
58.2216
57.912
59.7947
62.6327
66.2155
70.5876
75.3308
79.9719
83.898
85.5378
13.5622
13.1109
14.4802
16.495
18.8597
23.2608
28.7079
34.1777
38.8019
40.4317
-0.118774
-0.0984888
-0.0588886
-0.0645831
0.227687
1.2243
2.86924
5.34408
8.47458
9.90389
-0.238301
-0.234276
-0.237462
-0.263683
-0.308329
-0.340722
-0.368513
-0.389467
-0.414186
-0.392509
-0.314818
-0.318824
-0.330749
-0.352028
-0.384321
-0.417014
-0.441178
-0.450743
-0.445065
-0.439967
-0.394433
-0.400439
-0.410367
-0.424079
-0.440687
-0.470093
-0.502096
-0.519769
-0.51342
-0.496934
-0.468325
-0.475859
-0.486083
-0.493588
-0.504185
-0.532813
-0.569192
-0.576665
-0.555272
-0.526071
-0.540959
-0.547765
-0.558979
-0.568605
-0.58033
-0.616814
-0.661051
-0.668123
-0.639232
-0.595906
-0.612547
-0.618573
-0.628105
-0.643778
-0.665896
-0.715705
-0.78049
-0.798631
-0.771807
-0.714341
-0.681915
-0.688093
-0.695136
-0.712596
-0.744165
-0.789712
-0.84991
-0.872763
-0.853052
-0.809841
-0.7488
-0.755235
-0.762669
-0.777085
-0.802508
-0.845961
-0.883097
-0.905772
-0.895542
-0.856923
-0.814311
-0.822021
-0.829413
-0.840085
-0.859271
-0.885432
-0.913708
-0.927346
-0.921548
-0.894163
-0.876226
-0.88629
-0.890507
-0.898252
-0.917143
-0.938114
-0.951328
-0.960231
-0.954402
-0.932948
-0.934703
-0.946688
-0.946855
-0.951768
-0.970947
-0.991914
-1.00314
-1.00492
-0.995817
-0.975043
372.725
373.177
374.006
374.781
375.608
376.527
377.431
378.178
378.641
378.726
323.124
323.631
324.585
325.494
326.374
327.354
328.359
329.22
329.762
329.88
272.88
273.418
274.452
275.664
276.856
278.124
279.379
280.434
281.104
281.267
222.139
222.624
223.712
225.181
226.794
228.523
230.245
231.698
232.633
232.893
170.757
171.234
172.476
174.261
176.422
178.806
181.152
183.163
184.449
184.831
118.379
118.66
120.143
122.23
124.967
128.234
131.603
134.523
136.447
137.069
64.7406
65.1128
67.4287
69.9383
73.0531
76.88
81.21
85.5927
88.6549
89.7611
17.5828
18.2591
20.8708
23.8646
27.3311
31.3122
35.7806
40.1519
43.3594
44.2859
0.0511877
0.0983832
0.378517
1.40491
2.60245
3.95506
5.81236
8.58233
10.5874
11.0834
-0.292623
-0.295726
-0.307365
-0.294463
-0.317692
-0.340786
-0.363564
-0.388537
-0.387839
-0.297158
-0.349223
-0.350452
-0.358209
-0.370269
-0.395962
-0.414247
-0.424164
-0.438778
-0.451458
-0.432659
-0.418051
-0.422498
-0.424488
-0.427806
-0.441489
-0.474441
-0.504956
-0.519226
-0.510485
-0.487981
-0.486463
-0.493004
-0.496451
-0.496859
-0.510409
-0.55211
-0.594479
-0.600841
-0.577049
-0.547528
-0.55661
-0.563853
-0.571952
-0.576896
-0.59391
-0.651865
-0.702671
-0.706018
-0.674688
-0.623534
-0.626821
-0.634614
-0.646277
-0.659666
-0.68149
-0.740292
-0.803726
-0.816168
-0.784268
-0.736135
-0.695041
-0.704863
-0.717321
-0.733574
-0.758228
-0.803548
-0.859778
-0.881214
-0.858493
-0.811852
-0.763361
-0.776572
-0.784887
-0.795466
-0.817005
-0.848182
-0.884137
-0.904861
-0.893701
-0.856695
-0.826978
-0.84319
-0.845624
-0.850699
-0.866641
-0.888533
-0.908178
-0.919509
-0.91343
-0.891069
-0.884152
-0.901837
-0.899986
-0.903087
-0.916151
-0.934047
-0.94654
-0.953951
-0.947446
-0.93168
-0.937555
-0.956204
-0.952304
-0.95484
-0.967338
-0.984587
-0.998856
-1.00452
-0.995078
-0.981184
374.47
374.859
375.571
376.403
377.332
378.307
379.227
379.973
380.426
380.493
325.081
325.505
326.308
327.225
328.219
329.298
330.34
331.192
331.715
331.815
275.322
275.787
276.693
277.86
279.131
280.441
281.699
282.724
283.346
283.464
225.223
225.721
226.715
228.128
229.755
231.513
233.182
234.545
235.371
235.535
174.62
175.209
176.493
178.217
180.333
182.658
184.899
186.719
187.807
188.047
123.303
123.749
125.408
127.44
130.216
133.397
136.44
138.98
140.518
140.901
71.5049
72.1131
74.483
76.7156
80.1301
83.8313
87.9429
91.5373
93.7489
94.3741
23.7202
24.9017
28.3801
32.3149
36.3859
40.2331
43.8632
47.0287
48.7292
48.9363
1.54212
1.62129
2.61589
4.70386
6.96318
8.5508
10.289
12.1714
13.2931
13.2371
-0.30097
-0.302744
-0.306188
-0.309585
-0.326801
-0.344511
-0.349379
-0.337024
-0.201844
-0.168136
-0.371689
-0.370051
-0.370733
-0.38215
-0.406881
-0.423148
-0.432764
-0.453507
-0.473544
-0.443964
-0.439188
-0.43848
-0.437666
-0.438789
-0.461917
-0.50534
-0.528728
-0.528449
-0.519432
-0.488864
-0.50399
-0.507659
-0.509827
-0.514496
-0.541788
-0.601678
-0.641016
-0.64433
-0.619846
-0.574899
-0.573557
-0.581146
-0.589594
-0.599034
-0.631993
-0.6969
-0.738594
-0.733167
-0.706297
-0.66323
-0.644643
-0.655466
-0.670021
-0.684338
-0.712859
-0.766827
-0.81473
-0.818341
-0.789576
-0.750571
-0.712704
-0.729703
-0.744621
-0.756517
-0.777531
-0.815525
-0.857515
-0.870696
-0.850256
-0.815407
-0.777133
-0.797237
-0.806717
-0.812155
-0.824848
-0.847552
-0.874523
-0.887858
-0.882674
-0.858259
-0.832668
-0.850142
-0.855252
-0.857226
-0.865858
-0.881174
-0.897388
-0.907678
-0.907018
-0.893773
-0.881462
-0.895508
-0.898299
-0.900799
-0.908973
-0.923608
-0.937823
-0.94464
-0.942228
-0.93663
-0.929445
-0.943255
-0.945374
-0.948144
-0.956564
-0.973112
-0.988758
-0.99419
-0.991976
-0.98855
376.142
376.51
377.18
378.041
379.021
380.037
380.979
381.731
382.18
382.244
326.93
327.329
328.062
328.987
330.069
331.211
332.28
333.136
333.654
333.753
277.572
278.026
278.879
280.031
281.331
282.698
283.975
284.989
285.588
285.685
228.071
228.586
229.537
230.906
232.595
234.38
236.037
237.348
238.112
238.221
178.205
178.773
180.036
181.771
183.955
186.306
188.499
190.199
191.179
191.316
127.847
128.347
130.045
132.267
135.122
138.198
141.11
143.369
144.659
144.85
77.6182
78.3019
80.3821
83.0856
87.1388
91
94.5761
97.388
99.0116
99.3006
30.2995
31.9132
36.146
40.6822
44.9287
48.7196
51.7666
53.8729
54.8786
54.686
3.62442
3.67683
6.09885
9.60393
12.3978
14.0969
15.5617
16.8413
17.2921
16.5499
-0.31229
-0.311256
-0.308112
-0.291774
-0.275231
-0.287049
-0.237533
0.00117479
0.298613
0.209298
-0.394084
-0.389579
-0.38112
-0.389381
-0.422505
-0.461224
-0.503241
-0.52461
-0.497223
-0.438939
-0.460203
-0.457684
-0.45113
-0.462135
-0.502995
-0.551859
-0.583396
-0.580557
-0.53966
-0.474128
-0.521463
-0.524869
-0.525815
-0.536411
-0.577242
-0.644095
-0.684422
-0.685349
-0.659688
-0.609751
-0.588684
-0.596893
-0.60818
-0.621538
-0.661849
-0.722413
-0.7561
-0.752897
-0.730153
-0.69325
-0.65888
-0.675885
-0.690521
-0.703326
-0.733275
-0.77975
-0.814854
-0.814344
-0.794076
-0.76481
-0.723031
-0.750771
-0.761037
-0.768303
-0.786889
-0.816428
-0.8448
-0.854939
-0.843107
-0.822578
-0.779276
-0.805534
-0.813065
-0.816113
-0.827068
-0.843732
-0.862926
-0.877692
-0.880099
-0.867267
-0.826549
-0.845042
-0.851553
-0.854678
-0.862388
-0.874972
-0.889666
-0.903798
-0.909944
-0.904635
-0.869311
-0.884417
-0.889943
-0.894322
-0.902994
-0.91657
-0.929562
-0.940203
-0.946102
-0.944512
-0.915102
-0.929803
-0.93509
-0.940889
-0.950728
-0.965174
-0.978858
-0.988026
-0.99347
-0.992275
377.581
377.946
378.61
379.491
380.505
381.556
382.521
383.281
383.726
383.756
328.506
328.902
329.621
330.579
331.713
332.899
333.997
334.865
335.382
335.45
279.47
279.922
280.765
281.926
283.275
284.683
285.986
287.016
287.617
287.708
230.408
230.953
231.91
233.337
235.069
236.879
238.542
239.851
240.609
240.718
181.158
181.703
182.995
184.835
187.092
189.484
191.652
193.311
194.265
194.373
131.613
132.161
133.971
136.296
139.314
142.489
145.296
147.358
148.511
148.617
82.5795
83.1562
85.3918
89.0053
93.3219
97.1086
100.341
102.684
103.998
104.118
36.3899
38.4035
42.6735
46.8496
51.4271
55.3883
58.3304
60.1871
61.0546
60.708
6.4274
6.91635
10.6606
14.1494
17.3684
19.6908
21.2487
22.2099
22.3094
21.2533
-0.319366
-0.318231
-0.284731
-0.16012
0.196744
0.422322
0.703286
1.04849
1.15884
0.944211
-0.417442
-0.415248
-0.406666
-0.423497
-0.448386
-0.496655
-0.572573
-0.59862
-0.525729
-0.403687
-0.480674
-0.481443
-0.476751
-0.496914
-0.535044
-0.578045
-0.613583
-0.621944
-0.578757
-0.479448
-0.535557
-0.543632
-0.549118
-0.561707
-0.603216
-0.66923
-0.71585
-0.719145
-0.689045
-0.631304
-0.597696
-0.610999
-0.62489
-0.638419
-0.681146
-0.743007
-0.7792
-0.774824
-0.74957
-0.711725
-0.662813
-0.685899
-0.698004
-0.709847
-0.743281
-0.789553
-0.821928
-0.82083
-0.802732
-0.777816
-0.721323
-0.748726
-0.756049
-0.76489
-0.786905
-0.816345
-0.840806
-0.853074
-0.848061
-0.833139
-0.768848
-0.794131
-0.800615
-0.807799
-0.82259
-0.841556
-0.860815
-0.878512
-0.884924
-0.875548
-0.812515
-0.832153
-0.839988
-0.846139
-0.857649
-0.873209
-0.88956
-0.907075
-0.91454
-0.906734
-0.855411
-0.873835
-0.883644
-0.890166
-0.899883
-0.91452
-0.929551
-0.941496
-0.945973
-0.940737
-0.902196
-0.920637
-0.933609
-0.943689
-0.953595
-0.965957
-0.978041
-0.984435
-0.989087
-0.990428
378.638
379.01
379.683
380.576
381.621
382.702
383.688
384.46
384.912
384.955
329.649
330.043
330.762
331.777
332.952
334.175
335.299
336.188
336.729
336.801
280.854
281.328
282.181
283.351
284.739
286.176
287.501
288.561
289.219
289.339
232.035
232.613
233.649
235.151
236.936
238.759
240.422
241.756
242.605
242.767
183.206
183.788
185.21
187.202
189.552
191.925
194.038
195.7
196.763
196.92
134.262
134.858
136.774
139.371
142.568
145.748
148.421
150.413
151.616
151.707
85.9126
86.473
89.1785
93.0263
97.4241
101.318
104.414
106.626
107.897
107.94
40.5255
42.6543
46.2646
50.3292
55.7928
59.7624
62.8012
64.7321
65.5397
65.0944
8.96205
10.9489
14.3767
18.1605
21.9688
24.5474
26.2583
27.0298
26.7157
25.3987
-0.331143
-0.308659
-0.0852521
0.503184
1.26575
1.91152
2.32364
2.47334
2.27683
1.87931
-0.437587
-0.444523
-0.442413
-0.446136
-0.474002
-0.525592
-0.615135
-0.664111
-0.59862
-0.421036
-0.492762
-0.502512
-0.510895
-0.525569
-0.553176
-0.595537
-0.646223
-0.66947
-0.624383
-0.505347
-0.543378
-0.561021
-0.579492
-0.589273
-0.617679
-0.675581
-0.731912
-0.740585
-0.707142
-0.6431
-0.602604
-0.623455
-0.641468
-0.655154
-0.692985
-0.759715
-0.809544
-0.805016
-0.768673
-0.724288
-0.661157
-0.687452
-0.698141
-0.713796
-0.750664
-0.807719
-0.847346
-0.843502
-0.818977
-0.788765
-0.713861
-0.739166
-0.745495
-0.759381
-0.787959
-0.826876
-0.859198
-0.866881
-0.858802
-0.841003
-0.757366
-0.781089
-0.785984
-0.796191
-0.817237
-0.843843
-0.868982
-0.886061
-0.888312
-0.875895
-0.801547
-0.822102
-0.826562
-0.832556
-0.848198
-0.870185
-0.891659
-0.908462
-0.912123
-0.900116
-0.848909
-0.868426
-0.876611
-0.879869
-0.890971
-0.908813
-0.926846
-0.935831
-0.936799
-0.932438
-0.896905
-0.914915
-0.930412
-0.938241
-0.945518
-0.956378
-0.968273
-0.977299
-0.986212
-0.987755
379.203
379.584
380.268
381.171
382.239
383.343
384.342
385.116
385.581
385.695
330.26
330.662
331.393
332.433
333.637
334.89
336.033
336.929
337.502
337.742
281.578
282.086
282.932
284.122
285.533
286.989
288.334
289.427
290.144
290.44
232.866
233.458
234.551
236.114
237.931
239.759
241.422
242.795
243.723
244.038
184.206
184.848
186.388
188.513
190.906
193.243
195.3
196.973
198.114
198.522
135.509
136.27
138.377
141.219
144.423
147.46
149.999
151.972
153.238
153.556
87.1598
88.0399
91.0933
95.1808
99.4855
103.285
106.303
108.529
109.8
109.991
41.5433
43.5859
47.2414
52.5194
57.5545
61.4615
64.4635
66.5401
67.0447
66.3683
9.41939
11.8145
15.8587
20.4926
24.3962
26.9643
28.7855
29.3737
28.3046
26.3131
-0.351192
-0.278107
0.225593
1.08111
2.1399
3.00973
3.40388
3.26914
2.68835
2.125
-0.448118
-0.465703
-0.467349
-0.472992
-0.520126
-0.560316
-0.64735
-0.739398
-0.701905
-0.538346
-0.496475
-0.522534
-0.545197
-0.545247
-0.565076
-0.604915
-0.674523
-0.72561
-0.691934
-0.574203
-0.550089
-0.577629
-0.609046
-0.609964
-0.622308
-0.667649
-0.737927
-0.763163
-0.729156
-0.659777
-0.605949
-0.635716
-0.6594
-0.668561
-0.693844
-0.756873
-0.8281
-0.837963
-0.793234
-0.738892
-0.658832
-0.690626
-0.703254
-0.715812
-0.747204
-0.807166
-0.865436
-0.868167
-0.833926
-0.795639
-0.706693
-0.73329
-0.741371
-0.751888
-0.778523
-0.822573
-0.867724
-0.879475
-0.864669
-0.842541
-0.751875
-0.769243
-0.775188
-0.781681
-0.801126
-0.832829
-0.867262
-0.888442
-0.887321
-0.870335
-0.803531
-0.816605
-0.815049
-0.816059
-0.830083
-0.856564
-0.884591
-0.904234
-0.90448
-0.888464
-0.852152
-0.864037
-0.863923
-0.86614
-0.877721
-0.895983
-0.912076
-0.918087
-0.924819
-0.923577
-0.89479
-0.907327
-0.917573
-0.922981
-0.929574
-0.942655
-0.960006
-0.973327
-0.986039
-0.981558
379.22
379.6
380.287
381.202
382.277
383.387
384.392
385.173
385.636
385.761
330.294
330.71
331.442
332.463
333.671
334.931
336.082
336.989
337.566
337.783
281.567
282.104
282.951
284.143
285.552
287.014
288.375
289.494
290.236
290.467
232.841
233.454
234.548
236.116
237.928
239.759
241.453
242.873
243.864
244.175
184.099
184.801
186.349
188.487
190.873
193.207
195.309
197.05
198.312
198.774
135.266
136.203
138.478
141.364
144.438
147.351
149.892
151.946
153.388
153.826
86.5877
87.6371
91.0714
95.1159
99.1787
102.808
105.883
108.282
109.767
110.059
40.1903
42.1912
46.3994
51.6891
56.5546
60.2526
63.2663
65.3622
66.0515
65.2625
8.2075
10.2542
14.4415
19.1964
22.825
25.2409
27.1947
28.0057
26.9172
24.7203
-0.354225
-0.309614
0.0713876
0.827638
1.67106
2.37854
2.74301
2.7051
2.18072
1.70515
-0.449963
-0.475953
-0.490261
-0.521983
-0.583713
-0.612892
-0.72949
-0.898483
-0.887239
-0.746758
-0.503059
-0.540405
-0.576645
-0.568093
-0.573281
-0.599224
-0.68396
-0.778409
-0.771755
-0.667291
-0.55702
-0.593105
-0.6349
-0.626995
-0.624239
-0.655526
-0.732383
-0.78126
-0.760696
-0.694356
-0.60782
-0.647258
-0.676611
-0.678281
-0.688813
-0.738183
-0.818393
-0.853009
-0.820558
-0.758467
-0.654801
-0.690908
-0.709295
-0.714931
-0.733135
-0.783218
-0.851321
-0.874433
-0.841776
-0.796526
-0.702192
-0.72652
-0.737345
-0.74148
-0.757949
-0.796242
-0.847801
-0.874011
-0.861669
-0.836895
-0.757963
-0.766485
-0.765658
-0.765555
-0.778559
-0.807416
-0.847003
-0.877133
-0.879756
-0.861816
-0.815789
-0.818434
-0.806437
-0.801782
-0.812699
-0.836379
-0.869473
-0.892002
-0.891846
-0.873722
-0.857717
-0.862877
-0.861435
-0.858082
-0.858815
-0.864556
-0.877632
-0.898326
-0.917823
-0.913625
-0.89333
-0.905021
-0.916985
-0.92116
-0.92442
-0.937834
-0.956883
-0.970939
-0.981529
-0.973576
378.677
379.062
379.76
380.669
381.735
382.836
383.839
384.626
385.086
385.119
329.69
330.103
330.822
331.86
333.058
334.299
335.444
336.358
336.926
337.02
280.85
281.362
282.22
283.403
284.811
286.268
287.626
288.736
289.452
289.631
231.936
232.542
233.621
235.166
236.973
238.815
240.532
241.954
242.921
243.196
182.872
183.504
185.052
187.204
189.606
191.971
194.126
195.908
197.174
197.594
133.57
134.351
136.781
139.69
142.759
145.698
148.321
150.466
151.957
152.524
84.3792
85.3388
88.6129
92.5263
96.5622
100.279
103.595
106.34
108.089
108.718
37.2906
39.2251
43.0399
47.9548
52.6993
56.5009
59.9345
62.8161
64.3291
64.4031
6.29003
7.81134
11.0949
15.0139
18.2396
20.4696
22.6911
24.765
25.2101
24.3206
-0.343311
-0.337606
-0.251812
0.0887642
0.476677
0.853817
1.25845
1.57884
1.33053
1.00722
-0.444888
-0.478967
-0.507732
-0.528941
-0.558768
-0.585889
-0.799829
-1.09519
-1.18075
-1.10307
-0.503418
-0.544035
-0.591024
-0.577646
-0.567036
-0.576178
-0.665934
-0.794321
-0.838382
-0.772552
-0.558489
-0.604809
-0.65422
-0.633516
-0.62394
-0.644036
-0.715719
-0.780967
-0.783062
-0.729474
-0.604842
-0.651258
-0.684984
-0.680486
-0.679918
-0.714183
-0.786396
-0.83843
-0.827505
-0.776664
-0.647941
-0.6847
-0.707706
-0.708987
-0.71537
-0.750402
-0.811236
-0.851412
-0.839172
-0.797747
-0.703937
-0.719541
-0.728654
-0.728764
-0.736528
-0.76382
-0.809884
-0.844958
-0.847721
-0.829325
-0.772705
-0.775439
-0.762982
-0.753772
-0.759507
-0.781699
-0.818193
-0.853455
-0.864725
-0.852506
-0.832144
-0.838012
-0.821791
-0.804681
-0.803342
-0.820902
-0.84917
-0.870924
-0.874171
-0.861396
-0.874965
-0.883205
-0.87994
-0.866318
-0.844391
-0.835721
-0.861458
-0.896973
-0.913309
-0.904196
-0.911694
-0.930532
-0.934283
-0.931898
-0.928174
-0.934653
-0.955161
-0.966889
-0.972562
-0.969032
377.646
378.033
378.734
379.655
380.711
381.797
382.789
383.57
384.022
384.046
328.54
328.965
329.724
330.736
331.913
333.133
334.262
335.162
335.71
335.8
279.45
279.94
280.832
282.044
283.442
284.888
286.237
287.328
288.002
288.149
230.219
230.827
231.899
233.42
235.209
237.059
238.784
240.199
241.124
241.357
180.676
181.286
182.797
184.889
187.27
189.674
191.884
193.71
194.95
195.348
130.699
131.378
133.796
136.602
139.672
142.724
145.5
147.794
149.32
149.904
80.7908
81.4689
84.0165
87.7544
91.9755
96.0879
99.8262
102.96
105.016
105.823
33.2689
34.8351
37.8898
41.9483
46.6887
51.1396
55.3269
58.9498
61.4014
62.3563
4.37172
4.93139
6.9682
9.90298
12.7131
15.2367
18.2582
21.2
22.9983
23.4087
-0.352604
-0.356163
-0.387841
-0.341775
-0.179407
0.0106973
0.616826
1.09763
0.686663
0.297474
-0.437701
-0.468511
-0.502822
-0.498902
-0.488317
-0.505317
-0.695746
-1.00397
-1.25199
-1.30245
-0.500888
-0.546971
-0.581304
-0.565455
-0.55939
-0.556415
-0.621902
-0.731816
-0.811791
-0.8063
-0.5529
-0.607621
-0.641691
-0.628471
-0.620349
-0.632874
-0.690053
-0.754298
-0.780193
-0.754704
-0.592558
-0.642711
-0.673659
-0.670502
-0.666502
-0.689872
-0.74814
-0.801008
-0.813928
-0.788136
-0.63989
-0.671926
-0.692919
-0.693906
-0.695534
-0.718458
-0.767016
-0.810078
-0.818819
-0.797026
-0.710791
-0.715897
-0.717628
-0.714896
-0.718053
-0.735581
-0.771746
-0.808064
-0.823026
-0.820027
-0.78637
-0.791358
-0.7699
-0.749619
-0.749034
-0.762963
-0.791983
-0.827062
-0.84568
-0.843549
-0.857486
-0.868719
-0.848792
-0.819875
-0.802846
-0.80323
-0.82268
-0.848264
-0.858042
-0.85585
-0.909028
-0.922391
-0.905341
-0.875876
-0.847783
-0.84121
-0.870697
-0.896909
-0.904465
-0.900251
-0.936624
-0.953546
-0.945942
-0.940661
-0.932145
-0.93741
-0.952187
-0.963436
-0.966285
-0.970959
376.239
376.64
377.364
378.295
379.338
380.404
381.382
382.152
382.592
382.602
326.988
327.427
328.226
329.238
330.39
331.586
332.694
333.579
334.107
334.165
277.54
278.05
279.009
280.247
281.633
283.063
284.399
285.474
286.123
286.221
227.859
228.45
229.544
231.092
232.89
234.744
236.474
237.887
238.779
238.967
177.733
178.393
179.841
181.836
184.188
186.64
188.927
190.809
192.012
192.36
127.016
127.649
129.974
132.681
135.68
138.846
141.811
144.251
145.785
146.287
76.0596
76.6513
78.9244
81.8261
85.9682
90.5279
94.8079
98.3024
100.527
101.315
28.165
29.2897
31.9243
35.4433
39.689
44.7176
49.6108
53.5526
56.3012
57.4626
2.59477
2.63652
3.55153
5.34135
7.90448
11.0137
14.4598
17.0905
19.0473
20.0256
-0.365884
-0.373538
-0.394357
-0.373224
-0.39092
-0.175975
0.686425
0.536273
0.258381
0.0616695
-0.431681
-0.462171
-0.48248
-0.465549
-0.444549
-0.453629
-0.554927
-0.703497
-0.874801
-0.963891
-0.491417
-0.5383
-0.558874
-0.55092
-0.541765
-0.543204
-0.576435
-0.635619
-0.695839
-0.721064
-0.536738
-0.591008
-0.617306
-0.616683
-0.610303
-0.618806
-0.658106
-0.706557
-0.740977
-0.745023
-0.573507
-0.62132
-0.649629
-0.652457
-0.649603
-0.666298
-0.709648
-0.754059
-0.77917
-0.777945
-0.629478
-0.656525
-0.674041
-0.676018
-0.676518
-0.692381
-0.728792
-0.768032
-0.788914
-0.787962
-0.710781
-0.716745
-0.709738
-0.706049
-0.707041
-0.718272
-0.744694
-0.777077
-0.798669
-0.806361
-0.797641
-0.808678
-0.786196
-0.755603
-0.74947
-0.756156
-0.776463
-0.804369
-0.825026
-0.834682
-0.875338
-0.889802
-0.867538
-0.830866
-0.806161
-0.797129
-0.814131
-0.835779
-0.847757
-0.855885
-0.930057
-0.94263
-0.912418
-0.877939
-0.855926
-0.854279
-0.873113
-0.890647
-0.894716
-0.901154
-0.952205
-0.962897
-0.95197
-0.943245
-0.930819
-0.935763
-0.948014
-0.956579
-0.960676
-0.979266
374.609
375.044
375.828
376.759
377.778
378.821
379.781
380.537
380.961
380.948
325.178
325.66
326.558
327.586
328.689
329.842
330.928
331.796
332.3
332.321
275.314
275.861
276.941
278.253
279.621
281.016
282.338
283.41
284.042
284.089
224.995
225.577
226.763
228.458
230.302
232.165
233.916
235.348
236.221
236.352
174.175
174.895
176.337
178.373
180.764
183.268
185.653
187.633
188.847
189.128
122.65
123.273
125.378
128.149
131.33
134.603
137.753
140.372
141.953
142.344
70.566
70.9217
73.4368
76.1844
79.7317
84.2138
88.9596
93.0552
95.6212
96.3184
23.0339
23.3887
25.7427
28.7112
32.9844
38.1319
43.0484
47.6498
50.8362
51.7648
1.15849
1.08189
1.54309
2.37733
3.95483
6.85963
10.1431
13.1544
15.3012
15.8307
-0.363274
-0.371784
-0.378748
-0.345475
-0.362292
-0.0465921
0.24058
-0.110791
-0.140555
-0.20217
-0.419561
-0.449267
-0.463863
-0.444884
-0.414649
-0.436194
-0.465548
-0.50979
-0.585867
-0.637502
-0.474457
-0.518748
-0.534723
-0.539046
-0.515764
-0.529355
-0.537067
-0.562519
-0.59571
-0.620674
-0.514118
-0.563962
-0.590293
-0.601838
-0.592978
-0.602119
-0.621981
-0.651835
-0.681141
-0.699429
-0.552773
-0.594886
-0.621867
-0.63057
-0.630482
-0.644598
-0.673775
-0.706944
-0.733217
-0.745299
-0.617934
-0.641436
-0.65748
-0.65978
-0.661025
-0.674638
-0.70173
-0.733239
-0.756635
-0.767348
-0.703123
-0.714761
-0.707131
-0.701603
-0.701694
-0.709879
-0.729157
-0.755874
-0.778134
-0.793498
-0.792726
-0.809775
-0.789765
-0.762992
-0.753399
-0.75519
-0.767258
-0.787473
-0.808525
-0.827249
-0.873859
-0.893769
-0.874066
-0.839746
-0.816854
-0.807012
-0.813615
-0.827019
-0.841489
-0.858718
-0.929398
-0.942353
-0.909917
-0.881827
-0.868863
-0.867615
-0.874499
-0.883299
-0.888429
-0.90442
-0.951464
-0.960253
-0.94761
-0.935909
-0.922504
-0.925898
-0.936224
-0.944136
-0.952491
-0.98568
372.915
373.426
374.331
375.247
376.198
377.198
378.142
378.883
379.289
379.254
323.272
323.867
324.95
325.994
327.009
328.085
329.136
329.987
330.47
330.462
272.918
273.555
274.848
276.3
277.612
278.953
280.256
281.33
281.956
281.98
221.876
222.47
223.833
225.765
227.663
229.549
231.345
232.82
233.699
233.805
170.245
170.903
172.355
174.687
177.281
179.89
182.387
184.492
185.779
186.056
117.713
118.272
120.084
122.932
126.478
130.235
133.79
136.629
138.34
138.669
64.4572
64.3783
66.7405
70.0187
74.1047
78.6246
83.0897
87.8581
91.0566
91.7608
18.4992
17.824
19.7223
22.3792
26.24
31.6949
37.2904
42.2708
46.3169
47.1857
0.0491873
0.0307836
0.234328
0.791857
1.63938
3.51407
6.3348
10.1357
13.5717
13.7558
-0.341252
-0.340888
-0.355123
-0.320804
-0.266356
-0.256927
-0.204149
-0.345196
-0.331634
-0.326389
-0.398259
-0.425833
-0.443609
-0.430227
-0.388733
-0.422613
-0.431368
-0.450669
-0.492625
-0.524697
-0.452233
-0.492158
-0.515126
-0.521242
-0.494134
-0.505141
-0.510194
-0.524924
-0.545456
-0.564487
-0.492095
-0.5346
-0.56197
-0.574935
-0.569039
-0.577379
-0.588916
-0.607145
-0.628131
-0.647151
-0.537643
-0.569659
-0.593055
-0.603755
-0.6107
-0.62475
-0.645089
-0.667101
-0.687585
-0.703764
-0.605628
-0.625731
-0.637001
-0.64232
-0.647862
-0.663128
-0.684764
-0.707508
-0.726941
-0.741925
-0.683593
-0.704433
-0.699569
-0.693759
-0.696261
-0.705037
-0.721333
-0.742168
-0.762054
-0.781106
-0.771646
-0.792145
-0.779318
-0.75948
-0.751572
-0.752016
-0.760362
-0.77668
-0.798178
-0.822402
-0.856592
-0.881085
-0.861682
-0.83781
-0.822791
-0.814169
-0.811343
-0.818944
-0.837019
-0.862965
-0.915098
-0.931575
-0.904973
-0.88579
-0.879115
-0.878087
-0.878094
-0.883399
-0.89251
-0.913401
-0.938784
-0.951445
-0.940353
-0.930487
-0.918911
-0.919852
-0.922858
-0.930534
-0.947031
-0.985461
371.307
371.957
372.997
373.873
374.728
375.673
376.6
377.34
377.738
377.693
321.449
322.17
323.413
324.521
325.436
326.446
327.475
328.311
328.786
328.764
270.591
271.338
272.8
274.338
275.633
276.971
278.303
279.404
280.029
280.059
218.877
219.406
220.953
222.959
224.947
226.988
228.931
230.473
231.383
231.492
166.233
166.708
168.265
170.788
173.686
176.663
179.394
181.609
182.954
183.191
112.306
112.781
114.544
117.632
121.652
125.967
129.984
133.28
135.02
135.255
57.2091
56.6401
59.0059
63.1282
68.2883
73.8655
78.8934
83.1697
86.66
87.3498
13.8135
11.9516
13.3838
16.4583
20.3705
25.5477
31.9722
37.9457
41.7845
42.764
-0.174567
-0.171133
-0.165124
-0.137008
0.485062
1.53079
3.55954
7.30245
11.5774
12.071
-0.285642
-0.30003
-0.313417
-0.301461
-0.249901
-0.256122
-0.321586
-0.398761
-0.441343
-0.410522
-0.365582
-0.395041
-0.421784
-0.425773
-0.389631
-0.39496
-0.421177
-0.452134
-0.477449
-0.492371
-0.429833
-0.46723
-0.498945
-0.51118
-0.50052
-0.495029
-0.503425
-0.514517
-0.529354
-0.537996
-0.477894
-0.510362
-0.540957
-0.55398
-0.559665
-0.566839
-0.573114
-0.582558
-0.593671
-0.605422
-0.527218
-0.550261
-0.568242
-0.582005
-0.597083
-0.615178
-0.630855
-0.642251
-0.652244
-0.666293
-0.588699
-0.607992
-0.616887
-0.625692
-0.636571
-0.655567
-0.676231
-0.693175
-0.705562
-0.719346
-0.663525
-0.684741
-0.681629
-0.681477
-0.687551
-0.699932
-0.717401
-0.737649
-0.754841
-0.771215
-0.7521
-0.77526
-0.756316
-0.748182
-0.743457
-0.748375
-0.758832
-0.776556
-0.798112
-0.821035
-0.837737
-0.861449
-0.837305
-0.82616
-0.819059
-0.814955
-0.814324
-0.823008
-0.842079
-0.869207
-0.892185
-0.910615
-0.891884
-0.884415
-0.88212
-0.884837
-0.88745
-0.893298
-0.906413
-0.92911
-0.916865
-0.935241
-0.931199
-0.927333
-0.922546
-0.925971
-0.930068
-0.939247
-0.957553
-0.99108
369.963
370.64
371.665
372.549
373.381
374.329
375.275
376.029
376.435
376.392
319.899
320.658
321.758
322.895
323.914
324.974
326.044
326.913
327.393
327.374
268.817
269.544
270.814
272.154
273.608
275.155
276.606
277.759
278.415
278.468
216.665
217.074
218.492
220.222
222.361
224.709
226.857
228.522
229.453
229.565
162.753
163.153
164.823
167.342
170.54
173.904
176.92
179.203
180.519
180.76
106.882
107.49
109.668
113.122
117.683
122.476
126.789
130.218
132.138
132.488
49.8203
49.0873
51.7689
56.4104
62.9176
69.6652
75.7026
80.3342
83.1422
83.1202
9.62572
7.92442
9.21974
11.5298
15.2949
21.1628
27.8506
34.4234
38.5734
39.0585
-0.201075
-0.198283
-0.200677
-0.214339
-0.147959
0.76801
2.51303
5.304
8.94721
9.78179
-0.274885
-0.284103
-0.295802
-0.298387
-0.269038
-0.263962
-0.323335
-0.415746
-0.45801
-0.412409
-0.348325
-0.367579
-0.394081
-0.402737
-0.398431
-0.395788
-0.422312
-0.453414
-0.471751
-0.472447
-0.415149
-0.440504
-0.472395
-0.48763
-0.496106
-0.50134
-0.508509
-0.516539
-0.520149
-0.518009
-0.467603
-0.491056
-0.516124
-0.533661
-0.554054
-0.571726
-0.579417
-0.574835
-0.572514
-0.57436
-0.515418
-0.538031
-0.552284
-0.567365
-0.588371
-0.616679
-0.637261
-0.638812
-0.634645
-0.639712
-0.576922
-0.596905
-0.600217
-0.611419
-0.627245
-0.652297
-0.680475
-0.698276
-0.702314
-0.707706
-0.654546
-0.671655
-0.661532
-0.666791
-0.677345
-0.695119
-0.719486
-0.746173
-0.762577
-0.770907
-0.739696
-0.756737
-0.731144
-0.731429
-0.734442
-0.744504
-0.762648
-0.78654
-0.808369
-0.823114
-0.814264
-0.829036
-0.808025
-0.807721
-0.804598
-0.807208
-0.815545
-0.83073
-0.850262
-0.870566
-0.857829
-0.875911
-0.869625
-0.871317
-0.874
-0.882269
-0.889588
-0.898838
-0.914683
-0.936063
-0.89053
-0.910494
-0.913295
-0.917113
-0.919916
-0.929429
-0.943267
-0.956609
-0.97495
-0.998471
368.929
369.547
370.304
371.183
372.175
373.254
374.27
375.061
375.487
375.453
318.862
319.52
320.315
321.342
322.535
323.77
324.95
325.873
326.381
326.376
267.839
268.459
269.231
270.392
272.041
273.763
275.339
276.57
277.302
277.389
215.503
215.916
216.815
218.297
220.611
223.125
225.39
227.132
228.091
228.201
160.541
160.674
162.526
165.056
168.523
172.079
175.19
177.498
178.706
178.971
101.852
101.711
105.618
109.861
115.145
120.241
124.626
127.907
129.703
130.048
40.0613
38.9463
44.8829
50.9292
59.2048
66.9057
73.3026
78.2047
80.959
81.0712
4.81259
4.35606
6.11447
8.49949
12.5291
18.6524
25.4194
31.8848
36.1072
36.5521
-0.19212
-0.187465
-0.18062
-0.181745
-0.159124
0.192573
2.05814
4.65707
7.27882
7.8419
-0.271628
-0.273791
-0.275826
-0.283816
-0.282855
-0.323824
-0.359039
-0.395061
-0.404486
-0.403778
-0.343065
-0.351058
-0.362534
-0.37587
-0.389397
-0.417134
-0.433705
-0.445213
-0.450535
-0.45086
-0.406919
-0.420617
-0.438102
-0.456526
-0.474502
-0.497042
-0.509606
-0.503584
-0.504887
-0.501725
-0.464191
-0.476323
-0.491515
-0.511983
-0.534871
-0.565686
-0.582958
-0.565808
-0.559653
-0.558832
-0.517719
-0.529896
-0.536691
-0.5533
-0.575293
-0.611347
-0.640053
-0.636108
-0.625285
-0.6259
-0.580312
-0.589227
-0.586566
-0.599556
-0.615989
-0.645716
-0.680854
-0.699841
-0.694142
-0.697722
-0.651213
-0.653967
-0.643553
-0.653236
-0.664736
-0.686246
-0.716839
-0.746264
-0.75903
-0.763872
-0.722946
-0.724949
-0.710349
-0.714161
-0.718734
-0.733704
-0.757804
-0.786073
-0.806856
-0.815107
-0.779266
-0.790358
-0.783104
-0.78404
-0.783647
-0.791517
-0.80507
-0.824673
-0.843807
-0.856195
-0.822858
-0.839172
-0.840551
-0.848585
-0.854811
-0.863856
-0.873843
-0.886684
-0.901443
-0.915018
-0.875202
-0.887885
-0.890947
-0.899815
-0.910093
-0.922024
-0.938003
-0.954207
-0.970064
-0.984933
368.346
368.783
369.504
370.426
371.521
372.671
373.726
374.539
374.979
374.949
318.238
318.709
319.41
320.48
321.759
323.127
324.36
325.309
325.84
325.863
267.044
267.625
268.281
269.462
271.164
273.02
274.66
275.929
276.701
276.78
214.481
215.044
215.947
217.44
219.727
222.284
224.595
226.35
227.399
227.593
159.632
159.814
161.583
164.12
167.521
171.057
174.196
176.592
178.049
178.38
100.6
100.561
104.524
108.715
114.015
119.074
123.501
126.844
128.836
129.208
38.6064
38.6205
44.1118
50.3768
59.0673
66.4081
72.5959
77.2705
80.0394
80.3494
4.45749
4.20672
6.38619
9.33833
13.9148
20.0612
25.9252
31.3071
34.8626
35.0228
-0.190467
-0.181408
-0.177203
-0.184553
-0.136041
0.235525
2.18726
4.90772
7.01852
6.66635
-0.265776
-0.262888
-0.266969
-0.279618
-0.291204
-0.363543
-0.371284
-0.381955
-0.387043
-0.388424
-0.334865
-0.33548
-0.3442
-0.363014
-0.383788
-0.416508
-0.427835
-0.435358
-0.444319
-0.443479
-0.399504
-0.402462
-0.414174
-0.439083
-0.4582
-0.481385
-0.491578
-0.487437
-0.500137
-0.50264
-0.459015
-0.461612
-0.47349
-0.49603
-0.514233
-0.541875
-0.556556
-0.550629
-0.556234
-0.561765
-0.514723
-0.512548
-0.523302
-0.540596
-0.556096
-0.58621
-0.612828
-0.618798
-0.615729
-0.618617
-0.572547
-0.567043
-0.573668
-0.58619
-0.59803
-0.623434
-0.655007
-0.675292
-0.679378
-0.683949
-0.633657
-0.627611
-0.628783
-0.637035
-0.645642
-0.664395
-0.693409
-0.720732
-0.737329
-0.745844
-0.69519
-0.694158
-0.692257
-0.694663
-0.698899
-0.711566
-0.734187
-0.75956
-0.781932
-0.793858
-0.752897
-0.756689
-0.756428
-0.758335
-0.760646
-0.76802
-0.781606
-0.798705
-0.820847
-0.83504
-0.813574
-0.816197
-0.813294
-0.817018
-0.826628
-0.836473
-0.847812
-0.861575
-0.875783
-0.888311
-0.879879
-0.881341
-0.874989
-0.878743
-0.8897
-0.9023
-0.917133
-0.93186
-0.945544
-0.954276
-0.983604
-0.985854
-0.990494
-0.995639
-1.00395
-1.01732
-1.02381
-1.02147
-1.00811
-0.983848
-1.03622
-1.03795
-1.03796
-1.04544
-1.05573
-1.06668
-1.07025
-1.06211
-1.04387
-1.02051
-1.08775
-1.08913
-1.08387
-1.09436
-1.10544
-1.11063
-1.10697
-1.09493
-1.07496
-1.05369
-1.13852
-1.13861
-1.13354
-1.14374
-1.15399
-1.15491
-1.14429
-1.12669
-1.10639
-1.08728
-1.18939
-1.18939
-1.18814
-1.19465
-1.20357
-1.20567
-1.19827
-1.1793
-1.15244
-1.131
-1.24092
-1.24075
-1.2438
-1.25016
-1.25815
-1.25806
-1.25123
-1.24272
-1.22349
-1.19495
-1.29111
-1.28977
-1.29492
-1.3035
-1.31392
-1.31231
-1.29589
-1.29353
-1.28982
-1.26929
-1.33971
-1.33811
-1.34227
-1.35191
-1.36048
-1.36143
-1.34325
-1.33625
-1.33644
-1.32997
-1.38903
-1.3885
-1.38995
-1.39555
-1.40256
-1.40381
-1.39538
-1.38461
-1.38423
-1.38154
-1.44031
-1.44151
-1.44071
-1.44194
-1.44698
-1.44923
-1.44708
-1.44134
-1.4433
-1.43992
-1.49219
-1.49372
-1.49255
-1.49288
-1.49476
-1.49733
-1.49969
-1.49997
-1.50103
-1.50329
-1.54353
-1.54416
-1.5434
-1.5428
-1.54411
-1.5455
-1.55182
-1.55497
-1.5567
-1.55747
-1.59364
-1.59367
-1.5929
-1.59334
-1.59397
-1.59473
-1.59821
-1.60405
-1.60446
-1.60185
-1.64405
-1.64445
-1.64532
-1.64717
-1.64635
-1.64585
-1.64576
-1.65024
-1.65236
-1.65085
-1.6956
-1.69832
-1.69989
-1.69917
-1.69958
-1.70016
-1.69826
-1.70031
-1.70474
-1.70557
-1.74661
-1.74887
-1.75056
-1.75047
-1.75196
-1.7525
-1.75252
-1.75271
-1.75438
-1.75568
-1.79681
-1.79801
-1.79955
-1.80012
-1.8013
-1.80193
-1.80273
-1.80368
-1.8032
-1.80047
-1.84656
-1.84711
-1.8482
-1.84867
-1.8491
-1.84941
-1.84991
-1.85006
-1.84877
-1.84653
-1.89586
-1.89603
-1.89668
-1.89704
-1.89715
-1.89704
-1.89673
-1.89597
-1.89353
-1.89068
-1.94473
-1.94478
-1.94507
-1.9453
-1.94532
-1.94501
-1.94428
-1.94301
-1.94057
-1.93837
-0.981908
-0.988307
-0.991721
-0.99843
-1.01374
-1.03496
-1.04398
-1.03847
-1.02085
-0.995043
-1.03728
-1.04204
-1.04162
-1.0508
-1.07012
-1.08601
-1.08565
-1.07584
-1.05538
-1.02879
-1.0912
-1.09455
-1.08681
-1.10254
-1.12137
-1.12793
-1.12256
-1.11029
-1.08811
-1.06255
-1.1424
-1.14379
-1.13306
-1.15282
-1.16922
-1.17302
-1.16598
-1.14912
-1.12599
-1.10115
-1.19221
-1.19034
-1.18335
-1.1992
-1.2143
-1.223
-1.22314
-1.2117
-1.18045
-1.15074
-1.24155
-1.2364
-1.23491
-1.24683
-1.2588
-1.26629
-1.27525
-1.28309
-1.26284
-1.22245
-1.29019
-1.28337
-1.28648
-1.29942
-1.31277
-1.31173
-1.30504
-1.32354
-1.33638
-1.31054
-1.33771
-1.33351
-1.33711
-1.35026
-1.36678
-1.36554
-1.34851
-1.34889
-1.37422
-1.38427
-1.38705
-1.38785
-1.39072
-1.40098
-1.41518
-1.41591
-1.4016
-1.38993
-1.40428
-1.42368
-1.43886
-1.44462
-1.44885
-1.45489
-1.46134
-1.46154
-1.45374
-1.44429
-1.44934
-1.46018
-1.49218
-1.49893
-1.5026
-1.50388
-1.50274
-1.50304
-1.50663
-1.50495
-1.50582
-1.51071
-1.54444
-1.54624
-1.5468
-1.54531
-1.54087
-1.54562
-1.55867
-1.56309
-1.56292
-1.56262
-1.59423
-1.59236
-1.59084
-1.59062
-1.58932
-1.59404
-1.60462
-1.61038
-1.61026
-1.60545
-1.64454
-1.64296
-1.64355
-1.64639
-1.64374
-1.64113
-1.64539
-1.65203
-1.65682
-1.65397
-1.69628
-1.699
-1.70072
-1.70016
-1.69835
-1.694
-1.69604
-1.70221
-1.71009
-1.71159
-1.74745
-1.75136
-1.75282
-1.75205
-1.75224
-1.74861
-1.75002
-1.75526
-1.76132
-1.76294
-1.79727
-1.79906
-1.80075
-1.80142
-1.80268
-1.80191
-1.8028
-1.80572
-1.81015
-1.8093
-1.84682
-1.84742
-1.84869
-1.84944
-1.85016
-1.85009
-1.85095
-1.85245
-1.85321
-1.85107
-1.89625
-1.89629
-1.89706
-1.89755
-1.8979
-1.8975
-1.89718
-1.89665
-1.89547
-1.89372
-1.94503
-1.94505
-1.94537
-1.94573
-1.94595
-1.9455
-1.94448
-1.94306
-1.94116
-1.93947
-0.983492
-0.987925
-0.99059
-0.998383
-1.02063
-1.038
-1.04439
-1.042
-1.03014
-1.00555
-1.03997
-1.04387
-1.04374
-1.05345
-1.07708
-1.08879
-1.09035
-1.08529
-1.06888
-1.04222
-1.09502
-1.09822
-1.09048
-1.10778
-1.12668
-1.13305
-1.13274
-1.12734
-1.10923
-1.08061
-1.14747
-1.14927
-1.13648
-1.15747
-1.17201
-1.17815
-1.17788
-1.16978
-1.15026
-1.12456
-1.19628
-1.19452
-1.18459
-1.20304
-1.21972
-1.23239
-1.23779
-1.22913
-1.20556
-1.17772
-1.24137
-1.23592
-1.23152
-1.24472
-1.25881
-1.27002
-1.2839
-1.29315
-1.27739
-1.24757
-1.2833
-1.27868
-1.27845
-1.28692
-1.29768
-1.30105
-1.30378
-1.32891
-1.3477
-1.33334
-1.32777
-1.3277
-1.3278
-1.33307
-1.34448
-1.34735
-1.34224
-1.35543
-1.40045
-1.41912
-1.38013
-1.38729
-1.39166
-1.39693
-1.40394
-1.40771
-1.40272
-1.40423
-1.43557
-1.47562
-1.43894
-1.45151
-1.45902
-1.46429
-1.4699
-1.46934
-1.46318
-1.45534
-1.46927
-1.50107
-1.49538
-1.50951
-1.51964
-1.52283
-1.52173
-1.51431
-1.51212
-1.51082
-1.51658
-1.52887
-1.54602
-1.55505
-1.56046
-1.56094
-1.55598
-1.55236
-1.55893
-1.56476
-1.56842
-1.56888
-1.59516
-1.59684
-1.59669
-1.59931
-1.59525
-1.59398
-1.59936
-1.60808
-1.61204
-1.60652
-1.64568
-1.64429
-1.64269
-1.64861
-1.64679
-1.64176
-1.64013
-1.64869
-1.65796
-1.65734
-1.69634
-1.69761
-1.69883
-1.70183
-1.70066
-1.69436
-1.69358
-1.70223
-1.71572
-1.72076
-1.7477
-1.75272
-1.75276
-1.75263
-1.75284
-1.74976
-1.74913
-1.75517
-1.76656
-1.77027
-1.79805
-1.80104
-1.80154
-1.80198
-1.80396
-1.80391
-1.8037
-1.80569
-1.81129
-1.81005
-1.84739
-1.84814
-1.84841
-1.84954
-1.85043
-1.85084
-1.85161
-1.8522
-1.85342
-1.8509
-1.8964
-1.89694
-1.89688
-1.89732
-1.89768
-1.89776
-1.89767
-1.89718
-1.89596
-1.89484
-1.94573
-1.94667
-1.94664
-1.94616
-1.94578
-1.94562
-1.94495
-1.94393
-1.94293
-1.94154
-0.991203
-1.00271
-1.00101
-1.00424
-1.02703
-1.04376
-1.05289
-1.05443
-1.04173
-1.01911
-1.0467
-1.05681
-1.05302
-1.05692
-1.08102
-1.09427
-1.10022
-1.1019
-1.08811
-1.06203
-1.1005
-1.10895
-1.10026
-1.10769
-1.12602
-1.1339
-1.14072
-1.14616
-1.13327
-1.10737
-1.15124
-1.15756
-1.14306
-1.15222
-1.16908
-1.17735
-1.18455
-1.18825
-1.17631
-1.15404
-1.19774
-1.20007
-1.18929
-1.20144
-1.21828
-1.2298
-1.23636
-1.23601
-1.22234
-1.20368
-1.24048
-1.23952
-1.23422
-1.24588
-1.26284
-1.27061
-1.27285
-1.2752
-1.27159
-1.26061
-1.28196
-1.28238
-1.28066
-1.28952
-1.30104
-1.30134
-1.29681
-1.30274
-1.325
-1.33366
-1.32932
-1.3381
-1.33935
-1.34508
-1.35157
-1.34331
-1.33189
-1.34142
-1.38411
-1.4213
-1.38707
-1.40608
-1.41699
-1.41515
-1.40907
-1.39722
-1.3874
-1.40303
-1.45042
-1.50311
-1.44796
-1.47155
-1.48837
-1.489
-1.48139
-1.4699
-1.4622
-1.46848
-1.49565
-1.53687
-1.50022
-1.52524
-1.54096
-1.54378
-1.5419
-1.53129
-1.51906
-1.51779
-1.53054
-1.54969
-1.5473
-1.56537
-1.57602
-1.57535
-1.57525
-1.56744
-1.56181
-1.56335
-1.57165
-1.57536
-1.59683
-1.60303
-1.6059
-1.6092
-1.60813
-1.60492
-1.59984
-1.60369
-1.61091
-1.60865
-1.6478
-1.64689
-1.64777
-1.6538
-1.65321
-1.65134
-1.64315
-1.64334
-1.65466
-1.66203
-1.69695
-1.69727
-1.69981
-1.70417
-1.70171
-1.69954
-1.69582
-1.70021
-1.71501
-1.72898
-1.74787
-1.75194
-1.75354
-1.75357
-1.75206
-1.74957
-1.75052
-1.75342
-1.76193
-1.7718
-1.79932
-1.8034
-1.8059
-1.80379
-1.80619
-1.80476
-1.80393
-1.8044
-1.80647
-1.80773
-1.849
-1.8516
-1.85462
-1.85205
-1.85181
-1.85176
-1.85184
-1.85193
-1.85218
-1.84897
-1.89926
-1.90054
-1.90175
-1.89938
-1.89828
-1.89843
-1.89852
-1.8978
-1.89594
-1.89351
-1.9474
-1.94853
-1.94797
-1.94634
-1.94538
-1.94548
-1.94551
-1.94476
-1.94381
-1.94231
-0.990705
-1.00768
-1.00389
-1.00714
-1.02245
-1.04214
-1.05513
-1.06003
-1.0501
-1.03317
-1.04592
-1.05899
-1.05387
-1.05715
-1.07772
-1.09576
-1.10728
-1.11279
-1.10492
-1.08383
-1.09857
-1.10834
-1.10104
-1.10195
-1.12264
-1.13784
-1.14965
-1.15888
-1.15126
-1.12935
-1.1469
-1.15462
-1.14544
-1.14745
-1.16892
-1.18322
-1.19592
-1.20333
-1.19411
-1.17511
-1.19252
-1.19891
-1.19425
-1.20438
-1.228
-1.24127
-1.25041
-1.24982
-1.23805
-1.22389
-1.23734
-1.24377
-1.24519
-1.26285
-1.28395
-1.29276
-1.2898
-1.28239
-1.2784
-1.27727
-1.28401
-1.29487
-1.3022
-1.31908
-1.33613
-1.3354
-1.31799
-1.30741
-1.32008
-1.34226
-1.33931
-1.36222
-1.37373
-1.3845
-1.38735
-1.37568
-1.34564
-1.34526
-1.38667
-1.43305
-1.40105
-1.42822
-1.44232
-1.44509
-1.43833
-1.41713
-1.39787
-1.4109
-1.45956
-1.51131
-1.45899
-1.48689
-1.50414
-1.50705
-1.49781
-1.47758
-1.47081
-1.48471
-1.51528
-1.54841
-1.50426
-1.53424
-1.54956
-1.55079
-1.55212
-1.5504
-1.52765
-1.5268
-1.54179
-1.56066
-1.54768
-1.56776
-1.57769
-1.57769
-1.58186
-1.58211
-1.56761
-1.56508
-1.57453
-1.58152
-1.59634
-1.60467
-1.60889
-1.60645
-1.60569
-1.61139
-1.60554
-1.60126
-1.6087
-1.6126
-1.64927
-1.64959
-1.65108
-1.65278
-1.64755
-1.64839
-1.64586
-1.64104
-1.64734
-1.66051
-1.70011
-1.69888
-1.70219
-1.70227
-1.6972
-1.6987
-1.69827
-1.6964
-1.70497
-1.72409
-1.75085
-1.75196
-1.75431
-1.75482
-1.75257
-1.7507
-1.75007
-1.75178
-1.7572
-1.76505
-1.80199
-1.80425
-1.80802
-1.80668
-1.80699
-1.80247
-1.80257
-1.80384
-1.8081
-1.80929
-1.85115
-1.8534
-1.8578
-1.85449
-1.85275
-1.85122
-1.85101
-1.85149
-1.85343
-1.85289
-1.89997
-1.9015
-1.9034
-1.89996
-1.89811
-1.89828
-1.89884
-1.89821
-1.89537
-1.89224
-1.94752
-1.94835
-1.9487
-1.94631
-1.94464
-1.94451
-1.94497
-1.94459
-1.94363
-1.94256
-0.979691
-0.993995
-0.995945
-0.999693
-1.01024
-1.02836
-1.04557
-1.05259
-1.05254
-1.04359
-1.03368
-1.04488
-1.04631
-1.05061
-1.06832
-1.0883
-1.10442
-1.11185
-1.10902
-1.09365
-1.08757
-1.09522
-1.094
-1.09908
-1.12056
-1.141
-1.15578
-1.16428
-1.15714
-1.13978
-1.13683
-1.14489
-1.14382
-1.15016
-1.17187
-1.19385
-1.20771
-1.21189
-1.20115
-1.18443
-1.1857
-1.19614
-1.20083
-1.21316
-1.24312
-1.26293
-1.26821
-1.26043
-1.24457
-1.23027
-1.23548
-1.24907
-1.26109
-1.28757
-1.31339
-1.32776
-1.31862
-1.30002
-1.28555
-1.28167
-1.28797
-1.30856
-1.32821
-1.35434
-1.36889
-1.37445
-1.35257
-1.33187
-1.33028
-1.34641
-1.34733
-1.37755
-1.39441
-1.40502
-1.41
-1.40604
-1.38361
-1.37183
-1.40115
-1.44252
-1.40746
-1.43523
-1.45478
-1.46125
-1.45806
-1.44163
-1.42704
-1.44375
-1.48255
-1.51529
-1.46028
-1.48654
-1.50579
-1.51455
-1.51051
-1.49019
-1.47224
-1.49721
-1.53027
-1.5462
-1.50377
-1.52774
-1.53821
-1.54399
-1.54853
-1.54922
-1.53684
-1.53081
-1.54471
-1.55529
-1.54671
-1.5597
-1.56372
-1.5661
-1.57999
-1.58249
-1.56921
-1.56558
-1.57419
-1.5802
-1.5966
-1.59989
-1.6006
-1.59629
-1.60521
-1.60875
-1.60717
-1.6018
-1.60564
-1.61203
-1.65075
-1.64999
-1.64657
-1.64517
-1.64415
-1.64482
-1.6488
-1.64314
-1.64386
-1.65219
-1.70258
-1.70054
-1.69989
-1.69638
-1.69337
-1.69431
-1.69554
-1.69396
-1.69781
-1.70941
-1.7525
-1.75331
-1.75825
-1.75492
-1.75255
-1.7497
-1.74749
-1.74579
-1.74956
-1.75901
-1.80247
-1.8047
-1.81463
-1.81219
-1.80721
-1.80231
-1.80027
-1.79924
-1.80421
-1.81221
-1.85136
-1.85414
-1.86212
-1.85977
-1.85421
-1.85122
-1.85062
-1.84894
-1.84884
-1.85559
-1.90002
-1.90173
-1.90475
-1.90475
-1.89928
-1.89761
-1.89781
-1.89646
-1.89431
-1.89312
-1.9475
-1.94772
-1.94772
-1.9482
-1.94504
-1.94317
-1.94323
-1.94265
-1.943
-1.94524
-0.965274
-0.979465
-0.985358
-0.992334
-1.00358
-1.02107
-1.03852
-1.04833
-1.05061
-1.04586
-1.01787
-1.03025
-1.03547
-1.04398
-1.06058
-1.08237
-1.10255
-1.1108
-1.10635
-1.09764
-1.07149
-1.08091
-1.08447
-1.09504
-1.11692
-1.14034
-1.15918
-1.16456
-1.15506
-1.14279
-1.12618
-1.13443
-1.13804
-1.15062
-1.17211
-1.1953
-1.21029
-1.21085
-1.19727
-1.18181
-1.18046
-1.19233
-1.20135
-1.21664
-1.24244
-1.26342
-1.2676
-1.25622
-1.23625
-1.21945
-1.23434
-1.25097
-1.26547
-1.29409
-1.3187
-1.33084
-1.32072
-1.29685
-1.27431
-1.26246
-1.2884
-1.31168
-1.33453
-1.36177
-1.37345
-1.37782
-1.35805
-1.33106
-1.31651
-1.32071
-1.34606
-1.37604
-1.39915
-1.41129
-1.41327
-1.40851
-1.38739
-1.37197
-1.38109
-1.40326
-1.40226
-1.42876
-1.45543
-1.46561
-1.45851
-1.44112
-1.42044
-1.43748
-1.47036
-1.48241
-1.4526
-1.4712
-1.49702
-1.51414
-1.50722
-1.47916
-1.46418
-1.47874
-1.50613
-1.51116
-1.49719
-1.50952
-1.52309
-1.5376
-1.53176
-1.51657
-1.52103
-1.52135
-1.52932
-1.53324
-1.54219
-1.545
-1.54494
-1.55528
-1.56415
-1.56312
-1.55585
-1.55796
-1.5643
-1.5692
-1.59432
-1.59121
-1.5856
-1.59173
-1.5948
-1.59142
-1.59341
-1.5948
-1.59708
-1.60335
-1.64882
-1.64512
-1.64309
-1.64447
-1.64176
-1.63592
-1.63696
-1.63518
-1.63296
-1.63711
-1.70091
-1.69875
-1.70127
-1.70014
-1.69809
-1.69524
-1.69028
-1.6839
-1.68203
-1.68841
-1.75034
-1.75308
-1.76438
-1.75902
-1.75632
-1.75121
-1.74662
-1.74164
-1.74153
-1.74721
-1.80045
-1.80496
-1.82057
-1.81906
-1.80986
-1.80389
-1.80036
-1.79716
-1.79891
-1.80767
-1.85084
-1.85512
-1.86567
-1.86711
-1.8575
-1.85223
-1.85019
-1.84784
-1.84693
-1.85429
-1.90014
-1.90223
-1.90648
-1.90906
-1.90179
-1.89763
-1.89658
-1.89526
-1.89464
-1.89576
-1.94762
-1.94767
-1.94794
-1.94886
-1.94546
-1.94258
-1.94198
-1.94159
-1.94364
-1.9473
-0.952454
-0.968155
-0.981716
-0.996001
-1.01149
-1.02644
-1.03667
-1.04193
-1.04594
-1.04853
-1.00492
-1.01649
-1.02712
-1.04293
-1.06675
-1.08952
-1.10001
-1.10338
-1.10415
-1.10408
-1.05951
-1.06813
-1.07495
-1.09117
-1.11835
-1.14504
-1.1572
-1.15761
-1.15268
-1.14667
-1.11503
-1.12257
-1.12896
-1.14583
-1.17024
-1.19475
-1.20546
-1.20137
-1.18912
-1.17714
-1.17343
-1.18085
-1.19042
-1.20838
-1.23261
-1.25154
-1.25397
-1.24061
-1.22103
-1.20601
-1.2284
-1.24135
-1.25636
-1.28184
-1.30407
-1.31282
-1.30171
-1.27814
-1.25519
-1.24231
-1.28188
-1.30102
-1.32237
-1.35058
-1.36209
-1.3601
-1.33973
-1.31201
-1.29318
-1.29152
-1.33649
-1.35864
-1.38862
-1.40299
-1.40403
-1.3929
-1.36869
-1.34642
-1.34637
-1.35871
-1.38987
-1.40853
-1.43925
-1.45038
-1.44266
-1.42104
-1.39625
-1.39326
-1.41688
-1.43016
-1.43995
-1.45091
-1.47359
-1.49179
-1.48179
-1.44642
-1.43226
-1.44292
-1.46666
-1.47073
-1.48733
-1.49055
-1.50346
-1.52283
-1.5041
-1.46684
-1.47286
-1.49454
-1.50697
-1.51306
-1.53543
-1.53194
-1.53527
-1.54239
-1.53288
-1.5283
-1.52867
-1.54065
-1.55024
-1.55714
-1.5885
-1.58247
-1.58247
-1.58619
-1.58036
-1.57093
-1.57229
-1.5791
-1.58328
-1.59034
-1.64385
-1.63858
-1.64213
-1.64572
-1.64091
-1.63196
-1.62959
-1.62776
-1.62284
-1.62427
-1.69651
-1.69387
-1.70369
-1.70573
-1.7034
-1.69739
-1.69143
-1.68502
-1.6791
-1.67863
-1.74579
-1.74931
-1.76686
-1.76836
-1.76294
-1.75525
-1.74869
-1.74287
-1.74044
-1.74342
-1.79765
-1.80363
-1.82215
-1.83069
-1.8175
-1.80786
-1.80249
-1.79833
-1.79684
-1.80203
-1.85003
-1.85539
-1.86754
-1.87665
-1.86531
-1.85566
-1.85138
-1.84814
-1.84599
-1.85032
-1.9001
-1.90205
-1.9075
-1.9114
-1.90593
-1.8998
-1.89673
-1.89443
-1.89412
-1.89536
-1.94764
-1.94771
-1.94848
-1.9494
-1.94676
-1.94316
-1.94107
-1.93987
-1.94212
-1.94394
-0.946201
-0.959366
-0.975694
-0.992121
-1.004
-1.01503
-1.02661
-1.03808
-1.04922
-1.05341
-0.997978
-1.00742
-1.01963
-1.03982
-1.06021
-1.07708
-1.0909
-1.10476
-1.1146
-1.1147
-1.05227
-1.0586
-1.06702
-1.08723
-1.11354
-1.13491
-1.14877
-1.15852
-1.16158
-1.15589
-1.10813
-1.11068
-1.11798
-1.13823
-1.16428
-1.18409
-1.1931
-1.19306
-1.18648
-1.17835
-1.16183
-1.16376
-1.1712
-1.19265
-1.21768
-1.23235
-1.23306
-1.22317
-1.20983
-1.20122
-1.21493
-1.22004
-1.23116
-1.25777
-1.27923
-1.2848
-1.275
-1.258
-1.24245
-1.23631
-1.26877
-1.27938
-1.29836
-1.32417
-1.33696
-1.33215
-1.31501
-1.29505
-1.2816
-1.28259
-1.32269
-1.33465
-1.36106
-1.3795
-1.38211
-1.37
-1.34802
-1.3292
-1.32921
-1.34142
-1.3759
-1.38419
-1.40727
-1.4214
-1.4185
-1.39949
-1.37467
-1.36815
-1.38659
-1.40318
-1.42793
-1.43083
-1.44495
-1.45785
-1.45091
-1.41913
-1.39713
-1.41282
-1.43877
-1.45446
-1.47847
-1.47728
-1.48417
-1.49627
-1.48057
-1.43577
-1.43298
-1.46795
-1.4907
-1.50342
-1.52889
-1.52488
-1.52663
-1.53431
-1.51221
-1.49203
-1.50703
-1.52492
-1.53849
-1.54889
-1.58211
-1.578
-1.57841
-1.58285
-1.57114
-1.56414
-1.56598
-1.5724
-1.57631
-1.58322
-1.63879
-1.63476
-1.63891
-1.64393
-1.6396
-1.63611
-1.63279
-1.63079
-1.62652
-1.62504
-1.69193
-1.69108
-1.70189
-1.7098
-1.71057
-1.70313
-1.69862
-1.69206
-1.68446
-1.68311
-1.744
-1.74766
-1.76382
-1.77703
-1.77587
-1.76365
-1.75638
-1.7485
-1.74284
-1.74297
-1.79756
-1.80344
-1.82038
-1.83681
-1.83194
-1.81693
-1.80794
-1.80121
-1.79678
-1.79726
-1.85033
-1.85556
-1.86637
-1.87845
-1.87402
-1.86298
-1.8551
-1.84909
-1.84575
-1.84432
-1.89988
-1.90188
-1.90641
-1.91189
-1.90878
-1.90266
-1.8976
-1.89347
-1.89219
-1.89032
-1.94694
-1.94742
-1.94804
-1.94861
-1.94653
-1.94301
-1.93968
-1.93709
-1.93793
-1.93858
-0.939061
-0.949279
-0.965958
-0.979837
-0.992772
-1.01207
-1.03378
-1.04945
-1.05579
-1.05302
-0.989506
-0.999062
-1.01439
-1.03447
-1.05618
-1.08275
-1.11003
-1.12843
-1.12899
-1.11854
-1.04476
-1.04982
-1.06565
-1.08916
-1.1163
-1.14255
-1.16585
-1.1806
-1.17606
-1.15895
-1.10107
-1.10261
-1.11494
-1.13838
-1.16394
-1.18361
-1.19552
-1.19844
-1.19067
-1.17858
-1.15498
-1.15563
-1.16473
-1.18483
-1.2062
-1.2193
-1.22231
-1.21689
-1.20815
-1.20118
-1.20777
-1.20989
-1.21879
-1.23836
-1.25552
-1.26222
-1.25911
-1.25039
-1.24185
-1.23592
-1.25979
-1.2643
-1.27546
-1.29336
-1.30537
-1.30759
-1.3028
-1.29355
-1.28346
-1.2798
-1.31131
-1.31649
-1.32728
-1.34181
-1.35169
-1.35236
-1.3444
-1.33295
-1.3287
-1.33129
-1.36453
-1.36711
-1.37484
-1.38755
-1.39655
-1.39265
-1.37977
-1.37154
-1.37947
-1.38716
-1.41889
-1.41956
-1.42407
-1.43362
-1.43815
-1.42375
-1.40475
-1.41307
-1.42905
-1.44099
-1.47235
-1.4722
-1.47409
-1.48102
-1.47679
-1.44543
-1.43669
-1.4594
-1.48145
-1.49287
-1.52513
-1.52457
-1.5253
-1.53218
-1.51839
-1.49172
-1.50247
-1.52283
-1.53267
-1.53919
-1.58007
-1.57917
-1.57937
-1.58594
-1.57451
-1.56859
-1.57821
-1.5826
-1.58024
-1.58174
-1.63693
-1.63592
-1.63777
-1.6457
-1.64418
-1.64639
-1.64737
-1.6422
-1.63512
-1.63192
-1.69196
-1.69259
-1.69901
-1.71117
-1.71667
-1.71637
-1.70989
-1.70013
-1.69151
-1.6877
-1.74575
-1.74912
-1.75905
-1.77562
-1.78283
-1.77631
-1.76501
-1.75518
-1.74708
-1.74283
-1.79923
-1.80502
-1.81476
-1.83103
-1.83482
-1.82586
-1.81459
-1.80577
-1.79879
-1.79403
-1.85079
-1.85554
-1.86263
-1.8727
-1.8738
-1.86629
-1.85812
-1.8507
-1.84567
-1.84123
-1.89901
-1.90093
-1.90428
-1.90817
-1.90731
-1.90241
-1.89694
-1.89224
-1.88963
-1.8873
-1.94579
-1.94607
-1.94642
-1.94654
-1.94485
-1.94149
-1.93754
-1.93427
-1.93342
-1.93483
-0.935757
-0.952913
-0.970903
-0.984543
-1.00656
-1.03548
-1.05405
-1.05838
-1.05305
-1.04621
-0.984256
-1.00194
-1.02599
-1.05243
-1.08929
-1.12652
-1.14655
-1.1461
-1.12769
-1.11004
-1.03968
-1.05319
-1.0803
-1.11426
-1.15086
-1.18337
-1.20084
-1.19739
-1.17357
-1.1508
-1.09806
-1.10497
-1.1264
-1.15741
-1.18468
-1.20391
-1.21165
-1.20662
-1.18987
-1.17343
-1.15333
-1.15597
-1.16857
-1.19016
-1.20986
-1.22227
-1.22565
-1.22023
-1.21006
-1.19894
-1.20613
-1.20939
-1.21768
-1.232
-1.24707
-1.25776
-1.26153
-1.25608
-1.24707
-1.2349
-1.25874
-1.26552
-1.26776
-1.27574
-1.29113
-1.30624
-1.31174
-1.3052
-1.29033
-1.27648
-1.30863
-1.31407
-1.30995
-1.32103
-1.34281
-1.35974
-1.36214
-1.35014
-1.33448
-1.32281
-1.35912
-1.36259
-1.35951
-1.3767
-1.40042
-1.41145
-1.4064
-1.39197
-1.38065
-1.37345
-1.41304
-1.4184
-1.41939
-1.43717
-1.45677
-1.4573
-1.4427
-1.43231
-1.42936
-1.4266
-1.46947
-1.47601
-1.47921
-1.49204
-1.50209
-1.49019
-1.47354
-1.47491
-1.47849
-1.47944
-1.52642
-1.5302
-1.53244
-1.54089
-1.54144
-1.52521
-1.52229
-1.52987
-1.53135
-1.53009
-1.58324
-1.58365
-1.58454
-1.5924
-1.59056
-1.58308
-1.58868
-1.59086
-1.58493
-1.58157
-1.63912
-1.63943
-1.64016
-1.64928
-1.65178
-1.65342
-1.65594
-1.65028
-1.64102
-1.63566
-1.69398
-1.69585
-1.69826
-1.70938
-1.71747
-1.72039
-1.71632
-1.70578
-1.69615
-1.69004
-1.74748
-1.75124
-1.75558
-1.76795
-1.77778
-1.77663
-1.7681
-1.75674
-1.74908
-1.74371
-1.79964
-1.80385
-1.80871
-1.82003
-1.82716
-1.82256
-1.81359
-1.80482
-1.79898
-1.79466
-1.84953
-1.85233
-1.85686
-1.8637
-1.86628
-1.86168
-1.85487
-1.84897
-1.84478
-1.84181
-1.89702
-1.89794
-1.90021
-1.90245
-1.90231
-1.89897
-1.89456
-1.89039
-1.88777
-1.88655
-1.94388
-1.94364
-1.94354
-1.9432
-1.94202
-1.9397
-1.93638
-1.93298
-1.93092
-1.93217
-0.950805
-0.977347
-0.990092
-1.01152
-1.04086
-1.05827
-1.06086
-1.05192
-1.04395
-1.04296
-0.99381
-1.02591
-1.05495
-1.09835
-1.14177
-1.1624
-1.15769
-1.13816
-1.11623
-1.10528
-1.04147
-1.07382
-1.11419
-1.16183
-1.19936
-1.21518
-1.21151
-1.19091
-1.16425
-1.14435
-1.09802
-1.11815
-1.15389
-1.19172
-1.21598
-1.22327
-1.22098
-1.20795
-1.18679
-1.16991
-1.15468
-1.16269
-1.18014
-1.20363
-1.22177
-1.23071
-1.23404
-1.22724
-1.21152
-1.19865
-1.20848
-1.2116
-1.21881
-1.23194
-1.24671
-1.2616
-1.27215
-1.26715
-1.25018
-1.23512
-1.26082
-1.26678
-1.26686
-1.27505
-1.29362
-1.31588
-1.32806
-1.31621
-1.29378
-1.27544
-1.30839
-1.3151
-1.31336
-1.3281
-1.35456
-1.37881
-1.38345
-1.36385
-1.33642
-1.31792
-1.35714
-1.36255
-1.36636
-1.39303
-1.42414
-1.44095
-1.43492
-1.40725
-1.381
-1.36567
-1.41322
-1.42101
-1.43251
-1.46435
-1.49334
-1.49789
-1.47845
-1.44817
-1.42822
-1.41835
-1.47167
-1.48121
-1.49433
-1.5217
-1.54162
-1.53337
-1.50799
-1.48805
-1.47722
-1.47368
-1.52853
-1.53453
-1.54296
-1.5612
-1.57272
-1.55813
-1.54128
-1.53448
-1.53
-1.52704
-1.58428
-1.5859
-1.58902
-1.60059
-1.60653
-1.59957
-1.59461
-1.59136
-1.58561
-1.58051
-1.63958
-1.64044
-1.64104
-1.65032
-1.65571
-1.65516
-1.6553
-1.65067
-1.64269
-1.63681
-1.69426
-1.69612
-1.69624
-1.70517
-1.71259
-1.71508
-1.71282
-1.70492
-1.69657
-1.69168
-1.74717
-1.74907
-1.75043
-1.7592
-1.76755
-1.76876
-1.76313
-1.7543
-1.74782
-1.74465
-1.7977
-1.7991
-1.80181
-1.80902
-1.81541
-1.81432
-1.80794
-1.80031
-1.79655
-1.79478
-1.84627
-1.84696
-1.84958
-1.85358
-1.85643
-1.85442
-1.84973
-1.84519
-1.84241
-1.84152
-1.89385
-1.89376
-1.89479
-1.896
-1.89597
-1.89431
-1.89173
-1.88858
-1.88643
-1.88641
-1.94158
-1.94091
-1.94034
-1.94003
-1.93927
-1.93776
-1.93556
-1.9331
-1.93167
-1.93204
-0.969646
-0.996819
-1.01097
-1.03943
-1.06297
-1.06281
-1.05597
-1.0472
-1.04142
-1.05091
-1.01118
-1.05157
-1.08958
-1.13989
-1.17046
-1.16949
-1.15396
-1.13215
-1.11457
-1.11693
-1.05305
-1.10525
-1.15584
-1.20501
-1.22868
-1.22674
-1.21307
-1.18879
-1.16523
-1.15905
-1.0983
-1.1391
-1.18952
-1.23083
-1.24317
-1.24153
-1.23365
-1.21546
-1.19599
-1.18657
-1.15222
-1.16994
-1.19688
-1.22318
-1.23663
-1.24586
-1.25027
-1.24253
-1.22538
-1.21335
-1.21026
-1.2159
-1.2213
-1.22762
-1.24397
-1.27015
-1.28794
-1.28354
-1.25902
-1.24481
-1.26275
-1.26818
-1.2604
-1.26452
-1.29152
-1.32736
-1.34296
-1.32654
-1.2962
-1.27848
-1.3074
-1.31589
-1.31222
-1.32973
-1.36574
-1.39936
-1.40038
-1.36939
-1.33396
-1.31343
-1.35743
-1.36824
-1.37969
-1.41041
-1.44945
-1.47102
-1.45415
-1.41289
-1.37454
-1.3527
-1.42033
-1.43533
-1.45932
-1.49628
-1.52729
-1.53173
-1.49826
-1.45315
-1.42071
-1.40415
-1.48177
-1.49865
-1.52422
-1.55605
-1.57648
-1.56312
-1.52514
-1.48799
-1.46987
-1.46339
-1.53576
-1.54643
-1.56331
-1.585
-1.59389
-1.57949
-1.55045
-1.52866
-1.52206
-1.52069
-1.58746
-1.5905
-1.59751
-1.6111
-1.6168
-1.6069
-1.59275
-1.58372
-1.57988
-1.57818
-1.64022
-1.64023
-1.64188
-1.65058
-1.65538
-1.65221
-1.64882
-1.64553
-1.64029
-1.63688
-1.69311
-1.69329
-1.69328
-1.69972
-1.70491
-1.70584
-1.70498
-1.70084
-1.69442
-1.69106
-1.74452
-1.74482
-1.74505
-1.75015
-1.75572
-1.75758
-1.7556
-1.75008
-1.7449
-1.74256
-1.79409
-1.79442
-1.79524
-1.79864
-1.8032
-1.80417
-1.80129
-1.79672
-1.79335
-1.79177
-1.84256
-1.84304
-1.84394
-1.84558
-1.84764
-1.84761
-1.84518
-1.84224
-1.83955
-1.83813
-1.89106
-1.89123
-1.89163
-1.89239
-1.89255
-1.89146
-1.88933
-1.88695
-1.88459
-1.88343
-1.93983
-1.93957
-1.93929
-1.93917
-1.9384
-1.9367
-1.9347
-1.9327
-1.9311
-1.93075
-0.979357
-1.00479
-1.0227
-1.04389
-1.05326
-1.05317
-1.05
-1.04181
-1.0445
-1.07123
-1.02366
-1.06743
-1.11331
-1.15648
-1.16739
-1.15849
-1.14471
-1.12746
-1.12649
-1.14773
-1.07028
-1.134
-1.19005
-1.23386
-1.23854
-1.22594
-1.21133
-1.19169
-1.18376
-1.19453
-1.10545
-1.16717
-1.22348
-1.25974
-1.25869
-1.25112
-1.24588
-1.23028
-1.21828
-1.22229
-1.14842
-1.1773
-1.21218
-1.23076
-1.24194
-1.25857
-1.27164
-1.25823
-1.24373
-1.24372
-1.20775
-1.21501
-1.21199
-1.21221
-1.24064
-1.2873
-1.30649
-1.28876
-1.271
-1.26788
-1.26028
-1.26049
-1.23744
-1.24617
-1.29045
-1.34305
-1.35253
-1.32492
-1.30154
-1.29547
-1.29981
-1.30329
-1.29401
-1.32211
-1.36986
-1.41399
-1.40906
-1.36549
-1.33324
-1.32515
-1.35359
-1.36369
-1.37531
-1.40979
-1.45492
-1.48749
-1.46818
-1.40997
-1.36665
-1.35827
-1.42401
-1.44146
-1.46179
-1.49479
-1.52974
-1.54453
-1.51509
-1.45499
-1.4102
-1.39676
-1.48651
-1.51082
-1.53123
-1.55732
-1.57807
-1.57479
-1.5386
-1.49082
-1.46533
-1.46114
-1.53927
-1.55643
-1.57234
-1.59283
-1.60036
-1.58652
-1.55269
-1.5208
-1.51476
-1.52226
-1.58962
-1.5966
-1.60888
-1.62138
-1.62237
-1.60838
-1.58798
-1.57228
-1.57151
-1.58207
-1.64104
-1.64309
-1.64875
-1.65607
-1.65579
-1.64815
-1.64169
-1.63911
-1.64029
-1.64375
-1.69231
-1.6927
-1.69462
-1.69877
-1.69909
-1.69692
-1.69661
-1.69645
-1.69472
-1.69538
-1.74208
-1.74242
-1.74318
-1.74527
-1.74684
-1.74778
-1.74882
-1.748
-1.74528
-1.74343
-1.7911
-1.79208
-1.79271
-1.79387
-1.79556
-1.79665
-1.79706
-1.79575
-1.79311
-1.79053
-1.84029
-1.84217
-1.84315
-1.84362
-1.84389
-1.84342
-1.843
-1.84175
-1.8389
-1.8356
-1.88989
-1.8911
-1.89223
-1.89236
-1.89093
-1.88932
-1.88876
-1.88729
-1.88395
-1.88098
-1.93909
-1.93929
-1.93969
-1.93917
-1.93727
-1.9357
-1.93509
-1.93332
-1.93061
-1.92898
-0.975724
-1.00131
-1.01517
-1.01916
-1.01363
-1.01889
-1.02786
-1.02857
-1.0442
-1.09091
-1.02448
-1.07177
-1.11559
-1.13763
-1.12213
-1.11084
-1.11565
-1.11341
-1.13387
-1.17587
-1.08364
-1.1512
-1.20632
-1.2289
-1.19754
-1.18252
-1.18622
-1.18297
-1.19939
-1.22715
-1.11983
-1.19047
-1.24019
-1.24934
-1.2245
-1.22334
-1.23062
-1.22956
-1.23986
-1.25584
-1.1508
-1.1879
-1.21603
-1.21725
-1.22059
-1.24602
-1.26196
-1.26247
-1.26598
-1.27364
-1.20296
-1.20958
-1.19624
-1.19781
-1.23436
-1.27605
-1.29589
-1.29296
-1.29178
-1.29456
-1.25202
-1.24475
-1.21614
-1.23838
-1.28282
-1.32517
-1.33983
-1.33054
-1.32282
-1.32187
-1.28732
-1.28344
-1.28095
-1.31352
-1.35247
-1.38588
-1.3929
-1.37437
-1.35864
-1.3535
-1.3435
-1.34864
-1.36102
-1.39146
-1.42513
-1.44867
-1.44657
-1.42092
-1.39711
-1.38745
-1.41438
-1.42608
-1.43891
-1.46689
-1.49532
-1.50758
-1.49492
-1.4678
-1.43564
-1.424
-1.47804
-1.49734
-1.50884
-1.5299
-1.54915
-1.55243
-1.53149
-1.5081
-1.48442
-1.47581
-1.53218
-1.55098
-1.56528
-1.57851
-1.58357
-1.57741
-1.55546
-1.53981
-1.53486
-1.53288
-1.58484
-1.59756
-1.61351
-1.62299
-1.6186
-1.60586
-1.58732
-1.57479
-1.58215
-1.59232
-1.63841
-1.64581
-1.65949
-1.66579
-1.65981
-1.64934
-1.64189
-1.63652
-1.63784
-1.64263
-1.69083
-1.69648
-1.70535
-1.70767
-1.70245
-1.69577
-1.69362
-1.69468
-1.69373
-1.69577
-1.74159
-1.74708
-1.75143
-1.75131
-1.74734
-1.74409
-1.74576
-1.74951
-1.74832
-1.74392
-1.79164
-1.79689
-1.79917
-1.79782
-1.79454
-1.79316
-1.79665
-1.79967
-1.79722
-1.79219
-1.84123
-1.84542
-1.84801
-1.84679
-1.84356
-1.8433
-1.84649
-1.84711
-1.84236
-1.83606
-1.89019
-1.89267
-1.8949
-1.89429
-1.89165
-1.89223
-1.89419
-1.89208
-1.88603
-1.88044
-1.93893
-1.93956
-1.94034
-1.93987
-1.93871
-1.93938
-1.93939
-1.9364
-1.93157
-1.92858
-0.964407
-0.990177
-0.997853
-0.991013
-0.976338
-0.983702
-0.99432
-1.00979
-1.04229
-1.09724
-1.02051
-1.06503
-1.09705
-1.09557
-1.06987
-1.06508
-1.07475
-1.09433
-1.13731
-1.18921
-1.09249
-1.15751
-1.19754
-1.18483
-1.14805
-1.13755
-1.14752
-1.16983
-1.2084
-1.24871
-1.13641
-1.20646
-1.23932
-1.21623
-1.18726
-1.19201
-1.20706
-1.2257
-1.25516
-1.28592
-1.16221
-1.20145
-1.21726
-1.20585
-1.2115
-1.23279
-1.24843
-1.26279
-1.28341
-1.30568
-1.20369
-1.21063
-1.19765
-1.20791
-1.24164
-1.26983
-1.28288
-1.29387
-1.30783
-1.32272
-1.24615
-1.23997
-1.21942
-1.25371
-1.29031
-1.31439
-1.32279
-1.32952
-1.33849
-1.34803
-1.28203
-1.2803
-1.29013
-1.32239
-1.35133
-1.36856
-1.3712
-1.37284
-1.37733
-1.38143
-1.33932
-1.34474
-1.35802
-1.38632
-1.41388
-1.42796
-1.42654
-1.42358
-1.42223
-1.42187
-1.40276
-1.41137
-1.42038
-1.44241
-1.4656
-1.47894
-1.47769
-1.47337
-1.46661
-1.45997
-1.46271
-1.47513
-1.48274
-1.49611
-1.51014
-1.5208
-1.52128
-1.51656
-1.50713
-1.49876
-1.51975
-1.53321
-1.54353
-1.55035
-1.55339
-1.55294
-1.54748
-1.54422
-1.54242
-1.53699
-1.57491
-1.58645
-1.60169
-1.60842
-1.60411
-1.59513
-1.58379
-1.58015
-1.58561
-1.58819
-1.62936
-1.63906
-1.65583
-1.66303
-1.6583
-1.64999
-1.6435
-1.63915
-1.63722
-1.6384
-1.68475
-1.69398
-1.70776
-1.71366
-1.70992
-1.70235
-1.69701
-1.69367
-1.69101
-1.69112
-1.74047
-1.75
-1.7592
-1.76254
-1.76023
-1.75523
-1.75023
-1.74687
-1.74296
-1.73873
-1.79302
-1.80421
-1.81004
-1.81133
-1.8089
-1.80432
-1.80047
-1.79658
-1.79177
-1.78639
-1.84275
-1.85253
-1.858
-1.85869
-1.85558
-1.85136
-1.84801
-1.84377
-1.83843
-1.83249
-1.8911
-1.89668
-1.90152
-1.90252
-1.90033
-1.89662
-1.89331
-1.88897
-1.88435
-1.8796
-1.93953
-1.94113
-1.94326
-1.9442
-1.94287
-1.94096
-1.93827
-1.93526
-1.9315
-1.92911
-0.950478
-0.975771
-0.98197
-0.975186
-0.957986
-0.969904
-0.982383
-1.00111
-1.03853
-1.08697
-1.01632
-1.05106
-1.07003
-1.06482
-1.03801
-1.04363
-1.06019
-1.08468
-1.12911
-1.17373
-1.09392
-1.14656
-1.16655
-1.14889
-1.11991
-1.12034
-1.13892
-1.16437
-1.20495
-1.23857
-1.14273
-1.20124
-1.21823
-1.19381
-1.17848
-1.18871
-1.20591
-1.23018
-1.26486
-1.2897
-1.17224
-1.20647
-1.21848
-1.20784
-1.21861
-1.23997
-1.25596
-1.2771
-1.30221
-1.31652
-1.21082
-1.22092
-1.21552
-1.22436
-1.25443
-1.27892
-1.29447
-1.3101
-1.32454
-1.33271
-1.2519
-1.25095
-1.23837
-1.27031
-1.30058
-1.32268
-1.33416
-1.34328
-1.35212
-1.35942
-1.29035
-1.29398
-1.30287
-1.3296
-1.35635
-1.375
-1.38181
-1.3865
-1.39315
-1.3997
-1.34873
-1.35647
-1.36544
-1.38896
-1.41416
-1.4307
-1.43603
-1.43911
-1.44526
-1.44968
-1.40521
-1.41454
-1.42144
-1.44051
-1.46275
-1.47996
-1.48738
-1.49048
-1.49351
-1.49329
-1.45963
-1.46932
-1.47554
-1.4874
-1.50175
-1.51503
-1.5236
-1.52594
-1.52528
-1.52314
-1.51519
-1.52334
-1.5318
-1.53811
-1.5423
-1.54505
-1.54606
-1.54526
-1.54242
-1.54086
-1.56769
-1.57646
-1.5894
-1.59609
-1.59563
-1.59244
-1.5902
-1.58725
-1.58474
-1.57939
-1.62063
-1.63015
-1.64567
-1.65339
-1.65232
-1.64855
-1.64584
-1.64325
-1.63882
-1.6341
-1.678
-1.68823
-1.70345
-1.71156
-1.70961
-1.70392
-1.69886
-1.69484
-1.69091
-1.68652
-1.7394
-1.74991
-1.76391
-1.77097
-1.76904
-1.76075
-1.75323
-1.74659
-1.74113
-1.73572
-1.79711
-1.80982
-1.81986
-1.82591
-1.82404
-1.81468
-1.80395
-1.79514
-1.78865
-1.78249
-1.84647
-1.85939
-1.86726
-1.87161
-1.8693
-1.86059
-1.84954
-1.83962
-1.83481
-1.82922
-1.89255
-1.90027
-1.90647
-1.90888
-1.90707
-1.90041
-1.89157
-1.88527
-1.88212
-1.87819
-1.93983
-1.94226
-1.94467
-1.9453
-1.9437
-1.93958
-1.93526
-1.93275
-1.93119
-1.92959
-0.940439
-0.958946
-0.963171
-0.961729
-0.948996
-0.961498
-0.979385
-1.0029
-1.03308
-1.06516
-1.01251
-1.03202
-1.03958
-1.03815
-1.01596
-1.02395
-1.04846
-1.07964
-1.11225
-1.1426
-1.08198
-1.11564
-1.11903
-1.1139
-1.09744
-1.10191
-1.12293
-1.15061
-1.17971
-1.19886
-1.13224
-1.16689
-1.17766
-1.16626
-1.16502
-1.17929
-1.20012
-1.22557
-1.24693
-1.25119
-1.1728
-1.1949
-1.20471
-1.20196
-1.21584
-1.23999
-1.26136
-1.28141
-1.29038
-1.28101
-1.21593
-1.22581
-1.22336
-1.23445
-1.26348
-1.29035
-1.30773
-1.31585
-1.31276
-1.30154
-1.25747
-1.26176
-1.25951
-1.28607
-1.31373
-1.33974
-1.34698
-1.34615
-1.34221
-1.33917
-1.30179
-1.31362
-1.3247
-1.3439
-1.37046
-1.3877
-1.38892
-1.38704
-1.38802
-1.39421
-1.36084
-1.37612
-1.38122
-1.39621
-1.41865
-1.43255
-1.43672
-1.43925
-1.44737
-1.45866
-1.41536
-1.42985
-1.42757
-1.43911
-1.45735
-1.47325
-1.48344
-1.49118
-1.50093
-1.50877
-1.46652
-1.47529
-1.47507
-1.48337
-1.49463
-1.50781
-1.51845
-1.52529
-1.5298
-1.53168
-1.51952
-1.52355
-1.52845
-1.53532
-1.54022
-1.54568
-1.54965
-1.55155
-1.5506
-1.5479
-1.57077
-1.57568
-1.58451
-1.59205
-1.59547
-1.59607
-1.59653
-1.59588
-1.59102
-1.58703
-1.62342
-1.63023
-1.64209
-1.64993
-1.65295
-1.65139
-1.64931
-1.64716
-1.64359
-1.63671
-1.68043
-1.68892
-1.70361
-1.71231
-1.71408
-1.70927
-1.7033
-1.69854
-1.69415
-1.69132
-1.74253
-1.75353
-1.76995
-1.7795
-1.77899
-1.76956
-1.7581
-1.74974
-1.74331
-1.73919
-1.80093
-1.81623
-1.83258
-1.84297
-1.84044
-1.82598
-1.80966
-1.79757
-1.78955
-1.78563
-1.84956
-1.8643
-1.87846
-1.8883
-1.88618
-1.87133
-1.85476
-1.84259
-1.83461
-1.83103
-1.89431
-1.90231
-1.91193
-1.91852
-1.9177
-1.90843
-1.89574
-1.88715
-1.88166
-1.87871
-1.94093
-1.94319
-1.94722
-1.95013
-1.94947
-1.94408
-1.9374
-1.93345
-1.93119
-1.92968
-0.940156
-0.947187
-0.948469
-0.950258
-0.94833
-0.955261
-0.974293
-0.997417
-1.02066
-1.0384
-1.00754
-1.01477
-1.01397
-1.01281
-0.997921
-1.00156
-1.02266
-1.05032
-1.07578
-1.09018
-1.06645
-1.07876
-1.07924
-1.07986
-1.06872
-1.07632
-1.10055
-1.12572
-1.1434
-1.14392
-1.11887
-1.1321
-1.14346
-1.13983
-1.14071
-1.15853
-1.18478
-1.2055
-1.20779
-1.1925
-1.17035
-1.18302
-1.19586
-1.19493
-1.20904
-1.23739
-1.25504
-1.25954
-1.24841
-1.2238
-1.22016
-1.22905
-1.22818
-1.246
-1.27605
-1.30234
-1.30431
-1.29442
-1.27444
-1.25426
-1.26043
-1.26711
-1.28063
-1.31088
-1.33819
-1.34913
-1.33925
-1.32564
-1.3104
-1.30033
-1.30908
-1.32684
-1.3499
-1.36632
-1.38334
-1.38516
-1.37419
-1.36436
-1.35654
-1.35901
-1.36727
-1.38865
-1.39473
-1.40278
-1.41611
-1.41748
-1.41418
-1.41198
-1.41601
-1.42905
-1.42166
-1.43508
-1.42941
-1.43417
-1.44335
-1.45088
-1.45879
-1.46624
-1.47725
-1.48879
-1.47291
-1.47605
-1.47143
-1.47401
-1.48075
-1.49204
-1.5027
-1.51106
-1.51908
-1.52493
-1.52471
-1.52433
-1.52486
-1.52574
-1.53345
-1.54156
-1.54784
-1.55278
-1.55508
-1.55512
-1.5775
-1.57928
-1.58274
-1.58582
-1.59387
-1.5988
-1.6003
-1.60118
-1.60009
-1.59534
-1.63235
-1.63738
-1.64103
-1.64493
-1.6512
-1.65559
-1.65506
-1.65347
-1.65203
-1.64794
-1.68894
-1.69764
-1.70253
-1.70497
-1.70924
-1.71284
-1.71119
-1.70703
-1.70439
-1.70102
-1.74615
-1.76021
-1.76951
-1.77213
-1.77228
-1.76919
-1.76415
-1.75754
-1.7528
-1.75008
-1.80008
-1.8167
-1.83332
-1.84066
-1.83539
-1.82341
-1.81181
-1.80258
-1.79751
-1.79824
-1.84823
-1.86103
-1.87843
-1.88929
-1.88495
-1.87002
-1.85634
-1.84679
-1.84122
-1.84351
-1.89415
-1.89993
-1.91097
-1.91972
-1.9192
-1.91046
-1.89923
-1.89092
-1.88654
-1.88826
-1.94129
-1.94316
-1.94813
-1.9529
-1.95405
-1.95028
-1.9429
-1.93653
-1.9339
-1.93484
-0.942209
-0.946026
-0.942088
-0.942741
-0.947091
-0.954895
-0.97005
-0.988924
-1.00318
-1.0106
-1.00151
-1.00444
-1.00451
-1.00426
-1.00248
-1.00731
-1.02436
-1.04385
-1.05488
-1.06009
-1.0606
-1.0642
-1.06533
-1.06268
-1.05889
-1.06802
-1.08712
-1.10478
-1.11122
-1.10821
-1.11732
-1.12157
-1.12548
-1.11915
-1.11789
-1.13323
-1.1535
-1.16531
-1.16497
-1.15376
-1.16901
-1.1743
-1.18271
-1.17392
-1.18268
-1.20256
-1.21441
-1.21449
-1.20732
-1.19501
-1.21743
-1.22341
-1.21801
-1.22988
-1.25469
-1.26704
-1.26558
-1.25765
-1.2473
-1.2355
-1.25888
-1.26079
-1.26878
-1.29688
-1.3132
-1.31318
-1.30641
-1.30049
-1.29099
-1.28046
-1.30807
-1.31576
-1.33839
-1.35431
-1.35814
-1.35467
-1.35088
-1.34616
-1.33519
-1.32869
-1.36337
-1.37495
-1.39039
-1.39444
-1.39235
-1.39324
-1.39501
-1.39048
-1.38461
-1.38394
-1.41835
-1.42704
-1.43063
-1.42668
-1.42537
-1.43114
-1.43727
-1.43939
-1.43934
-1.44368
-1.47169
-1.47525
-1.47203
-1.46326
-1.46463
-1.47263
-1.48238
-1.48906
-1.49226
-1.4941
-1.52486
-1.52613
-1.52152
-1.51448
-1.51697
-1.52619
-1.53392
-1.53908
-1.54265
-1.54123
-1.57872
-1.58087
-1.57787
-1.57448
-1.57972
-1.58798
-1.59291
-1.5947
-1.5958
-1.59733
-1.63335
-1.63796
-1.63718
-1.63536
-1.64101
-1.64825
-1.65159
-1.65162
-1.65096
-1.65259
-1.68835
-1.69521
-1.69804
-1.69647
-1.69897
-1.70341
-1.70578
-1.70531
-1.70481
-1.70542
-1.74277
-1.75128
-1.75932
-1.75967
-1.75631
-1.75561
-1.75434
-1.7527
-1.75201
-1.75261
-1.79512
-1.80328
-1.81621
-1.82242
-1.81681
-1.80736
-1.80129
-1.79795
-1.7972
-1.7981
-1.84492
-1.85035
-1.86294
-1.87218
-1.86774
-1.85619
-1.84839
-1.84395
-1.8431
-1.84489
-1.89328
-1.89554
-1.90263
-1.90919
-1.90847
-1.9013
-1.89516
-1.89151
-1.89056
-1.8934
-1.94143
-1.94241
-1.94544
-1.94871
-1.94933
-1.94594
-1.94128
-1.93826
-1.93687
-1.93799
)
;

boundaryField
{
    lowerSideWalls
    {
        type            calculated;
        value           nonuniform List<scalar> 
800
(
367.814
317.815
266.934
215.038
161.558
105.783
47.4976
8.08712
-0.117714
-0.184961
-0.256421
-0.334395
-0.415718
-0.499067
-0.583589
-0.666211
-0.743261
-0.811346
-0.87214
-0.928968
368.151
318.079
267.168
215.209
161.632
105.859
47.0295
7.50772
-0.114961
-0.183304
-0.254778
-0.336191
-0.421674
-0.507829
-0.595735
-0.680617
-0.756961
-0.82162
-0.878669
-0.93265
368.725
318.63
267.538
215.575
162.363
107.149
48.4634
7.7072
-0.109889
-0.177082
-0.255856
-0.344093
-0.432047
-0.515472
-0.600622
-0.687649
-0.772133
-0.836114
-0.888849
-0.93958
369.541
319.589
268.496
216.715
163.923
108.984
50.3394
8.00679
-0.098088
-0.180968
-0.271739
-0.370051
-0.453472
-0.527482
-0.605414
-0.688768
-0.771951
-0.838733
-0.891133
-0.943016
370.523
320.728
270
218.492
166.097
111.758
53.7031
9.06605
-0.0935382
-0.198295
-0.300243
-0.402153
-0.478281
-0.544763
-0.618129
-0.700749
-0.777245
-0.838009
-0.893688
-0.949246
371.593
321.958
271.641
220.611
168.856
115.549
59.2997
12.0526
-0.0779287
-0.231145
-0.348467
-0.443549
-0.507706
-0.569002
-0.646533
-0.721809
-0.786535
-0.844158
-0.902275
-0.960244
372.631
323.158
273.22
222.768
171.783
119.73
66.1497
18.2876
0.1389
-0.294555
-0.40639
-0.474057
-0.524533
-0.592748
-0.674467
-0.746179
-0.804751
-0.858399
-0.914858
-0.971203
373.504
324.172
274.575
224.662
174.409
123.646
72.6686
25.4292
1.91247
-0.36772
-0.437474
-0.486813
-0.524612
-0.607692
-0.689846
-0.758884
-0.816029
-0.870455
-0.923807
-0.974976
374.078
324.853
275.549
226
176.328
126.572
77.4545
31.981
5.32266
-0.381156
-0.426539
-0.47367
-0.515241
-0.602301
-0.687619
-0.753172
-0.810545
-0.866628
-0.918507
-0.966423
374.262
325.099
275.922
226.579
177.204
127.961
79.5662
35.2027
8.40986
-0.325894
-0.381855
-0.445095
-0.50115
-0.592513
-0.676591
-0.736806
-0.790167
-0.843427
-0.894584
-0.941269
368.346
318.238
267.044
214.481
159.632
100.6
38.6064
4.45749
-0.190467
-0.265776
-0.334865
-0.399504
-0.459015
-0.514723
-0.572547
-0.633657
-0.69519
-0.752897
-0.813574
-0.879879
368.783
318.709
267.625
215.044
159.814
100.561
38.6205
4.20672
-0.181408
-0.262888
-0.33548
-0.402462
-0.461612
-0.512548
-0.567043
-0.627611
-0.694158
-0.756689
-0.816197
-0.881341
369.504
319.41
268.281
215.947
161.583
104.524
44.1118
6.38619
-0.177203
-0.266969
-0.3442
-0.414174
-0.47349
-0.523302
-0.573668
-0.628783
-0.692257
-0.756428
-0.813294
-0.874989
370.426
320.48
269.462
217.44
164.12
108.715
50.3768
9.33833
-0.184553
-0.279618
-0.363014
-0.439083
-0.49603
-0.540596
-0.58619
-0.637035
-0.694663
-0.758335
-0.817018
-0.878743
371.521
321.759
271.164
219.727
167.521
114.015
59.0673
13.9148
-0.136041
-0.291204
-0.383788
-0.4582
-0.514233
-0.556096
-0.59803
-0.645642
-0.698899
-0.760646
-0.826628
-0.8897
372.671
323.127
273.02
222.284
171.057
119.074
66.4081
20.0612
0.235525
-0.363543
-0.416508
-0.481385
-0.541875
-0.58621
-0.623434
-0.664395
-0.711566
-0.76802
-0.836473
-0.9023
373.726
324.36
274.66
224.595
174.196
123.501
72.5959
25.9252
2.18726
-0.371284
-0.427835
-0.491578
-0.556556
-0.612828
-0.655007
-0.693409
-0.734187
-0.781606
-0.847812
-0.917133
374.539
325.309
275.929
226.35
176.592
126.844
77.2705
31.3071
4.90772
-0.381955
-0.435358
-0.487437
-0.550629
-0.618798
-0.675292
-0.720732
-0.75956
-0.798705
-0.861575
-0.93186
374.979
325.84
276.701
227.399
178.049
128.836
80.0394
34.8626
7.01852
-0.387043
-0.444319
-0.500137
-0.556234
-0.615729
-0.679378
-0.737329
-0.781932
-0.820847
-0.875783
-0.945544
374.949
325.863
276.78
227.593
178.38
129.208
80.3494
35.0228
6.66635
-0.388424
-0.443479
-0.50264
-0.561765
-0.618617
-0.683949
-0.745844
-0.793858
-0.83504
-0.888311
-0.954276
367.814
317.815
266.934
215.038
161.558
105.783
47.4976
8.08712
-0.117714
-0.184961
-0.256421
-0.334395
-0.415718
-0.499067
-0.583589
-0.666211
-0.743261
-0.811346
-0.87214
-0.928968
368.409
318.439
267.707
215.95
161.968
105.358
47.5246
8.45907
-0.112055
-0.187534
-0.262116
-0.344105
-0.423293
-0.50196
-0.58379
-0.665281
-0.742302
-0.811283
-0.871379
-0.926942
369.586
319.551
268.767
217.189
163.846
108.816
52.2135
10.7883
-0.129269
-0.210212
-0.286425
-0.370078
-0.447768
-0.523485
-0.599479
-0.673329
-0.742569
-0.806999
-0.867823
-0.926296
371.062
321.21
270.532
219.251
167.005
113.573
58.2216
13.5622
-0.118774
-0.238301
-0.314818
-0.394433
-0.468325
-0.540959
-0.612547
-0.681915
-0.7488
-0.814311
-0.876226
-0.934703
372.725
323.124
272.88
222.139
170.757
118.379
64.7406
17.5828
0.0511877
-0.292623
-0.349223
-0.418051
-0.486463
-0.55661
-0.626821
-0.695041
-0.763361
-0.826978
-0.884152
-0.937555
374.47
325.081
275.322
225.223
174.62
123.303
71.5049
23.7202
1.54212
-0.30097
-0.371689
-0.439188
-0.50399
-0.573557
-0.644643
-0.712704
-0.777133
-0.832668
-0.881462
-0.929445
376.142
326.93
277.572
228.071
178.205
127.847
77.6182
30.2995
3.62442
-0.31229
-0.394084
-0.460203
-0.521463
-0.588684
-0.65888
-0.723031
-0.779276
-0.826549
-0.869311
-0.915102
377.581
328.506
279.47
230.408
181.158
131.613
82.5795
36.3899
6.4274
-0.319366
-0.417442
-0.480674
-0.535557
-0.597696
-0.662813
-0.721323
-0.768848
-0.812515
-0.855411
-0.902196
378.638
329.649
280.854
232.035
183.206
134.262
85.9126
40.5255
8.96205
-0.331143
-0.437587
-0.492762
-0.543378
-0.602604
-0.661157
-0.713861
-0.757366
-0.801547
-0.848909
-0.896905
379.203
330.26
281.578
232.866
184.206
135.509
87.1598
41.5433
9.41939
-0.351192
-0.448118
-0.496475
-0.550089
-0.605949
-0.658832
-0.706693
-0.751875
-0.803531
-0.852152
-0.89479
379.22
330.294
281.567
232.841
184.099
135.266
86.5877
40.1903
8.2075
-0.354225
-0.449963
-0.503059
-0.55702
-0.60782
-0.654801
-0.702192
-0.757963
-0.815789
-0.857717
-0.89333
378.677
329.69
280.85
231.936
182.872
133.57
84.3792
37.2906
6.29003
-0.343311
-0.444888
-0.503418
-0.558489
-0.604842
-0.647941
-0.703937
-0.772705
-0.832144
-0.874965
-0.911694
377.646
328.54
279.45
230.219
180.676
130.699
80.7908
33.2689
4.37172
-0.352604
-0.437701
-0.500888
-0.5529
-0.592558
-0.63989
-0.710791
-0.78637
-0.857486
-0.909028
-0.936624
376.239
326.988
277.54
227.859
177.733
127.016
76.0596
28.165
2.59477
-0.365884
-0.431681
-0.491417
-0.536738
-0.573507
-0.629478
-0.710781
-0.797641
-0.875338
-0.930057
-0.952205
374.609
325.178
275.314
224.995
174.175
122.65
70.566
23.0339
1.15849
-0.363274
-0.419561
-0.474457
-0.514118
-0.552773
-0.617934
-0.703123
-0.792726
-0.873859
-0.929398
-0.951464
372.915
323.272
272.918
221.876
170.245
117.713
64.4572
18.4992
0.0491873
-0.341252
-0.398259
-0.452233
-0.492095
-0.537643
-0.605628
-0.683593
-0.771646
-0.856592
-0.915098
-0.938784
371.307
321.449
270.591
218.877
166.233
112.306
57.2091
13.8135
-0.174567
-0.285642
-0.365582
-0.429833
-0.477894
-0.527218
-0.588699
-0.663525
-0.7521
-0.837737
-0.892185
-0.916865
369.963
319.899
268.817
216.665
162.753
106.882
49.8203
9.62572
-0.201075
-0.274885
-0.348325
-0.415149
-0.467603
-0.515418
-0.576922
-0.654546
-0.739696
-0.814264
-0.857829
-0.89053
368.929
318.862
267.839
215.503
160.541
101.852
40.0613
4.81259
-0.19212
-0.271628
-0.343065
-0.406919
-0.464191
-0.517719
-0.580312
-0.651213
-0.722946
-0.779266
-0.822858
-0.875202
368.346
318.238
267.044
214.481
159.632
100.6
38.6064
4.45749
-0.190467
-0.265776
-0.334865
-0.399504
-0.459015
-0.514723
-0.572547
-0.633657
-0.69519
-0.752897
-0.813574
-0.879879
)
;
    }
    upperSideWalls
    {
        type            calculated;
        value           nonuniform List<scalar> 
800
(
-0.983604
-1.03622
-1.08775
-1.13852
-1.18939
-1.24092
-1.29111
-1.33971
-1.38903
-1.44031
-1.49219
-1.54353
-1.59364
-1.64405
-1.6956
-1.74661
-1.79681
-1.84656
-1.89586
-1.94473
-0.985854
-1.03795
-1.08913
-1.13861
-1.18939
-1.24075
-1.28977
-1.33811
-1.3885
-1.44151
-1.49372
-1.54416
-1.59367
-1.64445
-1.69832
-1.74887
-1.79801
-1.84711
-1.89603
-1.94478
-0.990494
-1.03796
-1.08387
-1.13354
-1.18814
-1.2438
-1.29492
-1.34227
-1.38995
-1.44071
-1.49255
-1.5434
-1.5929
-1.64532
-1.69989
-1.75056
-1.79955
-1.8482
-1.89668
-1.94507
-0.995639
-1.04544
-1.09436
-1.14374
-1.19465
-1.25016
-1.3035
-1.35191
-1.39555
-1.44194
-1.49288
-1.5428
-1.59334
-1.64717
-1.69917
-1.75047
-1.80012
-1.84867
-1.89704
-1.9453
-1.00395
-1.05573
-1.10544
-1.15399
-1.20357
-1.25815
-1.31392
-1.36048
-1.40256
-1.44698
-1.49476
-1.54411
-1.59397
-1.64635
-1.69958
-1.75196
-1.8013
-1.8491
-1.89715
-1.94532
-1.01732
-1.06668
-1.11063
-1.15491
-1.20567
-1.25806
-1.31231
-1.36143
-1.40381
-1.44923
-1.49733
-1.5455
-1.59473
-1.64585
-1.70016
-1.7525
-1.80193
-1.84941
-1.89704
-1.94501
-1.02381
-1.07025
-1.10697
-1.14429
-1.19827
-1.25123
-1.29589
-1.34325
-1.39538
-1.44708
-1.49969
-1.55182
-1.59821
-1.64576
-1.69826
-1.75252
-1.80273
-1.84991
-1.89673
-1.94428
-1.02147
-1.06211
-1.09493
-1.12669
-1.1793
-1.24272
-1.29353
-1.33625
-1.38461
-1.44134
-1.49997
-1.55497
-1.60405
-1.65024
-1.70031
-1.75271
-1.80368
-1.85006
-1.89597
-1.94301
-1.00811
-1.04387
-1.07496
-1.10639
-1.15244
-1.22349
-1.28982
-1.33644
-1.38423
-1.4433
-1.50103
-1.5567
-1.60446
-1.65236
-1.70474
-1.75438
-1.8032
-1.84877
-1.89353
-1.94057
-0.983848
-1.02051
-1.05369
-1.08728
-1.131
-1.19495
-1.26929
-1.32997
-1.38154
-1.43992
-1.50329
-1.55747
-1.60185
-1.65085
-1.70557
-1.75568
-1.80047
-1.84653
-1.89068
-1.93837
-0.942209
-1.00151
-1.0606
-1.11732
-1.16901
-1.21743
-1.25888
-1.30807
-1.36337
-1.41835
-1.47169
-1.52486
-1.57872
-1.63335
-1.68835
-1.74277
-1.79512
-1.84492
-1.89328
-1.94143
-0.946026
-1.00444
-1.0642
-1.12157
-1.1743
-1.22341
-1.26079
-1.31576
-1.37495
-1.42704
-1.47525
-1.52613
-1.58087
-1.63796
-1.69521
-1.75128
-1.80328
-1.85035
-1.89554
-1.94241
-0.942088
-1.00451
-1.06533
-1.12548
-1.18271
-1.21801
-1.26878
-1.33839
-1.39039
-1.43063
-1.47203
-1.52152
-1.57787
-1.63718
-1.69804
-1.75932
-1.81621
-1.86294
-1.90263
-1.94544
-0.942741
-1.00426
-1.06268
-1.11915
-1.17392
-1.22988
-1.29688
-1.35431
-1.39444
-1.42668
-1.46326
-1.51448
-1.57448
-1.63536
-1.69647
-1.75967
-1.82242
-1.87218
-1.90919
-1.94871
-0.947091
-1.00248
-1.05889
-1.11789
-1.18268
-1.25469
-1.3132
-1.35814
-1.39235
-1.42537
-1.46463
-1.51697
-1.57972
-1.64101
-1.69897
-1.75631
-1.81681
-1.86774
-1.90847
-1.94933
-0.954895
-1.00731
-1.06802
-1.13323
-1.20256
-1.26704
-1.31318
-1.35467
-1.39324
-1.43114
-1.47263
-1.52619
-1.58798
-1.64825
-1.70341
-1.75561
-1.80736
-1.85619
-1.9013
-1.94594
-0.97005
-1.02436
-1.08712
-1.1535
-1.21441
-1.26558
-1.30641
-1.35088
-1.39501
-1.43727
-1.48238
-1.53392
-1.59291
-1.65159
-1.70578
-1.75434
-1.80129
-1.84839
-1.89516
-1.94128
-0.988924
-1.04385
-1.10478
-1.16531
-1.21449
-1.25765
-1.30049
-1.34616
-1.39048
-1.43939
-1.48906
-1.53908
-1.5947
-1.65162
-1.70531
-1.7527
-1.79795
-1.84395
-1.89151
-1.93826
-1.00318
-1.05488
-1.11122
-1.16497
-1.20732
-1.2473
-1.29099
-1.33519
-1.38461
-1.43934
-1.49226
-1.54265
-1.5958
-1.65096
-1.70481
-1.75201
-1.7972
-1.8431
-1.89056
-1.93687
-1.0106
-1.06009
-1.10821
-1.15376
-1.19501
-1.2355
-1.28046
-1.32869
-1.38394
-1.44368
-1.4941
-1.54123
-1.59733
-1.65259
-1.70542
-1.75261
-1.7981
-1.84489
-1.8934
-1.93799
-0.983604
-1.03622
-1.08775
-1.13852
-1.18939
-1.24092
-1.29111
-1.33971
-1.38903
-1.44031
-1.49219
-1.54353
-1.59364
-1.64405
-1.6956
-1.74661
-1.79681
-1.84656
-1.89586
-1.94473
-0.981908
-1.03728
-1.0912
-1.1424
-1.19221
-1.24155
-1.29019
-1.33771
-1.38705
-1.43886
-1.49218
-1.54444
-1.59423
-1.64454
-1.69628
-1.74745
-1.79727
-1.84682
-1.89625
-1.94503
-0.983492
-1.03997
-1.09502
-1.14747
-1.19628
-1.24137
-1.2833
-1.32777
-1.38013
-1.43894
-1.49538
-1.54602
-1.59516
-1.64568
-1.69634
-1.7477
-1.79805
-1.84739
-1.8964
-1.94573
-0.991203
-1.0467
-1.1005
-1.15124
-1.19774
-1.24048
-1.28196
-1.32932
-1.38707
-1.44796
-1.50022
-1.5473
-1.59683
-1.6478
-1.69695
-1.74787
-1.79932
-1.849
-1.89926
-1.9474
-0.990705
-1.04592
-1.09857
-1.1469
-1.19252
-1.23734
-1.28401
-1.33931
-1.40105
-1.45899
-1.50426
-1.54768
-1.59634
-1.64927
-1.70011
-1.75085
-1.80199
-1.85115
-1.89997
-1.94752
-0.979691
-1.03368
-1.08757
-1.13683
-1.1857
-1.23548
-1.28797
-1.34733
-1.40746
-1.46028
-1.50377
-1.54671
-1.5966
-1.65075
-1.70258
-1.7525
-1.80247
-1.85136
-1.90002
-1.9475
-0.965274
-1.01787
-1.07149
-1.12618
-1.18046
-1.23434
-1.2884
-1.34606
-1.40226
-1.4526
-1.49719
-1.54219
-1.59432
-1.64882
-1.70091
-1.75034
-1.80045
-1.85084
-1.90014
-1.94762
-0.952454
-1.00492
-1.05951
-1.11503
-1.17343
-1.2284
-1.28188
-1.33649
-1.38987
-1.43995
-1.48733
-1.53543
-1.5885
-1.64385
-1.69651
-1.74579
-1.79765
-1.85003
-1.9001
-1.94764
-0.946201
-0.997978
-1.05227
-1.10813
-1.16183
-1.21493
-1.26877
-1.32269
-1.3759
-1.42793
-1.47847
-1.52889
-1.58211
-1.63879
-1.69193
-1.744
-1.79756
-1.85033
-1.89988
-1.94694
-0.939061
-0.989506
-1.04476
-1.10107
-1.15498
-1.20777
-1.25979
-1.31131
-1.36453
-1.41889
-1.47235
-1.52513
-1.58007
-1.63693
-1.69196
-1.74575
-1.79923
-1.85079
-1.89901
-1.94579
-0.935757
-0.984256
-1.03968
-1.09806
-1.15333
-1.20613
-1.25874
-1.30863
-1.35912
-1.41304
-1.46947
-1.52642
-1.58324
-1.63912
-1.69398
-1.74748
-1.79964
-1.84953
-1.89702
-1.94388
-0.950805
-0.99381
-1.04147
-1.09802
-1.15468
-1.20848
-1.26082
-1.30839
-1.35714
-1.41322
-1.47167
-1.52853
-1.58428
-1.63958
-1.69426
-1.74717
-1.7977
-1.84627
-1.89385
-1.94158
-0.969646
-1.01118
-1.05305
-1.0983
-1.15222
-1.21026
-1.26275
-1.3074
-1.35743
-1.42033
-1.48177
-1.53576
-1.58746
-1.64022
-1.69311
-1.74452
-1.79409
-1.84256
-1.89106
-1.93983
-0.979357
-1.02366
-1.07028
-1.10545
-1.14842
-1.20775
-1.26028
-1.29981
-1.35359
-1.42401
-1.48651
-1.53927
-1.58962
-1.64104
-1.69231
-1.74208
-1.7911
-1.84029
-1.88989
-1.93909
-0.975724
-1.02448
-1.08364
-1.11983
-1.1508
-1.20296
-1.25202
-1.28732
-1.3435
-1.41438
-1.47804
-1.53218
-1.58484
-1.63841
-1.69083
-1.74159
-1.79164
-1.84123
-1.89019
-1.93893
-0.964407
-1.02051
-1.09249
-1.13641
-1.16221
-1.20369
-1.24615
-1.28203
-1.33932
-1.40276
-1.46271
-1.51975
-1.57491
-1.62936
-1.68475
-1.74047
-1.79302
-1.84275
-1.8911
-1.93953
-0.950478
-1.01632
-1.09392
-1.14273
-1.17224
-1.21082
-1.2519
-1.29035
-1.34873
-1.40521
-1.45963
-1.51519
-1.56769
-1.62063
-1.678
-1.7394
-1.79711
-1.84647
-1.89255
-1.93983
-0.940439
-1.01251
-1.08198
-1.13224
-1.1728
-1.21593
-1.25747
-1.30179
-1.36084
-1.41536
-1.46652
-1.51952
-1.57077
-1.62342
-1.68043
-1.74253
-1.80093
-1.84956
-1.89431
-1.94093
-0.940156
-1.00754
-1.06645
-1.11887
-1.17035
-1.22016
-1.26043
-1.30908
-1.36727
-1.42166
-1.47291
-1.52471
-1.5775
-1.63235
-1.68894
-1.74615
-1.80008
-1.84823
-1.89415
-1.94129
-0.942209
-1.00151
-1.0606
-1.11732
-1.16901
-1.21743
-1.25888
-1.30807
-1.36337
-1.41835
-1.47169
-1.52486
-1.57872
-1.63335
-1.68835
-1.74277
-1.79512
-1.84492
-1.89328
-1.94143
)
;
    }
    lowerWall
    {
        type            calculated;
        value           nonuniform List<scalar> 
200
(
392.339
392.934
394.111
395.587
397.25
398.995
400.667
402.106
403.163
403.728
403.745
403.202
402.171
400.764
399.134
397.44
395.832
394.488
393.454
392.871
392.676
393.415
394.741
396.15
397.702
399.384
401.035
402.471
403.535
404.109
404.125
403.587
402.558
401.165
399.569
397.951
396.482
395.165
394.072
393.308
393.25
394.001
395.749
397.149
398.531
400.096
401.705
403.135
404.208
404.793
404.812
404.285
403.259
401.889
400.353
398.856
397.522
396.19
394.829
394.029
394.066
394.775
396.428
397.836
399.306
400.928
402.566
404.016
405.101
405.696
405.727
405.194
404.18
402.82
401.284
399.772
398.398
397.074
395.708
394.951
395.048
395.694
397.052
398.519
400.133
401.857
403.546
405.03
406.146
406.764
406.802
406.26
405.236
403.863
402.303
400.723
399.253
397.906
396.7
396.046
396.118
396.721
397.896
399.369
401.052
402.832
404.562
406.081
407.227
407.868
407.912
407.361
406.322
404.929
403.346
401.723
400.198
398.854
397.779
397.196
397.156
397.733
398.818
400.265
401.956
403.752
405.504
407.046
408.213
408.867
408.917
408.364
407.314
405.907
404.306
402.667
401.125
399.8
398.795
398.251
398.029
398.584
399.619
401.032
402.703
404.498
406.256
407.806
408.985
409.641
409.698
409.151
408.095
406.677
405.062
403.408
401.865
400.554
399.586
399.064
398.603
399.141
400.141
401.518
403.166
404.951
406.705
408.251
409.437
410.102
410.158
409.611
408.547
407.117
405.486
403.814
402.263
400.96
400.012
399.504
398.787
399.307
400.277
401.626
403.251
405.018
406.769
408.281
409.48
410.048
410.114
409.644
408.571
407.127
405.473
403.779
402.218
400.917
399.978
399.474
)
;
    }
    atmosphere
    {
        type            calculated;
        value           nonuniform List<scalar> 0();
    }
    procBoundary0to1
    {
        type            processor;
        value           nonuniform List<scalar> 
800
(
373.981
324.815
275.601
226.231
176.791
127.393
78.597
33.9387
6.87509
-0.24114
-0.333266
-0.418838
-0.495014
-0.590709
-0.670045
-0.725513
-0.77373
-0.820849
-0.868413
-0.915421
374.498
325.344
276.254
226.915
177.475
128.106
78.9479
34.2198
6.97679
-0.326195
-0.431769
-0.481154
-0.51076
-0.593431
-0.679916
-0.741299
-0.788466
-0.835352
-0.88416
-0.931344
375.447
326.366
277.318
228.21
179.053
130.033
81.0436
35.6261
7.53985
-0.392057
-0.466721
-0.494574
-0.491799
-0.560127
-0.667286
-0.749502
-0.804645
-0.849482
-0.896494
-0.942403
376.772
327.785
278.902
230.078
181.373
132.864
84.5768
38.7722
8.39344
-0.354467
-0.420223
-0.480957
-0.510547
-0.570538
-0.656548
-0.745088
-0.806269
-0.849423
-0.902478
-0.952322
378.366
329.51
280.863
232.424
184.24
136.299
88.7425
42.6686
9.84751
-0.30374
-0.398905
-0.470146
-0.529394
-0.588551
-0.673713
-0.759325
-0.809045
-0.854415
-0.908002
-0.962675
380.092
331.403
283.022
235.025
187.414
140.096
93.3217
47.2274
11.6521
-0.259298
-0.40384
-0.460782
-0.542303
-0.614045
-0.700748
-0.770251
-0.822247
-0.872206
-0.924213
-0.978156
381.77
333.268
285.199
237.68
190.647
143.996
98.2001
52.7774
14.5706
-0.0391641
-0.393621
-0.430445
-0.547249
-0.64092
-0.719013
-0.783598
-0.840255
-0.889653
-0.934554
-0.986641
383.292
334.972
287.21
240.167
193.69
147.725
103.059
59.0379
19.1151
0.599141
-0.302941
-0.376825
-0.55965
-0.658465
-0.732956
-0.796937
-0.848603
-0.890154
-0.932362
-0.987456
384.447
336.307
288.831
242.244
196.306
150.888
106.977
63.8179
23.5948
1.5826
-0.181919
-0.367374
-0.563314
-0.667761
-0.743983
-0.805425
-0.846483
-0.879911
-0.925334
-0.986038
385.226
337.227
289.862
243.571
198.044
152.913
109.251
65.452
25.2252
2.10778
-0.278994
-0.417859
-0.567978
-0.676995
-0.752442
-0.808011
-0.838195
-0.867462
-0.920371
-0.984175
385.3
337.358
290.093
243.807
198.262
153.138
109.411
64.487
24.3386
1.94966
-0.540835
-0.528598
-0.61066
-0.697239
-0.756155
-0.804307
-0.830706
-0.859016
-0.918503
-0.986537
384.645
336.547
289.141
242.68
196.963
151.87
108.162
63.823
23.9816
1.06852
-0.979794
-0.674401
-0.662632
-0.716796
-0.757522
-0.800756
-0.829548
-0.859566
-0.924732
-1.00129
383.546
335.281
287.629
240.797
194.659
149.145
105.067
61.6721
22.6136
0.14946
-1.19157
-0.747719
-0.702056
-0.737215
-0.76434
-0.802187
-0.832753
-0.864964
-0.931698
-1.01775
382.087
333.636
285.662
238.348
191.628
145.446
100.366
56.5235
18.8823
-0.176012
-0.908472
-0.702247
-0.715785
-0.746081
-0.765095
-0.800786
-0.835771
-0.871612
-0.938196
-1.03176
380.418
331.775
283.5
235.675
188.312
141.313
95.0279
50.2413
14.1261
-0.374614
-0.641492
-0.628807
-0.695092
-0.732162
-0.75781
-0.797014
-0.839602
-0.878565
-0.942682
-1.04136
378.717
329.902
281.371
233.076
185.097
137.361
89.9736
44.7361
11.0668
-0.425857
-0.538517
-0.579564
-0.658387
-0.707638
-0.744027
-0.78987
-0.842683
-0.888181
-0.947684
-1.03735
377.151
328.186
279.444
230.726
182.19
133.793
85.2626
39.8397
8.89717
-0.432764
-0.497271
-0.547638
-0.619574
-0.679522
-0.727844
-0.781898
-0.842989
-0.896567
-0.956207
-1.02864
375.853
326.807
277.837
228.824
179.817
130.952
81.031
35.782
6.57644
-0.407816
-0.46818
-0.516363
-0.581382
-0.653113
-0.719145
-0.77962
-0.837986
-0.893406
-0.958016
-1.01986
374.919
325.809
276.744
227.508
178.163
128.742
78.8709
33.0059
5.0522
-0.386778
-0.441072
-0.491814
-0.557712
-0.637177
-0.713999
-0.771989
-0.821464
-0.868917
-0.928464
-0.994406
374.419
325.291
276.14
226.827
177.433
127.932
78.2927
31.9449
4.53731
-0.375034
-0.429985
-0.488876
-0.553857
-0.625043
-0.690545
-0.7466
-0.795873
-0.842896
-0.898138
-0.956865
-0.960344
-1.00188
-1.041
-1.07847
-1.12217
-1.17627
-1.24537
-1.3168
-1.38018
-1.43662
-1.49938
-1.55382
-1.59619
-1.64434
-1.70021
-1.74914
-1.79672
-1.84356
-1.88925
-1.93699
-0.972212
-1.00915
-1.0468
-1.08771
-1.1353
-1.19668
-1.27653
-1.36627
-1.42489
-1.46216
-1.50585
-1.55581
-1.59533
-1.64405
-1.70361
-1.75318
-1.80045
-1.84646
-1.89228
-1.93843
-0.98238
-1.02059
-1.0607
-1.10476
-1.15453
-1.21787
-1.30057
-1.39669
-1.47082
-1.50706
-1.5319
-1.56129
-1.59274
-1.64529
-1.71196
-1.76408
-1.80238
-1.84515
-1.89348
-1.94062
-0.997143
-1.03995
-1.08456
-1.13162
-1.18311
-1.24578
-1.32381
-1.41822
-1.50446
-1.54065
-1.55195
-1.56739
-1.595
-1.65374
-1.72568
-1.76729
-1.79738
-1.84222
-1.89272
-1.94121
-1.01446
-1.06395
-1.11045
-1.15815
-1.212
-1.27771
-1.35559
-1.44827
-1.51991
-1.54969
-1.55968
-1.57664
-1.60501
-1.66395
-1.73142
-1.76707
-1.79794
-1.84303
-1.89443
-1.94279
-1.03092
-1.08038
-1.12688
-1.17298
-1.2235
-1.28698
-1.36589
-1.45851
-1.51563
-1.53612
-1.5514
-1.5793
-1.61238
-1.66211
-1.72316
-1.76645
-1.80917
-1.85139
-1.89464
-1.94705
-1.04044
-1.09065
-1.13415
-1.17256
-1.21235
-1.26275
-1.33232
-1.41219
-1.47092
-1.50072
-1.53184
-1.57202
-1.6083
-1.64776
-1.69982
-1.75532
-1.81276
-1.85794
-1.89784
-1.95046
-1.04576
-1.098
-1.13776
-1.16784
-1.19917
-1.24178
-1.30105
-1.37317
-1.43225
-1.47269
-1.52003
-1.56476
-1.59972
-1.63248
-1.68443
-1.74837
-1.80876
-1.85455
-1.89791
-1.94868
-1.04924
-1.10388
-1.14237
-1.16878
-1.19778
-1.23775
-1.29075
-1.3531
-1.41433
-1.46624
-1.51477
-1.55868
-1.59322
-1.63052
-1.68579
-1.74517
-1.79907
-1.8458
-1.89223
-1.94271
-1.04724
-1.10077
-1.13817
-1.16463
-1.19393
-1.23264
-1.28046
-1.33562
-1.3929
-1.44758
-1.49992
-1.5462
-1.58733
-1.63496
-1.68907
-1.74295
-1.79323
-1.84037
-1.88858
-1.93938
-1.04708
-1.09391
-1.12829
-1.15601
-1.18857
-1.22805
-1.27228
-1.32075
-1.37273
-1.42664
-1.48086
-1.53344
-1.58334
-1.63621
-1.69003
-1.743
-1.79329
-1.84121
-1.88747
-1.93585
-1.06249
-1.10502
-1.13597
-1.16392
-1.19624
-1.23342
-1.27282
-1.31359
-1.35951
-1.41467
-1.47212
-1.52566
-1.5795
-1.63634
-1.6915
-1.74469
-1.7952
-1.84228
-1.88764
-1.93358
-1.08918
-1.13627
-1.16803
-1.19092
-1.21286
-1.24289
-1.27739
-1.31307
-1.35053
-1.40143
-1.46526
-1.52391
-1.57958
-1.63816
-1.69275
-1.74403
-1.79257
-1.83836
-1.88409
-1.93192
-1.11406
-1.1707
-1.205
-1.22675
-1.24534
-1.27021
-1.29952
-1.33089
-1.36136
-1.40536
-1.46828
-1.53263
-1.59348
-1.64868
-1.69845
-1.74328
-1.78915
-1.83453
-1.8805
-1.9294
-1.1384
-1.20579
-1.2445
-1.26653
-1.28063
-1.29964
-1.32559
-1.35582
-1.39016
-1.42708
-1.47982
-1.54015
-1.59848
-1.65015
-1.70204
-1.74284
-1.78861
-1.83286
-1.87908
-1.92853
-1.1445
-1.22014
-1.26807
-1.30016
-1.31707
-1.33266
-1.35567
-1.38447
-1.42164
-1.46063
-1.49869
-1.54136
-1.59229
-1.64275
-1.69165
-1.73869
-1.78549
-1.83168
-1.87938
-1.92964
-1.12268
-1.19802
-1.25003
-1.29291
-1.31763
-1.33638
-1.3651
-1.40342
-1.4509
-1.49038
-1.52195
-1.54677
-1.58386
-1.63381
-1.68678
-1.73463
-1.78262
-1.83033
-1.87934
-1.93068
-1.08703
-1.15572
-1.19971
-1.23745
-1.26611
-1.29637
-1.34144
-1.40156
-1.46576
-1.50978
-1.52913
-1.54832
-1.58811
-1.63855
-1.69091
-1.74184
-1.78984
-1.83684
-1.88477
-1.93481
-1.04443
-1.09034
-1.13124
-1.16951
-1.20385
-1.24597
-1.30287
-1.37395
-1.44591
-1.49476
-1.52711
-1.55824
-1.59811
-1.6499
-1.70279
-1.75068
-1.7989
-1.84712
-1.89282
-1.9395
-1.01066
-1.05899
-1.10313
-1.1429
-1.18482
-1.23032
-1.27898
-1.33303
-1.39473
-1.45207
-1.49865
-1.54516
-1.598
-1.65686
-1.70612
-1.75323
-1.79815
-1.84678
-1.89469
-1.93927
)
;
    }
    procBoundary0to2
    {
        type            processor;
        value           nonuniform List<scalar> 
200
(
-1.99331
-1.99332
-1.99341
-1.99351
-1.99348
-1.99308
-1.99221
-1.99087
-1.9889
-1.98694
-1.9935
-1.99353
-1.99353
-1.99363
-1.99373
-1.99344
-1.9925
-1.99105
-1.989
-1.98724
-1.99395
-1.99443
-1.99464
-1.99425
-1.99376
-1.99358
-1.99277
-1.99137
-1.98987
-1.98854
-1.9944
-1.99484
-1.99452
-1.99333
-1.99282
-1.99272
-1.99239
-1.99128
-1.99006
-1.98895
-1.99423
-1.99394
-1.99397
-1.99413
-1.99225
-1.9912
-1.99102
-1.99032
-1.98955
-1.98929
-1.99416
-1.99317
-1.9928
-1.99298
-1.99121
-1.98959
-1.98918
-1.98901
-1.99032
-1.99399
-1.99429
-1.99343
-1.99255
-1.99241
-1.99055
-1.98865
-1.98799
-1.98793
-1.99142
-1.99567
-1.99441
-1.99407
-1.99275
-1.99203
-1.99033
-1.98796
-1.98631
-1.98531
-1.98941
-1.99256
-1.99383
-1.99385
-1.99292
-1.99145
-1.98946
-1.98677
-1.984
-1.98125
-1.98441
-1.98736
-1.99268
-1.99246
-1.99165
-1.99038
-1.98835
-1.98546
-1.9821
-1.97871
-1.97952
-1.98544
-1.99113
-1.99061
-1.98961
-1.98841
-1.98697
-1.98491
-1.98208
-1.97892
-1.97742
-1.98081
-1.98959
-1.98884
-1.98775
-1.98674
-1.98562
-1.98418
-1.98246
-1.98073
-1.97988
-1.98058
-1.9885
-1.9881
-1.98744
-1.98664
-1.98538
-1.98376
-1.98231
-1.98112
-1.98056
-1.98118
-1.98787
-1.98757
-1.98711
-1.98605
-1.98423
-1.98327
-1.98258
-1.98111
-1.97978
-1.97949
-1.98768
-1.98685
-1.98629
-1.98537
-1.9854
-1.98619
-1.98535
-1.9823
-1.97961
-1.97895
-1.98785
-1.98704
-1.98666
-1.98671
-1.98629
-1.98609
-1.98433
-1.98251
-1.9802
-1.97956
-1.98832
-1.98729
-1.98621
-1.98507
-1.9838
-1.98259
-1.98244
-1.98251
-1.98089
-1.98068
-1.98877
-1.98849
-1.98859
-1.98841
-1.9868
-1.98435
-1.98275
-1.98171
-1.98115
-1.98178
-1.98919
-1.98968
-1.99148
-1.99351
-1.99398
-1.99137
-1.98656
-1.98318
-1.98228
-1.98365
-1.98936
-1.99019
-1.99165
-1.99288
-1.99268
-1.99026
-1.98692
-1.98491
-1.98406
-1.98463
)
;
    }
}


// ************************************************************************* //
