/*--------------------------------*- C++ -*----------------------------------*\
| =========                 |                                                 |
| \\      /  F ield         | OpenFOAM: The Open Source CFD Toolbox           |
|  \\    /   O peration     | Version:  2312                                  |
|   \\  /    A nd           | Website:  www.openfoam.com                      |
|    \\/     M anipulation  |                                                 |
\*---------------------------------------------------------------------------*/
FoamFile
{
    version     2.0;
    format      ascii;
    arch        "LSB;label=32;scalar=64";
    class       volScalarField;
    location    "0.56";
    object      p;
}
// * * * * * * * * * * * * * * * * * * * * * * * * * * * * * * * * * * * * * //

dimensions      [1 -1 -2 0 0 0 0];

internalField   nonuniform List<scalar> 
8000
(
389.967
389.425
388.268
386.686
384.902
383.107
381.465
380.119
379.168
378.695
341.743
341.157
339.846
338.059
336.06
334.056
332.216
330.689
329.605
329.062
294.446
293.768
292.085
289.851
287.403
284.962
282.705
280.822
279.462
278.762
248.341
247.498
245.023
242.006
238.853
235.744
232.836
230.341
228.515
227.557
203.451
202.201
198.474
194.317
190.217
186.234
182.436
179.017
176.448
175.095
159.279
156.734
151.678
146.378
141.293
136.375
131.41
126.455
122.593
120.863
115.197
110.76
105.005
98.9239
92.9491
86.8807
80.2815
73.7906
68.6181
64.9501
71.5453
67.0168
61.0169
53.2061
46.8166
41.2125
34.2582
26.3293
20.3854
17.3733
36.0267
32.1394
23.5854
13.1191
8.88765
7.27041
5.24315
2.79804
1.27507
0.94014
17.1857
6.80318
0.592121
-0.268062
-0.388328
-0.408921
-0.400449
-0.360625
-0.297774
-0.222919
-0.201456
-0.401821
-0.440533
-0.429602
-0.431168
-0.427711
-0.42747
-0.413609
-0.359038
-0.303144
-0.359228
-0.401892
-0.421414
-0.419874
-0.429746
-0.432987
-0.424369
-0.405501
-0.374493
-0.34389
-0.38297
-0.399422
-0.429663
-0.447328
-0.459151
-0.462102
-0.456617
-0.440933
-0.42049
-0.406498
-0.435092
-0.454906
-0.482291
-0.49817
-0.507997
-0.50973
-0.50513
-0.495221
-0.48327
-0.475398
-0.513024
-0.519869
-0.536765
-0.551992
-0.5617
-0.56504
-0.560994
-0.5528
-0.544053
-0.538348
-0.574699
-0.577937
-0.589189
-0.598756
-0.603546
-0.608097
-0.60938
-0.606568
-0.601477
-0.597195
-0.630976
-0.632758
-0.640001
-0.64772
-0.64912
-0.651143
-0.653546
-0.654217
-0.653171
-0.651487
-0.686665
-0.688708
-0.694141
-0.704722
-0.703051
-0.702042
-0.703264
-0.703985
-0.704438
-0.704405
-0.743904
-0.75001
-0.750852
-0.760551
-0.760896
-0.756076
-0.756926
-0.757639
-0.758446
-0.759208
-0.80243
-0.80889
-0.807917
-0.810115
-0.815403
-0.810422
-0.81144
-0.812439
-0.813647
-0.814987
389.435
388.949
387.858
386.35
384.647
382.933
381.365
380.076
379.169
378.726
341.17
340.658
339.426
337.717
335.801
333.882
332.119
330.656
329.616
329.1
293.793
293.273
291.689
289.521
287.155
284.809
282.642
280.82
279.509
278.837
247.545
247.103
244.788
241.768
238.646
235.623
232.813
230.383
228.626
227.688
202.357
201.859
198.383
194.202
190.102
186.19
182.492
179.167
176.748
175.343
157.173
155.725
150.954
145.833
140.938
136.184
131.5
126.981
123.019
120.787
111.368
108.499
102.601
96.9228
91.326
85.4402
79.1108
72.6896
66.6124
62.6125
67.4497
64.8048
56.2008
49.1153
43.1538
37.2302
30.5494
23.2537
17.0074
13.0297
32.2353
27.0943
14.9928
9.45263
7.01991
4.52704
2.22517
1.20738
0.638543
0.597402
6.59602
0.784635
-0.171296
-0.360646
-0.397994
-0.407403
-0.410481
-0.380486
-0.309498
-0.185194
-0.395687
-0.477147
-0.459841
-0.433963
-0.426358
-0.432031
-0.44183
-0.427326
-0.361292
-0.291645
-0.404796
-0.418957
-0.424604
-0.428556
-0.435333
-0.434685
-0.424827
-0.406469
-0.372219
-0.339585
-0.403159
-0.425936
-0.452079
-0.46428
-0.47162
-0.473262
-0.464983
-0.445026
-0.421827
-0.409202
-0.457458
-0.480412
-0.498054
-0.510783
-0.519607
-0.520768
-0.514788
-0.501822
-0.487466
-0.479683
-0.535272
-0.538173
-0.545609
-0.561785
-0.572634
-0.575724
-0.569025
-0.558294
-0.548746
-0.543989
-0.596953
-0.593981
-0.588852
-0.598927
-0.610082
-0.618096
-0.618874
-0.613769
-0.607709
-0.603859
-0.647024
-0.646466
-0.635326
-0.640737
-0.649034
-0.656606
-0.66063
-0.661244
-0.659899
-0.657239
-0.701595
-0.704216
-0.690006
-0.695346
-0.701391
-0.704845
-0.705778
-0.706702
-0.707282
-0.707152
-0.75735
-0.77005
-0.750957
-0.754157
-0.756622
-0.758466
-0.758239
-0.758512
-0.759274
-0.760218
-0.81649
-0.843892
-0.816613
-0.810859
-0.810389
-0.812591
-0.812686
-0.813183
-0.814417
-0.816008
388.292
387.872
386.914
385.577
384.053
382.514
381.101
379.941
379.132
378.754
339.876
339.442
338.381
336.879
335.176
333.458
331.873
330.555
329.618
329.167
292.131
291.709
290.396
288.532
286.454
284.376
282.447
280.812
279.617
279.014
245.092
244.809
243.041
240.532
237.836
235.196
232.733
230.598
229.005
228.172
198.614
198.43
196.021
192.68
189.187
185.817
182.62
179.727
177.532
176.22
152
151.111
147.82
143.885
139.841
135.854
131.968
128.14
124.696
122.566
105.379
102.908
98.4515
94.0593
89.5446
84.7964
79.8132
74.7868
69.7882
65.7867
61.3322
56.6367
50.795
45.5875
40.6874
35.6619
30.4081
24.3184
17.9495
13.4798
24.0546
15.1974
10.9578
9.27875
6.93705
4.50327
2.24653
1.09657
0.531913
0.366872
0.6447
-0.163938
-0.330988
-0.374701
-0.383526
-0.373436
-0.388661
-0.399188
-0.304363
-0.18302
-0.44191
-0.460889
-0.434173
-0.413277
-0.410978
-0.41884
-0.424458
-0.400742
-0.338471
-0.270382
-0.422918
-0.424356
-0.425676
-0.428592
-0.43308
-0.433949
-0.433427
-0.414337
-0.37999
-0.344034
-0.429435
-0.449939
-0.464787
-0.47357
-0.481645
-0.487447
-0.483543
-0.464814
-0.442508
-0.4305
-0.475063
-0.496358
-0.508721
-0.517353
-0.524969
-0.530535
-0.530044
-0.517466
-0.498942
-0.493408
-0.53268
-0.547267
-0.553646
-0.559908
-0.566102
-0.56911
-0.569853
-0.564314
-0.552869
-0.549418
-0.593712
-0.599296
-0.593125
-0.595177
-0.603389
-0.606938
-0.608914
-0.608608
-0.605489
-0.603689
-0.650106
-0.648999
-0.636902
-0.634998
-0.644069
-0.650248
-0.652831
-0.654495
-0.655267
-0.655087
-0.697817
-0.702513
-0.690525
-0.686274
-0.693768
-0.700528
-0.702311
-0.704183
-0.705901
-0.706939
-0.749681
-0.759741
-0.750338
-0.745815
-0.749401
-0.754574
-0.755864
-0.757607
-0.75938
-0.761032
-0.809277
-0.826555
-0.819473
-0.808381
-0.806765
-0.810809
-0.810791
-0.812782
-0.814808
-0.817045
386.729
386.384
385.595
384.484
383.204
381.901
380.697
379.712
379.029
378.738
338.109
337.752
336.898
335.673
334.262
332.822
331.478
330.351
329.545
329.177
289.918
289.563
288.553
287.085
285.409
283.704
282.094
280.703
279.667
279.156
242.098
241.816
240.552
238.683
236.594
234.497
232.497
230.707
229.33
228.597
194.456
194.28
192.705
190.349
187.737
185.155
182.656
180.36
178.43
177.275
146.637
146.024
143.95
141.238
138.28
135.368
132.515
129.515
126.83
125.119
99.2075
97.3282
94.2165
90.8626
87.5031
84.1295
80.7071
77.2325
73.8595
71.0646
53.4128
49.5583
45.6965
41.3839
37.7585
34.612
31.3842
26.929
22.2472
18.0666
13.5438
9.24624
9.1089
7.51547
5.80217
4.38197
3.01406
1.61084
0.914767
0.508881
-0.269841
-0.358128
-0.374882
-0.36295
-0.34973
-0.339969
-0.336633
-0.369984
-0.32743
-0.234767
-0.432369
-0.44016
-0.42287
-0.403956
-0.389642
-0.389883
-0.403632
-0.399101
-0.354128
-0.301648
-0.426538
-0.433383
-0.436723
-0.433949
-0.430801
-0.438089
-0.45563
-0.451544
-0.41158
-0.361173
-0.44809
-0.464814
-0.47684
-0.484089
-0.489336
-0.501796
-0.516742
-0.509096
-0.473879
-0.452984
-0.49755
-0.511595
-0.519347
-0.524906
-0.533279
-0.547107
-0.557521
-0.55687
-0.527422
-0.512759
-0.546547
-0.559071
-0.563402
-0.563881
-0.567274
-0.574344
-0.582988
-0.586207
-0.568819
-0.561983
-0.594567
-0.601505
-0.60186
-0.599817
-0.601887
-0.605441
-0.608541
-0.612876
-0.611103
-0.608909
-0.644132
-0.647022
-0.644919
-0.641753
-0.644144
-0.64884
-0.650154
-0.653037
-0.656429
-0.65707
-0.692859
-0.697722
-0.697557
-0.691722
-0.695068
-0.69921
-0.700321
-0.702617
-0.705746
-0.707801
-0.744859
-0.752288
-0.753736
-0.751446
-0.752299
-0.753677
-0.754123
-0.756311
-0.759283
-0.761847
-0.801692
-0.811748
-0.817014
-0.812077
-0.810885
-0.80991
-0.809657
-0.811883
-0.815096
-0.818158
384.968
384.703
384.095
383.226
382.213
381.173
380.206
379.416
378.873
378.686
336.135
335.863
335.22
334.286
333.19
332.054
330.972
330.053
329.383
329.119
287.497
287.227
286.504
285.437
284.185
282.878
281.606
280.465
279.565
279.152
238.979
238.736
237.894
236.626
235.158
233.626
232.097
230.641
229.438
228.745
190.394
190.231
189.261
187.775
186.073
184.32
182.526
180.757
179.141
178.206
141.579
141.185
139.984
138.359
136.6
134.848
133.038
131.022
129.15
127.981
93.2937
91.8441
89.8656
87.6944
85.8238
84.2425
82.7446
81.1029
79.8621
78.5597
47.1009
43.842
41.0315
37.9383
36.1714
35.2069
33.9676
31.7662
29.4306
27.2529
9.14888
7.0122
6.97371
5.88536
5.256
4.97361
4.32383
2.96535
2.27008
1.57625
-0.395174
-0.39799
-0.372212
-0.351424
-0.333266
-0.316966
-0.314673
-0.341052
-0.354879
-0.320317
-0.435024
-0.430552
-0.420691
-0.40988
-0.395912
-0.378275
-0.387232
-0.399995
-0.398471
-0.370565
-0.442043
-0.440934
-0.447261
-0.453767
-0.454848
-0.444222
-0.450189
-0.468431
-0.434762
-0.353464
-0.469543
-0.476299
-0.486676
-0.501742
-0.510889
-0.512494
-0.513804
-0.534004
-0.509359
-0.468404
-0.512213
-0.520996
-0.52556
-0.534742
-0.548066
-0.558967
-0.563128
-0.583968
-0.570997
-0.539272
-0.556928
-0.564995
-0.565123
-0.567198
-0.576231
-0.586111
-0.593579
-0.607925
-0.59134
-0.583943
-0.60083
-0.604156
-0.602997
-0.601513
-0.605506
-0.609521
-0.612645
-0.623301
-0.617314
-0.617442
-0.647091
-0.648949
-0.647585
-0.644221
-0.64637
-0.648247
-0.647094
-0.651855
-0.657204
-0.659439
-0.69588
-0.699574
-0.698941
-0.694498
-0.696339
-0.697437
-0.697173
-0.699792
-0.705077
-0.708767
-0.747476
-0.751902
-0.753758
-0.750074
-0.751269
-0.75082
-0.750982
-0.753661
-0.758556
-0.761862
-0.803404
-0.808279
-0.810142
-0.807706
-0.808385
-0.806655
-0.806723
-0.809681
-0.814994
-0.818417
383.201
383.017
382.582
381.95
381.201
380.425
379.693
379.1
378.694
378.605
334.161
333.974
333.532
332.874
332.083
331.243
330.421
329.715
329.178
329.044
285.09
284.919
284.461
283.763
282.91
281.977
281.016
280.072
279.253
278.872
235.916
235.768
235.302
234.566
233.662
232.639
231.505
230.269
229.045
228.246
186.482
186.403
185.958
185.236
184.361
183.353
182.137
180.583
178.857
177.583
136.739
136.538
136.094
135.514
134.915
134.196
133.23
131.9
130.177
130.837
87.3405
86.1325
85.3205
84.5189
84.46
84.7244
84.8058
84.6553
84.5257
85.684
41.7269
38.296
36.421
35.1543
35.5131
36.3278
36.6434
36.9129
37.4903
37.335
7.70882
4.86462
4.77703
4.60213
5.11913
5.88318
5.54505
4.23698
4.00734
4.39114
-0.412456
-0.387175
-0.339487
-0.332751
-0.322328
-0.320572
-0.311296
-0.324767
-0.359901
-0.396372
-0.438602
-0.437126
-0.416828
-0.40846
-0.413567
-0.415516
-0.411516
-0.4118
-0.442841
-0.518993
-0.455661
-0.449355
-0.452851
-0.460635
-0.482289
-0.482329
-0.463873
-0.459744
-0.437206
-0.364101
-0.487669
-0.489501
-0.491732
-0.504905
-0.527192
-0.535331
-0.514058
-0.523923
-0.51789
-0.474025
-0.522895
-0.530725
-0.530366
-0.540822
-0.560337
-0.572626
-0.567936
-0.586879
-0.593801
-0.56262
-0.561478
-0.569353
-0.568411
-0.573362
-0.589679
-0.605039
-0.615247
-0.622013
-0.610411
-0.612576
-0.602172
-0.606049
-0.605254
-0.605372
-0.615032
-0.626706
-0.63599
-0.638996
-0.62087
-0.632707
-0.646421
-0.649154
-0.648795
-0.645535
-0.649075
-0.652717
-0.652548
-0.653132
-0.653077
-0.663266
-0.69428
-0.69681
-0.696407
-0.693964
-0.694633
-0.695257
-0.69402
-0.692714
-0.699304
-0.708939
-0.745071
-0.746925
-0.746976
-0.746037
-0.746381
-0.74619
-0.746255
-0.747329
-0.753948
-0.759111
-0.799439
-0.801383
-0.801866
-0.801349
-0.801543
-0.801147
-0.801823
-0.804776
-0.812224
-0.815987
381.585
381.475
381.196
380.775
380.266
379.726
379.208
378.799
378.52
378.529
332.349
332.24
331.976
331.56
331.033
330.455
329.873
329.35
328.956
328.902
282.871
282.789
282.566
282.184
281.672
281.052
280.322
279.5
278.696
278.367
233.062
233.012
232.881
232.597
232.169
231.551
230.717
229.381
227.882
225.966
182.762
182.799
182.811
182.747
182.598
182.16
181.22
179.222
176.855
175.205
131.859
131.935
132.232
132.635
133.084
133.242
132.937
132.014
134.976
135.905
80.9095
79.9542
80.4333
81.0917
82.9603
84.9393
86.6548
88.3393
92.9217
96.1842
35.0015
31.8526
31.2933
31.9525
34.2695
36.8335
39.3352
42.3985
48.3208
53.5098
5.80219
2.59448
2.62475
3.29432
4.52796
5.55805
5.11601
5.58518
9.60668
15.3512
-0.397807
-0.379009
-0.353756
-0.32965
-0.304063
-0.31877
-0.357123
-0.304975
-0.345789
0.867996
-0.446628
-0.446992
-0.415994
-0.400585
-0.395201
-0.427229
-0.472903
-0.451999
-0.642234
-0.371558
-0.459639
-0.45546
-0.461248
-0.460077
-0.466486
-0.49471
-0.500479
-0.445655
-0.388826
-0.459316
-0.494604
-0.49741
-0.501572
-0.510913
-0.524708
-0.536468
-0.51317
-0.500142
-0.504335
-0.471732
-0.527415
-0.538124
-0.539939
-0.551264
-0.567572
-0.588904
-0.575671
-0.585626
-0.605424
-0.564413
-0.561985
-0.57342
-0.57495
-0.583454
-0.602492
-0.635632
-0.652066
-0.63273
-0.638992
-0.614993
-0.600018
-0.606463
-0.608943
-0.612066
-0.626076
-0.654748
-0.675636
-0.660913
-0.638479
-0.644445
-0.64261
-0.645512
-0.646584
-0.646309
-0.652161
-0.664666
-0.667808
-0.658838
-0.648033
-0.667539
-0.68995
-0.691021
-0.690147
-0.688842
-0.690615
-0.694321
-0.690615
-0.67757
-0.682508
-0.708219
-0.740285
-0.740591
-0.739609
-0.738365
-0.738915
-0.739278
-0.738217
-0.731662
-0.739251
-0.755745
-0.793886
-0.79421
-0.793769
-0.792909
-0.792994
-0.793266
-0.794267
-0.793991
-0.803678
-0.815322
380.259
380.208
380.06
379.818
379.512
379.18
378.861
378.653
378.574
378.679
330.844
330.799
330.68
330.459
330.151
329.798
329.421
329.121
328.98
328.908
281.012
280.989
280.953
280.82
280.575
280.18
279.595
278.848
278.465
277.969
230.605
230.613
230.767
230.828
230.749
230.382
229.501
228.004
226.545
224.208
179.407
179.571
179.924
180.396
180.818
180.689
179.592
177.228
172.319
168.931
127.001
127.403
128.296
129.479
130.971
131.897
131.584
131.733
126.442
118.544
74.4646
73.5704
75.122
77.2568
81.0314
84.8605
87.9502
92.3089
97.2701
82.7262
27.1543
24.3154
24.465
26.5232
31.2283
36.7786
42.5274
52.9909
63.1524
50.9156
3.191
1.38295
1.25154
1.68392
2.85664
4.02411
5.26532
13.7212
27.6774
21.8019
-0.372327
-0.376744
-0.374812
-0.344768
-0.291559
-0.284467
-0.275044
-0.537838
7.54896
6.30492
-0.432075
-0.432046
-0.406186
-0.394611
-0.382458
-0.413706
-0.507605
-0.52256
0.597305
2.89463
-0.456564
-0.449695
-0.457251
-0.465313
-0.486431
-0.548336
-0.57617
-0.505885
-0.907607
-0.522093
-0.491105
-0.492851
-0.50627
-0.524811
-0.560737
-0.642249
-0.582246
-0.501059
-0.466622
-0.493107
-0.524032
-0.536536
-0.548168
-0.570676
-0.621269
-0.700277
-0.633742
-0.605567
-0.621745
-0.601196
-0.557333
-0.570462
-0.578398
-0.601124
-0.652078
-0.744436
-0.731512
-0.680059
-0.69637
-0.670807
-0.593307
-0.600026
-0.60582
-0.619035
-0.639388
-0.687436
-0.728159
-0.707039
-0.69457
-0.696382
-0.635099
-0.636377
-0.638544
-0.643536
-0.640854
-0.640468
-0.651036
-0.679195
-0.681566
-0.686588
-0.682215
-0.681566
-0.68034
-0.680335
-0.675673
-0.666464
-0.652403
-0.664448
-0.677411
-0.695042
-0.732896
-0.731758
-0.729616
-0.7276
-0.72421
-0.718623
-0.713979
-0.710786
-0.722064
-0.730092
-0.786874
-0.785912
-0.784111
-0.78185
-0.780095
-0.777426
-0.772886
-0.780226
-0.78988
-0.795359
379.32
379.314
379.265
379.155
379.006
378.835
378.685
378.718
378.881
379.258
329.773
329.769
329.757
329.673
329.523
329.338
329.175
329.191
329.338
329.655
279.664
279.677
279.768
279.801
279.729
279.468
278.93
278.866
278.28
278.616
228.791
228.806
229.17
229.429
229.577
229.329
228.662
227.608
223.991
224.35
176.882
177.147
177.652
178.369
179.225
178.913
177.159
171.256
163.901
166.097
123.301
123.481
124.691
126.494
128.854
129.861
132.088
125.334
111.778
106.631
69.1175
67.3006
69.5306
73.1619
79.0323
84.9068
90.531
95.0339
76.3037
64.7833
20.9805
17.4838
17.2472
20.447
27.6462
37.1185
48.8527
61.3347
41.2679
37.1273
1.53913
0.652773
0.482736
0.670084
1.79281
3.90347
8.73253
27.5705
18.7435
15.4425
-0.326483
-0.34184
-0.306519
-0.309082
-0.274105
-0.275056
-0.940187
5.33233
5.66377
3.87404
-0.418701
-0.403541
-0.377272
-0.36675
-0.372418
-0.401214
-0.693143
1.57687
1.11776
0.6138
-0.447868
-0.433069
-0.442918
-0.465292
-0.528036
-0.588412
-0.449454
-1.11142
-0.467853
-0.491449
-0.481766
-0.482907
-0.50933
-0.54801
-0.6508
-0.72402
-0.549072
-0.910981
0.0679227
-0.733968
-0.51342
-0.527859
-0.553076
-0.612629
-0.737979
-0.833626
-0.572141
-0.456024
-0.390495
-0.689904
-0.546289
-0.557693
-0.579488
-0.636847
-0.721388
-0.850798
-0.793722
-0.596269
-0.624609
-0.656864
-0.581708
-0.585187
-0.597624
-0.627306
-0.601993
-0.574567
-0.737761
-0.711992
-0.652004
-0.706026
-0.623466
-0.621103
-0.623268
-0.630859
-0.57417
-0.465221
-0.557254
-0.703151
-0.699317
-0.698689
-0.671506
-0.667676
-0.66302
-0.659639
-0.635402
-0.562796
-0.541771
-0.641553
-0.669349
-0.663116
-0.72388
-0.720515
-0.71447
-0.707111
-0.693762
-0.667171
-0.658305
-0.671769
-0.688179
-0.669562
-0.779432
-0.776995
-0.772244
-0.76558
-0.756986
-0.74813
-0.746393
-0.747169
-0.768877
-0.765094
378.848
378.87
378.88
378.851
378.802
378.729
378.697
378.906
379.465
380.593
329.231
329.251
329.294
329.282
329.223
329.157
329.102
329.297
329.999
331.872
278.968
279.006
279.147
279.244
279.26
279.02
278.626
278.704
279.15
281.193
227.84
227.91
228.301
228.611
228.832
228.446
227.141
225.989
225.666
227.889
175.509
175.662
176.29
177.11
178.434
177.123
176.364
172.495
167.045
171.291
121.444
121.189
122.525
124.651
128.005
132.335
132.469
122.825
103.48
119.527
65.645
63.0499
65.4282
70.0984
77.5784
85.4281
89.2586
88.9472
62.1378
67.8161
17.933
13.1445
12.6783
16.0244
24.878
38.3972
50.4332
55.265
38.5142
37.1916
1.02732
0.489304
0.235755
0.297509
1.29284
4.26587
13.2977
26.8957
18.7478
16.3014
-0.298453
-0.26611
-0.23639
-0.254524
-0.246885
-0.214406
-1.89944
14.7149
5.38151
4.66899
-0.403694
-0.379433
-0.358758
-0.364723
-0.384957
-0.373608
-0.721778
8.55892
0.213532
-0.100253
-0.434225
-0.417447
-0.447957
-0.516618
-0.594595
-0.61968
-0.304872
-0.0526123
-0.853632
-0.823331
-0.470815
-0.476843
-0.535111
-0.61953
-0.730133
-0.796564
-0.483381
-1.43915
-1.07657
-0.774447
-0.497131
-0.523089
-0.584742
-0.678014
-0.780545
-0.772025
-0.610313
-0.920811
-0.896933
-0.521395
-0.527403
-0.545434
-0.597751
-0.700076
-0.863797
-0.755537
-0.778591
-0.757587
-0.563825
-0.463286
-0.565557
-0.568949
-0.591363
-0.650382
-0.731295
-0.685848
-0.744575
-0.75975
-0.627552
-0.700064
-0.610647
-0.60467
-0.600234
-0.600146
-0.55139
-0.52562
-0.611566
-0.733706
-0.710334
-0.760444
-0.661607
-0.653375
-0.636993
-0.605771
-0.532832
-0.468074
-0.521813
-0.626182
-0.683559
-0.672202
-0.716436
-0.71018
-0.695858
-0.669827
-0.621728
-0.566708
-0.56616
-0.625296
-0.679007
-0.572295
-0.773918
-0.769887
-0.760648
-0.744942
-0.721917
-0.698912
-0.696376
-0.723436
-0.768353
-0.676578
378.878
378.906
378.927
378.918
378.903
378.886
378.942
379.235
379.79
380.742
329.261
329.286
329.341
329.352
329.33
329.34
329.442
329.804
330.561
331.906
278.997
279.048
279.204
279.323
279.379
279.247
279.17
279.425
279.998
281.603
227.861
227.943
228.34
228.665
228.861
228.554
228.049
227.633
227.44
229.156
175.514
175.677
176.312
177.151
178.156
176.901
176.412
172.698
168.828
174.711
121.444
121.21
122.622
124.754
128.047
132.595
130.869
120.769
109.034
128.332
65.8073
63.1877
65.6095
70.3216
78.4117
86.8157
94.2839
89.9108
60.6862
72.3564
18.413
13.4567
12.949
16.3104
25.4589
37.9641
55.165
50.3449
37.5462
38.2462
1.03289
0.52185
0.28923
0.334463
1.20729
3.89721
13.6873
25.6814
21.2969
21.4359
-0.314852
-0.274572
-0.23859
-0.247314
-0.250263
-0.407288
5.49848
7.51561
6.37071
7.99938
-0.389454
-0.378217
-0.359452
-0.37144
-0.360656
-0.419928
0.586965
0.370754
0.36219
0.540244
-0.420811
-0.411516
-0.446399
-0.511821
-0.568281
-0.051602
-0.459933
-0.524716
-0.618004
-0.624828
-0.453359
-0.480161
-0.544859
-0.590934
-0.602011
-0.550497
-0.720955
-0.975744
-0.906395
-0.67964
-0.473834
-0.520077
-0.583416
-0.55335
-0.596652
-0.787207
-0.934913
-1.1304
-1.07808
-0.648863
-0.498733
-0.511898
-0.561689
-0.595415
-0.680103
-0.837234
-0.946221
-1.00995
-0.972612
-0.730806
-0.547845
-0.546089
-0.567647
-0.621509
-0.69992
-0.822832
-0.808129
-0.903573
-0.866546
-0.83322
-0.602838
-0.599782
-0.601067
-0.620669
-0.624699
-0.633225
-0.668252
-0.7899
-0.821712
-0.784875
-0.658748
-0.654877
-0.64807
-0.638918
-0.59837
-0.543809
-0.565839
-0.652506
-0.708244
-0.625592
-0.715292
-0.711991
-0.704379
-0.692076
-0.666603
-0.621931
-0.605559
-0.647371
-0.67048
-0.437879
-0.773247
-0.770626
-0.765133
-0.756345
-0.743383
-0.727784
-0.719482
-0.728693
-0.739783
-0.562042
379.403
379.41
379.39
379.332
379.267
379.216
379.222
379.336
379.444
379.672
329.854
329.863
329.878
329.849
329.794
329.764
329.799
329.984
330.179
330.23
279.742
279.784
279.9
279.992
280.041
280.012
279.939
279.914
279.725
279.323
228.848
228.931
229.27
229.577
229.817
229.807
229.432
228.767
227.293
226.529
176.853
177.088
177.655
178.407
179.193
179.111
178.147
176.516
170.931
170.459
123.092
123.377
124.66
126.43
128.682
129.98
132.454
129.785
119.432
119.029
69.3226
67.1878
69.3434
72.937
78.7233
83.5446
89.3107
93.8347
72.5203
68.5812
21.395
17.7188
17.5108
20.3096
27.2926
35.1401
44.2252
54.691
36.7455
43.7204
1.46163
0.729421
0.540268
0.568424
1.54429
3.55072
6.63251
23.1207
19.1822
24.9651
-0.357646
-0.368829
-0.321068
-0.32405
-0.210858
-0.21887
2.84011
5.10979
6.09709
8.33571
-0.425146
-0.422763
-0.393272
-0.38157
-0.395951
1.56938
-0.315964
-0.276974
0.277413
0.860295
-0.4442
-0.451518
-0.467982
-0.500576
0.0553211
-0.681079
-0.529862
-0.369529
-0.372633
-0.162229
-0.480315
-0.547971
-0.61029
-0.634476
-0.70308
-0.766442
-0.730679
-0.71685
-0.653001
-0.467282
-0.465556
-0.561757
-0.589749
-0.561793
-0.834314
-0.895369
-0.915424
-0.929915
-0.8396
-0.641415
-0.461337
-0.455844
-0.46472
-0.643308
-0.795035
-0.88626
-0.963791
-0.994361
-0.939214
-0.780789
-0.521627
-0.498932
-0.523393
-0.62439
-0.723171
-0.823495
-0.902558
-0.942992
-0.917449
-0.806505
-0.595243
-0.586446
-0.580074
-0.604984
-0.659065
-0.70864
-0.746599
-0.793712
-0.819943
-0.746549
-0.658
-0.653753
-0.648661
-0.649107
-0.654014
-0.646554
-0.651335
-0.681432
-0.717409
-0.684363
-0.716995
-0.713629
-0.709057
-0.704199
-0.697714
-0.684062
-0.673536
-0.695887
-0.712808
-0.650883
-0.775727
-0.773656
-0.769806
-0.764692
-0.758986
-0.7537
-0.753901
-0.771644
-0.800615
-0.707411
380.377
380.344
380.229
380.048
379.846
379.652
379.494
379.392
379.171
379.066
330.96
330.93
330.844
330.676
330.485
330.307
330.16
330.04
329.742
329.365
281.12
281.116
281.113
281.059
280.952
280.805
280.61
280.297
279.262
277.664
230.685
230.702
230.872
230.985
231.065
230.974
230.655
229.761
227.572
226.093
179.438
179.571
179.917
180.458
180.912
180.918
180.522
179.241
176.686
177.328
126.956
127.307
128.199
129.303
130.739
131.759
132.792
133.864
137.471
137.674
74.3466
73.2482
74.735
76.7619
80.2503
83.5161
86.1412
90.6243
95.37
99.1397
27.1223
24.2195
24.4947
26.356
30.2418
34.2762
37.8469
45.2005
53.7891
55.8369
2.98833
1.37683
1.15245
1.38513
2.45677
2.66658
2.08318
6.83644
19.0771
28.2441
-0.420549
-0.428159
-0.430549
-0.407897
-0.289144
-0.387485
-0.441153
0.188772
8.38767
13.1962
-0.479179
-0.482294
-0.468251
-0.474557
-0.444143
-0.428575
-0.421697
-0.396362
-0.337516
-0.166354
-0.483537
-0.495476
-0.531921
-0.60454
-0.595368
-0.603071
-0.608913
-0.500631
-0.417373
-0.322109
-0.520685
-0.586787
-0.700517
-0.769161
-0.718428
-0.710713
-0.699968
-0.648715
-0.558777
-0.434794
-0.523956
-0.602528
-0.757404
-0.889151
-0.845285
-0.84477
-0.862293
-0.831969
-0.722522
-0.600415
-0.525752
-0.532949
-0.597378
-0.771615
-0.863047
-0.896844
-0.94727
-0.914542
-0.812712
-0.710201
-0.56752
-0.564183
-0.561722
-0.642621
-0.745026
-0.826497
-0.893425
-0.891454
-0.810606
-0.725599
-0.619697
-0.62048
-0.612993
-0.626936
-0.674817
-0.722892
-0.763038
-0.761027
-0.742745
-0.689616
-0.671779
-0.672679
-0.670539
-0.670631
-0.677635
-0.685146
-0.686268
-0.685858
-0.696421
-0.675652
-0.726573
-0.725739
-0.723809
-0.72229
-0.720448
-0.717634
-0.710804
-0.716318
-0.724662
-0.706863
-0.782696
-0.781816
-0.779947
-0.777669
-0.775475
-0.773928
-0.774736
-0.784551
-0.804156
-0.800191
381.722
381.627
381.379
381.015
380.601
380.192
379.816
379.513
379.14
379.036
332.483
332.387
332.15
331.786
331.353
330.924
330.535
330.183
329.701
329.578
282.997
282.924
282.721
282.396
282
281.576
281.125
280.624
279.538
278.111
233.166
233.115
232.975
232.718
232.393
231.977
231.421
230.502
227.975
226.545
182.837
182.847
182.793
182.692
182.566
182.289
181.756
180.707
179.508
183.006
131.846
131.841
132.015
132.277
132.608
132.839
133.085
133.226
134.1
143.283
80.7811
79.6526
79.8112
80.1665
81.6131
83.2269
84.7062
85.9837
87.7772
94.7702
34.8206
31.596
30.6604
30.692
32.2116
33.8087
35.1028
37.4091
41.5606
48.7444
5.65284
2.45987
2.24905
2.59958
3.38408
3.28755
1.7287
2.69838
5.97395
10.9087
-0.462913
-0.4578
-0.418085
-0.365491
-0.293805
-0.307424
-0.486562
-0.474914
1.46072
3.78057
-0.494997
-0.492223
-0.477517
-0.44652
-0.404824
-0.414954
-0.466158
-0.451954
-0.441412
-0.353108
-0.502907
-0.501155
-0.51008
-0.519175
-0.518523
-0.550692
-0.601801
-0.56507
-0.50307
-0.424227
-0.533005
-0.562733
-0.62238
-0.639524
-0.648148
-0.659685
-0.6633
-0.626591
-0.567843
-0.504936
-0.555253
-0.597699
-0.682107
-0.744568
-0.781341
-0.792187
-0.798132
-0.758528
-0.682757
-0.603959
-0.572673
-0.592908
-0.645097
-0.752378
-0.831385
-0.872476
-0.885811
-0.827838
-0.723751
-0.661154
-0.603977
-0.614672
-0.6232
-0.678901
-0.749436
-0.804363
-0.824721
-0.802363
-0.715409
-0.667561
-0.642144
-0.649434
-0.650283
-0.659873
-0.689118
-0.716509
-0.72847
-0.714355
-0.690021
-0.666301
-0.687199
-0.689908
-0.691234
-0.692255
-0.696442
-0.699452
-0.694169
-0.689755
-0.692177
-0.685324
-0.737818
-0.73803
-0.738621
-0.738142
-0.737419
-0.735288
-0.73044
-0.731374
-0.733067
-0.7321
-0.791169
-0.791223
-0.791243
-0.790135
-0.788981
-0.787889
-0.788112
-0.793398
-0.798938
-0.79747
383.343
383.169
382.757
382.168
381.491
380.818
380.201
379.698
379.258
379.156
334.301
334.122
333.698
333.078
332.355
331.619
330.944
330.375
329.807
329.762
285.228
285.058
284.605
283.935
283.158
282.366
281.601
280.901
280.047
280.149
236.051
235.891
235.393
234.645
233.788
232.898
232.005
231.062
229.422
229.116
186.611
186.497
185.952
185.135
184.225
183.295
182.354
181.238
179.843
182.545
136.848
136.552
135.904
135.097
134.331
133.577
132.844
132.117
131.809
133.999
87.4748
86.0778
84.8167
83.5385
82.9934
82.8883
82.8592
82.8589
83.7618
86.3685
41.9867
38.3473
35.9242
33.8621
33.3307
33.2759
33.1756
32.7577
34.1196
37.2955
7.9117
4.75435
4.4169
3.94796
3.97571
4.04947
3.22503
1.60876
2.79173
6.59154
-0.460003
-0.452605
-0.415787
-0.372167
-0.345225
-0.324098
-0.423307
-0.614042
-0.587084
-0.279326
-0.485021
-0.476237
-0.453785
-0.42527
-0.416401
-0.432411
-0.482906
-0.520427
-0.523828
-0.493868
-0.497654
-0.492597
-0.482432
-0.47412
-0.484977
-0.508331
-0.548261
-0.563401
-0.57516
-0.583444
-0.523727
-0.539557
-0.563
-0.571861
-0.587208
-0.594242
-0.602316
-0.580128
-0.554582
-0.552148
-0.554115
-0.577802
-0.615139
-0.656629
-0.690825
-0.698885
-0.684702
-0.647
-0.603243
-0.577596
-0.586124
-0.606206
-0.631038
-0.678417
-0.73524
-0.750219
-0.733873
-0.691345
-0.638681
-0.609468
-0.618449
-0.636707
-0.641431
-0.666495
-0.710604
-0.735216
-0.728288
-0.697954
-0.656155
-0.634894
-0.654587
-0.66452
-0.670164
-0.67556
-0.688408
-0.6992
-0.69507
-0.681826
-0.670887
-0.659621
-0.69798
-0.701231
-0.706123
-0.707073
-0.709966
-0.710687
-0.702481
-0.699706
-0.701273
-0.695884
-0.746945
-0.748687
-0.751092
-0.750795
-0.750607
-0.748879
-0.745622
-0.746396
-0.748681
-0.749183
-0.799237
-0.801593
-0.802144
-0.801168
-0.800639
-0.799447
-0.799221
-0.802603
-0.8084
-0.816551
385.105
384.845
384.25
383.409
382.445
381.476
380.592
379.874
379.336
379.154
336.272
336.003
335.366
334.453
333.402
332.336
331.344
330.524
329.88
329.697
287.637
287.363
286.631
285.569
284.354
283.127
281.98
280.99
280.139
279.945
239.133
238.869
237.98
236.676
235.209
233.738
232.357
231.144
230.065
230.089
190.585
190.371
189.282
187.675
185.893
184.134
182.475
180.969
179.779
179.483
141.838
141.351
139.917
138.024
136.03
134.111
132.264
130.467
129.215
129.162
93.7093
92.0821
89.6798
87.0274
84.655
82.5845
80.6897
78.817
77.6082
77.5922
47.8445
44.3198
41.0147
37.262
34.5113
32.5741
30.6937
27.6446
25.3858
25.0512
9.7631
7.23751
6.88185
5.52117
4.44238
3.69214
2.70421
1.12583
0.784736
1.68942
-0.424453
-0.428061
-0.409544
-0.375414
-0.357603
-0.340319
-0.343794
-0.400652
-0.510901
-0.581536
-0.472366
-0.46182
-0.434918
-0.419063
-0.415363
-0.43154
-0.456219
-0.4662
-0.480366
-0.546702
-0.48184
-0.481618
-0.463573
-0.460784
-0.462408
-0.47411
-0.491751
-0.503852
-0.529836
-0.571186
-0.509881
-0.520502
-0.528508
-0.536698
-0.54411
-0.546459
-0.542581
-0.531065
-0.521126
-0.538348
-0.544346
-0.560421
-0.576207
-0.595734
-0.613235
-0.61496
-0.598741
-0.57854
-0.558806
-0.549635
-0.583545
-0.604428
-0.610133
-0.627407
-0.652915
-0.655923
-0.637703
-0.616949
-0.597409
-0.58167
-0.617182
-0.638803
-0.639216
-0.646729
-0.663917
-0.671165
-0.660387
-0.643681
-0.631348
-0.617732
-0.654094
-0.665334
-0.670908
-0.672994
-0.678612
-0.682784
-0.675772
-0.668922
-0.665564
-0.658006
-0.700895
-0.705466
-0.71149
-0.711705
-0.711635
-0.7128
-0.707389
-0.70581
-0.706436
-0.702839
-0.751596
-0.755265
-0.757717
-0.755825
-0.756149
-0.756081
-0.753644
-0.753692
-0.75536
-0.755278
-0.804648
-0.809091
-0.808417
-0.803493
-0.807137
-0.806549
-0.805494
-0.807207
-0.810538
-0.814797
386.852
386.509
385.727
384.631
383.38
382.12
380.97
380.04
379.377
379.105
338.232
337.875
337.021
335.805
334.417
333.017
331.725
330.647
329.888
329.576
290.046
289.682
288.659
287.184
285.516
283.844
282.297
280.976
280.015
279.632
242.246
241.931
240.621
238.711
236.597
234.504
232.565
230.938
229.635
229.214
194.664
194.431
192.738
190.264
187.552
184.905
182.421
180.252
178.646
178.047
146.982
146.313
144.027
141.053
137.819
134.628
131.585
128.582
126.243
125.229
99.7506
97.7828
94.3392
90.5841
86.7417
82.8266
78.8931
74.9541
71.4647
69.3105
54.3326
50.3543
46.1022
41.2095
36.6889
32.4545
28.3727
23.5006
18.9443
15.9603
14.6223
9.94368
9.44611
7.51454
5.38779
3.5131
1.86074
0.736617
0.403343
0.427848
-0.266736
-0.368161
-0.385038
-0.37982
-0.371568
-0.352439
-0.350388
-0.321504
-0.277065
-0.234925
-0.460319
-0.46245
-0.43617
-0.422336
-0.414684
-0.41792
-0.430576
-0.410304
-0.371839
-0.384953
-0.4696
-0.466216
-0.457812
-0.458057
-0.454764
-0.453936
-0.456094
-0.451004
-0.444174
-0.456314
-0.495292
-0.505299
-0.510121
-0.514509
-0.517984
-0.516076
-0.508582
-0.493787
-0.4838
-0.493393
-0.533647
-0.54623
-0.554149
-0.561931
-0.571521
-0.570055
-0.560741
-0.545465
-0.531279
-0.52885
-0.57276
-0.588133
-0.587422
-0.596158
-0.609667
-0.61004
-0.604216
-0.591456
-0.578431
-0.571426
-0.611054
-0.62678
-0.621021
-0.625973
-0.638052
-0.63879
-0.63503
-0.630553
-0.622802
-0.616885
-0.656879
-0.665548
-0.661932
-0.661169
-0.669113
-0.670404
-0.667856
-0.667522
-0.666883
-0.662654
-0.706181
-0.710059
-0.710936
-0.705836
-0.709599
-0.710486
-0.708295
-0.709048
-0.710185
-0.708045
-0.757867
-0.762047
-0.759637
-0.754682
-0.757115
-0.75755
-0.755987
-0.756682
-0.757501
-0.758022
-0.810217
-0.816578
-0.810735
-0.807073
-0.809108
-0.809128
-0.807998
-0.809144
-0.810881
-0.812948
388.397
387.978
387.024
385.694
384.185
382.669
381.286
380.159
379.373
379.021
339.977
339.542
338.481
336.981
335.286
333.585
332.024
330.735
329.826
329.415
292.229
291.797
290.477
288.603
286.517
284.438
282.525
280.916
279.746
279.204
245.188
244.869
243.077
240.539
237.808
235.133
232.656
230.531
228.91
228.346
198.75
198.528
196.049
192.615
189.012
185.533
182.275
179.39
177.404
176.221
152.319
151.442
148.001
143.829
139.495
135.177
130.987
127.001
123.636
121.863
105.99
103.507
98.7382
94.0047
89.0228
83.7074
78.159
72.5347
67.1633
63.7843
62.2415
57.7286
51.4558
45.6639
40.0097
34.0137
27.8658
21.2056
15.1925
12.3063
25.1321
17.2147
11.798
9.59014
6.80714
3.98264
1.57529
0.495376
0.209707
0.231315
1.04416
-0.140689
-0.32402
-0.381094
-0.385813
-0.370538
-0.39946
-0.392868
-0.288149
-0.205411
-0.484986
-0.479485
-0.453035
-0.435667
-0.424946
-0.418448
-0.42861
-0.410089
-0.363655
-0.335639
-0.474355
-0.463799
-0.458103
-0.463527
-0.459958
-0.448137
-0.437335
-0.425638
-0.409274
-0.402402
-0.478067
-0.48938
-0.499684
-0.507944
-0.507834
-0.501595
-0.48981
-0.472477
-0.461073
-0.461495
-0.517896
-0.52962
-0.537003
-0.546656
-0.551066
-0.54942
-0.540541
-0.525477
-0.514865
-0.51439
-0.571181
-0.573555
-0.570724
-0.584384
-0.591884
-0.590314
-0.586119
-0.576476
-0.56643
-0.56411
-0.623775
-0.628354
-0.610384
-0.618731
-0.627788
-0.625884
-0.62565
-0.623273
-0.617307
-0.614329
-0.671626
-0.680814
-0.658329
-0.655058
-0.666429
-0.665116
-0.665564
-0.667286
-0.665702
-0.663328
-0.71058
-0.723857
-0.707209
-0.699294
-0.710058
-0.709323
-0.709463
-0.711027
-0.711895
-0.710385
-0.759815
-0.772732
-0.758307
-0.749997
-0.758832
-0.757925
-0.757626
-0.758193
-0.758812
-0.75916
-0.810389
-0.824364
-0.812343
-0.806284
-0.811405
-0.810089
-0.809462
-0.809892
-0.810731
-0.81198
389.523
389.039
387.951
386.448
384.748
383.044
381.49
380.221
379.334
378.92
341.249
340.737
339.508
337.799
335.881
333.962
332.205
330.756
329.734
329.253
293.851
293.325
291.747
289.573
287.189
284.823
282.645
280.827
279.536
278.899
247.553
247.094
244.8
241.769
238.603
235.52
232.659
230.204
228.462
227.604
202.352
201.857
198.407
194.171
189.955
185.902
182.099
178.779
176.299
174.967
157.355
155.985
151.151
145.837
140.677
135.582
130.563
125.77
121.787
119.658
111.907
109.029
102.926
96.9199
90.9189
84.4798
77.5923
70.6057
64.1386
60.2408
68.1979
65.71
56.8926
49.3183
42.6859
35.6804
28.1716
20.5337
14.5375
11.7964
33.016
28.9214
16.6891
10.0398
7.21421
4.3105
1.78582
0.684175
0.283944
0.434124
7.78029
1.30055
-0.133782
-0.370693
-0.407117
-0.400421
-0.399782
-0.390277
-0.332695
-0.253719
-0.422293
-0.504995
-0.481633
-0.456496
-0.440932
-0.43549
-0.441573
-0.437061
-0.391394
-0.35466
-0.461752
-0.467186
-0.46519
-0.467939
-0.469568
-0.4572
-0.440793
-0.428022
-0.405825
-0.392038
-0.451848
-0.465006
-0.487921
-0.503742
-0.511993
-0.506392
-0.488283
-0.469822
-0.452911
-0.445974
-0.496722
-0.51055
-0.523996
-0.536884
-0.544458
-0.547671
-0.538808
-0.522676
-0.510726
-0.506921
-0.554996
-0.558838
-0.563581
-0.576648
-0.582206
-0.588198
-0.58831
-0.579095
-0.567603
-0.564072
-0.618449
-0.619958
-0.610777
-0.619233
-0.623817
-0.624846
-0.626774
-0.62782
-0.621222
-0.61979
-0.66819
-0.678045
-0.660285
-0.661516
-0.665487
-0.665516
-0.666373
-0.669709
-0.669634
-0.668712
-0.706614
-0.720922
-0.709369
-0.70773
-0.710572
-0.710916
-0.711497
-0.712573
-0.713035
-0.712085
-0.746918
-0.762046
-0.758414
-0.757539
-0.758651
-0.759056
-0.759296
-0.759387
-0.759224
-0.759053
-0.800585
-0.813875
-0.813704
-0.811338
-0.811146
-0.810525
-0.810157
-0.810303
-0.810521
-0.811011
390.045
389.505
388.351
386.771
384.986
383.193
381.557
380.225
379.293
378.85
341.81
341.224
339.917
338.128
336.121
334.109
332.266
330.748
329.682
329.171
294.488
293.811
292.135
289.891
287.417
284.945
282.666
280.776
279.432
278.77
248.33
247.495
245.047
242.007
238.793
235.609
232.638
230.113
228.294
227.389
203.418
202.212
198.511
194.29
190.06
185.921
181.997
178.51
175.924
174.625
159.372
156.93
151.798
146.331
141.008
135.807
130.604
125.56
121.587
119.867
115.673
111.205
105.189
98.7992
92.4765
85.9657
78.9799
72.5362
66.4781
63.0489
72.6116
67.7089
61.5413
53.4162
46.2719
39.6981
32.1937
23.9991
18.5607
16.2873
37.4707
33
24.7038
14.002
8.98407
6.72491
4.55616
2.3691
0.987188
0.7991
18.7352
7.59306
0.821497
-0.26717
-0.400641
-0.41222
-0.396633
-0.359706
-0.308072
-0.241767
-0.184381
-0.440671
-0.483691
-0.459425
-0.454415
-0.441392
-0.43721
-0.426546
-0.388711
-0.353937
-0.408632
-0.45517
-0.470052
-0.464334
-0.465573
-0.460172
-0.447265
-0.435079
-0.417806
-0.403661
-0.432371
-0.444159
-0.47791
-0.492537
-0.501457
-0.502976
-0.493043
-0.475186
-0.458756
-0.452868
-0.474088
-0.484038
-0.516857
-0.526948
-0.531819
-0.536278
-0.535656
-0.525003
-0.512283
-0.507665
-0.533299
-0.539813
-0.564405
-0.571406
-0.571758
-0.57317
-0.574716
-0.571377
-0.563906
-0.560691
-0.589918
-0.598588
-0.613239
-0.618185
-0.617538
-0.617125
-0.616882
-0.615824
-0.612956
-0.610852
-0.643895
-0.65629
-0.662173
-0.663625
-0.663946
-0.663919
-0.662899
-0.661978
-0.660241
-0.658845
-0.698208
-0.710312
-0.713822
-0.7095
-0.709585
-0.710661
-0.711161
-0.710093
-0.708098
-0.706697
-0.754788
-0.756951
-0.759302
-0.756474
-0.757404
-0.758814
-0.759706
-0.75951
-0.758355
-0.757368
-0.814576
-0.806175
-0.808837
-0.807697
-0.809338
-0.810092
-0.81054
-0.810448
-0.810204
-0.810213
-0.859472
-0.859159
-0.859984
-0.859738
-0.867062
-0.864288
-0.86594
-0.867205
-0.868798
-0.87072
-0.914642
-0.905193
-0.904872
-0.911362
-0.919426
-0.918794
-0.920496
-0.921642
-0.923381
-0.925757
-0.971863
-0.962155
-0.95891
-0.965894
-0.974527
-0.974027
-0.974707
-0.97536
-0.976859
-0.979522
-1.02958
-1.02769
-1.02211
-1.02637
-1.03024
-1.02891
-1.02797
-1.02779
-1.02872
-1.03132
-1.08337
-1.08713
-1.08632
-1.08505
-1.08433
-1.08183
-1.07944
-1.07856
-1.079
-1.08092
-1.13142
-1.13437
-1.13685
-1.136
-1.13448
-1.13164
-1.12898
-1.12772
-1.12768
-1.12898
-1.17925
-1.18042
-1.18239
-1.18254
-1.18183
-1.17967
-1.17755
-1.17624
-1.1757
-1.17613
-1.22863
-1.22893
-1.22949
-1.2298
-1.22939
-1.22805
-1.22654
-1.22523
-1.22422
-1.22389
-1.27982
-1.27969
-1.27927
-1.27928
-1.27899
-1.27819
-1.27701
-1.27564
-1.27423
-1.27328
-1.33253
-1.33233
-1.33168
-1.33149
-1.3312
-1.33055
-1.32946
-1.328
-1.32637
-1.32498
-1.38645
-1.38632
-1.38584
-1.38562
-1.38532
-1.38476
-1.38381
-1.38244
-1.3808
-1.37924
-1.44125
-1.44118
-1.44093
-1.44082
-1.44063
-1.44028
-1.43966
-1.43867
-1.43735
-1.43589
-1.49657
-1.49657
-1.49654
-1.4966
-1.49667
-1.49668
-1.49655
-1.49619
-1.49551
-1.49449
-1.55221
-1.55229
-1.55245
-1.55272
-1.55309
-1.55351
-1.55396
-1.55434
-1.55451
-1.55425
-1.608
-1.60816
-1.60847
-1.60895
-1.60959
-1.61039
-1.61133
-1.61235
-1.61335
-1.61403
-1.66379
-1.66402
-1.66445
-1.66511
-1.66598
-1.66705
-1.66832
-1.66972
-1.67121
-1.67271
-1.71947
-1.71975
-1.72029
-1.72108
-1.72213
-1.7234
-1.72486
-1.7264
-1.72795
-1.72978
-1.77494
-1.77528
-1.77589
-1.77681
-1.77801
-1.77945
-1.78108
-1.78273
-1.7841
-1.7857
-1.83014
-1.83052
-1.8312
-1.83222
-1.83354
-1.83516
-1.83699
-1.83892
-1.84017
-1.84114
-1.88501
-1.88541
-1.88614
-1.88722
-1.88862
-1.89031
-1.89218
-1.89427
-1.89552
-1.89608
-0.8741
-0.902805
-0.880396
-0.865826
-0.865529
-0.866651
-0.867407
-0.868136
-0.869722
-0.871945
-0.927407
-0.938084
-0.929863
-0.922804
-0.924175
-0.921519
-0.922099
-0.922796
-0.924457
-0.927332
-0.978033
-0.981659
-0.979333
-0.979207
-0.983011
-0.977515
-0.976409
-0.976506
-0.977895
-0.981427
-1.03196
-1.03537
-1.03482
-1.03402
-1.03815
-1.03246
-1.0293
-1.02863
-1.02968
-1.03258
-1.08226
-1.08426
-1.08636
-1.08512
-1.0892
-1.08422
-1.08018
-1.07879
-1.07926
-1.08158
-1.12957
-1.13006
-1.13258
-1.13343
-1.1365
-1.13287
-1.12904
-1.12732
-1.12712
-1.12839
-1.17761
-1.17893
-1.18074
-1.18217
-1.18317
-1.17996
-1.17694
-1.17523
-1.17437
-1.17459
-1.22745
-1.2283
-1.22934
-1.22997
-1.22947
-1.22738
-1.22535
-1.22375
-1.22229
-1.22149
-1.27886
-1.27878
-1.27816
-1.27828
-1.27801
-1.27701
-1.27559
-1.27387
-1.27193
-1.27036
-1.33172
-1.33149
-1.33047
-1.33035
-1.33013
-1.32942
-1.32813
-1.32626
-1.32404
-1.322
-1.38584
-1.38566
-1.38501
-1.38481
-1.38452
-1.38395
-1.38282
-1.38099
-1.3788
-1.37658
-1.44081
-1.44073
-1.44041
-1.44032
-1.44011
-1.43971
-1.43902
-1.43775
-1.43603
-1.43397
-1.49626
-1.49625
-1.49619
-1.49626
-1.49635
-1.49638
-1.49628
-1.49592
-1.49515
-1.49375
-1.55199
-1.55206
-1.55222
-1.55252
-1.55294
-1.55345
-1.55404
-1.55467
-1.55517
-1.55504
-1.60784
-1.608
-1.60832
-1.60884
-1.60955
-1.61047
-1.61162
-1.61301
-1.61466
-1.61618
-1.66368
-1.66391
-1.66438
-1.66506
-1.666
-1.66718
-1.66861
-1.67033
-1.67246
-1.67524
-1.7194
-1.7197
-1.72027
-1.72111
-1.72222
-1.72357
-1.72512
-1.72679
-1.72865
-1.7316
-1.77493
-1.77528
-1.77594
-1.77694
-1.77823
-1.77979
-1.78153
-1.78328
-1.78473
-1.78685
-1.83016
-1.83057
-1.83131
-1.83244
-1.83394
-1.83582
-1.83809
-1.84055
-1.84187
-1.84292
-1.88505
-1.88548
-1.88627
-1.88747
-1.88908
-1.89112
-1.89355
-1.89662
-1.8981
-1.89817
-0.873955
-0.901529
-0.890316
-0.871929
-0.863799
-0.867734
-0.866275
-0.868311
-0.870626
-0.873657
-0.93429
-0.965125
-0.954143
-0.931268
-0.92142
-0.924137
-0.922196
-0.923551
-0.925943
-0.929976
-0.986324
-1.00811
-1.002
-0.988528
-0.979892
-0.980275
-0.977266
-0.97756
-0.979584
-0.98469
-1.03612
-1.04329
-1.04541
-1.04084
-1.03964
-1.03478
-1.03049
-1.02954
-1.03106
-1.03516
-1.08307
-1.08358
-1.08557
-1.08982
-1.0929
-1.08631
-1.08128
-1.0791
-1.07958
-1.08248
-1.12694
-1.12673
-1.13049
-1.13643
-1.14169
-1.1348
-1.12935
-1.12646
-1.12588
-1.12731
-1.17312
-1.17167
-1.17805
-1.18227
-1.18484
-1.18013
-1.17564
-1.17287
-1.17147
-1.17142
-1.22338
-1.22202
-1.22312
-1.22632
-1.22755
-1.22542
-1.22273
-1.22023
-1.21796
-1.21632
-1.27607
-1.2753
-1.27285
-1.27414
-1.27511
-1.2743
-1.27255
-1.27003
-1.26705
-1.26407
-1.32985
-1.32934
-1.32718
-1.32734
-1.32761
-1.32696
-1.32526
-1.32261
-1.31915
-1.31554
-1.38455
-1.38421
-1.38312
-1.38297
-1.38275
-1.38187
-1.3803
-1.37799
-1.37462
-1.37076
-1.43991
-1.43972
-1.43921
-1.43904
-1.43885
-1.43836
-1.4374
-1.4359
-1.43337
-1.4297
-1.49563
-1.49558
-1.49543
-1.4955
-1.49563
-1.49573
-1.49574
-1.49553
-1.49472
-1.49234
-1.55154
-1.5516
-1.55174
-1.55208
-1.5526
-1.55333
-1.5543
-1.55558
-1.55709
-1.55771
-1.60751
-1.60768
-1.60802
-1.60859
-1.60943
-1.61059
-1.61223
-1.61449
-1.61791
-1.6222
-1.66344
-1.66369
-1.66415
-1.66492
-1.66596
-1.66733
-1.66911
-1.67144
-1.67499
-1.68143
-1.71923
-1.71955
-1.72012
-1.72104
-1.72224
-1.72371
-1.7254
-1.72731
-1.72967
-1.73468
-1.77481
-1.7752
-1.7759
-1.77697
-1.77841
-1.78017
-1.78211
-1.78443
-1.78599
-1.78837
-1.8301
-1.83056
-1.83138
-1.83267
-1.83446
-1.83689
-1.84009
-1.84446
-1.84715
-1.8456
-1.88504
-1.88553
-1.88641
-1.88781
-1.88979
-1.89255
-1.89624
-1.90187
-1.90486
-1.90202
-0.863366
-0.876959
-0.878701
-0.871
-0.868493
-0.866987
-0.866144
-0.868337
-0.872067
-0.876305
-0.925741
-0.9417
-0.938802
-0.929091
-0.924538
-0.924008
-0.922373
-0.924404
-0.928622
-0.934678
-0.984502
-0.998199
-0.997585
-0.98705
-0.980134
-0.980291
-0.977373
-0.978653
-0.982676
-0.989883
-1.03561
-1.0415
-1.04655
-1.0425
-1.03655
-1.03493
-1.03032
-1.03025
-1.03317
-1.04014
-1.08238
-1.08187
-1.08955
-1.09188
-1.08985
-1.0863
-1.0808
-1.07886
-1.0801
-1.08459
-1.12475
-1.12311
-1.12754
-1.13409
-1.13882
-1.13395
-1.12817
-1.12486
-1.124
-1.12563
-1.16978
-1.16753
-1.16833
-1.17461
-1.18126
-1.17804
-1.17336
-1.16971
-1.16703
-1.16609
-1.22054
-1.21843
-1.21689
-1.22156
-1.22379
-1.22258
-1.21947
-1.21573
-1.21141
-1.207
-1.27399
-1.27279
-1.26924
-1.27098
-1.27217
-1.27128
-1.26881
-1.26475
-1.25917
-1.25266
-1.32821
-1.32737
-1.32491
-1.32498
-1.32518
-1.32421
-1.32169
-1.31748
-1.31168
-1.30423
-1.38328
-1.38283
-1.38151
-1.38124
-1.38089
-1.37974
-1.3775
-1.37381
-1.36831
-1.36112
-1.43894
-1.43872
-1.43808
-1.43789
-1.43759
-1.43693
-1.43565
-1.43342
-1.42969
-1.42305
-1.49487
-1.4948
-1.49464
-1.49471
-1.49488
-1.49508
-1.49523
-1.49523
-1.4951
-1.49106
-1.55095
-1.55102
-1.55119
-1.5516
-1.55229
-1.55333
-1.5549
-1.55722
-1.56159
-1.56585
-1.60705
-1.60724
-1.60764
-1.60834
-1.60938
-1.61092
-1.61328
-1.61688
-1.62418
-1.63815
-1.66309
-1.66337
-1.66395
-1.66477
-1.66593
-1.66751
-1.66966
-1.67228
-1.67813
-1.69189
-1.71898
-1.71935
-1.72005
-1.72101
-1.72225
-1.7237
-1.72502
-1.72529
-1.72721
-1.73648
-1.77464
-1.77511
-1.77594
-1.77718
-1.77875
-1.78066
-1.78288
-1.78401
-1.78447
-1.79014
-1.83001
-1.83056
-1.83156
-1.83319
-1.83561
-1.83916
-1.84594
-1.85562
-1.85884
-1.85929
-1.88501
-1.88559
-1.88666
-1.88845
-1.89126
-1.89574
-1.90371
-1.91692
-1.92239
-1.91671
-0.863309
-0.86883
-0.869396
-0.865527
-0.866529
-0.863904
-0.864007
-0.867427
-0.874183
-0.880341
-0.923044
-0.92838
-0.927662
-0.923062
-0.924277
-0.921353
-0.921069
-0.924995
-0.933582
-0.944582
-0.979402
-0.983248
-0.981997
-0.979017
-0.979423
-0.97765
-0.97627
-0.979822
-0.988706
-1.00266
-1.03133
-1.0334
-1.03595
-1.03409
-1.03323
-1.03209
-1.02894
-1.03092
-1.03757
-1.0499
-1.07869
-1.07997
-1.085
-1.08735
-1.08642
-1.08376
-1.07872
-1.07815
-1.08134
-1.08869
-1.12289
-1.12379
-1.12648
-1.1325
-1.13517
-1.13122
-1.12543
-1.12238
-1.12159
-1.12249
-1.16896
-1.16782
-1.16667
-1.17311
-1.17744
-1.17491
-1.16997
-1.16547
-1.16104
-1.15559
-1.21954
-1.21786
-1.21474
-1.21802
-1.22082
-1.21941
-1.21554
-1.21007
-1.20272
-1.19259
-1.27262
-1.27126
-1.2684
-1.26916
-1.26976
-1.26827
-1.26455
-1.25823
-1.24898
-1.2364
-1.32691
-1.32604
-1.32384
-1.32354
-1.32318
-1.32136
-1.31749
-1.31092
-1.30123
-1.28971
-1.38217
-1.38173
-1.3803
-1.37987
-1.37908
-1.37728
-1.37404
-1.36861
-1.36056
-1.3493
-1.43795
-1.43769
-1.43705
-1.43671
-1.43621
-1.43523
-1.43361
-1.43063
-1.42591
-1.41436
-1.49403
-1.49395
-1.4938
-1.49384
-1.49404
-1.49433
-1.49491
-1.49561
-1.49755
-1.48954
-1.55027
-1.55034
-1.55053
-1.55098
-1.55182
-1.55329
-1.55596
-1.56014
-1.57042
-1.57734
-1.60649
-1.60668
-1.60708
-1.60778
-1.60899
-1.61103
-1.61467
-1.62038
-1.6362
-1.67661
-1.66262
-1.66288
-1.66337
-1.66425
-1.66543
-1.66709
-1.66971
-1.6728
-1.68472
-1.72197
-1.71858
-1.71891
-1.71956
-1.7205
-1.72153
-1.72267
-1.72215
-1.71655
-1.71947
-1.73266
-1.77431
-1.77479
-1.77557
-1.77687
-1.77822
-1.78045
-1.77984
-1.7723
-1.77232
-1.77472
-1.82979
-1.83041
-1.83152
-1.83359
-1.83638
-1.84259
-1.85409
-1.85579
-1.85173
-1.85035
-1.88487
-1.88556
-1.88682
-1.88916
-1.89333
-1.90159
-1.91874
-1.93374
-1.92802
-1.92498
-0.857392
-0.859505
-0.860192
-0.859169
-0.858808
-0.858341
-0.859778
-0.865005
-0.875577
-0.884851
-0.916336
-0.91831
-0.919513
-0.917826
-0.916396
-0.916058
-0.917768
-0.924824
-0.939445
-0.957377
-0.972981
-0.974411
-0.977166
-0.975939
-0.973254
-0.972724
-0.973476
-0.980563
-0.996819
-1.01834
-1.02498
-1.02705
-1.03142
-1.03183
-1.02874
-1.02719
-1.02608
-1.03115
-1.04386
-1.06317
-1.07395
-1.07681
-1.08091
-1.08372
-1.08222
-1.07857
-1.07551
-1.07719
-1.08446
-1.09656
-1.12098
-1.12294
-1.12478
-1.12939
-1.1304
-1.1261
-1.12178
-1.11986
-1.12
-1.12345
-1.16894
-1.16889
-1.16804
-1.1718
-1.17378
-1.17076
-1.16634
-1.1616
-1.15642
-1.15107
-1.21929
-1.21808
-1.21593
-1.21742
-1.21851
-1.21638
-1.21191
-1.20502
-1.19629
-1.18433
-1.27184
-1.27072
-1.26857
-1.26841
-1.26805
-1.26564
-1.26062
-1.25221
-1.24205
-1.22759
-1.32604
-1.32534
-1.32336
-1.32271
-1.32149
-1.31863
-1.31355
-1.30422
-1.29378
-1.27828
-1.38121
-1.38072
-1.37951
-1.37867
-1.3773
-1.37467
-1.37042
-1.36305
-1.35407
-1.33253
-1.43698
-1.43668
-1.43607
-1.43551
-1.43475
-1.43332
-1.43158
-1.42783
-1.42516
-1.40216
-1.4931
-1.49302
-1.4929
-1.49294
-1.49326
-1.49384
-1.49528
-1.49781
-1.51083
-1.51448
-1.54941
-1.54952
-1.54985
-1.55044
-1.5518
-1.5541
-1.55888
-1.56632
-1.59235
-1.63507
-1.60578
-1.606
-1.60658
-1.60761
-1.60941
-1.61227
-1.61848
-1.62601
-1.65149
-1.69695
-1.66204
-1.66238
-1.6631
-1.66414
-1.66565
-1.6676
-1.67184
-1.67424
-1.69143
-1.70325
-1.71813
-1.71858
-1.71938
-1.72051
-1.7218
-1.72264
-1.71967
-1.71605
-1.71983
-1.71961
-1.774
-1.77464
-1.77571
-1.77732
-1.7798
-1.78208
-1.7808
-1.77906
-1.77087
-1.76803
-1.82955
-1.83035
-1.83183
-1.83452
-1.83954
-1.84827
-1.86127
-1.86282
-1.84265
-1.84786
-1.88469
-1.88553
-1.88713
-1.89015
-1.89613
-1.90835
-1.9262
-1.92909
-1.91291
-1.89732
-0.850062
-0.85079
-0.850904
-0.850424
-0.850165
-0.850594
-0.854315
-0.860081
-0.875726
-0.895701
-0.907191
-0.90858
-0.909304
-0.909072
-0.908296
-0.908864
-0.913737
-0.924691
-0.947268
-0.983618
-0.962993
-0.965816
-0.967338
-0.96742
-0.965876
-0.966155
-0.969219
-0.981921
-1.0053
-1.03411
-1.01752
-1.02029
-1.02325
-1.02397
-1.02177
-1.02038
-1.0223
-1.03142
-1.04838
-1.06652
-1.06889
-1.07155
-1.0748
-1.07623
-1.07463
-1.07156
-1.07153
-1.07621
-1.08581
-1.09857
-1.11837
-1.1197
-1.12188
-1.12375
-1.12315
-1.12024
-1.11797
-1.11822
-1.12116
-1.12698
-1.1678
-1.16746
-1.16775
-1.16901
-1.16901
-1.16675
-1.16295
-1.15905
-1.15609
-1.15306
-1.21853
-1.2176
-1.21633
-1.21652
-1.21613
-1.2137
-1.20852
-1.20086
-1.19246
-1.18012
-1.27117
-1.27031
-1.26855
-1.26788
-1.26648
-1.26307
-1.2565
-1.2457
-1.23232
-1.21415
-1.32525
-1.32456
-1.32305
-1.32184
-1.31971
-1.31561
-1.30837
-1.29568
-1.27901
-1.25638
-1.38031
-1.37978
-1.37868
-1.37745
-1.37535
-1.3716
-1.36567
-1.35503
-1.34496
-1.3141
-1.43608
-1.43573
-1.43509
-1.43432
-1.43307
-1.43072
-1.42846
-1.42268
-1.42253
-1.40132
-1.49229
-1.49216
-1.49202
-1.49195
-1.49212
-1.49253
-1.49475
-1.49757
-1.51902
-1.5304
-1.54862
-1.54875
-1.54905
-1.54956
-1.55096
-1.55369
-1.56048
-1.57175
-1.60574
-1.66652
-1.60501
-1.60527
-1.60578
-1.60659
-1.60825
-1.6113
-1.62101
-1.63584
-1.66657
-1.71571
-1.66133
-1.66164
-1.6622
-1.66277
-1.66316
-1.66398
-1.67589
-1.68791
-1.70602
-1.72878
-1.71747
-1.71783
-1.71836
-1.71866
-1.71662
-1.71662
-1.72951
-1.73584
-1.73854
-1.73225
-1.77337
-1.77386
-1.77477
-1.77606
-1.77422
-1.76934
-1.78286
-1.79268
-1.79198
-1.77331
-1.82899
-1.82981
-1.83152
-1.83529
-1.842
-1.84372
-1.84294
-1.86174
-1.85429
-1.84342
-1.88421
-1.8852
-1.88735
-1.89252
-1.90404
-1.91345
-1.9152
-1.91385
-1.91395
-1.90368
-0.843038
-0.842527
-0.841586
-0.840084
-0.839372
-0.839803
-0.842004
-0.853318
-0.866431
-0.886953
-0.899884
-0.90006
-0.900128
-0.899466
-0.899491
-0.900488
-0.908513
-0.920873
-0.937312
-0.975979
-0.956068
-0.956684
-0.958016
-0.957876
-0.957957
-0.959422
-0.96676
-0.979116
-0.99482
-1.03026
-1.01088
-1.01205
-1.01369
-1.01385
-1.01371
-1.01544
-1.02031
-1.03058
-1.04077
-1.07063
-1.06378
-1.06475
-1.06645
-1.06696
-1.06643
-1.0683
-1.0703
-1.07694
-1.08354
-1.11124
-1.11504
-1.11525
-1.11621
-1.1168
-1.11661
-1.11759
-1.11726
-1.11927
-1.12259
-1.13692
-1.16588
-1.16539
-1.16514
-1.16529
-1.16496
-1.16476
-1.16226
-1.15896
-1.15511
-1.14694
-1.21748
-1.21674
-1.21556
-1.21496
-1.21385
-1.21187
-1.20686
-1.19803
-1.18512
-1.15505
-1.27034
-1.26956
-1.2681
-1.26673
-1.2646
-1.26079
-1.25328
-1.23907
-1.21824
-1.17483
-1.3243
-1.32358
-1.32216
-1.32032
-1.31744
-1.31233
-1.30308
-1.28551
-1.26395
-1.21241
-1.37917
-1.37857
-1.3774
-1.3756
-1.37276
-1.36775
-1.35963
-1.34161
-1.33492
-1.25188
-1.43476
-1.43437
-1.43365
-1.43248
-1.43077
-1.42755
-1.42297
-1.41069
-1.41775
-1.34472
-1.49091
-1.49076
-1.49064
-1.49059
-1.49088
-1.49108
-1.49237
-1.49132
-1.51114
-1.54099
-1.5474
-1.5475
-1.5479
-1.54897
-1.55119
-1.555
-1.56249
-1.57592
-1.6091
-1.7337
-1.60397
-1.60429
-1.60509
-1.60661
-1.60969
-1.61496
-1.62569
-1.64875
-1.68169
-1.8054
-1.66046
-1.6609
-1.66185
-1.66335
-1.66579
-1.66856
-1.67929
-1.70496
-1.72814
-1.79684
-1.71673
-1.71726
-1.7183
-1.71962
-1.72124
-1.71866
-1.72773
-1.75714
-1.76468
-1.7827
-1.77269
-1.77335
-1.77462
-1.77644
-1.77978
-1.77384
-1.78107
-1.81289
-1.81273
-1.81676
-1.82828
-1.82909
-1.83083
-1.83393
-1.84278
-1.84694
-1.85018
-1.86686
-1.86561
-1.86706
-1.88343
-1.88415
-1.88578
-1.88866
-1.89633
-1.90396
-1.9027
-1.90593
-1.90287
-1.90353
-0.836668
-0.835123
-0.832274
-0.827998
-0.823181
-0.819236
-0.826693
-0.837826
-0.866493
-0.902387
-0.894211
-0.893457
-0.892215
-0.890143
-0.888823
-0.885595
-0.898822
-0.915906
-0.936449
-0.978748
-0.951
-0.950781
-0.950777
-0.949937
-0.950897
-0.947918
-0.960458
-0.975623
-0.974194
-1.0187
-1.00643
-1.00646
-1.00692
-1.00695
-1.00802
-1.00215
-1.01289
-1.02785
-1.00932
-1.0637
-1.06011
-1.06012
-1.06056
-1.06088
-1.06173
-1.05844
-1.06145
-1.07598
-1.06549
-1.09661
-1.11245
-1.1122
-1.11223
-1.11244
-1.11281
-1.11183
-1.10843
-1.11973
-1.12585
-1.12912
-1.1643
-1.16379
-1.16321
-1.16305
-1.16273
-1.16339
-1.15589
-1.16013
-1.16913
-1.14076
-1.21648
-1.2158
-1.21478
-1.21394
-1.21253
-1.21096
-1.20197
-1.19809
-1.20151
-1.16561
-1.26946
-1.26872
-1.26744
-1.26594
-1.26361
-1.25959
-1.24817
-1.23628
-1.23235
-1.20159
-1.32339
-1.32265
-1.32129
-1.3194
-1.31631
-1.31046
-1.29688
-1.27754
-1.25858
-1.21405
-1.37827
-1.37763
-1.37647
-1.37473
-1.37144
-1.36445
-1.34998
-1.32381
-1.28922
-1.22701
-1.43388
-1.4335
-1.43292
-1.43211
-1.42984
-1.42377
-1.4119
-1.39158
-1.35794
-1.30275
-1.49
-1.48991
-1.48992
-1.49057
-1.49058
-1.48837
-1.48415
-1.48027
-1.48034
-1.51557
-1.54637
-1.5465
-1.54702
-1.54873
-1.55138
-1.55437
-1.55985
-1.57616
-1.62423
-1.74961
-1.60295
-1.60327
-1.60418
-1.60637
-1.61076
-1.61687
-1.63031
-1.66227
-1.72291
-1.88643
-1.65956
-1.66008
-1.66131
-1.66356
-1.66803
-1.67491
-1.68986
-1.72562
-1.77487
-1.88425
-1.71594
-1.71659
-1.71799
-1.72024
-1.72434
-1.73009
-1.74348
-1.77355
-1.80469
-1.85606
-1.7719
-1.77264
-1.7741
-1.77637
-1.78088
-1.78775
-1.79842
-1.81424
-1.82585
-1.85431
-1.82743
-1.82815
-1.82959
-1.832
-1.83712
-1.84604
-1.85181
-1.85005
-1.84663
-1.85714
-1.88251
-1.88305
-1.88413
-1.88582
-1.88885
-1.89368
-1.89279
-1.8806
-1.8676
-1.85952
-0.832454
-0.830073
-0.824943
-0.816676
-0.806229
-0.800665
-0.811758
-0.837966
-0.88286
-0.944304
-0.890745
-0.889505
-0.886977
-0.883414
-0.878987
-0.87957
-0.896579
-0.923133
-0.95434
-1.03201
-0.947978
-0.947455
-0.946408
-0.94508
-0.9436
-0.945461
-0.963079
-0.987568
-0.99513
-1.02964
-1.00378
-1.00356
-1.00315
-1.00277
-1.00104
-1.004
-1.01814
-1.04079
-1.0287
-1.07023
-1.05798
-1.05778
-1.05749
-1.05757
-1.05488
-1.05703
-1.06661
-1.08343
-1.06994
-1.12853
-1.11088
-1.11055
-1.11004
-1.10964
-1.10815
-1.10866
-1.11317
-1.12047
-1.11409
-1.13452
-1.16314
-1.16256
-1.16165
-1.1598
-1.15855
-1.15835
-1.15789
-1.15661
-1.14431
-1.13501
-1.21545
-1.21455
-1.21349
-1.21045
-1.20727
-1.20882
-1.20232
-1.1952
-1.16999
-1.16177
-1.26837
-1.26735
-1.26597
-1.26198
-1.25756
-1.25601
-1.24621
-1.23318
-1.23807
-1.19941
-1.3221
-1.32111
-1.31948
-1.31546
-1.31019
-1.30471
-1.29269
-1.26721
-1.28898
-1.22994
-1.37669
-1.37601
-1.37454
-1.37113
-1.36782
-1.3596
-1.33954
-1.30983
-1.30839
-1.23829
-1.43209
-1.43181
-1.43079
-1.42869
-1.42649
-1.41883
-1.39932
-1.37607
-1.35696
-1.25477
-1.48813
-1.488
-1.48767
-1.48778
-1.48754
-1.48531
-1.4777
-1.46376
-1.44677
-1.376
-1.54444
-1.54443
-1.54456
-1.54681
-1.55072
-1.55461
-1.55919
-1.56343
-1.59189
-1.56261
-1.60112
-1.60126
-1.60191
-1.60509
-1.61184
-1.62148
-1.63972
-1.665
-1.73887
-1.87481
-1.65804
-1.65852
-1.65972
-1.66292
-1.66989
-1.6824
-1.70633
-1.74814
-1.83313
-2
-1.7147
-1.71538
-1.71696
-1.72001
-1.72602
-1.73722
-1.75984
-1.80017
-1.86758
-1.95264
-1.77081
-1.77155
-1.77313
-1.77584
-1.7808
-1.78907
-1.80516
-1.83099
-1.86777
-1.90463
-1.82637
-1.82701
-1.82828
-1.83033
-1.83392
-1.83875
-1.84538
-1.85116
-1.85561
-1.85171
-1.88147
-1.88187
-1.88258
-1.88351
-1.88469
-1.88484
-1.88161
-1.87069
-1.84605
-1.79544
-0.831981
-0.830264
-0.826838
-0.821792
-0.815363
-0.812363
-0.819238
-0.843911
-0.889266
-1.01909
-0.890309
-0.889397
-0.887662
-0.885339
-0.882835
-0.885491
-0.899786
-0.934657
-0.973046
-0.67655
-0.947562
-0.947141
-0.946478
-0.945525
-0.944947
-0.948987
-0.961929
-0.984046
-0.992498
-0.275457
-1.00327
-1.00309
-1.00287
-1.00274
-1.00286
-1.00611
-1.01407
-1.02799
-0.996658
-0.736874
-1.05747
-1.05732
-1.05719
-1.05741
-1.05755
-1.0592
-1.06139
-1.07422
-1.0406
-1.14225
-1.11043
-1.11017
-1.10985
-1.10996
-1.11014
-1.11107
-1.10932
-1.11812
-1.0784
-1.11777
-1.16273
-1.16223
-1.16153
-1.16094
-1.16
-1.16221
-1.1596
-1.16194
-1.11852
-1.14922
-1.21496
-1.21426
-1.21312
-1.21163
-1.20929
-1.20946
-1.20616
-1.20271
-1.18516
-1.19666
-1.26769
-1.26682
-1.26527
-1.26276
-1.25862
-1.25514
-1.24998
-1.23861
-1.2489
-1.2314
-1.32126
-1.32028
-1.3184
-1.31521
-1.30936
-1.30266
-1.29223
-1.27023
-1.27831
-1.23173
-1.37579
-1.37483
-1.373
-1.36957
-1.36301
-1.35352
-1.33895
-1.30703
-1.28817
-1.20983
-1.4312
-1.43052
-1.42916
-1.42637
-1.42076
-1.4106
-1.3936
-1.35904
-1.33377
-1.19752
-1.48699
-1.48675
-1.48605
-1.48467
-1.48174
-1.47462
-1.46181
-1.43932
-1.41083
-1.25769
-1.5434
-1.54349
-1.54335
-1.54356
-1.54388
-1.54275
-1.5392
-1.53531
-1.52647
-1.48918
-1.60021
-1.60064
-1.60111
-1.60268
-1.60662
-1.61252
-1.62397
-1.65349
-1.70715
-1.67761
-1.65708
-1.65766
-1.65897
-1.66172
-1.66792
-1.67886
-1.70191
-1.7561
-1.87015
-1.89883
-1.71372
-1.71452
-1.71615
-1.71957
-1.72627
-1.73885
-1.76393
-1.81811
-1.91812
-2.01181
-1.76984
-1.77063
-1.77227
-1.7754
-1.78124
-1.79109
-1.80952
-1.84508
-1.90386
-1.96163
-1.8254
-1.82602
-1.82723
-1.82934
-1.83294
-1.83791
-1.84524
-1.8572
-1.87631
-1.89921
-1.88051
-1.88085
-1.88138
-1.88208
-1.8827
-1.88196
-1.8779
-1.86781
-1.84566
-1.81227
-0.834297
-0.833036
-0.830586
-0.827308
-0.824205
-0.824425
-0.833292
-0.855501
-0.910768
-0.986722
-0.89224
-0.891598
-0.890338
-0.888924
-0.887869
-0.89101
-0.903664
-0.92865
-0.978757
-1.12567
-0.949064
-0.948811
-0.948303
-0.947752
-0.948048
-0.951218
-0.961555
-0.979958
-0.998736
-1.08227
-1.00443
-1.00433
-1.00413
-1.00394
-1.00434
-1.00642
-1.01244
-1.02226
-1.01966
-1.0464
-1.05831
-1.0582
-1.05808
-1.05775
-1.05784
-1.05885
-1.06113
-1.06633
-1.05528
-1.06775
-1.11095
-1.11064
-1.11015
-1.10965
-1.10926
-1.10956
-1.10969
-1.11233
-1.09953
-1.1052
-1.16285
-1.16227
-1.16137
-1.16031
-1.15913
-1.15878
-1.15734
-1.15791
-1.14911
-1.15117
-1.21466
-1.21384
-1.21248
-1.21064
-1.20839
-1.20631
-1.20267
-1.2006
-1.19906
-1.19834
-1.26699
-1.26599
-1.26416
-1.26143
-1.25774
-1.25301
-1.24578
-1.2388
-1.23833
-1.23379
-1.32016
-1.31906
-1.31694
-1.31339
-1.30816
-1.30034
-1.28804
-1.27283
-1.26367
-1.24216
-1.37431
-1.37319
-1.371
-1.36717
-1.36083
-1.35022
-1.33264
-1.30668
-1.27798
-1.21969
-1.42937
-1.42828
-1.42635
-1.42286
-1.41674
-1.40497
-1.38369
-1.3473
-1.30383
-1.18253
-1.48519
-1.48446
-1.48309
-1.48075
-1.47631
-1.46636
-1.44684
-1.41509
-1.35934
-1.2178
-1.54167
-1.5413
-1.54072
-1.54002
-1.53924
-1.53388
-1.52242
-1.50912
-1.46636
-1.38356
-1.59856
-1.59859
-1.59889
-1.59996
-1.60261
-1.6052
-1.61047
-1.63637
-1.65629
-1.58048
-1.65557
-1.656
-1.65709
-1.65966
-1.66498
-1.67578
-1.69585
-1.75934
-1.88293
-1.81785
-1.71235
-1.71303
-1.71467
-1.71807
-1.72496
-1.73906
-1.7656
-1.83398
-1.96131
-2.02357
-1.7686
-1.76934
-1.771
-1.77428
-1.78065
-1.79283
-1.81539
-1.86366
-1.94579
-1.98661
-1.82427
-1.82487
-1.82608
-1.82833
-1.83234
-1.83927
-1.85084
-1.87218
-1.90895
-1.94836
-1.8795
-1.87982
-1.88033
-1.88105
-1.88186
-1.88232
-1.88141
-1.87801
-1.87906
-1.89097
-0.839591
-0.839047
-0.837855
-0.836302
-0.835252
-0.836197
-0.843053
-0.859117
-0.892539
-0.940116
-0.896518
-0.896354
-0.895819
-0.895173
-0.895048
-0.897359
-0.906172
-0.923035
-0.955132
-1.00502
-0.952585
-0.95268
-0.952584
-0.952317
-0.952588
-0.954491
-0.96139
-0.972548
-0.988356
-1.01573
-1.0073
-1.00741
-1.00747
-1.00732
-1.00731
-1.00802
-1.01165
-1.01688
-1.019
-1.03153
-1.06055
-1.06062
-1.06042
-1.06017
-1.05968
-1.05934
-1.06018
-1.06186
-1.05669
-1.06317
-1.11258
-1.11238
-1.112
-1.11128
-1.11026
-1.1092
-1.10809
-1.10832
-1.10156
-1.10479
-1.16373
-1.16319
-1.16236
-1.16116
-1.15956
-1.15779
-1.15546
-1.15475
-1.15007
-1.15185
-1.21485
-1.21396
-1.21261
-1.21079
-1.20836
-1.20546
-1.20156
-1.19906
-1.196
-1.19714
-1.26656
-1.26552
-1.26369
-1.26111
-1.25749
-1.25268
-1.2461
-1.23994
-1.23493
-1.23251
-1.31933
-1.31818
-1.31602
-1.31268
-1.30768
-1.30044
-1.29001
-1.27763
-1.26515
-1.25297
-1.37318
-1.37199
-1.36969
-1.36583
-1.35973
-1.35017
-1.33539
-1.31484
-1.28887
-1.2597
-1.42802
-1.42691
-1.42471
-1.42078
-1.41439
-1.40356
-1.38511
-1.35619
-1.31272
-1.25566
-1.48376
-1.48288
-1.48099
-1.47767
-1.47186
-1.46226
-1.44295
-1.40946
-1.34656
-1.24595
-1.5402
-1.53966
-1.53854
-1.53643
-1.53271
-1.52573
-1.51154
-1.48701
-1.42148
-1.31262
-1.59709
-1.59696
-1.59674
-1.59638
-1.59581
-1.59465
-1.59313
-1.59923
-1.5651
-1.4984
-1.65413
-1.65439
-1.65508
-1.65656
-1.65967
-1.66571
-1.67986
-1.72956
-1.79516
-1.66214
-1.71096
-1.7115
-1.71285
-1.71561
-1.72138
-1.73359
-1.75436
-1.82591
-1.97714
-1.94541
-1.76734
-1.76794
-1.76945
-1.77245
-1.77832
-1.79034
-1.81317
-1.87226
-1.99949
-2.05778
-1.82313
-1.82367
-1.82483
-1.82706
-1.83111
-1.83912
-1.85404
-1.88625
-1.95881
-1.99245
-1.87849
-1.8788
-1.87933
-1.88021
-1.88139
-1.88333
-1.88623
-1.89071
-1.9154
-1.93276
-0.846538
-0.846916
-0.84702
-0.846081
-0.84527
-0.845498
-0.849358
-0.859074
-0.878424
-0.88282
-0.902516
-0.903266
-0.903648
-0.902953
-0.902437
-0.903041
-0.908097
-0.918244
-0.943194
-0.956185
-0.957858
-0.958668
-0.959434
-0.958965
-0.9583
-0.958251
-0.961863
-0.96863
-0.983884
-0.998268
-1.01178
-1.01227
-1.01335
-1.01321
-1.01216
-1.01099
-1.01254
-1.01521
-1.02129
-1.02728
-1.06407
-1.0651
-1.06579
-1.06523
-1.0637
-1.06184
-1.06146
-1.06143
-1.06181
-1.06259
-1.11545
-1.11606
-1.11629
-1.11529
-1.11337
-1.11108
-1.10945
-1.10812
-1.10627
-1.10911
-1.16549
-1.16534
-1.16496
-1.16364
-1.16156
-1.15906
-1.15668
-1.15478
-1.15259
-1.15597
-1.21534
-1.21456
-1.21338
-1.21169
-1.20935
-1.20633
-1.20289
-1.19996
-1.19738
-1.2003
-1.2662
-1.26512
-1.26326
-1.26099
-1.25788
-1.25359
-1.24821
-1.24285
-1.23817
-1.23829
-1.31852
-1.31731
-1.3151
-1.31214
-1.30786
-1.30169
-1.29339
-1.28383
-1.27406
-1.26829
-1.37211
-1.37089
-1.36859
-1.36506
-1.35969
-1.35159
-1.33983
-1.32468
-1.30647
-1.29085
-1.42678
-1.42568
-1.42344
-1.41973
-1.41382
-1.40447
-1.38955
-1.36799
-1.33848
-1.30873
-1.48241
-1.4815
-1.47957
-1.47625
-1.47068
-1.4614
-1.44542
-1.41939
-1.37823
-1.32891
-1.53877
-1.53815
-1.53681
-1.53444
-1.53035
-1.52304
-1.50974
-1.48595
-1.43845
-1.36787
-1.5956
-1.59534
-1.59479
-1.59384
-1.59222
-1.5891
-1.5831
-1.57333
-1.53477
-1.44639
-1.65261
-1.6527
-1.65298
-1.65363
-1.65499
-1.65725
-1.66171
-1.67807
-1.67732
-1.60837
-1.70947
-1.70984
-1.71076
-1.71266
-1.71648
-1.72365
-1.73681
-1.77774
-1.84039
-1.80402
-1.76594
-1.76643
-1.7676
-1.76996
-1.7746
-1.78415
-1.79966
-1.84759
-1.95455
-1.85712
-1.82192
-1.82234
-1.82332
-1.82526
-1.82882
-1.83605
-1.84969
-1.88231
-1.97544
-2.00572
-1.87745
-1.87772
-1.87823
-1.87914
-1.88054
-1.88338
-1.88876
-1.9007
-1.94528
-1.97939
-0.854212
-0.856686
-0.856569
-0.855807
-0.855078
-0.854258
-0.855827
-0.861669
-0.873731
-0.888391
-0.910158
-0.91209
-0.912174
-0.911553
-0.910783
-0.909558
-0.911634
-0.917293
-0.930593
-0.947277
-0.965094
-0.966792
-0.967478
-0.967095
-0.965957
-0.963417
-0.964426
-0.967644
-0.976799
-0.987477
-1.01845
-1.02077
-1.02192
-1.02136
-1.01948
-1.01513
-1.01496
-1.01585
-1.01951
-1.02506
-1.07038
-1.07248
-1.0738
-1.07253
-1.07002
-1.06589
-1.06395
-1.06295
-1.06338
-1.06585
-1.12022
-1.12226
-1.12314
-1.12181
-1.11866
-1.1146
-1.11177
-1.10981
-1.10894
-1.1102
-1.16838
-1.1692
-1.16939
-1.16803
-1.16515
-1.16161
-1.15864
-1.15631
-1.15516
-1.15647
-1.21624
-1.21556
-1.21474
-1.21324
-1.21099
-1.20801
-1.20486
-1.20199
-1.20031
-1.2017
-1.26574
-1.26448
-1.26253
-1.26072
-1.25843
-1.25508
-1.25089
-1.24653
-1.24307
-1.24294
-1.31758
-1.31637
-1.31386
-1.31152
-1.30827
-1.30355
-1.29735
-1.29028
-1.28334
-1.2795
-1.37105
-1.3699
-1.36753
-1.36456
-1.3602
-1.35386
-1.34514
-1.33426
-1.32251
-1.31334
-1.42569
-1.42464
-1.42244
-1.41919
-1.41417
-1.40666
-1.39562
-1.38079
-1.36272
-1.34686
-1.48126
-1.48036
-1.47847
-1.47538
-1.47044
-1.46268
-1.45062
-1.43281
-1.40799
-1.38152
-1.53753
-1.53687
-1.53545
-1.53303
-1.52905
-1.5225
-1.51169
-1.49425
-1.46588
-1.43178
-1.59428
-1.59391
-1.59313
-1.5918
-1.5896
-1.58585
-1.57937
-1.56807
-1.54462
-1.50593
-1.65121
-1.65115
-1.65106
-1.65101
-1.65105
-1.65112
-1.65121
-1.65245
-1.64693
-1.60008
-1.70806
-1.70825
-1.70874
-1.70977
-1.71181
-1.71546
-1.72174
-1.7367
-1.7543
-1.71964
-1.76459
-1.76492
-1.7657
-1.76728
-1.77031
-1.77594
-1.7852
-1.8076
-1.85111
-1.85593
-1.8207
-1.82103
-1.82176
-1.82321
-1.82588
-1.83115
-1.83963
-1.85929
-1.91357
-1.95355
-1.87642
-1.87664
-1.87708
-1.87791
-1.87919
-1.88202
-1.88707
-1.8942
-1.93249
-1.96697
-0.860221
-0.865068
-0.863015
-0.858523
-0.861522
-0.860279
-0.859944
-0.862557
-0.867891
-0.874228
-0.916671
-0.920793
-0.921121
-0.916544
-0.917198
-0.914951
-0.914307
-0.91635
-0.921779
-0.926592
-0.971644
-0.97371
-0.978435
-0.975853
-0.972874
-0.969077
-0.96725
-0.967549
-0.971568
-0.975916
-1.02434
-1.02498
-1.03116
-1.03069
-1.02719
-1.02203
-1.01818
-1.0167
-1.01851
-1.02086
-1.0749
-1.07689
-1.08044
-1.08254
-1.07911
-1.07187
-1.0671
-1.06465
-1.06472
-1.06564
-1.12365
-1.12783
-1.12813
-1.12941
-1.12571
-1.11932
-1.11452
-1.11176
-1.11101
-1.11145
-1.17045
-1.17317
-1.17261
-1.17262
-1.1696
-1.16483
-1.16085
-1.15827
-1.15732
-1.15791
-1.21686
-1.21592
-1.21513
-1.21446
-1.21274
-1.20983
-1.20684
-1.20431
-1.20303
-1.20366
-1.26496
-1.26299
-1.26077
-1.25949
-1.25848
-1.25634
-1.25335
-1.25008
-1.24762
-1.24734
-1.31639
-1.31477
-1.31193
-1.3102
-1.30833
-1.30524
-1.30096
-1.29604
-1.2911
-1.28879
-1.36997
-1.36873
-1.36631
-1.36397
-1.36078
-1.35621
-1.3501
-1.34249
-1.33487
-1.32918
-1.42472
-1.42369
-1.42163
-1.41892
-1.41497
-1.40931
-1.40145
-1.39144
-1.3801
-1.36999
-1.4803
-1.47944
-1.47768
-1.475
-1.47096
-1.46497
-1.4563
-1.44445
-1.42957
-1.41498
-1.53652
-1.53586
-1.53447
-1.53225
-1.52878
-1.52351
-1.5155
-1.50344
-1.48669
-1.46807
-1.59316
-1.59274
-1.59185
-1.59041
-1.58815
-1.58463
-1.57905
-1.56981
-1.55466
-1.53503
-1.64999
-1.64983
-1.64949
-1.64899
-1.64829
-1.64725
-1.6455
-1.64221
-1.63369
-1.61543
-1.70679
-1.70684
-1.70698
-1.70734
-1.70811
-1.70953
-1.71186
-1.7156
-1.71868
-1.71156
-1.76335
-1.76353
-1.76396
-1.76484
-1.76651
-1.7695
-1.77455
-1.78414
-1.79984
-1.8098
-1.81957
-1.81978
-1.82026
-1.82119
-1.82289
-1.82599
-1.8312
-1.84142
-1.862
-1.87967
-1.87544
-1.8756
-1.87593
-1.87652
-1.87751
-1.87934
-1.88234
-1.88778
-1.90317
-1.92172
-0.864572
-0.873525
-0.864272
-0.863009
-0.863677
-0.863279
-0.861951
-0.863018
-0.86553
-0.868552
-0.920106
-0.930757
-0.920178
-0.920915
-0.918864
-0.918544
-0.916086
-0.916165
-0.918587
-0.922282
-0.975601
-0.978903
-0.975502
-0.975869
-0.977267
-0.972591
-0.968972
-0.9676
-0.969078
-0.971438
-1.02995
-1.0261
-1.0278
-1.02658
-1.03406
-1.02482
-1.02029
-1.0173
-1.01769
-1.01891
-1.07821
-1.07613
-1.07881
-1.07549
-1.08198
-1.07417
-1.06916
-1.06575
-1.06526
-1.06569
-1.12484
-1.1268
-1.12821
-1.12424
-1.12638
-1.12145
-1.1164
-1.11318
-1.11222
-1.11242
-1.17031
-1.17149
-1.17041
-1.17027
-1.17006
-1.16671
-1.16253
-1.15989
-1.15891
-1.15915
-1.2159
-1.2137
-1.21175
-1.21274
-1.21288
-1.21106
-1.20845
-1.20637
-1.2053
-1.20548
-1.26381
-1.26053
-1.25756
-1.25734
-1.25792
-1.25723
-1.25535
-1.25311
-1.25138
-1.25099
-1.31523
-1.31299
-1.30947
-1.30833
-1.30805
-1.30659
-1.30389
-1.30053
-1.29737
-1.29576
-1.36905
-1.36766
-1.36498
-1.36326
-1.36128
-1.35826
-1.35408
-1.34901
-1.34403
-1.34049
-1.42397
-1.42296
-1.421
-1.41882
-1.41584
-1.41173
-1.40621
-1.39953
-1.39238
-1.38642
-1.47959
-1.47877
-1.47716
-1.47489
-1.47167
-1.46714
-1.46095
-1.45307
-1.44394
-1.43549
-1.53574
-1.53511
-1.53381
-1.53182
-1.5289
-1.52469
-1.51874
-1.51059
-1.50036
-1.48974
-1.59228
-1.59184
-1.59092
-1.58948
-1.58732
-1.58416
-1.57953
-1.57269
-1.56292
-1.55115
-1.64901
-1.64877
-1.64827
-1.64751
-1.64642
-1.64484
-1.6425
-1.63857
-1.63143
-1.62049
-1.70575
-1.70568
-1.70557
-1.70546
-1.70542
-1.70549
-1.70567
-1.70579
-1.70349
-1.69723
-1.76231
-1.76237
-1.76252
-1.76287
-1.76356
-1.76481
-1.76687
-1.77016
-1.77339
-1.77272
-1.8186
-1.81871
-1.81896
-1.81946
-1.82036
-1.82193
-1.82452
-1.8289
-1.83486
-1.83819
-1.87458
-1.87469
-1.87491
-1.87529
-1.87591
-1.87695
-1.87863
-1.88168
-1.88745
-1.89314
-0.857157
-0.874818
-0.869073
-0.86608
-0.866949
-0.864519
-0.863003
-0.863085
-0.864259
-0.865848
-0.90625
-0.926686
-0.926895
-0.926429
-0.9239
-0.919835
-0.916963
-0.915937
-0.916867
-0.918408
-0.96801
-0.977522
-0.981992
-0.985079
-0.9797
-0.974421
-0.9701
-0.967569
-0.967707
-0.968654
-1.02384
-1.02677
-1.03461
-1.04041
-1.03244
-1.02707
-1.02161
-1.01755
-1.01711
-1.01748
-1.07939
-1.07581
-1.08398
-1.08681
-1.08142
-1.07644
-1.07045
-1.06635
-1.06546
-1.06542
-1.12762
-1.12382
-1.12808
-1.12754
-1.12598
-1.12276
-1.11745
-1.11401
-1.11292
-1.11286
-1.17076
-1.16861
-1.16737
-1.16723
-1.1685
-1.167
-1.16337
-1.16097
-1.16006
-1.16006
-1.21473
-1.21223
-1.20761
-1.20888
-1.21114
-1.21106
-1.20942
-1.20791
-1.2071
-1.20704
-1.26266
-1.25939
-1.25445
-1.25503
-1.2569
-1.25752
-1.25684
-1.25546
-1.25427
-1.25383
-1.31443
-1.31186
-1.30771
-1.30705
-1.30779
-1.30759
-1.30616
-1.30398
-1.30186
-1.30062
-1.36845
-1.36688
-1.36408
-1.36274
-1.36171
-1.35992
-1.35715
-1.35372
-1.35037
-1.34793
-1.42353
-1.42254
-1.42064
-1.41888
-1.41668
-1.41372
-1.40981
-1.40522
-1.40049
-1.39661
-1.47915
-1.47839
-1.47692
-1.47501
-1.47243
-1.46898
-1.46447
-1.45902
-1.45305
-1.44773
-1.53523
-1.53464
-1.53343
-1.53168
-1.52922
-1.52586
-1.52136
-1.51565
-1.50897
-1.50241
-1.59166
-1.59122
-1.59032
-1.58894
-1.58696
-1.5842
-1.58041
-1.57531
-1.56877
-1.56152
-1.64829
-1.64801
-1.64743
-1.64654
-1.64527
-1.64351
-1.64103
-1.63743
-1.63213
-1.6251
-1.70496
-1.70482
-1.70455
-1.70415
-1.70363
-1.70296
-1.70199
-1.70057
-1.69759
-1.69208
-1.76151
-1.76148
-1.76144
-1.76143
-1.7615
-1.76171
-1.76207
-1.76242
-1.76236
-1.75931
-1.81784
-1.81788
-1.81796
-1.81815
-1.8185
-1.81912
-1.82011
-1.8216
-1.82306
-1.82316
-1.8739
-1.87397
-1.87409
-1.8743
-1.87463
-1.87516
-1.87598
-1.87738
-1.87952
-1.88096
-0.859269
-0.870004
-0.874848
-0.869862
-0.866976
-0.864626
-0.863472
-0.862962
-0.863341
-0.864107
-0.920602
-0.924525
-0.930356
-0.929087
-0.923877
-0.919315
-0.916916
-0.915518
-0.91563
-0.916321
-0.976863
-0.980507
-0.982324
-0.985737
-0.979678
-0.973456
-0.96942
-0.96712
-0.966726
-0.967109
-1.03059
-1.03698
-1.03539
-1.03894
-1.03256
-1.02574
-1.0204
-1.0174
-1.01657
-1.01661
-1.08017
-1.08464
-1.08522
-1.08734
-1.08083
-1.07482
-1.06952
-1.06637
-1.06535
-1.06519
-1.1253
-1.12588
-1.12848
-1.12969
-1.1251
-1.12095
-1.11683
-1.11428
-1.11331
-1.11313
-1.16942
-1.16762
-1.16843
-1.16882
-1.16745
-1.16576
-1.16339
-1.1617
-1.16089
-1.16073
-1.21545
-1.21327
-1.21087
-1.21067
-1.2115
-1.21146
-1.21038
-1.20923
-1.20845
-1.20822
-1.26424
-1.26244
-1.25911
-1.25854
-1.25933
-1.25954
-1.25863
-1.25739
-1.25633
-1.2558
-1.31576
-1.31438
-1.31168
-1.31075
-1.31049
-1.30984
-1.30836
-1.30653
-1.30482
-1.30373
-1.36928
-1.3683
-1.36627
-1.36501
-1.36372
-1.36192
-1.35957
-1.35689
-1.35434
-1.35244
-1.42383
-1.42305
-1.42155
-1.41995
-1.41798
-1.41546
-1.41234
-1.40885
-1.40535
-1.40253
-1.47914
-1.47849
-1.47721
-1.47552
-1.47329
-1.4704
-1.46685
-1.46275
-1.45845
-1.45467
-1.53502
-1.53448
-1.53339
-1.5318
-1.52963
-1.52677
-1.52317
-1.51884
-1.51405
-1.5095
-1.59131
-1.59089
-1.59002
-1.5887
-1.58685
-1.58439
-1.58118
-1.57715
-1.57238
-1.56741
-1.64784
-1.64754
-1.64692
-1.64597
-1.64464
-1.64284
-1.64045
-1.63726
-1.63312
-1.62828
-1.70444
-1.70426
-1.7039
-1.70334
-1.70258
-1.70157
-1.70024
-1.69825
-1.69532
-1.69126
-1.76097
-1.7609
-1.76074
-1.76052
-1.76024
-1.75991
-1.7595
-1.75892
-1.75744
-1.75466
-1.81732
-1.81732
-1.8173
-1.8173
-1.81732
-1.81742
-1.81758
-1.81779
-1.81785
-1.81649
-1.87343
-1.87347
-1.87354
-1.87363
-1.87377
-1.87398
-1.8743
-1.87475
-1.87525
-1.87519
-0.866734
-0.862942
-0.865532
-0.865136
-0.86464
-0.863678
-0.8632
-0.862833
-0.862867
-0.863229
-0.921689
-0.924646
-0.922455
-0.92478
-0.920667
-0.91787
-0.916197
-0.915195
-0.915041
-0.915394
-0.976557
-0.98242
-0.979742
-0.982254
-0.975632
-0.971381
-0.968544
-0.966788
-0.966243
-0.9664
-1.02993
-1.03491
-1.03682
-1.03485
-1.02722
-1.02301
-1.01944
-1.0172
-1.01633
-1.01626
-1.07893
-1.08113
-1.08602
-1.082
-1.07656
-1.07245
-1.06867
-1.06636
-1.06532
-1.06509
-1.12458
-1.12474
-1.12792
-1.12574
-1.12267
-1.11958
-1.11654
-1.11454
-1.11355
-1.11328
-1.16967
-1.16907
-1.16915
-1.16847
-1.16728
-1.16556
-1.16367
-1.16222
-1.16137
-1.16112
-1.21612
-1.21511
-1.21347
-1.21308
-1.21277
-1.21211
-1.21108
-1.21
-1.20921
-1.20888
-1.26497
-1.26373
-1.26171
-1.26101
-1.26083
-1.26047
-1.25958
-1.25843
-1.25741
-1.25684
-1.3163
-1.31519
-1.31334
-1.31234
-1.31168
-1.31081
-1.30946
-1.30786
-1.30633
-1.3053
-1.36951
-1.36864
-1.36707
-1.36579
-1.36448
-1.36286
-1.36082
-1.35851
-1.35631
-1.35464
-1.42391
-1.4232
-1.42185
-1.42039
-1.41858
-1.41635
-1.41366
-1.41067
-1.40772
-1.40531
-1.47913
-1.47852
-1.47734
-1.47577
-1.47374
-1.47119
-1.46807
-1.46457
-1.46098
-1.45785
-1.53493
-1.53441
-1.53338
-1.53189
-1.52989
-1.52731
-1.52411
-1.52039
-1.5164
-1.51269
-1.59115
-1.59073
-1.58988
-1.58861
-1.58685
-1.58455
-1.58162
-1.57809
-1.57408
-1.57004
-1.64762
-1.64731
-1.64668
-1.64571
-1.64436
-1.64258
-1.64026
-1.6373
-1.6337
-1.62974
-1.70418
-1.70398
-1.70358
-1.70295
-1.70207
-1.70091
-1.69939
-1.69732
-1.69452
-1.69107
-1.7607
-1.7606
-1.76038
-1.76006
-1.75961
-1.75904
-1.75828
-1.7572
-1.75544
-1.75284
-1.81706
-1.81703
-1.81696
-1.81686
-1.81673
-1.81657
-1.81635
-1.81601
-1.8153
-1.81369
-1.87319
-1.87322
-1.87325
-1.87329
-1.87333
-1.87338
-1.87343
-1.87345
-1.87331
-1.87267
)
;

boundaryField
{
    lowerSideWalls
    {
        type            calculated;
        value           nonuniform List<scalar> 
800
(
389.967
341.743
294.446
248.341
203.451
159.279
115.197
71.5453
36.0267
17.1857
-0.201456
-0.359228
-0.38297
-0.435092
-0.513024
-0.574699
-0.630976
-0.686665
-0.743904
-0.80243
389.425
341.157
293.768
247.498
202.201
156.734
110.76
67.0168
32.1394
6.80318
-0.401821
-0.401892
-0.399422
-0.454906
-0.519869
-0.577937
-0.632758
-0.688708
-0.75001
-0.80889
388.268
339.846
292.085
245.023
198.474
151.678
105.005
61.0169
23.5854
0.592121
-0.440533
-0.421414
-0.429663
-0.482291
-0.536765
-0.589189
-0.640001
-0.694141
-0.750852
-0.807917
386.686
338.059
289.851
242.006
194.317
146.378
98.9239
53.2061
13.1191
-0.268062
-0.429602
-0.419874
-0.447328
-0.49817
-0.551992
-0.598756
-0.64772
-0.704722
-0.760551
-0.810115
384.902
336.06
287.403
238.853
190.217
141.293
92.9491
46.8166
8.88765
-0.388328
-0.431168
-0.429746
-0.459151
-0.507997
-0.5617
-0.603546
-0.64912
-0.703051
-0.760896
-0.815403
383.107
334.056
284.962
235.744
186.234
136.375
86.8807
41.2125
7.27041
-0.408921
-0.427711
-0.432987
-0.462102
-0.50973
-0.56504
-0.608097
-0.651143
-0.702042
-0.756076
-0.810422
381.465
332.216
282.705
232.836
182.436
131.41
80.2815
34.2582
5.24315
-0.400449
-0.42747
-0.424369
-0.456617
-0.50513
-0.560994
-0.60938
-0.653546
-0.703264
-0.756926
-0.81144
380.119
330.689
280.822
230.341
179.017
126.455
73.7906
26.3293
2.79804
-0.360625
-0.413609
-0.405501
-0.440933
-0.495221
-0.5528
-0.606568
-0.654217
-0.703985
-0.757639
-0.812439
379.168
329.605
279.462
228.515
176.448
122.593
68.6181
20.3854
1.27507
-0.297774
-0.359038
-0.374493
-0.42049
-0.48327
-0.544053
-0.601477
-0.653171
-0.704438
-0.758446
-0.813647
378.695
329.062
278.762
227.557
175.095
120.863
64.9501
17.3733
0.94014
-0.222919
-0.303144
-0.34389
-0.406498
-0.475398
-0.538348
-0.597195
-0.651487
-0.704405
-0.759208
-0.814987
390.045
341.81
294.488
248.33
203.418
159.372
115.673
72.6116
37.4707
18.7352
-0.184381
-0.408632
-0.432371
-0.474088
-0.533299
-0.589918
-0.643895
-0.698208
-0.754788
-0.814576
389.505
341.224
293.811
247.495
202.212
156.93
111.205
67.7089
33
7.59306
-0.440671
-0.45517
-0.444159
-0.484038
-0.539813
-0.598588
-0.65629
-0.710312
-0.756951
-0.806175
388.351
339.917
292.135
245.047
198.511
151.798
105.189
61.5413
24.7038
0.821497
-0.483691
-0.470052
-0.47791
-0.516857
-0.564405
-0.613239
-0.662173
-0.713822
-0.759302
-0.808837
386.771
338.128
289.891
242.007
194.29
146.331
98.7992
53.4162
14.002
-0.26717
-0.459425
-0.464334
-0.492537
-0.526948
-0.571406
-0.618185
-0.663625
-0.7095
-0.756474
-0.807697
384.986
336.121
287.417
238.793
190.06
141.008
92.4765
46.2719
8.98407
-0.400641
-0.454415
-0.465573
-0.501457
-0.531819
-0.571758
-0.617538
-0.663946
-0.709585
-0.757404
-0.809338
383.193
334.109
284.945
235.609
185.921
135.807
85.9657
39.6981
6.72491
-0.41222
-0.441392
-0.460172
-0.502976
-0.536278
-0.57317
-0.617125
-0.663919
-0.710661
-0.758814
-0.810092
381.557
332.266
282.666
232.638
181.997
130.604
78.9799
32.1937
4.55616
-0.396633
-0.43721
-0.447265
-0.493043
-0.535656
-0.574716
-0.616882
-0.662899
-0.711161
-0.759706
-0.81054
380.225
330.748
280.776
230.113
178.51
125.56
72.5362
23.9991
2.3691
-0.359706
-0.426546
-0.435079
-0.475186
-0.525003
-0.571377
-0.615824
-0.661978
-0.710093
-0.75951
-0.810448
379.293
329.682
279.432
228.294
175.924
121.587
66.4781
18.5607
0.987188
-0.308072
-0.388711
-0.417806
-0.458756
-0.512283
-0.563906
-0.612956
-0.660241
-0.708098
-0.758355
-0.810204
378.85
329.171
278.77
227.389
174.625
119.867
63.0489
16.2873
0.7991
-0.241767
-0.353937
-0.403661
-0.452868
-0.507665
-0.560691
-0.610852
-0.658845
-0.706697
-0.757368
-0.810213
389.967
341.743
294.446
248.341
203.451
159.279
115.197
71.5453
36.0267
17.1857
-0.201456
-0.359228
-0.38297
-0.435092
-0.513024
-0.574699
-0.630976
-0.686665
-0.743904
-0.80243
389.435
341.17
293.793
247.545
202.357
157.173
111.368
67.4497
32.2353
6.59602
-0.395687
-0.404796
-0.403159
-0.457458
-0.535272
-0.596953
-0.647024
-0.701595
-0.75735
-0.81649
388.292
339.876
292.131
245.092
198.614
152
105.379
61.3322
24.0546
0.6447
-0.44191
-0.422918
-0.429435
-0.475063
-0.53268
-0.593712
-0.650106
-0.697817
-0.749681
-0.809277
386.729
338.109
289.918
242.098
194.456
146.637
99.2075
53.4128
13.5438
-0.269841
-0.432369
-0.426538
-0.44809
-0.49755
-0.546547
-0.594567
-0.644132
-0.692859
-0.744859
-0.801692
384.968
336.135
287.497
238.979
190.394
141.579
93.2937
47.1009
9.14888
-0.395174
-0.435024
-0.442043
-0.469543
-0.512213
-0.556928
-0.60083
-0.647091
-0.69588
-0.747476
-0.803404
383.201
334.161
285.09
235.916
186.482
136.739
87.3405
41.7269
7.70882
-0.412456
-0.438602
-0.455661
-0.487669
-0.522895
-0.561478
-0.602172
-0.646421
-0.69428
-0.745071
-0.799439
381.585
332.349
282.871
233.062
182.762
131.859
80.9095
35.0015
5.80219
-0.397807
-0.446628
-0.459639
-0.494604
-0.527415
-0.561985
-0.600018
-0.64261
-0.68995
-0.740285
-0.793886
380.259
330.844
281.012
230.605
179.407
127.001
74.4646
27.1543
3.191
-0.372327
-0.432075
-0.456564
-0.491105
-0.524032
-0.557333
-0.593307
-0.635099
-0.682215
-0.732896
-0.786874
379.32
329.773
279.664
228.791
176.882
123.301
69.1175
20.9805
1.53913
-0.326483
-0.418701
-0.447868
-0.481766
-0.51342
-0.546289
-0.581708
-0.623466
-0.671506
-0.72388
-0.779432
378.848
329.231
278.968
227.84
175.509
121.444
65.645
17.933
1.02732
-0.298453
-0.403694
-0.434225
-0.470815
-0.497131
-0.527403
-0.565557
-0.610647
-0.661607
-0.716436
-0.773918
378.878
329.261
278.997
227.861
175.514
121.444
65.8073
18.413
1.03289
-0.314852
-0.389454
-0.420811
-0.453359
-0.473834
-0.498733
-0.547845
-0.602838
-0.658748
-0.715292
-0.773247
379.403
329.854
279.742
228.848
176.853
123.092
69.3226
21.395
1.46163
-0.357646
-0.425146
-0.4442
-0.480315
-0.465556
-0.461337
-0.521627
-0.595243
-0.658
-0.716995
-0.775727
380.377
330.96
281.12
230.685
179.438
126.956
74.3466
27.1223
2.98833
-0.420549
-0.479179
-0.483537
-0.520685
-0.523956
-0.525752
-0.56752
-0.619697
-0.671779
-0.726573
-0.782696
381.722
332.483
282.997
233.166
182.837
131.846
80.7811
34.8206
5.65284
-0.462913
-0.494997
-0.502907
-0.533005
-0.555253
-0.572673
-0.603977
-0.642144
-0.687199
-0.737818
-0.791169
383.343
334.301
285.228
236.051
186.611
136.848
87.4748
41.9867
7.9117
-0.460003
-0.485021
-0.497654
-0.523727
-0.554115
-0.586124
-0.618449
-0.654587
-0.69798
-0.746945
-0.799237
385.105
336.272
287.637
239.133
190.585
141.838
93.7093
47.8445
9.7631
-0.424453
-0.472366
-0.48184
-0.509881
-0.544346
-0.583545
-0.617182
-0.654094
-0.700895
-0.751596
-0.804648
386.852
338.232
290.046
242.246
194.664
146.982
99.7506
54.3326
14.6223
-0.266736
-0.460319
-0.4696
-0.495292
-0.533647
-0.57276
-0.611054
-0.656879
-0.706181
-0.757867
-0.810217
388.397
339.977
292.229
245.188
198.75
152.319
105.99
62.2415
25.1321
1.04416
-0.484986
-0.474355
-0.478067
-0.517896
-0.571181
-0.623775
-0.671626
-0.71058
-0.759815
-0.810389
389.523
341.249
293.851
247.553
202.352
157.355
111.907
68.1979
33.016
7.78029
-0.422293
-0.461752
-0.451848
-0.496722
-0.554996
-0.618449
-0.66819
-0.706614
-0.746918
-0.800585
390.045
341.81
294.488
248.33
203.418
159.372
115.673
72.6116
37.4707
18.7352
-0.184381
-0.408632
-0.432371
-0.474088
-0.533299
-0.589918
-0.643895
-0.698208
-0.754788
-0.814576
)
;
    }
    upperSideWalls
    {
        type            calculated;
        value           nonuniform List<scalar> 
800
(
-0.859472
-0.914642
-0.971863
-1.02958
-1.08337
-1.13142
-1.17925
-1.22863
-1.27982
-1.33253
-1.38645
-1.44125
-1.49657
-1.55221
-1.608
-1.66379
-1.71947
-1.77494
-1.83014
-1.88501
-0.859159
-0.905193
-0.962155
-1.02769
-1.08713
-1.13437
-1.18042
-1.22893
-1.27969
-1.33233
-1.38632
-1.44118
-1.49657
-1.55229
-1.60816
-1.66402
-1.71975
-1.77528
-1.83052
-1.88541
-0.859984
-0.904872
-0.95891
-1.02211
-1.08632
-1.13685
-1.18239
-1.22949
-1.27927
-1.33168
-1.38584
-1.44093
-1.49654
-1.55245
-1.60847
-1.66445
-1.72029
-1.77589
-1.8312
-1.88614
-0.859738
-0.911362
-0.965894
-1.02637
-1.08505
-1.136
-1.18254
-1.2298
-1.27928
-1.33149
-1.38562
-1.44082
-1.4966
-1.55272
-1.60895
-1.66511
-1.72108
-1.77681
-1.83222
-1.88722
-0.867062
-0.919426
-0.974527
-1.03024
-1.08433
-1.13448
-1.18183
-1.22939
-1.27899
-1.3312
-1.38532
-1.44063
-1.49667
-1.55309
-1.60959
-1.66598
-1.72213
-1.77801
-1.83354
-1.88862
-0.864288
-0.918794
-0.974027
-1.02891
-1.08183
-1.13164
-1.17967
-1.22805
-1.27819
-1.33055
-1.38476
-1.44028
-1.49668
-1.55351
-1.61039
-1.66705
-1.7234
-1.77945
-1.83516
-1.89031
-0.86594
-0.920496
-0.974707
-1.02797
-1.07944
-1.12898
-1.17755
-1.22654
-1.27701
-1.32946
-1.38381
-1.43966
-1.49655
-1.55396
-1.61133
-1.66832
-1.72486
-1.78108
-1.83699
-1.89218
-0.867205
-0.921642
-0.97536
-1.02779
-1.07856
-1.12772
-1.17624
-1.22523
-1.27564
-1.328
-1.38244
-1.43867
-1.49619
-1.55434
-1.61235
-1.66972
-1.7264
-1.78273
-1.83892
-1.89427
-0.868798
-0.923381
-0.976859
-1.02872
-1.079
-1.12768
-1.1757
-1.22422
-1.27423
-1.32637
-1.3808
-1.43735
-1.49551
-1.55451
-1.61335
-1.67121
-1.72795
-1.7841
-1.84017
-1.89552
-0.87072
-0.925757
-0.979522
-1.03132
-1.08092
-1.12898
-1.17613
-1.22389
-1.27328
-1.32498
-1.37924
-1.43589
-1.49449
-1.55425
-1.61403
-1.67271
-1.72978
-1.7857
-1.84114
-1.89608
-0.866734
-0.921689
-0.976557
-1.02993
-1.07893
-1.12458
-1.16967
-1.21612
-1.26497
-1.3163
-1.36951
-1.42391
-1.47913
-1.53493
-1.59115
-1.64762
-1.70418
-1.7607
-1.81706
-1.87319
-0.862942
-0.924646
-0.98242
-1.03491
-1.08113
-1.12474
-1.16907
-1.21511
-1.26373
-1.31519
-1.36864
-1.4232
-1.47852
-1.53441
-1.59073
-1.64731
-1.70398
-1.7606
-1.81703
-1.87322
-0.865532
-0.922455
-0.979742
-1.03682
-1.08602
-1.12792
-1.16915
-1.21347
-1.26171
-1.31334
-1.36707
-1.42185
-1.47734
-1.53338
-1.58988
-1.64668
-1.70358
-1.76038
-1.81696
-1.87325
-0.865136
-0.92478
-0.982254
-1.03485
-1.082
-1.12574
-1.16847
-1.21308
-1.26101
-1.31234
-1.36579
-1.42039
-1.47577
-1.53189
-1.58861
-1.64571
-1.70295
-1.76006
-1.81686
-1.87329
-0.86464
-0.920667
-0.975632
-1.02722
-1.07656
-1.12267
-1.16728
-1.21277
-1.26083
-1.31168
-1.36448
-1.41858
-1.47374
-1.52989
-1.58685
-1.64436
-1.70207
-1.75961
-1.81673
-1.87333
-0.863678
-0.91787
-0.971381
-1.02301
-1.07245
-1.11958
-1.16556
-1.21211
-1.26047
-1.31081
-1.36286
-1.41635
-1.47119
-1.52731
-1.58455
-1.64258
-1.70091
-1.75904
-1.81657
-1.87338
-0.8632
-0.916197
-0.968544
-1.01944
-1.06867
-1.11654
-1.16367
-1.21108
-1.25958
-1.30946
-1.36082
-1.41366
-1.46807
-1.52411
-1.58162
-1.64026
-1.69939
-1.75828
-1.81635
-1.87343
-0.862833
-0.915195
-0.966788
-1.0172
-1.06636
-1.11454
-1.16222
-1.21
-1.25843
-1.30786
-1.35851
-1.41067
-1.46457
-1.52039
-1.57809
-1.6373
-1.69732
-1.7572
-1.81601
-1.87345
-0.862867
-0.915041
-0.966243
-1.01633
-1.06532
-1.11355
-1.16137
-1.20921
-1.25741
-1.30633
-1.35631
-1.40772
-1.46098
-1.5164
-1.57408
-1.6337
-1.69452
-1.75544
-1.8153
-1.87331
-0.863229
-0.915394
-0.9664
-1.01626
-1.06509
-1.11328
-1.16112
-1.20888
-1.25684
-1.3053
-1.35464
-1.40531
-1.45785
-1.51269
-1.57004
-1.62974
-1.69107
-1.75284
-1.81369
-1.87267
-0.859472
-0.914642
-0.971863
-1.02958
-1.08337
-1.13142
-1.17925
-1.22863
-1.27982
-1.33253
-1.38645
-1.44125
-1.49657
-1.55221
-1.608
-1.66379
-1.71947
-1.77494
-1.83014
-1.88501
-0.8741
-0.927407
-0.978033
-1.03196
-1.08226
-1.12957
-1.17761
-1.22745
-1.27886
-1.33172
-1.38584
-1.44081
-1.49626
-1.55199
-1.60784
-1.66368
-1.7194
-1.77493
-1.83016
-1.88505
-0.873955
-0.93429
-0.986324
-1.03612
-1.08307
-1.12694
-1.17312
-1.22338
-1.27607
-1.32985
-1.38455
-1.43991
-1.49563
-1.55154
-1.60751
-1.66344
-1.71923
-1.77481
-1.8301
-1.88504
-0.863366
-0.925741
-0.984502
-1.03561
-1.08238
-1.12475
-1.16978
-1.22054
-1.27399
-1.32821
-1.38328
-1.43894
-1.49487
-1.55095
-1.60705
-1.66309
-1.71898
-1.77464
-1.83001
-1.88501
-0.863309
-0.923044
-0.979402
-1.03133
-1.07869
-1.12289
-1.16896
-1.21954
-1.27262
-1.32691
-1.38217
-1.43795
-1.49403
-1.55027
-1.60649
-1.66262
-1.71858
-1.77431
-1.82979
-1.88487
-0.857392
-0.916336
-0.972981
-1.02498
-1.07395
-1.12098
-1.16894
-1.21929
-1.27184
-1.32604
-1.38121
-1.43698
-1.4931
-1.54941
-1.60578
-1.66204
-1.71813
-1.774
-1.82955
-1.88469
-0.850062
-0.907191
-0.962993
-1.01752
-1.06889
-1.11837
-1.1678
-1.21853
-1.27117
-1.32525
-1.38031
-1.43608
-1.49229
-1.54862
-1.60501
-1.66133
-1.71747
-1.77337
-1.82899
-1.88421
-0.843038
-0.899884
-0.956068
-1.01088
-1.06378
-1.11504
-1.16588
-1.21748
-1.27034
-1.3243
-1.37917
-1.43476
-1.49091
-1.5474
-1.60397
-1.66046
-1.71673
-1.77269
-1.82828
-1.88343
-0.836668
-0.894211
-0.951
-1.00643
-1.06011
-1.11245
-1.1643
-1.21648
-1.26946
-1.32339
-1.37827
-1.43388
-1.49
-1.54637
-1.60295
-1.65956
-1.71594
-1.7719
-1.82743
-1.88251
-0.832454
-0.890745
-0.947978
-1.00378
-1.05798
-1.11088
-1.16314
-1.21545
-1.26837
-1.3221
-1.37669
-1.43209
-1.48813
-1.54444
-1.60112
-1.65804
-1.7147
-1.77081
-1.82637
-1.88147
-0.831981
-0.890309
-0.947562
-1.00327
-1.05747
-1.11043
-1.16273
-1.21496
-1.26769
-1.32126
-1.37579
-1.4312
-1.48699
-1.5434
-1.60021
-1.65708
-1.71372
-1.76984
-1.8254
-1.88051
-0.834297
-0.89224
-0.949064
-1.00443
-1.05831
-1.11095
-1.16285
-1.21466
-1.26699
-1.32016
-1.37431
-1.42937
-1.48519
-1.54167
-1.59856
-1.65557
-1.71235
-1.7686
-1.82427
-1.8795
-0.839591
-0.896518
-0.952585
-1.0073
-1.06055
-1.11258
-1.16373
-1.21485
-1.26656
-1.31933
-1.37318
-1.42802
-1.48376
-1.5402
-1.59709
-1.65413
-1.71096
-1.76734
-1.82313
-1.87849
-0.846538
-0.902516
-0.957858
-1.01178
-1.06407
-1.11545
-1.16549
-1.21534
-1.2662
-1.31852
-1.37211
-1.42678
-1.48241
-1.53877
-1.5956
-1.65261
-1.70947
-1.76594
-1.82192
-1.87745
-0.854212
-0.910158
-0.965094
-1.01845
-1.07038
-1.12022
-1.16838
-1.21624
-1.26574
-1.31758
-1.37105
-1.42569
-1.48126
-1.53753
-1.59428
-1.65121
-1.70806
-1.76459
-1.8207
-1.87642
-0.860221
-0.916671
-0.971644
-1.02434
-1.0749
-1.12365
-1.17045
-1.21686
-1.26496
-1.31639
-1.36997
-1.42472
-1.4803
-1.53652
-1.59316
-1.64999
-1.70679
-1.76335
-1.81957
-1.87544
-0.864572
-0.920106
-0.975601
-1.02995
-1.07821
-1.12484
-1.17031
-1.2159
-1.26381
-1.31523
-1.36905
-1.42397
-1.47959
-1.53574
-1.59228
-1.64901
-1.70575
-1.76231
-1.8186
-1.87458
-0.857157
-0.90625
-0.96801
-1.02384
-1.07939
-1.12762
-1.17076
-1.21473
-1.26266
-1.31443
-1.36845
-1.42353
-1.47915
-1.53523
-1.59166
-1.64829
-1.70496
-1.76151
-1.81784
-1.8739
-0.859269
-0.920602
-0.976863
-1.03059
-1.08017
-1.1253
-1.16942
-1.21545
-1.26424
-1.31576
-1.36928
-1.42383
-1.47914
-1.53502
-1.59131
-1.64784
-1.70444
-1.76097
-1.81732
-1.87343
-0.866734
-0.921689
-0.976557
-1.02993
-1.07893
-1.12458
-1.16967
-1.21612
-1.26497
-1.3163
-1.36951
-1.42391
-1.47913
-1.53493
-1.59115
-1.64762
-1.70418
-1.7607
-1.81706
-1.87319
)
;
    }
    lowerWall
    {
        type            calculated;
        value           nonuniform List<scalar> 
200
(
414.492
413.96
412.817
411.254
409.493
407.726
406.11
404.784
403.845
403.373
403.403
403.928
404.902
406.247
407.868
409.63
411.377
412.922
414.048
414.57
413.95
413.474
412.397
410.909
409.228
407.542
406
404.733
403.839
403.395
403.431
403.935
404.869
406.152
407.694
409.37
411.034
412.503
413.564
414.03
412.793
412.383
411.439
410.12
408.62
407.107
405.721
404.585
403.79
403.405
403.452
403.915
404.754
405.904
407.282
408.775
410.252
411.549
412.476
412.876
411.211
410.875
410.102
409.009
407.751
406.475
405.3
404.343
403.68
403.376
403.443
403.857
404.573
405.54
406.693
407.934
409.156
410.219
410.973
411.296
409.427
409.172
408.578
407.729
406.738
405.726
404.791
404.037
403.531
403.327
403.428
403.792
404.371
405.126
406.016
406.97
407.905
408.71
409.273
409.511
407.632
407.458
407.039
406.426
405.698
404.95
404.251
403.705
403.36
403.254
403.411
403.741
404.177
404.717
405.343
406.001
406.645
407.194
407.569
407.718
405.99
405.89
405.626
405.222
404.731
404.218
403.733
403.386
403.21
403.222
403.467
403.747
404.019
404.341
404.726
405.117
405.495
405.811
406.015
406.082
404.644
404.601
404.466
404.237
403.941
403.625
403.324
403.178
403.243
403.431
403.76
403.861
403.917
404.038
404.223
404.399
404.565
404.684
404.746
404.75
403.693
403.694
403.657
403.554
403.398
403.219
403.045
403.099
403.406
403.99
404.315
403.969
403.696
403.665
403.783
403.861
403.902
403.898
403.859
403.818
403.22
403.251
403.279
403.263
403.211
403.13
403.054
403.204
403.783
404.181
404.535
404.197
403.591
403.561
403.681
403.679
403.63
403.546
403.445
403.375
)
;
    }
    atmosphere
    {
        type            calculated;
        value           nonuniform List<scalar> 0();
    }
    procBoundary0to1
    {
        type            processor;
        value           nonuniform List<scalar> 
800
(
378.732
329.096
278.788
227.557
175.052
120.742
64.7583
17.2583
1.06772
-0.168605
-0.28203
-0.334993
-0.403901
-0.473925
-0.535587
-0.59368
-0.649245
-0.703775
-0.759561
-0.816146
378.77
329.141
278.88
227.696
175.312
120.668
62.4039
12.8998
0.620736
-0.151851
-0.255713
-0.327623
-0.410403
-0.480893
-0.543134
-0.601534
-0.65425
-0.705775
-0.760654
-0.817389
378.82
329.233
279.086
228.191
176.188
122.45
65.4783
13.0653
0.364379
-0.135733
-0.227485
-0.322268
-0.424548
-0.494795
-0.550776
-0.602837
-0.653997
-0.70695
-0.762276
-0.818939
378.839
329.28
279.264
228.64
177.21
125.003
70.7413
17.1372
0.340154
-0.243736
-0.294386
-0.353347
-0.458551
-0.517288
-0.565686
-0.609273
-0.657198
-0.709295
-0.763995
-0.820359
378.838
329.277
279.336
228.9
178.099
127.809
78.3266
26.5027
1.67557
-0.261623
-0.428187
-0.468017
-0.524752
-0.572074
-0.592177
-0.617253
-0.659047
-0.710504
-0.763688
-0.818248
378.827
329.285
279.235
228.563
176.859
131.364
85.4926
37.5661
1.852
0.0440719
-0.243102
-0.526763
-0.525337
-0.578247
-0.607076
-0.624447
-0.659455
-0.707957
-0.756755
-0.806374
378.851
329.325
279.102
227.663
174.161
131.281
93.2089
51.0903
23.4448
9.58301
-0.168589
-0.342811
-0.433529
-0.534382
-0.587026
-0.621867
-0.660816
-0.710349
-0.754992
-0.795105
379.094
329.624
279.267
227.104
171.816
123.457
84.8996
49.1839
18.9283
3.63592
0.650516
-0.0509946
-0.372269
-0.545895
-0.596206
-0.669994
-0.677426
-0.711412
-0.746603
-0.773973
379.638
330.398
279.92
226.937
169.752
115.576
83.1415
41.2584
13.9795
2.60724
0.742206
-0.0601553
-0.539823
-0.584415
-0.569056
-0.609974
-0.645855
-0.698386
-0.741667
-0.805654
380.709
331.842
281.4
228.514
173.081
133.674
91.8801
45.765
17.0916
4.20717
0.564399
-0.241701
-0.485799
-0.475878
-0.49714
-0.602891
-0.674603
-0.671028
-0.237468
-0.401059
381.195
333.114
282.949
231.068
182.95
146.497
95.8028
50.2487
25.0814
9.27958
1.8086
-0.189019
-0.497988
-0.542276
-0.595244
-0.652802
-0.684949
-0.639278
-0.453092
-0.486294
379.919
330.8
280.001
226.332
174.229
131.258
91.7885
69.8119
37.7595
5.81685
0.416661
-0.241209
-0.441522
-0.539356
-0.61086
-0.634354
-0.630335
-0.653456
-0.717125
-0.876376
379.269
329.735
278.504
225.783
179.615
144.577
103.892
74.3443
38.8899
2.19998
-0.0493483
-0.27539
-0.43362
-0.532979
-0.595045
-0.61956
-0.630793
-0.668744
-0.741558
-0.848027
379.145
329.557
278.511
226.811
186.746
145.302
100.398
49.978
22.3337
1.01419
-0.267186
-0.395297
-0.505995
-0.558418
-0.587621
-0.611901
-0.644248
-0.693379
-0.758404
-0.833067
379.225
329.693
279.625
229.015
184.879
135.997
89.2897
40.4752
13.097
0.0915535
-0.514503
-0.578868
-0.586717
-0.574564
-0.581101
-0.60331
-0.643454
-0.697137
-0.760587
-0.828544
379.244
329.752
279.934
230.184
180.529
130.454
79.4986
28.8515
4.31124
-0.60929
-0.628274
-0.620876
-0.574053
-0.55721
-0.574201
-0.605877
-0.650017
-0.701792
-0.758777
-0.819226
379.199
329.672
279.716
229.352
178.598
125.912
70.1727
17.2396
1.16357
-0.331185
-0.484014
-0.502701
-0.517524
-0.539157
-0.569858
-0.610044
-0.656419
-0.705732
-0.759216
-0.815365
379.108
329.511
279.321
228.441
176.502
122.156
64.0196
12.3164
0.366731
-0.190166
-0.376463
-0.445818
-0.487802
-0.52615
-0.565279
-0.611679
-0.659766
-0.707519
-0.758914
-0.8133
378.997
329.335
278.992
227.682
175.094
119.741
60.235
11.6079
0.427373
-0.283147
-0.389543
-0.425607
-0.466068
-0.513652
-0.564891
-0.619963
-0.666076
-0.708785
-0.757883
-0.8114
378.921
329.246
278.848
227.465
174.711
119.938
63.0393
16.2768
0.941647
-0.222956
-0.36603
-0.414467
-0.458813
-0.50832
-0.558625
-0.607636
-0.655263
-0.70412
-0.756279
-0.81021
-0.872526
-0.92807
-0.982146
-1.03401
-1.08337
-1.1306
-1.1772
-1.22417
-1.27282
-1.324
-1.37793
-1.43443
-1.49305
-1.55307
-1.61338
-1.67271
-1.73034
-1.78638
-1.84117
-1.89563
-0.874011
-0.929884
-0.984147
-1.03574
-1.08409
-1.13027
-1.17542
-1.22128
-1.26936
-1.32047
-1.37471
-1.43185
-1.49153
-1.55314
-1.61532
-1.67584
-1.73357
-1.78879
-1.84322
-1.89707
-0.876011
-0.932938
-0.988067
-1.03933
-1.08591
-1.12942
-1.17148
-1.21483
-1.26158
-1.31269
-1.36753
-1.42578
-1.48797
-1.5544
-1.62164
-1.68484
-1.74269
-1.79448
-1.84788
-1.89991
-0.878633
-0.938475
-0.996034
-1.04652
-1.09016
-1.12813
-1.16406
-1.20266
-1.24777
-1.30028
-1.35591
-1.41495
-1.47855
-1.55511
-1.63745
-1.70647
-1.75902
-1.80719
-1.85917
-1.9054
-0.879723
-0.948305
-1.01263
-1.06185
-1.09807
-1.12595
-1.15215
-1.18389
-1.22671
-1.28355
-1.34027
-1.39319
-1.44254
-1.52746
-1.67548
-1.75141
-1.79974
-1.83014
-1.87299
-1.91212
-0.874657
-0.958734
-1.03587
-1.0893
-1.11848
-1.13023
-1.14542
-1.1696
-1.20218
-1.23177
-1.28133
-1.36179
-1.46604
-1.4514
-1.49168
-1.61044
-1.81429
-1.82199
-1.85594
-1.88839
-0.858945
-0.948525
-0.950241
-0.997533
-1.12832
-1.13948
-1.14669
-1.15193
-1.15783
-1.18303
-1.25976
-1.26772
-1.37355
-1.4805
-1.43112
-1.58831
-1.78396
-1.81623
-1.84913
-1.88023
-0.832119
-0.932128
-0.912359
-0.942437
-1.13288
-1.17243
-1.13903
-1.09934
-1.0882
-1.17202
-1.20489
-1.20838
-1.38155
-1.51784
-1.42412
-1.51568
-1.7412
-1.83776
-1.86003
-1.88555
-0.911398
-0.975022
-0.916262
-0.928552
-1.09179
-1.11608
-0.795693
-0.706347
-0.879522
-0.985612
-0.986386
-1.17433
-1.33985
-1.44252
-1.40954
-1.48446
-1.74081
-1.88564
-1.87165
-1.87061
-0.693122
-0.99661
-1.06003
-1.08134
-1.10696
-1.12511
-1.12951
-1.14462
-1.15469
-1.0022
-1.13113
-1.22553
-1.29651
-1.38191
-1.38221
-1.49453
-1.80148
-1.88455
-1.82133
-1.75674
-0.827287
-0.529166
-0.838308
-1.10066
-1.11055
-1.1295
-1.16354
-1.20638
-1.19939
-1.14803
-1.13527
-1.25174
-1.34021
-1.33473
-1.3913
-1.49775
-1.73375
-1.86467
-1.85485
-1.77826
-1.08206
-1.09203
-1.02378
-1.01545
-1.0574
-1.10998
-1.17242
-1.22443
-1.24508
-1.23122
-1.17555
-1.17875
-1.28839
-1.39621
-1.43516
-1.61088
-1.81961
-1.86362
-1.88128
-1.90202
-0.972002
-1.01844
-1.01727
-1.0271
-1.05452
-1.10079
-1.16184
-1.21627
-1.24772
-1.25119
-1.24487
-1.23611
-1.22943
-1.29871
-1.43462
-1.4444
-1.75591
-1.86581
-1.89612
-1.95957
-0.90703
-0.958885
-0.991538
-1.02821
-1.06381
-1.11048
-1.16443
-1.21209
-1.24846
-1.27014
-1.28385
-1.29748
-1.30806
-1.3308
-1.41814
-1.56299
-1.59471
-1.72447
-1.72067
-1.88009
-0.895137
-0.95316
-0.990899
-1.02606
-1.06519
-1.11123
-1.16008
-1.20687
-1.24786
-1.28165
-1.30995
-1.33932
-1.36978
-1.40968
-1.47223
-1.5429
-1.66595
-1.83455
-1.89093
-1.93817
-0.878289
-0.930916
-0.978966
-1.02264
-1.06668
-1.1129
-1.16042
-1.20695
-1.25054
-1.29062
-1.32841
-1.36666
-1.4073
-1.45512
-1.51649
-1.58948
-1.68819
-1.79327
-1.87738
-1.92938
-0.870959
-0.923855
-0.972975
-1.02001
-1.0665
-1.11335
-1.16046
-1.20705
-1.25239
-1.29633
-1.33953
-1.38345
-1.43029
-1.48203
-1.54107
-1.60895
-1.68661
-1.76548
-1.83671
-1.89504
-0.867311
-0.919692
-0.969679
-1.01824
-1.06599
-1.11345
-1.16076
-1.20779
-1.25438
-1.30063
-1.34703
-1.39453
-1.44433
-1.49762
-1.55546
-1.61816
-1.68532
-1.75408
-1.81996
-1.88034
-0.864973
-0.917216
-0.967881
-1.01718
-1.06561
-1.1135
-1.1611
-1.20854
-1.25592
-1.30344
-1.35151
-1.40085
-1.45212
-1.50609
-1.56328
-1.62373
-1.68679
-1.75086
-1.81381
-1.87399
-0.863715
-0.916021
-0.96697
-1.01668
-1.06542
-1.11356
-1.16136
-1.20904
-1.2568
-1.30492
-1.35378
-1.40379
-1.45564
-1.50983
-1.56667
-1.6261
-1.68751
-1.74973
-1.81134
-1.87121
)
;
    }
    procBoundary0to2
    {
        type            processor;
        value           nonuniform List<scalar> 
200
(
-1.9395
-1.9399
-1.94063
-1.94172
-1.94311
-1.94475
-1.94651
-1.9483
-1.94956
-1.95012
-1.93954
-1.93997
-1.94075
-1.94192
-1.94344
-1.94527
-1.9473
-1.94951
-1.95105
-1.95129
-1.93957
-1.94003
-1.94089
-1.9422
-1.94395
-1.94614
-1.94865
-1.95146
-1.95378
-1.95261
-1.93957
-1.9401
-1.94109
-1.94263
-1.94478
-1.9475
-1.95075
-1.95485
-1.95875
-1.95579
-1.93949
-1.94009
-1.9412
-1.94302
-1.94581
-1.94942
-1.95449
-1.95796
-1.95987
-1.95622
-1.93933
-1.93999
-1.9412
-1.94311
-1.94588
-1.9498
-1.95507
-1.95291
-1.94416
-1.93581
-1.93893
-1.93976
-1.94135
-1.94424
-1.94985
-1.95351
-1.95598
-1.95322
-1.94576
-1.93847
-1.93812
-1.93849
-1.93931
-1.94015
-1.94045
-1.93929
-1.94154
-1.93688
-1.92966
-1.9285
-1.93724
-1.93749
-1.93796
-1.93839
-1.93826
-1.93632
-1.92986
-1.91836
-1.89897
-1.86554
-1.93628
-1.93639
-1.93648
-1.93616
-1.93467
-1.92992
-1.91945
-1.89939
-1.85687
-1.75021
-1.93539
-1.93543
-1.93532
-1.93467
-1.93259
-1.92702
-1.91472
-1.89016
-1.84403
-1.74056
-1.9345
-1.93454
-1.93438
-1.93368
-1.9316
-1.92647
-1.91556
-1.89335
-1.86715
-1.84698
-1.93363
-1.93369
-1.93359
-1.9331
-1.93148
-1.92761
-1.91937
-1.89975
-1.8818
-1.85721
-1.93274
-1.93282
-1.93281
-1.93258
-1.93162
-1.92938
-1.92505
-1.91494
-1.9147
-1.91482
-1.93187
-1.93196
-1.93203
-1.93202
-1.93164
-1.93074
-1.92933
-1.92547
-1.93532
-1.95716
-1.93105
-1.93113
-1.93125
-1.93135
-1.9313
-1.93109
-1.9306
-1.92962
-1.93391
-1.94639
-1.93031
-1.93039
-1.93052
-1.93066
-1.93077
-1.93082
-1.93081
-1.93114
-1.93378
-1.93905
-1.92971
-1.92978
-1.92991
-1.93006
-1.9302
-1.93034
-1.93049
-1.93093
-1.93224
-1.93412
-1.9293
-1.92936
-1.92947
-1.92961
-1.92975
-1.92989
-1.93003
-1.93028
-1.93073
-1.93116
-1.92908
-1.92915
-1.92925
-1.92938
-1.92951
-1.92963
-1.92972
-1.92981
-1.92987
-1.92972
)
;
    }
}


// ************************************************************************* //
