/*--------------------------------*- C++ -*----------------------------------*\
| =========                 |                                                 |
| \\      /  F ield         | OpenFOAM: The Open Source CFD Toolbox           |
|  \\    /   O peration     | Version:  2312                                  |
|   \\  /    A nd           | Website:  www.openfoam.com                      |
|    \\/     M anipulation  |                                                 |
\*---------------------------------------------------------------------------*/
FoamFile
{
    version     2.0;
    format      ascii;
    arch        "LSB;label=32;scalar=64";
    class       volScalarField;
    location    "1.145";
    object      p;
}
// * * * * * * * * * * * * * * * * * * * * * * * * * * * * * * * * * * * * * //

dimensions      [1 -1 -2 0 0 0 0];

internalField   nonuniform List<scalar> 
8000
(
355.422
355.877
356.734
357.945
359.368
360.871
362.354
363.608
364.536
365.011
305.323
305.687
306.521
307.915
309.587
311.308
312.957
314.393
315.416
316.005
254.217
254.617
255.414
256.899
258.956
261.099
263.167
264.971
266.338
267.091
202.169
202.595
203.357
205.044
207.434
210.174
212.92
215.284
217.089
218.167
148.624
149.151
150.008
151.858
154.93
158.532
162.168
165.346
167.898
169.309
93.0786
94.0939
96.1157
98.7909
101.765
106.169
110.811
115.281
118.589
120.666
36.4013
37.3149
38.2466
40.6001
45.1669
52.1213
58.8934
64.7038
69.6073
72.5682
4.67244
4.73396
4.80493
5.59925
7.05489
9.34929
13.5017
19.6078
25.7582
29.4589
-0.0751199
-0.0797372
-0.0634286
-0.048819
-0.033334
-0.0489252
-0.0168619
0.377079
2.48463
4.59168
-0.150451
-0.151669
-0.159676
-0.174842
-0.192269
-0.200955
-0.218693
-0.251029
-0.284104
-0.290545
-0.23235
-0.236075
-0.259451
-0.289576
-0.313799
-0.321945
-0.33493
-0.356915
-0.374001
-0.377363
-0.318895
-0.328065
-0.35865
-0.395286
-0.417594
-0.419516
-0.412624
-0.421045
-0.432251
-0.443448
-0.408488
-0.418678
-0.44269
-0.466163
-0.478518
-0.492062
-0.497354
-0.503521
-0.511731
-0.520064
-0.495084
-0.504159
-0.518022
-0.53203
-0.557704
-0.587779
-0.606086
-0.608095
-0.608731
-0.601978
-0.582285
-0.590844
-0.598214
-0.611319
-0.64537
-0.677808
-0.695309
-0.694588
-0.685585
-0.670089
-0.670147
-0.680656
-0.685146
-0.697306
-0.719656
-0.743846
-0.756582
-0.755691
-0.746221
-0.732445
-0.751389
-0.764939
-0.769556
-0.772589
-0.778447
-0.793182
-0.804283
-0.810345
-0.805473
-0.793111
-0.818861
-0.832129
-0.835995
-0.832345
-0.834287
-0.844216
-0.857503
-0.868374
-0.865259
-0.851799
-0.87686
-0.887464
-0.891767
-0.891177
-0.892878
-0.902883
-0.915315
-0.924096
-0.921484
-0.905997
-0.931574
-0.939304
-0.945264
-0.946971
-0.95196
-0.961802
-0.971905
-0.977444
-0.971901
-0.955944
356.054
356.524
357.436
358.603
359.959
361.387
362.933
364.238
365.122
365.529
305.929
306.303
307.186
308.574
310.236
311.952
313.552
314.992
316.032
316.527
255.028
255.193
255.849
257.285
259.495
261.765
263.835
265.667
266.964
267.672
202.967
203.214
203.785
205.452
208.037
210.916
213.775
216.126
217.79
218.688
149.006
149.83
151.052
153.166
156.235
159.89
163.373
166.347
168.535
169.779
93.1636
94.3827
96.4832
99.3142
102.813
107.78
112.156
116.166
119.173
121.066
36.0433
37.091
38.8856
42.384
47.7106
54.7302
60.5437
65.7073
70.0524
72.889
4.30586
4.43425
4.83343
6.03392
7.96473
10.6461
14.8625
20.7275
25.8497
29.4052
-0.0672259
-0.0778036
-0.0677734
-0.0741246
-0.113999
-0.128148
0.0179518
0.812536
2.66915
4.59195
-0.147856
-0.15715
-0.177644
-0.211444
-0.236318
-0.252566
-0.274246
-0.310408
-0.335077
-0.343406
-0.235263
-0.248582
-0.286213
-0.342128
-0.371845
-0.387747
-0.408479
-0.439857
-0.455777
-0.459994
-0.329056
-0.351432
-0.401979
-0.440146
-0.455478
-0.456526
-0.455092
-0.465447
-0.478982
-0.49102
-0.416299
-0.442293
-0.488382
-0.498057
-0.500582
-0.503127
-0.512683
-0.521807
-0.528378
-0.530018
-0.49708
-0.520482
-0.554402
-0.563605
-0.580774
-0.600933
-0.616479
-0.621069
-0.618711
-0.602229
-0.580301
-0.596119
-0.620436
-0.63834
-0.670248
-0.702757
-0.705876
-0.704937
-0.697383
-0.676359
-0.667101
-0.675436
-0.689295
-0.708533
-0.734878
-0.762303
-0.772331
-0.771957
-0.762364
-0.744641
-0.75018
-0.75949
-0.761759
-0.770291
-0.784981
-0.803735
-0.820611
-0.831489
-0.827653
-0.810456
-0.819996
-0.831683
-0.830645
-0.827636
-0.835587
-0.851887
-0.874602
-0.892389
-0.890278
-0.872866
-0.878353
-0.889642
-0.88729
-0.885591
-0.893666
-0.912824
-0.934664
-0.948046
-0.94398
-0.926108
-0.93167
-0.944239
-0.944028
-0.945292
-0.956548
-0.976392
-0.991913
-0.99755
-0.990218
-0.970843
357.286
357.869
358.989
360.126
361.322
362.759
364.111
365.288
366.112
366.479
307.154
307.73
308.867
310.178
311.66
313.264
314.84
316.143
317.091
317.536
256.226
256.617
257.706
259.084
261.018
263.226
265.334
266.998
268.16
268.766
204.443
204.692
205.798
207.329
209.734
212.68
215.423
217.617
219.208
220.035
150.898
151.589
153.339
155.251
158.343
162.096
165.469
168.241
170.288
171.466
95.9102
96.7128
99.128
101.902
105.793
110.554
114.702
118.538
121.447
123.257
38.1478
39.0338
41.679
45.6917
51.565
58.0279
63.5919
68.5763
72.5026
75.3158
4.72393
4.77769
5.11283
6.70696
9.85402
13.7899
18.4995
23.5838
28.0232
31.398
-0.0740693
-0.0799121
-0.0877187
-0.123263
-0.181776
-0.165659
0.20365
1.50632
3.38235
5.29467
-0.167159
-0.17946
-0.207718
-0.241143
-0.274138
-0.301376
-0.322121
-0.332711
-0.342272
-0.350141
-0.268719
-0.285698
-0.315659
-0.356584
-0.381888
-0.404123
-0.431889
-0.454129
-0.472929
-0.478974
-0.370021
-0.398698
-0.421089
-0.442192
-0.45328
-0.46352
-0.471414
-0.481385
-0.491857
-0.498197
-0.454352
-0.483885
-0.505334
-0.507431
-0.505421
-0.509575
-0.51464
-0.518189
-0.51707
-0.512428
-0.529765
-0.556297
-0.574896
-0.577432
-0.58662
-0.60639
-0.625775
-0.630082
-0.609827
-0.581313
-0.605445
-0.625491
-0.638145
-0.655107
-0.683291
-0.722282
-0.731265
-0.733339
-0.715327
-0.677149
-0.680835
-0.695702
-0.702026
-0.721905
-0.752343
-0.782743
-0.793607
-0.796943
-0.786974
-0.759712
-0.751082
-0.767882
-0.764292
-0.779277
-0.80368
-0.825508
-0.844509
-0.855314
-0.850729
-0.827128
-0.812856
-0.831184
-0.828338
-0.833936
-0.852803
-0.872292
-0.894416
-0.910777
-0.909049
-0.888833
-0.869343
-0.882032
-0.88535
-0.889744
-0.904562
-0.927357
-0.948385
-0.960716
-0.958126
-0.940812
-0.925202
-0.932809
-0.939402
-0.944141
-0.9599
-0.983554
-1.00013
-1.00616
-1.00273
-0.985721
358.976
359.535
360.716
361.776
362.939
364.282
365.601
366.723
367.495
367.808
309.042
309.634
310.916
312.245
313.551
314.991
316.456
317.707
318.59
318.973
258.299
258.806
260.142
261.711
263.483
265.426
267.257
268.816
269.909
270.402
206.86
207.139
208.615
210.409
212.687
215.334
217.811
219.858
221.321
222.066
154.321
154.565
156.465
158.784
161.783
165.17
168.36
171.061
173.045
174.088
100.3
100.677
102.864
106.032
110.085
114.382
118.593
122.237
125.066
126.636
43.1473
43.6774
46.2456
50.4477
56.489
62.5217
67.9583
72.8392
76.9821
79.2972
6.61308
6.57617
7.04186
8.99834
12.8502
17.7211
22.974
27.869
32.3633
35.8948
-0.0885892
-0.0899327
-0.104799
-0.150423
-0.189681
0.0461789
1.1549
2.80785
4.869
7.15927
-0.198441
-0.210844
-0.235275
-0.267457
-0.309123
-0.334945
-0.338583
-0.328841
-0.32711
-0.325904
-0.305819
-0.325565
-0.344237
-0.364341
-0.386542
-0.409617
-0.426317
-0.428156
-0.430932
-0.43209
-0.398899
-0.42408
-0.433556
-0.433883
-0.441618
-0.463021
-0.48152
-0.492253
-0.498262
-0.50097
-0.476133
-0.496504
-0.501399
-0.498257
-0.505825
-0.528878
-0.543493
-0.546017
-0.539291
-0.535404
-0.54693
-0.565691
-0.574423
-0.568517
-0.591964
-0.629169
-0.653754
-0.650634
-0.622731
-0.595786
-0.617511
-0.634554
-0.646953
-0.648156
-0.691053
-0.74993
-0.775057
-0.763794
-0.734316
-0.682825
-0.685497
-0.700873
-0.711511
-0.720211
-0.759632
-0.806448
-0.828926
-0.831884
-0.815207
-0.774336
-0.748669
-0.762975
-0.771098
-0.78071
-0.809373
-0.842935
-0.867453
-0.881934
-0.875294
-0.842142
-0.809559
-0.821849
-0.829949
-0.837207
-0.86336
-0.88656
-0.905576
-0.922212
-0.920726
-0.898558
-0.871102
-0.880782
-0.888597
-0.897073
-0.916984
-0.935244
-0.948659
-0.962478
-0.962384
-0.947534
-0.930799
-0.94011
-0.945214
-0.950206
-0.967866
-0.984761
-0.997334
-1.00566
-1.00695
-0.994093
360.919
361.369
362.502
363.544
364.759
366.082
367.36
368.428
369.143
369.407
311.276
311.801
312.947
314.21
315.534
316.964
318.376
319.578
320.398
320.718
260.978
261.468
262.709
264.3
266.016
267.81
269.538
271.005
272.007
272.421
210.122
210.553
211.886
213.799
216.013
218.402
220.682
222.61
223.965
224.571
158.535
159.17
160.665
163.018
165.899
169.013
172.01
174.596
176.421
177.288
105.568
106.092
108.282
111.301
115.073
119.296
123.327
126.882
129.443
130.717
50.3023
50.971
53.732
57.6912
63.078
68.5424
73.7722
79.0068
82.6507
84.7807
9.80362
9.8309
11.1147
13.8303
18.1126
23.8111
29.2164
34.1196
38.8906
41.7633
-0.121625
-0.130533
-0.15823
-0.174524
0.0413456
1.40794
3.20111
5.12962
8.08265
10.7634
-0.236951
-0.248673
-0.281041
-0.313664
-0.333894
-0.3365
-0.328272
-0.34245
-0.351816
-0.322273
-0.331934
-0.343123
-0.357987
-0.369939
-0.38655
-0.405747
-0.416388
-0.432538
-0.442366
-0.442287
-0.408518
-0.422101
-0.428696
-0.426292
-0.439057
-0.464107
-0.486108
-0.508537
-0.513803
-0.513298
-0.480469
-0.493097
-0.496264
-0.49788
-0.518871
-0.558214
-0.582312
-0.583638
-0.570687
-0.563939
-0.550253
-0.564064
-0.573866
-0.57995
-0.621423
-0.675568
-0.695226
-0.68716
-0.660866
-0.630494
-0.620948
-0.634946
-0.650937
-0.661507
-0.70847
-0.769534
-0.797873
-0.78989
-0.762226
-0.719035
-0.689146
-0.702842
-0.71873
-0.731992
-0.767035
-0.820165
-0.852486
-0.856362
-0.835865
-0.79096
-0.753438
-0.766844
-0.778762
-0.788519
-0.812814
-0.851016
-0.880269
-0.89261
-0.883363
-0.845649
-0.819427
-0.832146
-0.838999
-0.844486
-0.861775
-0.885314
-0.906065
-0.916399
-0.912761
-0.892588
-0.881024
-0.895845
-0.898755
-0.902257
-0.917915
-0.932456
-0.942458
-0.951804
-0.951507
-0.938376
-0.937718
-0.953866
-0.953118
-0.95536
-0.968557
-0.982662
-0.989334
-0.997457
-1.0011
-0.990243
362.958
363.409
364.343
365.424
366.671
367.986
369.227
370.248
370.916
371.136
313.54
314.026
315.066
316.252
317.607
319.047
320.435
321.59
322.352
322.619
263.779
264.276
265.393
266.873
268.559
270.308
271.976
273.369
274.298
274.637
213.643
214.163
215.389
217.188
219.329
221.608
223.777
225.602
226.838
227.321
162.944
163.551
165.198
167.429
170.174
173.135
175.998
178.431
180.094
180.802
111.364
111.969
114.207
116.994
120.672
124.728
128.519
131.85
134.144
135.196
58.3944
59.3995
62.2773
66.0778
70.7991
75.3848
80.3842
85.272
88.8072
90.6771
14.1791
14.8245
17.2842
21.6013
26.4679
31.6702
37.0769
41.9702
46.1438
48.5478
-0.120914
-0.122804
-0.0445242
0.666223
2.37139
4.35695
6.67138
9.97778
13.8258
16.3935
-0.288977
-0.296996
-0.313641
-0.328679
-0.314364
-0.296386
-0.299087
-0.320018
-0.102025
0.362831
-0.35566
-0.357632
-0.370749
-0.389297
-0.394547
-0.395454
-0.409372
-0.435438
-0.463209
-0.4621
-0.420189
-0.424304
-0.431676
-0.437311
-0.455141
-0.474642
-0.499982
-0.53553
-0.553389
-0.539368
-0.488026
-0.497023
-0.502898
-0.515984
-0.550118
-0.595166
-0.620289
-0.627045
-0.617877
-0.593613
-0.557075
-0.570912
-0.585337
-0.604562
-0.657318
-0.71046
-0.723023
-0.718082
-0.699806
-0.667029
-0.630133
-0.644718
-0.665522
-0.685534
-0.731302
-0.787751
-0.813825
-0.80509
-0.780784
-0.742367
-0.700625
-0.717699
-0.737735
-0.753229
-0.782807
-0.828984
-0.861285
-0.863532
-0.841206
-0.799722
-0.770544
-0.789444
-0.802304
-0.808415
-0.824119
-0.851365
-0.876944
-0.884887
-0.874863
-0.844544
-0.834263
-0.853803
-0.858319
-0.857945
-0.86734
-0.883427
-0.896111
-0.901763
-0.898045
-0.881737
-0.887799
-0.906042
-0.906803
-0.906145
-0.91421
-0.927076
-0.935199
-0.937616
-0.933737
-0.925164
-0.937228
-0.95101
-0.951657
-0.951885
-0.959702
-0.972447
-0.983061
-0.98633
-0.98233
-0.978856
364.919
365.363
366.199
367.275
368.522
369.818
371.029
372.013
372.635
372.802
315.705
316.199
317.11
318.282
319.637
321.081
322.442
323.553
324.267
324.484
266.42
266.937
267.965
269.364
271.01
272.737
274.367
275.707
276.576
276.858
217
217.59
218.759
220.455
222.521
224.734
226.832
228.568
229.712
230.107
167.213
167.926
169.486
171.642
174.305
177.199
179.965
182.267
183.807
184.389
116.894
117.748
119.95
122.721
126.244
130.129
133.752
136.88
138.987
139.884
66.195
67.6302
70.4665
74.265
78.7261
82.8424
87.6551
92.3719
95.4508
96.9919
20.7679
22.4991
25.8287
30.3019
35.6789
41.3846
46.2045
50.9694
54.6558
56.8776
0.724846
1.02848
2.3049
4.27517
6.81988
9.94111
13.846
17.6228
21.1551
23.4195
-0.332343
-0.325777
-0.311833
-0.295971
-0.312819
-0.305845
-0.187808
0.389597
1.54374
2.50715
-0.391596
-0.394799
-0.398789
-0.403884
-0.406335
-0.42009
-0.451816
-0.482096
-0.472484
-0.444237
-0.444033
-0.442552
-0.44365
-0.453012
-0.474767
-0.512243
-0.563062
-0.579667
-0.561639
-0.529671
-0.502562
-0.50945
-0.51428
-0.537647
-0.587542
-0.633688
-0.652818
-0.660233
-0.65122
-0.622769
-0.572019
-0.582844
-0.598379
-0.625987
-0.680731
-0.726276
-0.739947
-0.738687
-0.727116
-0.699191
-0.649273
-0.666124
-0.684057
-0.704571
-0.746989
-0.796028
-0.815153
-0.805282
-0.790156
-0.76228
-0.723441
-0.752373
-0.764454
-0.770945
-0.794907
-0.829858
-0.852163
-0.850771
-0.836122
-0.809431
-0.79042
-0.822451
-0.824684
-0.820904
-0.828987
-0.84571
-0.860803
-0.867782
-0.862803
-0.845481
-0.844119
-0.868379
-0.869252
-0.862054
-0.862469
-0.868798
-0.877351
-0.884281
-0.884703
-0.877643
-0.88702
-0.904594
-0.908018
-0.902316
-0.902548
-0.907855
-0.914299
-0.919344
-0.919717
-0.919851
-0.929749
-0.942869
-0.946432
-0.945025
-0.948031
-0.95604
-0.964157
-0.969311
-0.970471
-0.974533
366.61
367.025
367.815
368.878
370.116
371.399
372.59
373.544
374.131
374.241
317.642
318.053
318.902
320.063
321.417
322.853
324.193
325.275
325.953
326.122
268.685
269.171
270.153
271.529
273.163
274.871
276.475
277.781
278.61
278.851
219.814
220.398
221.57
223.252
225.312
227.492
229.542
231.224
232.31
232.658
170.897
171.514
173.116
175.347
177.99
180.857
183.549
185.751
187.212
187.726
121.825
122.587
124.912
127.608
131.263
135.083
138.657
141.559
143.537
144.326
72.9087
74.2933
77.4156
81.491
86.001
90.5894
95.3924
99.0868
101.791
103.1
27.7222
29.4119
33.3148
38.8668
44.9402
49.4052
54.7712
59.589
62.9701
64.9913
3.37106
3.84568
6.04747
9.94594
14.8071
19.0388
22.7923
26.3691
29.5225
31.7968
-0.298839
-0.307095
-0.308434
-0.315197
-0.313117
0.108192
1.59282
3.25442
5.14241
6.82
-0.399821
-0.409459
-0.412872
-0.420795
-0.435753
-0.482198
-0.504326
-0.520815
-0.52652
-0.462932
-0.460206
-0.458901
-0.452084
-0.46545
-0.508166
-0.572866
-0.608089
-0.616203
-0.603571
-0.557535
-0.515954
-0.523543
-0.525104
-0.550852
-0.604769
-0.654704
-0.680184
-0.691945
-0.686312
-0.651092
-0.584271
-0.59715
-0.610328
-0.636487
-0.688915
-0.733913
-0.750335
-0.753738
-0.749466
-0.724618
-0.664453
-0.689773
-0.697388
-0.711548
-0.752263
-0.797473
-0.806226
-0.805706
-0.800645
-0.781748
-0.736076
-0.771138
-0.769324
-0.770525
-0.794094
-0.823957
-0.837064
-0.840676
-0.836943
-0.821278
-0.794188
-0.819146
-0.817857
-0.813823
-0.822438
-0.837854
-0.851849
-0.860218
-0.859946
-0.849403
-0.837362
-0.855274
-0.856326
-0.851501
-0.853445
-0.86117
-0.872379
-0.882339
-0.883364
-0.879474
-0.876591
-0.89168
-0.893996
-0.891923
-0.894272
-0.901062
-0.910871
-0.917749
-0.918258
-0.920175
-0.920807
-0.934335
-0.939959
-0.941288
-0.945564
-0.953182
-0.961815
-0.965937
-0.969173
-0.976012
367.795
368.203
368.977
370.036
371.272
372.552
373.731
374.673
375.246
375.354
318.93
319.363
320.201
321.364
322.725
324.157
325.484
326.558
327.232
327.382
270.285
270.774
271.742
273.127
274.766
276.464
278.048
279.344
280.184
280.411
221.82
222.386
223.602
225.35
227.432
229.588
231.596
233.254
234.371
234.722
173.586
174.134
175.84
178.182
180.891
183.698
186.296
188.471
189.985
190.496
125.549
126.171
128.65
131.675
135.21
138.985
142.372
145.266
147.296
148.05
78.203
79.3288
82.7042
87.0123
91.7112
96.2462
100.591
104.273
106.97
108.192
34.6108
35.8592
40.1512
45.7074
50.6729
55.669
61.2995
66.1849
69.9341
71.9372
7.05337
7.84212
11.6519
16.4155
21.7601
26.4236
30.5593
34.4046
37.9618
40.5906
-0.308365
-0.337767
-0.317107
-0.182591
0.881521
2.95808
5.55593
8.59699
11.8523
14.7803
-0.418495
-0.441077
-0.433932
-0.452234
-0.482481
-0.508808
-0.548831
-0.571648
-0.501551
-0.10267
-0.470927
-0.475492
-0.469312
-0.495767
-0.543151
-0.591655
-0.633703
-0.66141
-0.679968
-0.657266
-0.524285
-0.534979
-0.540428
-0.561388
-0.608329
-0.659682
-0.695866
-0.721886
-0.731796
-0.705492
-0.594401
-0.608937
-0.617916
-0.639742
-0.690699
-0.740109
-0.763987
-0.77445
-0.775236
-0.753017
-0.668268
-0.693792
-0.695931
-0.712385
-0.757609
-0.801465
-0.818158
-0.821373
-0.817421
-0.800419
-0.733864
-0.753737
-0.753506
-0.765897
-0.798335
-0.833342
-0.851842
-0.854205
-0.848152
-0.832776
-0.783481
-0.795411
-0.794883
-0.804874
-0.826727
-0.850905
-0.866385
-0.872683
-0.867778
-0.855049
-0.824231
-0.833986
-0.831222
-0.838582
-0.855085
-0.871501
-0.884377
-0.890529
-0.887589
-0.881551
-0.867663
-0.878905
-0.874898
-0.87974
-0.891706
-0.905071
-0.916447
-0.91908
-0.918913
-0.920929
-0.914073
-0.928138
-0.930485
-0.932776
-0.940732
-0.952175
-0.961871
-0.966521
-0.973011
-0.977942
368.342
368.763
369.539
370.61
371.861
373.156
374.333
375.254
375.83
375.985
319.565
320.004
320.838
322.02
323.4
324.844
326.175
327.236
327.922
328.197
271.077
271.607
272.566
273.958
275.601
277.305
278.894
280.194
281.053
281.445
222.845
223.4
224.654
226.461
228.564
230.707
232.703
234.37
235.517
235.97
174.961
175.561
177.385
179.793
182.534
185.283
187.845
190.01
191.561
192.251
127.481
128.305
130.822
134.086
137.699
141.236
144.629
147.45
149.548
150.517
80.9168
82.2356
85.7834
90.4599
94.9571
99.3536
103.671
107.43
110.328
111.792
38.4687
40.236
44.3219
49.1568
53.7407
59.054
65.1088
70.4224
74.48
76.7725
10.4987
12.2569
15.5666
19.853
25.0105
30.8393
35.8097
40.3979
44.4774
47.4231
-0.266495
-0.256679
0.113387
1.15835
3.18039
6.53747
11.1737
15.6146
19.8358
23.7672
-0.449677
-0.474951
-0.461228
-0.45861
-0.483601
-0.501697
-0.521317
-0.261695
1.45101
4.18648
-0.480646
-0.502529
-0.505891
-0.524426
-0.561528
-0.585997
-0.628198
-0.70496
-0.759525
-0.737992
-0.532042
-0.547578
-0.562975
-0.575305
-0.607536
-0.649696
-0.699071
-0.750074
-0.764484
-0.734489
-0.59909
-0.617786
-0.629654
-0.643418
-0.683778
-0.736307
-0.775724
-0.796268
-0.796308
-0.770695
-0.66556
-0.689488
-0.691288
-0.710133
-0.755746
-0.80972
-0.840899
-0.845884
-0.834284
-0.812704
-0.725487
-0.738985
-0.739411
-0.759716
-0.800003
-0.849234
-0.877806
-0.878905
-0.86185
-0.840833
-0.771056
-0.780238
-0.778326
-0.794401
-0.825096
-0.861765
-0.885338
-0.889818
-0.877384
-0.85796
-0.815023
-0.81978
-0.814873
-0.824204
-0.844975
-0.871303
-0.891624
-0.896749
-0.890497
-0.878734
-0.864486
-0.865139
-0.861256
-0.867736
-0.881701
-0.899796
-0.913427
-0.917222
-0.920404
-0.918762
-0.913126
-0.917331
-0.915575
-0.919749
-0.929538
-0.946911
-0.961715
-0.970864
-0.978353
-0.977482
368.204
368.636
369.425
370.505
371.768
373.077
374.27
375.209
375.792
375.969
319.453
319.905
320.752
321.926
323.317
324.776
326.125
327.207
327.908
328.171
270.96
271.531
272.503
273.886
275.53
277.249
278.864
280.199
281.089
281.404
222.753
223.349
224.606
226.405
228.511
230.674
232.71
234.427
235.633
236.072
174.859
175.54
177.334
179.746
182.486
185.273
187.902
190.147
191.806
192.532
127.397
128.378
131.134
134.261
137.745
141.3
144.718
147.682
149.948
151.05
80.8394
82.2003
86.0607
90.4876
94.9283
99.3895
103.879
107.871
110.973
112.608
38.0418
39.9217
43.9959
48.9173
53.6656
59.155
65.5127
71.2373
75.68
78.2317
9.68405
11.5327
14.6642
19.0811
24.5302
30.8512
36.515
41.7789
46.5475
49.8951
-0.214195
-0.118879
0.325293
1.38899
3.66452
7.4784
12.8462
18.5328
24.207
29.0908
-0.447649
-0.468547
-0.456582
-0.456535
-0.474706
-0.483567
-0.418669
0.858004
4.44471
9.6166
-0.484498
-0.511098
-0.524392
-0.534017
-0.558048
-0.571487
-0.619882
-0.695191
-0.806731
-0.836426
-0.540038
-0.557153
-0.577225
-0.583382
-0.600991
-0.633222
-0.688485
-0.75048
-0.78138
-0.763276
-0.60358
-0.625312
-0.637955
-0.642422
-0.668728
-0.718638
-0.773193
-0.805705
-0.805456
-0.780266
-0.663412
-0.68541
-0.688478
-0.702439
-0.740382
-0.802004
-0.852211
-0.864192
-0.843927
-0.81657
-0.716505
-0.732459
-0.733395
-0.748933
-0.785318
-0.844144
-0.889411
-0.895938
-0.870383
-0.843471
-0.761128
-0.771145
-0.770383
-0.779402
-0.804925
-0.849363
-0.8866
-0.896641
-0.881761
-0.856582
-0.818591
-0.816327
-0.805873
-0.808383
-0.82417
-0.853731
-0.882865
-0.894036
-0.889084
-0.871803
-0.87748
-0.872875
-0.860788
-0.855985
-0.860895
-0.875596
-0.895768
-0.91212
-0.922231
-0.915952
-0.921925
-0.929005
-0.926515
-0.91907
-0.922378
-0.942472
-0.962867
-0.976086
-0.98045
-0.975688
367.325
367.767
368.579
369.685
370.969
372.303
373.534
374.52
375.133
375.264
318.477
318.952
319.824
321.025
322.445
323.931
325.316
326.441
327.163
327.346
269.904
270.464
271.428
272.837
274.524
276.284
277.937
279.304
280.21
280.497
221.48
222.081
223.333
225.131
227.275
229.497
231.599
233.364
234.588
235.024
173.237
173.867
175.601
178.069
180.88
183.759
186.484
188.813
190.515
191.224
125.284
126.218
128.841
132.078
135.654
139.324
142.845
145.919
148.25
149.418
78.2503
79.5744
82.6718
87.1023
91.6545
96.442
101.183
105.441
108.727
110.545
34.4928
36.0924
39.8184
44.7192
49.5011
55.5306
61.9691
67.9742
72.8151
75.6934
6.64454
7.65003
10.3045
14.3987
19.8259
25.4232
31.2269
36.8666
42.6055
46.7185
-0.267191
-0.260074
-0.026312
0.655077
2.17481
5.10173
9.25775
14.4685
20.9127
26.0062
-0.43834
-0.462557
-0.462359
-0.461942
-0.47051
-0.471044
-0.445543
0.234112
3.68538
8.44056
-0.485423
-0.507976
-0.531862
-0.535933
-0.548976
-0.56376
-0.602605
-0.682964
-0.800489
-0.880008
-0.545088
-0.563954
-0.584431
-0.580352
-0.590127
-0.618895
-0.67354
-0.741674
-0.776924
-0.77312
-0.603333
-0.629893
-0.641464
-0.637072
-0.653593
-0.697011
-0.75787
-0.7985
-0.801997
-0.77688
-0.658833
-0.683241
-0.689684
-0.695843
-0.722198
-0.780646
-0.845221
-0.86978
-0.84711
-0.815024
-0.706716
-0.725869
-0.733152
-0.74077
-0.765097
-0.820677
-0.878216
-0.893764
-0.87115
-0.841833
-0.759654
-0.765775
-0.767503
-0.768936
-0.783913
-0.823206
-0.867618
-0.886977
-0.877841
-0.853363
-0.835691
-0.828932
-0.811956
-0.803618
-0.807838
-0.829978
-0.86257
-0.883673
-0.883204
-0.866252
-0.899129
-0.893191
-0.870457
-0.849161
-0.832613
-0.847401
-0.882701
-0.910643
-0.922119
-0.913937
-0.942792
-0.950429
-0.938685
-0.923364
-0.918562
-0.944047
-0.965136
-0.976679
-0.978773
-0.976835
365.784
366.25
367.11
368.278
369.587
370.961
372.238
373.267
373.911
374.062
316.799
317.288
318.209
319.439
320.915
322.452
323.884
325.05
325.798
326.012
267.935
268.467
269.517
270.988
272.728
274.546
276.26
277.673
278.598
278.905
219.088
219.726
220.992
222.816
225.011
227.315
229.502
231.336
232.589
233.032
170.219
170.799
172.526
175.034
177.924
180.92
183.759
186.191
187.936
188.663
121.405
122.157
124.861
128.112
131.812
135.645
139.299
142.495
144.869
146.045
73.3232
74.4562
77.2023
81.2227
86.091
91.2014
96.1696
100.658
104.136
106.01
28.7708
30.2558
33.4415
37.947
42.8364
49.1049
55.3511
61.3617
66.4208
69.4162
3.58436
4.04595
5.70274
8.46305
12.8453
17.1258
22.0916
27.8558
34.3137
38.5461
-0.300909
-0.346553
-0.383765
-0.243815
0.391643
1.92834
4.61548
8.17735
12.0083
14.6081
-0.421713
-0.442131
-0.462787
-0.467937
-0.464796
-0.458867
-0.465344
-0.391705
0.611624
1.78474
-0.480359
-0.499944
-0.524416
-0.52223
-0.532272
-0.550239
-0.581405
-0.650289
-0.712403
-0.756457
-0.544479
-0.571321
-0.58738
-0.567348
-0.574791
-0.600492
-0.65324
-0.720338
-0.769824
-0.776481
-0.600674
-0.629696
-0.641435
-0.628581
-0.640475
-0.67658
-0.736768
-0.785177
-0.796446
-0.773972
-0.649759
-0.677547
-0.688697
-0.689451
-0.706641
-0.754404
-0.819885
-0.855009
-0.843748
-0.813343
-0.696256
-0.715456
-0.728037
-0.731423
-0.745858
-0.789374
-0.847126
-0.874531
-0.861318
-0.837485
-0.763592
-0.761587
-0.758967
-0.75812
-0.765075
-0.793904
-0.837402
-0.862424
-0.864753
-0.848264
-0.854923
-0.849653
-0.816124
-0.801646
-0.794682
-0.808005
-0.842121
-0.869624
-0.873637
-0.861824
-0.928953
-0.917726
-0.883533
-0.851742
-0.829428
-0.846306
-0.882159
-0.909314
-0.916268
-0.912205
-0.964466
-0.961138
-0.943109
-0.927495
-0.925242
-0.94567
-0.966231
-0.976547
-0.97666
-0.9813
363.726
364.213
365.141
366.346
367.729
369.16
370.493
371.578
372.269
372.474
314.553
315.05
316.059
317.36
318.877
320.469
321.961
323.181
323.973
324.227
265.225
265.779
266.965
268.52
270.322
272.212
273.999
275.478
276.453
276.781
215.775
216.398
217.733
219.667
221.966
224.38
226.67
228.591
229.894
230.362
166.053
166.696
168.466
170.959
173.922
177.073
180.08
182.645
184.434
185.165
116.063
116.689
119.469
122.857
126.701
130.757
134.61
137.957
140.341
141.44
66.0427
67.1823
70.0883
73.8482
78.7854
84.2146
89.5265
94.3522
97.9466
99.6965
21.32
22.3714
25.4394
29.787
35.1989
41.1091
47.2159
53.0221
57.9903
60.6167
0.915744
0.983075
1.85949
3.62222
6.10301
9.40779
14.2077
19.2724
25.8531
29.4243
-0.302335
-0.319529
-0.353987
-0.362765
-0.327057
0.267233
1.92311
3.42957
4.69959
5.94402
-0.415853
-0.437392
-0.460447
-0.462802
-0.462768
-0.455129
-0.465581
-0.512582
-0.515337
-0.501254
-0.477219
-0.503377
-0.51677
-0.509104
-0.508328
-0.523098
-0.558403
-0.604447
-0.655338
-0.662083
-0.538205
-0.573196
-0.580503
-0.558063
-0.560113
-0.571558
-0.621742
-0.677441
-0.713591
-0.717002
-0.591094
-0.622942
-0.634274
-0.623084
-0.62888
-0.655569
-0.707937
-0.756966
-0.775835
-0.761565
-0.636465
-0.664775
-0.680531
-0.681095
-0.691933
-0.727299
-0.782211
-0.821503
-0.824586
-0.801671
-0.685139
-0.704008
-0.71673
-0.719523
-0.728449
-0.759705
-0.807315
-0.837036
-0.837909
-0.82585
-0.763098
-0.758975
-0.751231
-0.748995
-0.751414
-0.771759
-0.808132
-0.834947
-0.844229
-0.839204
-0.860641
-0.857295
-0.814895
-0.798679
-0.787374
-0.798161
-0.828188
-0.853068
-0.859735
-0.856271
-0.937778
-0.927682
-0.889424
-0.861028
-0.842935
-0.853587
-0.879395
-0.899152
-0.904405
-0.908605
-0.975073
-0.96597
-0.947369
-0.93166
-0.92931
-0.943982
-0.958024
-0.967696
-0.972586
-0.989286
361.334
361.833
362.893
364.152
365.588
367.084
368.48
369.621
370.363
370.603
311.907
312.408
313.625
314.99
316.553
318.192
319.746
321.029
321.87
322.154
262.034
262.566
264.035
265.693
267.574
269.537
271.405
272.959
273.986
274.334
211.734
212.282
213.746
215.962
218.468
221.025
223.438
225.463
226.82
227.301
160.965
161.66
163.479
166.169
169.347
172.677
175.854
178.606
180.503
181.244
109.477
110.109
112.907
116.474
120.721
125.206
129.36
132.941
135.377
136.409
57.0901
57.675
61.3367
65.6747
71.0238
76.3531
82.0838
87.3821
91.3152
93.0106
14.2929
14.3888
16.3519
20.6924
26.3641
32.4547
38.5447
44.621
49.5566
52.0533
-0.176985
-0.180504
-0.104744
0.484703
2.04306
4.57092
8.10264
12.6929
19.1534
21.5085
-0.28322
-0.293465
-0.301476
-0.321648
-0.338848
-0.241014
0.164904
0.423723
1.15568
1.56859
-0.381454
-0.406228
-0.41796
-0.434465
-0.443546
-0.431187
-0.449246
-0.483745
-0.521456
-0.533011
-0.460087
-0.493491
-0.494999
-0.495682
-0.486917
-0.499092
-0.538478
-0.578162
-0.615238
-0.629419
-0.525306
-0.560587
-0.564782
-0.557729
-0.547888
-0.553423
-0.585597
-0.6281
-0.663537
-0.678509
-0.575274
-0.608631
-0.623712
-0.622683
-0.61888
-0.633645
-0.672173
-0.715061
-0.743336
-0.744815
-0.618855
-0.649601
-0.667998
-0.672808
-0.677745
-0.701673
-0.741409
-0.774829
-0.78917
-0.778786
-0.672636
-0.692476
-0.704686
-0.709384
-0.715493
-0.736824
-0.770679
-0.797048
-0.807142
-0.806333
-0.755712
-0.756371
-0.748707
-0.74696
-0.747451
-0.760311
-0.784851
-0.807216
-0.821853
-0.82734
-0.851236
-0.855974
-0.818942
-0.804239
-0.79385
-0.799242
-0.817311
-0.834846
-0.844985
-0.850307
-0.92892
-0.926487
-0.893544
-0.87522
-0.864601
-0.863852
-0.873871
-0.884505
-0.891148
-0.903198
-0.9728
-0.965694
-0.948104
-0.935745
-0.927975
-0.93467
-0.94273
-0.951917
-0.964145
-0.993917
358.835
359.339
360.61
361.9
363.372
364.921
366.385
367.589
368.378
368.652
309.175
309.719
311.071
312.572
314.164
315.844
317.456
318.801
319.693
320.012
258.634
259.166
260.773
262.724
264.722
266.77
268.728
270.368
271.451
271.84
207.373
207.645
209.454
212.031
214.756
217.523
220.127
222.273
223.691
224.222
155.471
156.271
157.99
160.994
164.529
168.19
171.6
174.491
176.544
177.349
102.299
103.063
105.826
109.64
114.38
119.308
123.929
127.93
130.505
131.471
47.2404
47.6728
51.5645
56.7278
63.0726
69.3872
75.3178
80.3446
84.9562
86.6096
8.88715
8.90081
10.4474
13.1837
18.0371
24.7192
31.1193
37.5106
42.7322
44.7859
-0.207618
-0.206103
-0.204254
-0.168319
0.175962
1.65364
4.26431
7.87596
12.7953
14.3976
-0.284469
-0.288776
-0.291135
-0.291104
-0.295751
-0.328714
-0.300092
-0.288772
-0.224147
-0.167723
-0.368523
-0.389424
-0.391849
-0.396459
-0.41227
-0.418553
-0.416658
-0.423906
-0.450695
-0.47011
-0.448341
-0.477658
-0.476142
-0.463429
-0.459305
-0.4775
-0.493965
-0.525834
-0.566317
-0.589767
-0.509414
-0.541959
-0.548881
-0.538369
-0.527455
-0.53727
-0.553493
-0.584814
-0.620465
-0.649336
-0.556506
-0.588061
-0.606157
-0.606683
-0.604789
-0.613906
-0.637101
-0.670597
-0.702408
-0.718137
-0.601939
-0.631145
-0.649891
-0.658771
-0.664319
-0.679905
-0.706516
-0.733644
-0.751186
-0.753307
-0.661308
-0.681966
-0.692901
-0.700229
-0.70668
-0.721652
-0.74374
-0.764793
-0.77852
-0.783308
-0.742019
-0.749682
-0.747332
-0.747677
-0.7491
-0.756875
-0.770652
-0.786547
-0.799949
-0.811554
-0.830029
-0.842955
-0.823285
-0.81328
-0.806482
-0.805868
-0.810775
-0.821844
-0.833136
-0.844357
-0.908659
-0.917202
-0.896008
-0.88607
-0.879572
-0.87691
-0.877267
-0.882206
-0.887377
-0.902632
-0.961759
-0.963812
-0.948735
-0.945705
-0.938368
-0.938436
-0.938313
-0.946466
-0.962095
-0.993908
356.405
357.041
358.38
359.759
361.259
362.867
364.4
365.665
366.506
366.822
306.335
307.061
308.572
310.251
311.886
313.613
315.303
316.716
317.657
318.016
255.318
255.862
257.608
259.757
261.904
264.135
266.201
267.917
269.068
269.512
203.192
203.448
205.413
208.098
211.023
214.084
216.964
219.252
220.772
221.342
150.014
150.345
152.614
155.894
159.747
163.854
167.704
170.752
172.815
173.62
95.2013
95.6884
98.5239
102.862
108.19
113.76
118.839
123.059
125.948
126.676
37.1306
37.838
42.1087
47.6738
55.068
62.5371
69.308
74.6895
78.5254
80.0144
4.73995
4.77917
6.21708
8.294
12.0648
17.7264
24.7657
30.9687
35.392
36.7885
-0.169732
-0.157877
-0.138711
-0.146949
-0.126827
0.281886
2.0005
4.84343
8.18668
8.87815
-0.25862
-0.264149
-0.258746
-0.257848
-0.269902
-0.294506
-0.30771
-0.320384
-0.351697
-0.398058
-0.349844
-0.372136
-0.378367
-0.372353
-0.385856
-0.406961
-0.409129
-0.415716
-0.431177
-0.447887
-0.437645
-0.473695
-0.481619
-0.464862
-0.453391
-0.464629
-0.472614
-0.490096
-0.513769
-0.533775
-0.499864
-0.536106
-0.553288
-0.540359
-0.524614
-0.52994
-0.537829
-0.557194
-0.585045
-0.613494
-0.545607
-0.576087
-0.596761
-0.599685
-0.59705
-0.605955
-0.617493
-0.635998
-0.661688
-0.681535
-0.59319
-0.616687
-0.634569
-0.648176
-0.657931
-0.670493
-0.686768
-0.702319
-0.717495
-0.726458
-0.654319
-0.669425
-0.682642
-0.693058
-0.703216
-0.716793
-0.733105
-0.7481
-0.759107
-0.766334
-0.726136
-0.735785
-0.742126
-0.746154
-0.751052
-0.759372
-0.770521
-0.783589
-0.794989
-0.805035
-0.809445
-0.824652
-0.817248
-0.813359
-0.811165
-0.813459
-0.817997
-0.825606
-0.834778
-0.846863
-0.888493
-0.903537
-0.887005
-0.887712
-0.885957
-0.887344
-0.888105
-0.889522
-0.894037
-0.906465
-0.944894
-0.954937
-0.943225
-0.951627
-0.949982
-0.952999
-0.953976
-0.956818
-0.968389
-0.992192
354.312
355.011
356.343
357.825
359.401
361.116
362.712
364.037
364.928
365.282
303.931
304.743
306.21
307.938
309.781
311.666
313.475
314.945
315.937
316.335
252.4
253.155
254.857
256.845
259.21
261.766
264.072
265.851
267.064
267.561
199.776
200.239
202.157
204.539
207.603
210.996
214.249
216.725
218.32
218.896
145.394
146.202
148.59
151.622
155.675
160.245
164.375
167.637
169.647
170.416
88.9402
89.9315
93.4538
97.629
103.134
109.16
114.527
118.912
121.632
122.407
28.938
30.5208
35.8664
41.3155
48.618
56.6324
63.958
69.9682
73.459
74.2517
2.26707
2.47997
3.95768
5.908
8.90127
13.1401
19.6221
26.2516
29.9523
30.2388
-0.165498
-0.153612
-0.129634
-0.11182
-0.13347
-0.0959031
0.682194
2.99513
5.35707
5.5182
-0.241721
-0.247551
-0.241426
-0.239453
-0.252283
-0.278491
-0.298586
-0.317016
-0.338346
-0.367842
-0.331276
-0.345036
-0.355966
-0.358415
-0.361681
-0.377527
-0.395552
-0.414099
-0.43231
-0.446454
-0.423333
-0.447835
-0.472602
-0.467482
-0.454623
-0.451841
-0.459
-0.474951
-0.493255
-0.505565
-0.490804
-0.521402
-0.552267
-0.557369
-0.542188
-0.53184
-0.535204
-0.544258
-0.559898
-0.575136
-0.542139
-0.56794
-0.593487
-0.610395
-0.610727
-0.610714
-0.617647
-0.622273
-0.632247
-0.643817
-0.591346
-0.60788
-0.628483
-0.646979
-0.661412
-0.674898
-0.689152
-0.697056
-0.701343
-0.705067
-0.647837
-0.65972
-0.673342
-0.688438
-0.703384
-0.721291
-0.741098
-0.756356
-0.763826
-0.763717
-0.715975
-0.724901
-0.731169
-0.739716
-0.750088
-0.763786
-0.780922
-0.800191
-0.813935
-0.818489
-0.794402
-0.807824
-0.801529
-0.803136
-0.806291
-0.815273
-0.826168
-0.840616
-0.854819
-0.863943
-0.867884
-0.881026
-0.869602
-0.875789
-0.877013
-0.883974
-0.889998
-0.897101
-0.90628
-0.916075
-0.922244
-0.931821
-0.928325
-0.941266
-0.946834
-0.954112
-0.959314
-0.96597
-0.97543
-0.98762
352.731
353.448
354.651
356.16
357.888
359.673
361.423
362.842
363.79
364.165
302.31
303.103
304.36
306.09
308.117
310.152
312.033
313.629
314.689
315.128
250.829
251.494
252.794
254.705
257.396
260.008
262.347
264.336
265.653
266.199
197.796
198.412
199.85
202.015
205.316
209.113
212.368
214.914
216.501
217.1
142.601
143.577
145.684
148.431
152.995
157.824
162.031
165.309
167.228
168.023
83.9988
85.8034
89.2108
93.771
99.7261
105.985
111.535
115.727
118.374
119.238
23.5344
25.6305
31.3809
36.413
43.5836
52.0634
59.785
65.9879
69.8109
70.4604
1.52042
2.01054
3.21709
4.39032
6.7318
10.5773
15.9581
22.4288
26.5873
26.6611
-0.163328
-0.152971
-0.142859
-0.125611
-0.145329
-0.204822
-0.00785874
1.79832
3.57839
3.66752
-0.235632
-0.242592
-0.241109
-0.242001
-0.257485
-0.291879
-0.310125
-0.327951
-0.34415
-0.363286
-0.322266
-0.330848
-0.338878
-0.344606
-0.352341
-0.368018
-0.381496
-0.400437
-0.417666
-0.430631
-0.40993
-0.424065
-0.438316
-0.443538
-0.446654
-0.44927
-0.451437
-0.45735
-0.472954
-0.483767
-0.482253
-0.498613
-0.518569
-0.530932
-0.53536
-0.533312
-0.534804
-0.529866
-0.539682
-0.550112
-0.538943
-0.554215
-0.576913
-0.597489
-0.607852
-0.612877
-0.618612
-0.612422
-0.612943
-0.61923
-0.591061
-0.603741
-0.621191
-0.641422
-0.659872
-0.678599
-0.696814
-0.695996
-0.687736
-0.687521
-0.64606
-0.657441
-0.667541
-0.682959
-0.700584
-0.7237
-0.749967
-0.768083
-0.763712
-0.756104
-0.710247
-0.718893
-0.720338
-0.730847
-0.744095
-0.763033
-0.787634
-0.814555
-0.827845
-0.822982
-0.780719
-0.786477
-0.782398
-0.788837
-0.794933
-0.808474
-0.826417
-0.849182
-0.86911
-0.874825
-0.844637
-0.852336
-0.849655
-0.855069
-0.85799
-0.867172
-0.879051
-0.893102
-0.907891
-0.916691
-0.895279
-0.904005
-0.908947
-0.920871
-0.928418
-0.939481
-0.949093
-0.95962
-0.968515
-0.975125
351.864
352.641
353.781
355.346
357.155
359
360.702
362.127
363.112
363.561
301.461
302.11
303.384
305.175
307.301
309.41
311.34
312.938
314.024
314.52
249.796
250.734
251.846
253.768
256.526
259.199
261.591
263.552
264.95
265.49
196.604
197.424
198.884
201.262
204.804
208.27
211.447
213.988
215.683
216.368
141.673
142.156
144.305
147.549
152.123
156.749
160.943
164.243
166.405
167.215
83.3589
84.26
87.7377
92.5647
98.4778
104.53
110.147
114.541
117.171
118.001
20.6775
23.4193
28.2862
33.6947
41.3996
50.1697
58.3817
64.7569
68.2141
68.8916
1.18671
1.79046
2.24803
3.38493
6.09996
10.3348
15.5813
21.6563
25
25.0205
-0.142639
-0.139679
-0.142636
-0.153963
-0.167983
-0.228673
-0.1526
1.25777
2.83171
2.55452
-0.231521
-0.2331
-0.234665
-0.244691
-0.263943
-0.292139
-0.302739
-0.326565
-0.336132
-0.35346
-0.317442
-0.322058
-0.327642
-0.3379
-0.348252
-0.358267
-0.366628
-0.393318
-0.40568
-0.413608
-0.400913
-0.408541
-0.417312
-0.427375
-0.434859
-0.438276
-0.441416
-0.449988
-0.465305
-0.475662
-0.474198
-0.483468
-0.495207
-0.50895
-0.517161
-0.521954
-0.5244
-0.519743
-0.531453
-0.543692
-0.535267
-0.542548
-0.557204
-0.574442
-0.588015
-0.599016
-0.606316
-0.600892
-0.601154
-0.607682
-0.590136
-0.594868
-0.608333
-0.625553
-0.642897
-0.661134
-0.676683
-0.678665
-0.672372
-0.674196
-0.644793
-0.646494
-0.656557
-0.67062
-0.685865
-0.706672
-0.728468
-0.741027
-0.743043
-0.74196
-0.703618
-0.702253
-0.70815
-0.718713
-0.728061
-0.746187
-0.768221
-0.790033
-0.801891
-0.805429
-0.765122
-0.76418
-0.766846
-0.772615
-0.777797
-0.789363
-0.805653
-0.827208
-0.846779
-0.856247
-0.824273
-0.824178
-0.829041
-0.834432
-0.837493
-0.843653
-0.854485
-0.867854
-0.884438
-0.898502
-0.881774
-0.880906
-0.884464
-0.89548
-0.9046
-0.912188
-0.921647
-0.930117
-0.940512
-0.947847
-0.984901
-0.989122
-0.994636
-0.998711
-1.00668
-1.01745
-1.02531
-1.0273
-1.01986
-1.00168
-1.0369
-1.03752
-1.03914
-1.04706
-1.0566
-1.06702
-1.07371
-1.07278
-1.06292
-1.04342
-1.08644
-1.08603
-1.08225
-1.09531
-1.1051
-1.11196
-1.11468
-1.11201
-1.09988
-1.08074
-1.13517
-1.13506
-1.13026
-1.14454
-1.1532
-1.15534
-1.15375
-1.14722
-1.1349
-1.11766
-1.18503
-1.18499
-1.18303
-1.1935
-1.20198
-1.20527
-1.20292
-1.19098
-1.17253
-1.1527
-1.23597
-1.23619
-1.23791
-1.24458
-1.25231
-1.25497
-1.25503
-1.24971
-1.22468
-1.19801
-1.28734
-1.28676
-1.29043
-1.2979
-1.30474
-1.30322
-1.29936
-1.30391
-1.29166
-1.25978
-1.33717
-1.33494
-1.33859
-1.34792
-1.35488
-1.3548
-1.3416
-1.34465
-1.3498
-1.33423
-1.38585
-1.38374
-1.38563
-1.39296
-1.39965
-1.4009
-1.38945
-1.38576
-1.39272
-1.39397
-1.43658
-1.43659
-1.43673
-1.43956
-1.4432
-1.44498
-1.44112
-1.43743
-1.43932
-1.44157
-1.4889
-1.49065
-1.4896
-1.48889
-1.49079
-1.4931
-1.49642
-1.4971
-1.49812
-1.49833
-1.54131
-1.54271
-1.54113
-1.53957
-1.53908
-1.54314
-1.55196
-1.55499
-1.55679
-1.55664
-1.59224
-1.59272
-1.59088
-1.58991
-1.58996
-1.59397
-1.60022
-1.6042
-1.60435
-1.60286
-1.64209
-1.64245
-1.64186
-1.64306
-1.64274
-1.64375
-1.64609
-1.64783
-1.64945
-1.64669
-1.69239
-1.69409
-1.69505
-1.69579
-1.69611
-1.6974
-1.69684
-1.69797
-1.70064
-1.6992
-1.74327
-1.74591
-1.74768
-1.74751
-1.74887
-1.74958
-1.74973
-1.74924
-1.75006
-1.7483
-1.79361
-1.79522
-1.79692
-1.79744
-1.79878
-1.79904
-1.79932
-1.80019
-1.80004
-1.79702
-1.84354
-1.84432
-1.84556
-1.84607
-1.84664
-1.84683
-1.84699
-1.84714
-1.84625
-1.84414
-1.89328
-1.89355
-1.89429
-1.89469
-1.89489
-1.89481
-1.89448
-1.89393
-1.89176
-1.88867
-1.9427
-1.94279
-1.94315
-1.94339
-1.94342
-1.94314
-1.94251
-1.94152
-1.93918
-1.93664
-0.984459
-0.994924
-0.997682
-1.00188
-1.01556
-1.03495
-1.04392
-1.04392
-1.03367
-1.0126
-1.03648
-1.04267
-1.04479
-1.05261
-1.06953
-1.08423
-1.08814
-1.08615
-1.07448
-1.05276
-1.08831
-1.09085
-1.08786
-1.10369
-1.12021
-1.1264
-1.12798
-1.12548
-1.11331
-1.09161
-1.13914
-1.14001
-1.13217
-1.15456
-1.16724
-1.16973
-1.16977
-1.1628
-1.1511
-1.13138
-1.18843
-1.18754
-1.18026
-1.20069
-1.21496
-1.22216
-1.22585
-1.21626
-1.19684
-1.17417
-1.23729
-1.23408
-1.23041
-1.24184
-1.25573
-1.27116
-1.28906
-1.2873
-1.25583
-1.22384
-1.28668
-1.28161
-1.28173
-1.29175
-1.30098
-1.3034
-1.31494
-1.34608
-1.33687
-1.2938
-1.33592
-1.33037
-1.33217
-1.34268
-1.35394
-1.35442
-1.3472
-1.36697
-1.40185
-1.38915
-1.38444
-1.38239
-1.38475
-1.39436
-1.40685
-1.40661
-1.39404
-1.39323
-1.4254
-1.4524
-1.43613
-1.44017
-1.44535
-1.45274
-1.45605
-1.45248
-1.44704
-1.44232
-1.45161
-1.47783
-1.48972
-1.49874
-1.50517
-1.50627
-1.50013
-1.49884
-1.504
-1.50359
-1.50511
-1.51407
-1.54245
-1.54957
-1.55176
-1.54796
-1.54083
-1.5456
-1.55975
-1.56241
-1.56405
-1.56521
-1.5931
-1.59386
-1.59248
-1.589
-1.58623
-1.59642
-1.60774
-1.61014
-1.61039
-1.60701
-1.64247
-1.64067
-1.63885
-1.64118
-1.63868
-1.64319
-1.64745
-1.65174
-1.65366
-1.6489
-1.69289
-1.69309
-1.69488
-1.69662
-1.69362
-1.69232
-1.69594
-1.70054
-1.70468
-1.70275
-1.74387
-1.74718
-1.74952
-1.74931
-1.74896
-1.74567
-1.74723
-1.75166
-1.75526
-1.75466
-1.79397
-1.79679
-1.79851
-1.79907
-1.80073
-1.79894
-1.79895
-1.80115
-1.80423
-1.80447
-1.84365
-1.84468
-1.84622
-1.84709
-1.84796
-1.84764
-1.8482
-1.84902
-1.85053
-1.84822
-1.89348
-1.89379
-1.89462
-1.89519
-1.89567
-1.89535
-1.89517
-1.89484
-1.89361
-1.89112
-1.943
-1.94304
-1.94344
-1.94379
-1.94404
-1.94365
-1.9428
-1.94168
-1.93983
-1.93753
-0.981566
-0.986466
-0.993385
-1.00022
-1.01615
-1.03452
-1.04588
-1.04983
-1.0467
-1.02895
-1.03664
-1.04046
-1.04415
-1.05298
-1.07022
-1.08165
-1.08893
-1.09317
-1.08983
-1.0702
-1.08995
-1.0927
-1.09132
-1.10425
-1.12063
-1.12596
-1.13041
-1.13507
-1.13023
-1.11172
-1.14151
-1.14303
-1.1349
-1.15305
-1.16551
-1.17023
-1.17342
-1.17453
-1.16999
-1.15336
-1.1909
-1.19073
-1.18022
-1.19894
-1.21436
-1.22363
-1.23037
-1.22663
-1.21552
-1.19779
-1.23887
-1.23417
-1.22654
-1.23808
-1.25269
-1.26785
-1.28227
-1.28507
-1.26715
-1.24576
-1.28377
-1.27713
-1.27226
-1.28275
-1.2936
-1.3008
-1.31096
-1.3353
-1.3361
-1.31282
-1.32767
-1.32284
-1.32134
-1.33098
-1.34238
-1.34335
-1.34384
-1.36636
-1.40815
-1.4172
-1.37652
-1.37824
-1.38277
-1.3891
-1.39401
-1.39539
-1.39232
-1.40394
-1.4581
-1.50813
-1.43323
-1.44337
-1.45431
-1.45846
-1.45833
-1.45285
-1.45257
-1.45678
-1.4811
-1.53152
-1.4939
-1.50911
-1.52072
-1.52307
-1.51556
-1.50373
-1.50873
-1.51363
-1.52168
-1.54443
-1.54828
-1.56296
-1.56849
-1.56381
-1.55072
-1.54952
-1.56133
-1.57007
-1.57525
-1.57875
-1.59546
-1.60173
-1.60018
-1.59773
-1.59052
-1.59513
-1.60683
-1.6136
-1.61551
-1.6118
-1.64292
-1.64354
-1.64193
-1.64404
-1.64105
-1.63831
-1.64307
-1.65163
-1.65487
-1.64913
-1.69339
-1.6938
-1.69467
-1.69802
-1.6953
-1.68864
-1.69083
-1.69886
-1.70534
-1.70548
-1.74392
-1.74733
-1.74931
-1.74928
-1.74873
-1.74382
-1.74317
-1.74946
-1.75823
-1.76027
-1.79426
-1.79847
-1.80001
-1.79924
-1.8011
-1.79984
-1.79799
-1.79943
-1.80545
-1.80546
-1.84404
-1.84538
-1.8465
-1.84691
-1.84765
-1.84786
-1.84838
-1.84826
-1.84913
-1.84711
-1.8937
-1.89409
-1.89442
-1.89434
-1.89522
-1.89528
-1.89529
-1.8947
-1.89322
-1.89112
-1.94345
-1.94422
-1.94425
-1.94381
-1.9438
-1.94357
-1.94301
-1.94212
-1.94095
-1.93878
-0.98736
-0.997915
-0.999859
-1.00277
-1.01856
-1.03219
-1.04495
-1.05352
-1.05587
-1.04168
-1.04126
-1.05095
-1.05083
-1.05441
-1.07015
-1.08129
-1.09085
-1.10151
-1.10289
-1.08782
-1.09327
-1.10086
-1.09764
-1.1031
-1.11753
-1.12479
-1.13126
-1.14307
-1.14489
-1.13004
-1.14335
-1.14949
-1.14119
-1.1468
-1.15861
-1.16771
-1.17475
-1.18338
-1.184
-1.17151
-1.19239
-1.19573
-1.18501
-1.19331
-1.20927
-1.22291
-1.2314
-1.23719
-1.23124
-1.21648
-1.23888
-1.23767
-1.22835
-1.24045
-1.25933
-1.27237
-1.28014
-1.28527
-1.2773
-1.26258
-1.2826
-1.2789
-1.27368
-1.29011
-1.30742
-1.31401
-1.3131
-1.31619
-1.32056
-1.31636
-1.32723
-1.32856
-1.32705
-1.345
-1.35746
-1.35742
-1.34364
-1.34479
-1.37698
-1.40592
-1.38034
-1.39043
-1.39791
-1.40756
-1.40899
-1.40162
-1.38762
-1.39639
-1.44195
-1.50537
-1.44127
-1.45622
-1.47242
-1.47933
-1.47269
-1.4559
-1.45141
-1.46376
-1.49565
-1.55067
-1.50159
-1.52064
-1.53391
-1.53746
-1.53206
-1.51628
-1.51173
-1.51895
-1.5345
-1.56409
-1.5519
-1.57155
-1.57555
-1.57342
-1.56595
-1.55456
-1.55932
-1.57211
-1.58269
-1.58857
-1.59593
-1.60758
-1.60784
-1.60548
-1.59902
-1.59662
-1.60172
-1.61158
-1.61682
-1.6145
-1.64384
-1.64676
-1.6465
-1.64851
-1.64529
-1.64077
-1.63985
-1.64747
-1.65395
-1.65207
-1.69448
-1.69478
-1.69567
-1.6992
-1.69651
-1.69258
-1.69017
-1.69517
-1.70091
-1.70603
-1.74395
-1.74565
-1.74883
-1.74988
-1.74788
-1.74451
-1.74311
-1.74597
-1.75284
-1.76169
-1.79451
-1.79861
-1.80119
-1.79999
-1.80162
-1.80015
-1.79846
-1.79787
-1.7995
-1.80235
-1.84498
-1.84779
-1.85096
-1.84894
-1.84852
-1.84837
-1.84808
-1.84728
-1.84679
-1.84637
-1.89544
-1.89702
-1.89892
-1.897
-1.89574
-1.89575
-1.89572
-1.89476
-1.89306
-1.89116
-1.94555
-1.94674
-1.94695
-1.94491
-1.94363
-1.94351
-1.94352
-1.94286
-1.94168
-1.93957
-0.988889
-1.00606
-1.00381
-1.00531
-1.01692
-1.03097
-1.04249
-1.05042
-1.05548
-1.0453
-1.04057
-1.05463
-1.05233
-1.05344
-1.06639
-1.08176
-1.09511
-1.10565
-1.10781
-1.09578
-1.09269
-1.10175
-1.09812
-1.09783
-1.11239
-1.12797
-1.14093
-1.15079
-1.15243
-1.13965
-1.14187
-1.15001
-1.14185
-1.14139
-1.15609
-1.17396
-1.18827
-1.19589
-1.19401
-1.18135
-1.18937
-1.19548
-1.1877
-1.19416
-1.21379
-1.23453
-1.25015
-1.25322
-1.24238
-1.22496
-1.23565
-1.23927
-1.2346
-1.25206
-1.27533
-1.29815
-1.31044
-1.30656
-1.28991
-1.27012
-1.28101
-1.28472
-1.28493
-1.30749
-1.33141
-1.34853
-1.34967
-1.33713
-1.32663
-1.31949
-1.33043
-1.34129
-1.34387
-1.36509
-1.38021
-1.38703
-1.37511
-1.3583
-1.36545
-1.39376
-1.38791
-1.39988
-1.41266
-1.42515
-1.4311
-1.42439
-1.40821
-1.39423
-1.41921
-1.47516
-1.4504
-1.46422
-1.48149
-1.49107
-1.49071
-1.47117
-1.4468
-1.46547
-1.5
-1.54036
-1.50571
-1.5257
-1.53172
-1.53696
-1.53706
-1.52834
-1.51807
-1.52013
-1.53767
-1.55991
-1.5496
-1.57135
-1.57001
-1.56897
-1.5708
-1.5587
-1.55526
-1.56709
-1.58262
-1.58857
-1.59307
-1.6046
-1.60486
-1.59995
-1.59813
-1.5989
-1.59771
-1.60502
-1.61322
-1.61452
-1.64278
-1.64699
-1.64671
-1.64867
-1.6441
-1.64337
-1.63712
-1.63923
-1.64714
-1.65353
-1.69579
-1.69572
-1.69659
-1.69767
-1.69253
-1.69375
-1.69077
-1.6903
-1.69379
-1.7016
-1.74666
-1.74601
-1.74923
-1.75008
-1.74839
-1.74689
-1.7446
-1.74388
-1.74593
-1.75294
-1.79739
-1.79843
-1.80258
-1.80197
-1.80205
-1.79863
-1.79713
-1.79597
-1.79892
-1.80265
-1.84759
-1.84952
-1.85355
-1.85115
-1.84989
-1.84798
-1.84732
-1.84633
-1.84732
-1.85015
-1.89694
-1.89841
-1.90133
-1.89818
-1.89599
-1.89592
-1.89641
-1.89563
-1.89318
-1.89112
-1.94601
-1.94718
-1.9484
-1.94583
-1.94285
-1.94297
-1.94334
-1.94281
-1.94144
-1.93939
-0.984104
-0.996736
-0.997733
-0.997476
-1.00498
-1.01824
-1.03182
-1.0396
-1.0395
-1.03772
-1.03341
-1.04437
-1.0452
-1.04523
-1.05407
-1.06974
-1.08463
-1.09525
-1.09765
-1.09324
-1.0848
-1.09234
-1.09217
-1.09236
-1.10494
-1.12444
-1.13881
-1.14802
-1.14944
-1.14078
-1.13568
-1.14008
-1.13851
-1.13908
-1.15546
-1.17909
-1.19348
-1.1978
-1.19429
-1.18148
-1.1835
-1.1887
-1.18884
-1.19599
-1.21847
-1.24496
-1.25789
-1.25273
-1.23952
-1.22024
-1.23126
-1.23809
-1.24089
-1.26174
-1.28686
-1.31303
-1.32149
-1.30704
-1.28516
-1.26105
-1.27926
-1.28967
-1.29607
-1.32064
-1.34217
-1.36139
-1.3625
-1.34614
-1.32526
-1.30724
-1.33246
-1.35018
-1.35823
-1.37603
-1.38793
-1.39612
-1.38932
-1.37171
-1.36394
-1.37056
-1.3914
-1.4078
-1.42769
-1.4422
-1.44406
-1.43588
-1.41703
-1.41353
-1.42663
-1.45357
-1.4509
-1.4667
-1.48678
-1.50224
-1.50287
-1.48421
-1.44762
-1.45126
-1.48566
-1.51204
-1.49998
-1.5196
-1.52161
-1.52935
-1.53197
-1.52088
-1.51632
-1.51719
-1.52923
-1.53908
-1.54269
-1.5591
-1.55214
-1.5534
-1.56397
-1.55809
-1.54955
-1.56021
-1.57506
-1.57869
-1.58892
-1.5949
-1.59283
-1.59017
-1.59553
-1.59713
-1.59497
-1.59841
-1.6069
-1.61068
-1.64228
-1.64409
-1.6404
-1.64082
-1.64008
-1.64184
-1.63814
-1.6349
-1.63898
-1.64863
-1.69695
-1.69661
-1.69258
-1.69239
-1.69172
-1.69296
-1.69172
-1.68903
-1.69022
-1.69632
-1.7486
-1.74754
-1.74934
-1.74859
-1.74907
-1.74607
-1.7434
-1.74059
-1.74171
-1.74889
-1.79919
-1.79935
-1.80644
-1.80623
-1.80301
-1.79874
-1.79638
-1.79354
-1.7953
-1.80166
-1.84833
-1.84984
-1.85773
-1.85812
-1.85104
-1.8486
-1.84773
-1.8455
-1.84501
-1.84975
-1.89709
-1.89865
-1.90346
-1.90386
-1.89784
-1.89594
-1.89585
-1.89424
-1.89257
-1.89199
-1.94617
-1.94692
-1.94814
-1.94812
-1.94465
-1.9423
-1.94197
-1.94117
-1.94113
-1.94228
-0.974971
-0.986771
-0.989763
-0.991297
-0.996776
-1.00773
-1.0201
-1.02821
-1.03214
-1.03636
-1.02367
-1.03407
-1.03549
-1.03933
-1.0472
-1.06198
-1.07911
-1.09036
-1.09497
-1.09633
-1.07392
-1.08279
-1.08414
-1.08767
-1.10029
-1.11851
-1.13696
-1.14801
-1.14932
-1.14469
-1.12634
-1.13143
-1.13127
-1.13668
-1.15292
-1.17419
-1.19
-1.19649
-1.1923
-1.18007
-1.1782
-1.18267
-1.18406
-1.1923
-1.21308
-1.23468
-1.2437
-1.24187
-1.23068
-1.2116
-1.22819
-1.2359
-1.23989
-1.25911
-1.28175
-1.29905
-1.29898
-1.28861
-1.26988
-1.24695
-1.27748
-1.29079
-1.30215
-1.32366
-1.33971
-1.35164
-1.34723
-1.32989
-1.30785
-1.28828
-1.33027
-1.35144
-1.3679
-1.3788
-1.38759
-1.39054
-1.38085
-1.36173
-1.34525
-1.34215
-1.38664
-1.40929
-1.43436
-1.44757
-1.44264
-1.42998
-1.41007
-1.39987
-1.41105
-1.41856
-1.4413
-1.45689
-1.48536
-1.50592
-1.49965
-1.47466
-1.44723
-1.4319
-1.45836
-1.47077
-1.48932
-1.49696
-1.51161
-1.52879
-1.52158
-1.49236
-1.48656
-1.5037
-1.51487
-1.51511
-1.53442
-1.53684
-1.53372
-1.54589
-1.55165
-1.54745
-1.53889
-1.54857
-1.56239
-1.56418
-1.58471
-1.58305
-1.57753
-1.58561
-1.58882
-1.58876
-1.59078
-1.59294
-1.59965
-1.6033
-1.64012
-1.63816
-1.63508
-1.63849
-1.6375
-1.63666
-1.63851
-1.63376
-1.63338
-1.63929
-1.69598
-1.69328
-1.69208
-1.6931
-1.69333
-1.69188
-1.68912
-1.68586
-1.68296
-1.68509
-1.748
-1.74725
-1.75358
-1.75029
-1.75119
-1.74677
-1.74237
-1.73798
-1.73619
-1.73865
-1.79796
-1.79915
-1.81188
-1.81093
-1.8051
-1.80037
-1.79669
-1.79258
-1.79195
-1.79729
-1.84696
-1.84989
-1.86152
-1.86449
-1.85475
-1.85022
-1.84776
-1.84501
-1.84384
-1.84894
-1.89686
-1.89914
-1.90554
-1.9098
-1.90184
-1.89698
-1.89543
-1.89363
-1.89305
-1.89413
-1.94637
-1.94715
-1.94856
-1.95009
-1.94636
-1.94267
-1.94156
-1.9408
-1.94277
-1.9461
-0.969251
-0.983756
-0.992071
-0.997018
-1.00342
-1.01218
-1.02118
-1.02674
-1.03265
-1.041
-1.01838
-1.03127
-1.04147
-1.05042
-1.06202
-1.07464
-1.08458
-1.09182
-1.09915
-1.10531
-1.06775
-1.07602
-1.08231
-1.09318
-1.11128
-1.13153
-1.14417
-1.15004
-1.15426
-1.15394
-1.11836
-1.12349
-1.12586
-1.13602
-1.156
-1.17849
-1.19222
-1.19453
-1.19015
-1.18038
-1.1697
-1.1734
-1.17516
-1.18617
-1.20529
-1.22429
-1.23354
-1.23158
-1.21989
-1.20408
-1.22238
-1.22869
-1.23222
-1.24591
-1.26513
-1.2778
-1.27904
-1.27072
-1.25398
-1.23649
-1.2727
-1.28351
-1.29236
-1.31142
-1.32544
-1.33173
-1.32601
-1.31047
-1.29125
-1.27743
-1.3234
-1.33944
-1.36189
-1.37225
-1.37895
-1.37728
-1.3648
-1.34492
-1.32854
-1.32684
-1.37657
-1.39349
-1.42404
-1.43396
-1.42929
-1.41519
-1.39552
-1.37969
-1.38315
-1.39143
-1.42927
-1.44004
-1.46418
-1.48226
-1.47581
-1.44862
-1.42713
-1.41635
-1.43359
-1.44465
-1.47892
-1.47817
-1.48971
-1.51429
-1.50381
-1.46447
-1.44639
-1.47885
-1.49651
-1.49781
-1.52757
-1.51877
-1.5217
-1.53359
-1.52752
-1.5209
-1.52273
-1.5345
-1.54672
-1.55051
-1.57979
-1.57281
-1.57115
-1.57798
-1.57424
-1.57318
-1.57926
-1.58539
-1.59134
-1.59477
-1.63644
-1.63232
-1.63231
-1.63732
-1.63321
-1.63123
-1.63397
-1.63042
-1.62728
-1.62868
-1.69242
-1.68879
-1.69527
-1.69401
-1.69542
-1.69244
-1.68919
-1.68434
-1.67929
-1.67692
-1.74436
-1.74362
-1.75756
-1.75595
-1.75519
-1.74958
-1.74449
-1.73921
-1.73596
-1.73524
-1.79408
-1.79712
-1.81436
-1.82027
-1.81098
-1.80426
-1.79938
-1.79468
-1.79209
-1.79483
-1.84542
-1.84973
-1.86297
-1.87426
-1.86199
-1.85445
-1.85017
-1.84628
-1.84408
-1.84685
-1.89685
-1.89945
-1.90663
-1.91355
-1.90707
-1.90053
-1.89699
-1.89408
-1.89351
-1.89424
-1.94677
-1.94755
-1.94941
-1.95216
-1.949
-1.94447
-1.94178
-1.93995
-1.94296
-1.94586
-0.962352
-0.974958
-0.98345
-0.99043
-0.999138
-1.01068
-1.02212
-1.03125
-1.04159
-1.04686
-1.01216
-1.02446
-1.03488
-1.04636
-1.05868
-1.07195
-1.08596
-1.10157
-1.11578
-1.11593
-1.0616
-1.07004
-1.07852
-1.09247
-1.11079
-1.12795
-1.14237
-1.15692
-1.16661
-1.16124
-1.11192
-1.11528
-1.12008
-1.13369
-1.15528
-1.17446
-1.1856
-1.19059
-1.1896
-1.17923
-1.16308
-1.16256
-1.16528
-1.17839
-1.1983
-1.21486
-1.22128
-1.21823
-1.20819
-1.19704
-1.21396
-1.21251
-1.21402
-1.22889
-1.2485
-1.26028
-1.26131
-1.25335
-1.24018
-1.2301
-1.26292
-1.2681
-1.27228
-1.28757
-1.30559
-1.31197
-1.3071
-1.29502
-1.28178
-1.27394
-1.31279
-1.32186
-1.33674
-1.35073
-1.36092
-1.36112
-1.35042
-1.33497
-1.32396
-1.32354
-1.36487
-1.37353
-1.39443
-1.40833
-1.41027
-1.40149
-1.38507
-1.37121
-1.37256
-1.38106
-1.41903
-1.42254
-1.43627
-1.44964
-1.44858
-1.43075
-1.41122
-1.40887
-1.42308
-1.43591
-1.47228
-1.46902
-1.47299
-1.48531
-1.4802
-1.44873
-1.43042
-1.45667
-1.48096
-1.48998
-1.5238
-1.51585
-1.51319
-1.52054
-1.50958
-1.49256
-1.5054
-1.52353
-1.53555
-1.54233
-1.57631
-1.5679
-1.56522
-1.57033
-1.56245
-1.55829
-1.56857
-1.57816
-1.5842
-1.58847
-1.63218
-1.62712
-1.63002
-1.63253
-1.62879
-1.62773
-1.63103
-1.63258
-1.62781
-1.62591
-1.68851
-1.68543
-1.69429
-1.69632
-1.6978
-1.69558
-1.69405
-1.68924
-1.68328
-1.67845
-1.74115
-1.74166
-1.75692
-1.76258
-1.76203
-1.75734
-1.75154
-1.74545
-1.73975
-1.73708
-1.79316
-1.7966
-1.81257
-1.82806
-1.82103
-1.81283
-1.80614
-1.79964
-1.79502
-1.79334
-1.84608
-1.85027
-1.86298
-1.87704
-1.87108
-1.86189
-1.85553
-1.84967
-1.84571
-1.84281
-1.898
-1.90117
-1.90743
-1.91526
-1.91232
-1.90528
-1.89969
-1.89488
-1.89255
-1.89107
-1.94745
-1.94885
-1.95079
-1.95286
-1.95062
-1.94587
-1.94165
-1.93793
-1.93958
-1.94253
-0.959394
-0.970107
-0.979364
-0.98554
-0.99715
-1.01738
-1.03417
-1.04694
-1.05015
-1.04659
-1.00641
-1.01978
-1.03175
-1.04499
-1.06311
-1.08745
-1.10967
-1.1276
-1.12956
-1.1129
-1.05572
-1.06607
-1.08087
-1.09838
-1.11881
-1.14164
-1.16357
-1.17949
-1.17736
-1.15532
-1.10798
-1.11179
-1.12319
-1.14263
-1.1628
-1.17939
-1.19123
-1.19716
-1.18932
-1.17183
-1.16032
-1.15965
-1.16549
-1.18092
-1.19876
-1.21066
-1.21466
-1.21148
-1.20202
-1.19072
-1.20969
-1.20901
-1.21217
-1.22464
-1.23987
-1.24922
-1.25001
-1.24377
-1.23499
-1.2264
-1.25716
-1.25958
-1.26421
-1.27653
-1.29009
-1.29819
-1.29825
-1.29126
-1.2814
-1.27257
-1.30574
-1.31064
-1.31744
-1.32939
-1.34329
-1.35128
-1.34893
-1.3393
-1.32918
-1.32262
-1.35758
-1.36183
-1.36846
-1.38136
-1.39585
-1.39993
-1.39256
-1.38158
-1.37653
-1.37627
-1.41218
-1.41516
-1.41929
-1.4314
-1.44186
-1.43786
-1.42456
-1.4195
-1.42593
-1.42977
-1.46744
-1.46884
-1.46896
-1.47637
-1.47891
-1.46361
-1.44737
-1.45333
-1.47418
-1.48413
-1.52158
-1.52043
-1.51757
-1.52306
-1.51586
-1.49444
-1.49756
-1.51929
-1.53121
-1.53688
-1.5751
-1.57232
-1.56952
-1.57262
-1.56395
-1.55749
-1.56848
-1.57892
-1.58184
-1.58475
-1.63076
-1.62821
-1.6288
-1.63267
-1.62956
-1.63178
-1.63676
-1.63978
-1.63598
-1.63051
-1.68713
-1.68563
-1.69171
-1.69914
-1.70225
-1.70336
-1.70412
-1.70002
-1.69228
-1.68509
-1.74162
-1.74236
-1.75374
-1.76574
-1.77144
-1.76959
-1.76422
-1.75711
-1.74884
-1.74146
-1.79512
-1.79886
-1.80994
-1.82665
-1.82912
-1.82437
-1.81693
-1.80949
-1.80173
-1.79492
-1.8482
-1.85345
-1.86128
-1.87469
-1.87494
-1.86972
-1.86286
-1.85507
-1.84846
-1.84277
-1.89946
-1.90347
-1.90835
-1.91437
-1.91357
-1.90831
-1.90218
-1.89587
-1.89126
-1.88899
-1.94811
-1.95
-1.95197
-1.95311
-1.95126
-1.94678
-1.94149
-1.93665
-1.93501
-1.93867
-0.964919
-0.981626
-0.987036
-0.993292
-1.01253
-1.03467
-1.04996
-1.05548
-1.04948
-1.04106
-1.00945
-1.03043
-1.04453
-1.06768
-1.09954
-1.12297
-1.13622
-1.1373
-1.12097
-1.09947
-1.05492
-1.07645
-1.0982
-1.1288
-1.15927
-1.17989
-1.19014
-1.18665
-1.16615
-1.13851
-1.10353
-1.11764
-1.14102
-1.16911
-1.19146
-1.20554
-1.20937
-1.20045
-1.18143
-1.16074
-1.15615
-1.16187
-1.17671
-1.19658
-1.2112
-1.21952
-1.22067
-1.2126
-1.19884
-1.18496
-1.20851
-1.21021
-1.21714
-1.22983
-1.24267
-1.25132
-1.25314
-1.24549
-1.23537
-1.22239
-1.25921
-1.26216
-1.26555
-1.2745
-1.28822
-1.3012
-1.30525
-1.29773
-1.28367
-1.26869
-1.3083
-1.31395
-1.31438
-1.32528
-1.34458
-1.36119
-1.36337
-1.35145
-1.3334
-1.31696
-1.35696
-1.36298
-1.36508
-1.38147
-1.40465
-1.41943
-1.41608
-1.40021
-1.38094
-1.36752
-1.40893
-1.41554
-1.42182
-1.44132
-1.46277
-1.47001
-1.45879
-1.44112
-1.43028
-1.42124
-1.4638
-1.47199
-1.47984
-1.4961
-1.5095
-1.50539
-1.48556
-1.47572
-1.4765
-1.47646
-1.52022
-1.52662
-1.53212
-1.54233
-1.54561
-1.53165
-1.52141
-1.52746
-1.53166
-1.53078
-1.57736
-1.57923
-1.58111
-1.58743
-1.58635
-1.57781
-1.58124
-1.58834
-1.58648
-1.58255
-1.63463
-1.63357
-1.63474
-1.64223
-1.64398
-1.64481
-1.65078
-1.65169
-1.64471
-1.63609
-1.68996
-1.68962
-1.69334
-1.70382
-1.7107
-1.71591
-1.71699
-1.71186
-1.70263
-1.69198
-1.74412
-1.74596
-1.75212
-1.76506
-1.7752
-1.77797
-1.77515
-1.76598
-1.75704
-1.74813
-1.79733
-1.80147
-1.80695
-1.82045
-1.82867
-1.82844
-1.82382
-1.81368
-1.80639
-1.79965
-1.8496
-1.85439
-1.85882
-1.86729
-1.87298
-1.8707
-1.86465
-1.85687
-1.8504
-1.84569
-1.89991
-1.90345
-1.90753
-1.91158
-1.91214
-1.90844
-1.90253
-1.89633
-1.89133
-1.88885
-1.94782
-1.94937
-1.95145
-1.95216
-1.95046
-1.94669
-1.94209
-1.93727
-1.93382
-1.93509
-0.981191
-0.999776
-1.00282
-1.01581
-1.03554
-1.04842
-1.05654
-1.05446
-1.04653
-1.04257
-1.02547
-1.05142
-1.07137
-1.10793
-1.13418
-1.14194
-1.14075
-1.12931
-1.11118
-1.09669
-1.06726
-1.10077
-1.1288
-1.16879
-1.18953
-1.19503
-1.1887
-1.1745
-1.15226
-1.13282
-1.10703
-1.1376
-1.16942
-1.20194
-1.21351
-1.21495
-1.20881
-1.19517
-1.17301
-1.15778
-1.15388
-1.17028
-1.19634
-1.21817
-1.2264
-1.23014
-1.22875
-1.21591
-1.19687
-1.1876
-1.20795
-1.21387
-1.22553
-1.23835
-1.24975
-1.2603
-1.26498
-1.25179
-1.23648
-1.22677
-1.26224
-1.26628
-1.26883
-1.27637
-1.29252
-1.31282
-1.31855
-1.30221
-1.28319
-1.27029
-1.31157
-1.31867
-1.31847
-1.33072
-1.35519
-1.37817
-1.3785
-1.35628
-1.33028
-1.31401
-1.35941
-1.36761
-1.37353
-1.39588
-1.42609
-1.44537
-1.43748
-1.40684
-1.37681
-1.35893
-1.41398
-1.42445
-1.43764
-1.467
-1.49755
-1.50857
-1.48858
-1.45334
-1.42645
-1.41292
-1.47235
-1.48668
-1.50238
-1.53067
-1.55233
-1.54956
-1.52028
-1.49031
-1.47592
-1.4716
-1.52897
-1.54043
-1.55403
-1.5738
-1.58525
-1.57242
-1.5461
-1.53541
-1.53104
-1.5285
-1.58363
-1.58752
-1.59574
-1.60885
-1.6138
-1.60373
-1.595
-1.59372
-1.58933
-1.58353
-1.63816
-1.63827
-1.64241
-1.65315
-1.65844
-1.65625
-1.65703
-1.65681
-1.65004
-1.64063
-1.6925
-1.69315
-1.69657
-1.70729
-1.71522
-1.71818
-1.71969
-1.71581
-1.70675
-1.69704
-1.74628
-1.74858
-1.75228
-1.7626
-1.7719
-1.77551
-1.77462
-1.76714
-1.75832
-1.75129
-1.79874
-1.80192
-1.8057
-1.81432
-1.82243
-1.82453
-1.82111
-1.81254
-1.80523
-1.80052
-1.84965
-1.85257
-1.85644
-1.86173
-1.8668
-1.86658
-1.86204
-1.85431
-1.84865
-1.84571
-1.89862
-1.90049
-1.90409
-1.90641
-1.90729
-1.90495
-1.90031
-1.89506
-1.891
-1.88889
-1.94621
-1.94696
-1.9484
-1.94866
-1.94743
-1.94451
-1.94119
-1.93793
-1.93564
-1.93546
-0.997372
-1.01006
-1.0177
-1.03398
-1.04737
-1.05273
-1.05833
-1.05543
-1.04715
-1.05391
-1.04196
-1.0669
-1.09613
-1.13772
-1.15029
-1.14818
-1.14536
-1.12938
-1.11164
-1.11238
-1.08475
-1.12063
-1.1588
-1.20339
-1.21366
-1.20996
-1.20024
-1.17569
-1.15586
-1.15207
-1.11783
-1.16072
-1.19989
-1.2373
-1.24101
-1.23661
-1.22498
-1.20227
-1.18569
-1.17995
-1.15411
-1.18294
-1.21806
-1.24285
-1.24836
-1.2504
-1.24583
-1.23021
-1.21403
-1.20716
-1.20514
-1.21637
-1.23022
-1.24248
-1.2568
-1.27348
-1.28107
-1.26524
-1.2458
-1.23862
-1.26219
-1.26661
-1.26281
-1.26929
-1.29351
-1.3232
-1.32979
-1.30796
-1.2826
-1.2739
-1.31112
-1.31709
-1.31296
-1.32814
-1.36265
-1.39187
-1.38537
-1.35416
-1.32302
-1.31282
-1.35904
-1.36897
-1.37785
-1.40576
-1.44656
-1.46681
-1.44255
-1.40099
-1.36709
-1.35451
-1.42007
-1.43584
-1.4533
-1.49094
-1.52777
-1.53537
-1.49876
-1.44767
-1.41683
-1.40615
-1.48383
-1.50573
-1.5264
-1.56195
-1.58733
-1.58061
-1.535
-1.48822
-1.46886
-1.4683
-1.54082
-1.56052
-1.57893
-1.60323
-1.61455
-1.59845
-1.5585
-1.531
-1.52325
-1.52532
-1.59332
-1.60201
-1.61459
-1.63102
-1.63456
-1.61929
-1.59875
-1.58804
-1.5852
-1.58473
-1.64471
-1.64712
-1.6542
-1.66474
-1.66752
-1.66001
-1.65421
-1.65284
-1.64952
-1.64412
-1.69634
-1.69774
-1.70196
-1.71031
-1.71446
-1.71281
-1.71247
-1.71154
-1.70534
-1.69788
-1.74816
-1.75055
-1.75384
-1.76022
-1.76503
-1.76597
-1.76594
-1.76222
-1.75455
-1.7483
-1.79914
-1.80177
-1.80452
-1.80874
-1.81313
-1.81442
-1.813
-1.80751
-1.8004
-1.79639
-1.84848
-1.85083
-1.85317
-1.85505
-1.85755
-1.85787
-1.85515
-1.84985
-1.84493
-1.842
-1.89649
-1.89812
-1.89967
-1.89996
-1.90014
-1.89883
-1.89593
-1.89221
-1.88881
-1.88696
-1.94419
-1.94482
-1.9451
-1.94479
-1.9437
-1.9417
-1.93911
-1.93643
-1.93481
-1.9344
-1.00461
-1.01411
-1.02001
-1.02759
-1.03515
-1.04121
-1.0465
-1.04887
-1.05277
-1.07182
-1.04881
-1.07444
-1.10652
-1.13534
-1.1379
-1.13266
-1.13105
-1.12662
-1.1235
-1.13596
-1.09484
-1.13123
-1.18088
-1.21531
-1.21053
-1.1974
-1.19278
-1.18267
-1.1739
-1.18101
-1.12948
-1.17706
-1.22446
-1.25419
-1.24178
-1.23378
-1.23156
-1.21768
-1.20817
-1.21122
-1.15801
-1.19632
-1.23329
-1.25219
-1.24661
-1.25366
-1.25676
-1.24304
-1.23471
-1.23377
-1.20106
-1.2149
-1.22692
-1.23552
-1.25198
-1.2794
-1.28376
-1.27127
-1.26179
-1.26065
-1.2563
-1.25872
-1.24513
-1.25427
-1.29117
-1.32458
-1.32208
-1.30651
-1.29353
-1.29379
-1.30348
-1.30533
-1.2968
-1.31931
-1.36207
-1.38858
-1.37323
-1.34632
-1.32889
-1.33077
-1.34966
-1.35792
-1.37027
-1.40257
-1.44623
-1.46467
-1.43278
-1.38844
-1.36722
-1.36651
-1.41335
-1.42788
-1.44884
-1.48755
-1.52765
-1.53631
-1.49231
-1.43305
-1.4081
-1.40908
-1.48145
-1.50454
-1.5253
-1.56123
-1.58973
-1.58353
-1.53395
-1.48011
-1.46018
-1.46374
-1.54158
-1.56725
-1.58698
-1.61052
-1.62328
-1.60403
-1.55791
-1.52102
-1.51465
-1.52615
-1.59457
-1.61124
-1.62943
-1.64458
-1.64419
-1.62321
-1.59343
-1.57477
-1.57503
-1.58836
-1.64724
-1.65595
-1.67003
-1.67853
-1.67436
-1.65877
-1.64485
-1.64084
-1.64554
-1.65123
-1.69908
-1.70377
-1.7128
-1.71794
-1.71345
-1.70377
-1.69814
-1.69858
-1.70014
-1.70091
-1.74961
-1.75322
-1.75877
-1.76072
-1.75716
-1.75194
-1.75008
-1.75066
-1.74981
-1.74795
-1.79856
-1.80186
-1.80456
-1.80439
-1.80205
-1.79951
-1.79899
-1.79879
-1.79682
-1.79437
-1.84646
-1.84939
-1.85046
-1.84906
-1.84712
-1.84562
-1.84524
-1.84445
-1.84207
-1.83941
-1.89437
-1.89633
-1.89682
-1.89516
-1.89287
-1.89113
-1.89049
-1.88924
-1.88701
-1.88447
-1.94277
-1.94358
-1.94362
-1.94223
-1.9397
-1.93734
-1.93628
-1.9352
-1.93335
-1.93179
-1.00452
-1.0095
-1.01037
-1.00688
-1.0051
-1.01261
-1.01947
-1.02888
-1.05046
-1.08717
-1.04687
-1.0691
-1.09367
-1.09573
-1.08958
-1.0896
-1.09137
-1.10108
-1.12449
-1.15628
-1.09479
-1.13094
-1.17965
-1.17888
-1.16181
-1.1572
-1.155
-1.16342
-1.1826
-1.20697
-1.13748
-1.18221
-1.23307
-1.22449
-1.20157
-1.20435
-1.20474
-1.21179
-1.22371
-1.24207
-1.16561
-1.20972
-1.2356
-1.22801
-1.22083
-1.23569
-1.24189
-1.24602
-1.25184
-1.26412
-1.20057
-1.21954
-1.22108
-1.22094
-1.24004
-1.26574
-1.27538
-1.27655
-1.27861
-1.28726
-1.24924
-1.2505
-1.23473
-1.24667
-1.28151
-1.30768
-1.31483
-1.31396
-1.31366
-1.31906
-1.2939
-1.29386
-1.28944
-1.31113
-1.3421
-1.3611
-1.36279
-1.35788
-1.35599
-1.35865
-1.33858
-1.34681
-1.36001
-1.38387
-1.41056
-1.42303
-1.41658
-1.40382
-1.39833
-1.40079
-1.39748
-1.4111
-1.43041
-1.45948
-1.48598
-1.49235
-1.46779
-1.44182
-1.43441
-1.43864
-1.46505
-1.482
-1.5022
-1.53236
-1.55833
-1.55779
-1.51975
-1.48667
-1.47658
-1.47981
-1.53099
-1.55093
-1.5686
-1.59001
-1.6045
-1.59462
-1.55851
-1.52867
-1.52665
-1.53234
-1.58847
-1.60754
-1.62682
-1.6401
-1.63902
-1.62267
-1.59545
-1.57821
-1.58138
-1.59335
-1.64306
-1.65859
-1.67927
-1.68747
-1.67901
-1.66069
-1.64519
-1.63958
-1.6391
-1.64565
-1.69794
-1.70998
-1.72727
-1.72948
-1.71735
-1.7015
-1.69165
-1.69046
-1.69393
-1.69722
-1.74969
-1.76023
-1.77078
-1.76802
-1.75625
-1.74418
-1.73887
-1.74127
-1.7457
-1.74699
-1.79894
-1.80748
-1.81196
-1.80701
-1.79698
-1.78803
-1.78629
-1.79134
-1.79512
-1.79546
-1.84641
-1.85231
-1.85386
-1.84911
-1.84064
-1.83456
-1.83633
-1.84214
-1.84365
-1.84053
-1.8939
-1.89702
-1.89758
-1.89382
-1.88752
-1.88411
-1.88776
-1.89167
-1.89006
-1.88538
-1.94199
-1.94307
-1.9429
-1.93998
-1.9357
-1.93416
-1.93771
-1.9387
-1.93537
-1.93184
-0.998692
-1.00322
-1.00331
-1.00317
-0.996697
-1.00176
-1.00717
-1.02312
-1.05514
-1.09749
-1.0391
-1.05668
-1.07407
-1.07094
-1.06363
-1.06666
-1.07332
-1.09384
-1.12995
-1.16964
-1.08831
-1.12032
-1.15868
-1.14314
-1.13216
-1.13284
-1.13916
-1.15886
-1.19232
-1.22568
-1.1374
-1.18146
-1.22227
-1.19365
-1.17838
-1.1889
-1.19673
-1.21506
-1.24433
-1.27105
-1.17332
-1.21941
-1.23395
-1.21389
-1.21204
-1.23008
-1.23955
-1.25532
-1.27708
-1.29603
-1.20603
-1.22955
-1.23165
-1.22444
-1.24335
-1.26262
-1.27324
-1.28566
-1.29973
-1.31408
-1.24786
-1.25446
-1.25139
-1.25837
-1.28335
-1.30101
-1.31217
-1.32255
-1.33306
-1.34403
-1.29101
-1.29547
-1.3017
-1.31942
-1.33732
-1.35166
-1.36132
-1.37085
-1.3798
-1.3874
-1.33774
-1.34881
-1.36437
-1.38302
-1.3999
-1.40931
-1.41527
-1.42187
-1.42776
-1.4322
-1.39079
-1.40449
-1.42234
-1.44381
-1.46032
-1.46549
-1.4646
-1.46498
-1.46621
-1.46792
-1.45129
-1.46363
-1.47892
-1.49857
-1.51595
-1.52094
-1.51203
-1.50211
-1.4981
-1.50107
-1.51571
-1.52873
-1.54106
-1.55306
-1.56269
-1.56394
-1.55058
-1.54033
-1.53632
-1.53774
-1.57714
-1.59097
-1.60668
-1.6144
-1.61371
-1.60465
-1.5916
-1.58602
-1.58938
-1.59413
-1.63306
-1.64774
-1.66728
-1.67431
-1.66891
-1.65655
-1.64542
-1.63988
-1.63884
-1.64193
-1.6884
-1.70401
-1.72248
-1.72617
-1.71703
-1.70315
-1.69351
-1.69053
-1.68971
-1.69199
-1.74475
-1.75891
-1.77134
-1.77038
-1.76021
-1.74908
-1.74283
-1.74099
-1.74101
-1.74055
-1.79887
-1.81121
-1.81639
-1.81216
-1.80274
-1.79518
-1.79215
-1.79135
-1.79086
-1.78948
-1.84761
-1.85832
-1.85998
-1.85542
-1.84727
-1.84299
-1.84153
-1.84079
-1.83985
-1.83671
-1.89378
-1.90081
-1.90222
-1.89902
-1.89443
-1.89158
-1.89029
-1.88948
-1.88775
-1.88386
-1.94123
-1.94407
-1.94487
-1.94329
-1.94138
-1.93949
-1.93803
-1.93777
-1.93477
-1.93204
-0.984985
-0.993592
-0.995549
-1.00591
-0.998261
-1.0055
-1.01481
-1.03129
-1.06112
-1.09376
-1.02568
-1.04089
-1.0536
-1.06029
-1.05145
-1.05874
-1.07477
-1.09692
-1.12969
-1.15912
-1.07793
-1.10006
-1.12362
-1.12273
-1.11831
-1.12264
-1.13709
-1.15987
-1.19072
-1.21295
-1.13319
-1.16649
-1.19048
-1.17662
-1.17495
-1.18492
-1.20071
-1.225
-1.25292
-1.26578
-1.17338
-1.21016
-1.21986
-1.21109
-1.21512
-1.23194
-1.25026
-1.27201
-1.29091
-1.29465
-1.21012
-1.23132
-1.23771
-1.23353
-1.2463
-1.26802
-1.28557
-1.30102
-1.30989
-1.31273
-1.25078
-1.25884
-1.25923
-1.26643
-1.28659
-1.30772
-1.32281
-1.33419
-1.34323
-1.35123
-1.29334
-1.29941
-1.30727
-1.3214
-1.3402
-1.35934
-1.37268
-1.3847
-1.39702
-1.40651
-1.34541
-1.35466
-1.36596
-1.3831
-1.40229
-1.41837
-1.43036
-1.44113
-1.45069
-1.45682
-1.39784
-1.40847
-1.42243
-1.44141
-1.45906
-1.47045
-1.47698
-1.48337
-1.48753
-1.48986
-1.45258
-1.46283
-1.47442
-1.48917
-1.50316
-1.51105
-1.51362
-1.51463
-1.51582
-1.51753
-1.51295
-1.52156
-1.53096
-1.5389
-1.54482
-1.5471
-1.54575
-1.54184
-1.53921
-1.54342
-1.57054
-1.58092
-1.59286
-1.59836
-1.5985
-1.59517
-1.59077
-1.58925
-1.58739
-1.58918
-1.62437
-1.63687
-1.6519
-1.65785
-1.656
-1.65115
-1.64612
-1.64155
-1.6378
-1.63822
-1.67934
-1.69394
-1.71001
-1.71531
-1.71146
-1.70397
-1.69668
-1.69176
-1.6887
-1.68757
-1.73784
-1.752
-1.76601
-1.76954
-1.76469
-1.75667
-1.7484
-1.74199
-1.73867
-1.73642
-1.79863
-1.81001
-1.81856
-1.8197
-1.81434
-1.80687
-1.79855
-1.79036
-1.78736
-1.7842
-1.8509
-1.86209
-1.86564
-1.8648
-1.85969
-1.85369
-1.84592
-1.83842
-1.83583
-1.83228
-1.89547
-1.90439
-1.90662
-1.90541
-1.90219
-1.89717
-1.89082
-1.88633
-1.88463
-1.88172
-1.94112
-1.94513
-1.94661
-1.94566
-1.94263
-1.93934
-1.93617
-1.93458
-1.93365
-1.93265
-0.963486
-0.97355
-0.978542
-0.992985
-0.99757
-1.00715
-1.01806
-1.03431
-1.05464
-1.07252
-1.00956
-1.01964
-1.02829
-1.04013
-1.03527
-1.04568
-1.06641
-1.09253
-1.11955
-1.13745
-1.06502
-1.0774
-1.08623
-1.09414
-1.08852
-1.09782
-1.12037
-1.14624
-1.16723
-1.17633
-1.11857
-1.13771
-1.14646
-1.1486
-1.14882
-1.16383
-1.18943
-1.21407
-1.22626
-1.21855
-1.1636
-1.18454
-1.19163
-1.19239
-1.19979
-1.22476
-1.24921
-1.26399
-1.26314
-1.24467
-1.20855
-1.21993
-1.22334
-1.22938
-1.24691
-1.27596
-1.29185
-1.29486
-1.28281
-1.26865
-1.25232
-1.25988
-1.2619
-1.27495
-1.29901
-1.32156
-1.32692
-1.32534
-1.32132
-1.32501
-1.29857
-1.30812
-1.31779
-1.33179
-1.35276
-1.36521
-1.36975
-1.37557
-1.3856
-1.40141
-1.35421
-1.36796
-1.37503
-1.38907
-1.40342
-1.41388
-1.42399
-1.43788
-1.45322
-1.46345
-1.40708
-1.42282
-1.42693
-1.4382
-1.44976
-1.46132
-1.4722
-1.48431
-1.49359
-1.49662
-1.4623
-1.47251
-1.47642
-1.48373
-1.49248
-1.50123
-1.50829
-1.51334
-1.51677
-1.5185
-1.5196
-1.52598
-1.53043
-1.53461
-1.53938
-1.54355
-1.54523
-1.54462
-1.54294
-1.54523
-1.57653
-1.58189
-1.58842
-1.59247
-1.5941
-1.5941
-1.59373
-1.59226
-1.58808
-1.58976
-1.62943
-1.63723
-1.64612
-1.65105
-1.65187
-1.64919
-1.64618
-1.64343
-1.64125
-1.63794
-1.68338
-1.69331
-1.7053
-1.71078
-1.71096
-1.70543
-1.69936
-1.69456
-1.69183
-1.69153
-1.74107
-1.75349
-1.7661
-1.77154
-1.77031
-1.76263
-1.75307
-1.74533
-1.74154
-1.74121
-1.80152
-1.81472
-1.82684
-1.83294
-1.82865
-1.81764
-1.80459
-1.79413
-1.78916
-1.78918
-1.85333
-1.86715
-1.87777
-1.88253
-1.87773
-1.86606
-1.85251
-1.84167
-1.83604
-1.83664
-1.89733
-1.90717
-1.91471
-1.91822
-1.91597
-1.90712
-1.89629
-1.88828
-1.88417
-1.88508
-1.94245
-1.9462
-1.95029
-1.95202
-1.95069
-1.94558
-1.93914
-1.93514
-1.93355
-1.93495
-0.944781
-0.951306
-0.958447
-0.973824
-0.988561
-1.00128
-1.01549
-1.03007
-1.04118
-1.04686
-1.00095
-1.00409
-1.00859
-1.01811
-1.02415
-1.03324
-1.0522
-1.07509
-1.09119
-1.09496
-1.0568
-1.06021
-1.06105
-1.06507
-1.06164
-1.07252
-1.09441
-1.11737
-1.12814
-1.12224
-1.10674
-1.11408
-1.11656
-1.12099
-1.12032
-1.13404
-1.15978
-1.17497
-1.1725
-1.15502
-1.15635
-1.16618
-1.1746
-1.17619
-1.18363
-1.20688
-1.22279
-1.22119
-1.20514
-1.18227
-1.20862
-1.21641
-1.21752
-1.22833
-1.25289
-1.27526
-1.27205
-1.25464
-1.23062
-1.21277
-1.25381
-1.25894
-1.2702
-1.294
-1.32102
-1.32304
-1.30623
-1.28766
-1.27068
-1.27019
-1.30341
-1.31949
-1.33493
-1.35683
-1.36829
-1.35626
-1.34325
-1.33503
-1.33267
-1.35045
-1.36071
-1.38214
-1.38742
-1.40174
-1.40043
-1.3931
-1.39271
-1.40075
-1.41292
-1.42917
-1.4159
-1.42911
-1.43297
-1.43592
-1.43421
-1.43796
-1.44725
-1.46067
-1.47314
-1.48136
-1.47048
-1.4766
-1.4772
-1.47599
-1.47884
-1.48665
-1.49447
-1.50282
-1.50941
-1.51426
-1.52654
-1.53053
-1.52872
-1.52788
-1.53207
-1.5376
-1.54195
-1.54446
-1.54592
-1.54825
-1.5832
-1.58604
-1.58554
-1.58644
-1.5902
-1.59201
-1.59317
-1.59427
-1.59155
-1.59482
-1.63781
-1.64257
-1.64241
-1.64453
-1.64876
-1.6493
-1.64786
-1.64731
-1.64525
-1.64675
-1.69292
-1.6998
-1.70088
-1.70284
-1.70812
-1.70937
-1.70463
-1.70117
-1.69913
-1.6998
-1.74835
-1.75864
-1.76319
-1.76419
-1.76662
-1.76522
-1.75837
-1.75177
-1.75062
-1.75036
-1.80186
-1.81694
-1.8266
-1.83069
-1.82649
-1.81836
-1.80816
-1.79938
-1.79804
-1.79982
-1.85097
-1.86506
-1.87916
-1.88648
-1.87985
-1.86768
-1.85587
-1.84623
-1.84347
-1.84728
-1.89644
-1.90396
-1.91562
-1.9229
-1.92044
-1.91105
-1.90107
-1.89241
-1.88916
-1.89188
-1.94305
-1.9461
-1.95209
-1.95673
-1.95676
-1.95265
-1.94507
-1.93842
-1.93609
-1.93796
-0.942024
-0.939516
-0.940285
-0.952384
-0.96523
-0.978926
-0.991644
-1.00137
-1.00683
-1.00689
-1.00002
-1.00031
-0.999383
-1.00563
-1.01445
-1.02663
-1.04208
-1.05464
-1.05973
-1.05536
-1.05278
-1.05427
-1.05463
-1.05605
-1.05689
-1.06719
-1.08348
-1.09629
-1.09751
-1.09082
-1.10455
-1.10655
-1.10727
-1.10721
-1.10469
-1.11471
-1.13057
-1.13906
-1.1353
-1.12484
-1.1565
-1.1593
-1.16429
-1.16039
-1.16062
-1.17226
-1.1825
-1.18121
-1.172
-1.16055
-1.20676
-1.21293
-1.20986
-1.21451
-1.22944
-1.23679
-1.23235
-1.22077
-1.20711
-1.19601
-1.25255
-1.25315
-1.26102
-1.28048
-1.29139
-1.2857
-1.27418
-1.26194
-1.24765
-1.2445
-1.30153
-1.30975
-1.32784
-1.34049
-1.33838
-1.32922
-1.32057
-1.31001
-1.30202
-1.31001
-1.35654
-1.36929
-1.38295
-1.38416
-1.37642
-1.37297
-1.36954
-1.36648
-1.3705
-1.38333
-1.41265
-1.42333
-1.42889
-1.42101
-1.4174
-1.41936
-1.42384
-1.42769
-1.43567
-1.44465
-1.46937
-1.47577
-1.47241
-1.46167
-1.46437
-1.47071
-1.47854
-1.48603
-1.48876
-1.4941
-1.5261
-1.52968
-1.52148
-1.51704
-1.52042
-1.52662
-1.5319
-1.53608
-1.54084
-1.54146
-1.58202
-1.58478
-1.57845
-1.57599
-1.5815
-1.58636
-1.58793
-1.58949
-1.59278
-1.59864
-1.63678
-1.64066
-1.63724
-1.63557
-1.64081
-1.64477
-1.64466
-1.64496
-1.64723
-1.65175
-1.69094
-1.69637
-1.69641
-1.69468
-1.69848
-1.70136
-1.70096
-1.69989
-1.7005
-1.70226
-1.74424
-1.75121
-1.75632
-1.75451
-1.75437
-1.75444
-1.75229
-1.75071
-1.75138
-1.75137
-1.79588
-1.80362
-1.81392
-1.81586
-1.81138
-1.80614
-1.80139
-1.79856
-1.79915
-1.79959
-1.84584
-1.85181
-1.86409
-1.87156
-1.86413
-1.85604
-1.85019
-1.84644
-1.84622
-1.84837
-1.89462
-1.89749
-1.90526
-1.91138
-1.90932
-1.90247
-1.89762
-1.8937
-1.892
-1.89353
-1.94306
-1.94434
-1.94786
-1.95127
-1.95159
-1.94807
-1.94362
-1.94003
-1.93789
-1.93836
)
;

boundaryField
{
    lowerSideWalls
    {
        type            calculated;
        value           nonuniform List<scalar> 
800
(
355.422
305.323
254.217
202.169
148.624
93.0786
36.4013
4.67244
-0.0751199
-0.150451
-0.23235
-0.318895
-0.408488
-0.495084
-0.582285
-0.670147
-0.751389
-0.818861
-0.87686
-0.931574
355.877
305.687
254.617
202.595
149.151
94.0939
37.3149
4.73396
-0.0797372
-0.151669
-0.236075
-0.328065
-0.418678
-0.504159
-0.590844
-0.680656
-0.764939
-0.832129
-0.887464
-0.939304
356.734
306.521
255.414
203.357
150.008
96.1157
38.2466
4.80493
-0.0634286
-0.159676
-0.259451
-0.35865
-0.44269
-0.518022
-0.598214
-0.685146
-0.769556
-0.835995
-0.891767
-0.945264
357.945
307.915
256.899
205.044
151.858
98.7909
40.6001
5.59925
-0.048819
-0.174842
-0.289576
-0.395286
-0.466163
-0.53203
-0.611319
-0.697306
-0.772589
-0.832345
-0.891177
-0.946971
359.368
309.587
258.956
207.434
154.93
101.765
45.1669
7.05489
-0.033334
-0.192269
-0.313799
-0.417594
-0.478518
-0.557704
-0.64537
-0.719656
-0.778447
-0.834287
-0.892878
-0.95196
360.871
311.308
261.099
210.174
158.532
106.169
52.1213
9.34929
-0.0489252
-0.200955
-0.321945
-0.419516
-0.492062
-0.587779
-0.677808
-0.743846
-0.793182
-0.844216
-0.902883
-0.961802
362.354
312.957
263.167
212.92
162.168
110.811
58.8934
13.5017
-0.0168619
-0.218693
-0.33493
-0.412624
-0.497354
-0.606086
-0.695309
-0.756582
-0.804283
-0.857503
-0.915315
-0.971905
363.608
314.393
264.971
215.284
165.346
115.281
64.7038
19.6078
0.377079
-0.251029
-0.356915
-0.421045
-0.503521
-0.608095
-0.694588
-0.755691
-0.810345
-0.868374
-0.924096
-0.977444
364.536
315.416
266.338
217.089
167.898
118.589
69.6073
25.7582
2.48463
-0.284104
-0.374001
-0.432251
-0.511731
-0.608731
-0.685585
-0.746221
-0.805473
-0.865259
-0.921484
-0.971901
365.011
316.005
267.091
218.167
169.309
120.666
72.5682
29.4589
4.59168
-0.290545
-0.377363
-0.443448
-0.520064
-0.601978
-0.670089
-0.732445
-0.793111
-0.851799
-0.905997
-0.955944
351.864
301.461
249.796
196.604
141.673
83.3589
20.6775
1.18671
-0.142639
-0.231521
-0.317442
-0.400913
-0.474198
-0.535267
-0.590136
-0.644793
-0.703618
-0.765122
-0.824273
-0.881774
352.641
302.11
250.734
197.424
142.156
84.26
23.4193
1.79046
-0.139679
-0.2331
-0.322058
-0.408541
-0.483468
-0.542548
-0.594868
-0.646494
-0.702253
-0.76418
-0.824178
-0.880906
353.781
303.384
251.846
198.884
144.305
87.7377
28.2862
2.24803
-0.142636
-0.234665
-0.327642
-0.417312
-0.495207
-0.557204
-0.608333
-0.656557
-0.70815
-0.766846
-0.829041
-0.884464
355.346
305.175
253.768
201.262
147.549
92.5647
33.6947
3.38493
-0.153963
-0.244691
-0.3379
-0.427375
-0.50895
-0.574442
-0.625553
-0.67062
-0.718713
-0.772615
-0.834432
-0.89548
357.155
307.301
256.526
204.804
152.123
98.4778
41.3996
6.09996
-0.167983
-0.263943
-0.348252
-0.434859
-0.517161
-0.588015
-0.642897
-0.685865
-0.728061
-0.777797
-0.837493
-0.9046
359
309.41
259.199
208.27
156.749
104.53
50.1697
10.3348
-0.228673
-0.292139
-0.358267
-0.438276
-0.521954
-0.599016
-0.661134
-0.706672
-0.746187
-0.789363
-0.843653
-0.912188
360.702
311.34
261.591
211.447
160.943
110.147
58.3817
15.5813
-0.1526
-0.302739
-0.366628
-0.441416
-0.5244
-0.606316
-0.676683
-0.728468
-0.768221
-0.805653
-0.854485
-0.921647
362.127
312.938
263.552
213.988
164.243
114.541
64.7569
21.6563
1.25777
-0.326565
-0.393318
-0.449988
-0.519743
-0.600892
-0.678665
-0.741027
-0.790033
-0.827208
-0.867854
-0.930117
363.112
314.024
264.95
215.683
166.405
117.171
68.2141
25
2.83171
-0.336132
-0.40568
-0.465305
-0.531453
-0.601154
-0.672372
-0.743043
-0.801891
-0.846779
-0.884438
-0.940512
363.561
314.52
265.49
216.368
167.215
118.001
68.8916
25.0205
2.55452
-0.35346
-0.413608
-0.475662
-0.543692
-0.607682
-0.674196
-0.74196
-0.805429
-0.856247
-0.898502
-0.947847
355.422
305.323
254.217
202.169
148.624
93.0786
36.4013
4.67244
-0.0751199
-0.150451
-0.23235
-0.318895
-0.408488
-0.495084
-0.582285
-0.670147
-0.751389
-0.818861
-0.87686
-0.931574
356.054
305.929
255.028
202.967
149.006
93.1636
36.0433
4.30586
-0.0672259
-0.147856
-0.235263
-0.329056
-0.416299
-0.49708
-0.580301
-0.667101
-0.75018
-0.819996
-0.878353
-0.93167
357.286
307.154
256.226
204.443
150.898
95.9102
38.1478
4.72393
-0.0740693
-0.167159
-0.268719
-0.370021
-0.454352
-0.529765
-0.605445
-0.680835
-0.751082
-0.812856
-0.869343
-0.925202
358.976
309.042
258.299
206.86
154.321
100.3
43.1473
6.61308
-0.0885892
-0.198441
-0.305819
-0.398899
-0.476133
-0.54693
-0.617511
-0.685497
-0.748669
-0.809559
-0.871102
-0.930799
360.919
311.276
260.978
210.122
158.535
105.568
50.3023
9.80362
-0.121625
-0.236951
-0.331934
-0.408518
-0.480469
-0.550253
-0.620948
-0.689146
-0.753438
-0.819427
-0.881024
-0.937718
362.958
313.54
263.779
213.643
162.944
111.364
58.3944
14.1791
-0.120914
-0.288977
-0.35566
-0.420189
-0.488026
-0.557075
-0.630133
-0.700625
-0.770544
-0.834263
-0.887799
-0.937228
364.919
315.705
266.42
217
167.213
116.894
66.195
20.7679
0.724846
-0.332343
-0.391596
-0.444033
-0.502562
-0.572019
-0.649273
-0.723441
-0.79042
-0.844119
-0.88702
-0.929749
366.61
317.642
268.685
219.814
170.897
121.825
72.9087
27.7222
3.37106
-0.298839
-0.399821
-0.460206
-0.515954
-0.584271
-0.664453
-0.736076
-0.794188
-0.837362
-0.876591
-0.920807
367.795
318.93
270.285
221.82
173.586
125.549
78.203
34.6108
7.05337
-0.308365
-0.418495
-0.470927
-0.524285
-0.594401
-0.668268
-0.733864
-0.783481
-0.824231
-0.867663
-0.914073
368.342
319.565
271.077
222.845
174.961
127.481
80.9168
38.4687
10.4987
-0.266495
-0.449677
-0.480646
-0.532042
-0.59909
-0.66556
-0.725487
-0.771056
-0.815023
-0.864486
-0.913126
368.204
319.453
270.96
222.753
174.859
127.397
80.8394
38.0418
9.68405
-0.214195
-0.447649
-0.484498
-0.540038
-0.60358
-0.663412
-0.716505
-0.761128
-0.818591
-0.87748
-0.921925
367.325
318.477
269.904
221.48
173.237
125.284
78.2503
34.4928
6.64454
-0.267191
-0.43834
-0.485423
-0.545088
-0.603333
-0.658833
-0.706716
-0.759654
-0.835691
-0.899129
-0.942792
365.784
316.799
267.935
219.088
170.219
121.405
73.3232
28.7708
3.58436
-0.300909
-0.421713
-0.480359
-0.544479
-0.600674
-0.649759
-0.696256
-0.763592
-0.854923
-0.928953
-0.964466
363.726
314.553
265.225
215.775
166.053
116.063
66.0427
21.32
0.915744
-0.302335
-0.415853
-0.477219
-0.538205
-0.591094
-0.636465
-0.685139
-0.763098
-0.860641
-0.937778
-0.975073
361.334
311.907
262.034
211.734
160.965
109.477
57.0901
14.2929
-0.176985
-0.28322
-0.381454
-0.460087
-0.525306
-0.575274
-0.618855
-0.672636
-0.755712
-0.851236
-0.92892
-0.9728
358.835
309.175
258.634
207.373
155.471
102.299
47.2404
8.88715
-0.207618
-0.284469
-0.368523
-0.448341
-0.509414
-0.556506
-0.601939
-0.661308
-0.742019
-0.830029
-0.908659
-0.961759
356.405
306.335
255.318
203.192
150.014
95.2013
37.1306
4.73995
-0.169732
-0.25862
-0.349844
-0.437645
-0.499864
-0.545607
-0.59319
-0.654319
-0.726136
-0.809445
-0.888493
-0.944894
354.312
303.931
252.4
199.776
145.394
88.9402
28.938
2.26707
-0.165498
-0.241721
-0.331276
-0.423333
-0.490804
-0.542139
-0.591346
-0.647837
-0.715975
-0.794402
-0.867884
-0.922244
352.731
302.31
250.829
197.796
142.601
83.9988
23.5344
1.52042
-0.163328
-0.235632
-0.322266
-0.40993
-0.482253
-0.538943
-0.591061
-0.64606
-0.710247
-0.780719
-0.844637
-0.895279
351.864
301.461
249.796
196.604
141.673
83.3589
20.6775
1.18671
-0.142639
-0.231521
-0.317442
-0.400913
-0.474198
-0.535267
-0.590136
-0.644793
-0.703618
-0.765122
-0.824273
-0.881774
)
;
    }
    upperSideWalls
    {
        type            calculated;
        value           nonuniform List<scalar> 
800
(
-0.984901
-1.0369
-1.08644
-1.13517
-1.18503
-1.23597
-1.28734
-1.33717
-1.38585
-1.43658
-1.4889
-1.54131
-1.59224
-1.64209
-1.69239
-1.74327
-1.79361
-1.84354
-1.89328
-1.9427
-0.989122
-1.03752
-1.08603
-1.13506
-1.18499
-1.23619
-1.28676
-1.33494
-1.38374
-1.43659
-1.49065
-1.54271
-1.59272
-1.64245
-1.69409
-1.74591
-1.79522
-1.84432
-1.89355
-1.94279
-0.994636
-1.03914
-1.08225
-1.13026
-1.18303
-1.23791
-1.29043
-1.33859
-1.38563
-1.43673
-1.4896
-1.54113
-1.59088
-1.64186
-1.69505
-1.74768
-1.79692
-1.84556
-1.89429
-1.94315
-0.998711
-1.04706
-1.09531
-1.14454
-1.1935
-1.24458
-1.2979
-1.34792
-1.39296
-1.43956
-1.48889
-1.53957
-1.58991
-1.64306
-1.69579
-1.74751
-1.79744
-1.84607
-1.89469
-1.94339
-1.00668
-1.0566
-1.1051
-1.1532
-1.20198
-1.25231
-1.30474
-1.35488
-1.39965
-1.4432
-1.49079
-1.53908
-1.58996
-1.64274
-1.69611
-1.74887
-1.79878
-1.84664
-1.89489
-1.94342
-1.01745
-1.06702
-1.11196
-1.15534
-1.20527
-1.25497
-1.30322
-1.3548
-1.4009
-1.44498
-1.4931
-1.54314
-1.59397
-1.64375
-1.6974
-1.74958
-1.79904
-1.84683
-1.89481
-1.94314
-1.02531
-1.07371
-1.11468
-1.15375
-1.20292
-1.25503
-1.29936
-1.3416
-1.38945
-1.44112
-1.49642
-1.55196
-1.60022
-1.64609
-1.69684
-1.74973
-1.79932
-1.84699
-1.89448
-1.94251
-1.0273
-1.07278
-1.11201
-1.14722
-1.19098
-1.24971
-1.30391
-1.34465
-1.38576
-1.43743
-1.4971
-1.55499
-1.6042
-1.64783
-1.69797
-1.74924
-1.80019
-1.84714
-1.89393
-1.94152
-1.01986
-1.06292
-1.09988
-1.1349
-1.17253
-1.22468
-1.29166
-1.3498
-1.39272
-1.43932
-1.49812
-1.55679
-1.60435
-1.64945
-1.70064
-1.75006
-1.80004
-1.84625
-1.89176
-1.93918
-1.00168
-1.04342
-1.08074
-1.11766
-1.1527
-1.19801
-1.25978
-1.33423
-1.39397
-1.44157
-1.49833
-1.55664
-1.60286
-1.64669
-1.6992
-1.7483
-1.79702
-1.84414
-1.88867
-1.93664
-0.942024
-1.00002
-1.05278
-1.10455
-1.1565
-1.20676
-1.25255
-1.30153
-1.35654
-1.41265
-1.46937
-1.5261
-1.58202
-1.63678
-1.69094
-1.74424
-1.79588
-1.84584
-1.89462
-1.94306
-0.939516
-1.00031
-1.05427
-1.10655
-1.1593
-1.21293
-1.25315
-1.30975
-1.36929
-1.42333
-1.47577
-1.52968
-1.58478
-1.64066
-1.69637
-1.75121
-1.80362
-1.85181
-1.89749
-1.94434
-0.940285
-0.999383
-1.05463
-1.10727
-1.16429
-1.20986
-1.26102
-1.32784
-1.38295
-1.42889
-1.47241
-1.52148
-1.57845
-1.63724
-1.69641
-1.75632
-1.81392
-1.86409
-1.90526
-1.94786
-0.952384
-1.00563
-1.05605
-1.10721
-1.16039
-1.21451
-1.28048
-1.34049
-1.38416
-1.42101
-1.46167
-1.51704
-1.57599
-1.63557
-1.69468
-1.75451
-1.81586
-1.87156
-1.91138
-1.95127
-0.96523
-1.01445
-1.05689
-1.10469
-1.16062
-1.22944
-1.29139
-1.33838
-1.37642
-1.4174
-1.46437
-1.52042
-1.5815
-1.64081
-1.69848
-1.75437
-1.81138
-1.86413
-1.90932
-1.95159
-0.978926
-1.02663
-1.06719
-1.11471
-1.17226
-1.23679
-1.2857
-1.32922
-1.37297
-1.41936
-1.47071
-1.52662
-1.58636
-1.64477
-1.70136
-1.75444
-1.80614
-1.85604
-1.90247
-1.94807
-0.991644
-1.04208
-1.08348
-1.13057
-1.1825
-1.23235
-1.27418
-1.32057
-1.36954
-1.42384
-1.47854
-1.5319
-1.58793
-1.64466
-1.70096
-1.75229
-1.80139
-1.85019
-1.89762
-1.94362
-1.00137
-1.05464
-1.09629
-1.13906
-1.18121
-1.22077
-1.26194
-1.31001
-1.36648
-1.42769
-1.48603
-1.53608
-1.58949
-1.64496
-1.69989
-1.75071
-1.79856
-1.84644
-1.8937
-1.94003
-1.00683
-1.05973
-1.09751
-1.1353
-1.172
-1.20711
-1.24765
-1.30202
-1.3705
-1.43567
-1.48876
-1.54084
-1.59278
-1.64723
-1.7005
-1.75138
-1.79915
-1.84622
-1.892
-1.93789
-1.00689
-1.05536
-1.09082
-1.12484
-1.16055
-1.19601
-1.2445
-1.31001
-1.38333
-1.44465
-1.4941
-1.54146
-1.59864
-1.65175
-1.70226
-1.75137
-1.79959
-1.84837
-1.89353
-1.93836
-0.984901
-1.0369
-1.08644
-1.13517
-1.18503
-1.23597
-1.28734
-1.33717
-1.38585
-1.43658
-1.4889
-1.54131
-1.59224
-1.64209
-1.69239
-1.74327
-1.79361
-1.84354
-1.89328
-1.9427
-0.984459
-1.03648
-1.08831
-1.13914
-1.18843
-1.23729
-1.28668
-1.33592
-1.38444
-1.43613
-1.48972
-1.54245
-1.5931
-1.64247
-1.69289
-1.74387
-1.79397
-1.84365
-1.89348
-1.943
-0.981566
-1.03664
-1.08995
-1.14151
-1.1909
-1.23887
-1.28377
-1.32767
-1.37652
-1.43323
-1.4939
-1.54828
-1.59546
-1.64292
-1.69339
-1.74392
-1.79426
-1.84404
-1.8937
-1.94345
-0.98736
-1.04126
-1.09327
-1.14335
-1.19239
-1.23888
-1.2826
-1.32723
-1.38034
-1.44127
-1.50159
-1.5519
-1.59593
-1.64384
-1.69448
-1.74395
-1.79451
-1.84498
-1.89544
-1.94555
-0.988889
-1.04057
-1.09269
-1.14187
-1.18937
-1.23565
-1.28101
-1.33043
-1.38791
-1.4504
-1.50571
-1.5496
-1.59307
-1.64278
-1.69579
-1.74666
-1.79739
-1.84759
-1.89694
-1.94601
-0.984104
-1.03341
-1.0848
-1.13568
-1.1835
-1.23126
-1.27926
-1.33246
-1.3914
-1.4509
-1.49998
-1.54269
-1.58892
-1.64228
-1.69695
-1.7486
-1.79919
-1.84833
-1.89709
-1.94617
-0.974971
-1.02367
-1.07392
-1.12634
-1.1782
-1.22819
-1.27748
-1.33027
-1.38664
-1.4413
-1.48932
-1.53442
-1.58471
-1.64012
-1.69598
-1.748
-1.79796
-1.84696
-1.89686
-1.94637
-0.969251
-1.01838
-1.06775
-1.11836
-1.1697
-1.22238
-1.2727
-1.3234
-1.37657
-1.42927
-1.47892
-1.52757
-1.57979
-1.63644
-1.69242
-1.74436
-1.79408
-1.84542
-1.89685
-1.94677
-0.962352
-1.01216
-1.0616
-1.11192
-1.16308
-1.21396
-1.26292
-1.31279
-1.36487
-1.41903
-1.47228
-1.5238
-1.57631
-1.63218
-1.68851
-1.74115
-1.79316
-1.84608
-1.898
-1.94745
-0.959394
-1.00641
-1.05572
-1.10798
-1.16032
-1.20969
-1.25716
-1.30574
-1.35758
-1.41218
-1.46744
-1.52158
-1.5751
-1.63076
-1.68713
-1.74162
-1.79512
-1.8482
-1.89946
-1.94811
-0.964919
-1.00945
-1.05492
-1.10353
-1.15615
-1.20851
-1.25921
-1.3083
-1.35696
-1.40893
-1.4638
-1.52022
-1.57736
-1.63463
-1.68996
-1.74412
-1.79733
-1.8496
-1.89991
-1.94782
-0.981191
-1.02547
-1.06726
-1.10703
-1.15388
-1.20795
-1.26224
-1.31157
-1.35941
-1.41398
-1.47235
-1.52897
-1.58363
-1.63816
-1.6925
-1.74628
-1.79874
-1.84965
-1.89862
-1.94621
-0.997372
-1.04196
-1.08475
-1.11783
-1.15411
-1.20514
-1.26219
-1.31112
-1.35904
-1.42007
-1.48383
-1.54082
-1.59332
-1.64471
-1.69634
-1.74816
-1.79914
-1.84848
-1.89649
-1.94419
-1.00461
-1.04881
-1.09484
-1.12948
-1.15801
-1.20106
-1.2563
-1.30348
-1.34966
-1.41335
-1.48145
-1.54158
-1.59457
-1.64724
-1.69908
-1.74961
-1.79856
-1.84646
-1.89437
-1.94277
-1.00452
-1.04687
-1.09479
-1.13748
-1.16561
-1.20057
-1.24924
-1.2939
-1.33858
-1.39748
-1.46505
-1.53099
-1.58847
-1.64306
-1.69794
-1.74969
-1.79894
-1.84641
-1.8939
-1.94199
-0.998692
-1.0391
-1.08831
-1.1374
-1.17332
-1.20603
-1.24786
-1.29101
-1.33774
-1.39079
-1.45129
-1.51571
-1.57714
-1.63306
-1.6884
-1.74475
-1.79887
-1.84761
-1.89378
-1.94123
-0.984985
-1.02568
-1.07793
-1.13319
-1.17338
-1.21012
-1.25078
-1.29334
-1.34541
-1.39784
-1.45258
-1.51295
-1.57054
-1.62437
-1.67934
-1.73784
-1.79863
-1.8509
-1.89547
-1.94112
-0.963486
-1.00956
-1.06502
-1.11857
-1.1636
-1.20855
-1.25232
-1.29857
-1.35421
-1.40708
-1.4623
-1.5196
-1.57653
-1.62943
-1.68338
-1.74107
-1.80152
-1.85333
-1.89733
-1.94245
-0.944781
-1.00095
-1.0568
-1.10674
-1.15635
-1.20862
-1.25381
-1.30341
-1.36071
-1.4159
-1.47048
-1.52654
-1.5832
-1.63781
-1.69292
-1.74835
-1.80186
-1.85097
-1.89644
-1.94305
-0.942024
-1.00002
-1.05278
-1.10455
-1.1565
-1.20676
-1.25255
-1.30153
-1.35654
-1.41265
-1.46937
-1.5261
-1.58202
-1.63678
-1.69094
-1.74424
-1.79588
-1.84584
-1.89462
-1.94306
)
;
    }
    lowerWall
    {
        type            calculated;
        value           nonuniform List<scalar> 
200
(
379.947
380.579
381.811
383.501
385.444
387.483
389.444
391.135
392.32
392.867
392.729
391.85
390.309
388.251
385.859
383.36
380.93
378.837
377.256
376.389
380.402
381.049
382.394
384.06
385.894
387.934
389.888
391.55
392.728
393.288
393.161
392.293
390.775
388.738
386.358
383.864
381.566
379.536
377.973
377.166
381.259
381.961
383.514
385.241
387.027
388.868
390.724
392.34
393.502
394.064
393.95
393.104
391.635
389.666
387.418
385.135
382.905
380.868
379.176
378.306
382.47
383.128
384.651
386.301
388.069
389.949
391.8
393.403
394.561
395.135
395.03
394.21
392.803
390.871
388.677
386.425
384.284
382.35
380.685
379.871
383.893
384.484
385.847
387.464
389.284
391.196
393.047
394.641
395.797
396.386
396.293
395.494
394.112
392.254
390.113
387.897
385.784
383.926
382.413
381.68
385.396
385.912
387.284
388.807
390.607
392.511
394.343
395.924
397.077
397.681
397.602
396.828
395.486
393.685
391.609
389.446
387.392
385.641
384.198
383.525
386.879
387.458
388.636
390.126
391.885
393.752
395.554
397.115
398.256
398.858
398.795
398.059
396.763
395.018
393.005
390.91
388.925
387.237
385.948
385.227
388.133
388.763
389.813
391.248
392.953
394.773
396.538
398.069
399.198
399.779
399.734
399.045
397.792
396.103
394.146
392.114
390.19
388.562
387.367
386.652
389.061
389.647
390.637
392.02
393.668
395.441
397.16
398.656
399.771
400.355
400.316
399.658
398.436
396.794
394.888
392.903
391.031
389.453
388.315
387.637
389.536
390.054
391.004
392.333
393.932
395.661
397.327
398.766
399.879
400.349
400.332
399.789
398.587
396.999
395.128
393.177
391.347
389.807
388.69
388.086
)
;
    }
    atmosphere
    {
        type            calculated;
        value           nonuniform List<scalar> 0();
    }
    procBoundary0to1
    {
        type            processor;
        value           nonuniform List<scalar> 
800
(
364.92
315.912
267.023
218.166
169.426
120.934
73.1082
30.198
4.9738
-0.285955
-0.376014
-0.451403
-0.520947
-0.588651
-0.654063
-0.717506
-0.778895
-0.835994
-0.888297
-0.934756
365.404
316.419
267.589
218.738
169.935
121.42
73.5527
30.4934
5.19337
-0.342267
-0.456186
-0.498822
-0.518464
-0.58054
-0.654233
-0.723331
-0.790122
-0.851497
-0.904284
-0.947211
366.321
317.395
268.643
220.007
171.524
123.448
75.8042
32.3336
5.82344
-0.353844
-0.46825
-0.499983
-0.510084
-0.571381
-0.648559
-0.724113
-0.795161
-0.856635
-0.909931
-0.956574
367.601
318.778
270.222
221.925
173.981
126.587
79.5804
35.9926
7.3478
-0.318078
-0.426618
-0.499342
-0.54336
-0.596127
-0.660833
-0.73121
-0.796631
-0.858063
-0.914463
-0.965834
369.148
320.466
272.166
224.32
177.02
130.418
84.5087
40.7246
10.2005
-0.311647
-0.433387
-0.511501
-0.564054
-0.619111
-0.683965
-0.746339
-0.800914
-0.857151
-0.914633
-0.971532
370.85
322.31
274.316
226.974
180.417
134.777
90.2868
47.8809
15.4887
0.0912697
-0.458823
-0.529076
-0.576657
-0.636621
-0.703351
-0.756533
-0.807867
-0.859691
-0.913897
-0.972422
372.444
324.111
276.471
229.688
183.92
139.393
96.5009
56.2004
22.579
2.2147
-0.429217
-0.506027
-0.58463
-0.658339
-0.721237
-0.77285
-0.820279
-0.866482
-0.916872
-0.974747
373.837
325.7
278.416
232.188
187.188
143.722
102.535
64.4896
31.3916
6.74787
-0.351547
-0.488602
-0.595839
-0.677416
-0.742094
-0.791577
-0.831854
-0.872871
-0.919763
-0.97768
374.912
326.924
279.946
234.223
189.94
147.42
107.622
71.6603
40.9126
15.5266
0.220719
-0.588194
-0.634761
-0.699936
-0.760255
-0.802865
-0.836903
-0.874848
-0.922175
-0.980487
375.541
327.731
280.905
235.498
191.817
150.024
111.231
76.7349
48.2594
25.7043
5.92082
-0.613892
-0.652508
-0.713211
-0.769765
-0.806789
-0.834678
-0.872525
-0.92515
-0.982549
375.528
327.755
281.023
235.686
192.076
150.561
112.228
78.3414
50.9858
31.7094
12.9747
-0.63591
-0.67633
-0.727047
-0.776139
-0.807562
-0.831386
-0.870639
-0.929756
-0.989038
374.84
326.907
280.035
234.524
190.676
148.91
110.258
75.8795
47.578
27.5771
10.4371
-0.788256
-0.722834
-0.736184
-0.779141
-0.80894
-0.832181
-0.871434
-0.933757
-0.999799
373.655
325.594
278.463
232.538
188.104
145.514
105.677
69.6821
38.9312
15.1826
1.45056
-0.756536
-0.745656
-0.737225
-0.777703
-0.80929
-0.833733
-0.871913
-0.940095
-1.01488
372.135
323.851
276.37
229.889
184.642
140.91
99.2174
60.2806
28.9152
5.7147
-0.475168
-0.635404
-0.690702
-0.72743
-0.769658
-0.806126
-0.832261
-0.867948
-0.940598
-1.02933
370.279
321.815
273.956
226.861
180.732
135.782
92.2669
51.3253
19.9037
1.2037
-0.528889
-0.622608
-0.667542
-0.718444
-0.756884
-0.79856
-0.83003
-0.864371
-0.93579
-1.03749
368.354
319.703
271.496
223.806
176.789
130.647
85.3725
42.6015
11.8674
-0.320429
-0.478459
-0.595376
-0.65825
-0.706356
-0.739579
-0.784555
-0.826886
-0.863164
-0.93393
-1.03536
366.565
317.745
269.202
220.942
173.067
125.717
78.539
34.1876
6.2494
-0.426271
-0.464075
-0.55235
-0.63324
-0.683409
-0.721789
-0.771441
-0.822037
-0.868595
-0.930671
-1.02148
365.061
316.1
267.282
218.545
169.924
121.513
72.7696
28.003
3.51114
-0.379582
-0.452785
-0.513709
-0.587571
-0.651949
-0.708916
-0.768214
-0.825867
-0.875295
-0.929721
-1.00111
363.97
314.912
265.935
216.816
167.645
118.353
68.7063
23.7865
1.98786
-0.362269
-0.428028
-0.48288
-0.553423
-0.626045
-0.69735
-0.763591
-0.822886
-0.874444
-0.920026
-0.977848
363.388
314.302
265.22
215.972
166.617
117.101
66.9356
21.6108
0.989766
-0.358842
-0.404644
-0.469541
-0.539321
-0.612718
-0.683939
-0.749327
-0.808095
-0.857641
-0.9022
-0.949988
-0.979383
-1.02023
-1.06019
-1.09902
-1.13516
-1.17548
-1.22779
-1.30285
-1.37855
-1.43893
-1.49351
-1.54851
-1.59584
-1.64022
-1.69279
-1.7426
-1.79217
-1.83989
-1.88633
-1.93473
-0.987584
-1.02826
-1.06849
-1.10913
-1.14975
-1.19513
-1.25458
-1.34467
-1.43913
-1.4863
-1.51389
-1.55418
-1.5959
-1.63892
-1.69502
-1.74713
-1.79615
-1.8411
-1.88796
-1.93549
-1.00005
-1.04258
-1.08584
-1.13044
-1.17567
-1.22358
-1.28632
-1.38717
-1.49795
-1.54019
-1.54951
-1.5709
-1.59933
-1.63703
-1.6993
-1.75586
-1.79883
-1.8409
-1.88779
-1.9366
-1.01462
-1.06226
-1.10711
-1.15221
-1.19839
-1.24836
-1.31108
-1.40998
-1.51783
-1.56253
-1.57029
-1.58294
-1.60325
-1.64073
-1.70749
-1.76155
-1.79764
-1.83948
-1.88764
-1.93701
-1.02567
-1.07563
-1.1213
-1.16393
-1.20655
-1.2553
-1.31852
-1.41234
-1.4949
-1.54469
-1.56146
-1.58319
-1.60825
-1.65001
-1.70917
-1.76125
-1.79915
-1.84292
-1.89025
-1.93778
-1.03044
-1.08347
-1.12797
-1.16475
-1.20025
-1.24267
-1.29951
-1.37946
-1.45843
-1.50617
-1.53571
-1.57409
-1.60939
-1.65334
-1.70693
-1.7595
-1.80399
-1.84918
-1.89177
-1.9428
-1.03561
-1.09175
-1.13465
-1.16464
-1.19334
-1.23043
-1.27993
-1.34539
-1.41817
-1.46191
-1.50946
-1.56158
-1.6048
-1.64668
-1.6944
-1.74749
-1.80284
-1.85311
-1.89532
-1.94808
-1.04172
-1.10088
-1.1423
-1.16698
-1.1913
-1.227
-1.27441
-1.33307
-1.39608
-1.44429
-1.49798
-1.55381
-1.59911
-1.63608
-1.68073
-1.73827
-1.79924
-1.85072
-1.89584
-1.94805
-1.04417
-1.10154
-1.1409
-1.16311
-1.1875
-1.22421
-1.27131
-1.3272
-1.38832
-1.44419
-1.49765
-1.55096
-1.59424
-1.63026
-1.67833
-1.73691
-1.79427
-1.84446
-1.89111
-1.94334
-1.03887
-1.08899
-1.12589
-1.15131
-1.1793
-1.21826
-1.26542
-1.31861
-1.3766
-1.43451
-1.49081
-1.54352
-1.58904
-1.63171
-1.68412
-1.73885
-1.79187
-1.84007
-1.88813
-1.94028
-1.03929
-1.08065
-1.11405
-1.14315
-1.17576
-1.21709
-1.26287
-1.31113
-1.36421
-1.42121
-1.47823
-1.53201
-1.58242
-1.63401
-1.68872
-1.74281
-1.79512
-1.84202
-1.88756
-1.93692
-1.05356
-1.0957
-1.12872
-1.15682
-1.18698
-1.22333
-1.26558
-1.3108
-1.3602
-1.41388
-1.47317
-1.52837
-1.58068
-1.6366
-1.6929
-1.74759
-1.79821
-1.84439
-1.8888
-1.93565
-1.07768
-1.12495
-1.15804
-1.18393
-1.21001
-1.24184
-1.27877
-1.31968
-1.36142
-1.41108
-1.47291
-1.53021
-1.58532
-1.6415
-1.69518
-1.74649
-1.79529
-1.84108
-1.88652
-1.93491
-1.10052
-1.15239
-1.1894
-1.215
-1.23623
-1.26367
-1.29817
-1.33772
-1.37926
-1.42068
-1.47444
-1.53737
-1.59734
-1.65405
-1.70275
-1.74754
-1.7932
-1.83768
-1.88302
-1.93142
-1.12141
-1.17958
-1.22306
-1.25462
-1.27583
-1.29889
-1.32905
-1.36681
-1.40852
-1.44744
-1.4891
-1.54018
-1.59998
-1.65216
-1.70181
-1.74715
-1.79462
-1.83775
-1.88235
-1.93093
-1.12805
-1.18956
-1.23767
-1.27896
-1.30517
-1.32519
-1.35408
-1.39306
-1.43818
-1.47257
-1.505
-1.54439
-1.59947
-1.6486
-1.69696
-1.74414
-1.79098
-1.83634
-1.88283
-1.93191
-1.11162
-1.17098
-1.21562
-1.25972
-1.29043
-1.31554
-1.3574
-1.41088
-1.45824
-1.49092
-1.51912
-1.55345
-1.59783
-1.64491
-1.69426
-1.74253
-1.78939
-1.83568
-1.8841
-1.93427
-1.08058
-1.13937
-1.16905
-1.2005
-1.22893
-1.26731
-1.3352
-1.41147
-1.4651
-1.49354
-1.51692
-1.54996
-1.59499
-1.64608
-1.69697
-1.74639
-1.79576
-1.84369
-1.8919
-1.94026
-1.04404
-1.08571
-1.10858
-1.13652
-1.16806
-1.21631
-1.28924
-1.37486
-1.44358
-1.48364
-1.51525
-1.5535
-1.6013
-1.65383
-1.70403
-1.75149
-1.80026
-1.84784
-1.89512
-1.94171
-1.00105
-1.04673
-1.08226
-1.11738
-1.154
-1.19854
-1.25388
-1.32759
-1.39576
-1.45134
-1.49929
-1.54921
-1.60507
-1.6557
-1.70228
-1.74961
-1.7982
-1.84621
-1.89271
-1.93812
)
;
    }
    procBoundary0to2
    {
        type            processor;
        value           nonuniform List<scalar> 
200
(
-1.99179
-1.99185
-1.99197
-1.99205
-1.992
-1.99164
-1.99086
-1.98966
-1.98775
-1.98558
-1.99205
-1.99216
-1.99216
-1.99228
-1.99234
-1.99203
-1.99119
-1.98988
-1.98802
-1.98593
-1.99265
-1.99333
-1.99369
-1.99304
-1.99239
-1.99212
-1.99145
-1.99019
-1.98874
-1.98697
-1.9937
-1.99475
-1.99482
-1.99266
-1.99164
-1.99148
-1.9912
-1.99015
-1.98884
-1.98718
-1.99411
-1.99459
-1.99465
-1.99378
-1.99158
-1.99038
-1.99004
-1.98921
-1.98824
-1.9872
-1.99428
-1.99408
-1.99322
-1.99331
-1.99126
-1.98931
-1.98853
-1.98815
-1.98923
-1.99128
-1.99454
-1.99439
-1.99332
-1.99343
-1.99149
-1.9891
-1.98799
-1.98764
-1.99146
-1.99599
-1.99501
-1.99522
-1.99445
-1.99402
-1.9921
-1.98924
-1.98709
-1.98516
-1.99198
-1.99697
-1.99524
-1.99589
-1.99559
-1.99469
-1.99246
-1.98916
-1.98589
-1.982
-1.98782
-1.99455
-1.99527
-1.99591
-1.99589
-1.99494
-1.99269
-1.98929
-1.98551
-1.98139
-1.98275
-1.98962
-1.99469
-1.99496
-1.99497
-1.99406
-1.99204
-1.98943
-1.98646
-1.98335
-1.98232
-1.98603
-1.9934
-1.99325
-1.99285
-1.99193
-1.99044
-1.98849
-1.98648
-1.98503
-1.98517
-1.98636
-1.99205
-1.99195
-1.9914
-1.99072
-1.98931
-1.98734
-1.98536
-1.98421
-1.98431
-1.98557
-1.99107
-1.99112
-1.99066
-1.98924
-1.9868
-1.98459
-1.98377
-1.98291
-1.98195
-1.98176
-1.99051
-1.9902
-1.98907
-1.98653
-1.9838
-1.98441
-1.98606
-1.98479
-1.9819
-1.98057
-1.9901
-1.99022
-1.98916
-1.98755
-1.9864
-1.98559
-1.98541
-1.98458
-1.98203
-1.98107
-1.98984
-1.99045
-1.98926
-1.98739
-1.9848
-1.98339
-1.9833
-1.98412
-1.98242
-1.98235
-1.99062
-1.99134
-1.99143
-1.99089
-1.98912
-1.98596
-1.98383
-1.98283
-1.98269
-1.98382
-1.99128
-1.99268
-1.99527
-1.99704
-1.99689
-1.99361
-1.98822
-1.98467
-1.98356
-1.98474
-1.99141
-1.99267
-1.99455
-1.99594
-1.99548
-1.99258
-1.98856
-1.98587
-1.98458
-1.98474
)
;
    }
}


// ************************************************************************* //
