/*--------------------------------*- C++ -*----------------------------------*\
| =========                 |                                                 |
| \\      /  F ield         | OpenFOAM: The Open Source CFD Toolbox           |
|  \\    /   O peration     | Version:  2312                                  |
|   \\  /    A nd           | Website:  www.openfoam.com                      |
|    \\/     M anipulation  |                                                 |
\*---------------------------------------------------------------------------*/
FoamFile
{
    version     2.0;
    format      ascii;
    arch        "LSB;label=32;scalar=64";
    class       volScalarField;
    location    "0.505";
    object      p;
}
// * * * * * * * * * * * * * * * * * * * * * * * * * * * * * * * * * * * * * //

dimensions      [1 -1 -2 0 0 0 0];

internalField   nonuniform List<scalar> 
8000
(
367.102
366.314
364.931
363.021
360.783
358.45
356.226
354.34
352.937
352.173
319.677
318.727
317.296
315.208
312.787
310.307
307.949
305.99
304.519
303.67
273.549
272.458
270.903
268.367
265.731
262.966
260.335
258.1
256.448
255.536
229.399
227.839
225.975
223.091
219.975
216.661
213.553
210.904
208.967
207.926
185.496
184.685
182.492
179.228
175.356
171.269
167.505
164.301
161.981
160.747
145.831
144.324
141.329
136.883
131.99
126.716
121.706
117.481
114.465
112.875
108.282
106.192
102.233
96.4076
89.5405
82.1299
75.0626
69.2531
65.2386
63.1505
74.3246
71.4859
65.7081
57.5875
48.0664
37.8733
28.9773
23.0232
19.5573
17.9116
46.4668
42.6815
34.5232
24.2252
15.6976
7.53602
3.6339
1.80758
0.925899
0.599155
25.3791
20.4235
15.4051
5.52358
0.532752
-0.184022
-0.172758
-0.15524
-0.170847
-0.176931
10.7235
5.96447
2.35256
-0.201465
-0.35374
-0.287099
-0.250929
-0.226735
-0.225971
-0.228956
9.76616
5.06124
-0.412161
-0.32609
-0.347363
-0.343111
-0.322526
-0.306542
-0.30821
-0.316557
11.8912
3.00688
-0.524835
-0.433768
-0.386817
-0.404994
-0.399854
-0.391105
-0.391837
-0.396106
-0.619326
-0.688556
-0.667508
-0.539997
-0.482809
-0.478364
-0.472965
-0.466368
-0.462186
-0.461699
-0.597558
-0.615107
-0.597433
-0.592063
-0.555759
-0.537448
-0.530157
-0.526118
-0.522716
-0.520694
-0.600531
-0.571023
-0.594644
-0.64293
-0.624195
-0.597497
-0.583842
-0.578819
-0.576347
-0.575227
-0.648348
-0.630775
-0.659216
-0.709051
-0.697321
-0.660617
-0.642736
-0.635143
-0.631527
-0.630296
-0.708345
-0.699885
-0.714738
-0.735956
-0.741784
-0.716462
-0.701655
-0.693469
-0.688914
-0.687483
-0.766984
-0.756814
-0.752089
-0.754773
-0.773832
-0.766802
-0.756412
-0.749577
-0.745738
-0.74448
-0.818031
-0.814298
-0.803703
-0.804855
-0.821301
-0.815595
-0.808189
-0.803141
-0.800441
-0.799823
366.245
365.433
364.034
362.115
359.856
357.459
355.143
353.146
351.67
350.878
318.666
317.633
316.187
314.159
311.801
309.263
306.796
304.638
303.068
302.247
272.432
271.415
269.785
267.472
264.804
261.961
259.221
256.856
255.121
254.186
227.799
226.626
224.763
222.09
218.965
215.632
212.435
209.672
207.674
206.601
184.61
183.497
181.324
178.156
174.383
170.335
166.48
163.2
160.848
159.603
144.238
142.821
139.932
135.894
131.214
126.108
121.176
116.951
113.936
112.334
106.171
104.513
100.82
95.5905
89.3222
82.0756
75.4151
70.1046
66.4819
64.5686
71.6256
69.4405
64.3679
56.4227
47.8158
39.9768
32.7805
28.2574
25.9359
24.8306
42.6205
40.1712
34.3004
26.4287
18.9329
10.4811
5.75328
3.36551
2.20659
1.72984
20.275
16.5201
14.0676
5.78789
0.608162
-0.252632
-0.219746
-0.193084
-0.208695
-0.210215
4.96548
4.76651
3.15064
-0.455041
-0.371779
-0.320893
-0.28674
-0.264054
-0.262688
-0.264597
4.76368
-0.57557
-0.425905
-0.399646
-0.38171
-0.37198
-0.346722
-0.331267
-0.330317
-0.334933
2.50966
0.0769612
-0.44937
-0.429392
-0.423752
-0.430479
-0.420039
-0.411502
-0.41116
-0.411542
-0.735034
-0.77965
-0.582448
-0.518786
-0.503453
-0.498985
-0.488056
-0.478519
-0.472715
-0.469074
-0.643425
-0.627609
-0.562384
-0.566066
-0.557317
-0.550578
-0.546477
-0.542535
-0.533156
-0.527857
-0.620146
-0.616328
-0.59144
-0.612141
-0.61313
-0.604725
-0.596468
-0.592995
-0.587301
-0.582682
-0.670171
-0.704931
-0.670882
-0.685609
-0.686737
-0.673251
-0.653009
-0.64183
-0.636628
-0.633875
-0.727679
-0.773465
-0.74776
-0.750124
-0.751285
-0.732152
-0.707871
-0.696849
-0.690674
-0.688443
-0.785409
-0.802549
-0.800722
-0.792264
-0.80032
-0.777685
-0.759702
-0.751317
-0.746364
-0.744829
-0.834397
-0.83959
-0.846224
-0.835678
-0.831774
-0.817888
-0.808879
-0.803295
-0.800502
-0.800018
364.716
363.89
362.446
360.451
358.068
355.514
353.025
350.861
349.243
348.362
317.084
316.043
314.571
312.472
309.964
307.264
304.622
302.322
300.606
299.674
270.692
269.638
267.974
265.65
262.875
259.884
256.94
254.372
252.49
251.459
225.834
224.615
222.747
220.087
216.887
213.437
210.11
207.064
204.969
203.818
182.255
181.163
179.095
176.018
172.285
168.147
164.136
160.615
158.197
156.889
141.008
139.754
137.248
133.492
128.919
123.995
119.156
114.955
112.05
110.501
101.912
100.65
97.6134
92.9706
87.2697
80.9338
74.7647
69.5989
65.9825
64.0647
65.1858
64.2279
60.4449
54.7476
47.6434
40.304
34.0545
29.6534
27.1135
25.9497
33.8249
34.284
30.6857
24.5088
19.1758
11.1473
6.17406
3.48417
2.17431
1.66056
13.8129
14.4539
13.9149
7.3244
1.14006
-0.317125
-0.256033
-0.219456
-0.241999
-0.236993
2.08476
2.38518
0.414819
-0.34301
-0.364748
-0.352556
-0.325318
-0.305554
-0.301992
-0.300708
-0.410842
-0.373425
-0.407651
-0.393675
-0.410557
-0.390315
-0.366667
-0.34917
-0.346164
-0.350789
-0.507093
-0.429515
-0.429789
-0.422287
-0.432781
-0.433544
-0.420435
-0.411106
-0.408292
-0.410379
-0.664852
-0.597293
-0.511976
-0.503117
-0.505702
-0.493615
-0.47729
-0.467881
-0.465359
-0.464567
-0.577862
-0.575866
-0.5527
-0.555126
-0.555572
-0.547369
-0.53412
-0.524772
-0.52239
-0.519921
-0.607915
-0.613725
-0.599999
-0.598794
-0.603757
-0.601229
-0.590234
-0.582875
-0.577702
-0.574628
-0.67698
-0.712938
-0.68251
-0.66344
-0.666827
-0.661923
-0.647802
-0.637968
-0.6323
-0.629727
-0.739579
-0.803862
-0.774675
-0.738342
-0.734148
-0.724289
-0.703322
-0.694103
-0.688221
-0.686054
-0.798547
-0.851663
-0.8439
-0.804494
-0.791671
-0.777663
-0.758087
-0.749395
-0.744801
-0.743593
-0.846195
-0.870454
-0.877861
-0.846815
-0.830387
-0.820961
-0.808859
-0.802687
-0.799923
-0.799797
362.587
361.753
360.231
358.092
355.503
352.692
349.919
347.488
345.636
344.607
314.767
313.794
312.25
310.019
307.293
304.315
301.365
298.779
296.817
295.715
267.919
267.102
265.425
263
260.029
256.754
253.408
250.495
248.377
247.182
222.626
221.713
219.857
217.102
213.645
209.889
206.237
202.771
200.447
199.018
178.777
177.781
175.79
172.806
169.19
164.534
159.999
156.02
153.322
151.701
136.452
135.511
133.257
129.699
125.01
120.012
114.765
109.934
106.63
104.701
95.9017
95.1729
92.7452
88.7295
83.4393
77.2609
70.806
65.1209
60.7576
58.3297
57.0047
55.8823
54.375
50.6615
44.7428
37.4254
31.0713
26.8248
23.9809
23.0333
23.907
26.2065
24.3828
20.6406
16.7276
9.64573
5.55641
3.39172
2.09586
1.69741
5.42058
5.76641
6.86916
4.93497
1.12519
-0.37205
-0.287214
-0.230267
-0.241928
-0.237861
-0.247771
-0.385197
-0.343162
-0.337434
-0.414007
-0.407975
-0.361351
-0.331701
-0.333832
-0.324829
-0.314491
-0.319481
-0.394024
-0.411007
-0.450537
-0.416098
-0.383765
-0.363174
-0.361738
-0.369738
-0.396161
-0.378967
-0.418467
-0.427465
-0.439204
-0.430556
-0.415226
-0.404061
-0.401358
-0.410538
-0.511201
-0.49058
-0.497159
-0.503035
-0.497302
-0.479947
-0.465618
-0.456967
-0.454425
-0.459062
-0.556632
-0.552372
-0.552693
-0.556151
-0.547987
-0.532982
-0.521306
-0.514007
-0.51266
-0.51251
-0.589214
-0.59959
-0.601864
-0.600322
-0.596716
-0.588984
-0.579538
-0.572086
-0.568098
-0.56638
-0.662153
-0.68383
-0.678128
-0.659762
-0.657104
-0.650426
-0.638852
-0.630367
-0.624897
-0.622415
-0.729884
-0.764077
-0.766013
-0.736872
-0.724539
-0.713552
-0.697806
-0.68892
-0.683233
-0.681003
-0.795081
-0.826402
-0.840121
-0.812848
-0.78841
-0.77146
-0.754621
-0.746344
-0.742005
-0.741139
-0.844331
-0.861173
-0.883475
-0.864723
-0.836085
-0.819976
-0.807466
-0.801348
-0.798898
-0.799397
360.067
359.204
357.55
355.194
352.301
349.132
345.97
343.147
340.962
339.728
312.064
311.145
309.444
306.984
303.907
300.512
297.144
294.136
291.78
290.449
265.018
264.143
262.347
259.731
256.305
252.49
248.611
245.214
242.816
241.007
219.236
218.299
216.346
213.315
209.584
205.217
200.72
196.758
193.986
191.828
174.603
173.721
171.733
168.752
164.316
159.086
153.671
148.904
145.509
142.699
131.245
130.594
128.421
124.778
120.125
114.201
107.615
101.457
96.8607
93.5973
88.7259
88.5967
86.7744
83.206
78.3566
71.9372
64.5985
57.8617
52.9389
49.3312
47.282
47.2354
47.0896
44.4813
40.0147
34.0512
27.8492
22.9944
20.1839
20.1426
15.3494
18.2349
18.8162
16.602
13.3043
8.48911
4.82428
2.7707
1.489
1.07783
0.694516
0.530452
0.90802
0.966109
0.192363
-0.33876
-0.284393
-0.248664
-0.289493
-0.320877
-0.381754
-0.364323
-0.381145
-0.420568
-0.46912
-0.430557
-0.364712
-0.343224
-0.368511
-0.348859
-0.373204
-0.382685
-0.413573
-0.449838
-0.473244
-0.423348
-0.386821
-0.368892
-0.382122
-0.388509
-0.388821
-0.414368
-0.430137
-0.44039
-0.440732
-0.420705
-0.400543
-0.388567
-0.387827
-0.408121
-0.477439
-0.491728
-0.494604
-0.49826
-0.483804
-0.460627
-0.442846
-0.433124
-0.429954
-0.448427
-0.54091
-0.547511
-0.546727
-0.547166
-0.534145
-0.517433
-0.504134
-0.495101
-0.491709
-0.499135
-0.588044
-0.597326
-0.597303
-0.594659
-0.585822
-0.575568
-0.565795
-0.557477
-0.552578
-0.552596
-0.654639
-0.669227
-0.669898
-0.654314
-0.647776
-0.637968
-0.628039
-0.619712
-0.613412
-0.610606
-0.720661
-0.741851
-0.74268
-0.724475
-0.716371
-0.701912
-0.689951
-0.681495
-0.675573
-0.673038
-0.781146
-0.79573
-0.800164
-0.789349
-0.77845
-0.761285
-0.749032
-0.741378
-0.737293
-0.737145
-0.833568
-0.841351
-0.85202
-0.846339
-0.826037
-0.812778
-0.804183
-0.798679
-0.797352
-0.799882
357.394
356.454
354.619
351.974
348.693
345.038
341.364
338.086
335.441
333.977
309.236
308.254
306.367
303.583
300.068
296.148
292.181
288.682
285.6
284.273
261.908
260.946
258.957
255.993
252.016
247.481
242.787
238.592
235.262
233.092
215.599
214.615
212.506
209.119
204.714
199.384
193.716
188.655
185.183
181.82
170.224
169.322
167.212
163.687
158.551
152.086
144.945
137.39
131.266
126.715
125.664
125.042
123.123
119.32
113.722
105.992
96.4696
86.858
78.7653
77.311
81.0721
81.1799
80.2052
76.7299
71.6138
63.7803
53.4148
42.8486
34.3201
25.967
36.9608
39.0307
39.7442
37.1681
34.0119
28.3693
21.0144
15.053
11.3536
10.0718
7.20956
9.66706
10.618
9.54958
8.5768
6.26464
3.35091
1.26501
-0.256467
0.0266268
-0.186685
-0.235475
-0.246175
-0.286936
-0.230678
-0.246403
-0.239475
-0.315213
-0.485199
-0.53793
-0.321294
-0.323875
-0.345992
-0.40055
-0.416738
-0.383472
-0.322176
-0.321878
-0.392762
-0.344868
-0.371948
-0.377174
-0.390317
-0.415539
-0.426871
-0.408132
-0.369225
-0.341997
-0.372223
-0.365499
-0.412886
-0.427783
-0.431244
-0.436976
-0.428132
-0.403726
-0.377013
-0.355285
-0.35659
-0.389505
-0.474425
-0.490492
-0.486018
-0.485975
-0.469442
-0.439076
-0.414641
-0.399414
-0.390592
-0.431252
-0.530239
-0.539114
-0.538601
-0.536284
-0.523475
-0.503968
-0.482808
-0.469417
-0.463609
-0.481862
-0.584893
-0.59131
-0.591436
-0.586395
-0.57797
-0.565143
-0.550752
-0.539532
-0.53255
-0.535018
-0.64712
-0.656468
-0.654583
-0.648174
-0.639255
-0.628866
-0.617664
-0.607682
-0.600407
-0.597575
-0.708979
-0.718901
-0.720415
-0.712361
-0.701193
-0.692131
-0.681464
-0.673347
-0.667765
-0.666233
-0.767207
-0.774749
-0.777754
-0.771984
-0.760526
-0.751498
-0.741914
-0.736113
-0.733503
-0.735866
-0.82043
-0.825694
-0.828731
-0.8251
-0.81126
-0.806654
-0.798807
-0.795977
-0.7977
-0.804428
354.793
353.736
351.678
348.699
344.968
340.759
336.496
332.678
329.601
327.731
306.494
305.382
303.251
300.107
296.096
291.534
286.775
282.53
279.03
276.626
258.89
257.79
255.539
252.085
247.482
242.025
236.215
230.82
226.558
223.573
212.122
211.012
208.669
204.865
199.481
192.87
185.302
178.969
174.549
168.699
166.115
165.099
162.71
158.551
152.292
143.722
132.526
120.632
112.134
105.945
120.375
119.824
117.849
113.424
106.176
95.2363
79.2231
60.9139
51.9535
38.9011
73.8219
74.3339
73.8125
69.8531
63.7021
52.5356
35.9531
20.0019
17.467
15.4717
28.0058
31.6909
33.4115
31.0278
27.9615
21.1074
12.6652
6.3378
1.50101
4.22914
3.35754
5.14197
5.78895
5.58669
5.13298
3.65784
1.53924
-0.0226688
-0.183256
0.617755
-0.173072
-0.183995
-0.185936
-0.179135
-0.179215
-0.213595
-0.280248
-0.409805
-0.448085
-0.113806
-0.270971
-0.298179
-0.314867
-0.343934
-0.354824
-0.364585
-0.333688
-0.285941
-0.291507
-0.170772
-0.353257
-0.363512
-0.372572
-0.390115
-0.410678
-0.412662
-0.364666
-0.282159
-0.294261
-0.246543
-0.416658
-0.431629
-0.425291
-0.427961
-0.420069
-0.39213
-0.35511
-0.299748
-0.294983
-0.32316
-0.47125
-0.48723
-0.478459
-0.477088
-0.461073
-0.422743
-0.387718
-0.359616
-0.345843
-0.385684
-0.52391
-0.532521
-0.531162
-0.527459
-0.516064
-0.490359
-0.466029
-0.444999
-0.431882
-0.454283
-0.579949
-0.585602
-0.585281
-0.580474
-0.572806
-0.558483
-0.539977
-0.524185
-0.512451
-0.515034
-0.639926
-0.646143
-0.643287
-0.637667
-0.6325
-0.624367
-0.608997
-0.596842
-0.585889
-0.58754
-0.69912
-0.703264
-0.702507
-0.697479
-0.692358
-0.687414
-0.673089
-0.665321
-0.65869
-0.66251
-0.755802
-0.758942
-0.759503
-0.75615
-0.750436
-0.746096
-0.734893
-0.730675
-0.730215
-0.735292
-0.809163
-0.811334
-0.81212
-0.809705
-0.803617
-0.802236
-0.793502
-0.792553
-0.800118
-0.809854
352.492
351.302
349.023
345.7
341.502
336.738
331.953
327.721
324.239
322.142
304.112
302.783
300.433
296.911
292.378
287.129
281.718
276.971
272.885
270.179
256.229
254.96
252.421
248.483
243.251
236.851
229.724
223.725
218.872
214.816
209.053
207.776
205.068
200.614
194.506
186.23
177.435
171.296
161.325
153.902
162.505
161.325
158.616
153.802
146.743
134.414
119.797
105.057
86.5126
81.302
115.864
115.247
113.187
107.943
98.9973
83.5113
58.9043
37.5973
21.5715
17.3227
67.7967
68.8474
68.4392
63.8126
55.9568
39.9653
16.8372
11.7225
3.64393
6.25344
21.9531
27.1482
29.0473
27.1931
23.3477
15.4651
6.90509
2.29933
2.19461
2.92224
1.6547
2.94652
3.26569
3.61872
3.2627
1.56604
0.596004
1.18562
1.37259
1.10307
-0.139641
-0.157792
-0.168596
-0.153469
-0.164672
-0.22199
-0.312733
-0.210747
0.203703
0.133539
-0.239655
-0.279192
-0.294799
-0.292399
-0.300026
-0.326863
-0.411411
-0.355104
-0.210418
-0.112886
-0.334678
-0.351603
-0.362689
-0.370396
-0.375666
-0.381457
-0.406563
-0.366352
-0.282247
-0.142922
-0.40942
-0.425687
-0.417991
-0.420544
-0.417349
-0.369202
-0.350716
-0.324081
-0.275894
-0.214856
-0.46648
-0.481484
-0.471526
-0.469663
-0.4636
-0.410622
-0.366018
-0.336928
-0.325627
-0.310893
-0.518728
-0.527842
-0.524658
-0.519355
-0.514046
-0.481438
-0.446233
-0.422259
-0.416567
-0.398856
-0.574704
-0.579891
-0.579553
-0.573398
-0.568833
-0.550757
-0.541122
-0.514341
-0.499477
-0.495421
-0.633803
-0.637292
-0.636421
-0.631833
-0.626307
-0.61812
-0.611547
-0.591557
-0.575221
-0.598289
-0.6919
-0.693801
-0.693139
-0.691718
-0.685674
-0.67827
-0.671371
-0.661208
-0.65465
-0.683182
-0.74781
-0.749085
-0.749013
-0.74849
-0.744352
-0.741333
-0.72941
-0.72801
-0.735501
-0.766004
-0.801385
-0.802173
-0.802307
-0.801881
-0.799428
-0.800715
-0.787094
-0.791114
-0.808468
-0.845076
350.691
349.396
346.912
343.261
338.622
333.355
328.111
323.488
319.704
317.614
302.255
300.758
298.196
294.287
289.185
283.277
277.495
272.309
267.566
264.931
254.171
252.754
249.942
245.547
239.533
232.068
224.014
217.568
210.976
207.985
206.704
205.258
202.315
197.348
190.392
180.603
171.983
161.802
145.304
143.902
159.793
158.487
155.478
149.984
141.387
125.977
110.446
86.5023
63.9115
74.6744
112.575
111.865
109.65
103.331
91.6451
69.9109
39.003
16.3786
13.4642
29.3183
63.6517
65.0089
64.537
58.6098
48.8617
24.6836
9.87028
2.58019
11.0082
22.9172
18.6497
24.8
26.5889
25.2211
21.5674
11.47
1.98913
1.67065
1.95303
3.10614
0.852801
1.97146
2.17334
2.57439
2.10936
0.722948
0.787211
1.2637
1.32539
1.10687
-0.151665
-0.17962
-0.196104
-0.19694
-0.171845
-0.124524
-0.0892905
0.149274
0.37053
0.259783
-0.232701
-0.274099
-0.293042
-0.289447
-0.274821
-0.271043
-0.334732
-0.28731
-0.144625
-0.105492
-0.321992
-0.341351
-0.354305
-0.354208
-0.349389
-0.353981
-0.397771
-0.402784
-0.326207
-0.177922
-0.400336
-0.412069
-0.409203
-0.405329
-0.396655
-0.384459
-0.37443
-0.365616
-0.325672
-0.277558
-0.461568
-0.471923
-0.461931
-0.456452
-0.446997
-0.426705
-0.398031
-0.370412
-0.351331
-0.357365
-0.514959
-0.523365
-0.514886
-0.50839
-0.499257
-0.475037
-0.461776
-0.437747
-0.428451
-0.433303
-0.570628
-0.574797
-0.570375
-0.564046
-0.55616
-0.535447
-0.527303
-0.512023
-0.502617
-0.508715
-0.629182
-0.630205
-0.627513
-0.622808
-0.616847
-0.600312
-0.589273
-0.583251
-0.581169
-0.607691
-0.686415
-0.686918
-0.685389
-0.682802
-0.679835
-0.664475
-0.649419
-0.653405
-0.662117
-0.697297
-0.742158
-0.742535
-0.742001
-0.741109
-0.742684
-0.726024
-0.713702
-0.718311
-0.734524
-0.772598
-0.796128
-0.796401
-0.79645
-0.795816
-0.802274
-0.783656
-0.775748
-0.778506
-0.794134
-0.826891
349.609
348.231
345.601
341.714
336.738
331.059
325.427
320.475
316.868
315.714
301.125
299.53
296.806
292.606
287.086
280.629
274.23
268.712
264.381
263.413
252.936
251.425
248.406
243.615
236.978
228.333
219.23
212.309
207.656
206.393
205.326
203.785
200.579
194.974
186.376
174.479
162.8
152.213
145.835
147.783
158.241
156.814
153.496
147.105
135.65
114.954
99.302
83.387
76.9755
91.7193
110.75
109.956
107.559
100.15
86.1737
62.1118
25.2532
9.11085
21.7194
52.1399
61.4801
62.9345
62.4276
55.6557
41.7653
15.7212
9.04602
0.502212
24.5945
28.1712
17.0808
23.7396
25.6569
25.0051
21.7955
10.0211
3.11123
2.06686
2.56707
4.02085
0.53266
1.65259
1.77736
2.23573
1.64824
0.913716
1.36262
1.65264
1.46143
1.58401
-0.160993
-0.174684
-0.198652
-0.218453
-0.198092
-0.182075
0.0424013
0.397095
0.581715
0.447592
-0.224941
-0.267413
-0.291652
-0.289073
-0.275285
-0.268997
-0.235836
-0.151107
0.000261705
0.0530652
-0.313835
-0.333623
-0.349318
-0.34852
-0.342086
-0.329775
-0.297388
-0.259541
-0.225002
-0.0904937
-0.391281
-0.402046
-0.402751
-0.396876
-0.384196
-0.364335
-0.336289
-0.316267
-0.306429
-0.227634
-0.455989
-0.462849
-0.454765
-0.446922
-0.434925
-0.416258
-0.393618
-0.377674
-0.370494
-0.379645
-0.513159
-0.518681
-0.507451
-0.498631
-0.489852
-0.477698
-0.462887
-0.450901
-0.455376
-0.514459
-0.569109
-0.572141
-0.564175
-0.556474
-0.550518
-0.542777
-0.531173
-0.519379
-0.52641
-0.522642
-0.626312
-0.626751
-0.622438
-0.616975
-0.613283
-0.609183
-0.597818
-0.58511
-0.585447
-0.570018
-0.682813
-0.682994
-0.680751
-0.677379
-0.676667
-0.675797
-0.664889
-0.652914
-0.65712
-0.669088
-0.738638
-0.738655
-0.737742
-0.736105
-0.737828
-0.738336
-0.729528
-0.716045
-0.719052
-0.718652
-0.792925
-0.792929
-0.79265
-0.791015
-0.794097
-0.793926
-0.78868
-0.775226
-0.767856
-0.739268
349.316
347.916
345.226
341.232
336.089
330.155
324.183
318.907
314.975
313.151
300.822
299.224
296.425
292.117
286.418
279.583
272.605
266.545
261.858
260.108
252.654
251.116
248.022
243.142
236.472
227.279
217.264
210.056
204.098
202.312
205.066
203.486
200.17
194.385
185.685
173.385
161.224
149.573
141.244
142.381
158.006
156.538
153.117
146.583
135.546
115.756
98.4405
80.0792
69.4125
85.1087
110.539
109.717
107.144
98.7031
87.5041
62.0818
22.6612
10.5426
25.8948
45.1606
61.3284
62.7663
62.1935
55.3383
42.4199
14.0093
8.47311
3.01247
11.466
15.933
16.9823
23.7694
25.6611
24.9173
21.5177
6.59064
3.10244
2.21753
2.06348
3.14727
0.504828
1.63118
1.76497
2.21214
1.33001
1.06829
0.635303
1.41927
1.33197
1.36645
-0.16211
-0.180467
-0.20539
-0.244127
-0.309551
-0.507879
-0.344566
0.4283
0.612847
0.647208
-0.22392
-0.266046
-0.298471
-0.318936
-0.349548
-0.403407
-0.339087
-0.0489893
0.131187
0.100666
-0.312267
-0.331746
-0.350089
-0.360435
-0.37313
-0.371282
-0.299782
-0.179187
-0.11375
-0.122353
-0.388593
-0.402269
-0.404562
-0.400602
-0.386274
-0.360827
-0.315723
-0.268757
-0.284582
-0.24573
-0.453999
-0.461968
-0.455505
-0.44741
-0.42979
-0.402469
-0.375103
-0.37209
-0.401911
-0.451362
-0.512878
-0.516716
-0.506458
-0.497062
-0.484141
-0.469497
-0.456172
-0.457131
-0.470038
-0.488871
-0.568765
-0.571351
-0.562554
-0.554751
-0.546533
-0.540028
-0.531429
-0.522823
-0.512893
-0.442391
-0.625175
-0.626417
-0.62132
-0.616983
-0.611546
-0.609015
-0.601227
-0.586744
-0.572952
-0.454284
-0.681343
-0.681932
-0.679647
-0.677897
-0.674787
-0.674703
-0.667484
-0.654348
-0.650819
-0.589898
-0.737031
-0.73737
-0.736306
-0.735586
-0.735084
-0.735866
-0.729786
-0.718442
-0.72192
-0.734361
-0.791571
-0.791699
-0.791113
-0.79086
-0.791749
-0.792033
-0.788301
-0.780421
-0.784761
-0.829544
349.84
348.492
345.832
341.896
336.807
330.891
324.804
319.203
314.552
311.844
301.356
299.886
297.094
292.849
287.22
280.368
273.395
266.843
261.026
256.885
253.356
251.854
248.811
243.998
237.311
228.702
219.452
210.384
201.285
193.291
205.955
204.405
201.167
195.575
187.256
175.492
162.5
150.147
135.34
122.282
159.117
157.687
154.382
148.269
138.725
121.933
104.935
82.2775
62.5055
57.4399
111.981
111.159
108.722
102.034
90.7829
70.8568
39.0286
9.36332
7.03405
17.2361
63.2409
64.5522
63.9096
57.7916
48.4587
26.2916
5.34973
4.89993
3.80967
5.30555
18.3862
24.8703
26.4957
24.5556
20.4942
11.062
2.93464
2.96699
2.70402
3.25079
0.75451
1.9746
2.1519
2.27807
1.65902
-0.0899209
-0.147863
1.31186
1.33978
1.45696
-0.156751
-0.182728
-0.207729
-0.245308
-0.317955
-0.517898
-0.596493
0.145462
0.333314
0.175554
-0.225861
-0.266095
-0.303764
-0.341525
-0.390923
-0.444685
-0.43657
-0.243382
-0.0422109
-0.211241
-0.314182
-0.332133
-0.350883
-0.364431
-0.372877
-0.371962
-0.336105
-0.276434
-0.201693
-0.297741
-0.389307
-0.403824
-0.407095
-0.400833
-0.372065
-0.327012
-0.281405
-0.274457
-0.291804
-0.359999
-0.455301
-0.465732
-0.458386
-0.449711
-0.424946
-0.379472
-0.337299
-0.3354
-0.378731
-0.432049
-0.51442
-0.519614
-0.510054
-0.500036
-0.484616
-0.464272
-0.437426
-0.434326
-0.46136
-0.491818
-0.569174
-0.573085
-0.566955
-0.559311
-0.549131
-0.539964
-0.528811
-0.524295
-0.537411
-0.546718
-0.625168
-0.627822
-0.624985
-0.620242
-0.613756
-0.609307
-0.603882
-0.601121
-0.613107
-0.627207
-0.681669
-0.682891
-0.681438
-0.678765
-0.675523
-0.673293
-0.670506
-0.668413
-0.678442
-0.658838
-0.737436
-0.737872
-0.736975
-0.735642
-0.734101
-0.7329
-0.731127
-0.727175
-0.727836
-0.687388
-0.791924
-0.791961
-0.791291
-0.790596
-0.789801
-0.789101
-0.788317
-0.782868
-0.774843
-0.733237
351.157
349.9
347.379
343.66
338.867
333.318
327.411
321.824
316.947
314.611
302.767
301.376
298.759
294.826
289.609
283.494
276.62
270.039
263.747
260.157
254.988
253.561
250.705
246.338
240.248
232.679
223.863
213.931
204.121
197.8
207.91
206.448
203.44
198.351
190.998
181.309
169.031
153.02
137.523
122.312
161.492
160.143
157.082
151.543
143.122
130.538
113.468
92.3946
63.9206
37.0963
115.014
114.243
111.878
106.115
96.5938
81.5541
59.7971
29.3725
10.2316
5.43846
67.2604
68.2
67.5202
62.3633
53.9625
38.5467
15.9435
3.32976
4.01311
4.82477
21.7771
27.2376
28.7605
26.2473
20.8912
12.6291
5.39425
2.5188
2.71223
3.7563
1.51345
3.00025
3.30784
3.21941
2.54187
0.5921
0.0554475
0.620607
1.23368
1.81384
-0.149061
-0.174993
-0.195924
-0.211161
-0.252671
-0.362961
-0.407894
-0.148373
0.30123
0.359777
-0.232364
-0.268426
-0.306619
-0.3387
-0.356778
-0.320776
-0.304628
-0.248613
-0.041921
0.0114565
-0.31769
-0.333572
-0.34909
-0.364223
-0.362065
-0.314782
-0.276885
-0.28352
-0.24027
-0.228551
-0.389963
-0.404519
-0.408456
-0.402626
-0.376298
-0.332678
-0.306919
-0.316614
-0.31014
-0.323155
-0.456652
-0.467899
-0.459669
-0.452708
-0.43034
-0.397995
-0.378149
-0.379128
-0.384775
-0.39841
-0.515955
-0.522703
-0.511589
-0.504562
-0.493427
-0.477414
-0.462293
-0.458397
-0.472256
-0.489692
-0.570701
-0.575679
-0.572096
-0.565061
-0.556992
-0.54797
-0.539239
-0.539162
-0.567871
-0.59826
-0.626825
-0.630716
-0.631129
-0.625737
-0.619555
-0.613721
-0.610522
-0.615288
-0.649569
-0.744494
-0.684013
-0.685995
-0.686633
-0.6844
-0.679847
-0.676315
-0.675488
-0.680805
-0.711647
-0.788699
-0.739896
-0.740741
-0.740818
-0.739619
-0.737305
-0.735278
-0.734839
-0.737184
-0.756771
-0.790836
-0.794074
-0.794102
-0.793775
-0.793304
-0.792195
-0.791079
-0.790917
-0.790888
-0.802765
-0.8113
353.182
352.009
349.66
346.231
341.84
336.771
331.388
326.239
321.84
320.361
304.915
303.723
301.219
297.63
292.897
287.338
281.301
275.158
270.249
267.872
257.39
256.195
253.646
249.651
244.208
237.604
230.302
221.279
214.088
212.404
210.732
209.476
206.744
202.379
196.146
187.896
178.084
165.082
153.955
149.69
164.895
163.728
160.973
156.254
149.057
139.066
125.821
106.349
84.9649
66.1765
119.399
118.69
116.385
111.42
103.588
91.9111
75.2106
52.8797
31.7707
25.6086
73.2611
73.62
72.8208
68.3841
61.4548
49.7564
34.0292
17.3671
2.75688
5.07395
28.0137
31.7383
33.1021
30.3834
25.9873
17.9363
10.225
5.47501
2.18132
2.10712
3.34281
5.26482
5.88339
5.31219
4.3167
2.74648
0.8644
0.0828246
0.112203
0.555714
-0.169446
-0.205844
-0.218293
-0.243648
-0.264814
-0.282737
-0.298491
-0.306348
-0.179705
-0.0619899
-0.265847
-0.294058
-0.319384
-0.344682
-0.362507
-0.34453
-0.309969
-0.299298
-0.24039
-0.157807
-0.332817
-0.347162
-0.363274
-0.377936
-0.384467
-0.364112
-0.336085
-0.340852
-0.332654
-0.297421
-0.389328
-0.403433
-0.409406
-0.409493
-0.395855
-0.371335
-0.355069
-0.360772
-0.359849
-0.350771
-0.45547
-0.465782
-0.458025
-0.456225
-0.442636
-0.421416
-0.40723
-0.407675
-0.411959
-0.402844
-0.515578
-0.523874
-0.510658
-0.509558
-0.502563
-0.490818
-0.479075
-0.47694
-0.485989
-0.484202
-0.570589
-0.577584
-0.575767
-0.569889
-0.565159
-0.557717
-0.548908
-0.549727
-0.565628
-0.579522
-0.628629
-0.634668
-0.636231
-0.630414
-0.626717
-0.620687
-0.616388
-0.619217
-0.638571
-0.658121
-0.687928
-0.691609
-0.694209
-0.691552
-0.686916
-0.682354
-0.679449
-0.681088
-0.695981
-0.709877
-0.744821
-0.746311
-0.748345
-0.747156
-0.743909
-0.740353
-0.737756
-0.737327
-0.745005
-0.750786
-0.798325
-0.798411
-0.799146
-0.798756
-0.797029
-0.794634
-0.792854
-0.790991
-0.797213
-0.802951
355.586
354.51
352.396
349.293
345.375
340.906
336.236
331.831
328.25
327.06
307.456
306.386
304.249
300.938
296.737
291.933
286.876
281.749
278.026
276.412
260.214
259.134
256.852
253.356
248.664
243.137
237.129
230.713
226.2
224.455
214.043
212.93
210.517
206.582
201.38
194.868
187.494
179.052
172.857
171.653
168.872
167.848
165.434
161.423
155.44
147.738
138.627
128.153
117.692
112.827
124.627
123.875
121.61
117.23
110.97
102.303
91.4275
78.8832
65.5867
52.2675
80.4807
80.4594
79.2125
75.1684
69.3387
60.6392
49.7804
39.1959
30.9532
26.3506
37.0183
38.9369
39.4569
36.2157
32.2631
25.4552
17.6141
12.3065
9.59791
10.5563
7.56619
9.85757
10.7075
9.42147
8.00639
5.13399
2.43725
0.486917
-0.350142
-0.69058
-0.142863
-0.250821
-0.258222
-0.309442
-0.285874
-0.311378
-0.267048
-0.316409
-0.38334
-0.44088
-0.323924
-0.329266
-0.345797
-0.377918
-0.40032
-0.374052
-0.330501
-0.324509
-0.334225
-0.322517
-0.363449
-0.370865
-0.382589
-0.395138
-0.405987
-0.384696
-0.35397
-0.360253
-0.379071
-0.363628
-0.382739
-0.392907
-0.40343
-0.410736
-0.406774
-0.391048
-0.375127
-0.379852
-0.392663
-0.381883
-0.45579
-0.458885
-0.451811
-0.460017
-0.453855
-0.439303
-0.428352
-0.428295
-0.43355
-0.424044
-0.51821
-0.524444
-0.509292
-0.515984
-0.512697
-0.503576
-0.494066
-0.493251
-0.495711
-0.490073
-0.572071
-0.581657
-0.58013
-0.576924
-0.573037
-0.567221
-0.558939
-0.559095
-0.564488
-0.566027
-0.633144
-0.644498
-0.648526
-0.639467
-0.635676
-0.629776
-0.622888
-0.62356
-0.632306
-0.638875
-0.695756
-0.704463
-0.707932
-0.701922
-0.697137
-0.691112
-0.683956
-0.683976
-0.690611
-0.698071
-0.753432
-0.756238
-0.761419
-0.759542
-0.754452
-0.74887
-0.741898
-0.740272
-0.743903
-0.748111
-0.805648
-0.804788
-0.807743
-0.807353
-0.804624
-0.800238
-0.796214
-0.79428
-0.797277
-0.800052
358.09
357.107
355.195
352.437
349.003
345.118
341.136
337.465
334.66
333.367
310.127
309.111
307.153
304.279
300.615
296.512
292.29
288.135
285.143
283.798
263.193
262.202
260.147
257.139
253.084
248.472
243.636
238.757
235.497
233.947
217.557
216.517
214.292
210.763
206.435
201.223
195.601
189.675
185.912
184.502
173.15
172.185
169.942
166.617
161.466
155.348
148.773
141.628
137.052
134.484
130.164
129.37
126.922
122.758
117.577
110.843
103.164
95.2871
89.0309
84.0832
88.104
87.8389
85.7596
81.7679
76.3492
69.2161
61.1545
53.5066
48.0055
44.9282
47.233
46.9472
46.6192
43.7546
38.6133
32.0454
25.4792
20.2812
17.7185
16.5392
15.7549
18.3563
18.8803
16.5742
12.8813
7.83157
4.01126
2.15266
0.691281
0.0977637
0.954127
0.615566
0.991557
1.08059
0.359896
-0.321653
-0.28879
-0.253478
-0.304584
-0.318277
-0.393112
-0.368659
-0.368991
-0.393326
-0.437188
-0.405885
-0.348495
-0.33239
-0.337291
-0.346897
-0.382757
-0.380606
-0.39861
-0.427243
-0.443825
-0.395166
-0.357559
-0.3481
-0.363217
-0.370189
-0.351533
-0.369281
-0.393076
-0.410787
-0.41311
-0.400518
-0.386646
-0.384437
-0.397187
-0.395789
-0.473103
-0.458984
-0.448402
-0.464385
-0.464343
-0.452138
-0.444309
-0.442518
-0.445646
-0.442539
-0.532106
-0.533923
-0.511265
-0.520269
-0.521945
-0.514387
-0.506556
-0.505217
-0.506258
-0.503666
-0.583531
-0.59896
-0.587244
-0.582023
-0.581677
-0.577553
-0.568906
-0.567823
-0.569483
-0.568901
-0.644574
-0.667499
-0.668714
-0.65124
-0.645235
-0.640851
-0.630519
-0.628559
-0.6307
-0.631717
-0.70801
-0.7307
-0.735225
-0.717622
-0.709907
-0.701631
-0.68972
-0.686454
-0.687681
-0.689103
-0.766557
-0.774161
-0.785041
-0.775817
-0.767352
-0.755928
-0.746104
-0.742178
-0.742168
-0.742739
-0.815409
-0.810786
-0.825325
-0.821429
-0.813451
-0.805557
-0.799054
-0.795927
-0.795704
-0.795792
360.506
359.573
357.825
355.346
352.304
348.93
345.519
342.423
340.082
338.925
312.728
311.695
309.913
307.339
304.168
300.627
297.044
293.643
291.069
289.929
266.023
265.109
263.21
260.449
257.049
253.108
249.131
245.178
242.513
241.2
220.907
219.912
217.829
214.711
210.725
206.447
202.005
197.344
194.53
193.081
177.443
176.272
174.045
170.745
166.656
161.449
156.202
150.774
147.508
144.991
135.412
134.347
131.875
127.985
122.879
117.271
111.29
105.457
101.45
98.2642
95.2925
94.4716
91.856
87.6031
81.9548
75.3037
68.3122
61.6721
56.6055
53.9571
56.8978
55.6949
54.0676
50.2463
44.1228
36.5274
30.7279
26.0499
22.9779
21.6979
24.2382
26.2402
24.5713
20.7378
16.8369
9.94073
5.70444
3.28955
1.83652
1.35248
5.84012
5.77318
6.97111
5.231
1.28398
-0.315635
-0.286715
-0.239248
-0.240497
-0.251132
-0.220541
-0.399102
-0.336017
-0.304761
-0.374062
-0.358852
-0.331487
-0.313594
-0.312255
-0.318431
-0.313804
-0.314717
-0.375349
-0.386424
-0.41651
-0.377455
-0.352011
-0.334837
-0.340172
-0.351458
-0.357477
-0.351593
-0.39142
-0.398044
-0.415903
-0.404852
-0.396249
-0.391728
-0.397391
-0.39851
-0.486348
-0.478887
-0.460286
-0.460941
-0.467317
-0.457365
-0.452707
-0.451029
-0.45184
-0.45062
-0.567114
-0.563973
-0.528465
-0.522594
-0.527581
-0.52133
-0.515275
-0.514414
-0.51442
-0.51369
-0.627844
-0.650106
-0.609185
-0.587805
-0.591427
-0.58511
-0.577184
-0.575983
-0.575757
-0.576024
-0.674859
-0.726738
-0.690398
-0.659652
-0.660153
-0.649946
-0.63828
-0.634626
-0.634117
-0.63406
-0.719457
-0.777842
-0.752316
-0.732024
-0.730688
-0.712912
-0.696925
-0.690044
-0.688226
-0.688448
-0.776671
-0.802282
-0.799372
-0.795626
-0.795774
-0.770166
-0.752104
-0.744469
-0.741908
-0.741765
-0.829193
-0.820534
-0.832725
-0.835159
-0.840164
-0.818118
-0.8022
-0.797671
-0.79538
-0.794882
362.588
361.672
360.037
357.756
354.999
351.996
348.972
346.305
344.308
343.288
315.019
313.9
312.239
309.863
306.991
303.901
300.603
297.776
295.643
294.628
268.753
267.633
265.785
263.187
260.047
256.602
253.161
249.879
247.621
246.495
224.106
222.837
220.784
217.855
214.293
210.411
206.537
202.836
200.367
199.104
180.866
179.689
177.446
174.143
170.097
165.576
161.119
156.777
154.03
152.424
139.965
138.641
135.995
132.072
127.262
122.007
116.776
111.877
108.634
106.64
101.35
99.9842
96.8297
92.2184
86.4025
79.9395
73.4752
67.8575
63.9443
61.7394
65.1824
64.0945
60.355
54.6097
47.5226
40.5557
34.1669
29.6102
27.1366
26.0303
34.7809
34.8463
31.0691
24.9986
19.7621
11.9851
7.00912
4.03364
2.52954
1.93938
13.6497
13.4001
13.5847
7.7461
1.47035
-0.269522
-0.249981
-0.225826
-0.24108
-0.239453
3.15462
3.23792
0.737394
-0.295546
-0.318584
-0.313198
-0.300789
-0.284559
-0.28306
-0.285403
-0.431942
-0.379292
-0.395775
-0.381401
-0.397351
-0.370796
-0.349278
-0.334622
-0.331299
-0.335606
-0.431279
-0.455369
-0.427375
-0.404572
-0.418261
-0.41096
-0.400753
-0.395138
-0.395464
-0.395571
-0.639104
-0.619098
-0.490365
-0.469408
-0.473177
-0.462229
-0.45779
-0.456682
-0.452645
-0.450471
-0.649977
-0.627867
-0.54482
-0.532966
-0.53553
-0.526116
-0.521409
-0.522475
-0.519312
-0.518133
-0.652743
-0.67333
-0.613588
-0.598984
-0.601838
-0.589743
-0.583324
-0.582855
-0.581067
-0.580013
-0.668261
-0.716115
-0.68121
-0.66737
-0.669495
-0.653951
-0.643327
-0.639856
-0.637028
-0.635904
-0.687923
-0.759467
-0.742542
-0.736179
-0.737524
-0.71585
-0.700608
-0.69325
-0.689373
-0.6883
-0.743783
-0.794666
-0.794651
-0.804528
-0.798858
-0.772978
-0.754886
-0.746099
-0.742087
-0.741174
-0.820848
-0.831244
-0.837145
-0.862287
-0.846976
-0.820503
-0.805775
-0.798549
-0.795245
-0.794233
364.1
363.204
361.637
359.474
356.887
354.111
351.376
348.962
347.162
346.24
316.596
315.484
313.883
311.64
308.935
306.026
303.141
300.594
298.584
297.728
270.51
269.417
267.631
265.101
262.122
258.917
255.763
252.976
250.873
249.862
226.086
224.87
222.869
219.99
216.582
212.919
209.334
206.172
203.824
202.653
183.223
182.063
179.79
176.471
172.459
168.145
163.965
160.284
157.657
156.23
143.192
141.75
138.829
134.73
129.917
124.63
119.446
114.906
111.64
109.813
105.645
103.962
100.255
95.1577
88.9796
81.7381
74.9281
69.436
65.629
63.5454
71.6982
69.5944
64.4828
56.8027
48.7355
40.7107
33.2152
28.6042
26.3115
25.2066
43.0754
41.2093
34.832
26.6948
19.7204
11.4828
6.5475
3.96212
2.66245
2.12058
20.0541
15.6785
12.7839
6.7253
0.86516
-0.234102
-0.211943
-0.192099
-0.20501
-0.20807
6.75938
6.33325
3.81756
-0.377062
-0.377961
-0.303018
-0.279649
-0.259116
-0.253366
-0.253785
3.29326
-0.797471
-0.422998
-0.369831
-0.40002
-0.386635
-0.354875
-0.334448
-0.321758
-0.320208
3.08056
-0.243923
-0.471457
-0.41532
-0.41116
-0.426413
-0.419564
-0.406549
-0.396107
-0.392048
-0.755702
-0.839769
-0.59921
-0.50544
-0.471169
-0.468295
-0.475699
-0.474752
-0.461116
-0.455769
-0.66196
-0.661247
-0.584767
-0.567318
-0.543937
-0.528167
-0.532338
-0.541714
-0.530223
-0.524303
-0.582462
-0.613478
-0.619602
-0.624052
-0.610403
-0.595088
-0.588891
-0.59022
-0.589214
-0.585886
-0.614256
-0.645623
-0.674761
-0.681089
-0.669147
-0.654779
-0.644764
-0.640485
-0.638736
-0.637474
-0.658851
-0.698733
-0.731428
-0.741407
-0.726349
-0.712519
-0.700919
-0.694608
-0.689611
-0.688124
-0.731883
-0.771937
-0.790987
-0.799422
-0.785223
-0.767965
-0.754584
-0.746809
-0.742528
-0.74113
-0.820323
-0.842866
-0.842311
-0.847147
-0.837893
-0.818352
-0.805986
-0.798908
-0.795343
-0.794046
364.948
364.077
362.533
360.387
357.861
355.197
352.638
350.295
348.655
347.821
317.595
316.563
314.97
312.631
309.951
307.14
304.417
302.059
300.353
299.42
271.585
270.452
268.74
266.048
263.143
260.038
257.048
254.458
252.544
251.54
227.626
226.072
224.097
221.05
217.681
214.09
210.669
207.709
205.528
204.377
184.151
183.276
181.031
177.703
173.505
169.258
165.241
161.781
159.253
157.893
144.787
143.295
140.298
135.826
130.848
125.49
120.339
115.942
112.759
111.038
107.737
105.724
101.778
96.0883
89.3485
82.0323
74.978
69.1514
65.1048
62.9206
74.302
71.6635
65.8405
58.0155
48.9092
38.8178
29.9783
24.0725
20.7441
19.0053
46.6232
43.0903
35.3437
25.0213
16.9343
8.46477
4.2738
2.30857
1.2899
0.866957
25.3188
20.1325
14.7081
6.17855
0.809765
-0.176701
-0.18503
-0.15168
-0.164107
-0.174724
11.0802
6.72248
3.80343
-0.203593
-0.351004
-0.291771
-0.259998
-0.227403
-0.224952
-0.226402
9.00377
3.04591
-0.497113
-0.346092
-0.377708
-0.366967
-0.343961
-0.320546
-0.304382
-0.302623
12.5912
3.06409
-0.503893
-0.40938
-0.363704
-0.401486
-0.408703
-0.401412
-0.386204
-0.37963
-0.616809
-0.760141
-0.699113
-0.524134
-0.459126
-0.457026
-0.461604
-0.464901
-0.456598
-0.449443
-0.576867
-0.645804
-0.623786
-0.582267
-0.539642
-0.522598
-0.520768
-0.522315
-0.519901
-0.515739
-0.565565
-0.582471
-0.628626
-0.625924
-0.60211
-0.589066
-0.581766
-0.578775
-0.576249
-0.57465
-0.613952
-0.631647
-0.662076
-0.672386
-0.659278
-0.649974
-0.641528
-0.635026
-0.631425
-0.629595
-0.683813
-0.694075
-0.706406
-0.720602
-0.715874
-0.707084
-0.698543
-0.692312
-0.687339
-0.685056
-0.755248
-0.759393
-0.774285
-0.783783
-0.774028
-0.762317
-0.752841
-0.74615
-0.742026
-0.740234
-0.822366
-0.828372
-0.841197
-0.842675
-0.826731
-0.81376
-0.804859
-0.798828
-0.795336
-0.793848
-0.866188
-0.870724
-0.867099
-0.87124
-0.868623
-0.862546
-0.858128
-0.854825
-0.853179
-0.853139
-0.911482
-0.916681
-0.922256
-0.921029
-0.914032
-0.909976
-0.907226
-0.905207
-0.904357
-0.904674
-0.956033
-0.955092
-0.958799
-0.960016
-0.958919
-0.957436
-0.955767
-0.954622
-0.954306
-0.954776
-1.00179
-1.00103
-1.00173
-1.00363
-1.00551
-1.00506
-1.00399
-1.00346
-1.00349
-1.00401
-1.04949
-1.04989
-1.04936
-1.05149
-1.05302
-1.05255
-1.05212
-1.05217
-1.05247
-1.05297
-1.09834
-1.09897
-1.09888
-1.10004
-1.10057
-1.10065
-1.10093
-1.10132
-1.10176
-1.10222
-1.14869
-1.1489
-1.14876
-1.14912
-1.14958
-1.15017
-1.15076
-1.15127
-1.15173
-1.15215
-1.19995
-1.19988
-1.19966
-1.19987
-1.20041
-1.20104
-1.20161
-1.20211
-1.20254
-1.20291
-1.25186
-1.2518
-1.25167
-1.25181
-1.25227
-1.25279
-1.25327
-1.25371
-1.25411
-1.25452
-1.30422
-1.3042
-1.30417
-1.30433
-1.30467
-1.30508
-1.3055
-1.3059
-1.3063
-1.30673
-1.35685
-1.35685
-1.35688
-1.35704
-1.35732
-1.35768
-1.35808
-1.35849
-1.35892
-1.35939
-1.40963
-1.40965
-1.40971
-1.40986
-1.41011
-1.41043
-1.41083
-1.41126
-1.41175
-1.41229
-1.46252
-1.46254
-1.4626
-1.46273
-1.46294
-1.46322
-1.46358
-1.46403
-1.46456
-1.46516
-1.51549
-1.51551
-1.51555
-1.51563
-1.51577
-1.51597
-1.51626
-1.51664
-1.51713
-1.51773
-1.56855
-1.56856
-1.56857
-1.56859
-1.56863
-1.56872
-1.56886
-1.56909
-1.56945
-1.56996
-1.62174
-1.62173
-1.6217
-1.62167
-1.62161
-1.62155
-1.62151
-1.62152
-1.62165
-1.622
-1.67506
-1.67505
-1.67501
-1.67493
-1.67482
-1.67465
-1.67444
-1.67421
-1.67406
-1.6742
-1.72856
-1.72855
-1.72852
-1.72846
-1.72835
-1.72815
-1.72786
-1.72748
-1.72707
-1.727
-1.78221
-1.78223
-1.78224
-1.78226
-1.78223
-1.78214
-1.78192
-1.78152
-1.78092
-1.78068
-1.83599
-1.83604
-1.83613
-1.83625
-1.83639
-1.83652
-1.83657
-1.83642
-1.83589
-1.83524
-0.876788
-0.884665
-0.892002
-0.874912
-0.86322
-0.861141
-0.857773
-0.854515
-0.85317
-0.853383
-0.912797
-0.920101
-0.920527
-0.907821
-0.90845
-0.909401
-0.906872
-0.904975
-0.904352
-0.904902
-0.951743
-0.951829
-0.951835
-0.951615
-0.959137
-0.957818
-0.955528
-0.954343
-0.954222
-0.954904
-0.998153
-0.99441
-0.996331
-1.0027
-1.00702
-1.00528
-1.00354
-1.00301
-1.00324
-1.00392
-1.04623
-1.04532
-1.04472
-1.0501
-1.05289
-1.0521
-1.05151
-1.05157
-1.05201
-1.05264
-1.09654
-1.09746
-1.09612
-1.09858
-1.09964
-1.09984
-1.10019
-1.10063
-1.10115
-1.10169
-1.14796
-1.14819
-1.14744
-1.14792
-1.14859
-1.1494
-1.15004
-1.15057
-1.15107
-1.15155
-1.19948
-1.19944
-1.19892
-1.19906
-1.19976
-1.20041
-1.201
-1.20148
-1.20192
-1.2024
-1.2515
-1.25144
-1.25122
-1.25141
-1.25182
-1.25232
-1.2528
-1.25321
-1.2536
-1.25407
-1.30396
-1.30393
-1.30386
-1.30402
-1.30434
-1.30475
-1.30516
-1.30555
-1.30593
-1.30637
-1.35665
-1.35664
-1.35666
-1.35682
-1.3571
-1.35747
-1.35789
-1.35831
-1.35876
-1.35925
-1.40948
-1.40948
-1.40954
-1.4097
-1.40997
-1.41032
-1.41076
-1.41125
-1.41182
-1.41245
-1.46239
-1.4624
-1.46246
-1.4626
-1.46283
-1.46315
-1.46358
-1.46411
-1.46477
-1.46553
-1.51537
-1.51538
-1.51542
-1.51551
-1.51566
-1.51589
-1.51622
-1.51669
-1.51731
-1.51811
-1.56842
-1.56842
-1.56842
-1.56844
-1.56848
-1.56855
-1.5687
-1.56897
-1.56939
-1.57008
-1.6216
-1.62158
-1.62154
-1.62148
-1.62139
-1.62128
-1.62117
-1.62113
-1.62121
-1.62167
-1.67492
-1.67489
-1.67483
-1.67472
-1.67454
-1.67427
-1.67393
-1.67354
-1.6732
-1.67338
-1.72841
-1.7284
-1.72835
-1.72825
-1.72807
-1.72777
-1.7273
-1.72667
-1.72593
-1.7259
-1.78208
-1.78209
-1.7821
-1.7821
-1.78205
-1.7819
-1.78156
-1.78093
-1.77977
-1.77973
-1.83588
-1.83594
-1.83604
-1.83619
-1.83638
-1.83659
-1.83679
-1.83684
-1.836
-1.8349
-0.884328
-0.893052
-0.90084
-0.873087
-0.865669
-0.86223
-0.857622
-0.854356
-0.853217
-0.853873
-0.917293
-0.925333
-0.921107
-0.903559
-0.907904
-0.908282
-0.906575
-0.904925
-0.904665
-0.905701
-0.951745
-0.955974
-0.950676
-0.948761
-0.956828
-0.957122
-0.955509
-0.954301
-0.954476
-0.955581
-0.995148
-0.993656
-0.992172
-0.998412
-1.00554
-1.00557
-1.0037
-1.00273
-1.0031
-1.00408
-1.04154
-1.04074
-1.03904
-1.04711
-1.05215
-1.05218
-1.05102
-1.05077
-1.0513
-1.05208
-1.09268
-1.09312
-1.09037
-1.09437
-1.0979
-1.09852
-1.09886
-1.09938
-1.09996
-1.10051
-1.14563
-1.14584
-1.14429
-1.14516
-1.14615
-1.14727
-1.14848
-1.14917
-1.14966
-1.15
-1.19807
-1.19763
-1.19673
-1.19677
-1.19752
-1.1988
-1.1997
-1.20019
-1.20053
-1.20087
-1.25061
-1.25039
-1.24969
-1.24993
-1.25058
-1.2513
-1.25184
-1.25216
-1.2524
-1.2527
-1.30344
-1.30334
-1.30311
-1.30329
-1.30367
-1.30413
-1.30453
-1.30483
-1.30508
-1.30541
-1.35632
-1.35628
-1.35625
-1.35641
-1.35674
-1.35715
-1.35758
-1.35798
-1.3584
-1.35883
-1.40924
-1.40924
-1.40929
-1.40947
-1.40978
-1.4102
-1.41072
-1.41131
-1.41204
-1.41281
-1.46218
-1.4622
-1.46227
-1.46243
-1.46272
-1.46312
-1.46369
-1.46441
-1.46538
-1.46655
-1.51516
-1.51517
-1.51521
-1.51532
-1.51551
-1.5158
-1.51627
-1.51693
-1.5179
-1.51923
-1.56819
-1.56819
-1.56818
-1.56818
-1.56821
-1.56828
-1.56846
-1.56884
-1.56945
-1.57062
-1.62133
-1.6213
-1.62123
-1.62112
-1.62096
-1.62074
-1.62052
-1.62039
-1.62036
-1.62111
-1.67463
-1.67459
-1.67448
-1.67429
-1.67397
-1.67349
-1.67286
-1.67213
-1.67128
-1.67154
-1.72812
-1.72808
-1.72799
-1.72782
-1.7275
-1.72695
-1.72612
-1.72493
-1.7234
-1.72319
-1.7818
-1.78181
-1.7818
-1.78177
-1.78166
-1.78138
-1.78078
-1.77945
-1.77722
-1.77749
-1.83565
-1.83571
-1.83584
-1.83605
-1.83636
-1.83682
-1.83745
-1.8379
-1.83659
-1.83504
-0.88352
-0.892077
-0.905261
-0.888725
-0.871655
-0.863458
-0.857312
-0.854047
-0.85358
-0.855282
-0.920182
-0.926041
-0.919713
-0.911417
-0.909419
-0.908356
-0.906332
-0.905018
-0.905698
-0.907856
-0.956278
-0.959758
-0.947867
-0.949816
-0.955246
-0.956495
-0.955175
-0.954367
-0.955449
-0.957553
-0.997698
-0.999044
-0.992753
-0.998439
-1.00433
-1.00518
-1.00336
-1.00253
-1.00341
-1.00513
-1.04225
-1.0428
-1.04124
-1.04752
-1.05209
-1.05205
-1.05053
-1.05005
-1.05068
-1.05177
-1.09308
-1.09277
-1.09023
-1.09283
-1.09732
-1.09809
-1.09809
-1.09816
-1.09853
-1.09907
-1.14562
-1.14472
-1.14313
-1.14342
-1.14514
-1.14662
-1.14746
-1.14769
-1.14785
-1.14818
-1.19763
-1.19692
-1.19578
-1.19574
-1.19686
-1.19801
-1.19862
-1.19871
-1.19872
-1.19867
-1.25021
-1.24994
-1.24918
-1.24938
-1.24999
-1.25057
-1.25089
-1.25091
-1.25085
-1.25069
-1.30311
-1.30297
-1.30272
-1.30286
-1.30321
-1.30359
-1.30387
-1.30397
-1.30397
-1.3037
-1.35605
-1.35599
-1.35595
-1.35612
-1.35646
-1.35688
-1.35731
-1.35769
-1.35813
-1.35834
-1.40899
-1.409
-1.40906
-1.40928
-1.40966
-1.41019
-1.41087
-1.41164
-1.41278
-1.41387
-1.46194
-1.46196
-1.46205
-1.46227
-1.46265
-1.46323
-1.46406
-1.46513
-1.46674
-1.46864
-1.51488
-1.5149
-1.51496
-1.5151
-1.51537
-1.51581
-1.51652
-1.51757
-1.51915
-1.52146
-1.56787
-1.56786
-1.56784
-1.56784
-1.56787
-1.56796
-1.56822
-1.56877
-1.56967
-1.57165
-1.62096
-1.62091
-1.62079
-1.62061
-1.62033
-1.61993
-1.61948
-1.61916
-1.61886
-1.62004
-1.6742
-1.67413
-1.67395
-1.67363
-1.67308
-1.67219
-1.67095
-1.66945
-1.66768
-1.66804
-1.72767
-1.72761
-1.72744
-1.72712
-1.72652
-1.72546
-1.72365
-1.721
-1.71798
-1.71829
-1.78137
-1.78137
-1.78132
-1.78122
-1.78095
-1.78037
-1.7791
-1.7769
-1.77359
-1.77289
-1.83528
-1.83536
-1.83551
-1.83583
-1.83636
-1.83741
-1.83944
-1.84246
-1.84463
-1.83853
-0.879527
-0.88437
-0.887324
-0.882753
-0.865423
-0.860101
-0.855561
-0.853385
-0.854588
-0.858743
-0.920667
-0.923176
-0.915523
-0.912599
-0.906127
-0.907028
-0.905582
-0.905284
-0.907849
-0.911793
-0.958848
-0.962198
-0.952185
-0.952228
-0.953978
-0.955695
-0.954702
-0.954757
-0.957404
-0.960609
-1.00045
-1.00272
-0.997376
-1.00048
-1.00497
-1.00438
-1.00277
-1.00239
-1.00422
-1.00611
-1.04594
-1.04672
-1.0448
-1.04831
-1.05261
-1.05126
-1.04974
-1.04915
-1.04986
-1.05013
-1.09546
-1.09432
-1.09268
-1.09443
-1.09746
-1.09754
-1.09716
-1.09654
-1.09638
-1.09537
-1.14603
-1.14478
-1.14367
-1.1437
-1.14525
-1.1462
-1.14633
-1.14567
-1.14516
-1.14358
-1.1976
-1.19691
-1.19589
-1.19594
-1.1968
-1.19739
-1.19734
-1.19668
-1.19633
-1.19554
-1.25012
-1.24981
-1.24921
-1.2493
-1.24964
-1.24984
-1.24966
-1.24916
-1.24892
-1.24818
-1.30294
-1.30279
-1.30256
-1.30264
-1.30286
-1.30303
-1.30299
-1.30277
-1.30286
-1.30213
-1.35585
-1.35579
-1.35577
-1.35594
-1.35626
-1.35665
-1.35705
-1.35743
-1.35871
-1.35978
-1.40877
-1.40878
-1.40887
-1.40915
-1.40963
-1.41032
-1.41132
-1.41247
-1.41513
-1.41844
-1.46167
-1.46171
-1.46184
-1.46215
-1.4627
-1.46356
-1.46497
-1.46681
-1.47031
-1.47487
-1.51456
-1.51459
-1.51468
-1.51489
-1.51532
-1.51603
-1.51729
-1.51936
-1.52272
-1.52784
-1.56747
-1.56746
-1.56743
-1.56743
-1.5675
-1.56768
-1.56824
-1.56958
-1.57138
-1.57528
-1.62047
-1.6204
-1.62023
-1.61994
-1.6195
-1.61883
-1.61823
-1.61813
-1.61781
-1.61914
-1.67364
-1.67354
-1.67325
-1.67271
-1.67176
-1.67013
-1.66826
-1.66607
-1.66332
-1.66156
-1.72706
-1.72697
-1.72667
-1.7261
-1.72496
-1.723
-1.71966
-1.71386
-1.70964
-1.70535
-1.78078
-1.78075
-1.78061
-1.78036
-1.77976
-1.77872
-1.77657
-1.76942
-1.76398
-1.75777
-1.83474
-1.83483
-1.835
-1.83545
-1.83641
-1.83887
-1.84431
-1.85085
-1.84558
-1.83859
-0.868954
-0.87225
-0.871421
-0.86852
-0.857508
-0.857275
-0.852816
-0.853137
-0.858899
-0.869305
-0.914009
-0.91558
-0.910859
-0.908287
-0.904593
-0.906001
-0.904878
-0.906448
-0.914083
-0.924861
-0.957393
-0.959212
-0.954401
-0.953204
-0.954654
-0.954642
-0.95449
-0.955922
-0.962813
-0.971935
-1.00183
-1.00343
-1.00158
-1.00214
-1.00415
-1.00276
-1.00226
-1.00271
-1.00725
-1.01392
-1.04825
-1.04831
-1.04815
-1.04946
-1.05077
-1.04959
-1.04897
-1.04833
-1.0502
-1.05338
-1.09651
-1.09537
-1.09491
-1.09559
-1.09677
-1.09668
-1.09617
-1.0947
-1.09512
-1.09603
-1.14644
-1.14551
-1.14446
-1.14467
-1.14552
-1.14569
-1.14505
-1.14333
-1.14371
-1.14454
-1.19793
-1.19741
-1.19654
-1.19656
-1.19682
-1.19665
-1.19586
-1.19434
-1.19525
-1.1968
-1.25024
-1.24995
-1.24946
-1.24938
-1.24934
-1.24901
-1.24825
-1.2472
-1.24818
-1.24872
-1.3029
-1.30275
-1.30254
-1.30254
-1.30256
-1.30243
-1.30205
-1.30151
-1.30262
-1.30258
-1.35571
-1.35566
-1.35566
-1.35585
-1.35617
-1.35655
-1.35696
-1.35736
-1.35984
-1.36287
-1.40856
-1.40859
-1.40873
-1.4091
-1.40978
-1.41081
-1.41228
-1.41386
-1.41849
-1.42516
-1.46139
-1.46144
-1.46163
-1.46207
-1.46296
-1.46441
-1.46652
-1.46975
-1.47681
-1.48526
-1.51419
-1.51423
-1.51436
-1.51469
-1.51544
-1.51678
-1.51894
-1.52259
-1.52993
-1.54013
-1.567
-1.56698
-1.56696
-1.56699
-1.56724
-1.56778
-1.56897
-1.57131
-1.57555
-1.58193
-1.61988
-1.61979
-1.61956
-1.61918
-1.61872
-1.61801
-1.61744
-1.61753
-1.61761
-1.61766
-1.67295
-1.6728
-1.67239
-1.67167
-1.67052
-1.66861
-1.66539
-1.66323
-1.65938
-1.65166
-1.7263
-1.72614
-1.72572
-1.72492
-1.7235
-1.72009
-1.71331
-1.70803
-1.69822
-1.68236
-1.78
-1.77993
-1.77971
-1.77935
-1.7786
-1.77716
-1.77566
-1.76415
-1.7565
-1.73523
-1.83401
-1.83409
-1.83427
-1.83492
-1.8369
-1.84039
-1.85199
-1.85248
-1.81139
-1.79743
-0.859239
-0.860586
-0.860139
-0.858089
-0.854467
-0.854217
-0.851147
-0.852482
-0.866082
-0.883072
-0.906857
-0.907996
-0.906623
-0.904931
-0.903986
-0.904383
-0.90459
-0.907749
-0.924239
-0.944308
-0.953671
-0.954776
-0.953893
-0.952959
-0.953096
-0.953179
-0.954269
-0.957663
-0.973336
-0.993582
-1.00054
-1.00101
-1.00105
-1.00106
-1.00129
-1.00099
-1.00186
-1.00394
-1.01594
-1.03544
-1.04798
-1.04753
-1.04761
-1.048
-1.04829
-1.04796
-1.04829
-1.04836
-1.0554
-1.07072
-1.09666
-1.0959
-1.09538
-1.09563
-1.09595
-1.09561
-1.09499
-1.09314
-1.09661
-1.10778
-1.1469
-1.14629
-1.14546
-1.14543
-1.14537
-1.14473
-1.14327
-1.1404
-1.14254
-1.14962
-1.19829
-1.19787
-1.19718
-1.19691
-1.19643
-1.19547
-1.19367
-1.19067
-1.19276
-1.19565
-1.25038
-1.25011
-1.24966
-1.24937
-1.2488
-1.24784
-1.24616
-1.24341
-1.24527
-1.2473
-1.30289
-1.30276
-1.30255
-1.30246
-1.30217
-1.30158
-1.30047
-1.29856
-1.29957
-1.30296
-1.35561
-1.35559
-1.35563
-1.35587
-1.3561
-1.35628
-1.35638
-1.3565
-1.358
-1.38213
-1.40837
-1.40844
-1.40865
-1.40913
-1.40996
-1.4112
-1.413
-1.41607
-1.42013
-1.45464
-1.4611
-1.4612
-1.46147
-1.46202
-1.4632
-1.46519
-1.46848
-1.47438
-1.4869
-1.51041
-1.51379
-1.51385
-1.51406
-1.51447
-1.5155
-1.51737
-1.52079
-1.52828
-1.54064
-1.55757
-1.56647
-1.56645
-1.56646
-1.56647
-1.56677
-1.56721
-1.56889
-1.57486
-1.58094
-1.58749
-1.61922
-1.61909
-1.61878
-1.61812
-1.61714
-1.61486
-1.61481
-1.61934
-1.61744
-1.61303
-1.67215
-1.67189
-1.67128
-1.66989
-1.66737
-1.66141
-1.66217
-1.66672
-1.65621
-1.64037
-1.72538
-1.72507
-1.72431
-1.72251
-1.71868
-1.70982
-1.70964
-1.71808
-1.69843
-1.66955
-1.77902
-1.77881
-1.77818
-1.7768
-1.77524
-1.76739
-1.76547
-1.77194
-1.74887
-1.72041
-1.83304
-1.83301
-1.83294
-1.8332
-1.83611
-1.8435
-1.84591
-1.82594
-1.81389
-1.78083
-0.852678
-0.853085
-0.853015
-0.852654
-0.851457
-0.853209
-0.844586
-0.853032
-0.874105
-0.916236
-0.902183
-0.902388
-0.902204
-0.901945
-0.901773
-0.903685
-0.903206
-0.911406
-0.933774
-0.982463
-0.950633
-0.950707
-0.950665
-0.95058
-0.950884
-0.951923
-0.955081
-0.96258
-0.982971
-1.02672
-0.998827
-0.998614
-0.9986
-0.998628
-0.998844
-0.998838
-1.00193
-1.00845
-1.02405
-1.05317
-1.04732
-1.04679
-1.04654
-1.04653
-1.04662
-1.04627
-1.04788
-1.05002
-1.05783
-1.07238
-1.09675
-1.0962
-1.09559
-1.09536
-1.09502
-1.09432
-1.09342
-1.09081
-1.09093
-1.09832
-1.14719
-1.14669
-1.14594
-1.14542
-1.14444
-1.14326
-1.14039
-1.1351
-1.13158
-1.13605
-1.19848
-1.19807
-1.19734
-1.19663
-1.1953
-1.19362
-1.1901
-1.1842
-1.18057
-1.19128
-1.25042
-1.25012
-1.24957
-1.24893
-1.24777
-1.2461
-1.24264
-1.23726
-1.23619
-1.24713
-1.30279
-1.30262
-1.30239
-1.30208
-1.30151
-1.30039
-1.29746
-1.293
-1.29461
-1.30465
-1.35537
-1.35534
-1.35542
-1.35562
-1.3561
-1.35638
-1.35466
-1.35182
-1.3534
-1.36468
-1.40797
-1.40804
-1.40832
-1.40904
-1.41075
-1.4132
-1.41375
-1.41316
-1.41548
-1.43765
-1.46055
-1.46066
-1.461
-1.46195
-1.46446
-1.46883
-1.47272
-1.47886
-1.4938
-1.53166
-1.51315
-1.5132
-1.51342
-1.51423
-1.51651
-1.52106
-1.52693
-1.53814
-1.55681
-1.58702
-1.56578
-1.56574
-1.56579
-1.56603
-1.56716
-1.56958
-1.57424
-1.5833
-1.59122
-1.6001
-1.61848
-1.61832
-1.61802
-1.61749
-1.61711
-1.61624
-1.61702
-1.62311
-1.616
-1.59552
-1.67133
-1.67104
-1.67037
-1.66909
-1.66739
-1.66287
-1.66011
-1.66557
-1.64809
-1.59847
-1.72447
-1.72411
-1.72323
-1.72153
-1.7194
-1.71218
-1.70964
-1.72002
-1.69721
-1.6414
-1.778
-1.77769
-1.77694
-1.77557
-1.77435
-1.76981
-1.76784
-1.789
-1.76847
-1.74073
-1.83195
-1.83177
-1.83142
-1.8311
-1.83249
-1.83621
-1.84252
-1.85891
-1.84914
-1.86425
-0.848296
-0.848436
-0.848638
-0.848213
-0.854906
-0.837265
-0.840369
-0.83806
-0.850679
-0.873147
-0.898953
-0.898947
-0.899039
-0.899237
-0.902961
-0.890703
-0.904488
-0.899937
-0.913773
-0.93812
-0.948565
-0.948413
-0.948375
-0.94888
-0.950638
-0.948947
-0.955137
-0.965968
-0.983765
-1.01978
-0.997718
-0.997385
-0.997201
-0.997359
-0.997802
-0.996558
-1.00351
-1.01667
-1.03462
-1.0636
-1.04698
-1.04651
-1.0461
-1.04592
-1.04574
-1.0403
-1.04738
-1.05436
-1.0615
-1.06726
-1.09678
-1.0963
-1.09565
-1.0952
-1.09436
-1.08673
-1.0898
-1.08774
-1.0814
-1.0643
-1.1473
-1.14683
-1.146
-1.14527
-1.14362
-1.13813
-1.13415
-1.12469
-1.10773
-1.07665
-1.19855
-1.19812
-1.19728
-1.19631
-1.1942
-1.1905
-1.17958
-1.16846
-1.14822
-1.11431
-1.25044
-1.25013
-1.24952
-1.24874
-1.24713
-1.24308
-1.23148
-1.2183
-1.20329
-1.19047
-1.30281
-1.3027
-1.30258
-1.30261
-1.30219
-1.30017
-1.2872
-1.27147
-1.25813
-1.25315
-1.35541
-1.35553
-1.35587
-1.3572
-1.35838
-1.35836
-1.34774
-1.33084
-1.30623
-1.29789
-1.408
-1.40822
-1.40868
-1.41058
-1.41386
-1.41632
-1.41261
-1.40546
-1.38421
-1.40031
-1.46051
-1.46067
-1.46102
-1.4623
-1.46648
-1.47142
-1.47676
-1.4866
-1.49016
-1.55288
-1.51297
-1.51306
-1.51334
-1.51393
-1.51691
-1.52202
-1.53098
-1.55483
-1.55264
-1.56982
-1.56542
-1.56542
-1.56554
-1.56576
-1.56712
-1.57037
-1.57735
-1.59161
-1.57436
-1.57671
-1.61793
-1.6178
-1.61758
-1.61729
-1.61725
-1.61767
-1.61912
-1.62458
-1.59063
-1.60212
-1.6706
-1.67032
-1.66971
-1.66868
-1.66725
-1.66474
-1.66184
-1.66011
-1.64984
-1.60367
-1.72358
-1.72318
-1.7223
-1.72075
-1.71846
-1.7145
-1.71068
-1.70402
-1.6985
-1.62848
-1.77697
-1.77655
-1.77565
-1.77412
-1.77214
-1.76991
-1.77027
-1.76503
-1.77085
-1.76476
-1.83081
-1.83045
-1.82976
-1.82879
-1.82818
-1.82952
-1.83544
-1.837
-1.86215
-1.95209
-0.845641
-0.845613
-0.845388
-0.845092
-0.845364
-0.844768
-0.84437
-0.833981
-0.805242
-0.752483
-0.896975
-0.896873
-0.896637
-0.896409
-0.895326
-0.894542
-0.900348
-0.89731
-0.866525
-0.851064
-0.947288
-0.94707
-0.94684
-0.946431
-0.946366
-0.944772
-0.957821
-0.969827
-0.970561
-1.02006
-0.997026
-0.996653
-0.996354
-0.995841
-0.995651
-0.994309
-1.01102
-1.03147
-1.04601
-1.01793
-1.04669
-1.04624
-1.04563
-1.04519
-1.04267
-1.04032
-1.05742
-1.06808
-1.07625
-1.04323
-1.09669
-1.09619
-1.09526
-1.09461
-1.09077
-1.08517
-1.09803
-1.09515
-1.08523
-1.0843
-1.14723
-1.14668
-1.14536
-1.14397
-1.13818
-1.13304
-1.13843
-1.12459
-1.10131
-1.05093
-1.19841
-1.19786
-1.19652
-1.19409
-1.18687
-1.18592
-1.18167
-1.16277
-1.14213
-1.05068
-1.25022
-1.24979
-1.24898
-1.24662
-1.24003
-1.24118
-1.23007
-1.2079
-1.18497
-1.09611
-1.30246
-1.30227
-1.30243
-1.3013
-1.30019
-1.29771
-1.28601
-1.2653
-1.23715
-1.2565
-1.35478
-1.35489
-1.35558
-1.35633
-1.35759
-1.35616
-1.35013
-1.33307
-1.28494
-1.37221
-1.40695
-1.40707
-1.4075
-1.40944
-1.41427
-1.41552
-1.41827
-1.40697
-1.35858
-1.33311
-1.45916
-1.45914
-1.45898
-1.46026
-1.4678
-1.47524
-1.48394
-1.48947
-1.49731
-1.56333
-1.51161
-1.51147
-1.51119
-1.51126
-1.51777
-1.53039
-1.54784
-1.57883
-1.59109
-1.67733
-1.56426
-1.56406
-1.56382
-1.56392
-1.56632
-1.57784
-1.60054
-1.62887
-1.65324
-1.66286
-1.61694
-1.61671
-1.61642
-1.61603
-1.61621
-1.62142
-1.63564
-1.64765
-1.66282
-1.63295
-1.66968
-1.66933
-1.66872
-1.6676
-1.6667
-1.66539
-1.66771
-1.66403
-1.6507
-1.60318
-1.72262
-1.72216
-1.7212
-1.71954
-1.7173
-1.71304
-1.70895
-1.69908
-1.67865
-1.59477
-1.77592
-1.7754
-1.77429
-1.77241
-1.76959
-1.76515
-1.76027
-1.75087
-1.74262
-1.65039
-1.82969
-1.82917
-1.82813
-1.82645
-1.82402
-1.82087
-1.81973
-1.81802
-1.83504
-1.82816
-0.844539
-0.844493
-0.844102
-0.844208
-0.845374
-0.84636
-0.845697
-0.844094
-0.845659
-0.895502
-0.896193
-0.896067
-0.895764
-0.896056
-0.897499
-0.900928
-0.905476
-0.912656
-0.918421
-0.949373
-0.946821
-0.946629
-0.946438
-0.946745
-0.948327
-0.953863
-0.964142
-0.980599
-1.00067
-1.06317
-0.996798
-0.99643
-0.996336
-0.996556
-0.997912
-1.00349
-1.01579
-1.03241
-1.05662
-1.13835
-1.04664
-1.04622
-1.04594
-1.046
-1.04652
-1.05141
-1.05898
-1.06446
-1.0731
-1.09276
-1.0967
-1.09622
-1.09567
-1.09533
-1.09484
-1.09533
-1.09672
-1.08961
-1.07642
-1.0583
-1.14723
-1.14671
-1.14586
-1.14482
-1.14289
-1.14198
-1.13342
-1.11693
-1.08567
-1.02328
-1.19837
-1.19785
-1.1969
-1.19536
-1.19258
-1.18926
-1.17595
-1.15664
-1.1173
-1.00155
-1.25014
-1.24973
-1.24901
-1.24762
-1.24483
-1.24099
-1.22786
-1.20478
-1.16582
-1.03535
-1.30237
-1.30217
-1.30202
-1.30152
-1.29964
-1.29611
-1.28641
-1.2664
-1.21735
-1.22658
-1.35479
-1.3548
-1.35527
-1.35608
-1.35682
-1.355
-1.3527
-1.34772
-1.28479
-0.969834
-1.40715
-1.40729
-1.40799
-1.40957
-1.41323
-1.41509
-1.41879
-1.42971
-1.42288
-0.630993
-1.45947
-1.45961
-1.46016
-1.46153
-1.46698
-1.4734
-1.48418
-1.51479
-1.5881
-1.52029
-1.51183
-1.51191
-1.51224
-1.51321
-1.51756
-1.52714
-1.54196
-1.57625
-1.65809
-1.72881
-1.56422
-1.56425
-1.56434
-1.56498
-1.56707
-1.57453
-1.58541
-1.60918
-1.65377
-1.67679
-1.61664
-1.61651
-1.61631
-1.61619
-1.61662
-1.61891
-1.62237
-1.62949
-1.64017
-1.63974
-1.66917
-1.66885
-1.66823
-1.66724
-1.66597
-1.66374
-1.66023
-1.6542
-1.64468
-1.62145
-1.72195
-1.72145
-1.72044
-1.71873
-1.716
-1.71117
-1.70355
-1.69128
-1.67095
-1.62146
-1.77513
-1.77451
-1.77328
-1.7712
-1.76777
-1.76209
-1.75355
-1.73958
-1.71936
-1.63131
-1.82876
-1.82814
-1.8269
-1.82486
-1.82159
-1.81667
-1.80993
-1.79925
-1.80009
-1.71418
-0.844853
-0.844762
-0.844136
-0.843748
-0.843428
-0.843358
-0.844236
-0.843137
-0.839997
-0.842389
-0.896512
-0.896346
-0.895822
-0.895649
-0.895824
-0.896768
-0.900709
-0.906447
-0.917704
-0.963769
-0.947136
-0.946889
-0.946461
-0.946418
-0.94691
-0.948496
-0.954262
-0.965317
-0.986423
-1.04152
-0.997069
-0.996673
-0.996335
-0.996219
-0.996511
-0.997872
-1.00294
-1.01356
-1.03264
-1.06897
-1.04679
-1.0463
-1.04584
-1.04547
-1.04516
-1.04572
-1.048
-1.0529
-1.06139
-1.07798
-1.09672
-1.09616
-1.09549
-1.09472
-1.09355
-1.09257
-1.09122
-1.08897
-1.08591
-1.08701
-1.14713
-1.14655
-1.14568
-1.14446
-1.1424
-1.13994
-1.13556
-1.12664
-1.11314
-1.09959
-1.19816
-1.19762
-1.19668
-1.19519
-1.19268
-1.18904
-1.1826
-1.16984
-1.15069
-1.11178
-1.24981
-1.24937
-1.2486
-1.24726
-1.24499
-1.24117
-1.23433
-1.22216
-1.20389
-1.14377
-1.30192
-1.30167
-1.30128
-1.30061
-1.29943
-1.29669
-1.29188
-1.28396
-1.27009
-1.2834
-1.35428
-1.35422
-1.35431
-1.35462
-1.35534
-1.35479
-1.35324
-1.35355
-1.33268
-1.40402
-1.40669
-1.40676
-1.40714
-1.40823
-1.41101
-1.41347
-1.41432
-1.41916
-1.40989
-1.44395
-1.45906
-1.45917
-1.4596
-1.46085
-1.4646
-1.46977
-1.47464
-1.48475
-1.49495
-1.52197
-1.51141
-1.51148
-1.5118
-1.51279
-1.51585
-1.52201
-1.53003
-1.5449
-1.57048
-1.63578
-1.56375
-1.56373
-1.56383
-1.56429
-1.56589
-1.56999
-1.57617
-1.58726
-1.60587
-1.64043
-1.61611
-1.61594
-1.61569
-1.61541
-1.61549
-1.6161
-1.61747
-1.62009
-1.62492
-1.63688
-1.66858
-1.66824
-1.66756
-1.66646
-1.66497
-1.66243
-1.65862
-1.65351
-1.64714
-1.64167
-1.72131
-1.72081
-1.71974
-1.71796
-1.71516
-1.71045
-1.70317
-1.69306
-1.67908
-1.65851
-1.77441
-1.7738
-1.77251
-1.77033
-1.76682
-1.7611
-1.75238
-1.74006
-1.72307
-1.68789
-1.82798
-1.82735
-1.82603
-1.82382
-1.8203
-1.81476
-1.80654
-1.79382
-1.7812
-1.72032
-0.846693
-0.846529
-0.845707
-0.845466
-0.84513
-0.844988
-0.846037
-0.847471
-0.859986
-0.867188
-0.898034
-0.897844
-0.896974
-0.896773
-0.896905
-0.897716
-0.90037
-0.904212
-0.918531
-0.921535
-0.948329
-0.948111
-0.947479
-0.94731
-0.947677
-0.948946
-0.952503
-0.957591
-0.97178
-0.97201
-0.997945
-0.99761
-0.997184
-0.997007
-0.997303
-0.998332
-1.00147
-1.00587
-1.01813
-1.02423
-1.04729
-1.04675
-1.0463
-1.04601
-1.04601
-1.04634
-1.04784
-1.0496
-1.05805
-1.06581
-1.09689
-1.09626
-1.09567
-1.09515
-1.09464
-1.09387
-1.0932
-1.09159
-1.09525
-1.10214
-1.14707
-1.14647
-1.14577
-1.14498
-1.14389
-1.14212
-1.13953
-1.13486
-1.13323
-1.13688
-1.19799
-1.19748
-1.19677
-1.19583
-1.1944
-1.19204
-1.1882
-1.18148
-1.17564
-1.17224
-1.24957
-1.24918
-1.2486
-1.24775
-1.24639
-1.24402
-1.23998
-1.2334
-1.22741
-1.22371
-1.30162
-1.30137
-1.30104
-1.30053
-1.29973
-1.29808
-1.29526
-1.29067
-1.28617
-1.29871
-1.35394
-1.35383
-1.35379
-1.35376
-1.35385
-1.35346
-1.3527
-1.35139
-1.34654
-1.36385
-1.40634
-1.40634
-1.40651
-1.40692
-1.4078
-1.40877
-1.4103
-1.41228
-1.40687
-1.41946
-1.45873
-1.45878
-1.45904
-1.45968
-1.46111
-1.46341
-1.46693
-1.4723
-1.47386
-1.47988
-1.51107
-1.51111
-1.51131
-1.51187
-1.51315
-1.51598
-1.52051
-1.52802
-1.53723
-1.55649
-1.56339
-1.56334
-1.56335
-1.56354
-1.56411
-1.56592
-1.56918
-1.57496
-1.58466
-1.60371
-1.61572
-1.61554
-1.61524
-1.61484
-1.61446
-1.61421
-1.61452
-1.61583
-1.6199
-1.62871
-1.66816
-1.66783
-1.66716
-1.6661
-1.66457
-1.66224
-1.65915
-1.65527
-1.65149
-1.6503
-1.72084
-1.72036
-1.71937
-1.71771
-1.71514
-1.71113
-1.70531
-1.69731
-1.68714
-1.67767
-1.77388
-1.77331
-1.7721
-1.77006
-1.76683
-1.76182
-1.7544
-1.74397
-1.72907
-1.7112
-1.82737
-1.82677
-1.82551
-1.82339
-1.82004
-1.81487
-1.80713
-1.7959
-1.77917
-1.7491
-0.850228
-0.84983
-0.849003
-0.848628
-0.847877
-0.846783
-0.846578
-0.846103
-0.854567
-0.864775
-0.900702
-0.900835
-0.899157
-0.898582
-0.898279
-0.898354
-0.899367
-0.900791
-0.911372
-0.919665
-0.950306
-0.950873
-0.94964
-0.949012
-0.948729
-0.948978
-0.950626
-0.952867
-0.964811
-0.971722
-0.999497
-0.999797
-0.999195
-0.998688
-0.998373
-0.99853
-0.999981
-1.00213
-1.01246
-1.0175
-1.04823
-1.04786
-1.04746
-1.04714
-1.04695
-1.04692
-1.04762
-1.04841
-1.05647
-1.05799
-1.09712
-1.09643
-1.09589
-1.09559
-1.09541
-1.09499
-1.0947
-1.0938
-1.09859
-1.09729
-1.14689
-1.14617
-1.1455
-1.14509
-1.14467
-1.14374
-1.14252
-1.14029
-1.14227
-1.13909
-1.19765
-1.19708
-1.19646
-1.19591
-1.19519
-1.19387
-1.19199
-1.18892
-1.18844
-1.18527
-1.24918
-1.24879
-1.24831
-1.24777
-1.247
-1.24565
-1.24369
-1.2406
-1.23931
-1.23781
-1.30122
-1.30098
-1.30069
-1.30036
-1.29988
-1.29898
-1.29763
-1.2955
-1.29487
-1.29581
-1.35353
-1.35342
-1.35335
-1.35334
-1.35338
-1.35326
-1.35297
-1.35224
-1.35128
-1.3549
-1.40594
-1.40593
-1.40604
-1.40633
-1.40692
-1.40764
-1.40853
-1.40931
-1.40718
-1.41034
-1.45836
-1.45838
-1.45855
-1.45898
-1.45982
-1.46127
-1.46326
-1.4657
-1.46584
-1.46868
-1.51071
-1.51072
-1.51084
-1.5112
-1.51197
-1.51353
-1.516
-1.51963
-1.52356
-1.53233
-1.56304
-1.56297
-1.56292
-1.56299
-1.56334
-1.56417
-1.56588
-1.56888
-1.57347
-1.5842
-1.61537
-1.6152
-1.61487
-1.61446
-1.614
-1.61358
-1.61349
-1.61406
-1.61621
-1.62191
-1.66782
-1.66751
-1.66688
-1.66591
-1.66454
-1.66265
-1.66031
-1.65756
-1.65531
-1.65429
-1.72048
-1.72005
-1.71914
-1.71768
-1.71548
-1.71226
-1.70786
-1.70195
-1.69489
-1.68917
-1.77348
-1.77297
-1.77187
-1.77007
-1.7673
-1.76319
-1.75735
-1.74926
-1.7386
-1.72731
-1.8269
-1.82636
-1.82521
-1.82331
-1.82037
-1.81597
-1.80961
-1.80044
-1.78716
-1.76995
-0.856244
-0.854317
-0.852273
-0.852204
-0.851646
-0.849669
-0.848307
-0.847384
-0.851342
-0.855545
-0.905851
-0.905581
-0.900704
-0.900016
-0.89986
-0.899487
-0.89955
-0.899886
-0.904158
-0.907697
-0.954338
-0.95583
-0.952111
-0.950952
-0.950094
-0.949616
-0.949949
-0.950627
-0.955164
-0.957412
-1.00232
-1.00418
-1.00237
-1.00148
-1.0002
-0.999242
-0.99931
-0.999735
-1.00385
-1.00605
-1.05008
-1.05026
-1.04962
-1.04924
-1.04844
-1.04771
-1.04764
-1.04758
-1.05093
-1.05335
-1.09759
-1.09661
-1.09613
-1.09602
-1.09607
-1.0959
-1.09572
-1.09514
-1.09728
-1.09872
-1.14648
-1.14543
-1.14461
-1.14465
-1.145
-1.14493
-1.1445
-1.14344
-1.1448
-1.14545
-1.19709
-1.19632
-1.19561
-1.19554
-1.19562
-1.1953
-1.19459
-1.1932
-1.19388
-1.19459
-1.24866
-1.24821
-1.24775
-1.24757
-1.24742
-1.24696
-1.24618
-1.24477
-1.24508
-1.24528
-1.30076
-1.30051
-1.30026
-1.30013
-1.3
-1.29968
-1.29916
-1.29818
-1.2987
-1.29967
-1.35312
-1.353
-1.35292
-1.35293
-1.35301
-1.35303
-1.35299
-1.35264
-1.35298
-1.35452
-1.40556
-1.40552
-1.40556
-1.40573
-1.40603
-1.40645
-1.40695
-1.40732
-1.40714
-1.40855
-1.45799
-1.45799
-1.45807
-1.4583
-1.45873
-1.45945
-1.46044
-1.46162
-1.46208
-1.46392
-1.51038
-1.51036
-1.51039
-1.51055
-1.51091
-1.51164
-1.5128
-1.51452
-1.51645
-1.52055
-1.56273
-1.56265
-1.56254
-1.56247
-1.56251
-1.5628
-1.56351
-1.56487
-1.56708
-1.57224
-1.61509
-1.61492
-1.6146
-1.61417
-1.61365
-1.61312
-1.61274
-1.61272
-1.61357
-1.6169
-1.66756
-1.66728
-1.66671
-1.66587
-1.66468
-1.66314
-1.66133
-1.6593
-1.65774
-1.65766
-1.72023
-1.71985
-1.71906
-1.71782
-1.716
-1.71351
-1.71028
-1.70615
-1.7018
-1.69849
-1.7732
-1.77275
-1.7718
-1.77027
-1.76801
-1.76481
-1.7605
-1.75466
-1.74786
-1.74109
-1.82655
-1.82607
-1.82506
-1.82343
-1.821
-1.81751
-1.81266
-1.80594
-1.79715
-1.78684
-0.863136
-0.85772
-0.857376
-0.853973
-0.853875
-0.852094
-0.849616
-0.847818
-0.848675
-0.849766
-0.911088
-0.908405
-0.898112
-0.89702
-0.899133
-0.900024
-0.899603
-0.899115
-0.900599
-0.902294
-0.957144
-0.96074
-0.950453
-0.950837
-0.950671
-0.950146
-0.949621
-0.949529
-0.951246
-0.953114
-1.0034
-1.00915
-1.00443
-1.00424
-1.0025
-1.00037
-0.999186
-0.99896
-1.00054
-1.0023
-1.05111
-1.05346
-1.05209
-1.05228
-1.0509
-1.04885
-1.04785
-1.04761
-1.04898
-1.05057
-1.09823
-1.09667
-1.09609
-1.09643
-1.09678
-1.09652
-1.09633
-1.09617
-1.09729
-1.09853
-1.14588
-1.14386
-1.14277
-1.14317
-1.14461
-1.14539
-1.14559
-1.1454
-1.14639
-1.14742
-1.19619
-1.19508
-1.1939
-1.19438
-1.19539
-1.19594
-1.19604
-1.19574
-1.1966
-1.19771
-1.248
-1.24741
-1.2468
-1.24698
-1.24741
-1.24764
-1.24761
-1.24727
-1.24792
-1.24889
-1.30026
-1.29997
-1.2997
-1.29976
-1.29995
-1.30007
-1.30007
-1.29984
-1.30036
-1.30106
-1.35271
-1.35257
-1.35248
-1.35256
-1.35273
-1.35292
-1.35306
-1.35304
-1.35345
-1.35409
-1.40521
-1.40515
-1.40515
-1.40527
-1.4055
-1.40581
-1.40615
-1.40642
-1.40669
-1.40726
-1.45767
-1.45764
-1.45767
-1.45779
-1.45803
-1.45844
-1.45897
-1.45958
-1.46005
-1.46091
-1.51009
-1.51005
-1.51002
-1.51006
-1.5102
-1.51054
-1.51109
-1.51191
-1.5129
-1.51473
-1.56247
-1.56238
-1.56224
-1.5621
-1.56198
-1.56199
-1.56222
-1.5628
-1.56389
-1.56627
-1.61487
-1.61471
-1.6144
-1.61398
-1.61346
-1.61292
-1.61245
-1.61223
-1.6126
-1.61427
-1.66737
-1.66712
-1.66662
-1.66589
-1.66488
-1.66365
-1.66226
-1.66081
-1.6598
-1.6598
-1.72006
-1.71973
-1.71905
-1.71801
-1.71653
-1.71462
-1.71229
-1.7095
-1.70672
-1.70482
-1.77301
-1.77262
-1.77181
-1.77054
-1.76872
-1.76628
-1.7632
-1.75904
-1.75481
-1.75085
-1.8263
-1.82588
-1.82501
-1.82364
-1.82165
-1.81894
-1.81532
-1.81063
-1.80502
-1.7991
-0.871073
-0.858364
-0.866622
-0.862147
-0.866294
-0.856682
-0.849958
-0.848311
-0.847708
-0.847712
-0.910446
-0.911192
-0.901321
-0.894333
-0.898325
-0.89828
-0.899241
-0.898881
-0.899077
-0.899563
-0.955969
-0.961649
-0.946757
-0.946282
-0.947082
-0.948955
-0.949365
-0.949012
-0.949544
-0.950215
-1.00063
-1.00811
-1.00045
-1.00393
-1.0022
-1.00095
-0.999258
-0.998614
-0.999247
-1
-1.04819
-1.05178
-1.05169
-1.05438
-1.05317
-1.05003
-1.04815
-1.04775
-1.04845
-1.04935
-1.09731
-1.09536
-1.09531
-1.09688
-1.09776
-1.09707
-1.09674
-1.0969
-1.09769
-1.0987
-1.14531
-1.14192
-1.14069
-1.1413
-1.14387
-1.14545
-1.14619
-1.14665
-1.14745
-1.14851
-1.19525
-1.19346
-1.19183
-1.19263
-1.19473
-1.19614
-1.19687
-1.19727
-1.19801
-1.19905
-1.24731
-1.24661
-1.24566
-1.24621
-1.24719
-1.24796
-1.24845
-1.24873
-1.24934
-1.25029
-1.29982
-1.29949
-1.29916
-1.29937
-1.29984
-1.30029
-1.30063
-1.30085
-1.30133
-1.30208
-1.35237
-1.35222
-1.35211
-1.35224
-1.35253
-1.35285
-1.35314
-1.35337
-1.35376
-1.35432
-1.40492
-1.40485
-1.40483
-1.40493
-1.40514
-1.40542
-1.40573
-1.40603
-1.40638
-1.40681
-1.45742
-1.45738
-1.45737
-1.45743
-1.45757
-1.45781
-1.45813
-1.45852
-1.45896
-1.45952
-1.50986
-1.50981
-1.50975
-1.50972
-1.50974
-1.50987
-1.51011
-1.51052
-1.5111
-1.51205
-1.56228
-1.56218
-1.56203
-1.56184
-1.56165
-1.56153
-1.56151
-1.56171
-1.56224
-1.56337
-1.61471
-1.61456
-1.61427
-1.61388
-1.61338
-1.61287
-1.61238
-1.61206
-1.61212
-1.6129
-1.66724
-1.66702
-1.66658
-1.66595
-1.6651
-1.6641
-1.66299
-1.66189
-1.66113
-1.66105
-1.71995
-1.71966
-1.71908
-1.7182
-1.71701
-1.71552
-1.71377
-1.71177
-1.71001
-1.70882
-1.77289
-1.77256
-1.77186
-1.77081
-1.76934
-1.76745
-1.76509
-1.76234
-1.75957
-1.7572
-1.82613
-1.82577
-1.82502
-1.82387
-1.82225
-1.82012
-1.81741
-1.81413
-1.8105
-1.80702
-0.876669
-0.874834
-0.879763
-0.897391
-0.879657
-0.862497
-0.854475
-0.849491
-0.847392
-0.846623
-0.922544
-0.920276
-0.917987
-0.916993
-0.908502
-0.904182
-0.901872
-0.899401
-0.898459
-0.898107
-0.961007
-0.960824
-0.95201
-0.948986
-0.949793
-0.951319
-0.950405
-0.949084
-0.948792
-0.948737
-0.999091
-1.00018
-0.995041
-0.99869
-1.00061
-1.00098
-0.999462
-0.99853
-0.998635
-0.998813
-1.0447
-1.04485
-1.04385
-1.04876
-1.05077
-1.04961
-1.0482
-1.04782
-1.04822
-1.04866
-1.09457
-1.09271
-1.09208
-1.09472
-1.09697
-1.09694
-1.09692
-1.09729
-1.09793
-1.0986
-1.14448
-1.14133
-1.14004
-1.14072
-1.14343
-1.14539
-1.14655
-1.14733
-1.1481
-1.14892
-1.19476
-1.19273
-1.19105
-1.19167
-1.19418
-1.19621
-1.19737
-1.19812
-1.19886
-1.19972
-1.24692
-1.24608
-1.24481
-1.24559
-1.24701
-1.24816
-1.24896
-1.24954
-1.25019
-1.251
-1.29958
-1.29924
-1.29885
-1.29917
-1.29981
-1.30045
-1.30098
-1.30143
-1.30196
-1.30265
-1.35219
-1.35204
-1.35193
-1.35209
-1.35244
-1.35285
-1.35323
-1.35359
-1.35402
-1.35458
-1.40475
-1.40468
-1.40465
-1.40475
-1.40496
-1.40523
-1.40552
-1.40584
-1.40622
-1.40668
-1.45726
-1.45721
-1.45718
-1.45721
-1.45731
-1.45748
-1.45769
-1.45799
-1.45836
-1.45884
-1.50971
-1.50965
-1.50957
-1.50951
-1.50948
-1.50951
-1.5096
-1.50982
-1.51019
-1.51077
-1.56214
-1.56205
-1.56189
-1.5617
-1.56148
-1.56129
-1.56117
-1.56119
-1.56144
-1.56203
-1.61461
-1.61447
-1.6142
-1.61383
-1.61338
-1.6129
-1.61242
-1.61207
-1.61201
-1.61235
-1.66717
-1.66697
-1.66658
-1.66602
-1.66529
-1.66446
-1.66357
-1.66265
-1.66208
-1.66193
-1.71988
-1.71963
-1.71913
-1.71838
-1.71739
-1.71619
-1.7148
-1.71336
-1.71212
-1.71129
-1.77282
-1.77253
-1.77193
-1.77103
-1.76982
-1.7683
-1.7665
-1.76453
-1.76261
-1.76104
-1.82602
-1.82571
-1.82505
-1.82407
-1.82272
-1.821
-1.81892
-1.81654
-1.81404
-1.81175
-0.88686
-0.896028
-0.885683
-0.888385
-0.87897
-0.863722
-0.855108
-0.849988
-0.847407
-0.846282
-0.929552
-0.930283
-0.925033
-0.925782
-0.915947
-0.907928
-0.903072
-0.90003
-0.898398
-0.897641
-0.961344
-0.961635
-0.961593
-0.961615
-0.956981
-0.954083
-0.951235
-0.949441
-0.948653
-0.948267
-0.999096
-0.998714
-1.00078
-1.00375
-1.00309
-1.00137
-0.999623
-0.998715
-0.998537
-0.998462
-1.04517
-1.04358
-1.04464
-1.04806
-1.04929
-1.04871
-1.04818
-1.04808
-1.0483
-1.04852
-1.09487
-1.09299
-1.09184
-1.09367
-1.09559
-1.09669
-1.09726
-1.09775
-1.09825
-1.09871
-1.14486
-1.14337
-1.14204
-1.14271
-1.14462
-1.14622
-1.14723
-1.14795
-1.1486
-1.1492
-1.19564
-1.19476
-1.19384
-1.19437
-1.19588
-1.19713
-1.19804
-1.19876
-1.19943
-1.20009
-1.24754
-1.24715
-1.24678
-1.2471
-1.24792
-1.24876
-1.24947
-1.25009
-1.2507
-1.25137
-1.29983
-1.29964
-1.2995
-1.29972
-1.30021
-1.30077
-1.3013
-1.3018
-1.30234
-1.30294
-1.35225
-1.35216
-1.35212
-1.35227
-1.35257
-1.35295
-1.35334
-1.35375
-1.3542
-1.35473
-1.40472
-1.40467
-1.40466
-1.40474
-1.40493
-1.40517
-1.40545
-1.40578
-1.40616
-1.40663
-1.45718
-1.45714
-1.45711
-1.45713
-1.4572
-1.45732
-1.4575
-1.45774
-1.45807
-1.45852
-1.50963
-1.50957
-1.50949
-1.50941
-1.50935
-1.50934
-1.50937
-1.50951
-1.50977
-1.5102
-1.56207
-1.56198
-1.56182
-1.56163
-1.56141
-1.5612
-1.56103
-1.56098
-1.56111
-1.56147
-1.61455
-1.61442
-1.61417
-1.61382
-1.6134
-1.61295
-1.61251
-1.61217
-1.61204
-1.61221
-1.66713
-1.66695
-1.66659
-1.66609
-1.66544
-1.66472
-1.66392
-1.66321
-1.66271
-1.66253
-1.71986
-1.71963
-1.71917
-1.71851
-1.71765
-1.71663
-1.71549
-1.71436
-1.71339
-1.71275
-1.77279
-1.77253
-1.77199
-1.7712
-1.77015
-1.76888
-1.76742
-1.76588
-1.76444
-1.76329
-1.82597
-1.82568
-1.82509
-1.82423
-1.82305
-1.8216
-1.8199
-1.81805
-1.81618
-1.81455
-0.881853
-0.885318
-0.892114
-0.886238
-0.871007
-0.861225
-0.854616
-0.850074
-0.847431
-0.846169
-0.923321
-0.925786
-0.926647
-0.921242
-0.912927
-0.907137
-0.903122
-0.900195
-0.898433
-0.897524
-0.961612
-0.959907
-0.959288
-0.957764
-0.955619
-0.953744
-0.951418
-0.949725
-0.948719
-0.948162
-1.00291
-1.00108
-0.999226
-1.00169
-1.00258
-1.00139
-0.999961
-0.999099
-0.998645
-0.998409
-1.04816
-1.04801
-1.04696
-1.04947
-1.05011
-1.04924
-1.04865
-1.04847
-1.04848
-1.04853
-1.09609
-1.09593
-1.09582
-1.09666
-1.09705
-1.09743
-1.09781
-1.09815
-1.0985
-1.09879
-1.14544
-1.14473
-1.14436
-1.14472
-1.14577
-1.14688
-1.14771
-1.14834
-1.14888
-1.14934
-1.19611
-1.19554
-1.19508
-1.19549
-1.19654
-1.19759
-1.19843
-1.19911
-1.19971
-1.20026
-1.24779
-1.24748
-1.24726
-1.24758
-1.24829
-1.24907
-1.24977
-1.25038
-1.25096
-1.25152
-1.29995
-1.2998
-1.29973
-1.29995
-1.30042
-1.30096
-1.3015
-1.30201
-1.30253
-1.30307
-1.3523
-1.35223
-1.35222
-1.35237
-1.35267
-1.35305
-1.35345
-1.35386
-1.35431
-1.35481
-1.40473
-1.40469
-1.40469
-1.40478
-1.40495
-1.40519
-1.40547
-1.4058
-1.40618
-1.40663
-1.45716
-1.45713
-1.4571
-1.45711
-1.45718
-1.45729
-1.45745
-1.45769
-1.458
-1.45841
-1.5096
-1.50954
-1.50947
-1.50939
-1.50932
-1.50929
-1.50931
-1.50942
-1.50965
-1.51002
-1.56204
-1.56195
-1.5618
-1.56161
-1.56139
-1.56118
-1.56101
-1.56095
-1.56103
-1.56131
-1.61453
-1.6144
-1.61416
-1.61384
-1.61343
-1.613
-1.61259
-1.61227
-1.61213
-1.61222
-1.66711
-1.66694
-1.66661
-1.66614
-1.66551
-1.66485
-1.66415
-1.66351
-1.66305
-1.66286
-1.71985
-1.71964
-1.7192
-1.71859
-1.71779
-1.71686
-1.71585
-1.71486
-1.71402
-1.71346
-1.77278
-1.77253
-1.77203
-1.77129
-1.77033
-1.76917
-1.76788
-1.76655
-1.76531
-1.76434
-1.82595
-1.82568
-1.82513
-1.82431
-1.82323
-1.82191
-1.8204
-1.81878
-1.8172
-1.81583
)
;

boundaryField
{
    lowerSideWalls
    {
        type            calculated;
        value           nonuniform List<scalar> 
800
(
367.102
319.677
273.549
229.399
185.496
145.831
108.282
74.3246
46.4668
25.3791
10.7235
9.76616
11.8912
-0.619326
-0.597558
-0.600531
-0.648348
-0.708345
-0.766984
-0.818031
366.314
318.727
272.458
227.839
184.685
144.324
106.192
71.4859
42.6815
20.4235
5.96447
5.06124
3.00688
-0.688556
-0.615107
-0.571023
-0.630775
-0.699885
-0.756814
-0.814298
364.931
317.296
270.903
225.975
182.492
141.329
102.233
65.7081
34.5232
15.4051
2.35256
-0.412161
-0.524835
-0.667508
-0.597433
-0.594644
-0.659216
-0.714738
-0.752089
-0.803703
363.021
315.208
268.367
223.091
179.228
136.883
96.4076
57.5875
24.2252
5.52358
-0.201465
-0.32609
-0.433768
-0.539997
-0.592063
-0.64293
-0.709051
-0.735956
-0.754773
-0.804855
360.783
312.787
265.731
219.975
175.356
131.99
89.5405
48.0664
15.6976
0.532752
-0.35374
-0.347363
-0.386817
-0.482809
-0.555759
-0.624195
-0.697321
-0.741784
-0.773832
-0.821301
358.45
310.307
262.966
216.661
171.269
126.716
82.1299
37.8733
7.53602
-0.184022
-0.287099
-0.343111
-0.404994
-0.478364
-0.537448
-0.597497
-0.660617
-0.716462
-0.766802
-0.815595
356.226
307.949
260.335
213.553
167.505
121.706
75.0626
28.9773
3.6339
-0.172758
-0.250929
-0.322526
-0.399854
-0.472965
-0.530157
-0.583842
-0.642736
-0.701655
-0.756412
-0.808189
354.34
305.99
258.1
210.904
164.301
117.481
69.2531
23.0232
1.80758
-0.15524
-0.226735
-0.306542
-0.391105
-0.466368
-0.526118
-0.578819
-0.635143
-0.693469
-0.749577
-0.803141
352.937
304.519
256.448
208.967
161.981
114.465
65.2386
19.5573
0.925899
-0.170847
-0.225971
-0.30821
-0.391837
-0.462186
-0.522716
-0.576347
-0.631527
-0.688914
-0.745738
-0.800441
352.173
303.67
255.536
207.926
160.747
112.875
63.1505
17.9116
0.599155
-0.176931
-0.228956
-0.316557
-0.396106
-0.461699
-0.520694
-0.575227
-0.630296
-0.687483
-0.74448
-0.799823
364.948
317.595
271.585
227.626
184.151
144.787
107.737
74.302
46.6232
25.3188
11.0802
9.00377
12.5912
-0.616809
-0.576867
-0.565565
-0.613952
-0.683813
-0.755248
-0.822366
364.077
316.563
270.452
226.072
183.276
143.295
105.724
71.6635
43.0903
20.1325
6.72248
3.04591
3.06409
-0.760141
-0.645804
-0.582471
-0.631647
-0.694075
-0.759393
-0.828372
362.533
314.97
268.74
224.097
181.031
140.298
101.778
65.8405
35.3437
14.7081
3.80343
-0.497113
-0.503893
-0.699113
-0.623786
-0.628626
-0.662076
-0.706406
-0.774285
-0.841197
360.387
312.631
266.048
221.05
177.703
135.826
96.0883
58.0155
25.0213
6.17855
-0.203593
-0.346092
-0.40938
-0.524134
-0.582267
-0.625924
-0.672386
-0.720602
-0.783783
-0.842675
357.861
309.951
263.143
217.681
173.505
130.848
89.3485
48.9092
16.9343
0.809765
-0.351004
-0.377708
-0.363704
-0.459126
-0.539642
-0.60211
-0.659278
-0.715874
-0.774028
-0.826731
355.197
307.14
260.038
214.09
169.258
125.49
82.0323
38.8178
8.46477
-0.176701
-0.291771
-0.366967
-0.401486
-0.457026
-0.522598
-0.589066
-0.649974
-0.707084
-0.762317
-0.81376
352.638
304.417
257.048
210.669
165.241
120.339
74.978
29.9783
4.2738
-0.18503
-0.259998
-0.343961
-0.408703
-0.461604
-0.520768
-0.581766
-0.641528
-0.698543
-0.752841
-0.804859
350.295
302.059
254.458
207.709
161.781
115.942
69.1514
24.0725
2.30857
-0.15168
-0.227403
-0.320546
-0.401412
-0.464901
-0.522315
-0.578775
-0.635026
-0.692312
-0.74615
-0.798828
348.655
300.353
252.544
205.528
159.253
112.759
65.1048
20.7441
1.2899
-0.164107
-0.224952
-0.304382
-0.386204
-0.456598
-0.519901
-0.576249
-0.631425
-0.687339
-0.742026
-0.795336
347.821
299.42
251.54
204.377
157.893
111.038
62.9206
19.0053
0.866957
-0.174724
-0.226402
-0.302623
-0.37963
-0.449443
-0.515739
-0.57465
-0.629595
-0.685056
-0.740234
-0.793848
367.102
319.677
273.549
229.399
185.496
145.831
108.282
74.3246
46.4668
25.3791
10.7235
9.76616
11.8912
-0.619326
-0.597558
-0.600531
-0.648348
-0.708345
-0.766984
-0.818031
366.245
318.666
272.432
227.799
184.61
144.238
106.171
71.6256
42.6205
20.275
4.96548
4.76368
2.50966
-0.735034
-0.643425
-0.620146
-0.670171
-0.727679
-0.785409
-0.834397
364.716
317.084
270.692
225.834
182.255
141.008
101.912
65.1858
33.8249
13.8129
2.08476
-0.410842
-0.507093
-0.664852
-0.577862
-0.607915
-0.67698
-0.739579
-0.798547
-0.846195
362.587
314.767
267.919
222.626
178.777
136.452
95.9017
57.0047
23.907
5.42058
-0.247771
-0.314491
-0.396161
-0.511201
-0.556632
-0.589214
-0.662153
-0.729884
-0.795081
-0.844331
360.067
312.064
265.018
219.236
174.603
131.245
88.7259
47.282
15.3494
0.694516
-0.381754
-0.373204
-0.388821
-0.477439
-0.54091
-0.588044
-0.654639
-0.720661
-0.781146
-0.833568
357.394
309.236
261.908
215.599
170.224
125.664
81.0721
36.9608
7.20956
-0.186685
-0.321294
-0.371948
-0.412886
-0.474425
-0.530239
-0.584893
-0.64712
-0.708979
-0.767207
-0.82043
354.793
306.494
258.89
212.122
166.115
120.375
73.8219
28.0058
3.35754
-0.173072
-0.270971
-0.353257
-0.416658
-0.47125
-0.52391
-0.579949
-0.639926
-0.69912
-0.755802
-0.809163
352.492
304.112
256.229
209.053
162.505
115.864
67.7967
21.9531
1.6547
-0.139641
-0.239655
-0.334678
-0.40942
-0.46648
-0.518728
-0.574704
-0.633803
-0.6919
-0.74781
-0.801385
350.691
302.255
254.171
206.704
159.793
112.575
63.6517
18.6497
0.852801
-0.151665
-0.232701
-0.321992
-0.400336
-0.461568
-0.514959
-0.570628
-0.629182
-0.686415
-0.742158
-0.796128
349.609
301.125
252.936
205.326
158.241
110.75
61.4801
17.0808
0.53266
-0.160993
-0.224941
-0.313835
-0.391281
-0.455989
-0.513159
-0.569109
-0.626312
-0.682813
-0.738638
-0.792925
349.316
300.822
252.654
205.066
158.006
110.539
61.3284
16.9823
0.504828
-0.16211
-0.22392
-0.312267
-0.388593
-0.453999
-0.512878
-0.568765
-0.625175
-0.681343
-0.737031
-0.791571
349.84
301.356
253.356
205.955
159.117
111.981
63.2409
18.3862
0.75451
-0.156751
-0.225861
-0.314182
-0.389307
-0.455301
-0.51442
-0.569174
-0.625168
-0.681669
-0.737436
-0.791924
351.157
302.767
254.988
207.91
161.492
115.014
67.2604
21.7771
1.51345
-0.149061
-0.232364
-0.31769
-0.389963
-0.456652
-0.515955
-0.570701
-0.626825
-0.684013
-0.739896
-0.794074
353.182
304.915
257.39
210.732
164.895
119.399
73.2611
28.0137
3.34281
-0.169446
-0.265847
-0.332817
-0.389328
-0.45547
-0.515578
-0.570589
-0.628629
-0.687928
-0.744821
-0.798325
355.586
307.456
260.214
214.043
168.872
124.627
80.4807
37.0183
7.56619
-0.142863
-0.323924
-0.363449
-0.382739
-0.45579
-0.51821
-0.572071
-0.633144
-0.695756
-0.753432
-0.805648
358.09
310.127
263.193
217.557
173.15
130.164
88.104
47.233
15.7549
0.954127
-0.393112
-0.382757
-0.351533
-0.473103
-0.532106
-0.583531
-0.644574
-0.70801
-0.766557
-0.815409
360.506
312.728
266.023
220.907
177.443
135.412
95.2925
56.8978
24.2382
5.84012
-0.220541
-0.313804
-0.357477
-0.486348
-0.567114
-0.627844
-0.674859
-0.719457
-0.776671
-0.829193
362.588
315.019
268.753
224.106
180.866
139.965
101.35
65.1824
34.7809
13.6497
3.15462
-0.431942
-0.431279
-0.639104
-0.649977
-0.652743
-0.668261
-0.687923
-0.743783
-0.820848
364.1
316.596
270.51
226.086
183.223
143.192
105.645
71.6982
43.0754
20.0541
6.75938
3.29326
3.08056
-0.755702
-0.66196
-0.582462
-0.614256
-0.658851
-0.731883
-0.820323
364.948
317.595
271.585
227.626
184.151
144.787
107.737
74.302
46.6232
25.3188
11.0802
9.00377
12.5912
-0.616809
-0.576867
-0.565565
-0.613952
-0.683813
-0.755248
-0.822366
)
;
    }
    upperSideWalls
    {
        type            calculated;
        value           nonuniform List<scalar> 
800
(
-0.866188
-0.911482
-0.956033
-1.00179
-1.04949
-1.09834
-1.14869
-1.19995
-1.25186
-1.30422
-1.35685
-1.40963
-1.46252
-1.51549
-1.56855
-1.62174
-1.67506
-1.72856
-1.78221
-1.83599
-0.870724
-0.916681
-0.955092
-1.00103
-1.04989
-1.09897
-1.1489
-1.19988
-1.2518
-1.3042
-1.35685
-1.40965
-1.46254
-1.51551
-1.56856
-1.62173
-1.67505
-1.72855
-1.78223
-1.83604
-0.867099
-0.922256
-0.958799
-1.00173
-1.04936
-1.09888
-1.14876
-1.19966
-1.25167
-1.30417
-1.35688
-1.40971
-1.4626
-1.51555
-1.56857
-1.6217
-1.67501
-1.72852
-1.78224
-1.83613
-0.87124
-0.921029
-0.960016
-1.00363
-1.05149
-1.10004
-1.14912
-1.19987
-1.25181
-1.30433
-1.35704
-1.40986
-1.46273
-1.51563
-1.56859
-1.62167
-1.67493
-1.72846
-1.78226
-1.83625
-0.868623
-0.914032
-0.958919
-1.00551
-1.05302
-1.10057
-1.14958
-1.20041
-1.25227
-1.30467
-1.35732
-1.41011
-1.46294
-1.51577
-1.56863
-1.62161
-1.67482
-1.72835
-1.78223
-1.83639
-0.862546
-0.909976
-0.957436
-1.00506
-1.05255
-1.10065
-1.15017
-1.20104
-1.25279
-1.30508
-1.35768
-1.41043
-1.46322
-1.51597
-1.56872
-1.62155
-1.67465
-1.72815
-1.78214
-1.83652
-0.858128
-0.907226
-0.955767
-1.00399
-1.05212
-1.10093
-1.15076
-1.20161
-1.25327
-1.3055
-1.35808
-1.41083
-1.46358
-1.51626
-1.56886
-1.62151
-1.67444
-1.72786
-1.78192
-1.83657
-0.854825
-0.905207
-0.954622
-1.00346
-1.05217
-1.10132
-1.15127
-1.20211
-1.25371
-1.3059
-1.35849
-1.41126
-1.46403
-1.51664
-1.56909
-1.62152
-1.67421
-1.72748
-1.78152
-1.83642
-0.853179
-0.904357
-0.954306
-1.00349
-1.05247
-1.10176
-1.15173
-1.20254
-1.25411
-1.3063
-1.35892
-1.41175
-1.46456
-1.51713
-1.56945
-1.62165
-1.67406
-1.72707
-1.78092
-1.83589
-0.853139
-0.904674
-0.954776
-1.00401
-1.05297
-1.10222
-1.15215
-1.20291
-1.25452
-1.30673
-1.35939
-1.41229
-1.46516
-1.51773
-1.56996
-1.622
-1.6742
-1.727
-1.78068
-1.83524
-0.881853
-0.923321
-0.961612
-1.00291
-1.04816
-1.09609
-1.14544
-1.19611
-1.24779
-1.29995
-1.3523
-1.40473
-1.45716
-1.5096
-1.56204
-1.61453
-1.66711
-1.71985
-1.77278
-1.82595
-0.885318
-0.925786
-0.959907
-1.00108
-1.04801
-1.09593
-1.14473
-1.19554
-1.24748
-1.2998
-1.35223
-1.40469
-1.45713
-1.50954
-1.56195
-1.6144
-1.66694
-1.71964
-1.77253
-1.82568
-0.892114
-0.926647
-0.959288
-0.999226
-1.04696
-1.09582
-1.14436
-1.19508
-1.24726
-1.29973
-1.35222
-1.40469
-1.4571
-1.50947
-1.5618
-1.61416
-1.66661
-1.7192
-1.77203
-1.82513
-0.886238
-0.921242
-0.957764
-1.00169
-1.04947
-1.09666
-1.14472
-1.19549
-1.24758
-1.29995
-1.35237
-1.40478
-1.45711
-1.50939
-1.56161
-1.61384
-1.66614
-1.71859
-1.77129
-1.82431
-0.871007
-0.912927
-0.955619
-1.00258
-1.05011
-1.09705
-1.14577
-1.19654
-1.24829
-1.30042
-1.35267
-1.40495
-1.45718
-1.50932
-1.56139
-1.61343
-1.66551
-1.71779
-1.77033
-1.82323
-0.861225
-0.907137
-0.953744
-1.00139
-1.04924
-1.09743
-1.14688
-1.19759
-1.24907
-1.30096
-1.35305
-1.40519
-1.45729
-1.50929
-1.56118
-1.613
-1.66485
-1.71686
-1.76917
-1.82191
-0.854616
-0.903122
-0.951418
-0.999961
-1.04865
-1.09781
-1.14771
-1.19843
-1.24977
-1.3015
-1.35345
-1.40547
-1.45745
-1.50931
-1.56101
-1.61259
-1.66415
-1.71585
-1.76788
-1.8204
-0.850074
-0.900195
-0.949725
-0.999099
-1.04847
-1.09815
-1.14834
-1.19911
-1.25038
-1.30201
-1.35386
-1.4058
-1.45769
-1.50942
-1.56095
-1.61227
-1.66351
-1.71486
-1.76655
-1.81878
-0.847431
-0.898433
-0.948719
-0.998645
-1.04848
-1.0985
-1.14888
-1.19971
-1.25096
-1.30253
-1.35431
-1.40618
-1.458
-1.50965
-1.56103
-1.61213
-1.66305
-1.71402
-1.76531
-1.8172
-0.846169
-0.897524
-0.948162
-0.998409
-1.04853
-1.09879
-1.14934
-1.20026
-1.25152
-1.30307
-1.35481
-1.40663
-1.45841
-1.51002
-1.56131
-1.61222
-1.66286
-1.71346
-1.76434
-1.81583
-0.866188
-0.911482
-0.956033
-1.00179
-1.04949
-1.09834
-1.14869
-1.19995
-1.25186
-1.30422
-1.35685
-1.40963
-1.46252
-1.51549
-1.56855
-1.62174
-1.67506
-1.72856
-1.78221
-1.83599
-0.876788
-0.912797
-0.951743
-0.998153
-1.04623
-1.09654
-1.14796
-1.19948
-1.2515
-1.30396
-1.35665
-1.40948
-1.46239
-1.51537
-1.56842
-1.6216
-1.67492
-1.72841
-1.78208
-1.83588
-0.884328
-0.917293
-0.951745
-0.995148
-1.04154
-1.09268
-1.14563
-1.19807
-1.25061
-1.30344
-1.35632
-1.40924
-1.46218
-1.51516
-1.56819
-1.62133
-1.67463
-1.72812
-1.7818
-1.83565
-0.88352
-0.920182
-0.956278
-0.997698
-1.04225
-1.09308
-1.14562
-1.19763
-1.25021
-1.30311
-1.35605
-1.40899
-1.46194
-1.51488
-1.56787
-1.62096
-1.6742
-1.72767
-1.78137
-1.83528
-0.879527
-0.920667
-0.958848
-1.00045
-1.04594
-1.09546
-1.14603
-1.1976
-1.25012
-1.30294
-1.35585
-1.40877
-1.46167
-1.51456
-1.56747
-1.62047
-1.67364
-1.72706
-1.78078
-1.83474
-0.868954
-0.914009
-0.957393
-1.00183
-1.04825
-1.09651
-1.14644
-1.19793
-1.25024
-1.3029
-1.35571
-1.40856
-1.46139
-1.51419
-1.567
-1.61988
-1.67295
-1.7263
-1.78
-1.83401
-0.859239
-0.906857
-0.953671
-1.00054
-1.04798
-1.09666
-1.1469
-1.19829
-1.25038
-1.30289
-1.35561
-1.40837
-1.4611
-1.51379
-1.56647
-1.61922
-1.67215
-1.72538
-1.77902
-1.83304
-0.852678
-0.902183
-0.950633
-0.998827
-1.04732
-1.09675
-1.14719
-1.19848
-1.25042
-1.30279
-1.35537
-1.40797
-1.46055
-1.51315
-1.56578
-1.61848
-1.67133
-1.72447
-1.778
-1.83195
-0.848296
-0.898953
-0.948565
-0.997718
-1.04698
-1.09678
-1.1473
-1.19855
-1.25044
-1.30281
-1.35541
-1.408
-1.46051
-1.51297
-1.56542
-1.61793
-1.6706
-1.72358
-1.77697
-1.83081
-0.845641
-0.896975
-0.947288
-0.997026
-1.04669
-1.09669
-1.14723
-1.19841
-1.25022
-1.30246
-1.35478
-1.40695
-1.45916
-1.51161
-1.56426
-1.61694
-1.66968
-1.72262
-1.77592
-1.82969
-0.844539
-0.896193
-0.946821
-0.996798
-1.04664
-1.0967
-1.14723
-1.19837
-1.25014
-1.30237
-1.35479
-1.40715
-1.45947
-1.51183
-1.56422
-1.61664
-1.66917
-1.72195
-1.77513
-1.82876
-0.844853
-0.896512
-0.947136
-0.997069
-1.04679
-1.09672
-1.14713
-1.19816
-1.24981
-1.30192
-1.35428
-1.40669
-1.45906
-1.51141
-1.56375
-1.61611
-1.66858
-1.72131
-1.77441
-1.82798
-0.846693
-0.898034
-0.948329
-0.997945
-1.04729
-1.09689
-1.14707
-1.19799
-1.24957
-1.30162
-1.35394
-1.40634
-1.45873
-1.51107
-1.56339
-1.61572
-1.66816
-1.72084
-1.77388
-1.82737
-0.850228
-0.900702
-0.950306
-0.999497
-1.04823
-1.09712
-1.14689
-1.19765
-1.24918
-1.30122
-1.35353
-1.40594
-1.45836
-1.51071
-1.56304
-1.61537
-1.66782
-1.72048
-1.77348
-1.8269
-0.856244
-0.905851
-0.954338
-1.00232
-1.05008
-1.09759
-1.14648
-1.19709
-1.24866
-1.30076
-1.35312
-1.40556
-1.45799
-1.51038
-1.56273
-1.61509
-1.66756
-1.72023
-1.7732
-1.82655
-0.863136
-0.911088
-0.957144
-1.0034
-1.05111
-1.09823
-1.14588
-1.19619
-1.248
-1.30026
-1.35271
-1.40521
-1.45767
-1.51009
-1.56247
-1.61487
-1.66737
-1.72006
-1.77301
-1.8263
-0.871073
-0.910446
-0.955969
-1.00063
-1.04819
-1.09731
-1.14531
-1.19525
-1.24731
-1.29982
-1.35237
-1.40492
-1.45742
-1.50986
-1.56228
-1.61471
-1.66724
-1.71995
-1.77289
-1.82613
-0.876669
-0.922544
-0.961007
-0.999091
-1.0447
-1.09457
-1.14448
-1.19476
-1.24692
-1.29958
-1.35219
-1.40475
-1.45726
-1.50971
-1.56214
-1.61461
-1.66717
-1.71988
-1.77282
-1.82602
-0.88686
-0.929552
-0.961344
-0.999096
-1.04517
-1.09487
-1.14486
-1.19564
-1.24754
-1.29983
-1.35225
-1.40472
-1.45718
-1.50963
-1.56207
-1.61455
-1.66713
-1.71986
-1.77279
-1.82597
-0.881853
-0.923321
-0.961612
-1.00291
-1.04816
-1.09609
-1.14544
-1.19611
-1.24779
-1.29995
-1.3523
-1.40473
-1.45716
-1.5096
-1.56204
-1.61453
-1.66711
-1.71985
-1.77278
-1.82595
)
;
    }
    lowerWall
    {
        type            calculated;
        value           nonuniform List<scalar> 
200
(
391.627
390.77
389.241
387.112
384.592
381.919
379.318
377.017
375.216
374.134
373.841
374.365
375.682
377.707
380.111
382.615
385.031
387.113
388.625
389.473
390.839
389.958
388.415
386.278
383.729
380.979
378.261
375.827
373.921
372.756
372.441
373.017
374.425
376.534
379.035
381.632
384.098
386.197
387.729
388.602
389.456
388.559
386.971
384.756
382.075
379.144
376.203
373.548
371.437
370.126
369.751
370.357
371.904
374.185
376.921
379.72
382.35
384.562
386.162
387.058
387.546
386.64
384.976
382.617
379.719
376.499
373.224
370.225
367.786
366.239
365.757
366.421
368.185
370.756
373.818
376.962
379.871
382.281
383.999
384.912
385.308
384.381
382.593
380.028
376.826
373.218
369.493
366.027
363.147
361.263
360.614
361.332
363.392
366.365
369.9
373.528
376.829
379.524
381.412
382.386
382.975
381.984
380.039
377.217
373.657
369.563
365.284
361.263
357.88
355.584
354.68
355.416
357.843
361.296
365.431
369.643
373.455
376.521
378.636
379.722
380.751
379.668
377.55
374.444
370.495
365.889
361.021
356.478
352.636
349.952
348.708
349.329
351.936
355.913
360.761
365.661
370.044
373.497
375.901
377.163
378.865
377.671
375.386
372.013
367.672
362.611
357.203
352.246
348.013
345
343.432
343.728
346.349
350.764
356.356
361.99
366.948
370.83
373.487
374.82
377.462
376.195
373.768
370.161
365.487
359.966
354.126
348.764
344.229
341.393
339.5
339.077
341.472
346.365
352.775
359.185
364.607
368.833
371.687
373.18
376.698
375.403
372.887
369.132
364.253
358.502
352.256
346.667
342.139
338.379
336.345
336.369
339.136
344.886
351.585
357.892
363.45
367.813
370.765
372.346
)
;
    }
    atmosphere
    {
        type            calculated;
        value           nonuniform List<scalar> 0();
    }
    procBoundary0to1
    {
        type            processor;
        value           nonuniform List<scalar> 
800
(
352.137
303.647
255.498
207.881
160.698
112.812
63.0734
17.8488
0.580512
-0.176119
-0.228818
-0.318427
-0.397188
-0.461619
-0.51996
-0.574785
-0.6304
-0.687929
-0.745288
-0.800993
350.831
302.189
254.125
206.528
159.525
112.244
64.4577
24.6437
1.67032
-0.209251
-0.266132
-0.338128
-0.412048
-0.467868
-0.525351
-0.579981
-0.632728
-0.688796
-0.745621
-0.801502
348.287
299.588
251.344
203.663
156.766
110.456
64.0248
25.8356
1.61705
-0.23358
-0.305294
-0.356983
-0.413884
-0.463929
-0.517497
-0.572431
-0.628729
-0.687089
-0.745344
-0.801829
344.468
295.54
246.918
198.665
151.516
104.669
58.3725
23.7049
1.787
-0.244404
-0.331398
-0.376921
-0.415479
-0.459326
-0.510614
-0.565115
-0.623121
-0.683748
-0.744562
-0.803183
339.473
290.121
240.74
191.277
142.708
94.5259
49.764
21.2888
1.26398
-0.337971
-0.349127
-0.389644
-0.411172
-0.452219
-0.501438
-0.556002
-0.617111
-0.682881
-0.747784
-0.808263
333.551
283.519
232.601
180.355
126.398
77.7847
25.9107
11.3278
0.93664
-0.414507
-0.313059
-0.374364
-0.397152
-0.442712
-0.491903
-0.548403
-0.616849
-0.686803
-0.751289
-0.81187
327.181
276.074
222.102
166.209
105.777
36.5007
16.5343
6.84568
1.66788
0.204142
-0.151018
-0.312505
-0.356998
-0.446109
-0.495738
-0.539247
-0.611501
-0.688012
-0.75466
-0.819287
321.294
269.316
213.761
153.392
85.0266
34.9291
16.8928
5.68337
1.63422
0.216941
-0.178744
-0.109566
-0.125867
-0.420278
-0.520215
-0.521488
-0.610509
-0.702652
-0.775434
-0.845434
316.501
263.735
206.671
144.656
77.0419
62.6874
21.2406
4.94858
0.897137
0.331065
-0.171024
0.855748
2.25271
0.331114
-0.446718
-0.479066
-0.610536
-0.526424
-0.63663
-0.69028
313.791
261.018
203.676
144.306
90.7676
65.9559
25.9425
7.58526
2.2278
1.91779
2.95351
3.04896
2.74697
1.97586
1.37653
-0.2557
-0.474219
0.245003
1.86676
1.98821
312.008
258.944
200.557
138.554
78.6344
41.4936
14.9715
6.41947
3.05169
3.35011
2.07467
1.72989
1.54694
1.6031
1.18713
0.746433
0.717686
0.608542
0.713136
0.742448
310.889
255.77
192.691
119.671
57.9569
12.6133
7.66982
5.13203
2.48437
0.722905
-0.171394
-0.120775
0.00812946
-0.0763392
-0.365002
-0.49025
-0.227204
1.60072
2.41277
0.937925
313.784
259.093
198.073
119.665
30.4366
12.3818
6.79411
4.57128
2.25318
0.421355
-0.133379
-0.306101
-0.302531
-0.300025
-0.409228
-0.552639
-0.65571
-0.495371
-0.4638
-0.59288
319.722
267.159
211.603
151.806
59.9171
25.6438
7.84185
3.24849
1.3529
-0.176716
-0.250808
-0.336185
-0.357876
-0.374702
-0.464727
-0.575296
-0.6569
-0.68583
-0.718791
-0.794159
326.519
275.957
223.637
173.353
111.306
49.8347
27.5899
13.875
-0.486269
-0.507132
-0.350389
-0.366803
-0.379958
-0.407592
-0.479918
-0.564161
-0.635038
-0.686552
-0.734749
-0.793041
333.112
283.519
233.707
184.907
135.335
83.699
45.02
17.6023
0.522604
-0.32868
-0.378018
-0.373415
-0.389866
-0.431869
-0.496239
-0.564693
-0.629215
-0.687043
-0.740913
-0.794292
338.794
289.797
241.055
193.042
144.746
97.9754
53.5665
21.9928
1.39034
-0.295778
-0.337422
-0.353334
-0.394848
-0.447261
-0.510286
-0.572719
-0.632252
-0.688124
-0.741559
-0.794296
343.207
294.552
246.413
199.032
152.366
106.557
61.6697
25.9407
1.84023
-0.253291
-0.292756
-0.335584
-0.393844
-0.450968
-0.518666
-0.580238
-0.63579
-0.688558
-0.741603
-0.794236
346.212
297.661
249.81
202.611
156.184
109.712
63.4454
25.1554
2.04884
-0.211727
-0.255407
-0.321148
-0.394703
-0.45762
-0.527541
-0.589581
-0.639137
-0.6891
-0.741664
-0.794104
347.777
299.406
251.508
204.344
157.853
110.97
62.8587
18.9389
0.840502
-0.174143
-0.223495
-0.304165
-0.384542
-0.454714
-0.519571
-0.576934
-0.631366
-0.686117
-0.740616
-0.793795
-0.854493
-0.905993
-0.955905
-1.00484
-1.05353
-1.10257
-1.15239
-1.20313
-1.25472
-1.30696
-1.35966
-1.41261
-1.46555
-1.51818
-1.57042
-1.62233
-1.67437
-1.72698
-1.78043
-1.83465
-0.854936
-0.906358
-0.956081
-1.00475
-1.05313
-1.10194
-1.15165
-1.20243
-1.25412
-1.30649
-1.35937
-1.41262
-1.46584
-1.51855
-1.57055
-1.62204
-1.67361
-1.72595
-1.77946
-1.8341
-0.855793
-0.907373
-0.956914
-1.00501
-1.05262
-1.10075
-1.15017
-1.20102
-1.25292
-1.3055
-1.35881
-1.41274
-1.46668
-1.51969
-1.57117
-1.62145
-1.67164
-1.72293
-1.77703
-1.83269
-0.858274
-0.909983
-0.959102
-1.00616
-1.05208
-1.09874
-1.14766
-1.19883
-1.25103
-1.30367
-1.35818
-1.41387
-1.46925
-1.52251
-1.5727
-1.6209
-1.66918
-1.71951
-1.77363
-1.83111
-0.864173
-0.9159
-0.963891
-1.00828
-1.05069
-1.09491
-1.1439
-1.19716
-1.24996
-1.30157
-1.35783
-1.41721
-1.47651
-1.53112
-1.57785
-1.6205
-1.66234
-1.70768
-1.76298
-1.825
-0.871118
-0.925811
-0.974578
-1.01585
-1.05148
-1.09058
-1.14026
-1.19878
-1.25128
-1.29732
-1.35287
-1.41747
-1.48671
-1.54323
-1.5837
-1.61521
-1.64515
-1.69208
-1.74461
-1.79429
-0.884803
-0.941987
-0.990733
-1.02687
-1.05361
-1.08458
-1.12854
-1.17527
-1.24807
-1.28514
-1.32729
-1.41382
-1.49418
-1.50136
-1.52606
-1.56837
-1.62934
-1.67295
-1.70506
-1.65979
-0.915885
-0.995254
-1.04155
-1.05825
-1.07196
-1.08485
-1.10646
-1.14145
-1.20027
-1.15552
-1.14719
-1.29856
-1.59593
-1.61187
-1.60646
-1.59346
-1.61302
-1.63486
-1.69607
-1.4768
-0.557825
-0.357872
-1.05222
-1.08737
-1.06347
-1.03593
-1.0406
-1.0752
-1.18232
-0.805886
-0.798783
-1.3897
-1.55851
-1.60562
-1.61712
-1.58767
-1.29086
-1.04995
-1.24765
-1.43391
1.045
-0.77508
-1.083
-1.09239
-1.0669
-1.05236
-1.00968
-0.497574
-0.431455
-0.797533
-1.01666
-1.25929
-1.57565
-1.63447
-1.65142
-1.63578
-1.60316
-1.59769
-1.58381
-1.52191
0.840463
0.584416
-1.1311
-1.11482
-1.08507
-1.04094
-0.989682
-0.95936
-0.679537
-0.966543
-0.869874
-0.549941
-1.16776
-1.71509
-1.70999
-1.67029
-1.6172
-1.58375
-1.62002
-1.73784
-0.651158
-0.952169
-1.11025
-1.09583
-1.09512
-1.09599
-1.11035
-1.12955
-1.2425
-1.35901
-1.35612
-1.35948
-1.45745
-1.66081
-1.67554
-1.68826
-1.6568
-1.64687
-1.65731
-1.69651
-0.871563
-0.942637
-0.969913
-1.02336
-1.0746
-1.10967
-1.14274
-1.18348
-1.24837
-1.30926
-1.34904
-1.38653
-1.44774
-1.55369
-1.6352
-1.65991
-1.65705
-1.66869
-1.69522
-1.72493
-0.895499
-0.956553
-0.998849
-1.02997
-1.06165
-1.10306
-1.14996
-1.19631
-1.24823
-1.30168
-1.34964
-1.3975
-1.45759
-1.53778
-1.59771
-1.63434
-1.65739
-1.68502
-1.71939
-1.75687
-0.858947
-0.9125
-0.959554
-1.00737
-1.05623
-1.10333
-1.15092
-1.20021
-1.25139
-1.30303
-1.35418
-1.40523
-1.46075
-1.52172
-1.5772
-1.62215
-1.6599
-1.6969
-1.73621
-1.77847
-0.849871
-0.903181
-0.95361
-1.00299
-1.05224
-1.10114
-1.15088
-1.20156
-1.25248
-1.30348
-1.35481
-1.40667
-1.46018
-1.51547
-1.56858
-1.61686
-1.66116
-1.7043
-1.74837
-1.79456
-0.847308
-0.899489
-0.950203
-1.0001
-1.04975
-1.09956
-1.14984
-1.20059
-1.25172
-1.30321
-1.3549
-1.40696
-1.4597
-1.51277
-1.56469
-1.61428
-1.66184
-1.70863
-1.75588
-1.80455
-0.846379
-0.897847
-0.94853
-0.998713
-1.04877
-1.09899
-1.14958
-1.20055
-1.25185
-1.30338
-1.35511
-1.40707
-1.45927
-1.51139
-1.56282
-1.6131
-1.66233
-1.71112
-1.76018
-1.81013
-0.846039
-0.897326
-0.94801
-0.998318
-1.04853
-1.09889
-1.14955
-1.20057
-1.2519
-1.30348
-1.35522
-1.40709
-1.459
-1.51075
-1.56204
-1.61269
-1.66275
-1.71258
-1.76266
-1.81344
-0.845867
-0.897161
-0.947874
-0.998236
-1.0485
-1.09891
-1.14961
-1.20064
-1.25198
-1.30355
-1.35528
-1.4071
-1.4589
-1.51052
-1.56178
-1.61258
-1.663
-1.71328
-1.76379
-1.81487
)
;
    }
    procBoundary0to2
    {
        type            processor;
        value           nonuniform List<scalar> 
200
(
-1.88984
-1.88993
-1.89009
-1.89032
-1.89062
-1.89097
-1.89129
-1.89141
-1.89108
-1.89015
-1.88976
-1.88986
-1.89004
-1.89034
-1.89074
-1.89127
-1.89188
-1.89243
-1.89227
-1.8908
-1.88958
-1.88971
-1.88995
-1.89038
-1.89103
-1.89202
-1.8934
-1.89519
-1.89546
-1.89248
-1.88929
-1.88945
-1.88978
-1.89041
-1.89151
-1.89346
-1.89688
-1.90308
-1.90881
-1.90304
-1.88885
-1.88904
-1.88946
-1.89039
-1.89222
-1.8962
-1.90471
-1.92084
-1.93634
-1.93206
-1.8882
-1.8884
-1.88888
-1.89011
-1.89302
-1.89901
-1.91322
-1.92795
-1.93205
-1.91532
-1.88731
-1.88742
-1.88773
-1.88902
-1.89322
-1.90216
-1.91371
-1.92058
-1.90615
-1.8989
-1.88622
-1.88614
-1.88606
-1.88633
-1.88745
-1.89144
-1.90656
-1.90247
-1.90215
-1.96503
-1.88506
-1.88477
-1.8843
-1.88383
-1.88385
-1.88725
-1.89727
-1.91
-1.93503
-2.06496
-1.88392
-1.88345
-1.88263
-1.88136
-1.87973
-1.87844
-1.88202
-1.89194
-1.9309
-2.05009
-1.88292
-1.88236
-1.88132
-1.87965
-1.87711
-1.87374
-1.87197
-1.87225
-1.90749
-1.88935
-1.88206
-1.8815
-1.88036
-1.87849
-1.87562
-1.8715
-1.86658
-1.86198
-1.8652
-1.79992
-1.88134
-1.88081
-1.87969
-1.87782
-1.87494
-1.87067
-1.8647
-1.85659
-1.84215
-1.79794
-1.88075
-1.88026
-1.87922
-1.87749
-1.87485
-1.87093
-1.86542
-1.85708
-1.84308
-1.82047
-1.88028
-1.87984
-1.8789
-1.87737
-1.87511
-1.87189
-1.86733
-1.86075
-1.85098
-1.83743
-1.87993
-1.87953
-1.87869
-1.87737
-1.87546
-1.87287
-1.86929
-1.86448
-1.85816
-1.85075
-1.87967
-1.87932
-1.87858
-1.87744
-1.87584
-1.87371
-1.87093
-1.86746
-1.86332
-1.85896
-1.8795
-1.87919
-1.87852
-1.87754
-1.87616
-1.87439
-1.87221
-1.86962
-1.86674
-1.86385
-1.87939
-1.87912
-1.87851
-1.87761
-1.8764
-1.87487
-1.87306
-1.87102
-1.86887
-1.86686
-1.87936
-1.87908
-1.87851
-1.87766
-1.87653
-1.87513
-1.8735
-1.8717
-1.86986
-1.86815
)
;
    }
}


// ************************************************************************* //
