/*--------------------------------*- C++ -*----------------------------------*\
| =========                 |                                                 |
| \\      /  F ield         | OpenFOAM: The Open Source CFD Toolbox           |
|  \\    /   O peration     | Version:  2312                                  |
|   \\  /    A nd           | Website:  www.openfoam.com                      |
|    \\/     M anipulation  |                                                 |
\*---------------------------------------------------------------------------*/
FoamFile
{
    version     2.0;
    format      ascii;
    arch        "LSB;label=32;scalar=64";
    class       volScalarField;
    location    "0.465";
    object      p;
}
// * * * * * * * * * * * * * * * * * * * * * * * * * * * * * * * * * * * * * //

dimensions      [1 -1 -2 0 0 0 0];

internalField   nonuniform List<scalar> 
8000
(
373.433
373.717
374.511
375.776
377.419
379.286
381.177
382.867
384.153
384.883
324.595
324.902
325.754
327.116
328.902
330.95
333.041
334.92
336.352
337.196
275.949
276.311
277.284
278.858
280.936
283.334
285.802
288.041
289.758
290.787
227.82
228.263
229.394
231.238
233.717
236.634
239.681
242.475
244.621
245.938
180.4
180.965
182.205
184.366
187.372
190.999
194.869
198.461
201.175
202.909
133.67
134.168
135.815
138.432
142.046
146.596
151.683
156.59
160.359
162.888
88.0602
88.6732
90.2046
92.9767
97.417
103.304
110.158
117.067
122.727
126.216
46.4195
46.6531
47.1905
48.9239
52.8963
59.7434
69.5579
80.4296
89.3126
94.6336
16.9682
16.4432
15.2836
14.6423
15.9179
20.1058
30.3729
45.6814
60.4798
70.3988
-0.0425599
-0.0870864
-0.104044
-0.0991385
0.111593
0.803643
2.84243
12.2782
30.625
48.1013
-0.316088
-0.310234
-0.306281
-0.313097
-0.32192
-0.30145
-0.196513
0.197787
6.51173
28.3795
-0.384978
-0.387113
-0.38795
-0.385248
-0.387351
-0.38399
-0.382102
-0.388496
0.0354317
13.1622
-0.461843
-0.465006
-0.468077
-0.468184
-0.46626
-0.47506
-0.504646
-0.552733
-0.587093
-0.196811
-0.526826
-0.528761
-0.532613
-0.536878
-0.545841
-0.580387
-0.636207
-0.646689
-0.583891
-0.509447
-0.575538
-0.576631
-0.582037
-0.592605
-0.613992
-0.662
-0.729084
-0.716387
-0.644859
-0.609535
-0.619473
-0.621759
-0.628064
-0.640806
-0.665581
-0.709526
-0.741677
-0.707022
-0.66008
-0.664079
-0.664118
-0.666685
-0.672058
-0.682415
-0.698734
-0.729949
-0.746362
-0.713298
-0.694535
-0.706554
-0.709334
-0.710896
-0.713467
-0.718503
-0.725083
-0.740075
-0.766251
-0.766818
-0.762167
-0.75827
-0.755005
-0.755709
-0.756122
-0.757162
-0.757529
-0.756544
-0.770128
-0.79532
-0.801493
-0.789203
-0.802047
-0.801792
-0.801278
-0.800752
-0.799712
-0.796862
-0.792273
-0.802141
-0.810891
-0.811488
372.599
372.862
373.65
374.919
376.578
378.467
380.379
382.086
383.388
384.135
323.62
323.906
324.767
326.124
327.931
330.009
332.128
334.025
335.471
336.336
274.726
275.043
275.991
277.602
279.726
282.177
284.691
286.96
288.695
289.75
226.106
226.485
227.65
229.536
232.111
235.129
238.256
241.103
243.277
244.635
177.813
178.248
179.62
181.976
185.208
189.022
193.021
196.703
199.44
201.213
130.466
130.889
132.574
135.251
139.305
144.038
149.219
154.212
158.231
160.456
83.2268
84.0268
85.8946
89.1278
94.4078
100.612
107.548
114.363
120.072
122.94
40.3713
41.4415
43.1954
46.0031
50.9557
57.8763
67.0749
76.9395
85.2482
89.8295
14.0686
14.1102
14.1177
14.6265
16.3124
20.0497
28.1364
40.6646
53.3212
61.5572
0.0403999
0.0080872
-0.0074259
0.00312475
0.191288
0.942647
3.34074
10.7052
22.8049
32.4661
-0.371871
-0.363467
-0.362447
-0.378696
-0.39017
-0.371368
-0.308433
-0.195294
3.22948
7.87791
-0.42503
-0.42671
-0.429937
-0.433194
-0.430771
-0.420353
-0.416958
-0.457101
-0.577365
0.0554481
-0.481317
-0.485922
-0.491311
-0.492366
-0.482191
-0.480407
-0.50598
-0.52127
-0.547293
-0.584233
-0.535062
-0.539769
-0.548049
-0.554065
-0.55948
-0.581028
-0.620319
-0.612387
-0.592243
-0.582064
-0.580764
-0.58439
-0.592336
-0.606427
-0.636172
-0.697642
-0.74325
-0.726198
-0.673809
-0.645614
-0.621921
-0.625217
-0.633364
-0.650126
-0.690218
-0.765445
-0.816254
-0.776244
-0.719018
-0.672104
-0.663225
-0.666361
-0.672087
-0.682632
-0.705043
-0.763204
-0.823807
-0.785699
-0.748614
-0.71149
-0.707314
-0.709016
-0.711045
-0.71408
-0.714707
-0.726552
-0.770006
-0.792397
-0.795359
-0.770381
-0.752796
-0.753637
-0.753124
-0.751981
-0.743334
-0.728434
-0.733009
-0.772671
-0.797868
-0.801969
-0.800233
-0.800183
-0.798974
-0.797468
-0.792333
-0.778601
-0.769413
-0.78535
-0.801308
-0.812884
371.114
371.329
372.092
373.369
375.059
376.994
378.958
380.711
382.048
382.811
321.918
322.146
322.969
324.354
326.208
328.35
330.539
332.5
333.992
334.872
272.603
272.84
273.774
275.401
277.597
280.153
282.777
285.138
286.937
288.013
223.265
223.505
224.614
226.592
229.312
232.515
235.831
238.827
241.098
242.491
174.035
174.279
175.618
178.12
181.554
185.642
189.902
193.791
196.713
198.548
125.204
125.636
127.124
130.185
134.286
139.461
145.008
150.247
154.194
156.883
76.2313
77.3213
79.7337
83.6299
88.5714
95.0687
102.065
108.97
114.607
117.577
32.8545
33.9574
35.8092
39.0093
44.1804
51.1257
59.8319
69.47
77.3294
81.4372
6.16836
6.49263
7.13597
8.60334
10.9721
13.856
19.7666
30.3368
41.2599
47.4678
-0.313286
-0.354796
-0.318368
-0.2183
-0.135918
0.0216293
1.01445
4.53053
11.0945
13.9502
-0.418606
-0.408312
-0.400688
-0.399239
-0.381489
-0.371539
-0.370463
-0.339697
-0.185647
0.366672
-0.422762
-0.427734
-0.433635
-0.437476
-0.439412
-0.436551
-0.437922
-0.437934
-0.474912
-0.393285
-0.473629
-0.481128
-0.490342
-0.498835
-0.501763
-0.504691
-0.519832
-0.513146
-0.530486
-0.536244
-0.522074
-0.527438
-0.537212
-0.551111
-0.566627
-0.582996
-0.598785
-0.587199
-0.607175
-0.620999
-0.569061
-0.572276
-0.583386
-0.603095
-0.636829
-0.679864
-0.695425
-0.680393
-0.710365
-0.697623
-0.614314
-0.617582
-0.626235
-0.644027
-0.684861
-0.746349
-0.7797
-0.759616
-0.763337
-0.711941
-0.65769
-0.661064
-0.666209
-0.67491
-0.696202
-0.744101
-0.785842
-0.774644
-0.775935
-0.725481
-0.7026
-0.705032
-0.706288
-0.707413
-0.705082
-0.711933
-0.724149
-0.728847
-0.755671
-0.763692
-0.748682
-0.750711
-0.74958
-0.747358
-0.736493
-0.717844
-0.707987
-0.721451
-0.743405
-0.782762
-0.797517
-0.798084
-0.796244
-0.794006
-0.786842
-0.771605
-0.761201
-0.768573
-0.788752
-0.805336
369.242
369.379
370.095
371.363
373.076
375.058
377.082
378.894
380.279
381.059
319.77
319.881
320.644
322.034
323.935
326.155
328.435
330.48
332.036
332.937
269.845
269.899
270.763
272.421
274.728
277.439
280.228
282.728
284.622
285.73
219.497
219.385
220.393
222.468
225.421
228.934
232.56
235.803
238.232
239.679
168.292
168.111
169.4
172.178
176.147
180.844
185.639
189.91
193.071
194.984
116.425
116.279
117.888
121.399
126.529
132.769
139.231
145.09
149.411
152.067
62.299
63.0987
65.6959
70.7958
77.8931
86.2336
94.595
102.251
108.092
110.972
18.1907
18.7038
19.7863
24.0157
30.7229
39.5814
49.7715
60.1987
67.9433
71.0554
0.815278
0.833039
0.809198
1.75234
3.61732
6.23202
11.1251
20.092
29.2059
32.6661
-0.368706
-0.388828
-0.37204
-0.292558
-0.181271
-0.122865
-0.0715935
1.09956
3.81814
3.6225
-0.403207
-0.410544
-0.403945
-0.377074
-0.326668
-0.29993
-0.333279
-0.376621
-0.312354
-0.158752
-0.387619
-0.388696
-0.394968
-0.404356
-0.413741
-0.419934
-0.437722
-0.44967
-0.43877
-0.386815
-0.447631
-0.45474
-0.466105
-0.483635
-0.503178
-0.52313
-0.5426
-0.537603
-0.527011
-0.494494
-0.503791
-0.508511
-0.517441
-0.534523
-0.559878
-0.591404
-0.619473
-0.609217
-0.611616
-0.606779
-0.556014
-0.559482
-0.567929
-0.585049
-0.613931
-0.649889
-0.681429
-0.697076
-0.718345
-0.70219
-0.603955
-0.608001
-0.614912
-0.628923
-0.656884
-0.699775
-0.736229
-0.766422
-0.781751
-0.726871
-0.649497
-0.654197
-0.658181
-0.665973
-0.680825
-0.7148
-0.746662
-0.759721
-0.767675
-0.731439
-0.695869
-0.700068
-0.700771
-0.703067
-0.702983
-0.712786
-0.727841
-0.72774
-0.72831
-0.748189
-0.744083
-0.747369
-0.745636
-0.744729
-0.738998
-0.731978
-0.734554
-0.739069
-0.747187
-0.770391
-0.793762
-0.795847
-0.793129
-0.791475
-0.786499
-0.779285
-0.777572
-0.783148
-0.80026
-0.811151
367.234
367.279
367.935
369.159
370.871
372.888
374.967
376.839
378.274
379.077
317.497
317.432
318.111
319.46
321.395
323.688
326.063
328.199
329.829
330.759
266.926
266.635
267.385
269.042
271.477
274.365
277.347
280.015
282.026
283.183
215.25
214.635
215.541
217.738
220.936
224.83
228.848
232.409
235.042
236.573
160.929
160.246
161.821
165.012
169.652
175.205
180.786
185.604
189.06
191.1
104.18
104.419
106.537
110.811
117.237
124.965
132.786
139.558
144.322
147.049
42.0983
44.8839
47.7949
54.2677
64.1166
75.5072
86.412
95.3832
101.408
104.393
4.6263
6.65463
6.85659
9.70387
16.6453
27.3099
40.043
51.8274
59.1633
61.6025
-0.0916359
-0.0391443
-0.008152
-0.0570011
0.428283
2.54125
6.46223
14.3713
21.4659
22.6967
-0.211478
-0.233105
-0.209756
-0.208184
-0.198753
-0.147487
-0.132395
0.0533047
1.35356
1.31165
-0.28464
-0.299749
-0.293327
-0.294865
-0.306109
-0.285087
-0.29109
-0.368352
-0.3704
-0.290275
-0.337145
-0.336375
-0.339857
-0.354159
-0.374014
-0.387297
-0.407495
-0.441415
-0.443297
-0.393864
-0.418873
-0.417581
-0.425235
-0.441183
-0.461829
-0.484414
-0.51224
-0.532047
-0.527449
-0.484748
-0.485074
-0.485566
-0.493242
-0.508574
-0.529414
-0.555143
-0.581776
-0.601482
-0.59932
-0.570475
-0.542065
-0.545278
-0.551662
-0.566385
-0.58877
-0.618071
-0.644821
-0.661856
-0.669907
-0.635546
-0.592906
-0.598023
-0.602768
-0.614492
-0.633901
-0.665455
-0.694983
-0.711178
-0.716375
-0.682283
-0.639793
-0.64686
-0.649305
-0.657261
-0.667984
-0.691081
-0.715312
-0.721773
-0.718555
-0.7097
-0.6849
-0.694734
-0.694303
-0.698217
-0.700568
-0.70932
-0.724469
-0.726718
-0.723451
-0.734172
-0.734271
-0.744419
-0.740849
-0.741709
-0.739319
-0.737254
-0.745011
-0.75031
-0.756469
-0.767163
-0.789386
-0.794864
-0.789669
-0.789153
-0.786139
-0.781865
-0.783954
-0.792042
-0.803156
-0.809102
365.475
365.384
365.974
367.116
368.758
370.764
372.869
374.783
376.262
377.087
315.564
315.251
315.821
317.074
318.954
321.278
323.718
325.93
327.626
328.588
264.417
263.645
264.253
265.829
268.311
271.335
274.491
277.32
279.447
280.66
211.096
209.79
210.747
213.009
216.468
220.74
225.159
229.052
231.895
233.534
153.867
151.519
153.907
157.663
163.006
169.439
175.903
181.367
185.143
187.374
88.816
89.8074
94.2593
99.8128
107.668
117.064
126.4
134.251
139.54
142.46
10.8282
21.7484
30.6659
38.3688
49.8651
64.3602
78.201
88.9131
95.2818
98.6828
1.61289
1.07717
1.82357
3.48689
7.50707
17.1059
31.5179
45.009
52.3987
54.8914
0.0983632
-0.101112
-0.0545926
0.0291041
0.0310552
0.486566
3.82967
11.5702
17.8721
18.6592
-0.0545788
-0.127637
-0.12723
-0.112825
-0.151983
-0.18886
-0.168186
-0.113782
0.478936
0.554275
-0.172216
-0.209018
-0.214827
-0.229305
-0.260069
-0.30351
-0.311281
-0.36318
-0.377865
-0.315188
-0.304608
-0.302185
-0.30166
-0.315853
-0.336557
-0.36137
-0.387724
-0.424837
-0.441761
-0.397486
-0.408308
-0.395929
-0.394923
-0.407178
-0.426028
-0.448472
-0.474753
-0.503485
-0.522303
-0.483934
-0.482621
-0.472357
-0.472581
-0.483291
-0.499349
-0.518185
-0.540054
-0.564211
-0.583261
-0.551187
-0.538093
-0.535458
-0.536822
-0.546505
-0.561249
-0.579401
-0.598478
-0.617011
-0.626589
-0.602609
-0.585773
-0.590632
-0.591592
-0.599864
-0.611947
-0.629797
-0.647558
-0.661647
-0.663129
-0.64812
-0.631128
-0.641944
-0.640654
-0.646752
-0.654552
-0.667818
-0.682392
-0.690584
-0.692552
-0.689731
-0.676296
-0.692229
-0.687455
-0.691197
-0.694607
-0.700422
-0.711178
-0.717618
-0.721434
-0.726267
-0.735734
-0.745028
-0.735885
-0.737189
-0.737574
-0.738109
-0.744286
-0.752496
-0.758096
-0.763235
-0.798408
-0.796316
-0.786237
-0.785754
-0.78516
-0.785238
-0.787133
-0.795766
-0.801866
-0.804816
364.21
363.982
364.546
365.552
367.043
368.948
371.024
372.945
374.45
375.29
314.194
313.667
314.231
315.262
316.982
319.224
321.668
323.917
325.657
326.643
262.51
261.384
262.034
263.315
265.654
268.745
271.995
274.937
277.15
278.414
209.339
206.587
206.977
209.052
212.584
217.181
221.923
226.096
229.122
230.867
153.927
148.209
147.342
150.931
157.054
164.281
171.543
177.641
181.708
184.158
77.3375
73.5449
80.4504
88.3705
98.6045
109.893
120.741
129.715
135.346
138.643
13.0822
6.09438
13.4892
25.8506
38.0885
54.4422
70.886
83.4263
90.1492
93.9485
1.6048
0.508365
0.466255
1.68264
3.72118
10.4131
24.8602
39.6399
47.4849
50.9346
-0.0316825
-0.186915
-0.0192321
0.081197
0.0127484
-0.062355
1.8694
8.95867
16.2068
17.536
-0.152936
-0.136087
-0.106352
-0.0952269
-0.123304
-0.19669
-0.259385
-0.195705
0.227932
0.216406
-0.199019
-0.183157
-0.192988
-0.208681
-0.239116
-0.293443
-0.349585
-0.375449
-0.368635
-0.312967
-0.302919
-0.284125
-0.28771
-0.297049
-0.319324
-0.345187
-0.382739
-0.416525
-0.43271
-0.392839
-0.414746
-0.377677
-0.379214
-0.387072
-0.405117
-0.428637
-0.458398
-0.483051
-0.500618
-0.474775
-0.48982
-0.458346
-0.459553
-0.465075
-0.479502
-0.499848
-0.523248
-0.540139
-0.56678
-0.543609
-0.540075
-0.526973
-0.526031
-0.53068
-0.54215
-0.558796
-0.579315
-0.595532
-0.610178
-0.590604
-0.598279
-0.587813
-0.583184
-0.58662
-0.595608
-0.609087
-0.62548
-0.640027
-0.645557
-0.63461
-0.635193
-0.63937
-0.633106
-0.635987
-0.642772
-0.652412
-0.664247
-0.674636
-0.679333
-0.676271
-0.683722
-0.685954
-0.679559
-0.682352
-0.687467
-0.693753
-0.702184
-0.709841
-0.715123
-0.71725
-0.761628
-0.738292
-0.729528
-0.729848
-0.733343
-0.737449
-0.743283
-0.75002
-0.754675
-0.758119
-0.826248
-0.790105
-0.78232
-0.779697
-0.78189
-0.784777
-0.788779
-0.794615
-0.798757
-0.801323
363.257
363.161
363.916
364.687
365.935
367.652
369.615
371.497
372.998
373.845
313.076
312.683
313.639
314.315
315.755
317.786
320.121
322.348
324.1
325.091
261.524
260.042
261.258
261.976
264.009
266.913
270.126
273.092
275.338
276.637
209.977
205.349
205.332
206.463
209.943
214.641
219.507
223.821
226.971
228.784
152.792
146.916
141.889
144.68
151.928
160.239
168.169
174.756
179.045
181.687
74.4668
66.2744
58.0541
73.1755
89.2667
103.803
116.242
126.254
132.095
135.692
13.3148
5.33923
2.67838
12.5322
28.3333
46.8031
65.1467
79.4839
86.098
90.7025
1.80724
-0.0326559
0.1215
0.405188
2.18924
7.21589
20.011
36.1482
44.2671
48.6701
-0.0141754
-0.232949
-0.0799555
-0.0446023
-0.0322528
-0.0376884
0.906631
7.25054
15.3105
17.7731
-0.119739
-0.110184
-0.0914681
-0.0989392
-0.140424
-0.187475
-0.297888
-0.284941
0.228935
0.224869
-0.137182
-0.161143
-0.170295
-0.201672
-0.245724
-0.293872
-0.372505
-0.383101
-0.358408
-0.310136
-0.27236
-0.266823
-0.274125
-0.292673
-0.320013
-0.346543
-0.382567
-0.415005
-0.422174
-0.383496
-0.416233
-0.37445
-0.372454
-0.378425
-0.398375
-0.422517
-0.452741
-0.47366
-0.48269
-0.460426
-0.488137
-0.476599
-0.457583
-0.456027
-0.46993
-0.489628
-0.513908
-0.527968
-0.54615
-0.534505
-0.439269
-0.534484
-0.523765
-0.521619
-0.531503
-0.548009
-0.568262
-0.581176
-0.597283
-0.584084
-0.491819
-0.58522
-0.579938
-0.577311
-0.585016
-0.597726
-0.613209
-0.625981
-0.634451
-0.62456
-0.646318
-0.624813
-0.626547
-0.62589
-0.633177
-0.642665
-0.653494
-0.662938
-0.66859
-0.66651
-0.641913
-0.656615
-0.667682
-0.670883
-0.679212
-0.687159
-0.695257
-0.702698
-0.708152
-0.709704
-0.746374
-0.705801
-0.714746
-0.71741
-0.726391
-0.733126
-0.739753
-0.745841
-0.750514
-0.753072
-0.850705
-0.764471
-0.77371
-0.769302
-0.776512
-0.781378
-0.786649
-0.791647
-0.795411
-0.797806
362.382
362.634
363.816
364.593
365.487
366.93
368.729
370.532
372.007
372.847
311.202
311.898
313.971
314.505
315.467
317.066
319.176
321.31
323.035
324.028
257.807
258.525
262.399
262.541
263.758
266.103
269.037
271.904
274.138
275.434
201.431
201.824
206.527
207.285
209.192
213.492
218.152
222.387
225.554
227.399
135.111
138.665
136.582
138.94
148.071
157.628
166.107
172.905
177.397
180.109
65.0243
60.3317
45.9812
50.0282
78.4925
99.023
113.089
123.763
130.228
133.779
35.2282
6.09725
3.32504
3.19981
18.3592
41.1917
61.2853
76.3895
83.7533
88.7498
26.8119
0.354122
-0.030062
0.325927
0.833042
5.87207
17.8336
34.0257
42.2916
47.5131
2.08482
-0.221632
-0.207965
-0.0688491
-0.0765052
-0.0323146
0.568652
6.0435
14.9703
18.4244
0.102754
-0.178306
-0.125684
-0.109986
-0.118119
-0.190923
-0.285981
-0.339092
0.285077
0.308354
-0.0206041
-0.162208
-0.179206
-0.217417
-0.276442
-0.313871
-0.388892
-0.394978
-0.363105
-0.318808
0.101586
-0.27447
-0.280727
-0.300764
-0.33975
-0.365036
-0.394402
-0.419231
-0.420586
-0.382636
1.81277
-0.34743
-0.364831
-0.374728
-0.403179
-0.426501
-0.452547
-0.471624
-0.475918
-0.454149
2.78153
-0.411825
-0.44042
-0.447103
-0.466804
-0.486057
-0.509806
-0.522921
-0.535252
-0.525776
0.134846
-0.474554
-0.503868
-0.51009
-0.524808
-0.541836
-0.560946
-0.571757
-0.585241
-0.578141
-0.593514
-0.549013
-0.561642
-0.564416
-0.576531
-0.590317
-0.605111
-0.615868
-0.624485
-0.618103
-0.681804
-0.612148
-0.609362
-0.611817
-0.623758
-0.634868
-0.64621
-0.655254
-0.661115
-0.659744
-0.0484437
-0.641275
-0.650488
-0.654668
-0.669365
-0.679734
-0.689085
-0.696702
-0.702125
-0.70408
0.754977
-0.65264
-0.68898
-0.698906
-0.716712
-0.726351
-0.735042
-0.741585
-0.746609
-0.749244
0.277462
-0.692444
-0.748363
-0.752478
-0.768058
-0.775038
-0.783013
-0.788645
-0.792602
-0.795041
362.862
363.592
365.216
365.593
365.772
366.774
368.364
370.077
371.515
372.343
312.61
312.263
316.2
316.066
316.112
317.009
318.813
320.826
322.508
323.493
260.546
257.964
266.849
265.698
264.904
266.11
268.679
271.373
273.556
274.835
204.179
196.11
211.982
213.575
210.77
213.641
217.77
221.772
224.879
226.727
138.954
127.947
136.501
139.011
146.02
156.34
165.259
172.082
176.58
179.44
78.576
62.5053
52.5366
39.431
68.1049
95.5442
111.329
122.561
129.432
132.754
70.033
23.278
6.07265
7.61883
10.2601
38.3408
59.41
74.7445
82.4836
87.7986
85.3902
5.63128
0.0927703
0.814825
0.906043
5.73618
17.6891
33.0587
41.1214
46.9289
41.7505
0.553336
-0.20026
0.0808515
0.179242
0.0369661
0.559734
5.37709
14.7093
18.6969
2.098
-0.218877
-0.22553
-0.0638208
-0.00227308
-0.15051
-0.221567
-0.244027
0.319408
0.364701
-0.0776903
-0.213838
-0.229722
-0.23634
-0.231806
-0.295118
-0.386132
-0.409723
-0.38227
-0.335208
0.457554
-0.24364
-0.292603
-0.312264
-0.345573
-0.377396
-0.420129
-0.436572
-0.432641
-0.392403
3.46177
-0.323556
-0.370785
-0.3823
-0.412937
-0.444451
-0.471225
-0.481319
-0.48117
-0.458793
2.82826
-0.390133
-0.445095
-0.449181
-0.470672
-0.492754
-0.516335
-0.524929
-0.535549
-0.525244
1.128
-0.445181
-0.505971
-0.507661
-0.525034
-0.542449
-0.559836
-0.569294
-0.581223
-0.575964
-0.547101
-0.506175
-0.556428
-0.558066
-0.573479
-0.58796
-0.602318
-0.612575
-0.620707
-0.615726
-0.289727
-0.60515
-0.595633
-0.601917
-0.617972
-0.631133
-0.642959
-0.652045
-0.657718
-0.656911
2.87216
-0.633575
-0.62131
-0.638834
-0.661871
-0.67569
-0.68609
-0.693987
-0.699343
-0.701394
5.31881
-0.61185
-0.651891
-0.679487
-0.709445
-0.723045
-0.732667
-0.739519
-0.744563
-0.747141
4.11097
-0.633746
-0.737801
-0.746905
-0.763429
-0.772733
-0.781403
-0.787111
-0.791134
-0.793524
363.177
362.72
364.402
365.165
365.529
366.654
368.303
370.033
371.488
372.327
313.038
311.814
315.044
315.569
315.829
316.855
318.731
320.778
322.479
323.474
260.608
258.393
265.669
264.814
264.588
265.994
268.542
271.313
273.526
274.813
204.374
197.621
212.802
213.01
210.543
213.544
217.759
221.738
224.848
226.691
139.252
129.024
140.864
143.458
147.471
156.584
165.274
172.068
176.542
179.337
78.635
65.4317
55.2315
45.8819
70.4973
96.1583
111.41
122.553
129.397
132.831
84.6495
31.6841
7.03749
8.10774
10.542
38.7751
59.3274
74.728
82.5801
87.8456
100.255
9.53411
0.517821
0.937457
1.13365
6.04078
17.6975
33.1276
41.1148
46.9048
53.8235
0.923613
-0.0413412
0.146931
0.356755
0.139812
0.703101
5.48846
14.612
18.6704
22.8112
0.00192451
-0.176114
-0.0202845
0.091064
-0.173208
-0.205648
-0.0836212
0.308428
0.348403
10.8987
-0.116453
-0.193088
-0.201111
-0.19596
-0.319377
-0.39782
-0.421767
-0.397563
-0.344622
2.20768
-0.138855
-0.222176
-0.281708
-0.323186
-0.389859
-0.440791
-0.443105
-0.439037
-0.398899
-0.210143
-0.234107
-0.316577
-0.371346
-0.40712
-0.451528
-0.481606
-0.487574
-0.484815
-0.463434
-0.509386
-0.146734
-0.465156
-0.460944
-0.468316
-0.493422
-0.520406
-0.529186
-0.538601
-0.528888
-0.471774
-0.406048
-0.555008
-0.525197
-0.525354
-0.542638
-0.560518
-0.569754
-0.582306
-0.577547
-0.343725
-0.542956
-0.583629
-0.562081
-0.57384
-0.58683
-0.600824
-0.611297
-0.620745
-0.616334
3.24659
-0.502311
-0.56998
-0.588554
-0.613642
-0.628283
-0.641284
-0.650919
-0.657349
-0.6571
2.67084
-0.404907
-0.558137
-0.608242
-0.651813
-0.670707
-0.684285
-0.693111
-0.698875
-0.701046
1.5003
-0.192514
-0.637766
-0.67176
-0.699698
-0.71821
-0.730806
-0.738785
-0.74428
-0.746838
1.60314
0.228398
-0.802409
-0.774181
-0.763129
-0.771076
-0.779944
-0.786385
-0.790867
-0.793277
363.068
363.246
363.963
364.586
365.412
366.858
368.672
370.488
371.974
372.823
312.15
312.421
313.902
314.369
315.304
316.936
319.087
321.249
322.993
323.997
258.985
259.573
262.384
262.289
263.511
265.903
268.898
271.822
274.085
275.397
200.957
204.489
208.566
207.424
208.898
213.273
218.018
222.295
225.483
227.349
131.812
140.014
141.044
140.51
148.013
157.341
165.919
172.784
177.29
180.069
68.417
57.1622
42.156
46.0136
76.4868
98.3048
112.759
123.596
130.224
133.737
39.6114
4.80995
4.16823
3.83868
17.5364
40.9469
61.0809
76.2151
83.8453
88.7827
15.7835
0.0501481
0.137488
0.468262
1.09362
6.44062
18.2776
34.0574
42.2342
47.381
1.23809
-0.286838
-0.195609
-0.057449
0.00437129
0.0267979
0.624603
6.06179
14.8525
18.2703
0.17992
-0.164006
-0.126612
-0.106738
-0.108092
-0.20949
-0.294904
-0.313702
0.267566
0.264307
1.32685
-0.130284
-0.164563
-0.204965
-0.303504
-0.350692
-0.417937
-0.419598
-0.387637
-0.340291
3.52196
-0.217409
-0.255157
-0.288767
-0.344332
-0.386842
-0.420485
-0.441515
-0.441081
-0.402797
0.468303
-0.326185
-0.352919
-0.373232
-0.407593
-0.441372
-0.473549
-0.489798
-0.49319
-0.472435
-0.520218
-0.445043
-0.450668
-0.453427
-0.471579
-0.494309
-0.522012
-0.535536
-0.549171
-0.538022
-0.538881
-0.507776
-0.518644
-0.516805
-0.528713
-0.545584
-0.564983
-0.577275
-0.590313
-0.582401
-0.569884
-0.561077
-0.562567
-0.567167
-0.576811
-0.590272
-0.604158
-0.615659
-0.625591
-0.620175
-0.534747
-0.599693
-0.594159
-0.606937
-0.620628
-0.632717
-0.643622
-0.652937
-0.660465
-0.66053
-0.559179
-0.666467
-0.627995
-0.646557
-0.664549
-0.676949
-0.686915
-0.695004
-0.701229
-0.703477
-0.684991
-0.762254
-0.697441
-0.702725
-0.715753
-0.725611
-0.733995
-0.740684
-0.745682
-0.748298
-0.740153
-0.82423
-0.815087
-0.774956
-0.774401
-0.777473
-0.783298
-0.788439
-0.792303
-0.794559
364.555
363.955
364.241
364.783
365.917
367.598
369.561
371.454
372.969
373.823
314.78
313.736
313.985
314.393
315.683
317.684
320.03
322.283
324.057
325.061
264.852
262.035
261.686
261.984
263.835
266.726
269.952
272.999
275.282
276.598
215.058
208.877
206.207
206.321
209.549
214.362
219.354
223.701
226.897
228.732
152.203
144.74
140.779
143.877
151.212
159.726
167.855
174.549
178.955
181.642
64.357
43.9189
45.9383
68.9974
87.2854
102.769
115.705
125.869
132.099
135.629
7.88905
2.93542
2.57278
11.2222
27.4054
45.9645
64.5549
79
86.2659
90.7031
-0.0163929
-0.0539203
0.147911
0.303469
1.59125
6.80956
19.3134
35.915
44.2035
48.4509
-0.138756
-0.180814
-0.0828811
-0.0754363
-0.0511156
-0.0414757
0.848785
7.09407
15.1709
17.4508
0.0156874
-0.0670874
-0.0823276
-0.0996018
-0.143184
-0.202007
-0.320461
-0.303872
0.211428
0.160336
-0.04353
-0.137267
-0.160475
-0.202528
-0.261593
-0.316387
-0.402996
-0.413489
-0.386292
-0.338482
-0.42448
-0.288
-0.272993
-0.299342
-0.332841
-0.368888
-0.409271
-0.443463
-0.449571
-0.412118
-0.58625
-0.408283
-0.378004
-0.388195
-0.409461
-0.440649
-0.472786
-0.498236
-0.511567
-0.487503
-0.544665
-0.477659
-0.461545
-0.463966
-0.478147
-0.502168
-0.528354
-0.546131
-0.564905
-0.546917
-0.565076
-0.528957
-0.525073
-0.525454
-0.535668
-0.553874
-0.575201
-0.590739
-0.600306
-0.587496
-0.58848
-0.57304
-0.574487
-0.575342
-0.583256
-0.595761
-0.611302
-0.625602
-0.632475
-0.626166
-0.613925
-0.618094
-0.616299
-0.619842
-0.627451
-0.636651
-0.64732
-0.657855
-0.665981
-0.665973
-0.651437
-0.673833
-0.662521
-0.666188
-0.673572
-0.68112
-0.689344
-0.697683
-0.704651
-0.707264
-0.716741
-0.74421
-0.723761
-0.720887
-0.724525
-0.729905
-0.736299
-0.742809
-0.748055
-0.750952
-0.772165
-0.800795
-0.791614
-0.780159
-0.778943
-0.7813
-0.785878
-0.790674
-0.794547
-0.796859
365.524
364.864
364.983
365.728
367.084
368.934
370.996
372.923
374.437
375.285
315.713
314.602
314.621
315.384
316.969
319.168
321.611
323.876
325.633
326.629
264.656
262.501
262.303
263.296
265.534
268.605
271.881
274.866
277.111
278.393
213.739
208.019
206.855
208.647
212.265
216.906
221.74
225.98
229.059
230.828
155.398
145.55
145.351
149.593
156.122
163.724
171.199
177.433
181.616
184.108
58.087
53.5939
71.2312
84.517
96.7696
108.961
120.238
129.424
135.253
138.536
10.0464
3.59272
12.1106
23.9313
37.1355
53.5985
70.3379
83.2781
89.9073
93.8353
0.719787
0.311455
0.56067
1.46203
3.46343
9.81807
24.0287
39.3616
47.4156
50.7177
-0.157795
-0.104784
-0.00329883
0.0736803
0.0383218
-0.0431133
1.54392
8.75084
16.1198
17.1935
-0.0215502
-0.0996713
-0.0981199
-0.0990847
-0.118366
-0.192839
-0.290423
-0.202737
0.208398
0.148526
-0.166325
-0.170098
-0.195838
-0.213174
-0.24745
-0.305204
-0.383504
-0.410692
-0.401156
-0.346678
-0.351238
-0.293032
-0.296929
-0.308779
-0.334146
-0.369316
-0.414186
-0.455733
-0.462525
-0.424923
-0.454332
-0.396842
-0.389586
-0.398713
-0.418655
-0.449974
-0.486422
-0.520017
-0.532696
-0.498395
-0.51305
-0.474985
-0.467783
-0.474457
-0.48965
-0.515579
-0.543187
-0.568373
-0.578141
-0.552534
-0.554967
-0.534467
-0.529977
-0.534367
-0.545218
-0.565027
-0.587927
-0.606605
-0.607288
-0.594117
-0.588759
-0.582114
-0.580633
-0.583357
-0.589562
-0.601147
-0.616825
-0.631861
-0.637806
-0.633178
-0.624497
-0.626352
-0.626677
-0.628669
-0.632295
-0.638255
-0.647904
-0.66087
-0.671017
-0.671763
-0.672129
-0.674065
-0.673621
-0.67558
-0.678334
-0.682235
-0.688759
-0.698705
-0.707573
-0.7112
-0.72646
-0.732824
-0.725428
-0.726256
-0.728547
-0.731686
-0.73675
-0.744127
-0.750703
-0.754169
-0.776845
-0.7872
-0.781661
-0.780486
-0.781361
-0.783689
-0.787669
-0.79295
-0.797521
-0.800058
366.401
366.033
366.344
367.296
368.829
370.785
372.875
374.792
376.28
377.111
316.61
315.918
316.142
317.195
318.975
321.263
323.7
325.924
327.634
328.606
265.524
264.269
264.419
265.803
268.221
271.243
274.426
277.289
279.443
280.674
212.31
210.188
210.489
212.642
216.163
220.525
225.027
228.982
231.871
233.534
153.395
151.23
152.759
156.681
162.339
169.01
175.641
181.233
185.092
187.371
78.2551
82.2111
89.854
97.4928
106.528
116.444
126.077
134.118
139.437
142.412
12.4199
20.0051
28.8204
37.4945
49.2449
63.8018
77.8653
88.9352
94.9928
98.5282
1.12653
1.48794
2.02374
3.4678
7.26261
16.5164
30.9233
44.8221
52.4303
54.7967
-0.0542223
-0.134388
-0.0688001
-0.0108794
0.00538248
0.353345
3.60273
11.4169
17.8534
18.4303
-0.146578
-0.161305
-0.153285
-0.140052
-0.164072
-0.199259
-0.184864
-0.119108
0.458636
0.492313
-0.20472
-0.230368
-0.240322
-0.249193
-0.274456
-0.319288
-0.339288
-0.398106
-0.410816
-0.351021
-0.32141
-0.319449
-0.320902
-0.333677
-0.35769
-0.396321
-0.439479
-0.470158
-0.465424
-0.427099
-0.427048
-0.410124
-0.407967
-0.421445
-0.447477
-0.488234
-0.53414
-0.55235
-0.537119
-0.501875
-0.495427
-0.483463
-0.480344
-0.494664
-0.51586
-0.554924
-0.593659
-0.615398
-0.60357
-0.564653
-0.547067
-0.542076
-0.53961
-0.54845
-0.565099
-0.593664
-0.621014
-0.64062
-0.636533
-0.614745
-0.590694
-0.592377
-0.588842
-0.591852
-0.597765
-0.609737
-0.624037
-0.638498
-0.647004
-0.643816
-0.636987
-0.63948
-0.635455
-0.634623
-0.633593
-0.6344
-0.640368
-0.653413
-0.673166
-0.677611
-0.688321
-0.687045
-0.683206
-0.681013
-0.678708
-0.676791
-0.679652
-0.69448
-0.708486
-0.714775
-0.737862
-0.737116
-0.733275
-0.731321
-0.729919
-0.72932
-0.731958
-0.742751
-0.753471
-0.75784
-0.783594
-0.787007
-0.785022
-0.783913
-0.783478
-0.784354
-0.787632
-0.794937
-0.801897
-0.804088
367.855
367.737
368.225
369.326
370.963
372.943
375.012
376.887
378.33
379.139
318.069
317.847
318.347
319.581
321.449
323.717
326.092
328.239
329.881
330.821
267.31
266.935
267.489
269.071
271.446
274.337
277.344
280.04
282.075
283.249
215.699
214.737
215.37
217.481
220.758
224.726
228.805
232.414
235.086
236.642
160.152
159.662
161.121
164.442
169.275
174.968
180.668
185.579
189.099
191.207
100.637
101.624
104.626
109.801
116.725
124.713
132.689
139.549
144.296
147.255
40.9578
43.0503
47.2551
54.2005
64.0101
75.362
86.3231
95.3914
101.427
104.479
6.08199
6.94758
7.35154
10.0946
16.6931
27.0989
39.8106
51.79
59.3101
61.7027
-0.107552
-0.12707
-0.112984
-0.111604
0.424628
2.42546
6.36501
14.2929
21.5906
22.7087
-0.272961
-0.273343
-0.238196
-0.226949
-0.20567
-0.16066
-0.128245
0.0424111
1.36267
1.27632
-0.317723
-0.320877
-0.31514
-0.312853
-0.322184
-0.310209
-0.321491
-0.400682
-0.390994
-0.315561
-0.351385
-0.355471
-0.356158
-0.370171
-0.400117
-0.436928
-0.469836
-0.476852
-0.457159
-0.420984
-0.433849
-0.433151
-0.436451
-0.456133
-0.49846
-0.556739
-0.601795
-0.576546
-0.546031
-0.513139
-0.499029
-0.498486
-0.501517
-0.522888
-0.566523
-0.629559
-0.675006
-0.680132
-0.650071
-0.588489
-0.553442
-0.553785
-0.555584
-0.569391
-0.601618
-0.64796
-0.685663
-0.70937
-0.69755
-0.64769
-0.599778
-0.600444
-0.598715
-0.600607
-0.606572
-0.616812
-0.637559
-0.661737
-0.672198
-0.668276
-0.645392
-0.645353
-0.64172
-0.637503
-0.628497
-0.620978
-0.625541
-0.641135
-0.673863
-0.686905
-0.693627
-0.692261
-0.688217
-0.683164
-0.674343
-0.664236
-0.6651
-0.682909
-0.709196
-0.719534
-0.744032
-0.74121
-0.737781
-0.734024
-0.728924
-0.723494
-0.723368
-0.738714
-0.755696
-0.762748
-0.79147
-0.790451
-0.788618
-0.786819
-0.784867
-0.78423
-0.785686
-0.796018
-0.808099
-0.811229
369.624
369.7
370.325
371.522
373.188
375.149
377.168
378.985
380.376
381.163
320.124
320.158
320.826
322.155
324.021
326.23
328.514
330.569
332.137
333.048
270.047
270.066
270.823
272.465
274.762
277.484
280.296
282.819
284.733
285.855
219.617
219.384
220.346
222.388
225.384
228.948
232.619
235.9
238.361
239.825
167.678
167.629
169.037
171.923
176.008
180.802
185.685
190.026
193.246
195.182
114.317
114.864
117.112
121.025
126.438
132.814
139.358
145.272
149.68
152.322
61.1258
62.5138
65.6499
70.9352
78.0996
86.4008
94.7758
102.474
108.35
111.268
18.2903
19.1995
20.6549
24.7119
31.1698
39.8707
49.9359
60.4271
68.3229
71.3707
0.552534
0.697933
0.93602
1.90452
3.71215
6.36382
11.1955
20.2319
29.6386
32.9574
-0.399178
-0.409648
-0.35529
-0.279998
-0.179697
-0.130846
-0.0831313
1.09775
3.8818
3.67003
-0.413908
-0.4101
-0.398315
-0.376629
-0.336397
-0.319647
-0.36532
-0.399559
-0.322518
-0.179361
-0.395446
-0.39923
-0.404392
-0.420518
-0.446412
-0.470148
-0.486541
-0.471696
-0.451326
-0.40804
-0.461211
-0.464194
-0.472979
-0.503447
-0.561153
-0.607526
-0.612448
-0.569888
-0.56505
-0.524968
-0.51743
-0.521474
-0.532167
-0.566987
-0.635393
-0.694214
-0.710314
-0.696233
-0.671171
-0.588709
-0.567534
-0.570371
-0.577556
-0.60025
-0.651205
-0.707336
-0.737213
-0.749886
-0.733108
-0.644814
-0.610544
-0.611045
-0.611264
-0.612068
-0.61724
-0.634325
-0.65787
-0.694393
-0.709131
-0.704434
-0.653335
-0.652226
-0.648715
-0.639242
-0.618449
-0.59996
-0.612248
-0.653847
-0.690501
-0.703286
-0.699971
-0.697357
-0.692889
-0.684729
-0.667775
-0.647112
-0.650299
-0.677584
-0.714417
-0.726482
-0.748375
-0.745325
-0.74173
-0.736461
-0.727524
-0.718392
-0.72136
-0.738721
-0.759977
-0.768882
-0.795981
-0.794292
-0.792248
-0.789879
-0.786794
-0.785017
-0.788634
-0.79969
-0.812649
-0.81808
371.417
371.586
372.294
373.53
375.194
377.118
379.081
380.84
382.184
382.954
322.18
322.369
323.142
324.493
326.329
328.468
330.665
332.636
334.138
335.028
272.781
272.994
273.893
275.499
277.697
280.266
282.91
285.29
287.106
288.193
223.321
223.547
224.644
226.634
229.388
232.631
235.984
239.011
241.309
242.708
173.802
174.133
175.549
178.093
181.615
185.771
190.097
194.034
197.01
198.827
124.407
125.081
126.995
130.078
134.451
139.702
145.322
150.617
154.715
157.205
76.0727
77.2294
79.7907
83.7543
89.0556
95.4469
102.488
109.427
115.096
118.043
33.6968
34.5921
36.3521
39.644
44.8903
51.7426
60.3775
70.0117
77.8726
81.8045
6.17256
6.70413
7.50027
8.91693
11.3963
14.2747
20.2434
30.9191
41.7788
47.66
-0.333872
-0.327041
-0.272591
-0.204955
-0.1295
0.0291682
1.08361
4.72857
11.0233
13.8722
-0.402365
-0.400258
-0.404337
-0.40465
-0.394134
-0.399272
-0.401801
-0.35404
-0.178239
0.337824
-0.428259
-0.429079
-0.440536
-0.458054
-0.474746
-0.479609
-0.474297
-0.451409
-0.482747
-0.360302
-0.475538
-0.480934
-0.500034
-0.532322
-0.565096
-0.574173
-0.564046
-0.525432
-0.559264
-0.526046
-0.526707
-0.533117
-0.553482
-0.596169
-0.646409
-0.686383
-0.67314
-0.601599
-0.627233
-0.567502
-0.57733
-0.583271
-0.595312
-0.630249
-0.694669
-0.756061
-0.748648
-0.705424
-0.698586
-0.615143
-0.62092
-0.621388
-0.62408
-0.629927
-0.652607
-0.693973
-0.707332
-0.702895
-0.720702
-0.707155
-0.660946
-0.660061
-0.657381
-0.645283
-0.626545
-0.621741
-0.647784
-0.692693
-0.717825
-0.723794
-0.704693
-0.702697
-0.698925
-0.690176
-0.669799
-0.646486
-0.657684
-0.70471
-0.7337
-0.735847
-0.751701
-0.749406
-0.746295
-0.741109
-0.731618
-0.72157
-0.726124
-0.745298
-0.76547
-0.769238
-0.799625
-0.797893
-0.796014
-0.793947
-0.791794
-0.791199
-0.796306
-0.802825
-0.811775
-0.814679
372.871
373.094
373.839
375.088
376.733
378.617
380.532
382.246
383.554
384.308
323.867
324.118
324.942
326.284
328.084
330.163
332.289
334.197
335.652
336.527
274.93
275.22
276.158
277.754
279.882
282.345
284.875
287.16
288.908
289.973
226.248
226.615
227.768
229.68
232.282
235.329
238.484
241.353
243.544
244.906
177.879
178.381
179.746
182.169
185.445
189.292
193.333
197.036
199.803
201.56
130.473
131.267
132.682
135.656
139.685
144.393
149.694
154.712
158.733
160.951
83.6425
84.2443
86.4873
90.0124
95.1057
101.358
108.217
114.992
120.69
123.572
41.4169
42.2928
44.0654
47.1139
51.9896
58.7983
67.9401
77.658
85.9435
90.3451
14.59
14.5963
14.7199
15.6623
17.22
20.9143
29.0909
41.4782
54.1168
61.8581
0.186487
0.138519
0.0909578
0.0842031
0.312966
1.16818
3.70842
10.9511
23.3615
32.7007
-0.359195
-0.363108
-0.377044
-0.398995
-0.411743
-0.395398
-0.328728
-0.183435
3.52533
8.66126
-0.420468
-0.428025
-0.447353
-0.464133
-0.466443
-0.459364
-0.454936
-0.471303
-0.602223
0.528933
-0.472795
-0.485071
-0.511114
-0.535488
-0.54331
-0.551245
-0.574311
-0.552159
-0.569612
-0.589082
-0.534436
-0.545127
-0.568075
-0.596844
-0.632418
-0.669763
-0.695024
-0.633733
-0.5967
-0.560867
-0.585545
-0.592072
-0.602525
-0.634921
-0.702711
-0.759227
-0.757968
-0.697045
-0.658896
-0.630247
-0.627323
-0.628771
-0.628904
-0.637884
-0.674172
-0.740994
-0.75526
-0.724529
-0.715168
-0.700671
-0.665918
-0.666028
-0.665406
-0.659896
-0.654127
-0.666804
-0.698718
-0.728711
-0.742311
-0.732243
-0.708776
-0.707652
-0.705613
-0.700919
-0.691489
-0.680886
-0.693822
-0.730003
-0.747567
-0.741691
-0.75468
-0.75291
-0.750822
-0.748114
-0.743936
-0.741296
-0.748092
-0.762883
-0.770766
-0.768308
-0.802249
-0.800776
-0.799352
-0.798385
-0.798656
-0.802095
-0.809526
-0.814352
-0.812652
-0.809847
373.696
373.945
374.707
375.952
377.586
379.452
381.347
383.043
384.337
385.072
324.838
325.115
325.942
327.291
329.073
331.126
333.225
335.113
336.553
337.406
276.164
276.502
277.462
279.034
281.12
283.534
286.017
288.268
289.995
291.032
227.99
228.418
229.554
231.422
233.934
236.885
239.953
242.761
244.916
246.234
180.533
181.087
182.375
184.605
187.687
191.376
195.254
198.844
201.553
203.267
133.863
134.477
136.104
138.808
142.555
147.251
152.255
157.125
160.891
163.327
88.4593
89.0777
90.7793
93.7974
98.4615
104.245
111.027
117.85
123.475
126.881
46.9479
47.242
48.0593
50.0442
53.8337
60.8241
70.6188
81.38
90.1637
95.4345
17.6056
17.1355
16.2631
15.8767
17.0904
21.2971
31.6411
46.6895
61.4805
71.0668
0.0724619
0.00897588
-0.0456266
-0.0354987
0.263837
0.998419
3.21055
12.9142
31.9827
48.8322
-0.325381
-0.325336
-0.330126
-0.339967
-0.347845
-0.321103
-0.195103
0.243184
8.43032
30.9165
-0.386932
-0.398075
-0.414782
-0.426426
-0.428515
-0.427723
-0.419285
-0.382354
0.526792
14.1587
-0.457339
-0.472017
-0.490552
-0.505302
-0.51644
-0.537325
-0.5552
-0.553632
-0.603337
-0.378319
-0.528094
-0.537619
-0.549809
-0.56606
-0.58934
-0.622831
-0.637012
-0.605884
-0.575604
-0.535375
-0.579916
-0.582691
-0.58927
-0.610674
-0.650344
-0.673788
-0.66559
-0.645593
-0.647747
-0.627824
-0.621845
-0.623231
-0.625147
-0.636269
-0.668814
-0.703156
-0.706129
-0.693299
-0.705659
-0.684505
-0.665051
-0.665623
-0.666464
-0.667447
-0.672852
-0.690425
-0.713674
-0.726567
-0.733624
-0.719191
-0.710454
-0.709585
-0.708665
-0.707288
-0.70541
-0.704869
-0.717455
-0.735392
-0.741789
-0.73236
-0.756676
-0.755257
-0.754019
-0.752551
-0.751535
-0.753505
-0.760683
-0.769113
-0.76674
-0.766391
-0.804046
-0.802678
-0.801675
-0.801399
-0.801978
-0.806528
-0.814943
-0.817856
-0.80862
-0.806664
-0.849909
-0.849218
-0.848306
-0.847633
-0.847718
-0.8461
-0.839544
-0.836063
-0.841399
-0.846733
-0.898592
-0.897601
-0.896449
-0.895894
-0.896384
-0.894869
-0.887525
-0.881326
-0.889477
-0.891715
-0.947969
-0.946784
-0.945447
-0.944697
-0.944792
-0.942746
-0.935941
-0.931769
-0.937215
-0.939765
-0.99806
-0.996788
-0.995274
-0.994043
-0.993478
-0.992176
-0.987442
-0.983881
-0.988095
-0.989896
-1.04897
-1.04771
-1.04607
-1.04444
-1.04293
-1.04191
-1.04048
-1.0387
-1.04052
-1.04096
-1.10061
-1.09946
-1.0978
-1.09607
-1.09419
-1.09241
-1.09139
-1.09111
-1.09196
-1.09221
-1.15281
-1.15185
-1.15025
-1.14863
-1.14682
-1.14506
-1.14369
-1.14323
-1.14388
-1.14418
-1.20529
-1.20456
-1.20307
-1.20162
-1.2
-1.1985
-1.19727
-1.19667
-1.19686
-1.19696
-1.25775
-1.25725
-1.25589
-1.25464
-1.25322
-1.25192
-1.25089
-1.25028
-1.25015
-1.25012
-1.31001
-1.3097
-1.3085
-1.30748
-1.30627
-1.30519
-1.30431
-1.30373
-1.30348
-1.30338
-1.36203
-1.36186
-1.36086
-1.36008
-1.35911
-1.35825
-1.35754
-1.35704
-1.35676
-1.35664
-1.41397
-1.41384
-1.41308
-1.41252
-1.4118
-1.41116
-1.41061
-1.41021
-1.40997
-1.40986
-1.46596
-1.46585
-1.46531
-1.46494
-1.46444
-1.464
-1.46361
-1.46331
-1.46312
-1.46303
-1.51812
-1.51806
-1.5177
-1.51747
-1.51716
-1.51686
-1.51659
-1.51638
-1.51623
-1.51616
-1.57063
-1.57059
-1.57036
-1.57021
-1.57001
-1.5698
-1.5696
-1.56943
-1.56932
-1.56926
-1.62351
-1.62347
-1.62329
-1.62316
-1.62298
-1.6228
-1.62263
-1.62248
-1.62237
-1.62231
-1.6767
-1.6766
-1.67641
-1.67623
-1.67603
-1.67583
-1.67564
-1.67548
-1.67536
-1.6753
-1.73002
-1.72982
-1.72956
-1.72931
-1.72905
-1.7288
-1.72857
-1.72838
-1.72824
-1.72818
-1.78318
-1.78291
-1.78259
-1.78226
-1.78194
-1.78163
-1.78136
-1.78114
-1.78098
-1.78091
-1.83619
-1.83585
-1.83548
-1.83506
-1.83467
-1.8343
-1.83398
-1.83373
-1.83355
-1.83347
-0.848665
-0.848032
-0.846719
-0.846287
-0.84606
-0.841672
-0.835713
-0.833166
-0.839579
-0.84459
-0.897608
-0.896642
-0.895344
-0.895385
-0.897307
-0.897688
-0.892276
-0.884693
-0.887715
-0.889772
-0.947078
-0.945895
-0.944463
-0.944026
-0.945431
-0.946332
-0.940065
-0.931047
-0.936468
-0.93992
-0.997217
-0.995975
-0.994342
-0.993023
-0.992512
-0.992532
-0.988917
-0.984399
-0.990297
-0.989959
-1.04826
-1.04709
-1.04529
-1.04346
-1.04141
-1.03962
-1.03848
-1.03849
-1.04126
-1.0412
-1.10013
-1.09914
-1.09729
-1.0954
-1.09311
-1.09057
-1.08876
-1.08919
-1.09131
-1.09182
-1.15264
-1.15189
-1.15007
-1.14833
-1.14627
-1.14417
-1.14246
-1.14189
-1.14322
-1.14363
-1.20542
-1.20493
-1.2032
-1.20165
-1.1998
-1.19807
-1.19673
-1.19604
-1.19645
-1.1966
-1.25809
-1.25783
-1.25622
-1.25488
-1.25325
-1.2518
-1.25064
-1.24998
-1.2499
-1.2499
-1.31036
-1.31028
-1.30886
-1.30777
-1.30639
-1.30519
-1.30421
-1.30358
-1.30333
-1.30324
-1.36221
-1.36226
-1.3611
-1.36029
-1.35919
-1.35827
-1.35749
-1.35695
-1.35666
-1.35655
-1.41398
-1.414
-1.41313
-1.41258
-1.4118
-1.41113
-1.41056
-1.41015
-1.4099
-1.40979
-1.46577
-1.46577
-1.46518
-1.46487
-1.46436
-1.46393
-1.46355
-1.46325
-1.46306
-1.46298
-1.5178
-1.51784
-1.51747
-1.51733
-1.51704
-1.51678
-1.51654
-1.51633
-1.51619
-1.51613
-1.57024
-1.57034
-1.57013
-1.57007
-1.56991
-1.56974
-1.56957
-1.56942
-1.56931
-1.56925
-1.62323
-1.62332
-1.62316
-1.62309
-1.62295
-1.6228
-1.62264
-1.6225
-1.62239
-1.62234
-1.6766
-1.67661
-1.67641
-1.67627
-1.67608
-1.67589
-1.6757
-1.67554
-1.67542
-1.67536
-1.73012
-1.72999
-1.72969
-1.72944
-1.72917
-1.72891
-1.72868
-1.72847
-1.72833
-1.72826
-1.78337
-1.78311
-1.78275
-1.78242
-1.78209
-1.78177
-1.78149
-1.78125
-1.78108
-1.781
-1.83625
-1.83599
-1.83563
-1.83522
-1.83481
-1.83443
-1.8341
-1.83383
-1.83364
-1.83355
-0.846717
-0.846438
-0.8447
-0.843863
-0.84208
-0.836623
-0.831597
-0.83146
-0.844657
-0.84821
-0.895996
-0.895244
-0.893759
-0.89387
-0.895289
-0.89543
-0.890991
-0.886243
-0.890865
-0.892933
-0.945476
-0.944548
-0.943088
-0.943
-0.944599
-0.94659
-0.942937
-0.93568
-0.93488
-0.939125
-0.995556
-0.994748
-0.993004
-0.991949
-0.991704
-0.992018
-0.989972
-0.984735
-0.989639
-0.98982
-1.04683
-1.04623
-1.04415
-1.0423
-1.04013
-1.03783
-1.03579
-1.03597
-1.03965
-1.04111
-1.09917
-1.0988
-1.09655
-1.09457
-1.09176
-1.08826
-1.08563
-1.08635
-1.08943
-1.09103
-1.15237
-1.15222
-1.14993
-1.14811
-1.14561
-1.14278
-1.14012
-1.13971
-1.14194
-1.14287
-1.20592
-1.20601
-1.20371
-1.20203
-1.19978
-1.19767
-1.19586
-1.195
-1.19583
-1.19615
-1.25912
-1.25938
-1.25714
-1.25561
-1.25357
-1.25183
-1.2504
-1.24961
-1.24961
-1.24964
-1.31138
-1.3118
-1.30979
-1.30852
-1.30676
-1.30535
-1.30417
-1.30344
-1.30317
-1.30308
-1.36273
-1.36327
-1.36168
-1.36079
-1.35942
-1.35837
-1.35747
-1.35686
-1.35655
-1.35642
-1.41402
-1.41435
-1.41323
-1.41271
-1.41178
-1.4111
-1.41049
-1.41005
-1.40978
-1.40967
-1.46529
-1.46555
-1.46485
-1.46467
-1.46415
-1.46378
-1.46342
-1.46314
-1.46295
-1.46286
-1.51688
-1.51726
-1.51686
-1.51695
-1.51673
-1.51658
-1.5164
-1.51623
-1.5161
-1.51605
-1.5692
-1.5697
-1.56949
-1.5697
-1.56964
-1.56959
-1.56948
-1.56936
-1.56926
-1.56923
-1.62239
-1.62294
-1.62278
-1.62292
-1.62285
-1.62277
-1.62266
-1.62253
-1.62243
-1.62238
-1.6763
-1.67669
-1.67642
-1.67635
-1.67618
-1.67602
-1.67584
-1.67567
-1.67554
-1.67547
-1.7305
-1.73045
-1.73001
-1.72974
-1.72945
-1.72918
-1.72892
-1.72868
-1.72851
-1.72842
-1.78386
-1.78354
-1.78313
-1.7828
-1.78244
-1.78209
-1.78177
-1.78149
-1.78129
-1.78119
-1.83601
-1.83626
-1.83595
-1.83556
-1.83514
-1.83473
-1.83436
-1.83405
-1.83383
-1.83372
-0.844462
-0.84467
-0.842187
-0.841289
-0.839373
-0.836414
-0.834955
-0.838436
-0.851592
-0.8546
-0.894001
-0.893405
-0.891561
-0.891548
-0.892681
-0.89375
-0.89252
-0.89225
-0.898596
-0.896908
-0.942926
-0.942494
-0.941018
-0.94107
-0.943064
-0.94672
-0.946246
-0.942669
-0.945239
-0.942258
-0.992625
-0.992937
-0.991112
-0.990329
-0.990539
-0.992284
-0.992181
-0.99003
-0.99157
-0.991981
-1.04432
-1.04517
-1.0426
-1.04108
-1.03919
-1.03721
-1.0354
-1.0357
-1.03825
-1.04085
-1.09752
-1.09844
-1.09553
-1.09388
-1.09137
-1.08817
-1.08495
-1.0851
-1.08829
-1.09029
-1.15225
-1.15281
-1.14989
-1.14822
-1.14568
-1.14306
-1.14051
-1.13958
-1.1416
-1.14255
-1.20754
-1.2082
-1.20499
-1.20302
-1.20034
-1.19805
-1.19614
-1.19513
-1.19567
-1.19596
-1.26182
-1.26267
-1.25925
-1.25715
-1.25444
-1.25233
-1.25063
-1.24966
-1.2495
-1.24949
-1.3137
-1.31511
-1.3118
-1.30997
-1.30758
-1.30582
-1.30436
-1.30345
-1.30307
-1.30295
-1.36464
-1.36552
-1.36292
-1.36167
-1.35988
-1.35863
-1.35754
-1.35682
-1.35643
-1.35628
-1.41488
-1.41502
-1.41346
-1.41287
-1.41178
-1.41109
-1.41042
-1.40994
-1.40965
-1.40954
-1.46468
-1.46503
-1.46421
-1.46423
-1.46377
-1.46355
-1.46325
-1.463
-1.46282
-1.46275
-1.51515
-1.51608
-1.51571
-1.51622
-1.5162
-1.51629
-1.51623
-1.51613
-1.51601
-1.51595
-1.56702
-1.56832
-1.56831
-1.56905
-1.56921
-1.56939
-1.5694
-1.56933
-1.56925
-1.5692
-1.62069
-1.62212
-1.6222
-1.62267
-1.62272
-1.62279
-1.62274
-1.62262
-1.62252
-1.62246
-1.67619
-1.67699
-1.67664
-1.6766
-1.67642
-1.6763
-1.67612
-1.67591
-1.67575
-1.67565
-1.73173
-1.73162
-1.73077
-1.7304
-1.73
-1.72969
-1.72937
-1.72906
-1.72882
-1.7287
-1.78552
-1.78458
-1.78389
-1.78352
-1.78311
-1.7827
-1.78229
-1.78192
-1.78165
-1.7815
-1.83753
-1.8368
-1.83657
-1.83616
-1.83574
-1.83527
-1.83482
-1.83444
-1.83416
-1.83401
-0.843588
-0.843689
-0.839574
-0.838907
-0.83786
-0.837201
-0.835973
-0.842959
-0.852377
-0.853367
-0.892482
-0.891088
-0.888949
-0.888814
-0.889779
-0.892868
-0.893124
-0.896059
-0.900391
-0.897962
-0.938572
-0.939146
-0.938223
-0.938296
-0.939888
-0.944082
-0.946624
-0.946178
-0.946782
-0.944638
-0.986875
-0.99043
-0.988508
-0.987965
-0.988208
-0.990162
-0.992112
-0.991613
-0.991418
-0.992506
-1.0394
-1.04458
-1.04026
-1.03927
-1.03818
-1.03722
-1.0365
-1.03682
-1.03806
-1.04
-1.09534
-1.09923
-1.09377
-1.09282
-1.09107
-1.08917
-1.08717
-1.08674
-1.08892
-1.09029
-1.15398
-1.15477
-1.15013
-1.1485
-1.14599
-1.14385
-1.14193
-1.14102
-1.14219
-1.14277
-1.21335
-1.21311
-1.20782
-1.20487
-1.20139
-1.19887
-1.19688
-1.1958
-1.1959
-1.19603
-1.27037
-1.26968
-1.26358
-1.25986
-1.25592
-1.25322
-1.25115
-1.24996
-1.24957
-1.24946
-1.32236
-1.32091
-1.31551
-1.31234
-1.30885
-1.3065
-1.30466
-1.30355
-1.30302
-1.30282
-1.37244
-1.36917
-1.36494
-1.36287
-1.36045
-1.35886
-1.35753
-1.35669
-1.35624
-1.35606
-1.41882
-1.41593
-1.41362
-1.41277
-1.41153
-1.41082
-1.4101
-1.40963
-1.40934
-1.40924
-1.46385
-1.46397
-1.46287
-1.46313
-1.4629
-1.46293
-1.46274
-1.46261
-1.46249
-1.46245
-1.51126
-1.51396
-1.51351
-1.51468
-1.5151
-1.51558
-1.51575
-1.51576
-1.51574
-1.51572
-1.56217
-1.56665
-1.56633
-1.56773
-1.56833
-1.56891
-1.56912
-1.56915
-1.56912
-1.56909
-1.61707
-1.62141
-1.62149
-1.62222
-1.62242
-1.62272
-1.62278
-1.62269
-1.62258
-1.62251
-1.67544
-1.67856
-1.67757
-1.67708
-1.67679
-1.67672
-1.67652
-1.67625
-1.67602
-1.67589
-1.73437
-1.73415
-1.73254
-1.73159
-1.73097
-1.73056
-1.7301
-1.72963
-1.72928
-1.72908
-1.78754
-1.78605
-1.78533
-1.78485
-1.78432
-1.78377
-1.78317
-1.7826
-1.78219
-1.78197
-1.83989
-1.83923
-1.83787
-1.83731
-1.8368
-1.8362
-1.83559
-1.83504
-1.83465
-1.83444
-0.851305
-0.8432
-0.836925
-0.835592
-0.835439
-0.836596
-0.838157
-0.844385
-0.848799
-0.84946
-0.893315
-0.887735
-0.885801
-0.885109
-0.885962
-0.888323
-0.890789
-0.894025
-0.896235
-0.89576
-0.933822
-0.932694
-0.934268
-0.934297
-0.935705
-0.93834
-0.940998
-0.942542
-0.943235
-0.943153
-0.982574
-0.986671
-0.984509
-0.984195
-0.985147
-0.98658
-0.988369
-0.98934
-0.989466
-0.990796
-1.03854
-1.04292
-1.03562
-1.03568
-1.03625
-1.03644
-1.03667
-1.03721
-1.03838
-1.03962
-1.09872
-1.09392
-1.08844
-1.08977
-1.08996
-1.08935
-1.08866
-1.08853
-1.08983
-1.09063
-1.16393
-1.15381
-1.1486
-1.14776
-1.1462
-1.14443
-1.14297
-1.14227
-1.14271
-1.14305
-1.23218
-1.22114
-1.2127
-1.20741
-1.20318
-1.20004
-1.19776
-1.19648
-1.19617
-1.19615
-1.29212
-1.28348
-1.27197
-1.26426
-1.25863
-1.25475
-1.25202
-1.25042
-1.2497
-1.24947
-1.33933
-1.33016
-1.32204
-1.31608
-1.31123
-1.30782
-1.30534
-1.30384
-1.30305
-1.30276
-1.38258
-1.37207
-1.36748
-1.3645
-1.36161
-1.35952
-1.35785
-1.35678
-1.35617
-1.35593
-1.4228
-1.41535
-1.41294
-1.41222
-1.41133
-1.41074
-1.41002
-1.40951
-1.40913
-1.40896
-1.46286
-1.46153
-1.45998
-1.46108
-1.46176
-1.46234
-1.46234
-1.46225
-1.46215
-1.4621
-1.50655
-1.50877
-1.50881
-1.51183
-1.51356
-1.51482
-1.51527
-1.51541
-1.51543
-1.51542
-1.55637
-1.55889
-1.56198
-1.56517
-1.56716
-1.56839
-1.56888
-1.56898
-1.56896
-1.56892
-1.61483
-1.6165
-1.62128
-1.62138
-1.62216
-1.62284
-1.623
-1.62284
-1.62267
-1.62256
-1.68389
-1.68195
-1.68074
-1.67773
-1.67746
-1.67754
-1.67728
-1.67681
-1.67642
-1.67621
-1.73706
-1.73825
-1.73598
-1.7336
-1.73268
-1.73218
-1.73142
-1.73058
-1.72997
-1.72966
-1.78163
-1.78351
-1.7871
-1.78704
-1.78656
-1.78575
-1.78473
-1.78373
-1.78302
-1.78265
-1.8325
-1.83549
-1.8392
-1.83886
-1.83861
-1.83782
-1.8369
-1.83602
-1.83539
-1.83506
-0.868942
-0.837522
-0.834329
-0.830163
-0.831989
-0.834328
-0.837536
-0.841943
-0.845021
-0.846607
-0.897705
-0.880737
-0.882994
-0.879822
-0.882038
-0.884248
-0.887167
-0.890221
-0.892219
-0.893286
-0.931374
-0.928119
-0.930915
-0.928604
-0.931556
-0.933754
-0.936396
-0.938585
-0.939944
-0.940992
-0.986176
-0.989101
-0.980282
-0.978465
-0.98144
-0.98333
-0.985442
-0.987103
-0.988409
-0.989527
-1.05377
-1.05773
-1.02901
-1.02996
-1.03272
-1.0344
-1.03592
-1.03709
-1.03848
-1.03941
-1.12017
-1.09331
-1.07985
-1.08522
-1.08685
-1.08784
-1.08857
-1.08914
-1.09011
-1.09072
-1.18975
-1.14083
-1.14957
-1.14763
-1.14505
-1.14369
-1.14289
-1.14257
-1.14283
-1.14309
-1.26054
-1.22565
-1.22263
-1.21188
-1.20449
-1.2003
-1.19772
-1.19646
-1.19607
-1.196
-1.31498
-1.30079
-1.2867
-1.27117
-1.26143
-1.25562
-1.252
-1.25014
-1.24933
-1.24906
-1.34729
-1.34089
-1.33229
-1.32127
-1.31356
-1.30844
-1.30509
-1.30329
-1.30242
-1.3021
-1.37725
-1.36892
-1.36941
-1.36567
-1.36206
-1.35916
-1.35714
-1.35598
-1.35539
-1.35515
-1.42132
-1.4092
-1.41033
-1.40977
-1.40968
-1.40925
-1.40884
-1.40847
-1.4083
-1.40822
-1.46154
-1.458
-1.45419
-1.45639
-1.45887
-1.4605
-1.46113
-1.46132
-1.46139
-1.46141
-1.50334
-1.50531
-1.4991
-1.50623
-1.51044
-1.51325
-1.51433
-1.51471
-1.51483
-1.51486
-1.54797
-1.55003
-1.55649
-1.56058
-1.56488
-1.56755
-1.56849
-1.56865
-1.56863
-1.56857
-1.609
-1.60301
-1.62456
-1.61987
-1.62149
-1.62307
-1.62333
-1.62301
-1.62269
-1.6225
-1.63997
-1.69248
-1.68949
-1.67817
-1.67808
-1.67893
-1.67843
-1.67756
-1.67689
-1.67652
-1.7195
-1.75396
-1.74634
-1.73739
-1.73576
-1.73517
-1.73373
-1.73201
-1.7309
-1.73034
-1.7742
-1.77566
-1.7942
-1.79245
-1.79151
-1.78978
-1.78747
-1.78551
-1.78419
-1.78353
-1.82718
-1.83509
-1.8475
-1.84478
-1.84299
-1.84104
-1.83912
-1.83752
-1.83642
-1.83588
-0.889938
-0.814581
-0.831021
-0.822446
-0.827965
-0.831098
-0.835207
-0.839123
-0.842081
-0.844066
-0.917473
-0.852207
-0.880023
-0.872832
-0.878609
-0.880879
-0.884413
-0.887423
-0.889819
-0.891264
-0.953911
-0.887767
-0.92563
-0.920811
-0.928107
-0.930538
-0.933822
-0.936173
-0.938216
-0.939473
-1.02291
-0.955559
-0.969127
-0.969657
-0.978302
-0.98079
-0.983681
-0.98574
-0.987567
-0.988671
-1.10322
-0.989206
-0.998993
-1.01957
-1.02991
-1.03253
-1.03511
-1.03668
-1.03817
-1.03903
-1.18408
-0.99587
-1.03541
-1.07327
-1.08469
-1.08654
-1.08843
-1.08916
-1.09002
-1.09056
-1.23798
-1.06295
-1.12698
-1.14427
-1.14497
-1.14376
-1.14336
-1.14282
-1.14285
-1.14302
-1.26481
-1.18146
-1.23861
-1.21992
-1.20795
-1.20201
-1.1987
-1.1969
-1.19619
-1.196
-1.33511
-1.34481
-1.3194
-1.2847
-1.26707
-1.25811
-1.25309
-1.25056
-1.24948
-1.2491
-1.3533
-1.35495
-1.35433
-1.33217
-1.31895
-1.31072
-1.30586
-1.30343
-1.30234
-1.30197
-1.3373
-1.36351
-1.37347
-1.3695
-1.36467
-1.36019
-1.35714
-1.35561
-1.35495
-1.35471
-1.34991
-1.39993
-1.40454
-1.40768
-1.40934
-1.40895
-1.40811
-1.40772
-1.40759
-1.40754
-1.44423
-1.44771
-1.44623
-1.45239
-1.45752
-1.45924
-1.45998
-1.46038
-1.46056
-1.46064
-1.48159
-1.47406
-1.48066
-1.49725
-1.508
-1.51212
-1.51345
-1.51395
-1.5141
-1.51414
-1.53094
-1.51813
-1.54401
-1.55107
-1.56366
-1.56769
-1.56839
-1.56836
-1.56814
-1.56802
-1.43021
-1.60775
-1.63222
-1.61529
-1.62099
-1.62442
-1.62432
-1.62337
-1.62259
-1.62225
-1.66605
-1.71781
-1.70346
-1.67711
-1.6762
-1.68084
-1.68013
-1.6786
-1.67738
-1.67677
-1.79927
-1.7844
-1.7556
-1.74298
-1.73935
-1.74006
-1.73669
-1.73405
-1.73215
-1.73118
-1.78266
-1.79054
-1.80568
-1.80448
-1.80263
-1.79736
-1.79221
-1.78843
-1.78595
-1.78477
-1.82313
-1.84266
-1.86927
-1.86211
-1.85261
-1.84679
-1.84301
-1.83996
-1.83796
-1.83701
-0.629378
-0.738727
-0.819971
-0.809403
-0.821229
-0.824973
-0.832152
-0.836701
-0.839972
-0.842
-0.847586
-0.750749
-0.860508
-0.863063
-0.872437
-0.87404
-0.8817
-0.885219
-0.888139
-0.889728
-0.79728
-0.801427
-0.89786
-0.911036
-0.920634
-0.923453
-0.931545
-0.933969
-0.936942
-0.938341
-0.716808
-0.948361
-0.918783
-0.956315
-0.967654
-0.974187
-0.980822
-0.984027
-0.986605
-0.987855
-0.708162
-0.839878
-0.937969
-1.00251
-1.01585
-1.02587
-1.0319
-1.03501
-1.0373
-1.03836
-0.659888
-0.454119
-1.02636
-1.07314
-1.07316
-1.08137
-1.08513
-1.08735
-1.08905
-1.08985
-0.394078
-0.886994
-1.15818
-1.15377
-1.13972
-1.1409
-1.14065
-1.14089
-1.14165
-1.14206
-0.244934
-1.22835
-1.26427
-1.23579
-1.20807
-1.20161
-1.19663
-1.19508
-1.19473
-1.19473
-1.26158
-1.33053
-1.33865
-1.3011
-1.27037
-1.25843
-1.25167
-1.24898
-1.2479
-1.2476
-1.34719
-1.36049
-1.37032
-1.34445
-1.32294
-1.31097
-1.30454
-1.30195
-1.30095
-1.30066
-1.33213
-1.3539
-1.38133
-1.37231
-1.36488
-1.35879
-1.35528
-1.35395
-1.3535
-1.3534
-1.34181
-1.37636
-1.39543
-1.39781
-1.40348
-1.40566
-1.40559
-1.40583
-1.40605
-1.40619
-1.16628
-1.40624
-1.40773
-1.43683
-1.4508
-1.45603
-1.45752
-1.45858
-1.45908
-1.45932
-0.85239
-1.34276
-1.42599
-1.48045
-1.50305
-1.51096
-1.51211
-1.51283
-1.51292
-1.51298
-0.93119
-1.23552
-1.51352
-1.53211
-1.5639
-1.57004
-1.56875
-1.5682
-1.56731
-1.56704
-1.32592
-1.34229
-1.66318
-1.60962
-1.62126
-1.6301
-1.62671
-1.62413
-1.62216
-1.62155
-1.79269
-1.88121
-1.75745
-1.64672
-1.66011
-1.68789
-1.68397
-1.68021
-1.67768
-1.67669
-1.7976
-1.8367
-1.80705
-1.7548
-1.74802
-1.75238
-1.74487
-1.73757
-1.73374
-1.73196
-1.79091
-1.8441
-1.79201
-1.79764
-1.83043
-1.81812
-1.80272
-1.79315
-1.78829
-1.78608
-1.8671
-1.88469
-1.90874
-1.90011
-1.87449
-1.85977
-1.85069
-1.84385
-1.83997
-1.83824
1.13207
-0.788231
-0.850226
-0.815818
-0.818945
-0.82477
-0.831285
-0.835609
-0.838892
-0.840884
-0.26288
-0.921463
-0.90833
-0.87077
-0.872182
-0.875542
-0.881345
-0.884469
-0.887376
-0.888949
1.80198
-0.963681
-0.946653
-0.931832
-0.925289
-0.926535
-0.93156
-0.933584
-0.936582
-0.937845
2.25414
-1.04694
-0.984526
-0.98699
-0.978865
-0.978322
-0.98218
-0.98397
-0.986462
-0.987591
1.83483
-1.08112
-0.995225
-1.03243
-1.02987
-1.03034
-1.03416
-1.03526
-1.03745
-1.0383
2.0006
-1.12261
-0.972485
-1.07935
-1.0828
-1.08523
-1.08713
-1.08785
-1.08945
-1.08998
2.60639
-1.37994
-1.03799
-1.14748
-1.14359
-1.14399
-1.1416
-1.14121
-1.14207
-1.14229
2.61045
-1.18817
-1.2699
-1.24001
-1.21147
-1.20397
-1.197
-1.19487
-1.19502
-1.19498
-1.50722
-0.973166
-1.35826
-1.31156
-1.2754
-1.26145
-1.2516
-1.24828
-1.24777
-1.24768
-1.41331
-1.41559
-1.43754
-1.36228
-1.33305
-1.31424
-1.304
-1.30073
-1.30016
-1.30006
-1.36373
-1.38567
-1.40603
-1.38195
-1.37407
-1.36052
-1.35367
-1.35217
-1.35232
-1.3525
-1.28077
-1.39862
-1.39762
-1.40417
-1.41318
-1.40657
-1.40319
-1.40366
-1.40458
-1.40509
-0.267822
-1.42543
-1.40734
-1.44874
-1.46292
-1.4574
-1.45542
-1.4566
-1.4575
-1.45811
0.259441
-1.51273
-1.40432
-1.48418
-1.51667
-1.51735
-1.51233
-1.51196
-1.51165
-1.51177
-0.548774
-1.41856
-1.45378
-1.51703
-1.57439
-1.5819
-1.57317
-1.56885
-1.56617
-1.5655
-1.10967
-0.527724
-1.67267
-1.58898
-1.60378
-1.64233
-1.63199
-1.62524
-1.62085
-1.61988
-1.77517
-1.75666
-1.64216
-1.6074
-1.61935
-1.68594
-1.68714
-1.68137
-1.67687
-1.6759
-1.7915
-1.86931
-1.82861
-1.73536
-1.79223
-1.78142
-1.76142
-1.7423
-1.73565
-1.73266
-1.81538
-1.8892
-1.94312
-1.96022
-1.85191
-1.8506
-1.8225
-1.8019
-1.79185
-1.7878
-1.84967
-1.89259
-1.91436
-1.92634
-1.91183
-1.87488
-1.85981
-1.8486
-1.84238
-1.83981
2.00559
0.913156
-0.928365
-0.840177
-0.817367
-0.822305
-0.829388
-0.834808
-0.838604
-0.840656
0.68408
2.72892
-0.710377
-0.868221
-0.8578
-0.868136
-0.877685
-0.883297
-0.886949
-0.888752
0.808562
3.08092
-0.694675
-0.921635
-0.911027
-0.915588
-0.926021
-0.93215
-0.93583
-0.937546
1.62755
2.76931
-0.797892
-0.973388
-0.967859
-0.967223
-0.975689
-0.981933
-0.985468
-0.987122
0.940995
3.14734
-0.818767
-1.00778
-1.0161
-1.01938
-1.02668
-1.03262
-1.03598
-1.03755
0.895081
2.65611
-0.497613
-1.07172
-1.0748
-1.07419
-1.07911
-1.08434
-1.08742
-1.08881
0.758511
2.35549
0.210574
-1.15561
-1.15326
-1.13439
-1.13351
-1.13725
-1.13957
-1.14069
0.225629
2.20317
0.718233
-1.23146
-1.22278
-1.19744
-1.1892
-1.19058
-1.1922
-1.19299
-1.49328
-0.435209
-0.48001
-1.27411
-1.28313
-1.25888
-1.24546
-1.24406
-1.24504
-1.24558
-1.42576
-1.35883
-1.3873
-1.29599
-1.33304
-1.31394
-1.29945
-1.29679
-1.29766
-1.29822
-1.36589
-1.38186
-1.40052
-1.36317
-1.35504
-1.35263
-1.34788
-1.34829
-1.3499
-1.35073
-1.34704
-1.42175
-1.41522
-1.37506
-1.36039
-1.38509
-1.39358
-1.39962
-1.40217
-1.4033
-1.34652
-1.43733
-1.43867
-1.42076
-1.45221
-1.42946
-1.44087
-1.45248
-1.45524
-1.4561
-0.944073
-0.687875
-0.698095
-1.26864
-1.50153
-1.50011
-1.49963
-1.50762
-1.51017
-1.50992
-0.615396
-0.282246
0.369541
-0.764435
-1.5208
-1.5817
-1.56765
-1.56604
-1.56456
-1.56225
-0.400374
-0.942118
-0.767961
-0.00455142
-0.715685
-1.61326
-1.62941
-1.62457
-1.61799
-1.61561
-1.13977
-0.385627
-0.163406
-0.436408
-0.377683
-1.53901
-1.67848
-1.67965
-1.67349
-1.67228
-1.87267
-1.88173
-1.90188
-2.007
-2.14094
-1.63286
-1.77364
-1.74329
-1.73374
-1.73082
-1.85397
-1.8842
-1.9236
-1.99674
-2.04833
-1.97068
-1.82681
-1.81161
-1.79526
-1.78799
-1.82316
-1.85228
-1.88284
-1.91343
-1.92449
-1.91075
-1.89333
-1.86391
-1.84679
-1.84083
-0.803425
-0.834162
-0.918681
-0.836265
-0.829568
-0.828557
-0.832979
-0.836984
-0.840071
-0.841911
-0.865319
-0.846189
-0.935042
-0.882482
-0.876696
-0.876713
-0.882172
-0.885733
-0.888534
-0.889965
-0.456967
-0.845317
-0.943603
-0.928465
-0.925301
-0.925063
-0.931587
-0.934761
-0.937383
-0.938709
0.940467
-0.84807
-0.95688
-0.97246
-0.975657
-0.976018
-0.981158
-0.984522
-0.987094
-0.988255
2.01125
-0.919139
-1.00238
-1.02131
-1.02635
-1.02811
-1.0322
-1.03534
-1.03752
-1.03864
0.0160309
-1.10305
-1.13364
-1.09421
-1.08463
-1.08248
-1.08467
-1.0872
-1.08907
-1.08996
-1.06381
-1.01673
-1.19436
-1.16027
-1.14446
-1.13756
-1.13794
-1.13974
-1.14112
-1.14181
-1.30243
-0.81733
-1.14186
-1.18798
-1.18986
-1.19014
-1.19079
-1.1924
-1.19351
-1.19404
-1.3948
-0.399273
-1.10909
-1.19942
-1.22705
-1.23968
-1.24303
-1.24486
-1.24595
-1.24644
-1.39498
-1.39247
-1.28637
-1.27089
-1.2777
-1.28871
-1.2946
-1.29692
-1.29826
-1.29884
-1.38693
-1.43511
-1.22706
-1.20643
-1.32642
-1.33998
-1.34565
-1.34852
-1.35043
-1.35124
-1.40248
-1.44466
-1.28335
-1.19549
-1.36772
-1.38703
-1.39509
-1.40018
-1.40273
-1.40379
-1.4465
-1.47048
-1.50796
-1.42898
-1.39345
-1.43096
-1.44479
-1.45293
-1.45553
-1.45673
-1.49138
-1.49191
-1.52238
-1.57381
-1.53717
-1.49551
-1.50249
-1.50861
-1.50972
-1.51037
-1.51388
-1.50276
-1.52297
-1.57098
-1.62338
-1.57629
-1.56925
-1.56626
-1.56441
-1.56405
-1.56123
-1.54572
-1.53588
-1.55782
-1.60982
-1.6322
-1.63343
-1.62353
-1.61922
-1.61862
-1.70322
-1.67456
-1.62281
-1.69317
-1.6259
-1.66977
-1.68488
-1.67952
-1.67561
-1.67474
-1.79886
-1.64874
-1.4657
-1.64996
-1.61557
-1.73075
-1.75323
-1.73981
-1.73399
-1.73152
-1.81086
-1.64052
-1.84456
-1.70527
-1.70044
-1.801
-1.82477
-1.79893
-1.79153
-1.78711
-1.83609
-1.87879
-1.89275
-1.92365
-1.94023
-1.91388
-1.87463
-1.85178
-1.84297
-1.83955
-0.800894
-0.833947
-0.846125
-0.835653
-0.832077
-0.83249
-0.835859
-0.839403
-0.842291
-0.843985
-0.818254
-0.862694
-0.891327
-0.885337
-0.882062
-0.882292
-0.885312
-0.88816
-0.890347
-0.891789
-0.91428
-0.901571
-0.935238
-0.934569
-0.931884
-0.931901
-0.934638
-0.93706
-0.938984
-0.940249
-1.09807
-0.964375
-0.988646
-0.986351
-0.983156
-0.982561
-0.984546
-0.986642
-0.988295
-0.989483
-1.05494
-1.02664
-1.05467
-1.04202
-1.03623
-1.03452
-1.0357
-1.03731
-1.03874
-1.03963
-1.01676
-1.1094
-1.12383
-1.10029
-1.09156
-1.08776
-1.08788
-1.08896
-1.0901
-1.0909
-1.07142
-1.14331
-1.17041
-1.15026
-1.14535
-1.141
-1.14047
-1.14116
-1.14205
-1.14257
-1.24976
-1.14335
-1.18343
-1.19067
-1.19487
-1.19302
-1.19282
-1.19353
-1.19428
-1.19466
-1.33636
-1.26036
-1.21482
-1.23755
-1.24617
-1.245
-1.24507
-1.24592
-1.24661
-1.24697
-1.37959
-1.41108
-1.33395
-1.31091
-1.30323
-1.29863
-1.2975
-1.29828
-1.299
-1.29939
-1.39054
-1.42277
-1.42471
-1.38695
-1.35809
-1.35183
-1.34972
-1.35055
-1.35143
-1.3519
-1.40919
-1.4319
-1.4526
-1.4536
-1.41441
-1.40361
-1.40159
-1.40284
-1.40407
-1.40461
-1.44714
-1.46829
-1.49629
-1.50613
-1.48103
-1.45678
-1.45474
-1.4558
-1.45703
-1.45764
-1.49805
-1.51203
-1.52857
-1.55023
-1.54957
-1.51788
-1.51109
-1.51007
-1.5108
-1.51119
-1.54458
-1.54083
-1.54282
-1.55816
-1.59021
-1.57912
-1.5697
-1.56568
-1.56504
-1.5651
-1.60123
-1.58053
-1.56376
-1.55613
-1.59708
-1.62454
-1.62465
-1.62112
-1.61978
-1.6195
-1.67168
-1.66148
-1.62656
-1.60303
-1.6206
-1.66541
-1.67562
-1.6761
-1.67505
-1.67458
-1.75155
-1.76661
-1.7516
-1.73424
-1.7111
-1.73842
-1.73775
-1.73386
-1.73114
-1.72992
-1.7943
-1.81499
-1.81384
-1.58887
-1.77495
-1.81811
-1.8049
-1.79193
-1.78673
-1.78444
-1.83946
-1.85969
-1.84842
-1.69966
-1.84343
-1.86943
-1.85417
-1.84407
-1.83908
-1.83679
-0.817964
-0.832523
-0.835092
-0.833318
-0.83382
-0.83565
-0.838801
-0.842451
-0.845404
-0.846916
-0.857829
-0.877538
-0.884686
-0.883922
-0.88476
-0.886381
-0.888947
-0.891487
-0.893342
-0.894382
-0.933753
-0.927009
-0.934776
-0.93465
-0.935197
-0.936267
-0.93813
-0.939967
-0.941377
-0.942407
-1.01882
-0.979633
-0.990749
-0.987122
-0.9864
-0.986603
-0.987662
-0.988889
-0.990134
-0.991226
-1.06999
-1.03735
-1.04802
-1.04036
-1.03898
-1.03808
-1.03839
-1.03918
-1.04015
-1.04116
-1.12343
-1.10258
-1.10527
-1.09462
-1.09231
-1.09047
-1.09024
-1.09063
-1.09136
-1.09204
-1.19401
-1.15789
-1.15689
-1.14727
-1.14526
-1.14305
-1.14257
-1.14273
-1.1432
-1.14363
-1.26001
-1.19991
-1.20099
-1.1969
-1.19718
-1.19546
-1.19501
-1.19509
-1.19541
-1.19569
-1.31522
-1.28167
-1.25081
-1.25001
-1.25017
-1.24828
-1.24759
-1.24759
-1.24781
-1.24801
-1.35432
-1.35125
-1.32514
-1.3115
-1.30558
-1.3019
-1.30038
-1.30016
-1.30032
-1.30048
-1.3858
-1.39183
-1.38455
-1.37153
-1.36037
-1.3552
-1.35309
-1.35274
-1.3529
-1.35307
-1.41655
-1.42454
-1.42947
-1.42405
-1.41424
-1.40799
-1.40571
-1.40541
-1.40564
-1.40583
-1.4578
-1.46506
-1.47282
-1.47254
-1.46744
-1.4608
-1.4587
-1.45842
-1.45866
-1.45885
-1.50467
-1.50785
-1.51473
-1.52093
-1.51907
-1.51501
-1.51269
-1.51203
-1.51213
-1.51223
-1.55371
-1.55091
-1.5539
-1.56178
-1.56865
-1.56901
-1.5672
-1.5661
-1.56594
-1.56591
-1.60786
-1.60301
-1.59992
-1.60252
-1.6136
-1.61997
-1.62087
-1.62039
-1.62002
-1.61991
-1.67026
-1.66614
-1.66148
-1.65769
-1.66409
-1.67223
-1.67455
-1.67484
-1.67449
-1.67425
-1.73809
-1.73929
-1.73075
-1.72131
-1.727
-1.73325
-1.7319
-1.73049
-1.72929
-1.72865
-1.78764
-1.79395
-1.80059
-1.78523
-1.78803
-1.79356
-1.78986
-1.78601
-1.7836
-1.78248
-1.83514
-1.84441
-1.86228
-1.83681
-1.84747
-1.84792
-1.84208
-1.83841
-1.83601
-1.83506
-0.829813
-0.835995
-0.836773
-0.836521
-0.836799
-0.838553
-0.842109
-0.8469
-0.850626
-0.850839
-0.878568
-0.885567
-0.887674
-0.888219
-0.888735
-0.890607
-0.89384
-0.896793
-0.898393
-0.897812
-0.935753
-0.938121
-0.93918
-0.939577
-0.939586
-0.940537
-0.942488
-0.944228
-0.945009
-0.945221
-0.997843
-0.992443
-0.992567
-0.991637
-0.990626
-0.990083
-0.990345
-0.991078
-0.991927
-0.993105
-1.05556
-1.04714
-1.04714
-1.04452
-1.0423
-1.04093
-1.04024
-1.04028
-1.04111
-1.04227
-1.11199
-1.10418
-1.10211
-1.09803
-1.09489
-1.09295
-1.09192
-1.09169
-1.09216
-1.09296
-1.17641
-1.16069
-1.15608
-1.15087
-1.14753
-1.1454
-1.14431
-1.14395
-1.14411
-1.14455
-1.2373
-1.21302
-1.20786
-1.20292
-1.19992
-1.19791
-1.19688
-1.19646
-1.19642
-1.19666
-1.28896
-1.26998
-1.26142
-1.25574
-1.25275
-1.25065
-1.24953
-1.24906
-1.24894
-1.24902
-1.33676
-1.32791
-1.31864
-1.31098
-1.30645
-1.3037
-1.30228
-1.3017
-1.30152
-1.30153
-1.38212
-1.37758
-1.37221
-1.36568
-1.3598
-1.3566
-1.35498
-1.35435
-1.35416
-1.35416
-1.41952
-1.42034
-1.4209
-1.41791
-1.4124
-1.40915
-1.40762
-1.40704
-1.40691
-1.40691
-1.46293
-1.46552
-1.46827
-1.46822
-1.46464
-1.4615
-1.46033
-1.45991
-1.45984
-1.45986
-1.51082
-1.51279
-1.5153
-1.51748
-1.5173
-1.51414
-1.51336
-1.51307
-1.51302
-1.51304
-1.5611
-1.56118
-1.56216
-1.56488
-1.56737
-1.56667
-1.56656
-1.56645
-1.56643
-1.56643
-1.6142
-1.61244
-1.6116
-1.61282
-1.61662
-1.61901
-1.6199
-1.62004
-1.62005
-1.62002
-1.67075
-1.66819
-1.66533
-1.66499
-1.66855
-1.6724
-1.67372
-1.67398
-1.67389
-1.67378
-1.72929
-1.72912
-1.72772
-1.72458
-1.72632
-1.72873
-1.72874
-1.72831
-1.72779
-1.72747
-1.78272
-1.78609
-1.78995
-1.7849
-1.78555
-1.78537
-1.78381
-1.78234
-1.78125
-1.78071
-1.83304
-1.83712
-1.84356
-1.83926
-1.84113
-1.83903
-1.83661
-1.83479
-1.83359
-1.83299
-0.839234
-0.840194
-0.839872
-0.839624
-0.83989
-0.842236
-0.846929
-0.853057
-0.859153
-0.858379
-0.888761
-0.890815
-0.891086
-0.891548
-0.892715
-0.896119
-0.90146
-0.904944
-0.906476
-0.902895
-0.940628
-0.942683
-0.942469
-0.942676
-0.943289
-0.94565
-0.949166
-0.950563
-0.950742
-0.948788
-0.995219
-0.995647
-0.994637
-0.993984
-0.99322
-0.992863
-0.993171
-0.993598
-0.99427
-0.995548
-1.05042
-1.04906
-1.04767
-1.04606
-1.0443
-1.04266
-1.04104
-1.04039
-1.04142
-1.04336
-1.10515
-1.10352
-1.10124
-1.09868
-1.09642
-1.09448
-1.09281
-1.09194
-1.09257
-1.09367
-1.16175
-1.158
-1.15453
-1.15129
-1.14887
-1.14693
-1.14549
-1.14474
-1.14484
-1.14537
-1.21838
-1.21137
-1.2073
-1.20371
-1.20136
-1.1995
-1.19822
-1.19752
-1.1974
-1.19759
-1.27195
-1.26547
-1.26038
-1.25643
-1.25406
-1.25217
-1.25089
-1.25019
-1.24993
-1.24995
-1.32294
-1.31877
-1.31387
-1.30986
-1.30701
-1.30493
-1.30358
-1.30285
-1.30253
-1.30247
-1.3709
-1.36904
-1.36587
-1.36269
-1.3597
-1.35755
-1.3562
-1.35549
-1.35517
-1.35509
-1.41744
-1.41686
-1.41597
-1.41423
-1.41184
-1.40994
-1.40876
-1.40814
-1.40787
-1.4078
-1.46451
-1.4651
-1.46545
-1.46498
-1.4636
-1.46217
-1.46131
-1.46086
-1.46068
-1.46063
-1.5139
-1.51439
-1.51493
-1.5154
-1.51519
-1.51443
-1.51399
-1.51373
-1.51363
-1.51362
-1.56483
-1.56447
-1.56473
-1.56565
-1.56647
-1.56672
-1.56678
-1.56675
-1.56674
-1.56674
-1.61734
-1.61637
-1.61604
-1.61665
-1.61816
-1.61925
-1.61977
-1.61994
-1.61998
-1.61999
-1.67156
-1.67061
-1.66979
-1.66974
-1.67105
-1.67248
-1.67317
-1.67335
-1.67334
-1.67331
-1.7266
-1.72659
-1.72597
-1.72509
-1.72577
-1.72676
-1.72699
-1.72687
-1.72666
-1.72652
-1.77985
-1.78083
-1.78144
-1.78047
-1.78104
-1.7812
-1.78075
-1.78012
-1.77964
-1.7794
-1.83144
-1.83273
-1.83418
-1.83394
-1.83428
-1.83402
-1.83319
-1.83246
-1.83193
-1.83168
-0.844852
-0.844148
-0.843303
-0.842972
-0.843739
-0.84705
-0.852473
-0.856818
-0.863482
-0.862255
-0.894855
-0.894712
-0.894357
-0.894857
-0.897236
-0.903081
-0.911527
-0.910492
-0.909347
-0.902965
-0.946276
-0.945985
-0.945338
-0.945475
-0.947085
-0.951576
-0.956855
-0.955642
-0.953614
-0.947993
-0.998318
-0.997922
-0.996707
-0.995958
-0.995424
-0.995682
-0.996109
-0.995387
-0.996482
-0.996778
-1.05098
-1.05041
-1.04873
-1.04732
-1.04561
-1.04348
-1.04067
-1.03952
-1.04149
-1.0446
-1.1042
-1.10341
-1.10132
-1.09945
-1.09736
-1.09519
-1.0927
-1.09116
-1.09238
-1.09418
-1.15742
-1.15655
-1.15404
-1.15186
-1.14967
-1.14774
-1.14602
-1.14497
-1.14522
-1.14595
-1.21115
-1.20951
-1.20671
-1.20433
-1.20216
-1.20039
-1.19895
-1.19815
-1.198
-1.19819
-1.26423
-1.26231
-1.25937
-1.25686
-1.25472
-1.25303
-1.25176
-1.25099
-1.25068
-1.25068
-1.31581
-1.31447
-1.31182
-1.30942
-1.30728
-1.30562
-1.30442
-1.30368
-1.30332
-1.30323
-1.36609
-1.36546
-1.36356
-1.36163
-1.35965
-1.35809
-1.35698
-1.35629
-1.35594
-1.35582
-1.41542
-1.41542
-1.41451
-1.41329
-1.41172
-1.4104
-1.40946
-1.40888
-1.40858
-1.40848
-1.46511
-1.46534
-1.46513
-1.46458
-1.46361
-1.46262
-1.46193
-1.4615
-1.46128
-1.46121
-1.51563
-1.51575
-1.51582
-1.51577
-1.51544
-1.51485
-1.51445
-1.5142
-1.51407
-1.51403
-1.56696
-1.56681
-1.56685
-1.56708
-1.56728
-1.56715
-1.56707
-1.567
-1.56695
-1.56695
-1.61914
-1.61878
-1.61863
-1.61884
-1.61933
-1.61966
-1.61985
-1.61991
-1.61992
-1.61993
-1.67216
-1.67181
-1.67154
-1.67157
-1.67208
-1.67257
-1.67285
-1.67293
-1.67293
-1.67293
-1.72554
-1.72547
-1.72527
-1.72512
-1.72549
-1.72586
-1.72598
-1.72595
-1.72587
-1.72582
-1.77845
-1.77875
-1.77897
-1.77886
-1.77905
-1.77912
-1.77894
-1.77874
-1.77855
-1.77845
-1.83058
-1.83103
-1.83159
-1.83158
-1.83177
-1.83162
-1.83131
-1.83101
-1.83079
-1.83068
-0.848579
-0.847419
-0.84649
-0.846349
-0.847982
-0.851718
-0.856409
-0.856515
-0.860089
-0.858349
-0.898411
-0.897586
-0.897068
-0.897628
-0.900616
-0.906435
-0.910436
-0.904205
-0.904742
-0.898368
-0.948766
-0.948203
-0.947546
-0.947736
-0.949902
-0.954352
-0.957438
-0.952338
-0.94902
-0.944027
-1.0002
-0.999431
-0.99834
-0.997566
-0.997299
-0.998008
-0.997789
-0.995271
-0.99622
-0.995568
-1.05201
-1.05118
-1.04975
-1.04839
-1.0467
-1.04449
-1.04159
-1.04043
-1.04305
-1.04582
-1.10423
-1.10337
-1.10174
-1.1001
-1.09814
-1.09579
-1.09283
-1.09142
-1.09302
-1.09509
-1.1566
-1.15576
-1.15398
-1.15224
-1.15035
-1.14844
-1.14651
-1.1453
-1.1458
-1.14658
-1.20922
-1.20819
-1.2063
-1.20452
-1.20272
-1.20108
-1.19967
-1.1988
-1.1987
-1.19891
-1.26158
-1.26045
-1.25858
-1.25682
-1.2551
-1.25362
-1.25242
-1.25166
-1.25134
-1.25134
-1.3132
-1.31232
-1.31065
-1.30904
-1.30743
-1.30607
-1.30501
-1.3043
-1.30393
-1.30384
-1.36413
-1.36361
-1.36234
-1.36102
-1.35963
-1.35843
-1.35749
-1.35686
-1.3565
-1.35638
-1.41474
-1.41447
-1.41367
-1.41274
-1.41166
-1.41068
-1.40991
-1.40938
-1.40908
-1.40897
-1.46542
-1.46527
-1.46486
-1.46431
-1.46359
-1.46289
-1.46232
-1.46192
-1.46169
-1.46161
-1.51647
-1.51634
-1.51614
-1.51588
-1.51552
-1.51511
-1.51476
-1.51451
-1.51436
-1.51432
-1.568
-1.56781
-1.56768
-1.56761
-1.56753
-1.56741
-1.56728
-1.56716
-1.56709
-1.56708
-1.62004
-1.61979
-1.61965
-1.61965
-1.61973
-1.61986
-1.6199
-1.61989
-1.61987
-1.61987
-1.67254
-1.67232
-1.67217
-1.67216
-1.6723
-1.67253
-1.67264
-1.67266
-1.67265
-1.67265
-1.72527
-1.72516
-1.72507
-1.72505
-1.72518
-1.72534
-1.72541
-1.72539
-1.72536
-1.72534
-1.77785
-1.77786
-1.77791
-1.77793
-1.77802
-1.77808
-1.77808
-1.77796
-1.77787
-1.77783
-1.83007
-1.83008
-1.83021
-1.83029
-1.83037
-1.83037
-1.83028
-1.83016
-1.83007
-1.83004
-0.85096
-0.849805
-0.849003
-0.849199
-0.851677
-0.857621
-0.86364
-0.863929
-0.858317
-0.8541
-0.900489
-0.899544
-0.898996
-0.899497
-0.902424
-0.908656
-0.912396
-0.908102
-0.902708
-0.89844
-0.950606
-0.949741
-0.949099
-0.949145
-0.950886
-0.955138
-0.958057
-0.952966
-0.949204
-0.946285
-1.00144
-1.00048
-0.999536
-0.998851
-0.998604
-0.999238
-1.00003
-0.998893
-0.998514
-0.996888
-1.05272
-1.05174
-1.05055
-1.0494
-1.04816
-1.04653
-1.04483
-1.04463
-1.0462
-1.04697
-1.10441
-1.10347
-1.10211
-1.10074
-1.09923
-1.09744
-1.09548
-1.09457
-1.09538
-1.09658
-1.15633
-1.15545
-1.15401
-1.15256
-1.151
-1.14943
-1.14797
-1.14709
-1.14721
-1.14778
-1.20839
-1.20753
-1.20606
-1.20461
-1.20311
-1.20169
-1.20049
-1.19974
-1.19955
-1.19968
-1.26033
-1.25952
-1.25811
-1.25673
-1.25531
-1.25403
-1.25297
-1.25226
-1.25194
-1.25191
-1.31195
-1.31128
-1.31004
-1.30879
-1.3075
-1.30635
-1.30541
-1.30476
-1.3044
-1.30429
-1.36324
-1.36274
-1.36176
-1.36072
-1.35961
-1.35863
-1.35781
-1.35723
-1.35689
-1.35677
-1.41436
-1.41401
-1.41331
-1.41252
-1.41165
-1.41085
-1.41018
-1.4097
-1.40941
-1.40929
-1.46552
-1.46525
-1.4648
-1.46427
-1.46365
-1.46305
-1.46255
-1.46218
-1.46196
-1.46187
-1.51689
-1.51666
-1.51638
-1.51605
-1.51567
-1.51528
-1.51495
-1.5147
-1.51455
-1.51449
-1.56855
-1.56834
-1.56815
-1.56797
-1.56778
-1.56758
-1.56741
-1.56727
-1.56718
-1.56715
-1.62055
-1.62034
-1.62019
-1.62009
-1.62003
-1.61999
-1.61993
-1.61987
-1.61983
-1.61983
-1.67283
-1.67265
-1.67252
-1.67247
-1.67247
-1.67251
-1.67251
-1.6725
-1.67248
-1.67248
-1.72526
-1.72512
-1.72503
-1.72499
-1.72503
-1.72507
-1.72508
-1.72507
-1.72505
-1.72505
-1.77766
-1.77755
-1.7775
-1.77749
-1.77752
-1.77754
-1.77753
-1.77749
-1.77746
-1.77745
-1.82991
-1.82975
-1.8297
-1.8297
-1.82973
-1.82973
-1.82971
-1.82967
-1.82965
-1.82964
-0.852435
-0.851308
-0.850664
-0.85096
-0.852381
-0.857457
-0.864002
-0.862481
-0.855296
-0.852118
-0.9017
-0.900731
-0.900252
-0.900553
-0.902198
-0.906012
-0.907773
-0.903677
-0.900582
-0.899587
-0.951644
-0.950697
-0.950068
-0.95007
-0.951274
-0.953976
-0.954084
-0.949846
-0.948482
-0.948527
-1.00213
-1.00118
-1.0003
-0.99974
-0.999711
-1.00074
-1.00162
-0.999962
-0.99864
-0.998158
-1.05313
-1.05218
-1.05109
-1.0501
-1.04917
-1.04837
-1.04798
-1.048
-1.04777
-1.04758
-1.10456
-1.10362
-1.10241
-1.10119
-1.09991
-1.09858
-1.09734
-1.09678
-1.09691
-1.09738
-1.15625
-1.15537
-1.15411
-1.1528
-1.15143
-1.15009
-1.1489
-1.14818
-1.1481
-1.14838
-1.20809
-1.20726
-1.20601
-1.20471
-1.20336
-1.20209
-1.20102
-1.20033
-1.20007
-1.20011
-1.25989
-1.25913
-1.25794
-1.25671
-1.25544
-1.25427
-1.2533
-1.25263
-1.25229
-1.25223
-1.31153
-1.31087
-1.30981
-1.3087
-1.30756
-1.30651
-1.30564
-1.30502
-1.30466
-1.30454
-1.36295
-1.36242
-1.36155
-1.36062
-1.35964
-1.35873
-1.35798
-1.35743
-1.35709
-1.35696
-1.41427
-1.41385
-1.41319
-1.41246
-1.41167
-1.41094
-1.41032
-1.40986
-1.40957
-1.40945
-1.46561
-1.46528
-1.46481
-1.46427
-1.46369
-1.46314
-1.46266
-1.46231
-1.46208
-1.46199
-1.5171
-1.51683
-1.5165
-1.51614
-1.51575
-1.51537
-1.51504
-1.51479
-1.51463
-1.51457
-1.56882
-1.56859
-1.56835
-1.56812
-1.56789
-1.56767
-1.56747
-1.56731
-1.56722
-1.56718
-1.62079
-1.62058
-1.62041
-1.62027
-1.62015
-1.62004
-1.61995
-1.61987
-1.61982
-1.6198
-1.67298
-1.6728
-1.67266
-1.67257
-1.67252
-1.67249
-1.67246
-1.67242
-1.6724
-1.6724
-1.7253
-1.72514
-1.72503
-1.72497
-1.72495
-1.72495
-1.72494
-1.72492
-1.7249
-1.7249
-1.77762
-1.77746
-1.77736
-1.77732
-1.77731
-1.77732
-1.77731
-1.77729
-1.77727
-1.77727
-1.82987
-1.82965
-1.82952
-1.82948
-1.82948
-1.82948
-1.82947
-1.82946
-1.82945
-1.82945
)
;

boundaryField
{
    lowerSideWalls
    {
        type            calculated;
        value           nonuniform List<scalar> 
800
(
373.433
324.595
275.949
227.82
180.4
133.67
88.0602
46.4195
16.9682
-0.0425599
-0.316088
-0.384978
-0.461843
-0.526826
-0.575538
-0.619473
-0.664118
-0.709334
-0.755005
-0.802047
373.717
324.902
276.311
228.263
180.965
134.168
88.6732
46.6531
16.4432
-0.0870864
-0.310234
-0.387113
-0.465006
-0.528761
-0.576631
-0.621759
-0.666685
-0.710896
-0.755709
-0.801792
374.511
325.754
277.284
229.394
182.205
135.815
90.2046
47.1905
15.2836
-0.104044
-0.306281
-0.38795
-0.468077
-0.532613
-0.582037
-0.628064
-0.672058
-0.713467
-0.756122
-0.801278
375.776
327.116
278.858
231.238
184.366
138.432
92.9767
48.9239
14.6423
-0.0991385
-0.313097
-0.385248
-0.468184
-0.536878
-0.592605
-0.640806
-0.682415
-0.718503
-0.757162
-0.800752
377.419
328.902
280.936
233.717
187.372
142.046
97.417
52.8963
15.9179
0.111593
-0.32192
-0.387351
-0.46626
-0.545841
-0.613992
-0.665581
-0.698734
-0.725083
-0.757529
-0.799712
379.286
330.95
283.334
236.634
190.999
146.596
103.304
59.7434
20.1058
0.803643
-0.30145
-0.38399
-0.47506
-0.580387
-0.662
-0.709526
-0.729949
-0.740075
-0.756544
-0.796862
381.177
333.041
285.802
239.681
194.869
151.683
110.158
69.5579
30.3729
2.84243
-0.196513
-0.382102
-0.504646
-0.636207
-0.729084
-0.741677
-0.746362
-0.766251
-0.770128
-0.792273
382.867
334.92
288.041
242.475
198.461
156.59
117.067
80.4296
45.6814
12.2782
0.197787
-0.388496
-0.552733
-0.646689
-0.716387
-0.707022
-0.713298
-0.766818
-0.79532
-0.802141
384.153
336.352
289.758
244.621
201.175
160.359
122.727
89.3126
60.4798
30.625
6.51173
0.0354317
-0.587093
-0.583891
-0.644859
-0.66008
-0.694535
-0.762167
-0.801493
-0.810891
384.883
337.196
290.787
245.938
202.909
162.888
126.216
94.6336
70.3988
48.1013
28.3795
13.1622
-0.196811
-0.509447
-0.609535
-0.664079
-0.706554
-0.75827
-0.789203
-0.811488
384.883
337.196
290.787
245.938
202.909
162.888
126.216
94.6336
70.3988
48.1013
28.3795
13.1622
-0.196811
-0.509447
-0.609535
-0.664079
-0.706554
-0.75827
-0.789203
-0.811488
384.135
336.336
289.75
244.635
201.213
160.456
122.94
89.8295
61.5572
32.4661
7.87791
0.0554481
-0.584233
-0.582064
-0.645614
-0.672104
-0.71149
-0.770381
-0.801969
-0.812884
382.811
334.872
288.013
242.491
198.548
156.883
117.577
81.4372
47.4678
13.9502
0.366672
-0.393285
-0.536244
-0.620999
-0.697623
-0.711941
-0.725481
-0.763692
-0.782762
-0.805336
381.059
332.937
285.73
239.679
194.984
152.067
110.972
71.0554
32.6661
3.6225
-0.158752
-0.386815
-0.494494
-0.606779
-0.70219
-0.726871
-0.731439
-0.748189
-0.770391
-0.811151
379.077
330.759
283.183
236.573
191.1
147.049
104.393
61.6025
22.6967
1.31165
-0.290275
-0.393864
-0.484748
-0.570475
-0.635546
-0.682283
-0.7097
-0.734172
-0.767163
-0.809102
377.087
328.588
280.66
233.534
187.374
142.46
98.6828
54.8914
18.6592
0.554275
-0.315188
-0.397486
-0.483934
-0.551187
-0.602609
-0.64812
-0.689731
-0.726267
-0.763235
-0.804816
375.29
326.643
278.414
230.867
184.158
138.643
93.9485
50.9346
17.536
0.216406
-0.312967
-0.392839
-0.474775
-0.543609
-0.590604
-0.63461
-0.676271
-0.71725
-0.758119
-0.801323
373.845
325.091
276.637
228.784
181.687
135.692
90.7025
48.6701
17.7731
0.224869
-0.310136
-0.383496
-0.460426
-0.534505
-0.584084
-0.62456
-0.66651
-0.709704
-0.753072
-0.797806
372.847
324.028
275.434
227.399
180.109
133.779
88.7498
47.5131
18.4244
0.308354
-0.318808
-0.382636
-0.454149
-0.525776
-0.578141
-0.618103
-0.659744
-0.70408
-0.749244
-0.795041
372.343
323.493
274.835
226.727
179.44
132.754
87.7986
46.9289
18.6969
0.364701
-0.335208
-0.392403
-0.458793
-0.525244
-0.575964
-0.615726
-0.656911
-0.701394
-0.747141
-0.793524
372.327
323.474
274.813
226.691
179.337
132.831
87.8456
46.9048
18.6704
0.348403
-0.344622
-0.398899
-0.463434
-0.528888
-0.577547
-0.616334
-0.6571
-0.701046
-0.746838
-0.793277
372.823
323.997
275.397
227.349
180.069
133.737
88.7827
47.381
18.2703
0.264307
-0.340291
-0.402797
-0.472435
-0.538022
-0.582401
-0.620175
-0.66053
-0.703477
-0.748298
-0.794559
373.823
325.061
276.598
228.732
181.642
135.629
90.7031
48.4509
17.4508
0.160336
-0.338482
-0.412118
-0.487503
-0.546917
-0.587496
-0.626166
-0.665973
-0.707264
-0.750952
-0.796859
375.285
326.629
278.393
230.828
184.108
138.536
93.8353
50.7177
17.1935
0.148526
-0.346678
-0.424923
-0.498395
-0.552534
-0.594117
-0.633178
-0.671763
-0.7112
-0.754169
-0.800058
377.111
328.606
280.674
233.534
187.371
142.412
98.5282
54.7967
18.4303
0.492313
-0.351021
-0.427099
-0.501875
-0.564653
-0.614745
-0.643816
-0.677611
-0.714775
-0.75784
-0.804088
379.139
330.821
283.249
236.642
191.207
147.255
104.479
61.7027
22.7087
1.27632
-0.315561
-0.420984
-0.513139
-0.588489
-0.64769
-0.668276
-0.686905
-0.719534
-0.762748
-0.811229
381.163
333.048
285.855
239.825
195.182
152.322
111.268
71.3707
32.9574
3.67003
-0.179361
-0.40804
-0.524968
-0.588709
-0.644814
-0.704434
-0.703286
-0.726482
-0.768882
-0.81808
382.954
335.028
288.193
242.708
198.827
157.205
118.043
81.8045
47.66
13.8722
0.337824
-0.360302
-0.526046
-0.567502
-0.615143
-0.707155
-0.723794
-0.735847
-0.769238
-0.814679
384.308
336.527
289.973
244.906
201.56
160.951
123.572
90.3451
61.8581
32.7007
8.66126
0.528933
-0.589082
-0.560867
-0.630247
-0.700671
-0.732243
-0.741691
-0.768308
-0.809847
385.072
337.406
291.032
246.234
203.267
163.327
126.881
95.4345
71.0668
48.8322
30.9165
14.1587
-0.378319
-0.535375
-0.627824
-0.684505
-0.719191
-0.73236
-0.766391
-0.806664
373.696
324.838
276.164
227.99
180.533
133.863
88.4593
46.9479
17.6056
0.0724619
-0.325381
-0.386932
-0.457339
-0.528094
-0.579916
-0.621845
-0.665051
-0.710454
-0.756676
-0.804046
373.945
325.115
276.502
228.418
181.087
134.477
89.0777
47.242
17.1355
0.00897588
-0.325336
-0.398075
-0.472017
-0.537619
-0.582691
-0.623231
-0.665623
-0.709585
-0.755257
-0.802678
374.707
325.942
277.462
229.554
182.375
136.104
90.7793
48.0593
16.2631
-0.0456266
-0.330126
-0.414782
-0.490552
-0.549809
-0.58927
-0.625147
-0.666464
-0.708665
-0.754019
-0.801675
375.952
327.291
279.034
231.422
184.605
138.808
93.7974
50.0442
15.8767
-0.0354987
-0.339967
-0.426426
-0.505302
-0.56606
-0.610674
-0.636269
-0.667447
-0.707288
-0.752551
-0.801399
377.586
329.073
281.12
233.934
187.687
142.555
98.4615
53.8337
17.0904
0.263837
-0.347845
-0.428515
-0.51644
-0.58934
-0.650344
-0.668814
-0.672852
-0.70541
-0.751535
-0.801978
379.452
331.126
283.534
236.885
191.376
147.251
104.245
60.8241
21.2971
0.998419
-0.321103
-0.427723
-0.537325
-0.622831
-0.673788
-0.703156
-0.690425
-0.704869
-0.753505
-0.806528
381.347
333.225
286.017
239.953
195.254
152.255
111.027
70.6188
31.6411
3.21055
-0.195103
-0.419285
-0.5552
-0.637012
-0.66559
-0.706129
-0.713674
-0.717455
-0.760683
-0.814943
383.043
335.113
288.268
242.761
198.844
157.125
117.85
81.38
46.6895
12.9142
0.243184
-0.382354
-0.553632
-0.605884
-0.645593
-0.693299
-0.726567
-0.735392
-0.769113
-0.817856
384.337
336.553
289.995
244.916
201.553
160.891
123.475
90.1637
61.4805
31.9827
8.43032
0.526792
-0.603337
-0.575604
-0.647747
-0.705659
-0.733624
-0.741789
-0.76674
-0.80862
385.072
337.406
291.032
246.234
203.267
163.327
126.881
95.4345
71.0668
48.8322
30.9165
14.1587
-0.378319
-0.535375
-0.627824
-0.684505
-0.719191
-0.73236
-0.766391
-0.806664
)
;
    }
    upperSideWalls
    {
        type            calculated;
        value           nonuniform List<scalar> 
800
(
-0.849909
-0.898592
-0.947969
-0.99806
-1.04897
-1.10061
-1.15281
-1.20529
-1.25775
-1.31001
-1.36203
-1.41397
-1.46596
-1.51812
-1.57063
-1.62351
-1.6767
-1.73002
-1.78318
-1.83619
-0.849218
-0.897601
-0.946784
-0.996788
-1.04771
-1.09946
-1.15185
-1.20456
-1.25725
-1.3097
-1.36186
-1.41384
-1.46585
-1.51806
-1.57059
-1.62347
-1.6766
-1.72982
-1.78291
-1.83585
-0.848306
-0.896449
-0.945447
-0.995274
-1.04607
-1.0978
-1.15025
-1.20307
-1.25589
-1.3085
-1.36086
-1.41308
-1.46531
-1.5177
-1.57036
-1.62329
-1.67641
-1.72956
-1.78259
-1.83548
-0.847633
-0.895894
-0.944697
-0.994043
-1.04444
-1.09607
-1.14863
-1.20162
-1.25464
-1.30748
-1.36008
-1.41252
-1.46494
-1.51747
-1.57021
-1.62316
-1.67623
-1.72931
-1.78226
-1.83506
-0.847718
-0.896384
-0.944792
-0.993478
-1.04293
-1.09419
-1.14682
-1.2
-1.25322
-1.30627
-1.35911
-1.4118
-1.46444
-1.51716
-1.57001
-1.62298
-1.67603
-1.72905
-1.78194
-1.83467
-0.8461
-0.894869
-0.942746
-0.992176
-1.04191
-1.09241
-1.14506
-1.1985
-1.25192
-1.30519
-1.35825
-1.41116
-1.464
-1.51686
-1.5698
-1.6228
-1.67583
-1.7288
-1.78163
-1.8343
-0.839544
-0.887525
-0.935941
-0.987442
-1.04048
-1.09139
-1.14369
-1.19727
-1.25089
-1.30431
-1.35754
-1.41061
-1.46361
-1.51659
-1.5696
-1.62263
-1.67564
-1.72857
-1.78136
-1.83398
-0.836063
-0.881326
-0.931769
-0.983881
-1.0387
-1.09111
-1.14323
-1.19667
-1.25028
-1.30373
-1.35704
-1.41021
-1.46331
-1.51638
-1.56943
-1.62248
-1.67548
-1.72838
-1.78114
-1.83373
-0.841399
-0.889477
-0.937215
-0.988095
-1.04052
-1.09196
-1.14388
-1.19686
-1.25015
-1.30348
-1.35676
-1.40997
-1.46312
-1.51623
-1.56932
-1.62237
-1.67536
-1.72824
-1.78098
-1.83355
-0.846733
-0.891715
-0.939765
-0.989896
-1.04096
-1.09221
-1.14418
-1.19696
-1.25012
-1.30338
-1.35664
-1.40986
-1.46303
-1.51616
-1.56926
-1.62231
-1.6753
-1.72818
-1.78091
-1.83347
-0.846733
-0.891715
-0.939765
-0.989896
-1.04096
-1.09221
-1.14418
-1.19696
-1.25012
-1.30338
-1.35664
-1.40986
-1.46303
-1.51616
-1.56926
-1.62231
-1.6753
-1.72818
-1.78091
-1.83347
-0.84459
-0.889772
-0.93992
-0.989959
-1.0412
-1.09182
-1.14363
-1.1966
-1.2499
-1.30324
-1.35655
-1.40979
-1.46298
-1.51613
-1.56925
-1.62234
-1.67536
-1.72826
-1.781
-1.83355
-0.84821
-0.892933
-0.939125
-0.98982
-1.04111
-1.09103
-1.14287
-1.19615
-1.24964
-1.30308
-1.35642
-1.40967
-1.46286
-1.51605
-1.56923
-1.62238
-1.67547
-1.72842
-1.78119
-1.83372
-0.8546
-0.896908
-0.942258
-0.991981
-1.04085
-1.09029
-1.14255
-1.19596
-1.24949
-1.30295
-1.35628
-1.40954
-1.46275
-1.51595
-1.5692
-1.62246
-1.67565
-1.7287
-1.7815
-1.83401
-0.853367
-0.897962
-0.944638
-0.992506
-1.04
-1.09029
-1.14277
-1.19603
-1.24946
-1.30282
-1.35606
-1.40924
-1.46245
-1.51572
-1.56909
-1.62251
-1.67589
-1.72908
-1.78197
-1.83444
-0.84946
-0.89576
-0.943153
-0.990796
-1.03962
-1.09063
-1.14305
-1.19615
-1.24947
-1.30276
-1.35593
-1.40896
-1.4621
-1.51542
-1.56892
-1.62256
-1.67621
-1.72966
-1.78265
-1.83506
-0.846607
-0.893286
-0.940992
-0.989527
-1.03941
-1.09072
-1.14309
-1.196
-1.24906
-1.3021
-1.35515
-1.40822
-1.46141
-1.51486
-1.56857
-1.6225
-1.67652
-1.73034
-1.78353
-1.83588
-0.844066
-0.891264
-0.939473
-0.988671
-1.03903
-1.09056
-1.14302
-1.196
-1.2491
-1.30197
-1.35471
-1.40754
-1.46064
-1.51414
-1.56802
-1.62225
-1.67677
-1.73118
-1.78477
-1.83701
-0.842
-0.889728
-0.938341
-0.987855
-1.03836
-1.08985
-1.14206
-1.19473
-1.2476
-1.30066
-1.3534
-1.40619
-1.45932
-1.51298
-1.56704
-1.62155
-1.67669
-1.73196
-1.78608
-1.83824
-0.840884
-0.888949
-0.937845
-0.987591
-1.0383
-1.08998
-1.14229
-1.19498
-1.24768
-1.30006
-1.3525
-1.40509
-1.45811
-1.51177
-1.5655
-1.61988
-1.6759
-1.73266
-1.7878
-1.83981
-0.840656
-0.888752
-0.937546
-0.987122
-1.03755
-1.08881
-1.14069
-1.19299
-1.24558
-1.29822
-1.35073
-1.4033
-1.4561
-1.50992
-1.56225
-1.61561
-1.67228
-1.73082
-1.78799
-1.84083
-0.841911
-0.889965
-0.938709
-0.988255
-1.03864
-1.08996
-1.14181
-1.19404
-1.24644
-1.29884
-1.35124
-1.40379
-1.45673
-1.51037
-1.56405
-1.61862
-1.67474
-1.73152
-1.78711
-1.83955
-0.843985
-0.891789
-0.940249
-0.989483
-1.03963
-1.0909
-1.14257
-1.19466
-1.24697
-1.29939
-1.3519
-1.40461
-1.45764
-1.51119
-1.5651
-1.6195
-1.67458
-1.72992
-1.78444
-1.83679
-0.846916
-0.894382
-0.942407
-0.991226
-1.04116
-1.09204
-1.14363
-1.19569
-1.24801
-1.30048
-1.35307
-1.40583
-1.45885
-1.51223
-1.56591
-1.61991
-1.67425
-1.72865
-1.78248
-1.83506
-0.850839
-0.897812
-0.945221
-0.993105
-1.04227
-1.09296
-1.14455
-1.19666
-1.24902
-1.30153
-1.35416
-1.40691
-1.45986
-1.51304
-1.56643
-1.62002
-1.67378
-1.72747
-1.78071
-1.83299
-0.858379
-0.902895
-0.948788
-0.995548
-1.04336
-1.09367
-1.14537
-1.19759
-1.24995
-1.30247
-1.35509
-1.4078
-1.46063
-1.51362
-1.56674
-1.61999
-1.67331
-1.72652
-1.7794
-1.83168
-0.862255
-0.902965
-0.947993
-0.996778
-1.0446
-1.09418
-1.14595
-1.19819
-1.25068
-1.30323
-1.35582
-1.40848
-1.46121
-1.51403
-1.56695
-1.61993
-1.67293
-1.72582
-1.77845
-1.83068
-0.858349
-0.898368
-0.944027
-0.995568
-1.04582
-1.09509
-1.14658
-1.19891
-1.25134
-1.30384
-1.35638
-1.40897
-1.46161
-1.51432
-1.56708
-1.61987
-1.67265
-1.72534
-1.77783
-1.83004
-0.8541
-0.89844
-0.946285
-0.996888
-1.04697
-1.09658
-1.14778
-1.19968
-1.25191
-1.30429
-1.35677
-1.40929
-1.46187
-1.51449
-1.56715
-1.61983
-1.67248
-1.72505
-1.77745
-1.82964
-0.852118
-0.899587
-0.948527
-0.998158
-1.04758
-1.09738
-1.14838
-1.20011
-1.25223
-1.30454
-1.35696
-1.40945
-1.46199
-1.51457
-1.56718
-1.6198
-1.6724
-1.7249
-1.77727
-1.82945
-0.852435
-0.9017
-0.951644
-1.00213
-1.05313
-1.10456
-1.15625
-1.20809
-1.25989
-1.31153
-1.36295
-1.41427
-1.46561
-1.5171
-1.56882
-1.62079
-1.67298
-1.7253
-1.77762
-1.82987
-0.851308
-0.900731
-0.950697
-1.00118
-1.05218
-1.10362
-1.15537
-1.20726
-1.25913
-1.31087
-1.36242
-1.41385
-1.46528
-1.51683
-1.56859
-1.62058
-1.6728
-1.72514
-1.77746
-1.82965
-0.850664
-0.900252
-0.950068
-1.0003
-1.05109
-1.10241
-1.15411
-1.20601
-1.25794
-1.30981
-1.36155
-1.41319
-1.46481
-1.5165
-1.56835
-1.62041
-1.67266
-1.72503
-1.77736
-1.82952
-0.85096
-0.900553
-0.95007
-0.99974
-1.0501
-1.10119
-1.1528
-1.20471
-1.25671
-1.3087
-1.36062
-1.41246
-1.46427
-1.51614
-1.56812
-1.62027
-1.67257
-1.72497
-1.77732
-1.82948
-0.852381
-0.902198
-0.951274
-0.999711
-1.04917
-1.09991
-1.15143
-1.20336
-1.25544
-1.30756
-1.35964
-1.41167
-1.46369
-1.51575
-1.56789
-1.62015
-1.67252
-1.72495
-1.77731
-1.82948
-0.857457
-0.906012
-0.953976
-1.00074
-1.04837
-1.09858
-1.15009
-1.20209
-1.25427
-1.30651
-1.35873
-1.41094
-1.46314
-1.51537
-1.56767
-1.62004
-1.67249
-1.72495
-1.77732
-1.82948
-0.864002
-0.907773
-0.954084
-1.00162
-1.04798
-1.09734
-1.1489
-1.20102
-1.2533
-1.30564
-1.35798
-1.41032
-1.46266
-1.51504
-1.56747
-1.61995
-1.67246
-1.72494
-1.77731
-1.82947
-0.862481
-0.903677
-0.949846
-0.999962
-1.048
-1.09678
-1.14818
-1.20033
-1.25263
-1.30502
-1.35743
-1.40986
-1.46231
-1.51479
-1.56731
-1.61987
-1.67242
-1.72492
-1.77729
-1.82946
-0.855296
-0.900582
-0.948482
-0.99864
-1.04777
-1.09691
-1.1481
-1.20007
-1.25229
-1.30466
-1.35709
-1.40957
-1.46208
-1.51463
-1.56722
-1.61982
-1.6724
-1.7249
-1.77727
-1.82945
-0.852118
-0.899587
-0.948527
-0.998158
-1.04758
-1.09738
-1.14838
-1.20011
-1.25223
-1.30454
-1.35696
-1.40945
-1.46199
-1.51457
-1.56718
-1.6198
-1.6724
-1.7249
-1.77727
-1.82945
)
;
    }
    lowerWall
    {
        type            calculated;
        value           nonuniform List<scalar> 
200
(
397.958
397.124
395.639
393.767
391.759
390
388.735
387.782
386.907
385.149
385.065
387.38
389.08
390.049
390.926
392.38
394.149
395.942
397.396
398.221
398.242
397.387
395.854
393.904
391.804
389.909
388.507
387.686
387.159
388.117
386.88
387.771
388.48
389.389
390.558
392.262
394.225
396.111
397.619
398.47
399.036
398.175
396.617
394.62
392.46
390.499
389.071
388.441
388.341
389.741
388.927
388.488
388.766
389.508
390.869
392.75
394.85
396.819
398.364
399.232
400.301
399.444
397.894
395.888
393.684
391.641
390.077
389.212
389.118
390.118
389.69
389.111
389.308
390.253
391.821
393.851
396.047
398.055
399.613
400.477
401.944
401.103
399.584
397.601
395.396
393.283
391.568
390.46
390.012
390.297
390.054
389.937
390.442
391.609
393.354
395.488
397.713
399.719
401.258
402.111
403.811
402.992
401.519
399.583
397.413
395.289
393.473
392.177
391.455
391.299
391.179
391.383
392.123
393.459
395.31
397.468
399.674
401.643
403.142
403.977
405.702
404.904
403.483
401.607
399.492
397.394
395.549
394.14
393.254
392.889
392.828
393.197
394.086
395.521
397.4
399.537
401.693
403.606
405.057
405.872
407.392
406.611
405.236
403.419
401.364
399.308
397.47
396.022
395.057
394.602
394.558
395.013
395.979
397.448
399.317
401.412
403.51
405.365
406.771
407.568
408.678
407.913
406.573
404.804
402.799
400.787
398.975
397.523
396.532
396.04
396.013
396.499
397.494
398.962
400.805
402.855
404.901
406.709
408.079
408.862
409.408
408.66
407.336
405.584
403.602
401.612
399.815
398.37
397.372
396.868
396.852
397.348
398.348
399.81
401.636
403.664
405.688
407.479
408.833
409.597
)
;
    }
    atmosphere
    {
        type            calculated;
        value           nonuniform List<scalar> 0();
    }
    procBoundary1to0
    {
        type            processor;
        value           nonuniform List<scalar> 
800
(
373.661
324.828
276.189
228.062
180.625
133.894
88.1835
46.5213
16.9705
-0.0359073
-0.316126
-0.381317
-0.457945
-0.526758
-0.578109
-0.621558
-0.665598
-0.710804
-0.756585
-0.803394
372.86
323.893
275.018
226.414
178.119
130.749
83.365
40.6595
14.0138
0.0596323
-0.371611
-0.424533
-0.483173
-0.53987
-0.585262
-0.625246
-0.665398
-0.70904
-0.754722
-0.802002
371.443
322.277
273.005
223.734
174.467
125.527
76.6677
33.4018
5.82334
-0.352205
-0.421054
-0.424708
-0.477719
-0.528301
-0.57549
-0.619658
-0.661711
-0.70552
-0.752018
-0.800078
369.689
320.244
270.39
220.222
169.033
117.033
63
18.3433
0.658317
-0.390439
-0.407838
-0.389783
-0.453853
-0.513302
-0.564957
-0.611537
-0.655487
-0.700885
-0.748761
-0.798029
367.895
318.208
267.794
216.411
162.181
105.394
44.0028
6.24209
0.00363327
-0.241922
-0.30647
-0.344448
-0.424414
-0.491627
-0.549885
-0.599901
-0.647005
-0.694428
-0.743969
-0.795236
366.351
316.686
265.852
213.071
156.151
91.5817
18.3668
1.94188
0.152328
-0.171447
-0.230257
-0.323235
-0.407682
-0.47896
-0.538176
-0.590517
-0.640667
-0.690759
-0.74433
-0.79819
365.328
315.582
264.589
212.771
159.493
86.9192
19.5046
2.87816
0.0228365
-0.238688
-0.254569
-0.331992
-0.417601
-0.482576
-0.535768
-0.589695
-0.643071
-0.699368
-0.763311
-0.816585
364.376
314.675
264.377
214.62
159.512
81.7022
12.8785
0.765637
-0.036553
-0.198458
-0.25099
-0.348244
-0.429699
-0.48756
-0.532433
-0.586115
-0.640102
-0.706519
-0.79891
-0.845055
363.161
312.18
259.496
204.087
142.411
69.6688
26.1563
19.8361
8.9866
0.307524
-0.0940717
-0.385468
-0.496557
-0.498389
-0.537585
-0.604382
-0.680545
-0.734469
-0.796467
-0.870846
363.502
313.523
261.942
208.766
151.677
93.2239
58.5577
62.6052
58.547
7.07806
0.230548
-0.227803
-0.430004
-0.479278
-0.522061
-0.555705
-0.579749
-0.627169
-0.677172
-0.731931
363.397
313.448
262.259
208.364
149.015
91.1714
74.4974
98.1576
66.661
14.1835
0.00694156
-0.414345
-0.397426
-0.407838
-0.54563
-0.500628
-0.160047
0.0784388
-0.167506
-0.772552
364.458
313.431
260.71
203.194
138.135
75.3608
38.8753
20.7879
2.94602
0.087234
-0.400747
-0.520723
-0.533594
-0.547314
-0.552984
-0.580747
-0.616471
-0.686472
-0.741231
-0.803812
365.996
316.801
267.809
218.52
155.812
72.5367
12.7949
1.09735
-0.0586273
-0.113555
-0.177183
-0.303135
-0.495038
-0.553147
-0.568808
-0.595931
-0.636345
-0.688247
-0.742714
-0.793894
366.68
317.192
266.918
216.902
158.817
68.094
14.9553
1.64049
-0.0758267
-0.138698
-0.215963
-0.342317
-0.440246
-0.501569
-0.552449
-0.596223
-0.636108
-0.683296
-0.732522
-0.783382
367.284
317.732
267.029
214.367
155.7
82.6961
14.3897
1.13253
0.0520875
-0.13635
-0.253259
-0.368208
-0.446996
-0.505348
-0.552933
-0.596161
-0.64235
-0.691863
-0.742797
-0.790467
368.511
318.875
268.374
216.862
161.591
102.594
42.4642
5.98528
-0.0611017
-0.236615
-0.326686
-0.369017
-0.440823
-0.50414
-0.559272
-0.605415
-0.649829
-0.697335
-0.745915
-0.793987
370.178
320.699
270.809
220.349
168.625
115.598
62.3467
18.6326
0.523738
-0.36594
-0.413017
-0.403916
-0.46565
-0.521393
-0.573019
-0.617503
-0.658075
-0.702279
-0.749805
-0.798076
371.823
322.64
273.312
223.887
174.366
124.984
76.5549
33.8567
5.98859
-0.290347
-0.412302
-0.437079
-0.475984
-0.527076
-0.579079
-0.624968
-0.665122
-0.707445
-0.753464
-0.801333
373.184
324.199
275.281
226.605
178.224
130.792
83.8977
41.4869
14.6331
0.196823
-0.3724
-0.424753
-0.469201
-0.533528
-0.586592
-0.629493
-0.668761
-0.711645
-0.756913
-0.803973
373.966
325.116
276.447
228.268
180.785
134.107
88.6246
46.9846
17.6651
0.0858117
-0.331797
-0.384937
-0.450996
-0.525051
-0.579904
-0.623051
-0.667038
-0.712975
-0.758952
-0.805878
-0.851343
-0.900105
-0.949518
-0.999601
-1.05047
-1.10202
-1.15408
-1.2064
-1.2587
-1.31082
-1.36271
-1.41453
-1.46641
-1.5185
-1.57094
-1.62378
-1.67692
-1.73023
-1.78337
-1.8364
-0.850344
-0.899308
-0.948803
-0.998945
-1.04998
-1.10183
-1.15424
-1.20683
-1.25926
-1.31133
-1.36306
-1.41467
-1.46633
-1.51825
-1.57064
-1.62355
-1.67686
-1.73041
-1.78356
-1.83626
-0.848961
-0.898102
-0.947606
-0.997761
-1.04911
-1.10129
-1.15434
-1.2075
-1.26021
-1.31226
-1.36366
-1.41485
-1.46603
-1.51761
-1.56995
-1.62308
-1.67685
-1.73125
-1.78405
-1.83604
-0.847533
-0.896571
-0.94574
-0.995888
-1.0482
-1.10166
-1.15591
-1.21023
-1.26327
-1.31445
-1.36483
-1.41541
-1.46555
-1.51628
-1.56828
-1.62182
-1.67656
-1.7343
-1.78765
-1.83864
-0.845792
-0.894435
-0.942478
-0.992436
-1.04522
-1.10039
-1.15663
-1.21285
-1.2671
-1.3183
-1.36843
-1.41734
-1.46507
-1.51483
-1.56709
-1.62153
-1.6784
-1.73782
-1.78942
-1.84066
-0.847475
-0.892698
-0.938354
-0.989735
-1.04756
-1.11003
-1.17302
-1.2335
-1.28732
-1.3323
-1.37662
-1.42036
-1.4639
-1.51025
-1.56208
-1.61932
-1.68138
-1.73778
-1.77435
-1.81546
-0.856741
-0.89377
-0.935771
-0.988477
-1.05837
-1.13617
-1.21278
-1.27061
-1.31295
-1.34407
-1.37928
-1.42496
-1.47263
-1.52154
-1.57375
-1.63636
-1.70371
-1.75133
-1.76352
-1.79071
-0.880365
-0.920669
-0.97193
-1.04359
-1.12202
-1.2014
-1.26145
-1.28957
-1.32933
-1.35603
-1.39012
-1.43003
-1.46977
-1.51044
-1.55616
-1.62211
-1.73733
-1.79487
-1.76578
-1.79069
-0.921203
-0.970078
-1.03328
-1.10699
-1.16247
-1.18619
-1.19112
-1.21087
-1.2905
-1.32635
-1.342
-1.37837
-1.42964
-1.45097
-1.48007
-1.60015
-1.71353
-1.85089
-1.78296
-1.78571
-0.80531
-0.955056
-0.940558
-0.917733
-1.00148
-1.05631
-1.16077
-1.16465
-1.20456
-1.39146
-1.34898
-1.35392
-1.38658
-1.44174
-1.52417
-1.31193
-1.81696
-1.85518
-1.8235
-1.81301
-0.910461
-0.911243
-0.902986
-0.957026
-1.04248
-1.07294
-1.12648
-1.25605
-1.39433
-1.39206
-1.36196
-1.35247
-1.37421
-1.38815
-1.31291
-1.10332
-1.66818
-1.86663
-1.82485
-1.81957
-0.873805
-0.959275
-0.993798
-1.00797
-1.06861
-1.09592
-1.15017
-1.2315
-1.32849
-1.36516
-1.37257
-1.39533
-1.43512
-1.49739
-1.55844
-1.61018
-1.71316
-1.7824
-1.79913
-1.83585
-0.841799
-0.893791
-0.968217
-1.05974
-1.12251
-1.15189
-1.17992
-1.22682
-1.2937
-1.3434
-1.3717
-1.40312
-1.44497
-1.496
-1.55849
-1.61316
-1.67613
-1.74524
-1.79248
-1.84166
-0.835513
-0.888452
-0.950063
-1.01569
-1.07289
-1.1282
-1.17875
-1.2289
-1.28855
-1.33812
-1.37367
-1.41147
-1.45625
-1.50619
-1.55974
-1.61476
-1.67408
-1.73458
-1.78559
-1.83592
-0.839624
-0.891544
-0.9465
-1.0051
-1.06416
-1.1168
-1.17146
-1.22483
-1.27742
-1.32683
-1.37114
-1.41461
-1.46122
-1.51109
-1.56312
-1.61683
-1.67251
-1.72865
-1.78154
-1.83294
-0.843534
-0.894743
-0.947583
-1.00161
-1.05518
-1.10836
-1.16196
-1.21602
-1.26884
-1.31927
-1.36761
-1.41523
-1.46382
-1.51414
-1.56575
-1.61852
-1.67235
-1.72647
-1.77939
-1.83139
-0.847473
-0.897924
-0.949376
-1.00166
-1.0544
-1.10704
-1.15968
-1.21231
-1.26441
-1.31541
-1.36546
-1.41508
-1.46507
-1.51584
-1.56737
-1.61965
-1.67253
-1.72562
-1.77837
-1.83067
-0.850387
-0.900297
-0.950889
-1.00217
-1.0539
-1.10585
-1.15796
-1.21015
-1.26207
-1.31342
-1.36425
-1.41485
-1.46557
-1.5167
-1.5683
-1.62037
-1.67282
-1.72545
-1.77798
-1.83032
-0.852579
-0.902017
-0.952116
-1.00283
-1.05403
-1.10562
-1.15742
-1.20928
-1.26101
-1.31245
-1.36362
-1.41466
-1.46578
-1.51714
-1.56882
-1.62081
-1.67307
-1.72547
-1.77786
-1.83022
-0.854023
-0.903104
-0.952914
-1.00333
-1.05425
-1.10558
-1.15717
-1.20888
-1.26054
-1.31203
-1.36335
-1.4146
-1.4659
-1.51737
-1.56908
-1.62104
-1.67322
-1.72551
-1.7778
-1.83026
)
;
    }
    procBoundary1to3
    {
        type            processor;
        value           nonuniform List<scalar> 
200
(
-1.88922
-1.88872
-1.88822
-1.8877
-1.88721
-1.88678
-1.88642
-1.88614
-1.88595
-1.88585
-1.88934
-1.88887
-1.88837
-1.88784
-1.88733
-1.88688
-1.8865
-1.88621
-1.88601
-1.88591
-1.88939
-1.88913
-1.88868
-1.88811
-1.88758
-1.8871
-1.88669
-1.88636
-1.88614
-1.88603
-1.89059
-1.88986
-1.88921
-1.88855
-1.88798
-1.88745
-1.887
-1.88663
-1.88637
-1.88624
-1.89461
-1.89195
-1.89018
-1.88912
-1.88854
-1.88797
-1.88746
-1.88702
-1.8867
-1.88653
-1.87259
-1.89221
-1.89103
-1.88957
-1.88919
-1.88868
-1.88814
-1.88759
-1.88717
-1.88694
-1.6842
-1.87684
-1.89269
-1.88988
-1.88998
-1.88965
-1.88907
-1.88836
-1.88777
-1.88746
-1.81904
-1.8683
-1.89319
-1.89143
-1.89098
-1.89085
-1.89042
-1.88947
-1.8886
-1.88815
-1.90162
-1.90932
-1.90872
-1.89916
-1.89325
-1.89318
-1.89248
-1.89091
-1.88952
-1.88883
-1.87861
-1.90709
-1.91011
-1.90779
-1.90048
-1.89364
-1.8935
-1.89208
-1.89036
-1.8895
-1.83048
-1.86712
-1.88612
-1.9017
-1.90751
-1.90749
-1.90291
-1.89579
-1.89202
-1.89007
-1.87086
-1.88292
-1.89245
-1.90823
-1.91397
-1.90713
-1.89747
-1.89323
-1.89045
-1.88913
-1.88213
-1.88338
-1.89368
-1.92428
-1.91669
-1.89943
-1.89396
-1.89059
-1.88845
-1.88743
-1.88162
-1.88529
-1.89797
-1.9034
-1.89905
-1.8935
-1.8899
-1.88782
-1.88648
-1.88589
-1.88156
-1.88378
-1.88939
-1.89115
-1.8907
-1.88827
-1.88662
-1.88548
-1.88476
-1.88442
-1.88195
-1.88272
-1.88432
-1.88531
-1.88538
-1.88487
-1.88427
-1.88379
-1.88347
-1.88331
-1.88205
-1.88223
-1.88279
-1.88309
-1.88318
-1.88304
-1.88284
-1.88266
-1.88254
-1.88248
-1.88194
-1.88179
-1.88188
-1.882
-1.88208
-1.88208
-1.88203
-1.88198
-1.88194
-1.88193
-1.88193
-1.88167
-1.88157
-1.88155
-1.88159
-1.88159
-1.88159
-1.88159
-1.88159
-1.8816
-1.88193
-1.88163
-1.88148
-1.8814
-1.88138
-1.88139
-1.8814
-1.88142
-1.88143
-1.88144
)
;
    }
}


// ************************************************************************* //
