/*--------------------------------*- C++ -*----------------------------------*\
| =========                 |                                                 |
| \\      /  F ield         | OpenFOAM: The Open Source CFD Toolbox           |
|  \\    /   O peration     | Version:  2312                                  |
|   \\  /    A nd           | Website:  www.openfoam.com                      |
|    \\/     M anipulation  |                                                 |
\*---------------------------------------------------------------------------*/
FoamFile
{
    version     2.0;
    format      ascii;
    arch        "LSB;label=32;scalar=64";
    class       volScalarField;
    location    "0.325";
    object      p;
}
// * * * * * * * * * * * * * * * * * * * * * * * * * * * * * * * * * * * * * //

dimensions      [1 -1 -2 0 0 0 0];

internalField   nonuniform List<scalar> 
8000
(
350.465
350.501
350.587
350.754
351.06
351.464
351.925
352.381
352.737
352.85
300.457
300.528
300.673
300.905
301.388
301.957
302.586
303.206
303.694
303.858
249.441
249.587
249.854
250.323
251.01
251.911
252.916
253.913
254.722
255.007
196.915
197.187
197.636
198.372
199.586
201.122
202.81
204.515
205.985
206.52
141.278
141.97
143.161
144.46
146.754
149.238
151.886
154.658
157.348
158.684
85.8685
87.3608
89.0732
90.679
92.4154
95.5972
99.558
103.674
108.186
111.696
21.5521
22.381
25.394
29.1739
34.1552
40.1252
46.7106
53.6615
61.0743
67.6812
1.23587
1.29584
1.64526
2.30842
3.592
5.94587
9.75925
14.6513
23.3678
32.149
-0.170767
-0.211128
-0.25794
-0.3033
-0.347981
-0.386982
-0.40913
-0.273234
0.395825
7.81602
-0.365295
-0.373479
-0.392274
-0.418163
-0.447735
-0.476679
-0.504983
-0.526101
-0.558749
-0.0378455
-0.488114
-0.493036
-0.503477
-0.516293
-0.530303
-0.541181
-0.543747
-0.543737
-0.497527
-0.491377
-0.57203
-0.577487
-0.585126
-0.592095
-0.597154
-0.596224
-0.582003
-0.561415
-0.519454
-0.500462
-0.640099
-0.643984
-0.647658
-0.650938
-0.653929
-0.649799
-0.637564
-0.614891
-0.580133
-0.544577
-0.700591
-0.70074
-0.700731
-0.700354
-0.701428
-0.701378
-0.698761
-0.68608
-0.654848
-0.624162
-0.755345
-0.754513
-0.753366
-0.752002
-0.753279
-0.755238
-0.761362
-0.759701
-0.738131
-0.711511
-0.807447
-0.807145
-0.806139
-0.807293
-0.811787
-0.821198
-0.835497
-0.834272
-0.814605
-0.790872
-0.859009
-0.859212
-0.859262
-0.86182
-0.867845
-0.880658
-0.907467
-0.901095
-0.878538
-0.856143
-0.911595
-0.911849
-0.912534
-0.914511
-0.918346
-0.928567
-0.942503
-0.937767
-0.918683
-0.904054
-0.964457
-0.964498
-0.964701
-0.965208
-0.966357
-0.969851
-0.971645
-0.961367
-0.9473
-0.945155
-1.01677
-1.01651
-1.0162
-1.01571
-1.01494
-1.01364
-1.00901
-0.999026
-0.990244
-0.994288
351.537
351.508
351.493
351.536
351.673
351.896
352.18
352.479
352.714
352.737
301.588
301.616
301.681
301.827
302.094
302.455
302.877
303.307
303.643
303.695
250.904
250.999
251.112
251.411
251.904
252.557
253.292
254.025
254.608
254.725
199.291
199.325
199.202
199.82
200.814
202.031
203.347
204.656
205.753
205.996
143.802
144.172
144.673
146.53
148.529
150.589
152.711
154.852
156.823
157.395
88.6989
89.3961
92.5833
93.4184
94.7659
97.3343
100.468
103.571
106.686
108.261
26.7008
26.0577
26.5793
30.7313
35.5142
40.8949
46.1023
50.9421
55.7356
60.8154
2.0387
1.87088
1.96067
2.6069
3.85127
5.87255
8.69677
11.4164
14.4158
22.9253
-0.270243
-0.284557
-0.302631
-0.322972
-0.363614
-0.404501
-0.42934
-0.42327
-0.27341
0.463651
-0.426497
-0.427798
-0.439231
-0.451318
-0.470858
-0.490363
-0.503756
-0.511745
-0.55194
-0.581759
-0.523686
-0.529549
-0.542111
-0.553447
-0.564696
-0.565845
-0.555769
-0.542216
-0.535425
-0.5316
-0.592885
-0.600059
-0.611387
-0.621297
-0.631055
-0.625343
-0.604035
-0.577205
-0.546701
-0.518123
-0.655475
-0.659159
-0.662653
-0.665809
-0.673979
-0.677557
-0.663277
-0.635972
-0.604826
-0.570264
-0.712667
-0.712164
-0.710611
-0.708617
-0.71234
-0.720206
-0.723948
-0.705475
-0.682295
-0.65478
-0.764367
-0.764912
-0.762579
-0.759365
-0.760749
-0.765636
-0.77578
-0.770013
-0.756674
-0.741482
-0.814121
-0.813667
-0.812086
-0.812084
-0.817404
-0.830916
-0.842509
-0.840935
-0.827155
-0.819078
-0.86219
-0.862315
-0.862497
-0.86502
-0.872235
-0.888931
-0.911513
-0.906146
-0.898838
-0.887372
-0.91334
-0.913636
-0.914409
-0.916107
-0.921306
-0.935898
-0.9549
-0.950479
-0.944896
-0.929682
-0.965541
-0.965547
-0.965606
-0.965815
-0.96705
-0.971965
-0.977284
-0.96899
-0.962511
-0.954876
-1.0173
-1.01705
-1.01663
-1.01589
-1.0146
-1.01193
-1.00624
-0.99573
-0.991533
-0.995378
353.114
353.002
352.83
352.654
352.521
352.448
352.431
352.454
352.476
352.377
303.459
303.373
303.249
303.145
303.092
303.098
303.156
303.244
303.307
303.206
253.381
253.295
253.18
253.16
253.238
253.407
253.631
253.867
254.031
253.921
202.596
202.494
202.265
202.432
202.798
203.279
203.807
204.314
204.681
204.544
149.951
149.802
149.617
150.602
151.561
152.52
153.48
154.336
154.959
154.763
97.3026
97.1998
97.9457
98.5689
99.3285
100.647
101.971
102.989
103.788
103.839
42.1478
40.983
40.131
42.1105
44.4787
46.797
48.4718
49.5671
50.9423
53.2911
6.14694
5.31768
5.03105
6.1488
7.59258
9.06014
10.5488
11.8935
11.9609
14.4874
-0.295523
-0.330646
-0.368857
-0.378205
-0.395758
-0.406391
-0.404069
-0.396554
-0.400979
-0.247474
-0.458071
-0.455269
-0.46393
-0.475564
-0.492373
-0.497194
-0.489551
-0.487094
-0.493242
-0.491987
-0.555652
-0.557301
-0.563258
-0.572391
-0.583642
-0.585155
-0.569368
-0.551065
-0.535438
-0.520566
-0.606363
-0.611043
-0.622004
-0.634474
-0.647696
-0.64809
-0.627434
-0.602506
-0.575626
-0.548308
-0.662933
-0.665335
-0.670866
-0.677688
-0.687651
-0.692753
-0.681068
-0.661712
-0.639676
-0.6082
-0.714045
-0.715681
-0.716693
-0.718197
-0.724069
-0.730364
-0.729296
-0.718197
-0.712322
-0.685826
-0.764396
-0.765769
-0.766073
-0.766389
-0.770846
-0.776242
-0.776889
-0.772511
-0.780425
-0.764558
-0.814301
-0.815363
-0.815867
-0.817279
-0.823267
-0.835602
-0.837367
-0.837848
-0.845502
-0.836997
-0.864776
-0.865362
-0.866152
-0.868363
-0.874913
-0.888874
-0.899334
-0.903098
-0.913989
-0.910339
-0.915913
-0.916239
-0.916764
-0.9181
-0.922641
-0.933834
-0.946552
-0.952621
-0.960398
-0.953557
-0.96709
-0.967126
-0.967064
-0.96712
-0.967902
-0.970355
-0.972741
-0.972568
-0.978836
-0.973624
-1.01809
-1.01797
-1.01754
-1.01681
-1.01552
-1.01262
-1.00635
-0.998673
-1.00204
-1.0067
355.274
355.045
354.66
354.167
353.66
353.182
352.762
352.423
352.17
351.913
305.978
305.748
305.352
304.889
304.402
303.931
303.506
303.151
302.871
302.578
256.601
256.347
255.916
255.432
254.938
254.464
254.024
253.634
253.297
252.918
206.979
206.65
206.143
205.66
205.208
204.754
204.289
203.827
203.381
202.839
156.922
156.446
155.869
155.513
155.141
154.69
154.178
153.556
152.853
152.002
106.789
106.092
105.381
104.849
104.51
104.118
103.433
102.182
100.754
99.7384
56.3172
54.6869
53.0286
52.8419
53.4006
53.0936
51.4692
48.8124
46.2118
46.5079
15.5406
13.405
11.3125
10.6961
12.135
12.4075
11.8581
10.8469
8.95209
9.69171
0.264939
0.0788807
-0.174832
-0.359305
-0.431812
-0.399295
-0.393278
-0.392609
-0.400765
-0.365403
-0.535577
-0.510455
-0.486686
-0.473581
-0.491904
-0.492378
-0.481535
-0.475132
-0.470895
-0.45561
-0.576343
-0.576373
-0.572089
-0.567439
-0.574741
-0.582406
-0.576495
-0.563078
-0.537642
-0.512286
-0.621195
-0.620432
-0.620845
-0.623076
-0.630416
-0.637592
-0.633647
-0.623055
-0.603166
-0.568816
-0.672344
-0.67172
-0.671753
-0.673375
-0.678919
-0.685557
-0.687016
-0.683226
-0.673972
-0.638744
-0.721016
-0.720835
-0.720489
-0.720649
-0.724871
-0.727792
-0.727556
-0.731617
-0.742495
-0.707049
-0.767203
-0.768786
-0.76916
-0.769639
-0.772785
-0.774084
-0.771268
-0.779261
-0.786704
-0.766232
-0.81369
-0.816949
-0.818413
-0.819975
-0.823605
-0.828315
-0.827351
-0.840108
-0.841401
-0.828656
-0.866543
-0.8677
-0.868658
-0.870285
-0.874227
-0.881537
-0.888677
-0.906122
-0.911033
-0.898304
-0.917913
-0.918547
-0.918869
-0.919729
-0.922254
-0.928285
-0.938277
-0.950476
-0.955787
-0.944558
-0.968408
-0.968854
-0.968717
-0.968662
-0.968853
-0.96936
-0.969886
-0.974735
-0.979905
-0.976016
-1.0187
-1.01908
-1.0187
-1.01813
-1.0171
-1.01507
-1.01129
-1.00791
-1.00997
-1.01327
357.727
357.38
356.749
355.917
354.982
354.043
353.168
352.426
351.871
351.436
308.739
308.397
307.727
306.853
305.881
304.879
303.918
303.079
302.433
301.931
260.107
259.694
258.931
257.936
256.805
255.621
254.455
253.398
252.545
251.891
211.744
211.192
210.26
209.062
207.713
206.265
204.756
203.293
202.043
201.12
163.823
163.046
161.865
160.413
158.752
156.826
154.719
152.598
150.68
149.295
116.634
115.379
113.665
111.618
109.412
107.026
104.217
100.894
97.5476
95.7049
71.2675
69.1168
66.3858
63.6435
61.4793
58.1602
53.276
47.0755
40.7511
39.9385
31.5453
28.1233
23.9689
20.0658
17.7856
16.0513
12.7069
9.2307
5.84978
5.91672
5.51643
4.0027
2.26287
0.505033
-0.326567
-0.389422
-0.384576
-0.385272
-0.371043
-0.347173
-0.473488
-0.523676
-0.563796
-0.531073
-0.504087
-0.486189
-0.473782
-0.469769
-0.459846
-0.435304
-0.567209
-0.56805
-0.571271
-0.571148
-0.571561
-0.57222
-0.565517
-0.559035
-0.542832
-0.510431
-0.634439
-0.630467
-0.628012
-0.623628
-0.62239
-0.623034
-0.625168
-0.628082
-0.617895
-0.583484
-0.679925
-0.678907
-0.676241
-0.6739
-0.673383
-0.673948
-0.678535
-0.687813
-0.691722
-0.654018
-0.726161
-0.72664
-0.725206
-0.72336
-0.723435
-0.722385
-0.727012
-0.736324
-0.74769
-0.714044
-0.768813
-0.772762
-0.773262
-0.772543
-0.77306
-0.773326
-0.776163
-0.782449
-0.781655
-0.761488
-0.807726
-0.818323
-0.821391
-0.822087
-0.823409
-0.825499
-0.828257
-0.834118
-0.829308
-0.816195
-0.869159
-0.87027
-0.871428
-0.871897
-0.873286
-0.876255
-0.880435
-0.887201
-0.88433
-0.873065
-0.920101
-0.921492
-0.921304
-0.92127
-0.921861
-0.923747
-0.927519
-0.932823
-0.932291
-0.924566
-0.969617
-0.971141
-0.97063
-0.970244
-0.969815
-0.969417
-0.969147
-0.970505
-0.971317
-0.969198
-1.01891
-1.02054
-1.02
-1.01952
-1.0186
-1.01716
-1.01511
-1.01338
-1.01342
-1.01479
360.268
359.789
358.922
357.739
356.385
354.961
353.624
352.477
351.624
351.009
311.677
311.138
310.19
308.886
307.388
305.859
304.366
303.049
302.047
301.338
263.62
263.027
261.949
260.443
258.675
256.782
254.904
253.2
251.86
250.951
216.326
215.58
214.258
212.377
210.134
207.688
205.183
202.778
200.784
199.531
170.074
169.074
167.393
164.972
162.053
158.707
155.135
151.588
148.549
146.721
125.269
123.731
121.425
118.062
114.016
109.452
104.57
99.472
94.9056
92.4325
83.1562
81.0415
77.8172
73.1148
67.6484
61.4879
53.5139
44.6626
35.4686
33.9741
45.0213
41.805
37.1199
31.0268
24.4311
18.1944
12.4977
7.63245
3.81373
3.56885
14.7621
11.6996
8.23875
4.71776
1.38507
-0.323423
-0.420905
-0.382128
-0.345013
-0.324844
1.72536
0.640086
-0.303795
-0.529541
-0.5413
-0.505357
-0.474347
-0.467276
-0.452497
-0.421563
-0.582968
-0.580198
-0.560575
-0.560305
-0.568849
-0.571796
-0.559216
-0.553108
-0.543893
-0.510448
-0.649426
-0.649916
-0.641934
-0.632403
-0.623925
-0.620862
-0.619007
-0.623133
-0.619408
-0.589626
-0.687851
-0.689005
-0.682564
-0.678225
-0.673985
-0.67172
-0.674329
-0.683765
-0.687056
-0.654986
-0.734245
-0.734654
-0.731724
-0.727694
-0.725104
-0.722832
-0.724538
-0.732569
-0.74202
-0.711861
-0.782435
-0.779977
-0.779214
-0.775978
-0.774268
-0.772783
-0.773152
-0.776956
-0.776655
-0.75849
-0.810968
-0.82207
-0.826073
-0.824429
-0.823408
-0.822826
-0.823048
-0.824555
-0.820229
-0.810191
-0.878119
-0.875141
-0.875716
-0.87365
-0.87264
-0.872459
-0.872946
-0.873905
-0.870652
-0.865223
-0.926713
-0.926975
-0.924687
-0.922935
-0.921685
-0.921103
-0.921038
-0.921221
-0.919431
-0.916686
-0.972553
-0.974839
-0.972845
-0.971769
-0.970483
-0.969292
-0.968091
-0.967199
-0.966391
-0.965717
-1.0194
-1.02273
-1.02119
-1.02074
-1.01966
-1.01831
-1.01673
-1.01535
-1.01474
-1.01496
362.596
362.096
360.984
359.469
357.711
355.868
354.102
352.579
351.457
350.675
314.529
313.819
312.556
310.838
308.853
306.799
304.821
303.069
301.748
300.838
266.862
266.098
264.754
262.77
260.41
257.878
255.359
253.079
251.32
250.205
220.316
219.447
217.851
215.374
212.338
208.993
205.58
202.352
199.727
198.237
175.255
174.151
172.152
168.944
164.916
160.323
155.424
150.56
146.487
144.327
131.952
130.558
127.882
123.555
117.993
111.526
104.757
98.5473
93.4537
90.6018
92.1154
90.3298
86.6797
80.7839
73.0311
63.5209
52.6358
42.2197
30.7976
28.8247
57.1882
54.1733
48.9509
40.932
31.0107
20.0397
10.7958
6.29141
2.62118
2.18542
27.0156
24.4013
18.4014
10.9456
4.64224
0.471336
-0.380101
-0.378042
-0.310389
-0.287261
9.26294
7.94478
3.35257
0.0374743
-0.534721
-0.535531
-0.46347
-0.462406
-0.444155
-0.404415
0.634219
-0.437843
-0.564425
-0.575706
-0.559041
-0.571263
-0.556979
-0.550936
-0.5434
-0.506149
-0.64749
-0.592994
-0.634862
-0.649192
-0.628325
-0.620566
-0.614421
-0.615845
-0.612873
-0.587118
-0.711232
-0.700579
-0.688843
-0.684778
-0.676688
-0.671388
-0.669904
-0.676227
-0.677293
-0.651168
-0.751235
-0.745777
-0.738452
-0.732485
-0.727221
-0.722701
-0.720968
-0.725561
-0.731452
-0.705111
-0.814828
-0.796536
-0.787349
-0.78046
-0.775843
-0.771964
-0.769814
-0.771271
-0.771626
-0.756099
-0.817993
-0.837002
-0.834686
-0.827723
-0.823654
-0.820731
-0.818893
-0.81846
-0.815263
-0.806856
-0.873709
-0.872929
-0.882624
-0.874923
-0.871972
-0.869875
-0.868486
-0.867291
-0.863873
-0.859947
-0.916268
-0.936374
-0.929155
-0.924673
-0.921522
-0.919435
-0.917954
-0.916625
-0.914679
-0.912796
-0.960352
-0.979909
-0.975199
-0.973248
-0.970904
-0.968976
-0.967337
-0.965943
-0.964758
-0.964014
-1.00354
-1.0251
-1.02195
-1.02174
-1.02035
-1.01883
-1.01731
-1.01604
-1.01521
-1.01493
364.59
364.043
362.778
360.959
358.864
356.671
354.563
352.721
351.378
350.468
317.034
316.231
314.668
312.529
310.126
307.641
305.248
303.135
301.561
300.545
269.664
268.733
267.118
264.73
261.886
258.836
255.797
253.051
250.972
249.691
223.712
222.667
220.78
217.809
214.173
210.135
205.993
202.1
199.023
197.428
179.538
178.222
175.87
172.074
167.258
161.68
155.663
149.482
144.587
142.851
137.86
135.886
132.755
127.75
121.215
113.391
105.094
97.7249
92.5154
89.1463
99.6376
97.1296
93.0803
86.4576
77.4802
65.9586
52.5077
39.9037
26.8075
24.9112
65.9571
62.6689
57.3915
48.7222
36.7905
23.5602
10.558
5.03
1.91209
1.51564
38.0075
32.9156
26.5881
18.1936
7.91446
2.0577
-0.213746
-0.379417
-0.286551
-0.242039
18.2781
12.9235
8.35675
3.25443
-0.311655
-0.557379
-0.465995
-0.458466
-0.43506
-0.384637
9.14439
2.3336
-0.152657
-0.568419
-0.553295
-0.566716
-0.560127
-0.551765
-0.53911
-0.499319
0.275183
-0.375647
-0.620119
-0.636604
-0.633454
-0.621664
-0.613387
-0.608907
-0.604737
-0.583527
-0.659325
-0.707015
-0.701398
-0.68774
-0.679947
-0.671881
-0.668617
-0.66913
-0.666582
-0.64732
-0.688831
-0.756505
-0.747951
-0.736147
-0.729209
-0.722476
-0.719387
-0.720283
-0.721989
-0.70187
-0.866633
-0.823591
-0.802526
-0.785425
-0.777202
-0.771167
-0.768004
-0.767655
-0.76675
-0.754357
-0.411384
-0.851166
-0.849745
-0.832029
-0.823223
-0.818751
-0.816312
-0.815167
-0.812272
-0.805071
-0.944893
-0.907852
-0.895617
-0.877257
-0.870101
-0.867132
-0.865496
-0.863654
-0.860121
-0.857055
-0.975681
-0.958956
-0.937222
-0.926482
-0.920921
-0.917796
-0.915973
-0.914269
-0.911857
-0.909844
-0.988135
-0.989374
-0.980318
-0.975128
-0.971218
-0.968499
-0.966638
-0.96511
-0.963664
-0.96264
-1.02764
-1.02839
-1.02514
-1.02324
-1.02109
-1.01908
-1.01747
-1.01618
-1.0152
-1.01465
366.78
365.692
363.966
362.027
359.695
357.268
354.912
352.857
351.356
350.346
319.826
318.279
316.186
313.744
311.036
308.268
305.6
303.216
301.456
300.361
272.449
270.989
268.724
266.074
262.939
259.555
256.175
253.11
250.816
249.387
226.439
225.248
222.727
219.439
215.466
211.01
206.424
202.22
198.989
196.924
182.332
181.271
178.317
174.108
168.893
162.771
156.111
149.447
143.803
141.722
140.553
139.56
135.935
130.434
123.487
114.962
105.608
96.6951
88.9932
87.5048
102.332
101.406
97.1299
90.0853
80.6534
68.4383
53.7797
40.0028
25.0638
22.4969
69.3113
67.821
62.7461
53.8921
41.2837
27.4467
12.42
4.92976
1.69211
1.15621
42.862
39.59
33.0921
23.6263
11.2094
3.62458
0.0143638
-0.319623
-0.264495
-0.19907
24.6094
19.3854
13.3044
8.02855
0.574246
-0.495918
-0.487925
-0.456696
-0.424032
-0.365034
13.5447
7.62546
2.70105
-0.459799
-0.560284
-0.555887
-0.566376
-0.556987
-0.533051
-0.491457
6.60949
6.70719
-0.410417
-0.606563
-0.640552
-0.621429
-0.613631
-0.604648
-0.597531
-0.57833
3.22597
-0.717768
-0.703855
-0.695415
-0.684931
-0.673084
-0.668226
-0.663489
-0.657303
-0.643247
3.5154
-0.797734
-0.757029
-0.74141
-0.730275
-0.722211
-0.718593
-0.716122
-0.713033
-0.699411
7.05266
-0.441338
-0.811302
-0.789906
-0.776875
-0.76986
-0.766617
-0.764768
-0.762913
-0.752638
4.30362
-1.00649
-0.884755
-0.839479
-0.820468
-0.815688
-0.813937
-0.812837
-0.810801
-0.803763
-1.05063
-0.935343
-0.926943
-0.869524
-0.862138
-0.862054
-0.862457
-0.861269
-0.85814
-0.855193
-0.962287
-0.984151
-0.959025
-0.930982
-0.920516
-0.915473
-0.914094
-0.912455
-0.909794
-0.907933
-0.896547
-1.00591
-0.995942
-0.97964
-0.971955
-0.967648
-0.965795
-0.964319
-0.962778
-0.961622
-0.894137
-1.03705
-1.03809
-1.0274
-1.02225
-1.01904
-1.01727
-1.016
-1.01496
-1.0143
369.334
367.109
364.528
362.584
360.175
357.6
355.116
352.94
351.356
350.283
325.39
319.669
317.056
314.575
311.6
308.602
305.803
303.273
301.401
300.264
278.632
272.413
269.602
266.981
263.558
259.969
256.402
253.164
250.725
249.223
232.986
226.722
223.764
220.39
216.177
211.54
206.714
202.297
198.997
196.632
188.578
182.937
179.697
175.242
169.778
163.475
156.522
149.504
143.335
140.947
145.658
141.439
137.87
131.904
124.767
116.08
106.21
96.6887
88.0111
85.6392
107.45
103.388
99.4366
92.0001
82.4885
70.4058
55.3169
41.3022
25.4081
20.6708
77.6869
70.2559
65.7306
56.5869
44.1778
30.7315
14.4617
5.64683
1.81443
1.06565
53.053
42.7695
37.1555
26.3406
13.9409
5.03389
0.20927
-0.287831
-0.254753
-0.161557
35.0844
23.5329
17.9562
8.47076
1.56504
-0.438869
-0.521618
-0.462128
-0.419417
-0.352617
18.7073
12.0634
9.74732
0.313727
-0.527025
-0.552134
-0.570751
-0.564688
-0.528555
-0.483589
12.9416
6.75692
0.0441876
-0.644049
-0.638794
-0.627499
-0.615113
-0.602779
-0.588519
-0.571936
10.8482
5.07145
-0.65276
-0.689745
-0.686044
-0.674095
-0.667839
-0.65807
-0.64774
-0.637501
11.4113
4.41628
-0.697386
-0.727673
-0.728564
-0.720962
-0.71763
-0.711626
-0.706729
-0.696466
12.0976
4.84872
-0.843407
-0.796628
-0.770295
-0.767294
-0.765165
-0.762486
-0.761131
-0.751479
6.76534
3.38385
-0.929367
-0.864723
-0.792218
-0.809904
-0.811652
-0.81153
-0.811163
-0.803112
1.75271
2.67632
-0.976008
-0.867491
-0.824212
-0.850858
-0.859306
-0.860168
-0.858352
-0.854541
4.85843
-1.10846
-0.936387
-0.910895
-0.913168
-0.911391
-0.912266
-0.911534
-0.90943
-0.907467
9.62891
-1.06556
-0.977713
-0.972977
-0.969139
-0.96581
-0.964956
-0.963859
-0.962401
-0.961207
10.1436
-1.02016
-1.02649
-1.02297
-1.02113
-1.01816
-1.017
-1.01588
-1.01485
-1.01415
368.848
366.604
364.421
362.522
360.154
357.582
355.1
352.922
351.335
350.263
325.269
319.83
316.86
314.502
311.561
308.581
305.786
303.253
301.376
300.243
278.323
272.621
269.487
266.915
263.523
259.946
256.382
253.141
250.694
249.198
232.471
226.746
223.636
220.332
216.188
211.536
206.697
202.264
198.955
196.602
188.135
182.879
179.563
175.235
169.859
163.519
156.538
149.531
143.374
140.953
145.912
141.435
137.802
132.002
124.925
116.169
106.251
96.7287
88.0424
85.609
109.021
103.619
99.5008
92.1455
82.6647
70.5536
55.4558
41.4206
25.5633
20.7147
79.7409
70.74
65.8713
56.7322
44.3531
31.0335
14.7049
5.77077
1.82509
1.09607
55.609
43.5291
37.1483
26.3388
14.0534
5.25234
0.266618
-0.288826
-0.256857
-0.165251
34.6912
24.3487
17.2151
7.9419
1.58719
-0.452562
-0.539323
-0.468056
-0.41797
-0.351212
18.0033
12.3262
8.06175
0.115158
-0.535726
-0.551496
-0.577758
-0.571172
-0.526619
-0.47996
12.947
7.22759
-0.312559
-0.628798
-0.629449
-0.624329
-0.615915
-0.602405
-0.58527
-0.568182
10.1896
5.60197
-0.700659
-0.693101
-0.682248
-0.672723
-0.667264
-0.655778
-0.64465
-0.634101
7.28197
3.60149
-0.703511
-0.733554
-0.726503
-0.720529
-0.716865
-0.709498
-0.705236
-0.694954
7.25735
3.85808
-0.765843
-0.787361
-0.774107
-0.768446
-0.765015
-0.76116
-0.760988
-0.750899
7.0975
6.68012
-0.866323
-0.877422
-0.825166
-0.815774
-0.81291
-0.811303
-0.811473
-0.802998
11.1911
10.9273
-0.769154
-0.929916
-0.865062
-0.859312
-0.860848
-0.860253
-0.858295
-0.854558
8.95014
-1.08329
-0.808406
-0.84652
-0.898056
-0.909121
-0.911904
-0.911453
-0.909464
-0.907613
7.67135
-1.02834
-0.984195
-0.956403
-0.967731
-0.965243
-0.965029
-0.963866
-0.962407
-0.961198
6.77804
-1.01428
-1.03199
-1.02388
-1.02085
-1.01862
-1.01726
-1.01595
-1.01486
-1.01413
366.762
365.675
363.902
361.982
359.654
357.225
354.865
352.803
351.298
350.287
319.802
318.123
316.077
313.691
310.989
308.226
305.551
303.158
301.389
300.297
272.433
270.824
268.595
265.998
262.893
259.518
256.124
253.043
250.738
249.311
226.467
225.048
222.516
219.336
215.43
210.984
206.373
202.125
198.897
196.826
182.478
181.036
178.091
174.044
168.906
162.793
156.133
149.473
143.913
141.67
140.906
139.358
135.791
130.443
123.526
115.007
105.63
96.6675
88.7665
87.103
103.016
101.323
97.0317
90.0656
80.6854
68.5505
54.0345
40.1983
25.0698
22.3681
70.3036
67.9168
62.6731
53.8411
41.3336
27.5892
13.0072
5.00801
1.65284
1.19386
43.7982
39.7682
32.7766
23.762
11.1949
3.85764
0.081428
-0.324821
-0.270018
-0.201582
26.0317
19.5309
12.5215
7.37593
0.56292
-0.502119
-0.513511
-0.466569
-0.419745
-0.362072
12.3777
7.55366
1.51611
-0.513309
-0.553872
-0.555422
-0.578569
-0.570637
-0.529512
-0.48591
6.4186
7.50808
-0.512639
-0.615019
-0.623592
-0.618854
-0.615333
-0.60512
-0.589672
-0.571878
4.41774
-0.728815
-0.738463
-0.689622
-0.677774
-0.670535
-0.666113
-0.65764
-0.646783
-0.636842
3.85627
-0.714432
-0.756928
-0.734664
-0.724733
-0.720252
-0.715762
-0.709907
-0.705101
-0.695224
3.11605
-0.211143
-0.749904
-0.768495
-0.768845
-0.768669
-0.764794
-0.761421
-0.761047
-0.749949
2.7397
-0.966791
-0.873719
-0.849992
-0.821669
-0.818293
-0.814173
-0.811554
-0.809955
-0.802221
3.58033
-1.07641
-0.968378
-0.909104
-0.874032
-0.867257
-0.864101
-0.861237
-0.858107
-0.854559
4.09804
-0.749009
-0.93545
-0.919027
-0.919036
-0.916552
-0.914829
-0.912506
-0.909812
-0.907846
-0.73633
-1.04443
-1.00512
-0.980014
-0.973765
-0.968502
-0.966356
-0.964427
-0.962694
-0.961421
-1.06537
-1.06191
-1.04539
-1.02722
-1.02321
-1.01958
-1.01769
-1.01616
-1.01494
-1.01418
364.471
363.911
362.692
360.885
358.794
356.596
354.482
352.633
351.285
350.373
316.992
316.128
314.568
312.451
310.05
307.562
305.162
303.039
301.457
300.44
269.588
268.652
267.033
264.661
261.818
258.761
255.705
252.938
250.845
249.563
223.666
222.574
220.677
217.744
214.112
210.062
205.894
201.958
198.86
197.236
179.529
178.127
175.768
172.03
167.229
161.654
155.621
149.28
144.382
142.604
137.715
135.806
132.69
127.725
121.191
113.367
105.012
97.5506
92.1075
88.7853
99.4344
97.0544
92.8962
86.2989
77.4023
66.0105
52.7031
39.6462
25.8429
24.8074
65.9153
62.7241
57.2266
48.6175
36.8408
23.8442
11.3507
4.84022
1.74901
1.49508
37.4854
32.8726
26.3805
18.0948
8.09086
2.1867
-0.179063
-0.361987
-0.295886
-0.250469
17.6253
12.7159
8.1779
3.06835
-0.365188
-0.552258
-0.4962
-0.470078
-0.431137
-0.385689
8.17632
1.23812
-0.322814
-0.562076
-0.550189
-0.56573
-0.576431
-0.567963
-0.534556
-0.497023
-0.171957
-0.474103
-0.66869
-0.642813
-0.624666
-0.619317
-0.615938
-0.609567
-0.596515
-0.577281
-0.636356
-0.728192
-0.714556
-0.686291
-0.675106
-0.669794
-0.665852
-0.661175
-0.652188
-0.640417
-0.713201
-0.739622
-0.745431
-0.733203
-0.72429
-0.720187
-0.715274
-0.710993
-0.706659
-0.696256
-0.823284
-0.739175
-0.773951
-0.779214
-0.772248
-0.76968
-0.764802
-0.761608
-0.759295
-0.749163
-0.901043
-0.880844
-0.84742
-0.840966
-0.824545
-0.819968
-0.815041
-0.811769
-0.808168
-0.801297
-0.942759
-0.977939
-0.917388
-0.895495
-0.875558
-0.869685
-0.865527
-0.862109
-0.858042
-0.854569
-0.765943
-0.964022
-0.961188
-0.930264
-0.924841
-0.919402
-0.916225
-0.913482
-0.910639
-0.908424
-0.652401
-1.00236
-1.02117
-0.977841
-0.97652
-0.970031
-0.96705
-0.964818
-0.962987
-0.961753
-1.01607
-0.985182
-1.04814
-1.02599
-1.02365
-1.01992
-1.01778
-1.01614
-1.01488
-1.01415
362.562
362.017
360.898
359.381
357.617
355.767
353.993
352.464
351.336
350.551
314.489
313.732
312.461
310.743
308.754
306.694
304.706
302.944
301.615
300.699
266.818
266.025
264.665
262.68
260.314
257.773
255.236
252.934
251.161
250.047
220.25
219.36
217.747
215.273
212.232
208.881
205.432
202.175
199.525
198.022
175.208
174.077
172.039
168.835
164.817
160.243
155.309
150.361
146.233
144.13
132.049
130.52
127.755
123.398
117.828
111.363
104.546
98.0856
92.8201
89.9469
92.2419
90.2045
86.3726
80.4462
72.7687
63.4693
52.7681
41.9212
30.0061
28.5056
57.0186
54.0546
48.6994
40.7263
30.8426
20.4993
11.2682
6.02619
2.32993
2.05931
26.9473
24.2484
18.3364
10.7473
4.29202
0.446961
-0.373532
-0.377623
-0.326424
-0.305416
8.8402
7.52125
2.98
-0.0644861
-0.539996
-0.532501
-0.480978
-0.476607
-0.44751
-0.41533
0.334368
-0.530334
-0.575369
-0.579377
-0.563768
-0.571479
-0.569478
-0.561413
-0.538714
-0.506771
-0.656554
-0.625027
-0.659413
-0.671115
-0.636448
-0.622778
-0.616686
-0.612191
-0.601277
-0.579647
-0.6883
-0.695606
-0.700022
-0.692657
-0.675627
-0.669549
-0.665772
-0.663526
-0.657236
-0.642733
-0.721366
-0.728124
-0.735936
-0.731335
-0.723353
-0.719865
-0.715447
-0.712499
-0.709446
-0.697398
-0.78581
-0.755335
-0.776661
-0.778126
-0.771869
-0.769665
-0.765275
-0.76231
-0.758318
-0.748685
-0.863396
-0.829537
-0.830246
-0.830982
-0.823007
-0.820221
-0.816238
-0.812883
-0.807714
-0.801701
-0.921671
-0.918936
-0.88942
-0.88523
-0.87464
-0.870635
-0.867127
-0.864051
-0.859822
-0.856022
-0.937138
-0.95835
-0.93457
-0.932342
-0.924208
-0.920258
-0.917262
-0.914698
-0.912085
-0.910043
-0.942138
-0.963741
-0.986022
-0.978549
-0.973307
-0.969832
-0.967251
-0.965096
-0.963338
-0.962323
-0.992499
-1.00255
-1.02608
-1.02316
-1.02133
-1.01941
-1.01749
-1.01583
-1.01458
-1.01402
360.183
359.688
358.812
357.625
356.263
354.834
353.491
352.339
351.483
350.865
311.575
311.028
310.07
308.764
307.262
305.727
304.226
302.901
301.894
301.182
263.525
262.929
261.837
260.323
258.546
256.647
254.751
253.03
251.681
250.77
216.231
215.472
214.136
212.244
209.996
207.549
205.004
202.573
200.561
199.305
169.971
168.958
167.263
164.828
161.912
158.645
154.945
151.315
148.226
146.421
125.101
123.637
121.253
117.849
113.727
109.021
104.201
98.9362
94.2184
91.7691
82.9242
80.8722
77.5138
72.7919
67.2781
61.1343
53.3394
44.2415
34.8691
33.6347
44.7898
41.5979
37.0285
30.9067
24.2741
18.2024
12.5896
7.47604
3.49073
3.32581
14.4764
11.492
8.47206
4.36556
1.02106
-0.330715
-0.427051
-0.390003
-0.370074
-0.352471
1.71321
0.659575
-0.353448
-0.572015
-0.53365
-0.50301
-0.485529
-0.477572
-0.463683
-0.440925
-0.563663
-0.558336
-0.564134
-0.568699
-0.576816
-0.576763
-0.56496
-0.553937
-0.539889
-0.51359
-0.637334
-0.634259
-0.642724
-0.645428
-0.637664
-0.623234
-0.614922
-0.6132
-0.603469
-0.580838
-0.679681
-0.679645
-0.681652
-0.675206
-0.670398
-0.667461
-0.66505
-0.665427
-0.663502
-0.645211
-0.718052
-0.72104
-0.719336
-0.720872
-0.720266
-0.71882
-0.71593
-0.714959
-0.712949
-0.698605
-0.762054
-0.76881
-0.773277
-0.773429
-0.770785
-0.769527
-0.766712
-0.76494
-0.76018
-0.750175
-0.833956
-0.830763
-0.829301
-0.826171
-0.822141
-0.820618
-0.818581
-0.816814
-0.811682
-0.805724
-0.893426
-0.894375
-0.884733
-0.878563
-0.873159
-0.871146
-0.869519
-0.868021
-0.8648
-0.860728
-0.932231
-0.947709
-0.933426
-0.92799
-0.922744
-0.920343
-0.918597
-0.917096
-0.915041
-0.912727
-0.967116
-0.986758
-0.980209
-0.97479
-0.971459
-0.969165
-0.967182
-0.965339
-0.96384
-0.963097
-1.01951
-1.02022
-1.02279
-1.02146
-1.02007
-1.01847
-1.01671
-1.01499
-1.01377
-1.01358
357.617
357.259
356.617
355.778
354.837
353.894
353.017
352.274
351.719
351.282
308.614
308.265
307.585
306.707
305.729
304.723
303.758
302.917
302.27
301.766
259.982
259.564
258.788
257.785
256.647
255.451
254.275
253.213
252.361
251.704
211.604
211.048
210.099
208.893
207.546
206.069
204.542
203.07
201.819
200.893
163.647
162.889
161.703
160.247
158.623
156.592
154.431
152.272
150.332
148.956
116.369
115.167
113.451
111.38
108.985
106.532
103.7
100.315
96.9873
95.2135
70.9062
68.8267
66.1438
63.4662
60.9355
57.4788
52.5992
46.4823
40.5832
39.9108
31.3275
27.9297
24.0645
20.6169
18.1756
15.646
12.2372
8.89933
5.62312
5.74538
5.32887
3.92755
2.25354
0.385502
-0.280581
-0.382981
-0.395908
-0.40116
-0.406591
-0.37903
-0.458442
-0.495875
-0.545952
-0.517514
-0.483939
-0.475032
-0.4743
-0.470518
-0.47146
-0.45441
-0.549496
-0.544548
-0.55962
-0.558225
-0.569012
-0.566779
-0.557201
-0.538743
-0.528369
-0.510828
-0.624861
-0.617547
-0.624118
-0.615306
-0.617474
-0.615536
-0.612744
-0.613342
-0.602906
-0.576378
-0.670436
-0.670592
-0.672388
-0.663953
-0.664073
-0.662069
-0.66413
-0.668288
-0.67696
-0.64933
-0.715944
-0.7176
-0.719555
-0.71797
-0.717185
-0.71741
-0.715755
-0.71769
-0.717128
-0.702995
-0.764614
-0.767064
-0.768642
-0.769663
-0.768674
-0.769407
-0.76847
-0.770009
-0.764942
-0.753619
-0.818957
-0.822144
-0.820562
-0.821536
-0.820289
-0.821337
-0.822317
-0.824779
-0.821767
-0.81375
-0.869703
-0.877662
-0.872868
-0.872903
-0.871346
-0.872359
-0.874892
-0.877883
-0.877217
-0.869686
-0.916682
-0.927212
-0.922407
-0.922366
-0.920745
-0.920682
-0.922052
-0.924551
-0.925026
-0.919356
-0.965042
-0.973223
-0.971425
-0.970811
-0.969432
-0.968278
-0.967144
-0.966392
-0.966221
-0.965057
-1.01694
-1.01792
-1.01949
-1.0194
-1.01848
-1.01713
-1.01529
-1.01327
-1.012
-1.01275
355.136
354.901
354.507
354.007
353.495
353.016
352.598
352.264
352.014
351.757
305.827
305.593
305.188
304.719
304.228
303.756
303.333
302.983
302.708
302.415
256.437
256.18
255.741
255.249
254.747
254.267
253.829
253.446
253.118
252.739
206.785
206.456
205.943
205.442
204.984
204.52
204.054
203.604
203.169
202.628
156.703
156.257
155.681
155.303
154.888
154.374
153.829
153.21
152.516
151.692
106.468
105.815
105.094
104.544
104.053
103.533
102.789
101.6
100.283
99.3821
55.8661
54.3557
52.8444
52.829
52.975
52.3044
50.5977
48.2185
46.0864
46.6498
15.0178
13.162
11.4517
11.2974
12.5813
12.1256
11.2246
10.2374
8.64792
9.69027
0.245102
0.0865747
-0.157433
-0.326857
-0.400177
-0.385032
-0.395825
-0.403767
-0.431075
-0.380147
-0.533623
-0.499901
-0.473356
-0.444944
-0.45858
-0.464071
-0.467168
-0.467888
-0.477744
-0.466093
-0.571027
-0.566091
-0.56058
-0.533245
-0.532569
-0.542171
-0.542435
-0.527152
-0.513847
-0.497464
-0.61321
-0.609941
-0.609509
-0.607977
-0.607395
-0.608309
-0.60983
-0.608941
-0.592072
-0.561877
-0.663169
-0.662593
-0.662312
-0.661757
-0.66309
-0.665774
-0.667536
-0.670263
-0.685078
-0.651192
-0.712435
-0.713409
-0.713749
-0.714627
-0.715777
-0.717941
-0.712756
-0.717001
-0.724764
-0.707752
-0.762448
-0.764357
-0.764836
-0.766102
-0.767181
-0.769549
-0.76517
-0.771361
-0.77114
-0.760688
-0.8143
-0.8168
-0.816412
-0.817802
-0.819172
-0.822763
-0.825732
-0.834718
-0.839209
-0.831333
-0.865175
-0.868939
-0.867938
-0.86887
-0.870171
-0.875172
-0.885007
-0.894658
-0.90171
-0.894674
-0.914628
-0.919192
-0.918395
-0.918571
-0.919103
-0.922124
-0.92949
-0.938109
-0.943568
-0.934253
-0.9647
-0.967129
-0.968027
-0.967875
-0.967443
-0.967161
-0.966819
-0.967098
-0.969778
-0.967668
-1.01623
-1.01674
-1.01766
-1.0175
-1.01672
-1.01528
-1.01259
-1.00879
-1.00719
-1.01008
352.959
352.841
352.66
352.478
352.342
352.271
352.261
352.294
352.323
352.225
303.296
303.203
303.069
302.958
302.902
302.911
302.978
303.077
303.15
303.05
253.206
253.109
252.98
252.949
253.023
253.197
253.434
253.688
253.867
253.758
202.359
202.237
202.025
202.187
202.545
203.03
203.576
204.112
204.502
204.367
149.752
149.627
149.388
150.338
151.234
152.169
153.135
154.043
154.701
154.528
96.993
96.8811
97.5653
98.0708
98.7374
100.056
101.419
102.543
103.444
103.596
41.8142
40.5838
39.77
41.758
43.9306
46.2463
47.9848
49.2977
50.9605
53.5584
5.90971
5.11986
4.86634
5.91316
7.40446
8.83674
10.1462
11.5751
11.5967
14.7445
-0.288427
-0.317295
-0.353323
-0.363952
-0.379541
-0.400154
-0.399109
-0.391282
-0.402602
-0.233965
-0.460921
-0.454485
-0.44994
-0.448699
-0.457065
-0.465816
-0.468089
-0.471876
-0.48575
-0.488842
-0.555865
-0.549534
-0.544525
-0.534275
-0.519494
-0.52753
-0.528072
-0.517521
-0.507194
-0.487289
-0.595776
-0.596846
-0.601245
-0.604296
-0.609025
-0.609232
-0.601842
-0.589733
-0.565905
-0.532022
-0.650982
-0.653305
-0.657308
-0.660679
-0.665337
-0.670853
-0.673276
-0.667987
-0.661709
-0.628339
-0.704709
-0.707245
-0.709713
-0.713053
-0.71698
-0.721146
-0.720352
-0.716321
-0.719985
-0.702824
-0.758159
-0.760267
-0.761335
-0.76356
-0.766911
-0.772143
-0.773441
-0.77067
-0.771828
-0.763733
-0.810564
-0.812131
-0.812322
-0.814246
-0.818018
-0.825782
-0.83699
-0.833794
-0.837677
-0.837103
-0.861406
-0.86324
-0.863419
-0.865352
-0.868849
-0.878255
-0.894665
-0.894909
-0.901344
-0.902939
-0.912745
-0.914379
-0.914793
-0.915668
-0.917595
-0.924402
-0.937307
-0.940393
-0.943334
-0.935946
-0.96426
-0.965139
-0.965513
-0.965627
-0.965627
-0.966333
-0.966813
-0.964459
-0.96506
-0.961436
-1.01571
-1.01597
-1.0162
-1.01594
-1.01509
-1.01331
-1.00884
-1.0011
-0.998558
-1.00296
351.374
351.338
351.313
351.35
351.485
351.714
352.009
352.32
352.565
352.59
301.423
301.438
301.491
301.628
301.894
302.262
302.699
303.145
303.493
303.548
250.761
250.814
250.896
251.181
251.676
252.343
253.1
253.858
254.46
254.581
199.078
199.068
198.937
199.548
200.543
201.78
203.131
204.482
205.609
205.856
143.651
144.079
144.366
146.198
148.163
150.241
152.429
154.651
156.669
157.248
88.4073
88.9846
91.9897
92.8922
94.1352
96.8135
100.109
103.327
106.552
108.143
26.1252
25.5026
26.0695
30.0993
34.8311
40.4419
45.8483
50.821
55.8833
61.0107
1.91135
1.74157
1.80439
2.3232
3.44532
5.56836
8.62859
11.6108
14.5083
23.3163
-0.25972
-0.274073
-0.299488
-0.330222
-0.374545
-0.408777
-0.427142
-0.407332
-0.268662
0.482955
-0.420257
-0.421733
-0.42791
-0.43613
-0.45318
-0.471931
-0.482021
-0.4922
-0.536024
-0.552739
-0.519546
-0.520165
-0.52214
-0.52097
-0.519763
-0.518906
-0.517692
-0.507334
-0.505217
-0.468884
-0.579443
-0.583068
-0.592257
-0.598754
-0.604931
-0.601889
-0.586746
-0.563854
-0.53202
-0.464232
-0.640862
-0.643704
-0.653909
-0.664661
-0.676503
-0.682311
-0.675964
-0.653773
-0.623995
-0.588997
-0.700694
-0.702634
-0.708178
-0.715442
-0.721782
-0.726617
-0.729899
-0.723459
-0.698278
-0.673469
-0.756597
-0.758773
-0.759175
-0.761277
-0.764808
-0.768959
-0.773677
-0.775894
-0.757787
-0.746716
-0.808734
-0.808648
-0.808108
-0.809146
-0.813364
-0.8224
-0.838197
-0.839684
-0.825542
-0.819202
-0.857813
-0.858461
-0.858663
-0.860992
-0.865781
-0.877028
-0.900514
-0.903578
-0.892964
-0.881597
-0.909798
-0.910544
-0.911464
-0.912938
-0.915616
-0.924674
-0.94291
-0.94601
-0.935324
-0.917008
-0.962646
-0.963071
-0.963503
-0.963874
-0.964262
-0.966298
-0.970104
-0.967319
-0.955479
-0.946812
-1.01482
-1.01493
-1.01502
-1.01479
-1.01401
-1.01227
-1.00772
-0.999609
-0.99213
-0.994089
350.3
350.327
350.402
350.562
350.867
351.278
351.751
352.221
352.589
352.706
300.295
300.351
300.477
300.702
301.181
301.759
302.405
303.044
303.547
303.715
249.286
249.4
249.627
250.072
250.77
251.69
252.722
253.748
254.579
254.87
196.77
196.991
197.365
198.083
199.302
200.863
202.595
204.349
205.854
206.398
141.304
141.89
142.85
144.103
146.375
148.882
151.622
154.492
157.249
158.596
86.0958
87.2959
88.6678
90.0765
91.7345
95.0744
99.2422
103.519
108.143
111.722
21.2952
22.2407
24.815
28.4834
33.5951
39.6952
46.3953
53.4432
60.9696
67.9138
1.24368
1.24956
1.47213
2.0243
3.25453
5.59836
9.55877
14.6305
23.2245
32.1909
-0.169009
-0.202137
-0.2463
-0.299966
-0.353907
-0.380997
-0.389852
-0.256133
0.439424
7.78362
-0.357583
-0.368015
-0.385248
-0.408206
-0.434354
-0.453605
-0.477631
-0.502303
-0.552486
0.222078
-0.482525
-0.487267
-0.492664
-0.495332
-0.497598
-0.500455
-0.502886
-0.499894
-0.46837
-0.473046
-0.563684
-0.568067
-0.572593
-0.574993
-0.574881
-0.567524
-0.554465
-0.533952
-0.471515
-0.481328
-0.62998
-0.633434
-0.638607
-0.642881
-0.648615
-0.648312
-0.640065
-0.622056
-0.579483
-0.552819
-0.690909
-0.692301
-0.695203
-0.699036
-0.701773
-0.702766
-0.705474
-0.701646
-0.675963
-0.646213
-0.74768
-0.748039
-0.748749
-0.7503
-0.752129
-0.753773
-0.760783
-0.764846
-0.748026
-0.724542
-0.801458
-0.801623
-0.801561
-0.802963
-0.806691
-0.813116
-0.828419
-0.837109
-0.821357
-0.795531
-0.854267
-0.854823
-0.855041
-0.857013
-0.861526
-0.8692
-0.892114
-0.905274
-0.885801
-0.857129
-0.907835
-0.908331
-0.909041
-0.910816
-0.913417
-0.919158
-0.933813
-0.939549
-0.921048
-0.903631
-0.961415
-0.961744
-0.962198
-0.962857
-0.963626
-0.965349
-0.968447
-0.964144
-0.949619
-0.945279
-1.01418
-1.01424
-1.01433
-1.01429
-1.01393
-1.01319
-1.01104
-1.00484
-0.99605
-0.996566
-1.0688
-1.06836
-1.06774
-1.06676
-1.06524
-1.06274
-1.05843
-1.05191
-1.04651
-1.04986
-1.12086
-1.12035
-1.1196
-1.11848
-1.11683
-1.1144
-1.11099
-1.10706
-1.10436
-1.10558
-1.17319
-1.17263
-1.17186
-1.17078
-1.1693
-1.16731
-1.16488
-1.16239
-1.16087
-1.161
-1.22589
-1.2253
-1.22454
-1.22355
-1.22228
-1.22074
-1.21901
-1.2174
-1.21638
-1.21619
-1.27904
-1.27839
-1.2776
-1.27666
-1.27558
-1.27436
-1.2731
-1.272
-1.27128
-1.27099
-1.33264
-1.33187
-1.331
-1.33006
-1.32905
-1.32802
-1.32703
-1.3262
-1.32564
-1.32536
-1.38664
-1.38569
-1.38467
-1.38365
-1.38263
-1.38166
-1.38079
-1.38008
-1.3796
-1.37934
-1.44091
-1.43972
-1.4385
-1.43732
-1.43622
-1.43522
-1.43437
-1.43369
-1.43324
-1.43299
-1.49514
-1.49375
-1.49227
-1.49091
-1.48968
-1.48861
-1.48772
-1.48703
-1.48658
-1.48633
-1.54893
-1.54738
-1.54576
-1.54422
-1.54288
-1.54171
-1.54077
-1.54006
-1.53959
-1.53933
-1.60179
-1.60022
-1.59858
-1.59702
-1.59563
-1.59438
-1.59344
-1.59272
-1.59224
-1.59198
-1.65335
-1.65193
-1.65045
-1.64902
-1.64771
-1.64657
-1.64566
-1.64495
-1.6445
-1.64425
-1.70321
-1.70231
-1.70123
-1.70013
-1.69908
-1.69814
-1.69736
-1.69675
-1.69635
-1.69612
-1.75181
-1.75148
-1.75099
-1.75039
-1.74974
-1.74911
-1.74855
-1.7481
-1.74779
-1.74762
-1.79966
-1.79991
-1.80005
-1.80001
-1.79984
-1.79959
-1.79931
-1.79906
-1.79888
-1.79877
-1.84743
-1.84814
-1.84881
-1.84931
-1.8496
-1.84974
-1.84977
-1.84975
-1.84972
-1.84969
-1.89564
-1.89667
-1.89771
-1.89861
-1.8993
-1.89979
-1.90012
-1.90032
-1.90043
-1.90048
-1.94467
-1.94584
-1.94709
-1.94824
-1.94922
-1.94998
-1.95054
-1.95093
-1.95117
-1.95128
-1.99468
-1.99587
-1.9972
-1.99847
-1.99959
-2.00051
-2.00123
-2.00173
-2.00205
-2.00221
-2.04576
-2.04692
-2.0482
-2.04945
-2.05059
-2.05155
-2.0523
-2.05285
-2.05319
-2.05337
-1.069
-1.0686
-1.06794
-1.06685
-1.06499
-1.06161
-1.05502
-1.04612
-1.04246
-1.05015
-1.12085
-1.12039
-1.11967
-1.11855
-1.11678
-1.11402
-1.10982
-1.10509
-1.1024
-1.10589
-1.17303
-1.17255
-1.17184
-1.17081
-1.16934
-1.16729
-1.16466
-1.16209
-1.16069
-1.16145
-1.22565
-1.22514
-1.22444
-1.22352
-1.22233
-1.22082
-1.21911
-1.21752
-1.21662
-1.21661
-1.27876
-1.27819
-1.27746
-1.2766
-1.27559
-1.27444
-1.27323
-1.27218
-1.27153
-1.27131
-1.33239
-1.33168
-1.33085
-1.32998
-1.32904
-1.32807
-1.32714
-1.32635
-1.32584
-1.32559
-1.38653
-1.38559
-1.38459
-1.3836
-1.38263
-1.38171
-1.38087
-1.3802
-1.37975
-1.37951
-1.44108
-1.43984
-1.43856
-1.43737
-1.43627
-1.43529
-1.43446
-1.4338
-1.43337
-1.43313
-1.49577
-1.49423
-1.49254
-1.49112
-1.48984
-1.48874
-1.48784
-1.48715
-1.4867
-1.48645
-1.55009
-1.54824
-1.54637
-1.54462
-1.54317
-1.54194
-1.54095
-1.54022
-1.53973
-1.53947
-1.60339
-1.60145
-1.59948
-1.59764
-1.59605
-1.59473
-1.59369
-1.59292
-1.59241
-1.59214
-1.65508
-1.65333
-1.65153
-1.64981
-1.64828
-1.647
-1.64595
-1.6452
-1.6447
-1.64443
-1.70471
-1.70367
-1.7023
-1.70095
-1.6997
-1.6986
-1.6977
-1.69701
-1.69656
-1.69632
-1.75272
-1.75238
-1.75182
-1.75111
-1.75032
-1.74956
-1.74889
-1.74836
-1.748
-1.74781
-1.79986
-1.80026
-1.80051
-1.8005
-1.80028
-1.79995
-1.7996
-1.79929
-1.79907
-1.79894
-1.84696
-1.84796
-1.84886
-1.8495
-1.84984
-1.84997
-1.84997
-1.84991
-1.84985
-1.84981
-1.89472
-1.89605
-1.89739
-1.89849
-1.8993
-1.89985
-1.90019
-1.90039
-1.90049
-1.90053
-1.94348
-1.94494
-1.94648
-1.94784
-1.94899
-1.94986
-1.95048
-1.9509
-1.95115
-1.95127
-1.9934
-1.99484
-1.99639
-1.99788
-1.99919
-2.00024
-2.00105
-2.00162
-2.00197
-2.00215
-2.04453
-2.04585
-2.04731
-2.04876
-2.05009
-2.05119
-2.05206
-2.05268
-2.05308
-2.05328
-1.06926
-1.06905
-1.06847
-1.06748
-1.06578
-1.0628
-1.05748
-1.05084
-1.04881
-1.05593
-1.12076
-1.12051
-1.1199
-1.11894
-1.11738
-1.11497
-1.11152
-1.10799
-1.10625
-1.10891
-1.17269
-1.17243
-1.17184
-1.171
-1.16972
-1.16794
-1.16571
-1.16365
-1.16253
-1.16323
-1.22514
-1.22486
-1.22427
-1.22353
-1.22252
-1.22122
-1.21972
-1.21831
-1.21765
-1.21769
-1.27814
-1.2778
-1.27716
-1.27648
-1.27563
-1.27465
-1.2736
-1.27268
-1.27215
-1.27198
-1.33177
-1.33129
-1.33052
-1.32979
-1.329
-1.32817
-1.32735
-1.32666
-1.32622
-1.32601
-1.38608
-1.38534
-1.38434
-1.38344
-1.38258
-1.38176
-1.38101
-1.3804
-1.38
-1.37979
-1.44112
-1.43994
-1.43856
-1.43737
-1.43631
-1.43538
-1.43459
-1.43397
-1.43356
-1.43334
-1.49675
-1.49496
-1.49297
-1.49142
-1.49008
-1.48895
-1.48803
-1.48734
-1.48689
-1.48665
-1.55223
-1.54981
-1.54744
-1.54533
-1.54369
-1.54233
-1.54126
-1.54047
-1.53996
-1.53969
-1.60662
-1.60386
-1.60118
-1.59882
-1.59688
-1.59534
-1.59414
-1.59327
-1.59271
-1.59241
-1.65866
-1.65622
-1.65366
-1.65133
-1.64938
-1.64777
-1.64654
-1.64564
-1.64505
-1.64475
-1.70809
-1.70631
-1.70446
-1.70259
-1.70093
-1.6995
-1.69837
-1.69752
-1.69695
-1.69667
-1.75478
-1.75436
-1.7536
-1.75258
-1.75149
-1.75045
-1.74957
-1.74887
-1.7484
-1.74816
-1.80022
-1.80106
-1.80155
-1.80154
-1.80121
-1.80071
-1.80019
-1.79974
-1.79942
-1.79925
-1.84583
-1.84755
-1.84905
-1.84991
-1.85037
-1.85046
-1.85038
-1.85023
-1.85011
-1.85003
-1.89259
-1.89471
-1.89677
-1.89831
-1.89936
-1.89999
-1.90034
-1.90053
-1.90061
-1.90064
-1.94089
-1.94304
-1.94526
-1.94711
-1.94857
-1.94963
-1.95036
-1.95083
-1.95111
-1.95124
-1.99072
-1.99269
-1.99477
-1.99671
-1.99838
-1.9997
-2.00069
-2.00137
-2.0018
-2.00201
-2.04197
-2.04362
-2.04549
-2.04734
-2.04904
-2.05046
-2.05156
-2.05234
-2.05284
-2.05308
-1.06925
-1.06959
-1.06915
-1.06845
-1.06715
-1.06493
-1.06146
-1.05833
-1.05752
-1.06093
-1.1203
-1.12058
-1.12018
-1.11954
-1.11837
-1.11659
-1.11437
-1.11193
-1.11102
-1.11248
-1.17192
-1.17216
-1.17178
-1.17127
-1.17034
-1.169
-1.16739
-1.16586
-1.16513
-1.16553
-1.22413
-1.22434
-1.22392
-1.22352
-1.22281
-1.22184
-1.22072
-1.2197
-1.21916
-1.21914
-1.27696
-1.27713
-1.2766
-1.27624
-1.27567
-1.27495
-1.27416
-1.27345
-1.27303
-1.27289
-1.33051
-1.33059
-1.32984
-1.32941
-1.32888
-1.32827
-1.32764
-1.3271
-1.32675
-1.32658
-1.38485
-1.38479
-1.38372
-1.38308
-1.38242
-1.38177
-1.38117
-1.38067
-1.38034
-1.38016
-1.44042
-1.43988
-1.43831
-1.43723
-1.43627
-1.43544
-1.43473
-1.43418
-1.43382
-1.43362
-1.4978
-1.49574
-1.49347
-1.49177
-1.49034
-1.48919
-1.48828
-1.48759
-1.48715
-1.48691
-1.55557
-1.55217
-1.54889
-1.54639
-1.54441
-1.54286
-1.54168
-1.54082
-1.54028
-1.53999
-1.61245
-1.60798
-1.60389
-1.60064
-1.59814
-1.59621
-1.59478
-1.59377
-1.59312
-1.59278
-1.66662
-1.66162
-1.65736
-1.65384
-1.65114
-1.64895
-1.6474
-1.64629
-1.64558
-1.6452
-1.71455
-1.71147
-1.70839
-1.70542
-1.70296
-1.70093
-1.69939
-1.69828
-1.69756
-1.69719
-1.75826
-1.75815
-1.75698
-1.75525
-1.75353
-1.75194
-1.75065
-1.74967
-1.74903
-1.74869
-1.80039
-1.80255
-1.80387
-1.80362
-1.80293
-1.80201
-1.80116
-1.80047
-1.79999
-1.79973
-1.84331
-1.84677
-1.84972
-1.85113
-1.85147
-1.85135
-1.85108
-1.85077
-1.85052
-1.85038
-1.88849
-1.89232
-1.89595
-1.89827
-1.89963
-1.90031
-1.90064
-1.90077
-1.9008
-1.9008
-1.93622
-1.93976
-1.94346
-1.94608
-1.948
-1.94932
-1.95019
-1.95074
-1.95105
-1.9512
-1.98615
-1.98903
-1.9921
-1.99481
-1.99708
-1.99883
-2.00012
-2.00099
-2.00152
-2.00179
-2.03766
-2.03986
-2.0424
-2.04494
-2.04729
-2.04923
-2.05075
-2.05177
-2.05242
-2.05276
-1.06872
-1.07026
-1.06987
-1.06948
-1.06852
-1.06699
-1.06497
-1.06325
-1.06272
-1.06384
-1.11932
-1.12063
-1.12043
-1.12019
-1.1194
-1.11815
-1.1166
-1.1152
-1.1146
-1.11508
-1.17064
-1.17177
-1.17163
-1.17155
-1.17098
-1.17007
-1.16895
-1.16794
-1.16743
-1.16751
-1.2225
-1.22364
-1.22341
-1.22346
-1.22308
-1.22246
-1.2217
-1.221
-1.2206
-1.22052
-1.27508
-1.27624
-1.27574
-1.27586
-1.27562
-1.27521
-1.2747
-1.27422
-1.27392
-1.27379
-1.32849
-1.32966
-1.32869
-1.32879
-1.32858
-1.32828
-1.32789
-1.32753
-1.32728
-1.32716
-1.38275
-1.384
-1.38249
-1.38235
-1.38202
-1.38166
-1.38127
-1.38092
-1.38068
-1.38054
-1.43853
-1.43943
-1.43737
-1.43669
-1.43599
-1.43537
-1.43482
-1.43437
-1.43407
-1.4339
-1.49747
-1.49638
-1.49344
-1.49183
-1.49044
-1.48934
-1.48847
-1.48783
-1.48741
-1.48718
-1.55897
-1.55505
-1.55037
-1.54744
-1.54513
-1.5434
-1.54211
-1.5412
-1.54062
-1.54032
-1.61993
-1.61387
-1.60737
-1.60289
-1.59964
-1.59725
-1.59554
-1.59434
-1.5936
-1.59321
-1.6767
-1.66982
-1.66264
-1.65719
-1.65336
-1.65053
-1.6485
-1.64709
-1.64621
-1.64576
-1.72312
-1.71973
-1.71439
-1.7094
-1.70576
-1.70288
-1.70077
-1.69928
-1.69833
-1.69784
-1.76341
-1.7638
-1.7621
-1.75913
-1.75649
-1.75407
-1.75217
-1.75077
-1.74985
-1.74939
-1.80021
-1.80469
-1.80666
-1.80655
-1.80552
-1.804
-1.80262
-1.8015
-1.80076
-1.80037
-1.83843
-1.84524
-1.84997
-1.85226
-1.85314
-1.85281
-1.85218
-1.85156
-1.85111
-1.85087
-1.88134
-1.88836
-1.89437
-1.89815
-1.90018
-1.90095
-1.90116
-1.90115
-1.90108
-1.90103
-1.92884
-1.93462
-1.94016
-1.9446
-1.94726
-1.94896
-1.95001
-1.95063
-1.95098
-1.95113
-1.97935
-1.98372
-1.98813
-1.99207
-1.99524
-1.99758
-1.99928
-2.00043
-2.00113
-2.00146
-2.03137
-2.03425
-2.03763
-2.04119
-2.04463
-2.04734
-2.04946
-2.05092
-2.05184
-2.05229
-1.06698
-1.07113
-1.0703
-1.07031
-1.06955
-1.06838
-1.06695
-1.06572
-1.06514
-1.06535
-1.11699
-1.12061
-1.12037
-1.12065
-1.12018
-1.11932
-1.11822
-1.11726
-1.11675
-1.11679
-1.16834
-1.17121
-1.17118
-1.17167
-1.17144
-1.17088
-1.17013
-1.16944
-1.16904
-1.16897
-1.22009
-1.22272
-1.22249
-1.22322
-1.22318
-1.22291
-1.22245
-1.222
-1.22171
-1.22162
-1.27256
-1.27505
-1.27423
-1.2752
-1.27534
-1.27531
-1.27508
-1.27481
-1.27462
-1.27454
-1.32578
-1.3282
-1.3265
-1.32769
-1.32796
-1.32808
-1.328
-1.32784
-1.32771
-1.32763
-1.37888
-1.38234
-1.37974
-1.38093
-1.38119
-1.38131
-1.38121
-1.38105
-1.38092
-1.38083
-1.43185
-1.43799
-1.43473
-1.43538
-1.43525
-1.43505
-1.43474
-1.43444
-1.43424
-1.43411
-1.48968
-1.49568
-1.49208
-1.49126
-1.49017
-1.48928
-1.48854
-1.48796
-1.4876
-1.48739
-1.5588
-1.55667
-1.55141
-1.54829
-1.5457
-1.54382
-1.54246
-1.5415
-1.54092
-1.54061
-1.63092
-1.62055
-1.61157
-1.60562
-1.60135
-1.59835
-1.59629
-1.59491
-1.59407
-1.59364
-1.69321
-1.68176
-1.67021
-1.66188
-1.65634
-1.65241
-1.64975
-1.64797
-1.6469
-1.64635
-1.74792
-1.73495
-1.72438
-1.71562
-1.70988
-1.70552
-1.70251
-1.70046
-1.69922
-1.69858
-1.78076
-1.77677
-1.77232
-1.76619
-1.76153
-1.75724
-1.75424
-1.75216
-1.75087
-1.75022
-1.80464
-1.8123
-1.81546
-1.81361
-1.81078
-1.80735
-1.80476
-1.8029
-1.80174
-1.80116
-1.83184
-1.84603
-1.85627
-1.85875
-1.8576
-1.85562
-1.85394
-1.85267
-1.85187
-1.85147
-1.86999
-1.88478
-1.89774
-1.90145
-1.90281
-1.90248
-1.90207
-1.90171
-1.90145
-1.90131
-1.91759
-1.93069
-1.94075
-1.94431
-1.94734
-1.94888
-1.94985
-1.9505
-1.95086
-1.95102
-1.96954
-1.97761
-1.98455
-1.98891
-1.99304
-1.99594
-1.99812
-1.99964
-2.00056
-2.001
-2.0227
-2.02668
-2.03093
-2.03558
-2.04071
-2.04453
-2.04762
-2.0497
-2.05098
-2.05162
-1.05143
-1.07135
-1.07021
-1.07085
-1.07023
-1.06918
-1.06798
-1.06695
-1.06631
-1.06615
-1.10598
-1.11971
-1.11994
-1.12087
-1.1207
-1.12007
-1.11922
-1.11846
-1.11798
-1.11784
-1.16067
-1.16926
-1.17038
-1.1716
-1.17171
-1.17143
-1.17091
-1.1704
-1.17006
-1.16995
-1.21284
-1.21983
-1.22107
-1.22275
-1.22311
-1.22316
-1.22294
-1.22266
-1.22246
-1.22238
-1.26455
-1.27118
-1.27184
-1.27414
-1.27483
-1.27522
-1.27527
-1.27519
-1.2751
-1.27506
-1.31553
-1.3229
-1.32289
-1.32594
-1.32699
-1.32768
-1.32793
-1.32798
-1.32796
-1.32794
-1.36203
-1.37518
-1.37501
-1.37864
-1.37989
-1.38068
-1.38097
-1.38103
-1.38102
-1.381
-1.40516
-1.43011
-1.43012
-1.4332
-1.43396
-1.4344
-1.43445
-1.43436
-1.43427
-1.4342
-1.46392
-1.48946
-1.48917
-1.49003
-1.48928
-1.48882
-1.48834
-1.48792
-1.48765
-1.48749
-1.55666
-1.55692
-1.55161
-1.54876
-1.5456
-1.54375
-1.54251
-1.54162
-1.54108
-1.54079
-1.66664
-1.63567
-1.61652
-1.6085
-1.60246
-1.59889
-1.59675
-1.59529
-1.59443
-1.59397
-1.76786
-1.71548
-1.68024
-1.66727
-1.65898
-1.6538
-1.65077
-1.64873
-1.64751
-1.64689
-1.81918
-1.77413
-1.73952
-1.72274
-1.71405
-1.70789
-1.70418
-1.70165
-1.70011
-1.69933
-1.82125
-1.8089
-1.78885
-1.77454
-1.76702
-1.76045
-1.75653
-1.75371
-1.75198
-1.7511
-1.80857
-1.83007
-1.82861
-1.82151
-1.81657
-1.81104
-1.80729
-1.80457
-1.80289
-1.80205
-1.81054
-1.84376
-1.85991
-1.86077
-1.86148
-1.85851
-1.8561
-1.85408
-1.85279
-1.85216
-1.841
-1.87245
-1.89298
-1.90087
-1.90389
-1.90389
-1.90319
-1.90243
-1.90189
-1.90162
-1.89413
-1.91755
-1.93414
-1.94213
-1.94655
-1.94858
-1.94971
-1.95031
-1.95068
-1.95085
-1.95624
-1.9698
-1.97797
-1.98452
-1.98971
-1.99356
-1.99662
-1.9986
-1.9998
-2.00038
-2.01461
-2.01672
-2.02005
-2.02754
-2.03499
-2.0406
-2.04519
-2.04798
-2.04983
-2.05071
-1.06415
-1.07202
-1.07168
-1.07191
-1.07108
-1.06976
-1.06852
-1.06752
-1.06682
-1.06649
-1.10741
-1.11888
-1.12082
-1.12181
-1.12156
-1.12074
-1.11986
-1.11913
-1.11863
-1.11842
-1.16032
-1.16845
-1.17173
-1.1727
-1.17256
-1.17206
-1.17148
-1.17099
-1.17066
-1.17053
-1.21325
-1.21883
-1.2228
-1.22386
-1.22382
-1.22365
-1.22335
-1.22309
-1.22291
-1.22284
-1.26287
-1.26951
-1.27319
-1.27494
-1.27521
-1.27545
-1.27546
-1.27541
-1.27537
-1.27536
-1.31575
-1.31949
-1.32308
-1.32609
-1.32687
-1.32759
-1.32788
-1.32799
-1.32805
-1.32808
-1.37167
-1.36822
-1.37277
-1.37792
-1.3793
-1.38034
-1.38074
-1.38089
-1.38097
-1.38102
-1.4184
-1.4264
-1.42672
-1.43233
-1.4333
-1.43398
-1.43415
-1.43414
-1.43415
-1.43415
-1.4695
-1.49395
-1.48664
-1.48959
-1.48886
-1.4885
-1.4881
-1.48772
-1.48753
-1.48744
-1.56214
-1.5743
-1.55193
-1.54877
-1.54546
-1.54365
-1.54245
-1.54154
-1.54106
-1.54081
-1.68939
-1.67112
-1.61914
-1.60922
-1.60296
-1.59921
-1.59707
-1.59549
-1.59461
-1.59416
-1.82006
-1.76273
-1.68601
-1.66991
-1.66094
-1.65514
-1.65179
-1.64939
-1.648
-1.6473
-1.87474
-1.82703
-1.7529
-1.72689
-1.71837
-1.71096
-1.7063
-1.70294
-1.70098
-1.70001
-1.8487
-1.84932
-1.80723
-1.7862
-1.77582
-1.76616
-1.76002
-1.75568
-1.75318
-1.75199
-1.80786
-1.84733
-1.85199
-1.84331
-1.83136
-1.81921
-1.81188
-1.80695
-1.80422
-1.80298
-1.77062
-1.8398
-1.88651
-1.8948
-1.88291
-1.86843
-1.86087
-1.85625
-1.85391
-1.85289
-1.77441
-1.85452
-1.92695
-1.92115
-1.91752
-1.90999
-1.906
-1.90358
-1.90239
-1.9019
-1.84352
-1.91752
-1.96674
-1.95002
-1.94998
-1.94919
-1.94962
-1.95
-1.95038
-1.95056
-1.93497
-1.97509
-1.98818
-1.98108
-1.98643
-1.99017
-1.99425
-1.99692
-1.99875
-1.99957
-2.0046
-2.0081
-2.01187
-2.01561
-2.02693
-2.03418
-2.04125
-2.04536
-2.0483
-2.04954
-0.953584
-1.07721
-1.08192
-1.0754
-1.07219
-1.07
-1.06864
-1.06767
-1.06696
-1.06656
-1.04259
-1.12538
-1.13083
-1.12489
-1.12257
-1.12101
-1.12006
-1.11938
-1.11891
-1.11867
-1.10735
-1.17532
-1.18233
-1.17548
-1.17325
-1.17218
-1.1716
-1.1712
-1.17093
-1.17081
-1.16065
-1.22054
-1.23107
-1.22595
-1.22384
-1.22341
-1.22324
-1.22314
-1.22307
-1.22306
-1.19952
-1.26605
-1.27709
-1.27547
-1.27409
-1.27463
-1.275
-1.27525
-1.27539
-1.27546
-1.25496
-1.30934
-1.31993
-1.32374
-1.3242
-1.32603
-1.32702
-1.32759
-1.32791
-1.32806
-1.33564
-1.34737
-1.35878
-1.37241
-1.37533
-1.37809
-1.37951
-1.38028
-1.3807
-1.38088
-1.37189
-1.40462
-1.41109
-1.42636
-1.42892
-1.43129
-1.43265
-1.43336
-1.43377
-1.43393
-1.4054
-1.47726
-1.47737
-1.48546
-1.48457
-1.48558
-1.48642
-1.48685
-1.48713
-1.4872
-1.50123
-1.55052
-1.54844
-1.54567
-1.54099
-1.54055
-1.5407
-1.54069
-1.5407
-1.54062
-1.65046
-1.63775
-1.62044
-1.60579
-1.59879
-1.59596
-1.59552
-1.59481
-1.59439
-1.59409
-1.79013
-1.7292
-1.68935
-1.66831
-1.65829
-1.65294
-1.65093
-1.64911
-1.64806
-1.64744
-1.89144
-1.86383
-1.76909
-1.73607
-1.71966
-1.71065
-1.70656
-1.70329
-1.70141
-1.70042
-1.94701
-1.98429
-1.85447
-1.80923
-1.7839
-1.76828
-1.76182
-1.75677
-1.75401
-1.75265
-1.88192
-2.07399
-1.94355
-1.88062
-1.84377
-1.82316
-1.81417
-1.80845
-1.80526
-1.80375
-1.73204
-1.95989
-1.9707
-1.9103
-1.88526
-1.86926
-1.86218
-1.85746
-1.85478
-1.8535
-1.67906
-1.87256
-1.95505
-1.91368
-1.91632
-1.90994
-1.90587
-1.90384
-1.90269
-1.90208
-1.74645
-1.89996
-1.95001
-1.93408
-1.94506
-1.94687
-1.94808
-1.94925
-1.94992
-1.95019
-1.90774
-1.97831
-1.97221
-1.96278
-1.97603
-1.98442
-1.99073
-1.99499
-1.99765
-1.99869
-1.99844
-1.99199
-1.97497
-1.98889
-2.01265
-2.02558
-2.03635
-2.04264
-2.04677
-2.04835
3.79609
-1.0565
-1.06839
-1.07094
-1.07156
-1.06956
-1.06868
-1.06778
-1.06703
-1.0666
2.43874
-1.10226
-1.11793
-1.1206
-1.1222
-1.12087
-1.1203
-1.11962
-1.11908
-1.11881
5.04238
-1.15885
-1.17399
-1.17219
-1.17334
-1.17226
-1.17197
-1.1715
-1.17114
-1.17098
9.65618
-1.19426
-1.22506
-1.22268
-1.22413
-1.22363
-1.22367
-1.22346
-1.22327
-1.22321
9.80102
-1.22984
-1.27087
-1.27148
-1.27455
-1.27507
-1.2755
-1.27555
-1.27555
-1.27556
10.1968
-1.2738
-1.31277
-1.32078
-1.32537
-1.32677
-1.32762
-1.32789
-1.32804
-1.3281
3.0399
-1.31477
-1.36129
-1.3742
-1.37788
-1.37936
-1.38027
-1.38061
-1.38078
-1.38085
-0.831631
-1.41349
-1.43297
-1.43585
-1.43321
-1.43297
-1.4335
-1.43369
-1.4338
-1.43382
-1.20812
-1.50719
-1.51346
-1.50202
-1.48962
-1.48714
-1.48717
-1.48714
-1.48709
-1.48701
-1.31762
-1.57902
-1.57637
-1.55822
-1.54296
-1.54096
-1.54119
-1.54088
-1.5406
-1.54039
-1.56102
-1.61061
-1.62495
-1.60286
-1.59477
-1.59562
-1.5958
-1.59492
-1.5943
-1.59391
-1.45939
-1.65196
-1.67554
-1.65405
-1.65106
-1.65209
-1.65125
-1.64935
-1.64812
-1.64742
3.24462
-1.76136
-1.72993
-1.71823
-1.71205
-1.71072
-1.70781
-1.70409
-1.70184
-1.70065
7.16067
-1.82998
-1.81737
-1.80391
-1.78465
-1.77255
-1.7653
-1.75865
-1.75495
-1.75316
4.9625
-2.04412
-1.94064
-1.9337
-1.87101
-1.83468
-1.82163
-1.81168
-1.80664
-1.80442
0.00417542
-2.1504
-2.03697
-2.04414
-1.9487
-1.8885
-1.873
-1.86116
-1.85613
-1.85406
-1.74662
-2.17937
-2.11601
-2.0543
-1.97552
-1.92595
-1.91231
-1.90613
-1.90323
-1.90219
-1.75995
-2.13883
-2.19845
-1.97778
-1.95983
-1.94947
-1.94813
-1.94889
-1.94939
-1.9497
-1.95439
-2.00613
-2.08032
-1.95825
-1.96258
-1.97783
-1.98686
-1.99282
-1.99613
-1.99768
-2.02238
-1.71451
-1.91645
-1.95644
-1.98897
-2.01599
-2.03114
-2.03965
-2.04478
-2.04706
9.34286
-1.05349
-1.07218
-1.07568
-1.07139
-1.07038
-1.06901
-1.06787
-1.06704
-1.06657
10.8576
-1.11499
-1.13471
-1.13214
-1.12315
-1.12224
-1.12071
-1.11972
-1.11907
-1.11876
10.0507
-1.1161
-1.20102
-1.18757
-1.17553
-1.17402
-1.17238
-1.17156
-1.17107
-1.17088
9.70176
-0.993435
-1.24501
-1.2378
-1.22641
-1.2254
-1.22398
-1.2234
-1.2231
-1.22301
10.576
-0.941128
-1.27925
-1.28919
-1.27609
-1.27629
-1.27547
-1.27528
-1.27521
-1.27523
9.95852
-0.873261
-1.32268
-1.34316
-1.32523
-1.32711
-1.32703
-1.32726
-1.32745
-1.32759
12.1398
-0.683663
-1.36182
-1.39845
-1.3758
-1.37807
-1.37883
-1.37937
-1.37988
-1.38014
14.6861
-0.582397
-1.431
-1.45525
-1.42864
-1.42953
-1.4311
-1.43174
-1.43252
-1.43289
15.6123
-0.340832
-1.52339
-1.51244
-1.48002
-1.48101
-1.48375
-1.48445
-1.48555
-1.48601
13.9842
0.507553
-1.59078
-1.54656
-1.51952
-1.53253
-1.53625
-1.53759
-1.53896
-1.53942
4.83249
3.36685
-1.65357
-1.56304
-1.56521
-1.58601
-1.59037
-1.59159
-1.59279
-1.59309
-1.70497
1.36023
-1.59292
-1.61532
-1.62539
-1.6422
-1.64655
-1.64652
-1.64693
-1.6468
-1.67625
-1.5584
-1.5912
-1.6834
-1.68904
-1.70104
-1.70442
-1.70218
-1.70106
-1.70026
3.61578
-1.76568
-1.71276
-1.80136
-1.78193
-1.76682
-1.76405
-1.75781
-1.75458
-1.75298
6.11231
-1.16701
-1.9515
-2.01418
-1.90066
-1.82902
-1.82268
-1.81171
-1.8065
-1.80437
4.81925
5.6026
-1.96996
-2.15061
-1.99235
-1.88767
-1.86841
-1.86013
-1.85574
-1.85393
2.63724
10.0263
-1.17275
-1.94034
-1.96535
-1.91677
-1.90587
-1.9039
-1.90257
-1.9019
4.96467
8.35676
-1.11062
-1.72435
-1.89524
-1.9322
-1.94066
-1.94617
-1.94847
-1.94921
7.98894
1.7426
-1.48121
-1.78504
-1.90355
-1.96059
-1.97997
-1.99016
-1.99514
-1.99706
1.842
-1.62215
-1.68859
-1.84547
-1.94908
-2.0023
-2.02553
-2.03757
-2.04385
-2.04642
-1.04712
-1.07315
-1.07926
-1.07386
-1.07209
-1.07042
-1.06902
-1.06787
-1.06699
-1.0665
-1.0751
-1.12812
-1.12849
-1.12508
-1.12297
-1.12172
-1.12051
-1.11961
-1.11895
-1.11863
-1.08767
-1.21741
-1.1905
-1.18047
-1.17532
-1.17333
-1.17215
-1.17142
-1.17094
-1.17073
-0.981454
-1.34554
-1.25691
-1.2353
-1.22718
-1.2247
-1.22376
-1.22328
-1.22298
-1.22287
-1.09628
-1.45008
-1.30659
-1.28113
-1.27637
-1.27533
-1.27525
-1.27519
-1.27513
-1.27512
-1.14728
-1.30579
-1.31147
-1.31684
-1.32367
-1.32575
-1.32685
-1.32728
-1.32744
-1.32752
-1.16512
-1.23981
-1.32492
-1.36026
-1.37342
-1.37732
-1.37906
-1.37973
-1.38002
-1.38015
-1.2979
-1.32967
-1.39245
-1.41937
-1.42783
-1.43044
-1.43196
-1.43261
-1.43292
-1.43304
-1.43651
-1.4216
-1.46633
-1.48143
-1.48365
-1.48423
-1.48527
-1.48578
-1.48602
-1.48611
-1.49939
-1.49475
-1.53597
-1.53659
-1.53686
-1.53772
-1.5389
-1.5393
-1.5394
-1.53941
-1.56546
-1.58089
-1.62141
-1.58453
-1.58933
-1.59183
-1.59315
-1.59328
-1.59312
-1.59295
-1.72107
-1.67163
-1.64989
-1.62812
-1.64251
-1.64804
-1.64876
-1.64784
-1.64703
-1.64651
-1.85032
-1.75615
-1.64087
-1.69143
-1.70472
-1.7084
-1.70635
-1.70301
-1.70095
-1.69989
-1.81287
-1.89639
-1.75194
-1.81059
-1.78911
-1.7751
-1.7658
-1.75821
-1.75437
-1.7526
-1.81759
-2.07149
-1.98092
-1.98528
-1.89416
-1.84225
-1.82371
-1.81174
-1.8063
-1.80403
-1.92568
-2.02671
-2.20039
-2.12397
-1.97789
-1.89524
-1.87415
-1.86117
-1.85577
-1.85371
-2.00334
-1.84507
-2.04799
-2.07236
-1.97929
-1.92664
-1.91122
-1.90519
-1.9027
-1.90177
-1.99204
-1.6334
-1.74489
-1.91598
-1.94341
-1.94374
-1.94529
-1.94737
-1.94863
-1.94916
-1.89303
-1.50086
-1.68251
-1.86283
-1.93514
-1.96747
-1.98272
-1.99093
-1.99526
-1.99701
-1.84311
-1.59707
-1.74006
-1.88206
-1.96291
-2.00529
-2.0268
-2.03784
-2.04384
-2.04631
-1.07735
-1.06072
-1.07383
-1.07106
-1.07125
-1.07003
-1.0687
-1.06756
-1.06669
-1.06623
-1.13273
-1.11174
-1.11851
-1.12193
-1.12174
-1.12098
-1.11997
-1.11914
-1.11853
-1.11824
-1.1845
-1.18868
-1.17247
-1.17526
-1.17345
-1.17241
-1.17148
-1.17088
-1.17047
-1.17029
-1.21293
-1.26288
-1.22998
-1.22888
-1.22517
-1.22382
-1.22304
-1.22269
-1.22249
-1.22242
-1.25015
-1.31882
-1.2837
-1.27897
-1.27541
-1.2747
-1.2745
-1.27457
-1.27462
-1.27466
-1.26703
-1.33014
-1.32204
-1.32414
-1.32413
-1.32522
-1.32598
-1.32656
-1.32689
-1.32705
-1.29203
-1.34607
-1.35912
-1.36937
-1.37334
-1.37614
-1.37779
-1.3788
-1.37937
-1.37963
-1.36057
-1.38175
-1.40731
-1.41943
-1.42462
-1.428
-1.43019
-1.43143
-1.43213
-1.43245
-1.44581
-1.44542
-1.46563
-1.4736
-1.47771
-1.48085
-1.48316
-1.48444
-1.48518
-1.48549
-1.51792
-1.51244
-1.52726
-1.52939
-1.53177
-1.5345
-1.53661
-1.53782
-1.5385
-1.53876
-1.5972
-1.58414
-1.59192
-1.58605
-1.5868
-1.5891
-1.59086
-1.59169
-1.59206
-1.59215
-1.69959
-1.65836
-1.64241
-1.64073
-1.64293
-1.64511
-1.64613
-1.64613
-1.64588
-1.64568
-1.78644
-1.74131
-1.68953
-1.70047
-1.70373
-1.70374
-1.70257
-1.70097
-1.6997
-1.699
-1.83324
-1.8451
-1.77485
-1.78215
-1.77454
-1.76558
-1.75977
-1.75564
-1.75297
-1.75162
-1.88367
-1.96294
-1.90206
-1.88219
-1.84931
-1.82713
-1.81571
-1.80874
-1.80487
-1.80309
-1.9401
-2.05528
-2.02205
-1.958
-1.91086
-1.88104
-1.86656
-1.85859
-1.85466
-1.853
-1.96301
-2.00256
-2.03572
-1.98118
-1.94274
-1.91958
-1.90926
-1.9045
-1.90235
-1.9015
-1.96393
-1.87715
-1.96965
-1.94765
-1.94828
-1.94741
-1.94768
-1.94843
-1.94903
-1.94932
-1.95274
-1.89787
-1.95692
-1.93668
-1.96149
-1.9779
-1.98743
-1.99306
-1.99617
-1.9975
-1.9703
-1.94184
-1.9508
-1.95592
-1.9929
-2.01745
-2.03202
-2.04036
-2.04496
-2.04694
-1.05338
-1.05185
-1.06861
-1.06982
-1.07035
-1.06953
-1.06821
-1.06699
-1.06609
-1.06572
-1.11173
-1.11701
-1.11874
-1.12079
-1.1209
-1.12037
-1.1194
-1.11851
-1.11786
-1.11759
-1.16183
-1.1754
-1.17031
-1.17251
-1.17219
-1.17169
-1.17093
-1.17029
-1.16984
-1.16965
-1.20742
-1.23116
-1.22314
-1.22429
-1.22362
-1.22315
-1.22261
-1.22223
-1.22197
-1.22186
-1.25829
-1.28037
-1.2738
-1.27459
-1.27446
-1.27447
-1.27434
-1.27427
-1.27421
-1.2742
-1.29884
-1.31643
-1.31999
-1.32312
-1.32472
-1.32571
-1.32617
-1.32645
-1.3266
-1.32668
-1.34231
-1.35851
-1.36634
-1.37205
-1.37541
-1.37731
-1.37829
-1.37886
-1.37916
-1.37932
-1.40004
-1.40719
-1.41695
-1.42343
-1.42737
-1.42962
-1.43086
-1.43156
-1.43195
-1.43215
-1.46362
-1.46418
-1.4719
-1.47705
-1.48053
-1.48265
-1.4839
-1.48459
-1.48498
-1.48516
-1.52764
-1.52431
-1.52912
-1.53185
-1.53454
-1.53634
-1.5374
-1.53795
-1.53822
-1.53835
-1.59566
-1.58673
-1.58769
-1.58785
-1.58953
-1.59082
-1.59145
-1.59163
-1.59166
-1.59165
-1.6705
-1.65152
-1.6447
-1.64492
-1.64592
-1.64636
-1.64616
-1.64563
-1.6452
-1.64494
-1.74243
-1.72184
-1.70582
-1.70605
-1.70524
-1.70341
-1.70149
-1.69977
-1.69861
-1.69796
-1.80343
-1.79961
-1.7812
-1.7756
-1.76863
-1.76172
-1.7569
-1.7535
-1.75147
-1.75045
-1.85619
-1.87977
-1.86708
-1.84833
-1.83181
-1.81868
-1.8108
-1.806
-1.80325
-1.80191
-1.90038
-1.9371
-1.93743
-1.90554
-1.88521
-1.86985
-1.86101
-1.85596
-1.85328
-1.85206
-1.93085
-1.95374
-1.96439
-1.93544
-1.9231
-1.91234
-1.90636
-1.90325
-1.90173
-1.90107
-1.94533
-1.93226
-1.96188
-1.94754
-1.94867
-1.9486
-1.94868
-1.94901
-1.94933
-1.9495
-1.96062
-1.94242
-1.96318
-1.96601
-1.9772
-1.98578
-1.99152
-1.99511
-1.99722
-1.99816
-1.99463
-1.97636
-1.98387
-1.99724
-2.01517
-2.0284
-2.03754
-2.04313
-2.04639
-2.04779
-1.07038
-1.06903
-1.0699
-1.07004
-1.06958
-1.06858
-1.06722
-1.06586
-1.06492
-1.06477
-1.11781
-1.11946
-1.11975
-1.12036
-1.1201
-1.11943
-1.11841
-1.11742
-1.11673
-1.11655
-1.16677
-1.1728
-1.17072
-1.17147
-1.17122
-1.17075
-1.17003
-1.16935
-1.16888
-1.16871
-1.21632
-1.22508
-1.22207
-1.22274
-1.22254
-1.22228
-1.22187
-1.22148
-1.2212
-1.22109
-1.26689
-1.2746
-1.27257
-1.27346
-1.2737
-1.27385
-1.27381
-1.27373
-1.27364
-1.27361
-1.31489
-1.32083
-1.3217
-1.32359
-1.32471
-1.32548
-1.32588
-1.32609
-1.32619
-1.32623
-1.36485
-1.36869
-1.37124
-1.37412
-1.37608
-1.37741
-1.37818
-1.37863
-1.37886
-1.37897
-1.41897
-1.42014
-1.4229
-1.42603
-1.42832
-1.42988
-1.43084
-1.4314
-1.4317
-1.43184
-1.47633
-1.47541
-1.47705
-1.4795
-1.48154
-1.48299
-1.48389
-1.48443
-1.48472
-1.48485
-1.53561
-1.53295
-1.53296
-1.53418
-1.5356
-1.53669
-1.53736
-1.53772
-1.5379
-1.53796
-1.59635
-1.5921
-1.5901
-1.5899
-1.59048
-1.59101
-1.59122
-1.59124
-1.59118
-1.59113
-1.65909
-1.65309
-1.64807
-1.64667
-1.6463
-1.64598
-1.64545
-1.64489
-1.64446
-1.64422
-1.72159
-1.71468
-1.70792
-1.70532
-1.70343
-1.70159
-1.69986
-1.69847
-1.69752
-1.69702
-1.77968
-1.77699
-1.77114
-1.76621
-1.76158
-1.75731
-1.75393
-1.75152
-1.75002
-1.74927
-1.83195
-1.83676
-1.83457
-1.82612
-1.81821
-1.81142
-1.8066
-1.80339
-1.80153
-1.80067
-1.87745
-1.88582
-1.88875
-1.87788
-1.8689
-1.86153
-1.8567
-1.85363
-1.85189
-1.85108
-1.91463
-1.9189
-1.92601
-1.91684
-1.91165
-1.90702
-1.90388
-1.90203
-1.90104
-1.90059
-1.94622
-1.94269
-1.95102
-1.94864
-1.94883
-1.94902
-1.94916
-1.94935
-1.94954
-1.94963
-1.98003
-1.97321
-1.9775
-1.98138
-1.98662
-1.9913
-1.99465
-1.99685
-1.99819
-1.99883
-2.02169
-2.01266
-2.0131
-2.02092
-2.02922
-2.03676
-2.04221
-2.04566
-2.04776
-2.04877
-1.06668
-1.06632
-1.06871
-1.06903
-1.06844
-1.06728
-1.06565
-1.06389
-1.06276
-1.06316
-1.11749
-1.11899
-1.11932
-1.11964
-1.1192
-1.11831
-1.11706
-1.11577
-1.11492
-1.11496
-1.16806
-1.17079
-1.17041
-1.17078
-1.17046
-1.16984
-1.16897
-1.1681
-1.16752
-1.1674
-1.21852
-1.22224
-1.22168
-1.22212
-1.22197
-1.22162
-1.2211
-1.22059
-1.22023
-1.22011
-1.26906
-1.27276
-1.27269
-1.27336
-1.27353
-1.27353
-1.27335
-1.27313
-1.27297
-1.2729
-1.31956
-1.32255
-1.32339
-1.32453
-1.32517
-1.32555
-1.3257
-1.32574
-1.32573
-1.32573
-1.37173
-1.37332
-1.37458
-1.3761
-1.37712
-1.37782
-1.37822
-1.37844
-1.37856
-1.37861
-1.4257
-1.42596
-1.42701
-1.42852
-1.42965
-1.43048
-1.43099
-1.4313
-1.43147
-1.43155
-1.48143
-1.48056
-1.48089
-1.48195
-1.48287
-1.4836
-1.48406
-1.48434
-1.48449
-1.48456
-1.53858
-1.5367
-1.536
-1.53629
-1.53674
-1.53716
-1.53742
-1.53755
-1.5376
-1.53761
-1.59672
-1.59412
-1.59205
-1.5914
-1.5912
-1.59113
-1.59101
-1.59086
-1.59073
-1.59065
-1.65556
-1.65199
-1.64874
-1.64715
-1.64617
-1.64543
-1.64475
-1.64418
-1.64377
-1.64355
-1.71334
-1.70977
-1.706
-1.7035
-1.70154
-1.69985
-1.6984
-1.69729
-1.69654
-1.69615
-1.76814
-1.76654
-1.76341
-1.75994
-1.75673
-1.75387
-1.75155
-1.74986
-1.74879
-1.74825
-1.81884
-1.82026
-1.81891
-1.81458
-1.81032
-1.80652
-1.80356
-1.8015
-1.80025
-1.79963
-1.86509
-1.86811
-1.86896
-1.86458
-1.86047
-1.85679
-1.85383
-1.85191
-1.85078
-1.85024
-1.90691
-1.90898
-1.91182
-1.90866
-1.90617
-1.90393
-1.90221
-1.9011
-1.90047
-1.90016
-1.94722
-1.94679
-1.94943
-1.94926
-1.94926
-1.94941
-1.94948
-1.94958
-1.94969
-1.94973
-1.98918
-1.9868
-1.98802
-1.99021
-1.9926
-1.99504
-1.99692
-1.99817
-1.99901
-1.99942
-2.03507
-2.03191
-2.03122
-2.03468
-2.03864
-2.04253
-2.04559
-2.0477
-2.04903
-2.04968
-1.06738
-1.06736
-1.06793
-1.06783
-1.06706
-1.0656
-1.06333
-1.06048
-1.05861
-1.06029
-1.11838
-1.11877
-1.11886
-1.11878
-1.11814
-1.11697
-1.11529
-1.11339
-1.11216
-1.11267
-1.16942
-1.17026
-1.17014
-1.17012
-1.16967
-1.16885
-1.16771
-1.16653
-1.16576
-1.16574
-1.22055
-1.2217
-1.22158
-1.22168
-1.22144
-1.22095
-1.22027
-1.21956
-1.21908
-1.21895
-1.27181
-1.27296
-1.27304
-1.27333
-1.27335
-1.27318
-1.27285
-1.27249
-1.27222
-1.27212
-1.32336
-1.32423
-1.32458
-1.32511
-1.32541
-1.32553
-1.32548
-1.32536
-1.32526
-1.32521
-1.37582
-1.37615
-1.37659
-1.37725
-1.37774
-1.37806
-1.3782
-1.37825
-1.37825
-1.37825
-1.42934
-1.42913
-1.42938
-1.42997
-1.43049
-1.43087
-1.43109
-1.4312
-1.43125
-1.43127
-1.48407
-1.48324
-1.48307
-1.48335
-1.48369
-1.48398
-1.48415
-1.48424
-1.48428
-1.48429
-1.53974
-1.5383
-1.53753
-1.53734
-1.53734
-1.53739
-1.53739
-1.53736
-1.53732
-1.53729
-1.59592
-1.59406
-1.59256
-1.59178
-1.59132
-1.59101
-1.59073
-1.59049
-1.59032
-1.59022
-1.65224
-1.64982
-1.64783
-1.64648
-1.64549
-1.64472
-1.64405
-1.64353
-1.64317
-1.64297
-1.70752
-1.70516
-1.70295
-1.70114
-1.69959
-1.69827
-1.69715
-1.69629
-1.69572
-1.69541
-1.76071
-1.75922
-1.75729
-1.75519
-1.75312
-1.75127
-1.74971
-1.74854
-1.74778
-1.74739
-1.81111
-1.81091
-1.80982
-1.80765
-1.8053
-1.80315
-1.80135
-1.80004
-1.79921
-1.79878
-1.85863
-1.85933
-1.85918
-1.85741
-1.85534
-1.85342
-1.8518
-1.85064
-1.84992
-1.84955
-1.9038
-1.90447
-1.90511
-1.90419
-1.90306
-1.90199
-1.90106
-1.90041
-1.90002
-1.89981
-1.94818
-1.94825
-1.94909
-1.94935
-1.94945
-1.9496
-1.94967
-1.94973
-1.94979
-1.94981
-1.99337
-1.99268
-1.99339
-1.99469
-1.99596
-1.9973
-1.99836
-1.99913
-1.99964
-1.99989
-2.04018
-2.03878
-2.03991
-2.04198
-2.04402
-2.04613
-2.04788
-2.04915
-2.04997
-2.05038
-1.06713
-1.06716
-1.06715
-1.06678
-1.06579
-1.06389
-1.06055
-1.05582
-1.05212
-1.05566
-1.11855
-1.1186
-1.11844
-1.11808
-1.11721
-1.1157
-1.11341
-1.11075
-1.1088
-1.10971
-1.17002
-1.17018
-1.16997
-1.16968
-1.16903
-1.16797
-1.16651
-1.16492
-1.16388
-1.16394
-1.22161
-1.22184
-1.22167
-1.2215
-1.22108
-1.2204
-1.2195
-1.21857
-1.21791
-1.2178
-1.27337
-1.27359
-1.27351
-1.27348
-1.27328
-1.27292
-1.27241
-1.2719
-1.27152
-1.27139
-1.32544
-1.32556
-1.32555
-1.32565
-1.32564
-1.32551
-1.32528
-1.32503
-1.32483
-1.32474
-1.37814
-1.37802
-1.37798
-1.37812
-1.37822
-1.37824
-1.37817
-1.37807
-1.37799
-1.37794
-1.43155
-1.43113
-1.43094
-1.431
-1.43109
-1.43115
-1.43114
-1.4311
-1.43107
-1.43104
-1.48569
-1.48492
-1.48446
-1.48431
-1.48427
-1.48425
-1.48421
-1.48415
-1.48411
-1.48407
-1.54038
-1.53926
-1.53845
-1.538
-1.53771
-1.53751
-1.53734
-1.5372
-1.5371
-1.53704
-1.59529
-1.59391
-1.59272
-1.5919
-1.59131
-1.59085
-1.59048
-1.59019
-1.58999
-1.58988
-1.65
-1.64842
-1.64697
-1.64582
-1.64488
-1.64412
-1.6435
-1.64301
-1.64269
-1.64251
-1.70382
-1.70235
-1.70083
-1.69944
-1.69819
-1.69712
-1.69622
-1.69554
-1.69508
-1.69484
-1.75616
-1.75515
-1.75382
-1.75233
-1.75086
-1.74954
-1.74843
-1.74759
-1.74704
-1.74674
-1.80665
-1.80628
-1.80534
-1.80398
-1.80248
-1.80109
-1.79991
-1.79903
-1.79845
-1.79815
-1.85533
-1.85545
-1.855
-1.85397
-1.85272
-1.85154
-1.85053
-1.84979
-1.84931
-1.84906
-1.90272
-1.90303
-1.90294
-1.9024
-1.90163
-1.90096
-1.90039
-1.89997
-1.89971
-1.89956
-1.94955
-1.94963
-1.94971
-1.9498
-1.94978
-1.94981
-1.94982
-1.94984
-1.94986
-1.94987
-1.99706
-1.99686
-1.99686
-1.99749
-1.99808
-1.99875
-1.99933
-1.99978
-2.00008
-2.00022
-2.04629
-2.04573
-2.04566
-2.04641
-2.04734
-2.04842
-2.04939
-2.05014
-2.05063
-2.05088
-1.06668
-1.06663
-1.06648
-1.06602
-1.06497
-1.06291
-1.05892
-1.0525
-1.04725
-1.05106
-1.11841
-1.11831
-1.11806
-1.11757
-1.11661
-1.11494
-1.11229
-1.10895
-1.10629
-1.10743
-1.17016
-1.17007
-1.1698
-1.16938
-1.16862
-1.16743
-1.16578
-1.16394
-1.16278
-1.16263
-1.22201
-1.22194
-1.22171
-1.22139
-1.22086
-1.22006
-1.21903
-1.21792
-1.217
-1.21696
-1.27407
-1.27397
-1.27379
-1.27358
-1.27325
-1.27275
-1.27213
-1.2715
-1.27103
-1.27087
-1.32647
-1.32627
-1.3261
-1.32598
-1.32579
-1.32551
-1.32516
-1.3248
-1.32454
-1.32441
-1.37932
-1.37896
-1.37874
-1.37863
-1.37851
-1.37835
-1.37815
-1.37795
-1.37781
-1.37772
-1.43266
-1.43211
-1.43177
-1.43158
-1.43145
-1.43132
-1.43117
-1.43104
-1.43094
-1.43088
-1.48645
-1.48569
-1.48516
-1.48483
-1.48459
-1.4844
-1.48423
-1.48409
-1.48399
-1.48393
-1.54055
-1.53958
-1.53883
-1.53829
-1.53788
-1.53756
-1.53729
-1.53708
-1.53694
-1.53686
-1.59468
-1.59356
-1.59259
-1.59183
-1.59121
-1.5907
-1.59029
-1.58997
-1.58976
-1.58964
-1.64848
-1.64731
-1.64619
-1.64523
-1.6444
-1.6437
-1.64311
-1.64267
-1.64237
-1.6422
-1.70153
-1.70045
-1.69932
-1.69824
-1.69724
-1.69636
-1.69561
-1.69504
-1.69466
-1.69445
-1.75344
-1.75264
-1.75162
-1.75055
-1.74947
-1.74848
-1.74763
-1.74698
-1.74655
-1.74632
-1.80403
-1.80358
-1.8028
-1.80187
-1.80085
-1.79988
-1.79904
-1.7984
-1.79797
-1.79774
-1.85336
-1.85319
-1.85274
-1.85207
-1.85126
-1.85048
-1.8498
-1.84927
-1.84892
-1.84874
-1.90178
-1.90176
-1.9016
-1.90129
-1.90083
-1.90039
-1.9
-1.8997
-1.89951
-1.8994
-1.94997
-1.94995
-1.94994
-1.94997
-1.94994
-1.94993
-1.94991
-1.94991
-1.94991
-1.9499
-1.99855
-1.99844
-1.99849
-1.99881
-1.99917
-1.99955
-1.99989
-2.00016
-2.00034
-2.00044
-2.04799
-2.04782
-2.04786
-2.04836
-2.04905
-2.0497
-2.05027
-2.05072
-2.05104
-2.0512
-1.06638
-1.06629
-1.06612
-1.06573
-1.0649
-1.06344
-1.06083
-1.05657
-1.05216
-1.05238
-1.11834
-1.11818
-1.11789
-1.11739
-1.11649
-1.11506
-1.11293
-1.11013
-1.10784
-1.10763
-1.17026
-1.17007
-1.16975
-1.16928
-1.16851
-1.16736
-1.16583
-1.16411
-1.16277
-1.16239
-1.22227
-1.22206
-1.22177
-1.22138
-1.22079
-1.21996
-1.21892
-1.21783
-1.217
-1.21671
-1.27446
-1.27423
-1.27397
-1.27367
-1.27325
-1.27269
-1.27203
-1.27137
-1.27087
-1.27064
-1.32699
-1.32667
-1.3264
-1.32616
-1.32587
-1.32551
-1.3251
-1.3247
-1.3244
-1.32424
-1.37989
-1.37945
-1.37913
-1.37889
-1.37866
-1.37841
-1.37814
-1.37789
-1.3777
-1.37759
-1.43318
-1.4326
-1.43217
-1.43187
-1.43162
-1.43139
-1.43118
-1.43099
-1.43086
-1.43078
-1.4868
-1.48607
-1.48549
-1.48507
-1.48474
-1.48446
-1.48423
-1.48404
-1.48391
-1.48384
-1.54061
-1.53974
-1.53899
-1.53841
-1.53794
-1.53756
-1.53725
-1.53701
-1.53685
-1.53676
-1.59437
-1.59339
-1.59251
-1.59176
-1.59113
-1.59061
-1.59018
-1.58985
-1.58963
-1.58951
-1.64777
-1.64677
-1.64579
-1.64491
-1.64413
-1.64346
-1.6429
-1.64247
-1.64219
-1.64203
-1.70047
-1.69957
-1.69858
-1.69764
-1.69675
-1.69596
-1.6953
-1.69478
-1.69443
-1.69425
-1.75223
-1.75154
-1.75058
-1.74969
-1.74879
-1.74795
-1.74723
-1.74667
-1.74629
-1.74609
-1.80288
-1.80241
-1.8017
-1.80092
-1.80009
-1.7993
-1.79861
-1.79808
-1.79772
-1.79752
-1.85255
-1.8523
-1.85183
-1.85125
-1.85061
-1.84999
-1.84944
-1.84901
-1.84872
-1.84857
-1.90153
-1.90141
-1.90116
-1.90085
-1.90048
-1.90013
-1.89981
-1.89957
-1.89941
-1.89932
-1.95029
-1.95022
-1.95012
-1.95007
-1.95002
-1.94998
-1.94995
-1.94993
-1.94992
-1.94991
-1.99935
-1.99927
-1.99926
-1.99943
-1.99966
-1.99991
-2.00014
-2.00033
-2.00047
-2.00054
-2.04916
-2.04906
-2.04906
-2.04936
-2.04979
-2.05026
-2.05067
-2.051
-2.05123
-2.05135
)
;

boundaryField
{
    lowerSideWalls
    {
        type            calculated;
        value           nonuniform List<scalar> 
800
(
350.465
300.457
249.441
196.915
141.278
85.8685
21.5521
1.23587
-0.170767
-0.365295
-0.488114
-0.57203
-0.640099
-0.700591
-0.755345
-0.807447
-0.859009
-0.911595
-0.964457
-1.01677
350.501
300.528
249.587
197.187
141.97
87.3608
22.381
1.29584
-0.211128
-0.373479
-0.493036
-0.577487
-0.643984
-0.70074
-0.754513
-0.807145
-0.859212
-0.911849
-0.964498
-1.01651
350.587
300.673
249.854
197.636
143.161
89.0732
25.394
1.64526
-0.25794
-0.392274
-0.503477
-0.585126
-0.647658
-0.700731
-0.753366
-0.806139
-0.859262
-0.912534
-0.964701
-1.0162
350.754
300.905
250.323
198.372
144.46
90.679
29.1739
2.30842
-0.3033
-0.418163
-0.516293
-0.592095
-0.650938
-0.700354
-0.752002
-0.807293
-0.86182
-0.914511
-0.965208
-1.01571
351.06
301.388
251.01
199.586
146.754
92.4154
34.1552
3.592
-0.347981
-0.447735
-0.530303
-0.597154
-0.653929
-0.701428
-0.753279
-0.811787
-0.867845
-0.918346
-0.966357
-1.01494
351.464
301.957
251.911
201.122
149.238
95.5972
40.1252
5.94587
-0.386982
-0.476679
-0.541181
-0.596224
-0.649799
-0.701378
-0.755238
-0.821198
-0.880658
-0.928567
-0.969851
-1.01364
351.925
302.586
252.916
202.81
151.886
99.558
46.7106
9.75925
-0.40913
-0.504983
-0.543747
-0.582003
-0.637564
-0.698761
-0.761362
-0.835497
-0.907467
-0.942503
-0.971645
-1.00901
352.381
303.206
253.913
204.515
154.658
103.674
53.6615
14.6513
-0.273234
-0.526101
-0.543737
-0.561415
-0.614891
-0.68608
-0.759701
-0.834272
-0.901095
-0.937767
-0.961367
-0.999026
352.737
303.694
254.722
205.985
157.348
108.186
61.0743
23.3678
0.395825
-0.558749
-0.497527
-0.519454
-0.580133
-0.654848
-0.738131
-0.814605
-0.878538
-0.918683
-0.9473
-0.990244
352.85
303.858
255.007
206.52
158.684
111.696
67.6812
32.149
7.81602
-0.0378455
-0.491377
-0.500462
-0.544577
-0.624162
-0.711511
-0.790872
-0.856143
-0.904054
-0.945155
-0.994288
352.85
303.858
255.007
206.52
158.684
111.696
67.6812
32.149
7.81602
-0.0378455
-0.491377
-0.500462
-0.544577
-0.624162
-0.711511
-0.790872
-0.856143
-0.904054
-0.945155
-0.994288
352.737
303.695
254.725
205.996
157.395
108.261
60.8154
22.9253
0.463651
-0.581759
-0.5316
-0.518123
-0.570264
-0.65478
-0.741482
-0.819078
-0.887372
-0.929682
-0.954876
-0.995378
352.377
303.206
253.921
204.544
154.763
103.839
53.2911
14.4874
-0.247474
-0.491987
-0.520566
-0.548308
-0.6082
-0.685826
-0.764558
-0.836997
-0.910339
-0.953557
-0.973624
-1.0067
351.913
302.578
252.918
202.839
152.002
99.7384
46.5079
9.69171
-0.365403
-0.45561
-0.512286
-0.568816
-0.638744
-0.707049
-0.766232
-0.828656
-0.898304
-0.944558
-0.976016
-1.01327
351.436
301.931
251.891
201.12
149.295
95.7049
39.9385
5.91672
-0.347173
-0.435304
-0.510431
-0.583484
-0.654018
-0.714044
-0.761488
-0.816195
-0.873065
-0.924566
-0.969198
-1.01479
351.009
301.338
250.951
199.531
146.721
92.4325
33.9741
3.56885
-0.324844
-0.421563
-0.510448
-0.589626
-0.654986
-0.711861
-0.75849
-0.810191
-0.865223
-0.916686
-0.965717
-1.01496
350.675
300.838
250.205
198.237
144.327
90.6018
28.8247
2.18542
-0.287261
-0.404415
-0.506149
-0.587118
-0.651168
-0.705111
-0.756099
-0.806856
-0.859947
-0.912796
-0.964014
-1.01493
350.468
300.545
249.691
197.428
142.851
89.1463
24.9112
1.51564
-0.242039
-0.384637
-0.499319
-0.583527
-0.64732
-0.70187
-0.754357
-0.805071
-0.857055
-0.909844
-0.96264
-1.01465
350.346
300.361
249.387
196.924
141.722
87.5048
22.4969
1.15621
-0.19907
-0.365034
-0.491457
-0.57833
-0.643247
-0.699411
-0.752638
-0.803763
-0.855193
-0.907933
-0.961622
-1.0143
350.283
300.264
249.223
196.632
140.947
85.6392
20.6708
1.06565
-0.161557
-0.352617
-0.483589
-0.571936
-0.637501
-0.696466
-0.751479
-0.803112
-0.854541
-0.907467
-0.961207
-1.01415
350.263
300.243
249.198
196.602
140.953
85.609
20.7147
1.09607
-0.165251
-0.351212
-0.47996
-0.568182
-0.634101
-0.694954
-0.750899
-0.802998
-0.854558
-0.907613
-0.961198
-1.01413
350.287
300.297
249.311
196.826
141.67
87.103
22.3681
1.19386
-0.201582
-0.362072
-0.48591
-0.571878
-0.636842
-0.695224
-0.749949
-0.802221
-0.854559
-0.907846
-0.961421
-1.01418
350.373
300.44
249.563
197.236
142.604
88.7853
24.8074
1.49508
-0.250469
-0.385689
-0.497023
-0.577281
-0.640417
-0.696256
-0.749163
-0.801297
-0.854569
-0.908424
-0.961753
-1.01415
350.551
300.699
250.047
198.022
144.13
89.9469
28.5056
2.05931
-0.305416
-0.41533
-0.506771
-0.579647
-0.642733
-0.697398
-0.748685
-0.801701
-0.856022
-0.910043
-0.962323
-1.01402
350.865
301.182
250.77
199.305
146.421
91.7691
33.6347
3.32581
-0.352471
-0.440925
-0.51359
-0.580838
-0.645211
-0.698605
-0.750175
-0.805724
-0.860728
-0.912727
-0.963097
-1.01358
351.282
301.766
251.704
200.893
148.956
95.2135
39.9108
5.74538
-0.37903
-0.45441
-0.510828
-0.576378
-0.64933
-0.702995
-0.753619
-0.81375
-0.869686
-0.919356
-0.965057
-1.01275
351.757
302.415
252.739
202.628
151.692
99.3821
46.6498
9.69027
-0.380147
-0.466093
-0.497464
-0.561877
-0.651192
-0.707752
-0.760688
-0.831333
-0.894674
-0.934253
-0.967668
-1.01008
352.225
303.05
253.758
204.367
154.528
103.596
53.5584
14.7445
-0.233965
-0.488842
-0.487289
-0.532022
-0.628339
-0.702824
-0.763733
-0.837103
-0.902939
-0.935946
-0.961436
-1.00296
352.59
303.548
254.581
205.856
157.248
108.143
61.0107
23.3163
0.482955
-0.552739
-0.468884
-0.464232
-0.588997
-0.673469
-0.746716
-0.819202
-0.881597
-0.917008
-0.946812
-0.994089
352.706
303.715
254.87
206.398
158.596
111.722
67.9138
32.1909
7.78362
0.222078
-0.473046
-0.481328
-0.552819
-0.646213
-0.724542
-0.795531
-0.857129
-0.903631
-0.945279
-0.996566
350.3
300.295
249.286
196.77
141.304
86.0958
21.2952
1.24368
-0.169009
-0.357583
-0.482525
-0.563684
-0.62998
-0.690909
-0.74768
-0.801458
-0.854267
-0.907835
-0.961415
-1.01418
350.327
300.351
249.4
196.991
141.89
87.2959
22.2407
1.24956
-0.202137
-0.368015
-0.487267
-0.568067
-0.633434
-0.692301
-0.748039
-0.801623
-0.854823
-0.908331
-0.961744
-1.01424
350.402
300.477
249.627
197.365
142.85
88.6678
24.815
1.47213
-0.2463
-0.385248
-0.492664
-0.572593
-0.638607
-0.695203
-0.748749
-0.801561
-0.855041
-0.909041
-0.962198
-1.01433
350.562
300.702
250.072
198.083
144.103
90.0765
28.4834
2.0243
-0.299966
-0.408206
-0.495332
-0.574993
-0.642881
-0.699036
-0.7503
-0.802963
-0.857013
-0.910816
-0.962857
-1.01429
350.867
301.181
250.77
199.302
146.375
91.7345
33.5951
3.25453
-0.353907
-0.434354
-0.497598
-0.574881
-0.648615
-0.701773
-0.752129
-0.806691
-0.861526
-0.913417
-0.963626
-1.01393
351.278
301.759
251.69
200.863
148.882
95.0744
39.6952
5.59836
-0.380997
-0.453605
-0.500455
-0.567524
-0.648312
-0.702766
-0.753773
-0.813116
-0.8692
-0.919158
-0.965349
-1.01319
351.751
302.405
252.722
202.595
151.622
99.2422
46.3953
9.55877
-0.389852
-0.477631
-0.502886
-0.554465
-0.640065
-0.705474
-0.760783
-0.828419
-0.892114
-0.933813
-0.968447
-1.01104
352.221
303.044
253.748
204.349
154.492
103.519
53.4432
14.6305
-0.256133
-0.502303
-0.499894
-0.533952
-0.622056
-0.701646
-0.764846
-0.837109
-0.905274
-0.939549
-0.964144
-1.00484
352.589
303.547
254.579
205.854
157.249
108.143
60.9696
23.2245
0.439424
-0.552486
-0.46837
-0.471515
-0.579483
-0.675963
-0.748026
-0.821357
-0.885801
-0.921048
-0.949619
-0.99605
352.706
303.715
254.87
206.398
158.596
111.722
67.9138
32.1909
7.78362
0.222078
-0.473046
-0.481328
-0.552819
-0.646213
-0.724542
-0.795531
-0.857129
-0.903631
-0.945279
-0.996566
)
;
    }
    upperSideWalls
    {
        type            calculated;
        value           nonuniform List<scalar> 
800
(
-1.0688
-1.12086
-1.17319
-1.22589
-1.27904
-1.33264
-1.38664
-1.44091
-1.49514
-1.54893
-1.60179
-1.65335
-1.70321
-1.75181
-1.79966
-1.84743
-1.89564
-1.94467
-1.99468
-2.04576
-1.06836
-1.12035
-1.17263
-1.2253
-1.27839
-1.33187
-1.38569
-1.43972
-1.49375
-1.54738
-1.60022
-1.65193
-1.70231
-1.75148
-1.79991
-1.84814
-1.89667
-1.94584
-1.99587
-2.04692
-1.06774
-1.1196
-1.17186
-1.22454
-1.2776
-1.331
-1.38467
-1.4385
-1.49227
-1.54576
-1.59858
-1.65045
-1.70123
-1.75099
-1.80005
-1.84881
-1.89771
-1.94709
-1.9972
-2.0482
-1.06676
-1.11848
-1.17078
-1.22355
-1.27666
-1.33006
-1.38365
-1.43732
-1.49091
-1.54422
-1.59702
-1.64902
-1.70013
-1.75039
-1.80001
-1.84931
-1.89861
-1.94824
-1.99847
-2.04945
-1.06524
-1.11683
-1.1693
-1.22228
-1.27558
-1.32905
-1.38263
-1.43622
-1.48968
-1.54288
-1.59563
-1.64771
-1.69908
-1.74974
-1.79984
-1.8496
-1.8993
-1.94922
-1.99959
-2.05059
-1.06274
-1.1144
-1.16731
-1.22074
-1.27436
-1.32802
-1.38166
-1.43522
-1.48861
-1.54171
-1.59438
-1.64657
-1.69814
-1.74911
-1.79959
-1.84974
-1.89979
-1.94998
-2.00051
-2.05155
-1.05843
-1.11099
-1.16488
-1.21901
-1.2731
-1.32703
-1.38079
-1.43437
-1.48772
-1.54077
-1.59344
-1.64566
-1.69736
-1.74855
-1.79931
-1.84977
-1.90012
-1.95054
-2.00123
-2.0523
-1.05191
-1.10706
-1.16239
-1.2174
-1.272
-1.3262
-1.38008
-1.43369
-1.48703
-1.54006
-1.59272
-1.64495
-1.69675
-1.7481
-1.79906
-1.84975
-1.90032
-1.95093
-2.00173
-2.05285
-1.04651
-1.10436
-1.16087
-1.21638
-1.27128
-1.32564
-1.3796
-1.43324
-1.48658
-1.53959
-1.59224
-1.6445
-1.69635
-1.74779
-1.79888
-1.84972
-1.90043
-1.95117
-2.00205
-2.05319
-1.04986
-1.10558
-1.161
-1.21619
-1.27099
-1.32536
-1.37934
-1.43299
-1.48633
-1.53933
-1.59198
-1.64425
-1.69612
-1.74762
-1.79877
-1.84969
-1.90048
-1.95128
-2.00221
-2.05337
-1.04986
-1.10558
-1.161
-1.21619
-1.27099
-1.32536
-1.37934
-1.43299
-1.48633
-1.53933
-1.59198
-1.64425
-1.69612
-1.74762
-1.79877
-1.84969
-1.90048
-1.95128
-2.00221
-2.05337
-1.05015
-1.10589
-1.16145
-1.21661
-1.27131
-1.32559
-1.37951
-1.43313
-1.48645
-1.53947
-1.59214
-1.64443
-1.69632
-1.74781
-1.79894
-1.84981
-1.90053
-1.95127
-2.00215
-2.05328
-1.05593
-1.10891
-1.16323
-1.21769
-1.27198
-1.32601
-1.37979
-1.43334
-1.48665
-1.53969
-1.59241
-1.64475
-1.69667
-1.74816
-1.79925
-1.85003
-1.90064
-1.95124
-2.00201
-2.05308
-1.06093
-1.11248
-1.16553
-1.21914
-1.27289
-1.32658
-1.38016
-1.43362
-1.48691
-1.53999
-1.59278
-1.6452
-1.69719
-1.74869
-1.79973
-1.85038
-1.9008
-1.9512
-2.00179
-2.05276
-1.06384
-1.11508
-1.16751
-1.22052
-1.27379
-1.32716
-1.38054
-1.4339
-1.48718
-1.54032
-1.59321
-1.64576
-1.69784
-1.74939
-1.80037
-1.85087
-1.90103
-1.95113
-2.00146
-2.05229
-1.06535
-1.11679
-1.16897
-1.22162
-1.27454
-1.32763
-1.38083
-1.43411
-1.48739
-1.54061
-1.59364
-1.64635
-1.69858
-1.75022
-1.80116
-1.85147
-1.90131
-1.95102
-2.001
-2.05162
-1.06615
-1.11784
-1.16995
-1.22238
-1.27506
-1.32794
-1.381
-1.4342
-1.48749
-1.54079
-1.59397
-1.64689
-1.69933
-1.7511
-1.80205
-1.85216
-1.90162
-1.95085
-2.00038
-2.05071
-1.06649
-1.11842
-1.17053
-1.22284
-1.27536
-1.32808
-1.38102
-1.43415
-1.48744
-1.54081
-1.59416
-1.6473
-1.70001
-1.75199
-1.80298
-1.85289
-1.9019
-1.95056
-1.99957
-2.04954
-1.06656
-1.11867
-1.17081
-1.22306
-1.27546
-1.32806
-1.38088
-1.43393
-1.4872
-1.54062
-1.59409
-1.64744
-1.70042
-1.75265
-1.80375
-1.8535
-1.90208
-1.95019
-1.99869
-2.04835
-1.0666
-1.11881
-1.17098
-1.22321
-1.27556
-1.3281
-1.38085
-1.43382
-1.48701
-1.54039
-1.59391
-1.64742
-1.70065
-1.75316
-1.80442
-1.85406
-1.90219
-1.9497
-1.99768
-2.04706
-1.06657
-1.11876
-1.17088
-1.22301
-1.27523
-1.32759
-1.38014
-1.43289
-1.48601
-1.53942
-1.59309
-1.6468
-1.70026
-1.75298
-1.80437
-1.85393
-1.9019
-1.94921
-1.99706
-2.04642
-1.0665
-1.11863
-1.17073
-1.22287
-1.27512
-1.32752
-1.38015
-1.43304
-1.48611
-1.53941
-1.59295
-1.64651
-1.69989
-1.7526
-1.80403
-1.85371
-1.90177
-1.94916
-1.99701
-2.04631
-1.06623
-1.11824
-1.17029
-1.22242
-1.27466
-1.32705
-1.37963
-1.43245
-1.48549
-1.53876
-1.59215
-1.64568
-1.699
-1.75162
-1.80309
-1.853
-1.9015
-1.94932
-1.9975
-2.04694
-1.06572
-1.11759
-1.16965
-1.22186
-1.2742
-1.32668
-1.37932
-1.43215
-1.48516
-1.53835
-1.59165
-1.64494
-1.69796
-1.75045
-1.80191
-1.85206
-1.90107
-1.9495
-1.99816
-2.04779
-1.06477
-1.11655
-1.16871
-1.22109
-1.27361
-1.32623
-1.37897
-1.43184
-1.48485
-1.53796
-1.59113
-1.64422
-1.69702
-1.74927
-1.80067
-1.85108
-1.90059
-1.94963
-1.99883
-2.04877
-1.06316
-1.11496
-1.1674
-1.22011
-1.2729
-1.32573
-1.37861
-1.43155
-1.48456
-1.53761
-1.59065
-1.64355
-1.69615
-1.74825
-1.79963
-1.85024
-1.90016
-1.94973
-1.99942
-2.04968
-1.06029
-1.11267
-1.16574
-1.21895
-1.27212
-1.32521
-1.37825
-1.43127
-1.48429
-1.53729
-1.59022
-1.64297
-1.69541
-1.74739
-1.79878
-1.84955
-1.89981
-1.94981
-1.99989
-2.05038
-1.05566
-1.10971
-1.16394
-1.2178
-1.27139
-1.32474
-1.37794
-1.43104
-1.48407
-1.53704
-1.58988
-1.64251
-1.69484
-1.74674
-1.79815
-1.84906
-1.89956
-1.94987
-2.00022
-2.05088
-1.05106
-1.10743
-1.16263
-1.21696
-1.27087
-1.32441
-1.37772
-1.43088
-1.48393
-1.53686
-1.58964
-1.6422
-1.69445
-1.74632
-1.79774
-1.84874
-1.8994
-1.9499
-2.00044
-2.0512
-1.05238
-1.10763
-1.16239
-1.21671
-1.27064
-1.32424
-1.37759
-1.43078
-1.48384
-1.53676
-1.58951
-1.64203
-1.69425
-1.74609
-1.79752
-1.84857
-1.89932
-1.94991
-2.00054
-2.05135
-1.06638
-1.11834
-1.17026
-1.22227
-1.27446
-1.32699
-1.37989
-1.43318
-1.4868
-1.54061
-1.59437
-1.64777
-1.70047
-1.75223
-1.80288
-1.85255
-1.90153
-1.95029
-1.99935
-2.04916
-1.06629
-1.11818
-1.17007
-1.22206
-1.27423
-1.32667
-1.37945
-1.4326
-1.48607
-1.53974
-1.59339
-1.64677
-1.69957
-1.75154
-1.80241
-1.8523
-1.90141
-1.95022
-1.99927
-2.04906
-1.06612
-1.11789
-1.16975
-1.22177
-1.27397
-1.3264
-1.37913
-1.43217
-1.48549
-1.53899
-1.59251
-1.64579
-1.69858
-1.75058
-1.8017
-1.85183
-1.90116
-1.95012
-1.99926
-2.04906
-1.06573
-1.11739
-1.16928
-1.22138
-1.27367
-1.32616
-1.37889
-1.43187
-1.48507
-1.53841
-1.59176
-1.64491
-1.69764
-1.74969
-1.80092
-1.85125
-1.90085
-1.95007
-1.99943
-2.04936
-1.0649
-1.11649
-1.16851
-1.22079
-1.27325
-1.32587
-1.37866
-1.43162
-1.48474
-1.53794
-1.59113
-1.64413
-1.69675
-1.74879
-1.80009
-1.85061
-1.90048
-1.95002
-1.99966
-2.04979
-1.06344
-1.11506
-1.16736
-1.21996
-1.27269
-1.32551
-1.37841
-1.43139
-1.48446
-1.53756
-1.59061
-1.64346
-1.69596
-1.74795
-1.7993
-1.84999
-1.90013
-1.94998
-1.99991
-2.05026
-1.06083
-1.11293
-1.16583
-1.21892
-1.27203
-1.3251
-1.37814
-1.43118
-1.48423
-1.53725
-1.59018
-1.6429
-1.6953
-1.74723
-1.79861
-1.84944
-1.89981
-1.94995
-2.00014
-2.05067
-1.05657
-1.11013
-1.16411
-1.21783
-1.27137
-1.3247
-1.37789
-1.43099
-1.48404
-1.53701
-1.58985
-1.64247
-1.69478
-1.74667
-1.79808
-1.84901
-1.89957
-1.94993
-2.00033
-2.051
-1.05216
-1.10784
-1.16277
-1.217
-1.27087
-1.3244
-1.3777
-1.43086
-1.48391
-1.53685
-1.58963
-1.64219
-1.69443
-1.74629
-1.79772
-1.84872
-1.89941
-1.94992
-2.00047
-2.05123
-1.05238
-1.10763
-1.16239
-1.21671
-1.27064
-1.32424
-1.37759
-1.43078
-1.48384
-1.53676
-1.58951
-1.64203
-1.69425
-1.74609
-1.79752
-1.84857
-1.89932
-1.94991
-2.00054
-2.05135
)
;
    }
    lowerWall
    {
        type            calculated;
        value           nonuniform List<scalar> 
200
(
374.99
376.062
377.639
379.799
382.252
384.793
387.121
389.115
388.922
386.226
385.722
388.849
388.996
387.087
384.708
382.142
379.661
377.484
375.899
374.825
375.026
376.033
377.527
379.57
381.905
384.314
386.621
388.568
390.217
389.906
388.326
390.2
388.436
386.542
384.213
381.784
379.426
377.366
375.863
374.852
375.112
376.018
377.355
379.185
381.274
383.447
385.509
387.303
388.491
389.053
388.946
388.427
387.217
385.423
383.337
381.142
379.032
377.185
375.838
374.927
375.279
376.061
377.179
378.692
380.442
382.264
383.994
385.484
386.552
387.109
387.047
386.507
385.41
383.906
382.15
380.303
378.532
377.003
375.875
375.087
375.585
376.198
377.046
378.185
379.507
380.91
382.236
383.389
384.22
384.7
384.679
384.179
383.319
382.142
380.788
379.362
378.02
376.867
376.01
375.392
375.989
376.421
376.973
377.707
378.568
379.486
380.393
381.196
381.793
382.125
382.107
381.75
381.121
380.292
379.359
378.419
377.541
376.796
376.239
375.803
376.45
376.705
376.956
377.287
377.693
378.149
378.627
379.088
379.437
379.641
379.625
379.39
379.007
378.518
378.016
377.542
377.123
376.786
376.534
376.276
376.906
377.004
376.979
376.948
376.951
377.002
377.104
377.246
377.382
377.465
377.447
377.328
377.158
376.989
376.864
376.799
376.789
376.819
376.845
376.746
377.262
377.239
377.001
376.695
376.396
376.149
375.982
375.903
375.881
375.881
375.86
375.823
375.81
375.861
376.008
376.244
376.539
376.848
377.09
377.114
377.375
377.262
376.902
376.438
375.961
375.534
375.2
374.993
374.871
374.808
374.788
374.812
374.898
375.076
375.39
375.807
376.282
376.75
377.115
377.231
)
;
    }
    atmosphere
    {
        type            calculated;
        value           nonuniform List<scalar> 0();
    }
    procBoundary1to0
    {
        type            processor;
        value           nonuniform List<scalar> 
800
(
350.466
300.458
249.443
196.913
141.297
85.9263
21.6382
1.2427
-0.165611
-0.364629
-0.491209
-0.576045
-0.642902
-0.701081
-0.754504
-0.80633
-0.858386
-0.911377
-0.964643
-1.01713
351.541
301.599
250.924
199.28
143.784
88.6668
26.4395
1.96951
-0.266316
-0.426429
-0.526719
-0.597099
-0.659981
-0.714238
-0.764251
-0.813019
-0.861704
-0.913288
-0.965829
-1.01772
353.118
303.465
253.39
202.594
149.976
97.3262
42.1624
6.03545
-0.291802
-0.455693
-0.557317
-0.609088
-0.666399
-0.716143
-0.765173
-0.814386
-0.86488
-0.916229
-0.967563
-1.01864
355.281
305.985
256.618
206.999
156.96
106.822
56.3135
15.4322
0.244572
-0.530278
-0.575228
-0.620656
-0.673406
-0.721557
-0.767284
-0.814386
-0.866876
-0.918475
-0.969126
-1.01952
357.746
308.758
260.153
211.794
163.862
116.647
71.2094
31.4823
5.42223
-0.468295
-0.565208
-0.634961
-0.681117
-0.727208
-0.769611
-0.810464
-0.869623
-0.921298
-0.971026
-1.02048
360.308
311.752
263.743
216.446
170.149
125.241
83.0178
44.8129
14.6389
1.79475
-0.600316
-0.645386
-0.690333
-0.739187
-0.777463
-0.804793
-0.87378
-0.925946
-0.973631
-1.02142
362.68
314.652
267.032
220.513
175.494
132.33
92.4087
56.9019
26.6409
9.67221
0.790806
-0.656349
-0.729572
-0.752239
-0.808626
-0.805745
-0.887907
-0.93052
-0.973496
-1.01979
364.69
317.146
269.797
223.887
179.712
137.803
99.3492
65.7192
37.5675
18.3282
12.0331
0.283289
-0.792592
-0.702811
-0.574804
-0.425181
-0.933183
-0.96412
-0.985902
-1.03484
367.257
319.836
272.507
226.642
182.692
140.904
102.314
68.4915
41.0846
22.1852
12.2823
8.98134
6.76302
8.98279
8.05905
1.14837
-0.966866
-1.03655
-1.02904
-1.09031
370.114
326.049
279.243
233.42
188.332
144.77
105.334
74.8715
49.0403
30.033
17.7247
10.5862
9.64456
8.74971
11.9775
8.22677
9.50792
8.59086
1.86206
-0.712366
369.59
325.443
278.747
233.238
188.92
145.691
106.322
74.7504
50.3992
31.106
18.3499
9.56993
7.88525
12.8899
12.0946
7.05629
8.59147
14.3451
11.7753
4.21352
367.353
319.806
272.425
226.708
182.893
141.274
102.941
69.543
42.1387
22.9071
11.9725
8.15236
5.89778
6.7534
8.43036
-0.352793
-1.00378
-0.568365
-0.955568
-1.04827
364.646
317.213
269.749
223.894
179.852
137.975
99.5001
65.6928
37.1864
17.9948
11.4026
0.164846
-0.669604
-0.811632
-0.254694
-0.894247
-1.02732
-1.06018
-0.959368
-1.01337
362.66
314.631
267.01
220.462
175.318
132.043
92.1019
56.8414
26.8182
9.40924
0.45951
-0.628441
-0.690409
-0.725496
-0.739465
-0.831202
-0.912844
-0.942146
-0.972447
-1.01864
360.223
311.66
263.638
216.285
169.919
124.94
82.6932
44.5454
14.389
1.87266
-0.563337
-0.638652
-0.679873
-0.707018
-0.747696
-0.828855
-0.887889
-0.933781
-0.971647
-1.02075
357.633
308.637
260.024
211.623
163.621
116.303
70.7853
31.179
5.29341
-0.449673
-0.556166
-0.627205
-0.670365
-0.712999
-0.759311
-0.818873
-0.872294
-0.920578
-0.967457
-1.01816
355.143
305.834
256.454
206.797
156.712
106.456
55.801
14.9562
0.229273
-0.538154
-0.57485
-0.615729
-0.663228
-0.710938
-0.760959
-0.814091
-0.865783
-0.915942
-0.965857
-1.01685
352.965
303.302
253.213
202.356
149.747
96.9635
41.7049
5.78799
-0.280818
-0.460694
-0.563388
-0.60075
-0.653055
-0.70488
-0.757899
-0.810203
-0.86128
-0.912828
-0.96443
-1.01594
351.381
301.434
250.778
199.072
143.635
88.3796
25.8199
1.88758
-0.252629
-0.417614
-0.52376
-0.58472
-0.641901
-0.698965
-0.754463
-0.80707
-0.857057
-0.909504
-0.962686
-1.01498
350.304
300.299
249.292
196.777
141.34
86.2491
21.225
1.19626
-0.161158
-0.354237
-0.483483
-0.565796
-0.631206
-0.690923
-0.747423
-0.800782
-0.853485
-0.907328
-0.961395
-1.01431
-1.06922
-1.12131
-1.17366
-1.22641
-1.27964
-1.33337
-1.38753
-1.44197
-1.49638
-1.55027
-1.6031
-1.65438
-1.7039
-1.75202
-1.79942
-1.84683
-1.89482
-1.94374
-1.99374
-2.04483
-1.06946
-1.12132
-1.17351
-1.22618
-1.2794
-1.3332
-1.38756
-1.44235
-1.49728
-1.55177
-1.60509
-1.65643
-1.70558
-1.75296
-1.7995
-1.84616
-1.89366
-1.94236
-1.99233
-2.04351
-1.06983
-1.1213
-1.17323
-1.22573
-1.27891
-1.33282
-1.38749
-1.44292
-1.49887
-1.55471
-1.60933
-1.66123
-1.70955
-1.75509
-1.79953
-1.84449
-1.89098
-1.93928
-1.9893
-2.04078
-1.07013
-1.12115
-1.17272
-1.22497
-1.27808
-1.33209
-1.38725
-1.44376
-1.50144
-1.55986
-1.61768
-1.67024
-1.71649
-1.75822
-1.79878
-1.84079
-1.88576
-1.93368
-1.98412
-2.03619
-1.07029
-1.12082
-1.17198
-1.22404
-1.27714
-1.33117
-1.38644
-1.44397
-1.50403
-1.56601
-1.6262
-1.68143
-1.72734
-1.76357
-1.79698
-1.83378
-1.87683
-1.92467
-1.97653
-2.02963
-1.06957
-1.1194
-1.17006
-1.22182
-1.27523
-1.32989
-1.38502
-1.4433
-1.50896
-1.58224
-1.65253
-1.71832
-1.76396
-1.78595
-1.80046
-1.82262
-1.86272
-1.91134
-1.96444
-2.02046
-1.0679
-1.1177
-1.16733
-1.21842
-1.27305
-1.32977
-1.38315
-1.43944
-1.51379
-1.61007
-1.7067
-1.78721
-1.83312
-1.82697
-1.79785
-1.78933
-1.83006
-1.88706
-1.95116
-2.01288
-1.07669
-1.11737
-1.16398
-1.21844
-1.27994
-1.34406
-1.38894
-1.43438
-1.50515
-1.60038
-1.70312
-1.80763
-1.8798
-1.83808
-1.7103
-1.68946
-1.75885
-1.84137
-1.92624
-2.00007
-1.12144
-1.15458
-1.18834
-1.22964
-1.29924
-1.37091
-1.39293
-1.40879
-1.48033
-1.54385
-1.63585
-1.67377
-1.41599
-1.34421
-1.48128
-1.6
-1.6123
-1.74401
-1.88131
-2.00279
-0.841957
-0.471539
0.428179
0.68631
0.100536
-0.860912
-1.25524
-1.41127
-1.51303
-1.48076
-1.46064
-1.48393
-1.71305
-1.84516
-1.87489
-1.66068
-1.67971
-1.76067
-1.91152
-2.04693
1.95321
3.89908
3.47167
0.192569
-1.22479
-1.36355
-1.44286
-1.47225
-1.52093
-1.59656
-1.5693
-1.74095
-1.94914
-2.05067
-2.08725
-2.08545
-1.93707
-1.80351
-1.85782
-1.9526
-1.09709
-1.13143
-1.17291
-1.27434
-1.37272
-1.31338
-1.31062
-1.3886
-1.46677
-1.53351
-1.60336
-1.72548
-1.88023
-1.99388
-2.0004
-2.00078
-1.93804
-1.90123
-1.94426
-2.03619
-1.06958
-1.12104
-1.17628
-1.23833
-1.28683
-1.3018
-1.33229
-1.39555
-1.46699
-1.53961
-1.62133
-1.72551
-1.84016
-1.92496
-1.94266
-1.92027
-1.89913
-1.90482
-1.93875
-2.00821
-1.06941
-1.12029
-1.17226
-1.22303
-1.2716
-1.31096
-1.35623
-1.41217
-1.47411
-1.54029
-1.61231
-1.69249
-1.77238
-1.83244
-1.86165
-1.8754
-1.89433
-1.92291
-1.96313
-2.01396
-1.07063
-1.12081
-1.17183
-1.22219
-1.27119
-1.31882
-1.36871
-1.42287
-1.4808
-1.5419
-1.60638
-1.67205
-1.73523
-1.78942
-1.83284
-1.86895
-1.90439
-1.94199
-1.98321
-2.03053
-1.06865
-1.1195
-1.1706
-1.22142
-1.27184
-1.32226
-1.3742
-1.42838
-1.48472
-1.54283
-1.60222
-1.66152
-1.7186
-1.77107
-1.81809
-1.86136
-1.90304
-1.94537
-1.99004
-2.03825
-1.06794
-1.11915
-1.17043
-1.22173
-1.27307
-1.32473
-1.37733
-1.43128
-1.48639
-1.5425
-1.59911
-1.6554
-1.71014
-1.76217
-1.81101
-1.85725
-1.90237
-1.94759
-1.994
-2.04199
-1.06744
-1.11894
-1.17052
-1.22222
-1.27411
-1.32639
-1.37924
-1.43286
-1.48721
-1.54208
-1.5971
-1.65172
-1.70521
-1.75695
-1.80673
-1.85492
-1.90214
-1.94932
-1.99729
-2.04685
-1.06691
-1.11871
-1.17054
-1.22251
-1.2747
-1.32721
-1.38016
-1.43363
-1.48754
-1.54174
-1.5959
-1.64963
-1.70246
-1.75403
-1.80424
-1.85328
-1.90168
-1.94998
-1.99876
-2.04837
-1.06658
-1.1186
-1.17058
-1.22267
-1.27501
-1.32763
-1.38062
-1.43399
-1.4877
-1.54157
-1.59534
-1.64867
-1.70121
-1.75272
-1.80314
-1.85262
-1.90153
-1.95034
-1.9995
-2.04939
)
;
    }
    procBoundary1to3
    {
        type            processor;
        value           nonuniform List<scalar> 
200
(
-2.09785
-2.09894
-2.1001
-2.10124
-2.10227
-2.10314
-2.10382
-2.10432
-2.10463
-2.10478
-2.09676
-2.09795
-2.09927
-2.10058
-2.10178
-2.10279
-2.10359
-2.10416
-2.10453
-2.10471
-2.09449
-2.09589
-2.09751
-2.09916
-2.10072
-2.10204
-2.10309
-2.10383
-2.10431
-2.10454
-2.09064
-2.09233
-2.09444
-2.09666
-2.09887
-2.10075
-2.10222
-2.10327
-2.10392
-2.10426
-2.08484
-2.08671
-2.08939
-2.09258
-2.09589
-2.09868
-2.10086
-2.10238
-2.10333
-2.10381
-2.07633
-2.07807
-2.08127
-2.08598
-2.09123
-2.09551
-2.09881
-2.10106
-2.10246
-2.10314
-2.06775
-2.06403
-2.06752
-2.07566
-2.08413
-2.09091
-2.09589
-2.09918
-2.10124
-2.10223
-2.04692
-2.03783
-2.04214
-2.05779
-2.07309
-2.08339
-2.0915
-2.09653
-2.09967
-2.10108
-2.0271
-1.98218
-1.96457
-2.02393
-2.05639
-2.0748
-2.08704
-2.09391
-2.09814
-2.09988
-1.97059
-1.80767
-1.88433
-1.98643
-2.03404
-2.0638
-2.08227
-2.08995
-2.09594
-2.09844
-2.24842
-1.87788
-1.73699
-1.89631
-2.00788
-2.05487
-2.0778
-2.0888
-2.09521
-2.09785
-1.96539
-1.9076
-1.8267
-1.94726
-2.01723
-2.05578
-2.07829
-2.0884
-2.09499
-2.09759
-2.0219
-1.96321
-1.94591
-2.00432
-2.04325
-2.06745
-2.08265
-2.0911
-2.09604
-2.09816
-2.04599
-2.0223
-2.02503
-2.04436
-2.0637
-2.07796
-2.08784
-2.09388
-2.09741
-2.09901
-2.07173
-2.06091
-2.05853
-2.06884
-2.07815
-2.08655
-2.09257
-2.09648
-2.09883
-2.09995
-2.08527
-2.08133
-2.08045
-2.08403
-2.08866
-2.0929
-2.09624
-2.0986
-2.10009
-2.10081
-2.09132
-2.08982
-2.09
-2.09198
-2.09434
-2.09666
-2.09869
-2.10013
-2.10105
-2.1015
-2.09656
-2.09598
-2.09603
-2.09687
-2.09801
-2.09922
-2.10031
-2.10117
-2.10172
-2.10199
-2.09897
-2.09877
-2.09883
-2.09929
-2.09994
-2.10064
-2.10127
-2.10177
-2.10212
-2.1023
-2.1001
-2.10002
-2.10008
-2.10038
-2.1008
-2.10128
-2.10171
-2.10207
-2.10231
-2.10244
)
;
    }
}


// ************************************************************************* //
