/*--------------------------------*- C++ -*----------------------------------*\
| =========                 |                                                 |
| \\      /  F ield         | OpenFOAM: The Open Source CFD Toolbox           |
|  \\    /   O peration     | Version:  2312                                  |
|   \\  /    A nd           | Website:  www.openfoam.com                      |
|    \\/     M anipulation  |                                                 |
\*---------------------------------------------------------------------------*/
FoamFile
{
    version     2.0;
    format      ascii;
    arch        "LSB;label=32;scalar=64";
    class       volScalarField;
    location    "1.1";
    object      p;
}
// * * * * * * * * * * * * * * * * * * * * * * * * * * * * * * * * * * * * * //

dimensions      [1 -1 -2 0 0 0 0];

internalField   nonuniform List<scalar> 
8000
(
377.149
377.302
377.558
377.866
378.211
378.575
378.909
379.137
379.183
378.992
327.481
327.581
327.76
328.154
328.634
329.122
329.565
329.885
329.99
329.831
277.254
277.303
277.282
277.681
278.415
279.198
279.895
280.429
280.712
280.617
226.301
226.265
226.181
226.707
227.655
228.783
229.867
230.729
231.203
231.183
173.898
173.686
173.996
174.946
176.217
177.792
179.392
180.706
181.49
181.583
119.371
119.278
120.175
121.379
123.068
125.375
127.9
130.114
131.543
131.91
61.6301
61.1757
62.7298
64.2342
66.5958
70.4249
75.128
79.3756
81.9748
82.7176
13.7968
12.836
13.5166
14.2833
15.9026
19.609
25.3512
31.2904
35.4838
36.8205
-0.109221
-0.164547
-0.159972
-0.149501
-0.0966494
0.431919
1.86717
3.88946
6.22857
7.40814
-0.229121
-0.229381
-0.233676
-0.244178
-0.273622
-0.315372
-0.357556
-0.403988
-0.432018
-0.30792
-0.292187
-0.293624
-0.297067
-0.312867
-0.348543
-0.394574
-0.444251
-0.473995
-0.462966
-0.39699
-0.362625
-0.365914
-0.368436
-0.386885
-0.423471
-0.467867
-0.510631
-0.533425
-0.519388
-0.475254
-0.43603
-0.440263
-0.444477
-0.463804
-0.491303
-0.524868
-0.553215
-0.557979
-0.540234
-0.516707
-0.511744
-0.517457
-0.523668
-0.53744
-0.551525
-0.577913
-0.604169
-0.617374
-0.614678
-0.598968
-0.589885
-0.598031
-0.606127
-0.614038
-0.621914
-0.644401
-0.670619
-0.688733
-0.692222
-0.683836
-0.667856
-0.67761
-0.695162
-0.696024
-0.699178
-0.720356
-0.741528
-0.758598
-0.75918
-0.746468
-0.742231
-0.751468
-0.77239
-0.777337
-0.774993
-0.79017
-0.803746
-0.817767
-0.816623
-0.798169
-0.8104
-0.817925
-0.83556
-0.842747
-0.845126
-0.849986
-0.859981
-0.87091
-0.868705
-0.847024
-0.872243
-0.877043
-0.888863
-0.894514
-0.898418
-0.905504
-0.915187
-0.922037
-0.917595
-0.89418
-0.929662
-0.932916
-0.939842
-0.944476
-0.950096
-0.960795
-0.96917
-0.970772
-0.962784
-0.938153
377.564
377.893
378.189
378.423
378.668
378.978
379.282
379.491
379.522
379.325
327.897
328.128
328.406
328.766
329.145
329.566
329.974
330.269
330.356
330.175
277.802
277.805
277.774
278.22
278.952
279.714
280.383
280.886
281.121
281.027
227.07
226.82
226.481
227.106
228.213
229.403
230.474
231.315
231.719
231.607
174.375
174.151
174.39
175.468
176.942
178.621
180.236
181.493
182.064
181.997
119.117
119.238
120.405
121.84
123.78
126.156
128.654
130.826
132.097
132.334
62.3428
61.9228
63.2973
64.9115
67.5174
71.4057
75.9191
79.7935
82.1108
82.682
15.4091
14.3552
14.9364
15.1282
16.2089
19.8879
25.7746
31.7449
36.1608
37.267
0.0393103
-0.0577966
-0.0523041
-0.0501495
0.0220119
0.501068
1.84474
3.89546
6.44225
7.82397
-0.221298
-0.22382
-0.231198
-0.247182
-0.282566
-0.333799
-0.395189
-0.459143
-0.506541
-0.438517
-0.295412
-0.298246
-0.304644
-0.325866
-0.374003
-0.445191
-0.514064
-0.551277
-0.550329
-0.504426
-0.371041
-0.372528
-0.378669
-0.407431
-0.468718
-0.541085
-0.592796
-0.616089
-0.600002
-0.552969
-0.444217
-0.444856
-0.452712
-0.489033
-0.544631
-0.573206
-0.596774
-0.604062
-0.586551
-0.553143
-0.517097
-0.518864
-0.527387
-0.557621
-0.592954
-0.609477
-0.631378
-0.64628
-0.642096
-0.621904
-0.592808
-0.595342
-0.603249
-0.621907
-0.647929
-0.671053
-0.700386
-0.726625
-0.728544
-0.71293
-0.669295
-0.673491
-0.683081
-0.690558
-0.712032
-0.738039
-0.768797
-0.796787
-0.799172
-0.780195
-0.743288
-0.749285
-0.763598
-0.764254
-0.778335
-0.79991
-0.822683
-0.845412
-0.849588
-0.828214
-0.810706
-0.817741
-0.831741
-0.83706
-0.842737
-0.85795
-0.874658
-0.890788
-0.893866
-0.870944
-0.87065
-0.87786
-0.886415
-0.893181
-0.904003
-0.916399
-0.930414
-0.939688
-0.937191
-0.913859
-0.926935
-0.933674
-0.938135
-0.944891
-0.958084
-0.9757
-0.988204
-0.988252
-0.977561
-0.953658
378.28
378.788
379.369
379.526
379.546
379.715
379.949
380.119
380.126
379.914
328.569
329.073
329.654
330.012
330.17
330.403
330.709
330.946
330.997
330.8
278.377
278.664
279.141
279.542
280.055
280.68
281.256
281.678
281.824
281.668
227.707
227.681
227.902
228.381
229.323
230.455
231.447
232.187
232.529
232.398
175.616
175.615
176.029
176.845
178.267
179.952
181.467
182.605
183.147
183.066
121.823
121.98
122.811
123.918
125.695
127.901
130.224
132.304
133.581
133.73
67.4294
67.427
68.4104
69.8178
71.8678
74.7514
78.1516
81.2309
83.2884
84.1038
19.9648
19.0336
20.6276
21.7323
22.4573
24.9418
29.7587
34.8304
38.2745
38.5212
0.583592
0.457703
0.704994
0.876995
0.979684
1.46898
2.90737
5.43282
7.96451
8.50091
-0.250657
-0.253693
-0.265398
-0.284933
-0.320075
-0.358474
-0.402393
-0.46386
-0.509191
-0.471957
-0.3194
-0.32248
-0.330682
-0.353256
-0.395258
-0.450659
-0.502981
-0.535274
-0.537321
-0.504996
-0.391314
-0.393185
-0.401526
-0.427195
-0.467808
-0.515199
-0.559807
-0.582762
-0.573776
-0.540263
-0.463389
-0.466213
-0.474306
-0.498805
-0.52942
-0.561402
-0.593344
-0.605014
-0.581105
-0.537003
-0.534387
-0.534626
-0.543255
-0.566474
-0.595137
-0.618906
-0.648078
-0.664113
-0.645595
-0.60688
-0.606113
-0.604973
-0.611031
-0.629763
-0.660516
-0.695422
-0.736202
-0.770343
-0.759325
-0.727841
-0.677028
-0.676558
-0.681332
-0.69439
-0.724563
-0.767297
-0.812807
-0.852285
-0.852478
-0.81989
-0.744986
-0.747973
-0.753737
-0.763963
-0.787848
-0.82518
-0.864712
-0.892106
-0.892441
-0.865582
-0.809087
-0.814563
-0.821666
-0.833562
-0.848429
-0.878948
-0.904077
-0.92026
-0.923057
-0.896524
-0.869956
-0.876039
-0.881553
-0.892183
-0.910983
-0.934652
-0.947298
-0.954964
-0.953873
-0.930958
-0.928645
-0.934002
-0.937909
-0.944121
-0.968097
-0.987206
-0.995024
-0.994693
-0.98649
-0.965259
379.127
379.62
380.177
380.343
380.415
380.588
380.802
380.947
380.931
380.709
329.578
330.1
330.795
331.139
331.208
331.383
331.637
331.83
331.855
331.642
279.433
279.919
280.659
281.194
281.545
281.966
282.413
282.744
282.813
282.603
228.911
229.19
229.865
230.505
231.244
232.083
232.869
233.461
233.706
233.532
177.705
177.868
178.573
179.437
180.659
182.029
183.287
184.257
184.692
184.523
125.431
125.454
126.249
127.309
128.892
130.799
132.833
134.626
135.571
135.531
72.5824
72.4738
73.7825
75.1447
76.7853
78.8505
81.5216
84.3183
86.2823
86.6121
24.3058
24.1462
26.4415
28.0307
29.3919
31.8063
35.3698
39.0067
40.5927
40.4271
1.56291
1.56651
2.16085
2.60631
2.86665
3.60706
5.332
8.13383
9.40401
8.97255
-0.280321
-0.282332
-0.291721
-0.308263
-0.339898
-0.376592
-0.406674
-0.47054
-0.44424
-0.385622
-0.347085
-0.348417
-0.355134
-0.374313
-0.404828
-0.442998
-0.479129
-0.50289
-0.49612
-0.457057
-0.413005
-0.416194
-0.42068
-0.436451
-0.457488
-0.486176
-0.525284
-0.546498
-0.532207
-0.505044
-0.481843
-0.48678
-0.491113
-0.503113
-0.516295
-0.541821
-0.58568
-0.60425
-0.57944
-0.538235
-0.550619
-0.553833
-0.559534
-0.57283
-0.588801
-0.615343
-0.663384
-0.688931
-0.659633
-0.609925
-0.619036
-0.62206
-0.627214
-0.643399
-0.668826
-0.703792
-0.76251
-0.806884
-0.78935
-0.73414
-0.687237
-0.692475
-0.696878
-0.71276
-0.742599
-0.781969
-0.833359
-0.883198
-0.879
-0.8368
-0.754383
-0.761272
-0.766533
-0.778719
-0.803313
-0.839968
-0.878938
-0.912379
-0.912757
-0.879291
-0.818774
-0.82822
-0.832637
-0.841326
-0.860749
-0.887894
-0.913819
-0.930126
-0.928346
-0.903861
-0.879123
-0.890996
-0.893214
-0.898925
-0.916409
-0.939207
-0.954373
-0.96021
-0.952889
-0.933186
-0.937589
-0.950111
-0.950023
-0.952308
-0.971158
-0.99542
-1.00551
-1.00316
-0.988112
-0.96923
380.108
380.402
380.837
381.097
381.304
381.547
381.769
381.9
381.871
381.647
330.709
331.066
331.617
331.96
332.169
332.412
332.689
332.872
332.87
332.641
280.888
281.261
281.891
282.472
282.881
283.306
283.687
283.948
283.969
283.715
230.737
231.084
231.725
232.479
233.174
233.858
234.536
235.01
235.124
234.853
180.184
180.558
181.302
182.235
183.267
184.394
185.454
186.21
186.415
186.1
128.906
129.08
129.986
131.042
132.402
134.108
135.838
137.148
137.659
137.365
77.2862
77.4829
78.968
80.0179
81.2678
83.3558
85.7614
88.048
89.1068
88.8888
28.547
29.2704
32.1798
34.4451
36.6599
38.8801
41.2213
42.761
43.047
42.1164
2.84669
3.07384
4.06743
5.08407
6.26153
7.45126
9.01046
10.1984
10.1058
9.30089
-0.302295
-0.303226
-0.306449
-0.317996
-0.353919
-0.388488
-0.418974
-0.481875
-0.465136
-0.337445
-0.370405
-0.36795
-0.370447
-0.384424
-0.412194
-0.447371
-0.475392
-0.496585
-0.508022
-0.447915
-0.433728
-0.435768
-0.436476
-0.444175
-0.457504
-0.491382
-0.535127
-0.548148
-0.521147
-0.492168
-0.499266
-0.504072
-0.505825
-0.511649
-0.517975
-0.552325
-0.606711
-0.623
-0.589495
-0.549725
-0.566533
-0.571908
-0.576638
-0.585628
-0.596059
-0.634896
-0.698229
-0.717607
-0.683954
-0.631552
-0.633836
-0.639734
-0.648867
-0.662323
-0.682693
-0.719662
-0.787484
-0.828837
-0.800917
-0.7502
-0.70079
-0.709677
-0.719733
-0.73392
-0.7573
-0.790274
-0.842667
-0.886692
-0.87463
-0.830871
-0.767426
-0.780374
-0.787208
-0.7951
-0.813595
-0.840833
-0.873659
-0.903262
-0.899896
-0.871041
-0.828618
-0.844775
-0.846379
-0.848803
-0.861923
-0.883708
-0.903433
-0.917096
-0.913739
-0.896794
-0.883744
-0.901837
-0.901068
-0.902377
-0.912246
-0.931288
-0.945808
-0.952495
-0.942607
-0.930486
-0.938811
-0.956007
-0.954767
-0.956419
-0.967149
-0.986263
-1.00082
-1.00238
-0.98775
-0.975479
381.096
381.307
381.643
381.953
382.251
382.541
382.776
382.902
382.864
382.626
331.843
332.084
332.489
332.847
333.164
333.503
333.8
333.972
333.951
333.711
282.361
282.634
283.116
283.645
284.139
284.596
284.983
285.201
285.166
284.87
232.671
232.966
233.478
234.156
234.851
235.587
236.201
236.559
236.545
236.175
182.635
183.018
183.723
184.556
185.532
186.62
187.548
188.073
188.053
187.575
132.038
132.269
133.24
134.208
135.54
137.116
138.546
139.432
139.528
138.947
81.4396
81.7568
83.1248
83.9869
85.5081
87.9296
89.9739
91.2499
91.4781
90.7313
32.9195
34.1832
37.865
40.5282
43.4886
44.9191
45.9159
46.0503
45.3105
43.6249
4.39454
4.68195
6.32825
8.76521
10.9321
11.5572
11.812
11.5314
10.945
9.59541
-0.317667
-0.315713
-0.306685
-0.295808
-0.3082
-0.381148
-0.445719
-0.51452
-0.320772
-0.26942
-0.392096
-0.383781
-0.376392
-0.38606
-0.420362
-0.468569
-0.510286
-0.544644
-0.516564
-0.419431
-0.45305
-0.452068
-0.44785
-0.454181
-0.477893
-0.530353
-0.573031
-0.568285
-0.525313
-0.481142
-0.516087
-0.519427
-0.51532
-0.52286
-0.539814
-0.594826
-0.654907
-0.656343
-0.611179
-0.564943
-0.581917
-0.58891
-0.592453
-0.603735
-0.624631
-0.678193
-0.743295
-0.753096
-0.715893
-0.666834
-0.64865
-0.657953
-0.669851
-0.684279
-0.709131
-0.749709
-0.807304
-0.82976
-0.800102
-0.758255
-0.71425
-0.729721
-0.742501
-0.752433
-0.774152
-0.803815
-0.844185
-0.871155
-0.855017
-0.822149
-0.776005
-0.793417
-0.801777
-0.805324
-0.819706
-0.840959
-0.865097
-0.883203
-0.88146
-0.864095
-0.829149
-0.84426
-0.848526
-0.851184
-0.860198
-0.876697
-0.893885
-0.905028
-0.903067
-0.898129
-0.877726
-0.891898
-0.895019
-0.897504
-0.905177
-0.92172
-0.938108
-0.944605
-0.941384
-0.940155
-0.927494
-0.942538
-0.945925
-0.949469
-0.957452
-0.976153
-0.992471
-0.997138
-0.994786
-0.990407
382.047
382.228
382.522
382.852
383.187
383.503
383.746
383.866
383.815
383.561
332.904
333.107
333.439
333.794
334.183
334.565
334.871
335.032
334.992
334.735
283.681
283.921
284.327
284.827
285.338
285.826
286.203
286.381
286.296
285.958
234.368
234.642
235.075
235.683
236.419
237.142
237.693
237.948
237.825
237.353
184.746
185.04
185.668
186.49
187.471
188.508
189.306
189.63
189.42
188.746
134.663
134.852
135.78
136.967
138.169
139.641
140.793
141.259
140.962
140.036
84.8975
85.1283
86.2289
87.5397
90.0897
92.0518
93.305
93.7199
93.2303
91.9117
37.2012
38.9362
42.5559
45.1101
47.5743
49.0338
49.3135
48.672
47.1535
44.675
6.21153
6.55882
9.09245
11.9377
13.9673
14.3496
13.7478
13.0598
11.7917
9.81491
-0.330453
-0.323961
-0.297448
-0.200364
0.0383516
-0.0824508
-0.370033
-0.422669
-0.169397
-0.134673
-0.41555
-0.401303
-0.3884
-0.412536
-0.445238
-0.496602
-0.570256
-0.614546
-0.498714
-0.356276
-0.47535
-0.472177
-0.465446
-0.482204
-0.51697
-0.578232
-0.61819
-0.601604
-0.533623
-0.446346
-0.533301
-0.537483
-0.533106
-0.542086
-0.572064
-0.63907
-0.697747
-0.699731
-0.654551
-0.597065
-0.594307
-0.60375
-0.610457
-0.621387
-0.651907
-0.71074
-0.764713
-0.769346
-0.73528
-0.694178
-0.658209
-0.673394
-0.686155
-0.699662
-0.726269
-0.764811
-0.80858
-0.821356
-0.795991
-0.764207
-0.718405
-0.742689
-0.752688
-0.762177
-0.783021
-0.806459
-0.836322
-0.85286
-0.841535
-0.821146
-0.771739
-0.794549
-0.80232
-0.808375
-0.822812
-0.840685
-0.858465
-0.874078
-0.876096
-0.86887
-0.817431
-0.835803
-0.842413
-0.847554
-0.858882
-0.875184
-0.890698
-0.905749
-0.912789
-0.911383
-0.862473
-0.879726
-0.885444
-0.890888
-0.901707
-0.918409
-0.933823
-0.948137
-0.956988
-0.954787
-0.910453
-0.927485
-0.935102
-0.94166
-0.952145
-0.970994
-0.987481
-0.999604
-1.00612
-1.00208
382.877
383.047
383.326
383.66
384.015
384.348
384.595
384.707
384.644
384.362
333.811
334.002
334.309
334.679
335.095
335.499
335.808
335.956
335.898
335.609
284.778
285.002
285.375
285.864
286.387
286.875
287.235
287.385
287.264
286.896
235.697
235.982
236.375
237
237.73
238.407
238.886
239.059
238.854
238.32
186.367
186.604
187.224
188.045
189.034
189.993
190.623
190.749
190.357
189.517
136.644
136.817
137.84
138.865
140.286
141.643
142.433
142.436
141.712
140.439
87.395
87.4334
88.5082
90.9747
93.2672
94.8069
95.401
95.0371
93.7752
91.7934
40.5617
42.4963
45.1631
47.7796
50.3407
51.3747
51.0129
49.6061
47.1805
43.7786
8.08452
8.87988
11.333
14.2592
16.1921
16.1119
14.9713
13.5377
11.637
9.03162
-0.346313
-0.333032
-0.244671
0.170934
0.411115
0.222451
-0.194824
-0.35402
-0.0786291
-0.0142453
-0.442682
-0.42927
-0.422855
-0.438179
-0.46659
-0.515591
-0.625644
-0.666221
-0.466359
-0.285541
-0.498295
-0.497571
-0.497984
-0.51814
-0.550405
-0.595346
-0.636075
-0.630045
-0.558621
-0.451008
-0.546393
-0.559077
-0.562247
-0.5723
-0.603047
-0.666465
-0.725941
-0.731504
-0.685679
-0.624975
-0.59972
-0.61701
-0.630288
-0.640469
-0.672102
-0.731574
-0.786763
-0.790207
-0.750979
-0.708187
-0.65664
-0.68042
-0.695193
-0.705554
-0.732601
-0.773274
-0.812404
-0.821393
-0.799256
-0.77069
-0.709541
-0.740111
-0.750056
-0.758574
-0.779718
-0.804799
-0.83051
-0.846427
-0.840944
-0.824965
-0.755367
-0.78485
-0.794316
-0.80052
-0.816694
-0.836031
-0.855459
-0.87592
-0.883668
-0.875292
-0.799285
-0.823902
-0.834385
-0.840292
-0.852851
-0.870966
-0.890516
-0.91221
-0.923609
-0.916421
-0.844778
-0.866516
-0.880726
-0.889033
-0.899679
-0.916249
-0.935519
-0.951596
-0.959372
-0.95199
-0.89324
-0.914071
-0.930509
-0.94376
-0.95697
-0.972936
-0.987569
-0.996083
-0.999932
-0.997847
383.499
383.67
383.943
384.279
384.645
384.987
385.235
385.341
385.273
384.991
334.479
334.665
334.968
335.356
335.788
336.199
336.504
336.646
336.595
336.3
285.578
285.814
286.163
286.643
287.166
287.634
287.963
288.095
287.999
287.629
236.58
236.883
237.316
237.971
238.688
239.29
239.67
239.772
239.582
239.024
187.413
187.655
188.345
189.265
190.242
191.026
191.404
191.337
190.865
189.891
137.907
138.045
139.009
140.296
141.747
142.849
143.182
142.761
141.696
140.042
88.7199
88.729
90.3365
92.6787
94.7778
95.9701
95.856
94.7396
92.6535
89.8407
41.863
43.4039
45.9605
49.1781
51.2498
51.4716
50.1408
47.7096
43.9311
39.4168
8.92565
10.2093
12.9034
16.0275
17.4087
16.5613
14.5557
12.204
9.51378
6.714
-0.370674
-0.35625
-0.105845
0.321954
0.500338
0.287994
-0.241766
-0.435284
-0.118632
-0.0399221
-0.461964
-0.463093
-0.466513
-0.473707
-0.494657
-0.523546
-0.65854
-0.727289
-0.505168
-0.291691
-0.509614
-0.51938
-0.536875
-0.548005
-0.569062
-0.600994
-0.654519
-0.66806
-0.583466
-0.466099
-0.551644
-0.577389
-0.598199
-0.604964
-0.625417
-0.675643
-0.74368
-0.758581
-0.70608
-0.636215
-0.600669
-0.630817
-0.652155
-0.66039
-0.686548
-0.74299
-0.8086
-0.821028
-0.773804
-0.72102
-0.651168
-0.684402
-0.70038
-0.709816
-0.735447
-0.778664
-0.823175
-0.830253
-0.809202
-0.777619
-0.69793
-0.732041
-0.743092
-0.75104
-0.772251
-0.801597
-0.831493
-0.848671
-0.847252
-0.829411
-0.74167
-0.772604
-0.782526
-0.787085
-0.80375
-0.827443
-0.853353
-0.876918
-0.885613
-0.875468
-0.789779
-0.815949
-0.824486
-0.826664
-0.839204
-0.860951
-0.886036
-0.909052
-0.917836
-0.906004
-0.839383
-0.862462
-0.876338
-0.880391
-0.888541
-0.906384
-0.927907
-0.941747
-0.944286
-0.936451
-0.888567
-0.908115
-0.926242
-0.938905
-0.947675
-0.95908
-0.972325
-0.983078
-0.991108
-0.989669
383.857
384.029
384.298
384.634
385.006
385.35
385.592
385.684
385.622
385.426
334.858
335.04
335.341
335.737
336.175
336.591
336.887
337.009
336.978
336.869
286.012
286.273
286.599
287.063
287.571
288.013
288.316
288.441
288.372
288.146
237.03
237.334
237.792
238.458
239.143
239.672
239.965
240.027
239.84
239.392
187.899
188.181
188.935
189.918
190.832
191.43
191.588
191.367
190.795
189.935
138.433
138.703
139.796
141.161
142.425
143.118
143.051
142.307
140.962
139.255
88.9233
89.1503
91.0666
93.253
94.9581
95.508
94.9468
93.2491
90.4568
87.2088
41.3038
42.7137
45.8721
48.8239
50.1181
49.3205
47.2689
43.9351
38.8035
33.5128
8.48172
10.0098
13.1307
16.0114
16.3841
14.8432
12.4008
9.76267
6.60771
4.1547
-0.374126
-0.367499
-0.136534
0.177939
0.26669
0.0190629
-0.56325
-0.546939
-0.197685
-0.167683
-0.463087
-0.488532
-0.50596
-0.512925
-0.510354
-0.529752
-0.71511
-0.777874
-0.539746
-0.349848
-0.511457
-0.537804
-0.571188
-0.57429
-0.571184
-0.592581
-0.670688
-0.707187
-0.623367
-0.507761
-0.555759
-0.592255
-0.6308
-0.631254
-0.635047
-0.67037
-0.745844
-0.786401
-0.745885
-0.674763
-0.600894
-0.642433
-0.673622
-0.677416
-0.690976
-0.735681
-0.806782
-0.838181
-0.801892
-0.745184
-0.6468
-0.684856
-0.707067
-0.712489
-0.729678
-0.767661
-0.816285
-0.834315
-0.815469
-0.781673
-0.692311
-0.722607
-0.737331
-0.74188
-0.756751
-0.784983
-0.819032
-0.841504
-0.842615
-0.826144
-0.743673
-0.763523
-0.769802
-0.770958
-0.783314
-0.807399
-0.838635
-0.866683
-0.876013
-0.864587
-0.797671
-0.813564
-0.814586
-0.811823
-0.820231
-0.842198
-0.871071
-0.896147
-0.90174
-0.887396
-0.845053
-0.860529
-0.868448
-0.868328
-0.874204
-0.890338
-0.907313
-0.916009
-0.924661
-0.921926
-0.88561
-0.89971
-0.914779
-0.923744
-0.930082
-0.941161
-0.958537
-0.974015
-0.987224
-0.980112
383.929
384.102
384.364
384.687
385.048
385.381
385.611
385.698
385.625
385.444
334.93
335.101
335.388
335.776
336.201
336.602
336.886
337.005
336.966
336.816
286.052
286.339
286.649
287.079
287.556
287.975
288.269
288.397
288.338
288.053
237.036
237.353
237.789
238.423
239.062
239.554
239.845
239.916
239.763
239.277
187.809
188.136
188.866
189.818
190.662
191.194
191.341
191.118
190.605
189.73
138.185
138.624
139.833
141.163
142.175
142.65
142.493
141.714
140.418
138.72
88.4014
88.8481
90.9121
92.8368
94.1034
94.4189
93.7958
92.0766
89.1768
85.8429
40.3122
41.7914
45.0403
47.3172
47.945
46.9291
44.9181
41.2971
35.8215
30.6666
7.94367
9.58669
12.2286
13.9947
13.6594
12.2009
10.4365
7.8394
4.83026
2.96725
-0.351669
-0.297708
-0.246316
-0.149592
-0.157166
-0.482112
-0.859644
-0.571463
-0.313487
-0.327807
-0.458834
-0.498788
-0.532296
-0.543712
-0.511995
-0.564891
-0.777356
-0.776745
-0.586238
-0.460249
-0.514336
-0.551112
-0.593793
-0.59245
-0.571779
-0.59171
-0.675698
-0.725979
-0.677954
-0.589794
-0.559387
-0.607871
-0.654099
-0.651865
-0.639831
-0.659359
-0.725345
-0.785778
-0.775601
-0.719924
-0.603758
-0.646871
-0.688751
-0.688819
-0.686953
-0.713816
-0.772329
-0.81949
-0.81039
-0.765194
-0.646218
-0.679882
-0.709608
-0.711012
-0.715447
-0.739785
-0.780323
-0.807938
-0.801924
-0.772636
-0.697455
-0.716193
-0.729506
-0.730806
-0.736588
-0.756461
-0.786983
-0.813525
-0.8242
-0.813118
-0.75773
-0.763819
-0.761405
-0.756149
-0.762345
-0.782642
-0.813378
-0.844453
-0.85869
-0.848512
-0.808066
-0.817844
-0.811981
-0.797216
-0.803076
-0.82389
-0.853768
-0.877056
-0.879966
-0.866185
-0.843515
-0.853176
-0.861917
-0.863181
-0.861797
-0.863608
-0.869594
-0.888358
-0.911914
-0.909066
-0.878067
-0.889131
-0.908575
-0.918942
-0.924424
-0.937033
-0.95503
-0.968081
-0.981158
-0.969736
383.712
383.877
384.135
384.448
384.787
385.096
385.313
385.398
385.319
385.04
334.668
334.849
335.126
335.491
335.887
336.256
336.526
336.647
336.594
336.32
285.716
285.966
286.274
286.698
287.163
287.569
287.856
287.972
287.887
287.563
236.583
236.893
237.301
237.904
238.537
239.045
239.367
239.45
239.287
238.792
187.129
187.396
188.125
189.095
189.971
190.558
190.798
190.653
190.182
189.331
137.154
137.478
138.836
140.218
141.271
141.847
141.872
141.266
140.095
138.619
87.1024
87.3721
89.3373
91.2202
92.5769
93.1843
93.0503
91.86
89.4195
86.5421
38.7059
40.3358
42.7968
44.9008
45.7575
45.3566
44.3023
41.4888
36.9487
32.3838
6.89101
8.17554
10.3564
11.744
11.5309
10.6192
9.95585
7.79442
5.21839
3.38618
-0.377351
-0.361133
-0.409018
-0.432308
-0.509857
-0.86551
-0.874109
-0.436652
-0.422575
-0.500803
-0.467767
-0.499067
-0.547397
-0.554516
-0.514895
-0.604591
-0.772358
-0.733856
-0.655386
-0.590741
-0.519015
-0.563829
-0.607598
-0.607444
-0.586883
-0.594059
-0.654613
-0.703967
-0.701252
-0.656035
-0.563863
-0.615882
-0.662953
-0.662766
-0.644768
-0.647594
-0.692038
-0.747359
-0.763321
-0.737513
-0.600456
-0.644088
-0.688239
-0.68813
-0.677387
-0.687876
-0.726875
-0.769985
-0.780839
-0.764565
-0.645287
-0.673362
-0.70005
-0.700272
-0.697017
-0.707889
-0.735617
-0.764342
-0.775297
-0.759939
-0.712508
-0.717553
-0.71834
-0.715606
-0.716274
-0.729037
-0.752026
-0.778116
-0.797922
-0.797164
-0.770711
-0.779831
-0.766817
-0.747938
-0.747647
-0.763639
-0.788477
-0.817334
-0.835383
-0.832556
-0.816815
-0.828443
-0.826176
-0.810306
-0.802348
-0.813439
-0.834003
-0.850028
-0.853584
-0.848543
-0.855477
-0.868186
-0.87854
-0.875011
-0.857476
-0.841941
-0.854503
-0.885874
-0.904154
-0.896148
-0.892504
-0.914138
-0.927736
-0.932767
-0.934055
-0.938441
-0.951655
-0.961755
-0.969889
-0.962234
383.26
383.425
383.685
383.991
384.305
384.588
384.787
384.864
384.776
384.49
334.149
334.336
334.622
334.966
335.334
335.673
335.923
336.035
335.967
335.691
285.024
285.251
285.606
286.045
286.498
286.897
287.185
287.297
287.187
286.857
235.711
236.025
236.44
237.03
237.662
238.203
238.573
238.701
238.554
238.088
185.963
186.23
186.965
187.92
188.834
189.532
189.928
189.967
189.617
188.905
135.531
135.804
137.263
138.644
139.831
140.687
141.089
140.929
140.086
138.892
85.0044
85.1023
86.5658
88.5343
90.3473
91.677
92.407
92.2452
90.7739
88.5944
36.3666
37.9995
39.9002
41.7803
43.4138
44.2747
44.7026
43.8382
41.1421
37.5808
5.34523
6.00602
7.77918
9.47266
10.1278
10.0538
10.1583
9.87009
7.72657
5.46328
-0.413232
-0.435804
-0.474634
-0.48421
-0.524141
-0.867156
-0.670983
-0.451416
-0.609781
-0.716535
-0.470317
-0.511694
-0.551023
-0.553889
-0.529365
-0.607643
-0.713896
-0.736338
-0.733558
-0.720292
-0.519327
-0.571519
-0.608166
-0.61149
-0.596586
-0.594852
-0.626261
-0.66627
-0.686852
-0.682795
-0.557143
-0.61202
-0.654499
-0.657001
-0.642325
-0.637487
-0.661768
-0.702142
-0.725714
-0.728075
-0.591527
-0.633443
-0.67152
-0.671761
-0.661868
-0.66395
-0.687643
-0.723588
-0.74415
-0.74495
-0.649384
-0.668433
-0.686117
-0.684333
-0.679899
-0.683664
-0.7011
-0.727597
-0.747207
-0.747682
-0.721691
-0.727506
-0.714659
-0.707809
-0.705645
-0.712504
-0.727669
-0.750333
-0.77472
-0.780544
-0.786852
-0.801164
-0.787731
-0.758143
-0.745552
-0.755492
-0.771172
-0.795285
-0.814473
-0.819408
-0.842339
-0.86077
-0.857095
-0.835163
-0.816847
-0.808015
-0.81072
-0.824868
-0.834751
-0.841737
-0.889948
-0.91307
-0.911434
-0.89145
-0.86219
-0.845699
-0.863474
-0.885978
-0.893377
-0.890213
-0.91798
-0.943213
-0.945859
-0.945834
-0.94035
-0.93842
-0.945756
-0.955483
-0.959822
-0.962748
382.659
382.831
383.104
383.404
383.693
383.947
384.126
384.192
384.094
383.795
333.463
333.662
333.978
334.31
334.645
334.953
335.183
335.286
335.21
334.918
284.111
284.361
284.777
285.241
285.678
286.067
286.356
286.477
286.374
286.03
234.543
234.844
235.306
235.938
236.59
237.161
237.574
237.761
237.656
237.236
184.486
184.832
185.547
186.47
187.407
188.226
188.797
189.033
188.822
188.259
133.665
133.941
135.446
136.807
138.068
139.182
139.971
140.237
139.775
138.878
82.5194
82.4699
83.8316
85.2772
87.3915
89.4579
91.069
91.7427
91.1667
89.7657
33.3556
34.6724
36.7237
38.6096
40.5072
42.5921
44.3067
44.749
43.7134
41.6249
4.12973
4.36198
5.36838
6.81435
8.36692
9.46892
10.5968
10.9527
10.0357
8.24993
-0.406623
-0.435117
-0.478462
-0.469961
-0.492028
-0.540878
-0.394529
-0.588416
-0.684136
-0.732593
-0.460614
-0.509735
-0.547913
-0.539662
-0.526474
-0.591366
-0.647672
-0.696234
-0.718872
-0.731363
-0.509715
-0.56547
-0.598576
-0.607083
-0.592549
-0.595779
-0.60553
-0.629938
-0.650286
-0.665281
-0.539754
-0.595606
-0.633337
-0.640476
-0.627952
-0.627104
-0.639452
-0.667226
-0.687863
-0.70085
-0.578492
-0.61773
-0.648812
-0.652342
-0.644548
-0.6466
-0.662649
-0.691664
-0.71325
-0.722102
-0.650902
-0.667638
-0.676391
-0.673435
-0.669078
-0.671131
-0.68397
-0.707095
-0.728504
-0.735632
-0.727385
-0.739242
-0.720739
-0.707189
-0.704191
-0.706925
-0.717047
-0.736699
-0.75858
-0.76879
-0.80775
-0.826848
-0.814179
-0.777842
-0.755738
-0.753422
-0.761648
-0.779614
-0.799126
-0.811188
-0.876477
-0.897511
-0.88718
-0.85657
-0.828343
-0.806484
-0.805318
-0.818267
-0.830961
-0.844902
-0.917736
-0.940555
-0.923413
-0.894621
-0.866606
-0.854043
-0.866599
-0.880806
-0.884967
-0.893842
-0.936305
-0.957881
-0.956056
-0.951885
-0.936763
-0.930518
-0.937005
-0.947522
-0.952454
-0.97088
382.002
382.2
382.512
382.795
383.044
383.262
383.416
383.464
383.349
383.022
332.705
332.94
333.334
333.668
333.941
334.198
334.401
334.489
334.397
334.07
283.103
283.393
283.919
284.434
284.845
285.197
285.479
285.616
285.522
285.149
233.151
233.466
234.043
234.804
235.485
236.069
236.525
236.773
236.705
236.294
182.73
183.184
183.944
184.912
185.897
186.811
187.535
187.95
187.874
187.403
131.528
131.882
133.23
134.782
136.326
137.529
138.565
139.135
138.939
138.265
79.7309
79.7607
81.3449
82.6417
84.2065
86.5793
88.7762
90.1409
90.166
89.3089
30.4246
31.0279
33.2306
35.185
37.5639
40.0239
42.4105
43.5186
43.131
41.9794
3.29661
3.30496
3.94646
4.7172
5.97908
7.80198
10.084
10.4887
9.67385
8.7016
-0.400835
-0.426413
-0.464738
-0.440496
-0.42256
-0.354646
-0.307669
-0.481416
-0.545903
-0.569854
-0.448691
-0.493631
-0.531887
-0.53399
-0.510597
-0.55491
-0.565988
-0.571022
-0.588801
-0.610462
-0.493559
-0.545941
-0.579569
-0.599358
-0.58387
-0.580633
-0.578892
-0.590968
-0.605173
-0.618861
-0.523585
-0.571786
-0.606877
-0.619876
-0.615128
-0.612944
-0.62106
-0.639328
-0.655514
-0.666201
-0.570768
-0.601843
-0.624619
-0.632513
-0.630371
-0.635121
-0.64989
-0.671333
-0.689455
-0.698654
-0.646212
-0.663208
-0.665828
-0.665263
-0.662403
-0.666167
-0.679261
-0.698675
-0.716479
-0.726291
-0.726234
-0.741139
-0.72618
-0.710649
-0.704057
-0.70572
-0.71392
-0.730706
-0.749963
-0.764553
-0.809092
-0.829561
-0.817988
-0.784549
-0.762119
-0.753014
-0.754863
-0.768504
-0.789396
-0.810142
-0.883132
-0.912722
-0.897364
-0.863724
-0.834361
-0.813315
-0.809304
-0.817323
-0.833497
-0.853148
-0.923753
-0.946077
-0.923632
-0.896345
-0.875275
-0.865187
-0.869356
-0.876999
-0.88216
-0.899656
-0.936242
-0.956717
-0.953727
-0.943656
-0.9208
-0.915725
-0.925334
-0.935304
-0.943968
-0.97601
381.374
381.631
382.031
382.277
382.439
382.598
382.719
382.744
382.603
382.243
331.965
332.293
332.844
333.161
333.324
333.481
333.645
333.712
333.594
333.231
282.069
282.46
283.188
283.789
284.095
284.372
284.625
284.77
284.683
284.291
231.677
232.053
232.816
233.76
234.435
234.996
235.495
235.805
235.782
235.381
180.825
181.285
182.078
183.312
184.438
185.387
186.255
186.842
186.922
186.551
129.11
129.478
130.543
132.192
134.058
135.791
137.136
137.949
138.047
137.521
76.7093
76.63
78.159
79.9501
81.9287
84.0288
86.1553
88.1352
88.9173
88.422
27.818
27.2974
29.4234
31.7013
34.1771
37.1083
39.8596
41.5417
41.9923
41.3251
2.58526
2.28962
2.93937
3.58549
4.24084
5.33704
7.94821
9.40154
9.27409
8.54169
-0.389252
-0.409395
-0.442433
-0.432593
-0.385685
-0.343901
-0.365379
-0.457426
-0.500893
-0.49905
-0.435772
-0.472685
-0.509562
-0.521051
-0.499264
-0.475092
-0.508697
-0.510072
-0.522194
-0.536589
-0.477377
-0.520227
-0.557783
-0.576725
-0.571641
-0.556877
-0.554869
-0.559688
-0.570969
-0.579807
-0.512486
-0.548787
-0.580512
-0.592516
-0.595346
-0.596736
-0.602899
-0.612024
-0.623949
-0.632109
-0.564998
-0.587124
-0.603961
-0.611749
-0.614681
-0.623986
-0.638595
-0.652519
-0.665381
-0.675601
-0.63219
-0.650941
-0.650976
-0.650432
-0.653436
-0.660547
-0.674549
-0.690601
-0.705581
-0.717774
-0.709223
-0.73015
-0.716921
-0.70557
-0.698445
-0.70254
-0.71053
-0.726225
-0.745896
-0.764592
-0.791577
-0.817104
-0.802786
-0.778273
-0.76097
-0.751405
-0.750087
-0.76254
-0.786923
-0.814668
-0.870995
-0.902443
-0.881882
-0.855645
-0.834719
-0.820607
-0.813248
-0.817372
-0.837888
-0.866641
-0.909717
-0.933857
-0.915808
-0.896669
-0.880689
-0.875362
-0.875263
-0.880961
-0.891175
-0.912503
-0.921347
-0.945569
-0.942665
-0.930516
-0.909374
-0.905345
-0.910683
-0.919674
-0.935089
-0.972057
380.822
381.191
381.7
381.872
381.911
381.988
382.075
382.082
381.921
381.535
331.286
331.767
332.458
332.773
332.782
332.849
332.964
333.005
332.87
332.487
281.111
281.639
282.522
283.163
283.367
283.568
283.818
283.98
283.896
283.509
230.38
230.72
231.632
232.598
233.276
233.912
234.495
234.87
234.901
234.522
178.986
179.236
180.082
181.442
182.782
184.014
185.035
185.755
185.964
185.62
126.444
126.7
127.586
129.368
131.628
133.806
135.599
136.804
137.125
136.646
73.1063
72.7488
74.1161
76.4715
79.4216
82.2192
84.4194
86.2637
87.6275
87.4156
24.9087
23.066
24.9092
27.9148
31.0528
33.9718
37.2838
39.9154
41.1757
40.9428
1.72304
1.18606
1.67692
2.49016
3.41447
4.22924
5.63554
8.00973
9.65249
9.3343
-0.375141
-0.391468
-0.414058
-0.417926
-0.396018
-0.349962
-0.369255
-0.444499
-0.523528
-0.512341
-0.419853
-0.448748
-0.482595
-0.505113
-0.490621
-0.476234
-0.480857
-0.506957
-0.527031
-0.52592
-0.463268
-0.497203
-0.531347
-0.550186
-0.559683
-0.554023
-0.554245
-0.552736
-0.559239
-0.558309
-0.503363
-0.529204
-0.55512
-0.568166
-0.578382
-0.592154
-0.598001
-0.59708
-0.599841
-0.602684
-0.550277
-0.571541
-0.58316
-0.592357
-0.600163
-0.616361
-0.63301
-0.641956
-0.646846
-0.655173
-0.611829
-0.634176
-0.631116
-0.633182
-0.641622
-0.652737
-0.669752
-0.687667
-0.700533
-0.711336
-0.690692
-0.712749
-0.695411
-0.689546
-0.690475
-0.697686
-0.709155
-0.728679
-0.749577
-0.767451
-0.777498
-0.804406
-0.778115
-0.763479
-0.752963
-0.748794
-0.752951
-0.76834
-0.79335
-0.821004
-0.84896
-0.878363
-0.855074
-0.8402
-0.828338
-0.823266
-0.820419
-0.825896
-0.847807
-0.880503
-0.881694
-0.905996
-0.897635
-0.888486
-0.880511
-0.881517
-0.887363
-0.895847
-0.912075
-0.936305
-0.899324
-0.926274
-0.927092
-0.91891
-0.904157
-0.903618
-0.911948
-0.924376
-0.943319
-0.976355
380.348
380.804
381.276
381.404
381.38
381.431
381.511
381.515
381.348
380.955
330.727
331.267
331.804
332.123
332.159
332.229
332.359
332.411
332.274
331.885
280.553
281.029
281.669
282.108
282.414
282.753
283.077
283.273
283.217
282.863
229.766
229.935
230.609
231.231
231.981
232.841
233.575
234.041
234.118
233.75
177.662
177.637
178.478
179.726
181.229
182.725
183.957
184.741
184.983
184.659
123.74
123.884
124.957
126.962
129.619
132.124
134.127
135.583
136.132
135.667
68.7763
68.2058
69.7611
72.7773
76.801
80.4785
83.2969
85.2733
86.2629
86.0276
20.7425
18.2955
19.9444
23.2554
27.6499
31.4334
34.8885
38.5325
40.2546
39.9933
0.663939
0.163181
0.594002
1.21781
2.39929
3.70223
4.65124
6.57568
8.7955
9.23285
-0.362553
-0.375478
-0.379664
-0.386439
-0.384714
-0.36317
-0.380431
-0.420353
-0.508146
-0.478829
-0.403801
-0.423582
-0.44774
-0.464055
-0.472719
-0.475896
-0.480011
-0.507265
-0.526253
-0.509784
-0.449438
-0.472108
-0.499588
-0.515262
-0.531764
-0.552418
-0.557998
-0.553369
-0.555093
-0.542969
-0.491459
-0.512098
-0.530305
-0.542307
-0.559066
-0.589843
-0.606727
-0.599371
-0.589028
-0.582566
-0.539723
-0.558273
-0.564278
-0.573925
-0.586861
-0.613158
-0.640645
-0.649004
-0.643175
-0.642934
-0.603968
-0.620173
-0.612244
-0.617331
-0.629475
-0.647412
-0.672472
-0.696106
-0.706403
-0.711987
-0.683191
-0.697628
-0.671159
-0.672228
-0.679161
-0.692968
-0.71254
-0.73854
-0.759156
-0.770405
-0.761656
-0.779492
-0.747278
-0.74316
-0.740374
-0.745742
-0.756964
-0.777824
-0.800146
-0.819444
-0.81587
-0.836614
-0.821928
-0.816012
-0.81181
-0.812846
-0.817778
-0.828961
-0.849857
-0.876016
-0.843462
-0.868428
-0.867481
-0.867154
-0.869114
-0.876619
-0.888351
-0.902008
-0.921223
-0.945934
-0.880724
-0.904185
-0.906658
-0.904233
-0.897554
-0.900983
-0.916703
-0.938355
-0.96304
-0.99022
380.01
380.325
380.583
380.7
380.794
380.931
381.054
381.076
380.914
380.509
330.464
330.811
331.061
331.262
331.433
331.647
331.853
331.944
331.826
331.43
280.528
280.839
280.912
281.124
281.565
282.057
282.481
282.744
282.756
282.422
229.963
230.081
230.048
230.302
231.113
232.073
232.895
233.442
233.552
233.189
177.313
176.974
177.7
178.76
180.318
181.878
183.152
183.953
184.095
183.803
121.736
121.044
123.177
125.555
128.427
131.061
133.067
134.369
134.85
134.674
63.147
61.706
65.7286
69.9815
74.8773
79.1245
82.2427
84.4504
85.5105
85.3258
13.4823
11.8256
15.0214
19.2238
24.6447
29.3622
33.232
37.0026
39.1676
39.4383
-0.15548
-0.209617
-0.104607
0.371656
1.47429
2.99126
4.46194
6.25693
7.87773
8.58506
-0.32611
-0.329227
-0.33003
-0.352295
-0.369484
-0.364252
-0.39194
-0.447963
-0.426879
-0.424887
-0.38718
-0.393583
-0.404822
-0.42682
-0.447779
-0.46639
-0.477736
-0.49106
-0.499139
-0.480881
-0.43772
-0.448006
-0.463144
-0.481725
-0.501819
-0.532198
-0.550951
-0.542972
-0.547372
-0.529528
-0.487652
-0.495907
-0.504424
-0.520065
-0.536196
-0.573196
-0.602642
-0.593926
-0.584641
-0.574827
-0.5416
-0.547661
-0.544571
-0.558414
-0.570589
-0.601479
-0.637598
-0.647164
-0.637527
-0.634251
-0.604198
-0.605224
-0.593545
-0.603401
-0.613515
-0.635629
-0.667346
-0.693054
-0.698569
-0.703463
-0.672475
-0.671475
-0.652661
-0.657158
-0.66362
-0.679474
-0.703836
-0.732968
-0.751875
-0.75917
-0.731604
-0.741311
-0.725361
-0.721649
-0.721424
-0.729913
-0.745802
-0.769278
-0.789261
-0.800293
-0.772826
-0.79301
-0.78952
-0.787243
-0.787728
-0.792576
-0.801835
-0.815604
-0.832987
-0.848761
-0.816181
-0.834843
-0.835342
-0.839213
-0.846824
-0.85684
-0.872145
-0.888072
-0.903412
-0.919494
-0.877816
-0.889909
-0.887949
-0.888493
-0.890601
-0.895987
-0.912963
-0.936452
-0.959026
-0.979258
379.783
379.942
380.101
380.276
380.454
380.642
380.789
380.822
380.665
380.258
330.242
330.405
330.495
330.73
331.024
331.318
331.561
331.671
331.567
331.189
280.251
280.471
280.377
280.554
281.083
281.661
282.134
282.426
282.476
282.132
229.553
229.745
229.65
229.835
230.609
231.61
232.471
233.031
233.237
232.972
177.167
176.812
177.374
178.276
179.683
181.238
182.552
183.443
183.889
183.757
121.801
120.897
122.94
125.092
127.705
130.248
132.328
133.744
134.509
134.45
63.0109
61.3506
66.1028
70.2354
74.8112
78.8044
81.8501
83.9691
85.2542
85.358
14.969
12.489
16.7873
21.0087
25.8852
30.3329
33.7041
36.4246
38.4209
38.7805
-0.166182
-0.166239
-0.00294786
0.613799
1.84273
3.44513
4.95683
6.55487
8.00383
8.03442
-0.309143
-0.30616
-0.316391
-0.347462
-0.37419
-0.393597
-0.40367
-0.41222
-0.415434
-0.412144
-0.370116
-0.366441
-0.380294
-0.410306
-0.435253
-0.457223
-0.470134
-0.470923
-0.480978
-0.473514
-0.424422
-0.423293
-0.436898
-0.463768
-0.483307
-0.508447
-0.532259
-0.518818
-0.534078
-0.530163
-0.477252
-0.4748
-0.484989
-0.50502
-0.517932
-0.544103
-0.57691
-0.574987
-0.576941
-0.574835
-0.530424
-0.523132
-0.52967
-0.544135
-0.552398
-0.574973
-0.609478
-0.625088
-0.625508
-0.625268
-0.585181
-0.576788
-0.578393
-0.587698
-0.593625
-0.610907
-0.64224
-0.669025
-0.679548
-0.684222
-0.642248
-0.639604
-0.636226
-0.638917
-0.642385
-0.654971
-0.680492
-0.707087
-0.725238
-0.735073
-0.697757
-0.702585
-0.700542
-0.698631
-0.698574
-0.706009
-0.72295
-0.744237
-0.765227
-0.776956
-0.754377
-0.760985
-0.758059
-0.757939
-0.760426
-0.766549
-0.77742
-0.792874
-0.80991
-0.824395
-0.819152
-0.823713
-0.815798
-0.814045
-0.818864
-0.829928
-0.843641
-0.859901
-0.875716
-0.889441
-0.88504
-0.888177
-0.880054
-0.876849
-0.879069
-0.887184
-0.901983
-0.920087
-0.938008
-0.950553
-0.984281
-0.987065
-0.990416
-0.995449
-1.00289
-1.0156
-1.02119
-1.01584
-1.00135
-0.978219
-1.03747
-1.03978
-1.03858
-1.04473
-1.05423
-1.0646
-1.06525
-1.05344
-1.03398
-1.01293
-1.08924
-1.08986
-1.08571
-1.09316
-1.10384
-1.10853
-1.1002
-1.08345
-1.0638
-1.04611
-1.14004
-1.13988
-1.13578
-1.14225
-1.15206
-1.15334
-1.14003
-1.11727
-1.09624
-1.08193
-1.19125
-1.19078
-1.19013
-1.19463
-1.20177
-1.20312
-1.19355
-1.17427
-1.15022
-1.13231
-1.242
-1.24099
-1.24421
-1.25193
-1.25908
-1.25868
-1.24549
-1.23704
-1.22435
-1.20326
-1.29117
-1.28983
-1.29503
-1.30525
-1.31386
-1.31467
-1.29414
-1.28572
-1.28459
-1.27144
-1.33999
-1.33883
-1.34278
-1.35181
-1.36052
-1.36263
-1.34468
-1.33405
-1.33218
-1.32765
-1.3903
-1.39059
-1.3915
-1.39621
-1.40322
-1.40561
-1.39799
-1.38631
-1.38517
-1.38011
-1.4414
-1.44299
-1.44254
-1.44372
-1.44934
-1.45179
-1.44973
-1.44306
-1.44435
-1.44276
-1.49279
-1.49408
-1.4934
-1.49454
-1.49686
-1.49968
-1.50069
-1.5004
-1.50062
-1.50402
-1.54346
-1.54365
-1.54315
-1.54404
-1.54593
-1.5471
-1.55151
-1.55405
-1.55558
-1.55603
-1.59375
-1.59332
-1.59334
-1.59477
-1.59565
-1.5957
-1.59735
-1.60342
-1.60543
-1.60237
-1.64529
-1.64635
-1.64749
-1.64863
-1.6479
-1.64763
-1.64605
-1.65176
-1.65518
-1.65441
-1.69707
-1.69962
-1.70129
-1.70028
-1.70096
-1.70158
-1.69933
-1.70189
-1.70807
-1.71011
-1.74797
-1.74989
-1.75149
-1.75146
-1.75314
-1.75397
-1.75392
-1.75441
-1.75746
-1.75891
-1.79803
-1.79906
-1.80051
-1.80106
-1.80224
-1.80316
-1.80431
-1.80512
-1.80431
-1.80213
-1.84755
-1.84802
-1.84907
-1.84954
-1.84995
-1.85034
-1.851
-1.85104
-1.84964
-1.84766
-1.89653
-1.89667
-1.8973
-1.8977
-1.89782
-1.89773
-1.89743
-1.89657
-1.89413
-1.89179
-1.9451
-1.94513
-1.94542
-1.94572
-1.9458
-1.9455
-1.94474
-1.94342
-1.94106
-1.93926
-0.983265
-0.989486
-0.991416
-0.998231
-1.01402
-1.03404
-1.04043
-1.0305
-1.01265
-0.989002
-1.03939
-1.04445
-1.0418
-1.04995
-1.06891
-1.0842
-1.08081
-1.06632
-1.04478
-1.02155
-1.09327
-1.09658
-1.08718
-1.10051
-1.11906
-1.12597
-1.1163
-1.09846
-1.07531
-1.05535
-1.14446
-1.14465
-1.13315
-1.14943
-1.16528
-1.17054
-1.1601
-1.13969
-1.11504
-1.09662
-1.19369
-1.19036
-1.1834
-1.19719
-1.21
-1.217
-1.21352
-1.20205
-1.17741
-1.15424
-1.24207
-1.23496
-1.23489
-1.24796
-1.2595
-1.26293
-1.26158
-1.26641
-1.26202
-1.23407
-1.28948
-1.28299
-1.28699
-1.30136
-1.31638
-1.31541
-1.30066
-1.30664
-1.32604
-1.32368
-1.33752
-1.33477
-1.33845
-1.35193
-1.37009
-1.3699
-1.35009
-1.34373
-1.36199
-1.37789
-1.38739
-1.38982
-1.39313
-1.40276
-1.41796
-1.42076
-1.40519
-1.3901
-1.39847
-1.41248
-1.43947
-1.4459
-1.45002
-1.4554
-1.46331
-1.46627
-1.45689
-1.44375
-1.44688
-1.4547
-1.49271
-1.49716
-1.49997
-1.50158
-1.50274
-1.50486
-1.50709
-1.50463
-1.50375
-1.50792
-1.5443
-1.5432
-1.54293
-1.54285
-1.54131
-1.54634
-1.55755
-1.56267
-1.56214
-1.56035
-1.5942
-1.59111
-1.59011
-1.59188
-1.59214
-1.594
-1.60191
-1.6091
-1.61067
-1.60597
-1.64584
-1.64585
-1.64626
-1.64882
-1.64703
-1.64208
-1.64516
-1.65166
-1.65889
-1.65836
-1.69817
-1.70183
-1.70309
-1.70175
-1.70019
-1.69503
-1.69702
-1.7045
-1.7139
-1.7166
-1.74899
-1.75242
-1.75398
-1.75282
-1.75345
-1.75042
-1.75207
-1.75793
-1.76528
-1.76697
-1.79852
-1.79986
-1.80151
-1.80215
-1.80345
-1.80321
-1.805
-1.80835
-1.81244
-1.81125
-1.84785
-1.84832
-1.84953
-1.85023
-1.85093
-1.85098
-1.852
-1.85368
-1.8542
-1.8531
-1.89686
-1.89689
-1.89768
-1.89824
-1.89858
-1.89817
-1.89773
-1.89713
-1.89604
-1.89525
-1.94541
-1.94541
-1.94568
-1.94614
-1.94641
-1.94595
-1.9449
-1.94342
-1.94157
-1.94043
-0.986608
-0.991152
-0.993698
-0.997955
-1.02402
-1.04079
-1.0422
-1.03531
-1.01993
-0.997811
-1.04402
-1.04848
-1.04658
-1.05299
-1.07906
-1.09113
-1.08853
-1.0763
-1.05493
-1.0312
-1.09934
-1.10333
-1.09379
-1.10682
-1.12656
-1.13441
-1.1307
-1.11678
-1.09278
-1.06977
-1.15081
-1.15227
-1.13788
-1.1559
-1.17118
-1.17957
-1.17723
-1.16182
-1.13646
-1.116
-1.19752
-1.19405
-1.18532
-1.20208
-1.21774
-1.22961
-1.23365
-1.2261
-1.20024
-1.17543
-1.23973
-1.23426
-1.2329
-1.24579
-1.25927
-1.26803
-1.27638
-1.28282
-1.27919
-1.25586
-1.28166
-1.2794
-1.28127
-1.28887
-1.29955
-1.30279
-1.29931
-1.3168
-1.34357
-1.34203
-1.3284
-1.33092
-1.33192
-1.3345
-1.34651
-1.35263
-1.34522
-1.3529
-1.39029
-1.41424
-1.38272
-1.39101
-1.39562
-1.40053
-1.40951
-1.41683
-1.40821
-1.40374
-1.42581
-1.45796
-1.44016
-1.45208
-1.46118
-1.46773
-1.47578
-1.47978
-1.46895
-1.4541
-1.46175
-1.48635
-1.49315
-1.50608
-1.51533
-1.52022
-1.52406
-1.52184
-1.51467
-1.50771
-1.50947
-1.51944
-1.5447
-1.55056
-1.55433
-1.55771
-1.55773
-1.55642
-1.5588
-1.55963
-1.56197
-1.56168
-1.596
-1.59522
-1.59498
-1.5988
-1.59724
-1.59345
-1.59741
-1.60316
-1.60877
-1.60577
-1.64664
-1.64493
-1.64505
-1.65051
-1.65055
-1.64701
-1.64288
-1.64759
-1.65976
-1.66449
-1.69802
-1.70057
-1.70136
-1.70346
-1.70305
-1.69763
-1.69735
-1.70476
-1.72046
-1.73024
-1.74953
-1.75468
-1.75416
-1.75374
-1.75485
-1.75263
-1.75361
-1.75895
-1.77091
-1.77536
-1.79941
-1.80173
-1.80201
-1.80289
-1.80491
-1.8056
-1.80625
-1.80891
-1.814
-1.81187
-1.84858
-1.84922
-1.84908
-1.85049
-1.85137
-1.85198
-1.85287
-1.854
-1.85499
-1.85324
-1.89752
-1.89787
-1.89757
-1.8983
-1.89844
-1.89856
-1.89845
-1.89811
-1.89718
-1.89712
-1.94614
-1.94693
-1.94709
-1.94661
-1.94625
-1.94615
-1.94544
-1.94443
-1.94358
-1.94303
-0.995182
-1.00724
-1.00488
-1.00471
-1.03026
-1.04862
-1.05478
-1.04809
-1.02917
-1.00843
-1.05183
-1.06254
-1.05771
-1.05687
-1.08419
-1.09766
-1.10091
-1.09379
-1.07265
-1.04883
-1.10548
-1.11484
-1.10258
-1.1071
-1.12894
-1.13768
-1.14297
-1.13823
-1.11623
-1.09222
-1.15358
-1.16002
-1.14681
-1.15451
-1.17174
-1.18163
-1.18729
-1.18213
-1.16168
-1.14007
-1.19771
-1.19979
-1.19294
-1.20402
-1.21996
-1.2328
-1.23595
-1.23018
-1.21218
-1.19446
-1.23846
-1.23961
-1.2376
-1.24646
-1.26153
-1.26858
-1.26818
-1.26963
-1.26944
-1.26106
-1.28073
-1.28489
-1.28432
-1.28693
-1.29607
-1.2954
-1.29118
-1.29939
-1.32388
-1.33651
-1.33104
-1.34298
-1.3451
-1.34297
-1.34624
-1.33745
-1.32763
-1.3362
-1.37914
-1.41562
-1.38996
-1.41097
-1.42334
-1.42063
-1.40837
-1.39906
-1.38919
-1.4017
-1.44262
-1.48531
-1.44709
-1.47242
-1.49162
-1.49331
-1.48637
-1.48042
-1.46916
-1.46819
-1.48842
-1.51905
-1.4956
-1.52054
-1.53836
-1.54392
-1.54473
-1.54202
-1.52817
-1.51721
-1.52213
-1.53737
-1.54554
-1.55943
-1.57135
-1.5737
-1.57582
-1.57701
-1.56928
-1.56045
-1.56296
-1.56619
-1.5983
-1.60058
-1.60327
-1.60933
-1.61133
-1.61085
-1.60509
-1.5999
-1.60614
-1.6082
-1.64902
-1.64705
-1.64919
-1.65599
-1.65602
-1.65592
-1.6507
-1.64627
-1.65667
-1.67232
-1.69857
-1.6997
-1.70221
-1.70571
-1.70342
-1.70181
-1.70072
-1.70383
-1.71934
-1.73889
-1.74986
-1.75494
-1.75568
-1.75485
-1.75358
-1.75138
-1.7542
-1.75721
-1.76549
-1.77455
-1.8006
-1.80461
-1.8077
-1.80517
-1.80765
-1.80681
-1.80667
-1.80785
-1.80987
-1.80817
-1.85013
-1.85282
-1.85562
-1.85295
-1.85293
-1.85302
-1.85334
-1.85429
-1.85431
-1.84978
-1.89986
-1.90118
-1.90185
-1.89981
-1.89899
-1.89924
-1.89942
-1.89888
-1.89683
-1.89562
-1.94711
-1.94797
-1.94744
-1.9462
-1.94574
-1.94592
-1.94593
-1.94517
-1.94444
-1.94379
-0.994256
-1.01039
-1.00764
-1.00988
-1.02612
-1.04686
-1.05855
-1.05628
-1.04113
-1.0235
-1.05011
-1.06267
-1.05834
-1.05989
-1.0815
-1.09929
-1.11034
-1.11036
-1.09453
-1.07222
-1.10152
-1.11146
-1.104
-1.10426
-1.12636
-1.14151
-1.15486
-1.15878
-1.14214
-1.12003
-1.14796
-1.15616
-1.14949
-1.1526
-1.17299
-1.18865
-1.20116
-1.20219
-1.18562
-1.16726
-1.19228
-1.20039
-1.19962
-1.21065
-1.23329
-1.24268
-1.24778
-1.24277
-1.2301
-1.21859
-1.23714
-1.24655
-1.25101
-1.26675
-1.28488
-1.28728
-1.27829
-1.2717
-1.27259
-1.27666
-1.28583
-1.30032
-1.30954
-1.31958
-1.33218
-1.32269
-1.30283
-1.29849
-1.31859
-1.34392
-1.34363
-1.37028
-1.38589
-1.38992
-1.38403
-1.36222
-1.33636
-1.34475
-1.38251
-1.42428
-1.40562
-1.43819
-1.45648
-1.45591
-1.4405
-1.41124
-1.39846
-1.40982
-1.45512
-1.4984
-1.4589
-1.49187
-1.51366
-1.51743
-1.50442
-1.48891
-1.47929
-1.48355
-1.51066
-1.53623
-1.50158
-1.53037
-1.55177
-1.55853
-1.55865
-1.55841
-1.53822
-1.53029
-1.53825
-1.55253
-1.54777
-1.56429
-1.57859
-1.57706
-1.58303
-1.59038
-1.57916
-1.56675
-1.56924
-1.5753
-1.6
-1.6039
-1.60882
-1.6081
-1.60747
-1.61451
-1.61522
-1.60384
-1.60576
-1.61392
-1.65252
-1.65025
-1.65339
-1.65466
-1.64906
-1.6526
-1.65437
-1.6483
-1.65259
-1.67008
-1.70184
-1.70129
-1.70464
-1.70393
-1.69858
-1.69932
-1.70189
-1.70226
-1.70999
-1.73028
-1.75235
-1.75458
-1.75659
-1.75638
-1.75363
-1.75217
-1.75317
-1.75577
-1.76167
-1.76813
-1.80299
-1.80565
-1.81064
-1.80848
-1.80837
-1.80457
-1.80564
-1.80804
-1.81225
-1.81002
-1.85211
-1.85456
-1.85856
-1.8553
-1.85353
-1.85236
-1.85242
-1.85336
-1.85524
-1.85356
-1.90038
-1.90186
-1.90302
-1.89984
-1.89873
-1.89888
-1.89946
-1.89866
-1.89487
-1.89373
-1.94692
-1.94747
-1.94775
-1.94633
-1.94497
-1.94474
-1.9452
-1.94471
-1.9439
-1.94384
-0.979809
-0.995202
-0.998476
-1.00364
-1.01603
-1.03691
-1.05359
-1.05855
-1.05551
-1.04325
-1.03502
-1.04793
-1.04954
-1.05544
-1.0759
-1.09739
-1.11299
-1.11928
-1.10962
-1.09223
-1.08804
-1.09787
-1.09759
-1.10449
-1.12698
-1.1488
-1.16517
-1.1706
-1.15604
-1.13819
-1.13676
-1.1482
-1.14962
-1.15911
-1.18044
-1.20313
-1.21656
-1.21614
-1.20045
-1.18537
-1.18712
-1.20139
-1.21151
-1.22768
-1.25449
-1.26785
-1.26882
-1.25881
-1.24512
-1.23695
-1.23907
-1.25647
-1.27412
-1.30133
-1.32148
-1.32395
-1.30817
-1.29225
-1.28816
-1.29674
-1.29446
-1.3196
-1.34624
-1.37172
-1.37687
-1.36905
-1.33933
-1.32639
-1.34027
-1.3687
-1.35569
-1.39107
-1.41526
-1.42359
-1.41948
-1.40396
-1.37424
-1.37985
-1.42222
-1.46313
-1.41459
-1.44823
-1.47131
-1.47407
-1.46406
-1.44225
-1.44036
-1.46239
-1.49473
-1.52049
-1.4632
-1.4942
-1.5154
-1.52176
-1.51293
-1.49717
-1.49295
-1.51415
-1.5373
-1.54467
-1.50505
-1.52908
-1.54584
-1.55247
-1.55355
-1.55793
-1.54746
-1.53977
-1.54859
-1.55424
-1.55075
-1.56148
-1.5699
-1.57267
-1.5844
-1.58927
-1.57883
-1.57064
-1.57238
-1.5777
-1.60219
-1.60304
-1.60468
-1.59879
-1.60763
-1.61171
-1.61384
-1.60669
-1.60489
-1.61221
-1.65491
-1.65151
-1.65001
-1.64729
-1.64428
-1.64508
-1.65017
-1.64891
-1.64905
-1.65742
-1.70416
-1.703
-1.70374
-1.69818
-1.69367
-1.69332
-1.69553
-1.69605
-1.70055
-1.71328
-1.7532
-1.75538
-1.76225
-1.75766
-1.7537
-1.75197
-1.74937
-1.7489
-1.7541
-1.76341
-1.80335
-1.80648
-1.81733
-1.8141
-1.80856
-1.80406
-1.80199
-1.80217
-1.80925
-1.81743
-1.85233
-1.85554
-1.86232
-1.85966
-1.85514
-1.85204
-1.85147
-1.84983
-1.85085
-1.85786
-1.90037
-1.90182
-1.90371
-1.90369
-1.89946
-1.8979
-1.89812
-1.89677
-1.89433
-1.89331
-1.94676
-1.94662
-1.94653
-1.94745
-1.94464
-1.94309
-1.94326
-1.94272
-1.94328
-1.94586
-0.961553
-0.978313
-0.986361
-0.995202
-1.00912
-1.03194
-1.05169
-1.06121
-1.05942
-1.05137
-1.01466
-1.02983
-1.03689
-1.04787
-1.06983
-1.09492
-1.11555
-1.12058
-1.11051
-1.09983
-1.06936
-1.08245
-1.08876
-1.10183
-1.12607
-1.15141
-1.17038
-1.17158
-1.15744
-1.14539
-1.12671
-1.13825
-1.14668
-1.16252
-1.18538
-1.2098
-1.22283
-1.21784
-1.20133
-1.18954
-1.18403
-1.20063
-1.21617
-1.2353
-1.26298
-1.27924
-1.2776
-1.26139
-1.2438
-1.23528
-1.24068
-1.26169
-1.28449
-1.31658
-1.3371
-1.34034
-1.32193
-1.29817
-1.28591
-1.28868
-1.29763
-1.32503
-1.35597
-1.38487
-1.38909
-1.38461
-1.35706
-1.33414
-1.33748
-1.35918
-1.35653
-1.39021
-1.41958
-1.43234
-1.42805
-1.416
-1.3897
-1.38711
-1.41613
-1.44572
-1.41119
-1.44059
-1.47091
-1.47812
-1.46753
-1.44444
-1.43502
-1.47299
-1.50817
-1.5169
-1.45856
-1.48072
-1.50675
-1.51819
-1.50708
-1.48274
-1.48639
-1.50965
-1.53206
-1.52886
-1.50201
-1.51658
-1.53259
-1.54138
-1.53315
-1.52742
-1.53552
-1.5335
-1.53799
-1.54062
-1.54827
-1.55136
-1.5551
-1.56188
-1.56717
-1.56699
-1.56007
-1.56054
-1.56482
-1.57029
-1.60006
-1.59636
-1.59502
-1.59665
-1.59761
-1.59119
-1.58909
-1.59216
-1.59307
-1.60004
-1.65308
-1.64753
-1.64818
-1.64793
-1.64453
-1.63525
-1.63254
-1.63238
-1.631
-1.63724
-1.70268
-1.70122
-1.70563
-1.70319
-1.69958
-1.69592
-1.69
-1.68398
-1.68258
-1.69041
-1.75127
-1.75537
-1.76867
-1.763
-1.75807
-1.75325
-1.74824
-1.744
-1.74636
-1.75411
-1.80182
-1.80702
-1.82332
-1.82097
-1.81125
-1.80536
-1.80174
-1.79936
-1.80323
-1.81376
-1.85224
-1.85668
-1.86581
-1.86572
-1.85785
-1.85258
-1.85066
-1.84853
-1.84795
-1.85593
-1.90051
-1.90233
-1.90545
-1.90735
-1.90102
-1.8974
-1.89656
-1.89547
-1.89494
-1.89655
-1.94676
-1.94642
-1.94663
-1.94763
-1.9445
-1.94209
-1.9417
-1.94144
-1.94361
-1.94706
-0.945556
-0.962214
-0.97731
-0.994216
-1.01503
-1.03566
-1.04763
-1.05215
-1.05196
-1.05097
-1.00069
-1.01376
-1.02518
-1.04352
-1.07182
-1.09795
-1.10953
-1.10983
-1.10519
-1.10248
-1.05785
-1.06868
-1.07846
-1.09745
-1.12631
-1.15331
-1.16513
-1.16189
-1.15226
-1.14628
-1.11826
-1.1276
-1.13788
-1.15838
-1.18475
-1.2084
-1.21614
-1.20723
-1.19244
-1.18364
-1.17766
-1.18901
-1.2047
-1.2294
-1.25665
-1.27169
-1.26675
-1.24825
-1.22946
-1.22023
-1.23426
-1.25272
-1.27527
-1.30887
-1.32907
-1.33024
-1.31106
-1.28479
-1.26687
-1.26261
-1.29076
-1.31425
-1.34469
-1.37527
-1.38114
-1.37182
-1.34563
-1.31734
-1.30981
-1.31843
-1.3463
-1.37189
-1.40837
-1.4221
-1.41758
-1.40069
-1.37198
-1.3588
-1.373
-1.39155
-1.39837
-1.41963
-1.45155
-1.46113
-1.45041
-1.42341
-1.40183
-1.42077
-1.45037
-1.45732
-1.44626
-1.46001
-1.48295
-1.49641
-1.48254
-1.44257
-1.44461
-1.46812
-1.48919
-1.4902
-1.49248
-1.49892
-1.51282
-1.52532
-1.50154
-1.47394
-1.4867
-1.50492
-1.516
-1.52367
-1.54074
-1.5396
-1.54524
-1.54847
-1.53376
-1.52652
-1.52784
-1.53898
-1.54968
-1.55938
-1.59307
-1.58858
-1.5901
-1.59245
-1.58776
-1.57574
-1.56854
-1.57229
-1.57668
-1.58544
-1.64767
-1.64221
-1.64685
-1.65012
-1.64648
-1.63612
-1.62766
-1.62394
-1.61972
-1.62259
-1.69717
-1.69681
-1.70786
-1.711
-1.70773
-1.69961
-1.69284
-1.68537
-1.68108
-1.68205
-1.74692
-1.75237
-1.77048
-1.77415
-1.76687
-1.75815
-1.75057
-1.74474
-1.74422
-1.75016
-1.79969
-1.80665
-1.82447
-1.83241
-1.81882
-1.80895
-1.80315
-1.7997
-1.79936
-1.80598
-1.85151
-1.85652
-1.86748
-1.87359
-1.86441
-1.85521
-1.85117
-1.8485
-1.84643
-1.85144
-1.90009
-1.90124
-1.90588
-1.90831
-1.90413
-1.8988
-1.89608
-1.89417
-1.8941
-1.89588
-1.94657
-1.94616
-1.94659
-1.94731
-1.94519
-1.94208
-1.94029
-1.93933
-1.9416
-1.94296
-0.940041
-0.953525
-0.970227
-0.989667
-1.00601
-1.01957
-1.03143
-1.04141
-1.05023
-1.05124
-0.994532
-1.0044
-1.01655
-1.03852
-1.06281
-1.08236
-1.09493
-1.10324
-1.10825
-1.10816
-1.05168
-1.05809
-1.06879
-1.0915
-1.11928
-1.14139
-1.1525
-1.15546
-1.15355
-1.15042
-1.10764
-1.11338
-1.12424
-1.14804
-1.17557
-1.19478
-1.19998
-1.19475
-1.18573
-1.18067
-1.1635
-1.16951
-1.1832
-1.21071
-1.23735
-1.24867
-1.2434
-1.22966
-1.21542
-1.21013
-1.21993
-1.2292
-1.24982
-1.28273
-1.30182
-1.30019
-1.28456
-1.26492
-1.24926
-1.24819
-1.27612
-1.29024
-1.31848
-1.34705
-1.35418
-1.34209
-1.32068
-1.2984
-1.28937
-1.29788
-1.33027
-1.34433
-1.37562
-1.39421
-1.39181
-1.37417
-1.34791
-1.3316
-1.34349
-1.35992
-1.38223
-1.39188
-1.41657
-1.42898
-1.42287
-1.39871
-1.37164
-1.37773
-1.40307
-1.41985
-1.43238
-1.43717
-1.45295
-1.46311
-1.45202
-1.41216
-1.40208
-1.42306
-1.45145
-1.46712
-1.48163
-1.48273
-1.49236
-1.50123
-1.4792
-1.43572
-1.44297
-1.47463
-1.4974
-1.51127
-1.53229
-1.5306
-1.53484
-1.54007
-1.51564
-1.49769
-1.50849
-1.52325
-1.53739
-1.54953
-1.58651
-1.5837
-1.58467
-1.58949
-1.57852
-1.57353
-1.57246
-1.57243
-1.57355
-1.57991
-1.64193
-1.63915
-1.64335
-1.64941
-1.6475
-1.64362
-1.63663
-1.63056
-1.62689
-1.62673
-1.69348
-1.69427
-1.70544
-1.71632
-1.71705
-1.70832
-1.70029
-1.69305
-1.68662
-1.68698
-1.7457
-1.75098
-1.76737
-1.78277
-1.78077
-1.76545
-1.7579
-1.74936
-1.74483
-1.74679
-1.79937
-1.80605
-1.82196
-1.83683
-1.83256
-1.81618
-1.80803
-1.80126
-1.79738
-1.79887
-1.85087
-1.85532
-1.86476
-1.87506
-1.87084
-1.86135
-1.85384
-1.84816
-1.84519
-1.84488
-1.8988
-1.89968
-1.90354
-1.90772
-1.90539
-1.90057
-1.8961
-1.89235
-1.89165
-1.89041
-1.94539
-1.94533
-1.94559
-1.94565
-1.9441
-1.94133
-1.93848
-1.93628
-1.93731
-1.93686
-0.932241
-0.942593
-0.958572
-0.975561
-0.991088
-1.00942
-1.03134
-1.04643
-1.05473
-1.04997
-0.983911
-0.991974
-1.00792
-1.03062
-1.05515
-1.08064
-1.1045
-1.11926
-1.11958
-1.11306
-1.04067
-1.04527
-1.06168
-1.0879
-1.11701
-1.14228
-1.16055
-1.16947
-1.165
-1.15539
-1.09815
-1.10096
-1.11528
-1.14141
-1.16858
-1.18766
-1.196
-1.19502
-1.18828
-1.18198
-1.15467
-1.15722
-1.16998
-1.19471
-1.2177
-1.22864
-1.22817
-1.2206
-1.21293
-1.2095
-1.21055
-1.21359
-1.22788
-1.25291
-1.26876
-1.27051
-1.26496
-1.25577
-1.24776
-1.2451
-1.26442
-1.27
-1.28518
-1.30516
-1.31322
-1.31142
-1.30573
-1.29585
-1.28743
-1.28951
-1.31615
-1.32062
-1.33433
-1.34887
-1.35474
-1.35243
-1.34201
-1.33183
-1.33501
-1.34271
-1.36865
-1.37052
-1.38039
-1.39192
-1.39728
-1.38953
-1.37571
-1.37287
-1.3874
-1.39769
-1.42146
-1.42233
-1.42875
-1.43737
-1.43783
-1.41881
-1.40606
-1.41723
-1.43552
-1.44857
-1.47416
-1.47458
-1.47881
-1.48544
-1.47656
-1.4435
-1.44126
-1.46597
-1.48588
-1.49626
-1.5273
-1.52763
-1.5301
-1.53631
-1.52077
-1.49813
-1.51199
-1.52546
-1.53288
-1.53888
-1.58385
-1.58347
-1.58402
-1.58998
-1.58013
-1.57682
-1.58666
-1.58503
-1.58103
-1.58181
-1.64011
-1.63982
-1.64184
-1.64974
-1.6508
-1.65344
-1.65166
-1.64253
-1.63549
-1.63357
-1.69424
-1.69597
-1.70243
-1.71526
-1.72251
-1.71961
-1.70975
-1.69836
-1.69141
-1.68962
-1.74732
-1.75211
-1.76165
-1.7781
-1.78465
-1.77518
-1.76174
-1.75259
-1.74622
-1.74419
-1.79984
-1.80562
-1.81492
-1.82901
-1.8319
-1.82192
-1.81029
-1.80299
-1.79726
-1.79372
-1.8496
-1.85267
-1.85915
-1.86728
-1.86822
-1.86151
-1.8544
-1.84813
-1.84419
-1.8403
-1.8967
-1.89718
-1.89974
-1.90282
-1.90225
-1.89866
-1.89438
-1.89049
-1.88875
-1.8867
-1.9435
-1.9432
-1.94316
-1.94307
-1.94167
-1.93902
-1.93586
-1.9334
-1.93305
-1.93345
-0.922931
-0.937265
-0.958644
-0.977677
-0.999368
-1.03018
-1.0525
-1.05646
-1.05278
-1.04402
-0.976247
-0.989309
-1.01382
-1.0436
-1.07846
-1.11764
-1.14054
-1.14006
-1.12303
-1.1087
-1.03613
-1.04474
-1.07026
-1.10525
-1.14179
-1.17409
-1.19287
-1.1903
-1.16933
-1.15188
-1.09591
-1.10026
-1.11986
-1.15113
-1.17987
-1.20011
-1.20886
-1.2038
-1.19057
-1.17898
-1.15207
-1.15551
-1.16936
-1.19249
-1.21325
-1.22586
-1.22875
-1.22243
-1.21612
-1.20748
-1.20774
-1.21495
-1.22427
-1.23822
-1.25186
-1.26182
-1.26494
-1.26171
-1.2536
-1.24354
-1.26165
-1.27003
-1.27134
-1.27666
-1.29116
-1.30696
-1.3135
-1.30863
-1.29544
-1.28463
-1.31124
-1.31598
-1.30925
-1.31915
-1.34092
-1.35787
-1.36052
-1.35096
-1.33945
-1.33148
-1.36224
-1.36549
-1.35962
-1.37578
-1.39845
-1.40781
-1.40393
-1.39323
-1.38691
-1.38185
-1.41624
-1.4212
-1.42027
-1.4366
-1.45459
-1.45233
-1.4411
-1.43565
-1.43336
-1.43272
-1.47232
-1.47752
-1.47964
-1.49171
-1.50043
-1.48768
-1.47535
-1.47873
-1.4822
-1.48231
-1.52916
-1.53133
-1.53313
-1.54152
-1.54158
-1.5272
-1.52806
-1.53357
-1.53245
-1.531
-1.58582
-1.58581
-1.58612
-1.59328
-1.5916
-1.58724
-1.59303
-1.5915
-1.58463
-1.58232
-1.64136
-1.64203
-1.64187
-1.64981
-1.65337
-1.65671
-1.6563
-1.64775
-1.63939
-1.63607
-1.69528
-1.69754
-1.69943
-1.70963
-1.71849
-1.71985
-1.71218
-1.70131
-1.69362
-1.69
-1.7476
-1.751
-1.75549
-1.76703
-1.77615
-1.77231
-1.76215
-1.75163
-1.74623
-1.74288
-1.79827
-1.80094
-1.80636
-1.81649
-1.82169
-1.8162
-1.80763
-1.8007
-1.79639
-1.79318
-1.84669
-1.8476
-1.85156
-1.85721
-1.85928
-1.8553
-1.85016
-1.84582
-1.84271
-1.84038
-1.89385
-1.89355
-1.89487
-1.8966
-1.89676
-1.89464
-1.89145
-1.88822
-1.88651
-1.88573
-1.94124
-1.94054
-1.94003
-1.93971
-1.93894
-1.93712
-1.9343
-1.93167
-1.93034
-1.9315
-0.932408
-0.959467
-0.980467
-1.00438
-1.0357
-1.06181
-1.06319
-1.05264
-1.04212
-1.0389
-0.979272
-1.00973
-1.04231
-1.08603
-1.13498
-1.16347
-1.16036
-1.13739
-1.11431
-1.10431
-1.03762
-1.06128
-1.10101
-1.14867
-1.1923
-1.21627
-1.21477
-1.19085
-1.16452
-1.14671
-1.09882
-1.11211
-1.14067
-1.17717
-1.20705
-1.22205
-1.22279
-1.20999
-1.19117
-1.17526
-1.15508
-1.15963
-1.1731
-1.19642
-1.21815
-1.23103
-1.23544
-1.23185
-1.21888
-1.20574
-1.20887
-1.21355
-1.2194
-1.23271
-1.2487
-1.26352
-1.27413
-1.27343
-1.25799
-1.24198
-1.26226
-1.26831
-1.26714
-1.27567
-1.29404
-1.31635
-1.33035
-1.32247
-1.30046
-1.28175
-1.30842
-1.31228
-1.3101
-1.32566
-1.35267
-1.37699
-1.3836
-1.36862
-1.34325
-1.32491
-1.35772
-1.35998
-1.36247
-1.39101
-1.42157
-1.43781
-1.43289
-1.41177
-1.38825
-1.37313
-1.41407
-1.42018
-1.42863
-1.46188
-1.49003
-1.49407
-1.47478
-1.45177
-1.43399
-1.42544
-1.47226
-1.47987
-1.48879
-1.51735
-1.53685
-1.52834
-1.5054
-1.48998
-1.48113
-1.47737
-1.5292
-1.53324
-1.53833
-1.55611
-1.56765
-1.55593
-1.54315
-1.53616
-1.53123
-1.52757
-1.58504
-1.58583
-1.58664
-1.5971
-1.60285
-1.59824
-1.59521
-1.59097
-1.58451
-1.57977
-1.64001
-1.64068
-1.63941
-1.64745
-1.6531
-1.65464
-1.65354
-1.64707
-1.63953
-1.63506
-1.69364
-1.69457
-1.69376
-1.70209
-1.70994
-1.71238
-1.70776
-1.69959
-1.69292
-1.6907
-1.74506
-1.74529
-1.74662
-1.75523
-1.76315
-1.76308
-1.75658
-1.74915
-1.74485
-1.74342
-1.79434
-1.79399
-1.79657
-1.80316
-1.80844
-1.80693
-1.80177
-1.79666
-1.79424
-1.79341
-1.84251
-1.84194
-1.84388
-1.84716
-1.8492
-1.84842
-1.84555
-1.84249
-1.84065
-1.8404
-1.89064
-1.88987
-1.89023
-1.89135
-1.89173
-1.89101
-1.88914
-1.88659
-1.88521
-1.88559
-1.9391
-1.93822
-1.93753
-1.93735
-1.9369
-1.93575
-1.93374
-1.93159
-1.93051
-1.93109
-0.951232
-0.983285
-1.00515
-1.0366
-1.06463
-1.07056
-1.05454
-1.04233
-1.03669
-1.04474
-0.990984
-1.03783
-1.08106
-1.13594
-1.17826
-1.17931
-1.15592
-1.12839
-1.11158
-1.11509
-1.0392
-1.08687
-1.14387
-1.19984
-1.23428
-1.23723
-1.21842
-1.18981
-1.16602
-1.15952
-1.09658
-1.12529
-1.17283
-1.21581
-1.23737
-1.24299
-1.23673
-1.21929
-1.19958
-1.18863
-1.15556
-1.16579
-1.18469
-1.20951
-1.22732
-1.24198
-1.25097
-1.2467
-1.23061
-1.2166
-1.21237
-1.21599
-1.21892
-1.22317
-1.24032
-1.26911
-1.29093
-1.28866
-1.26582
-1.24847
-1.26374
-1.26987
-1.26231
-1.2652
-1.29071
-1.32855
-1.34715
-1.33479
-1.30248
-1.2819
-1.30644
-1.31405
-1.31266
-1.33086
-1.36574
-1.40017
-1.4045
-1.37887
-1.34131
-1.31691
-1.35658
-1.36556
-1.37971
-1.41298
-1.44914
-1.47061
-1.45697
-1.42155
-1.38371
-1.35868
-1.41899
-1.43144
-1.45691
-1.49547
-1.52553
-1.52849
-1.49843
-1.46006
-1.42911
-1.40958
-1.4789
-1.49252
-1.51702
-1.5498
-1.56713
-1.55569
-1.52233
-1.4918
-1.47503
-1.46471
-1.53219
-1.5391
-1.5519
-1.57388
-1.58388
-1.57183
-1.54826
-1.53093
-1.52298
-1.51897
-1.58444
-1.58503
-1.58872
-1.60167
-1.60866
-1.60197
-1.59161
-1.58438
-1.57853
-1.57518
-1.63761
-1.63652
-1.6357
-1.64366
-1.64956
-1.64912
-1.64682
-1.64247
-1.63669
-1.63434
-1.68997
-1.68874
-1.68742
-1.69349
-1.69972
-1.7023
-1.70119
-1.69631
-1.69107
-1.68939
-1.74054
-1.7391
-1.7389
-1.74391
-1.75021
-1.75277
-1.75087
-1.74638
-1.7426
-1.74154
-1.78991
-1.78902
-1.7897
-1.7932
-1.79774
-1.79936
-1.7974
-1.7943
-1.79174
-1.79072
-1.839
-1.83888
-1.83983
-1.84176
-1.84409
-1.84439
-1.84286
-1.84054
-1.83807
-1.83686
-1.8884
-1.88826
-1.88882
-1.88996
-1.89043
-1.88954
-1.88782
-1.88546
-1.88313
-1.8822
-1.93772
-1.93738
-1.93724
-1.93724
-1.9366
-1.93512
-1.93338
-1.93129
-1.92966
-1.9295
-0.963084
-0.996628
-1.0231
-1.0519
-1.06168
-1.05371
-1.04396
-1.03569
-1.03684
-1.06408
-1.00821
-1.0609
-1.11338
-1.16403
-1.18254
-1.16687
-1.14683
-1.12315
-1.12124
-1.14787
-1.05186
-1.12183
-1.18485
-1.23416
-1.24815
-1.23594
-1.21689
-1.19238
-1.18332
-1.19747
-1.09612
-1.14868
-1.20872
-1.24581
-1.25467
-1.25383
-1.25084
-1.23349
-1.21922
-1.22245
-1.15231
-1.17249
-1.19879
-1.21588
-1.23195
-1.25653
-1.27735
-1.26409
-1.24526
-1.24224
-1.21459
-1.21772
-1.20655
-1.20254
-1.23259
-1.28703
-1.31603
-1.29838
-1.273
-1.2665
-1.26364
-1.26608
-1.2372
-1.24278
-1.28731
-1.34797
-1.36746
-1.33869
-1.30431
-1.29413
-1.30071
-1.30792
-1.29589
-1.32395
-1.37074
-1.41923
-1.42686
-1.38357
-1.33822
-1.32225
-1.35517
-1.36935
-1.37964
-1.41389
-1.45644
-1.49085
-1.48382
-1.43101
-1.37812
-1.35353
-1.42453
-1.44423
-1.46649
-1.49673
-1.52812
-1.54248
-1.5203
-1.47199
-1.42725
-1.40174
-1.48516
-1.50595
-1.52686
-1.55322
-1.57051
-1.56685
-1.5358
-1.49855
-1.47683
-1.46504
-1.53564
-1.54671
-1.5629
-1.58319
-1.58967
-1.57788
-1.55071
-1.52455
-1.51784
-1.52188
-1.58518
-1.58869
-1.59749
-1.60983
-1.6124
-1.60242
-1.5869
-1.57299
-1.57101
-1.57849
-1.63647
-1.63571
-1.63811
-1.64534
-1.64778
-1.64478
-1.64164
-1.63905
-1.63875
-1.64043
-1.68737
-1.6858
-1.68575
-1.69002
-1.69335
-1.69544
-1.69702
-1.69598
-1.69352
-1.69339
-1.73724
-1.73641
-1.73644
-1.73934
-1.74363
-1.74736
-1.74909
-1.74776
-1.74473
-1.7423
-1.7873
-1.78814
-1.78889
-1.79109
-1.79448
-1.79661
-1.79716
-1.79583
-1.79265
-1.7892
-1.83761
-1.83938
-1.84102
-1.84256
-1.84339
-1.84332
-1.84334
-1.84182
-1.83791
-1.83422
-1.88782
-1.88876
-1.89021
-1.89086
-1.89006
-1.88917
-1.889
-1.88664
-1.8826
-1.87961
-1.93719
-1.93723
-1.93769
-1.93745
-1.93607
-1.93544
-1.93464
-1.93217
-1.92919
-1.9278
-0.960891
-0.997896
-1.02217
-1.03384
-1.02149
-1.01737
-1.024
-1.02407
-1.03611
-1.08386
-1.01637
-1.07464
-1.12495
-1.15553
-1.14273
-1.12106
-1.11909
-1.11388
-1.132
-1.17955
-1.06881
-1.15185
-1.20711
-1.23746
-1.22012
-1.1923
-1.19433
-1.19012
-1.20443
-1.2362
-1.10517
-1.17414
-1.22871
-1.24509
-1.23283
-1.22903
-1.24083
-1.23848
-1.24557
-1.262
-1.14966
-1.17849
-1.19912
-1.20327
-1.21565
-1.24862
-1.27293
-1.27118
-1.27068
-1.27686
-1.2116
-1.21235
-1.18314
-1.1851
-1.22946
-1.28171
-1.30856
-1.3022
-1.29518
-1.2962
-1.25782
-1.24834
-1.20628
-1.23389
-1.28381
-1.33429
-1.35518
-1.34117
-1.32641
-1.32219
-1.28959
-1.28633
-1.27689
-1.31396
-1.35733
-1.39689
-1.40933
-1.38839
-1.36416
-1.35245
-1.34869
-1.354
-1.36458
-1.39512
-1.43257
-1.45907
-1.46106
-1.43694
-1.4057
-1.38807
-1.42115
-1.43429
-1.44508
-1.4701
-1.49879
-1.51321
-1.50459
-1.48131
-1.45205
-1.42674
-1.48078
-1.49911
-1.50952
-1.52867
-1.54403
-1.54884
-1.53281
-1.5151
-1.49965
-1.48097
-1.53113
-1.54512
-1.55975
-1.57312
-1.57486
-1.56887
-1.55136
-1.54039
-1.53754
-1.53542
-1.58223
-1.58945
-1.60314
-1.61386
-1.61049
-1.59961
-1.584
-1.57316
-1.57991
-1.5899
-1.63414
-1.63763
-1.64753
-1.65467
-1.65163
-1.64547
-1.64162
-1.63775
-1.63781
-1.64139
-1.68608
-1.68898
-1.69432
-1.69772
-1.69609
-1.69454
-1.69693
-1.69708
-1.69369
-1.69475
-1.73739
-1.74091
-1.74376
-1.74492
-1.74471
-1.74674
-1.75144
-1.75339
-1.74796
-1.74295
-1.78848
-1.79262
-1.79546
-1.79573
-1.79609
-1.79868
-1.8026
-1.80272
-1.79707
-1.79014
-1.83892
-1.8426
-1.84593
-1.84665
-1.84685
-1.84844
-1.85034
-1.8479
-1.84089
-1.83376
-1.88831
-1.8905
-1.89326
-1.89415
-1.89437
-1.89522
-1.89533
-1.89109
-1.88416
-1.87883
-1.93723
-1.93767
-1.93871
-1.93915
-1.93987
-1.94038
-1.93909
-1.93469
-1.9298
-1.92726
-0.95235
-0.99023
-1.00576
-0.999384
-0.975812
-0.975729
-0.985242
-1.00038
-1.0296
-1.08614
-1.02198
-1.07835
-1.11488
-1.11952
-1.08269
-1.06851
-1.07705
-1.09352
-1.13578
-1.19386
-1.08895
-1.16808
-1.20723
-1.20301
-1.16279
-1.14289
-1.15581
-1.17721
-1.21643
-1.26015
-1.12373
-1.19428
-1.23108
-1.21476
-1.19329
-1.19453
-1.21542
-1.23536
-1.2626
-1.29202
-1.15717
-1.18637
-1.19723
-1.18854
-1.20529
-1.23481
-1.25738
-1.27147
-1.28856
-1.30707
-1.2082
-1.20638
-1.1775
-1.192
-1.23732
-1.2751
-1.29286
-1.30096
-1.31143
-1.32377
-1.25059
-1.23621
-1.2064
-1.24603
-1.29163
-1.32329
-1.33343
-1.33588
-1.34108
-1.34841
-1.28388
-1.2792
-1.28056
-1.31742
-1.35532
-1.37942
-1.38232
-1.37885
-1.37788
-1.37996
-1.34529
-1.34846
-1.35607
-1.38299
-1.41547
-1.43664
-1.43649
-1.42817
-1.42301
-1.41775
-1.41109
-1.41802
-1.42246
-1.44118
-1.46383
-1.48
-1.48309
-1.4762
-1.46939
-1.46178
-1.46855
-1.47887
-1.48452
-1.49632
-1.50777
-1.51687
-1.51962
-1.51742
-1.51183
-1.5044
-1.52025
-1.53163
-1.54156
-1.54971
-1.55089
-1.54948
-1.544
-1.54018
-1.54063
-1.53897
-1.57322
-1.58121
-1.59527
-1.60494
-1.60213
-1.59373
-1.58363
-1.57761
-1.5813
-1.58279
-1.62667
-1.63289
-1.64703
-1.6572
-1.65614
-1.64943
-1.64388
-1.64016
-1.63745
-1.63736
-1.68211
-1.68833
-1.69961
-1.70876
-1.70992
-1.70462
-1.69913
-1.69492
-1.69167
-1.69098
-1.73749
-1.74551
-1.75396
-1.7613
-1.76341
-1.75925
-1.75379
-1.74909
-1.74356
-1.73814
-1.79043
-1.80057
-1.80788
-1.813
-1.81354
-1.80879
-1.80389
-1.79846
-1.7918
-1.78508
-1.84086
-1.84963
-1.8574
-1.86088
-1.85915
-1.85483
-1.85013
-1.84438
-1.83743
-1.83074
-1.88986
-1.89448
-1.90031
-1.90307
-1.90129
-1.89814
-1.89387
-1.88805
-1.8827
-1.87795
-1.93816
-1.93921
-1.94167
-1.94349
-1.94274
-1.94114
-1.93769
-1.93347
-1.92991
-1.9276
-0.945654
-0.978981
-0.986369
-0.974793
-0.947771
-0.950649
-0.962243
-0.98249
-1.01924
-1.07082
-1.02713
-1.07387
-1.08985
-1.08338
-1.0431
-1.0373
-1.05188
-1.07925
-1.12565
-1.17723
-1.09715
-1.16831
-1.18129
-1.1619
-1.12411
-1.1168
-1.137
-1.16806
-1.212
-1.25147
-1.13632
-1.19613
-1.21634
-1.19263
-1.17574
-1.18457
-1.20872
-1.23606
-1.27192
-1.29978
-1.16813
-1.19475
-1.20438
-1.19463
-1.21278
-1.23791
-1.25972
-1.2813
-1.30722
-1.32321
-1.21221
-1.21535
-1.19925
-1.21227
-1.25426
-1.28202
-1.29891
-1.31412
-1.32966
-1.33905
-1.25336
-1.24662
-1.22934
-1.26645
-1.30277
-1.3281
-1.33955
-1.34695
-1.35605
-1.36385
-1.29213
-1.29472
-1.29956
-1.32837
-1.36006
-1.38224
-1.38738
-1.38814
-1.39307
-1.39844
-1.35332
-1.36058
-1.3649
-1.38718
-1.41616
-1.43639
-1.44037
-1.43787
-1.44045
-1.44415
-1.41065
-1.41937
-1.42113
-1.43791
-1.46048
-1.48054
-1.48908
-1.49008
-1.48974
-1.49029
-1.46361
-1.47182
-1.47505
-1.4855
-1.498
-1.51137
-1.52211
-1.52643
-1.52497
-1.52199
-1.51487
-1.52192
-1.52987
-1.53715
-1.54052
-1.54331
-1.54443
-1.5441
-1.54219
-1.53851
-1.56522
-1.57236
-1.58521
-1.59414
-1.59444
-1.59181
-1.58954
-1.58795
-1.58273
-1.5769
-1.61888
-1.62609
-1.64088
-1.6509
-1.6511
-1.64861
-1.64629
-1.64405
-1.64024
-1.63421
-1.67754
-1.68544
-1.70006
-1.71065
-1.71093
-1.70509
-1.70036
-1.69618
-1.69215
-1.68699
-1.73853
-1.74842
-1.76195
-1.77258
-1.77322
-1.76456
-1.75569
-1.74832
-1.74207
-1.73565
-1.79434
-1.8081
-1.81944
-1.829
-1.82935
-1.81872
-1.80609
-1.79644
-1.789
-1.78199
-1.84399
-1.85659
-1.86667
-1.87386
-1.87318
-1.86322
-1.85057
-1.84052
-1.83426
-1.8281
-1.891
-1.89794
-1.90507
-1.90921
-1.90776
-1.90094
-1.8914
-1.88441
-1.881
-1.87668
-1.93874
-1.94038
-1.94286
-1.94431
-1.94282
-1.93902
-1.9343
-1.93154
-1.92978
-1.92774
-0.945532
-0.966457
-0.966839
-0.957189
-0.932284
-0.936191
-0.95283
-0.977051
-1.01011
-1.04763
-1.02588
-1.05594
-1.05466
-1.04865
-1.01897
-1.01975
-1.04153
-1.07107
-1.10627
-1.14179
-1.09066
-1.13484
-1.13334
-1.12042
-1.1015
-1.10231
-1.124
-1.15429
-1.18762
-1.21217
-1.13419
-1.16855
-1.18185
-1.16594
-1.16597
-1.18064
-1.20412
-1.23241
-1.25808
-1.26687
-1.17348
-1.19273
-1.20139
-1.19655
-1.21796
-1.24377
-1.26724
-1.28967
-1.30221
-1.29655
-1.21912
-1.22589
-1.21739
-1.2325
-1.26735
-1.29565
-1.31465
-1.325
-1.32452
-1.31572
-1.25903
-1.26129
-1.25833
-1.28889
-1.31914
-1.34528
-1.35492
-1.35372
-1.35036
-1.34807
-1.30402
-1.3174
-1.32888
-1.34631
-1.37422
-1.39589
-1.39711
-1.39166
-1.39009
-1.39289
-1.36421
-1.38069
-1.38347
-1.39581
-1.42212
-1.44141
-1.44438
-1.44049
-1.44224
-1.44947
-1.41908
-1.43187
-1.4266
-1.43647
-1.45815
-1.47791
-1.48836
-1.4916
-1.4966
-1.50363
-1.46766
-1.47475
-1.47226
-1.48036
-1.49251
-1.50712
-1.51978
-1.52676
-1.52996
-1.53145
-1.51704
-1.51991
-1.52436
-1.53317
-1.53867
-1.54382
-1.5488
-1.55178
-1.55188
-1.54849
-1.56664
-1.57069
-1.58024
-1.5904
-1.59554
-1.59667
-1.59681
-1.59646
-1.59199
-1.58608
-1.62052
-1.62607
-1.6387
-1.64899
-1.65385
-1.6531
-1.65121
-1.64932
-1.64545
-1.63852
-1.67964
-1.6875
-1.70221
-1.71351
-1.71665
-1.71245
-1.70576
-1.70084
-1.69596
-1.69198
-1.74194
-1.75367
-1.77062
-1.78316
-1.78409
-1.77362
-1.76108
-1.75193
-1.74477
-1.73961
-1.79798
-1.8149
-1.83214
-1.84582
-1.84549
-1.8298
-1.8117
-1.79884
-1.79003
-1.78418
-1.84674
-1.86085
-1.87611
-1.88872
-1.88893
-1.87323
-1.85507
-1.84263
-1.83421
-1.82873
-1.89266
-1.89964
-1.90943
-1.91706
-1.91662
-1.90803
-1.89488
-1.88624
-1.88068
-1.87629
-1.93962
-1.9413
-1.94519
-1.94834
-1.94781
-1.94275
-1.93629
-1.93225
-1.92971
-1.92745
-0.948661
-0.955197
-0.951579
-0.947457
-0.935186
-0.930869
-0.945686
-0.969602
-0.997284
-1.02103
-1.01466
-1.02929
-1.02329
-1.01929
-1.00245
-1.00166
-1.01617
-1.03981
-1.06837
-1.08743
-1.07304
-1.08971
-1.0901
-1.08726
-1.07631
-1.08317
-1.10643
-1.13405
-1.15403
-1.15711
-1.12556
-1.13879
-1.15122
-1.14079
-1.14612
-1.16643
-1.19437
-1.21699
-1.22339
-1.21031
-1.17557
-1.18846
-1.20092
-1.19731
-1.21618
-1.24533
-1.26817
-1.2757
-1.26592
-1.24177
-1.22298
-1.23221
-1.22881
-1.25299
-1.28382
-1.31171
-1.31867
-1.31037
-1.29121
-1.27093
-1.26323
-1.27046
-1.28434
-1.31779
-1.34361
-1.35779
-1.35179
-1.33818
-1.3234
-1.31365
-1.31226
-1.3303
-1.35665
-1.36934
-1.38578
-1.39378
-1.38639
-1.37442
-1.36639
-1.36552
-1.37043
-1.39051
-1.3984
-1.40037
-1.41775
-1.42783
-1.42569
-1.41936
-1.41819
-1.42622
-1.42374
-1.43505
-1.42742
-1.43058
-1.44566
-1.4576
-1.466
-1.46941
-1.47524
-1.4854
-1.47242
-1.4747
-1.46617
-1.47001
-1.47954
-1.49214
-1.50506
-1.51244
-1.51835
-1.52331
-1.52162
-1.51972
-1.52029
-1.52257
-1.53027
-1.53967
-1.5474
-1.55318
-1.55637
-1.55577
-1.57361
-1.5745
-1.57943
-1.58365
-1.59229
-1.5998
-1.60245
-1.60417
-1.60353
-1.59764
-1.62881
-1.63361
-1.63933
-1.64374
-1.65084
-1.65777
-1.65875
-1.65739
-1.65542
-1.65152
-1.68648
-1.69581
-1.70325
-1.70611
-1.71007
-1.71355
-1.71354
-1.70993
-1.7068
-1.70359
-1.74408
-1.75953
-1.7718
-1.7765
-1.77619
-1.77098
-1.76487
-1.75922
-1.75461
-1.75082
-1.7977
-1.81432
-1.83242
-1.8428
-1.83923
-1.8255
-1.81226
-1.80332
-1.79784
-1.79771
-1.84596
-1.85752
-1.87475
-1.88783
-1.88613
-1.87048
-1.85543
-1.84597
-1.84029
-1.84123
-1.89239
-1.89738
-1.90776
-1.91681
-1.91705
-1.90941
-1.89757
-1.88953
-1.88494
-1.88551
-1.93971
-1.94115
-1.94576
-1.95049
-1.95194
-1.94849
-1.94107
-1.9349
-1.93214
-1.93226
-0.94657
-0.94889
-0.945593
-0.944054
-0.942496
-0.942561
-0.953773
-0.970304
-0.989351
-1.00261
-1.00801
-1.01089
-1.0101
-1.00732
-1.00214
-1.00331
-1.01622
-1.03523
-1.04932
-1.06014
-1.06901
-1.07328
-1.07367
-1.06914
-1.06345
-1.07203
-1.09132
-1.11023
-1.11883
-1.11863
-1.1235
-1.1283
-1.13272
-1.12273
-1.1239
-1.14236
-1.16381
-1.17654
-1.17733
-1.16721
-1.17302
-1.1805
-1.18774
-1.17666
-1.19179
-1.21591
-1.22819
-1.22879
-1.22177
-1.20909
-1.22032
-1.22502
-1.21919
-1.2369
-1.26505
-1.27886
-1.27911
-1.27234
-1.26247
-1.25122
-1.26225
-1.26475
-1.27179
-1.30304
-1.32144
-1.32386
-1.31911
-1.31446
-1.30647
-1.29703
-1.31139
-1.31913
-1.34185
-1.35733
-1.36316
-1.36388
-1.3626
-1.35934
-1.35037
-1.34404
-1.36635
-1.37677
-1.39161
-1.39571
-1.39782
-1.40177
-1.40607
-1.4026
-1.39598
-1.3928
-1.42013
-1.42703
-1.42957
-1.42729
-1.42801
-1.43565
-1.44585
-1.44673
-1.44517
-1.44412
-1.47157
-1.47361
-1.47015
-1.46392
-1.4644
-1.47242
-1.48324
-1.49032
-1.4935
-1.4927
-1.523
-1.52342
-1.51996
-1.51256
-1.51351
-1.52246
-1.53109
-1.53733
-1.54088
-1.54124
-1.57606
-1.57791
-1.57627
-1.57261
-1.57631
-1.58561
-1.5925
-1.59514
-1.59541
-1.59701
-1.63078
-1.63552
-1.63614
-1.63404
-1.63863
-1.64655
-1.65265
-1.654
-1.65388
-1.65304
-1.68637
-1.69369
-1.69795
-1.69692
-1.69805
-1.70204
-1.70528
-1.7067
-1.70628
-1.70673
-1.74127
-1.74986
-1.7593
-1.76176
-1.75827
-1.7544
-1.75369
-1.75272
-1.75242
-1.75263
-1.79377
-1.80165
-1.81512
-1.82359
-1.81907
-1.80813
-1.79997
-1.79688
-1.79554
-1.79679
-1.84348
-1.84839
-1.8604
-1.87069
-1.86807
-1.8559
-1.84663
-1.842
-1.84094
-1.84167
-1.89179
-1.89374
-1.90032
-1.90697
-1.90694
-1.90014
-1.89307
-1.88921
-1.88866
-1.89159
-1.93987
-1.94071
-1.9435
-1.94663
-1.94741
-1.94424
-1.93937
-1.93638
-1.93529
-1.93665
)
;

boundaryField
{
    lowerSideWalls
    {
        type            calculated;
        value           nonuniform List<scalar> 
800
(
377.149
327.481
277.254
226.301
173.898
119.371
61.6301
13.7968
-0.109221
-0.229121
-0.292187
-0.362625
-0.43603
-0.511744
-0.589885
-0.667856
-0.742231
-0.8104
-0.872243
-0.929662
377.302
327.581
277.303
226.265
173.686
119.278
61.1757
12.836
-0.164547
-0.229381
-0.293624
-0.365914
-0.440263
-0.517457
-0.598031
-0.67761
-0.751468
-0.817925
-0.877043
-0.932916
377.558
327.76
277.282
226.181
173.996
120.175
62.7298
13.5166
-0.159972
-0.233676
-0.297067
-0.368436
-0.444477
-0.523668
-0.606127
-0.695162
-0.77239
-0.83556
-0.888863
-0.939842
377.866
328.154
277.681
226.707
174.946
121.379
64.2342
14.2833
-0.149501
-0.244178
-0.312867
-0.386885
-0.463804
-0.53744
-0.614038
-0.696024
-0.777337
-0.842747
-0.894514
-0.944476
378.211
328.634
278.415
227.655
176.217
123.068
66.5958
15.9026
-0.0966494
-0.273622
-0.348543
-0.423471
-0.491303
-0.551525
-0.621914
-0.699178
-0.774993
-0.845126
-0.898418
-0.950096
378.575
329.122
279.198
228.783
177.792
125.375
70.4249
19.609
0.431919
-0.315372
-0.394574
-0.467867
-0.524868
-0.577913
-0.644401
-0.720356
-0.79017
-0.849986
-0.905504
-0.960795
378.909
329.565
279.895
229.867
179.392
127.9
75.128
25.3512
1.86717
-0.357556
-0.444251
-0.510631
-0.553215
-0.604169
-0.670619
-0.741528
-0.803746
-0.859981
-0.915187
-0.96917
379.137
329.885
280.429
230.729
180.706
130.114
79.3756
31.2904
3.88946
-0.403988
-0.473995
-0.533425
-0.557979
-0.617374
-0.688733
-0.758598
-0.817767
-0.87091
-0.922037
-0.970772
379.183
329.99
280.712
231.203
181.49
131.543
81.9748
35.4838
6.22857
-0.432018
-0.462966
-0.519388
-0.540234
-0.614678
-0.692222
-0.75918
-0.816623
-0.868705
-0.917595
-0.962784
378.992
329.831
280.617
231.183
181.583
131.91
82.7176
36.8205
7.40814
-0.30792
-0.39699
-0.475254
-0.516707
-0.598968
-0.683836
-0.746468
-0.798169
-0.847024
-0.89418
-0.938153
379.783
330.242
280.251
229.553
177.167
121.801
63.0109
14.969
-0.166182
-0.309143
-0.370116
-0.424422
-0.477252
-0.530424
-0.585181
-0.642248
-0.697757
-0.754377
-0.819152
-0.88504
379.942
330.405
280.471
229.745
176.812
120.897
61.3506
12.489
-0.166239
-0.30616
-0.366441
-0.423293
-0.4748
-0.523132
-0.576788
-0.639604
-0.702585
-0.760985
-0.823713
-0.888177
380.101
330.495
280.377
229.65
177.374
122.94
66.1028
16.7873
-0.00294786
-0.316391
-0.380294
-0.436898
-0.484989
-0.52967
-0.578393
-0.636226
-0.700542
-0.758059
-0.815798
-0.880054
380.276
330.73
280.554
229.835
178.276
125.092
70.2354
21.0087
0.613799
-0.347462
-0.410306
-0.463768
-0.50502
-0.544135
-0.587698
-0.638917
-0.698631
-0.757939
-0.814045
-0.876849
380.454
331.024
281.083
230.609
179.683
127.705
74.8112
25.8852
1.84273
-0.37419
-0.435253
-0.483307
-0.517932
-0.552398
-0.593625
-0.642385
-0.698574
-0.760426
-0.818864
-0.879069
380.642
331.318
281.661
231.61
181.238
130.248
78.8044
30.3329
3.44513
-0.393597
-0.457223
-0.508447
-0.544103
-0.574973
-0.610907
-0.654971
-0.706009
-0.766549
-0.829928
-0.887184
380.789
331.561
282.134
232.471
182.552
132.328
81.8501
33.7041
4.95683
-0.40367
-0.470134
-0.532259
-0.57691
-0.609478
-0.64224
-0.680492
-0.72295
-0.77742
-0.843641
-0.901983
380.822
331.671
282.426
233.031
183.443
133.744
83.9691
36.4246
6.55487
-0.41222
-0.470923
-0.518818
-0.574987
-0.625088
-0.669025
-0.707087
-0.744237
-0.792874
-0.859901
-0.920087
380.665
331.567
282.476
233.237
183.889
134.509
85.2542
38.4209
8.00383
-0.415434
-0.480978
-0.534078
-0.576941
-0.625508
-0.679548
-0.725238
-0.765227
-0.80991
-0.875716
-0.938008
380.258
331.189
282.132
232.972
183.757
134.45
85.358
38.7805
8.03442
-0.412144
-0.473514
-0.530163
-0.574835
-0.625268
-0.684222
-0.735073
-0.776956
-0.824395
-0.889441
-0.950553
377.149
327.481
277.254
226.301
173.898
119.371
61.6301
13.7968
-0.109221
-0.229121
-0.292187
-0.362625
-0.43603
-0.511744
-0.589885
-0.667856
-0.742231
-0.8104
-0.872243
-0.929662
377.564
327.897
277.802
227.07
174.375
119.117
62.3428
15.4091
0.0393103
-0.221298
-0.295412
-0.371041
-0.444217
-0.517097
-0.592808
-0.669295
-0.743288
-0.810706
-0.87065
-0.926935
378.28
328.569
278.377
227.707
175.616
121.823
67.4294
19.9648
0.583592
-0.250657
-0.3194
-0.391314
-0.463389
-0.534387
-0.606113
-0.677028
-0.744986
-0.809087
-0.869956
-0.928645
379.127
329.578
279.433
228.911
177.705
125.431
72.5824
24.3058
1.56291
-0.280321
-0.347085
-0.413005
-0.481843
-0.550619
-0.619036
-0.687237
-0.754383
-0.818774
-0.879123
-0.937589
380.108
330.709
280.888
230.737
180.184
128.906
77.2862
28.547
2.84669
-0.302295
-0.370405
-0.433728
-0.499266
-0.566533
-0.633836
-0.70079
-0.767426
-0.828618
-0.883744
-0.938811
381.096
331.843
282.361
232.671
182.635
132.038
81.4396
32.9195
4.39454
-0.317667
-0.392096
-0.45305
-0.516087
-0.581917
-0.64865
-0.71425
-0.776005
-0.829149
-0.877726
-0.927494
382.047
332.904
283.681
234.368
184.746
134.663
84.8975
37.2012
6.21153
-0.330453
-0.41555
-0.47535
-0.533301
-0.594307
-0.658209
-0.718405
-0.771739
-0.817431
-0.862473
-0.910453
382.877
333.811
284.778
235.697
186.367
136.644
87.395
40.5617
8.08452
-0.346313
-0.442682
-0.498295
-0.546393
-0.59972
-0.65664
-0.709541
-0.755367
-0.799285
-0.844778
-0.89324
383.499
334.479
285.578
236.58
187.413
137.907
88.7199
41.863
8.92565
-0.370674
-0.461964
-0.509614
-0.551644
-0.600669
-0.651168
-0.69793
-0.74167
-0.789779
-0.839383
-0.888567
383.857
334.858
286.012
237.03
187.899
138.433
88.9233
41.3038
8.48172
-0.374126
-0.463087
-0.511457
-0.555759
-0.600894
-0.6468
-0.692311
-0.743673
-0.797671
-0.845053
-0.88561
383.929
334.93
286.052
237.036
187.809
138.185
88.4014
40.3122
7.94367
-0.351669
-0.458834
-0.514336
-0.559387
-0.603758
-0.646218
-0.697455
-0.75773
-0.808066
-0.843515
-0.878067
383.712
334.668
285.716
236.583
187.129
137.154
87.1024
38.7059
6.89101
-0.377351
-0.467767
-0.519015
-0.563863
-0.600456
-0.645287
-0.712508
-0.770711
-0.816815
-0.855477
-0.892504
383.26
334.149
285.024
235.711
185.963
135.531
85.0044
36.3666
5.34523
-0.413232
-0.470317
-0.519327
-0.557143
-0.591527
-0.649384
-0.721691
-0.786852
-0.842339
-0.889948
-0.91798
382.659
333.463
284.111
234.543
184.486
133.665
82.5194
33.3556
4.12973
-0.406623
-0.460614
-0.509715
-0.539754
-0.578492
-0.650902
-0.727385
-0.80775
-0.876477
-0.917736
-0.936305
382.002
332.705
283.103
233.151
182.73
131.528
79.7309
30.4246
3.29661
-0.400835
-0.448691
-0.493559
-0.523585
-0.570768
-0.646212
-0.726234
-0.809092
-0.883132
-0.923753
-0.936242
381.374
331.965
282.069
231.677
180.825
129.11
76.7093
27.818
2.58526
-0.389252
-0.435772
-0.477377
-0.512486
-0.564998
-0.63219
-0.709223
-0.791577
-0.870995
-0.909717
-0.921347
380.822
331.286
281.111
230.38
178.986
126.444
73.1063
24.9087
1.72304
-0.375141
-0.419853
-0.463268
-0.503363
-0.550277
-0.611829
-0.690692
-0.777498
-0.84896
-0.881694
-0.899324
380.348
330.727
280.553
229.766
177.662
123.74
68.7763
20.7425
0.663939
-0.362553
-0.403801
-0.449438
-0.491459
-0.539723
-0.603968
-0.683191
-0.761656
-0.81587
-0.843462
-0.880724
380.01
330.464
280.528
229.963
177.313
121.736
63.147
13.4823
-0.15548
-0.32611
-0.38718
-0.43772
-0.487652
-0.5416
-0.604198
-0.672475
-0.731604
-0.772826
-0.816181
-0.877816
379.783
330.242
280.251
229.553
177.167
121.801
63.0109
14.969
-0.166182
-0.309143
-0.370116
-0.424422
-0.477252
-0.530424
-0.585181
-0.642248
-0.697757
-0.754377
-0.819152
-0.88504
)
;
    }
    upperSideWalls
    {
        type            calculated;
        value           nonuniform List<scalar> 
800
(
-0.984281
-1.03747
-1.08924
-1.14004
-1.19125
-1.242
-1.29117
-1.33999
-1.3903
-1.4414
-1.49279
-1.54346
-1.59375
-1.64529
-1.69707
-1.74797
-1.79803
-1.84755
-1.89653
-1.9451
-0.987065
-1.03978
-1.08986
-1.13988
-1.19078
-1.24099
-1.28983
-1.33883
-1.39059
-1.44299
-1.49408
-1.54365
-1.59332
-1.64635
-1.69962
-1.74989
-1.79906
-1.84802
-1.89667
-1.94513
-0.990416
-1.03858
-1.08571
-1.13578
-1.19013
-1.24421
-1.29503
-1.34278
-1.3915
-1.44254
-1.4934
-1.54315
-1.59334
-1.64749
-1.70129
-1.75149
-1.80051
-1.84907
-1.8973
-1.94542
-0.995449
-1.04473
-1.09316
-1.14225
-1.19463
-1.25193
-1.30525
-1.35181
-1.39621
-1.44372
-1.49454
-1.54404
-1.59477
-1.64863
-1.70028
-1.75146
-1.80106
-1.84954
-1.8977
-1.94572
-1.00289
-1.05423
-1.10384
-1.15206
-1.20177
-1.25908
-1.31386
-1.36052
-1.40322
-1.44934
-1.49686
-1.54593
-1.59565
-1.6479
-1.70096
-1.75314
-1.80224
-1.84995
-1.89782
-1.9458
-1.0156
-1.0646
-1.10853
-1.15334
-1.20312
-1.25868
-1.31467
-1.36263
-1.40561
-1.45179
-1.49968
-1.5471
-1.5957
-1.64763
-1.70158
-1.75397
-1.80316
-1.85034
-1.89773
-1.9455
-1.02119
-1.06525
-1.1002
-1.14003
-1.19355
-1.24549
-1.29414
-1.34468
-1.39799
-1.44973
-1.50069
-1.55151
-1.59735
-1.64605
-1.69933
-1.75392
-1.80431
-1.851
-1.89743
-1.94474
-1.01584
-1.05344
-1.08345
-1.11727
-1.17427
-1.23704
-1.28572
-1.33405
-1.38631
-1.44306
-1.5004
-1.55405
-1.60342
-1.65176
-1.70189
-1.75441
-1.80512
-1.85104
-1.89657
-1.94342
-1.00135
-1.03398
-1.0638
-1.09624
-1.15022
-1.22435
-1.28459
-1.33218
-1.38517
-1.44435
-1.50062
-1.55558
-1.60543
-1.65518
-1.70807
-1.75746
-1.80431
-1.84964
-1.89413
-1.94106
-0.978219
-1.01293
-1.04611
-1.08193
-1.13231
-1.20326
-1.27144
-1.32765
-1.38011
-1.44276
-1.50402
-1.55603
-1.60237
-1.65441
-1.71011
-1.75891
-1.80213
-1.84766
-1.89179
-1.93926
-0.94657
-1.00801
-1.06901
-1.1235
-1.17302
-1.22032
-1.26225
-1.31139
-1.36635
-1.42013
-1.47157
-1.523
-1.57606
-1.63078
-1.68637
-1.74127
-1.79377
-1.84348
-1.89179
-1.93987
-0.94889
-1.01089
-1.07328
-1.1283
-1.1805
-1.22502
-1.26475
-1.31913
-1.37677
-1.42703
-1.47361
-1.52342
-1.57791
-1.63552
-1.69369
-1.74986
-1.80165
-1.84839
-1.89374
-1.94071
-0.945593
-1.0101
-1.07367
-1.13272
-1.18774
-1.21919
-1.27179
-1.34185
-1.39161
-1.42957
-1.47015
-1.51996
-1.57627
-1.63614
-1.69795
-1.7593
-1.81512
-1.8604
-1.90032
-1.9435
-0.944054
-1.00732
-1.06914
-1.12273
-1.17666
-1.2369
-1.30304
-1.35733
-1.39571
-1.42729
-1.46392
-1.51256
-1.57261
-1.63404
-1.69692
-1.76176
-1.82359
-1.87069
-1.90697
-1.94663
-0.942496
-1.00214
-1.06345
-1.1239
-1.19179
-1.26505
-1.32144
-1.36316
-1.39782
-1.42801
-1.4644
-1.51351
-1.57631
-1.63863
-1.69805
-1.75827
-1.81907
-1.86807
-1.90694
-1.94741
-0.942561
-1.00331
-1.07203
-1.14236
-1.21591
-1.27886
-1.32386
-1.36388
-1.40177
-1.43565
-1.47242
-1.52246
-1.58561
-1.64655
-1.70204
-1.7544
-1.80813
-1.8559
-1.90014
-1.94424
-0.953773
-1.01622
-1.09132
-1.16381
-1.22819
-1.27911
-1.31911
-1.3626
-1.40607
-1.44585
-1.48324
-1.53109
-1.5925
-1.65265
-1.70528
-1.75369
-1.79997
-1.84663
-1.89307
-1.93937
-0.970304
-1.03523
-1.11023
-1.17654
-1.22879
-1.27234
-1.31446
-1.35934
-1.4026
-1.44673
-1.49032
-1.53733
-1.59514
-1.654
-1.7067
-1.75272
-1.79688
-1.842
-1.88921
-1.93638
-0.989351
-1.04932
-1.11883
-1.17733
-1.22177
-1.26247
-1.30647
-1.35037
-1.39598
-1.44517
-1.4935
-1.54088
-1.59541
-1.65388
-1.70628
-1.75242
-1.79554
-1.84094
-1.88866
-1.93529
-1.00261
-1.06014
-1.11863
-1.16721
-1.20909
-1.25122
-1.29703
-1.34404
-1.3928
-1.44412
-1.4927
-1.54124
-1.59701
-1.65304
-1.70673
-1.75263
-1.79679
-1.84167
-1.89159
-1.93665
-0.984281
-1.03747
-1.08924
-1.14004
-1.19125
-1.242
-1.29117
-1.33999
-1.3903
-1.4414
-1.49279
-1.54346
-1.59375
-1.64529
-1.69707
-1.74797
-1.79803
-1.84755
-1.89653
-1.9451
-0.983265
-1.03939
-1.09327
-1.14446
-1.19369
-1.24207
-1.28948
-1.33752
-1.38739
-1.43947
-1.49271
-1.5443
-1.5942
-1.64584
-1.69817
-1.74899
-1.79852
-1.84785
-1.89686
-1.94541
-0.986608
-1.04402
-1.09934
-1.15081
-1.19752
-1.23973
-1.28166
-1.3284
-1.38272
-1.44016
-1.49315
-1.5447
-1.596
-1.64664
-1.69802
-1.74953
-1.79941
-1.84858
-1.89752
-1.94614
-0.995182
-1.05183
-1.10548
-1.15358
-1.19771
-1.23846
-1.28073
-1.33104
-1.38996
-1.44709
-1.4956
-1.54554
-1.5983
-1.64902
-1.69857
-1.74986
-1.8006
-1.85013
-1.89986
-1.94711
-0.994256
-1.05011
-1.10152
-1.14796
-1.19228
-1.23714
-1.28583
-1.34363
-1.40562
-1.4589
-1.50158
-1.54777
-1.6
-1.65252
-1.70184
-1.75235
-1.80299
-1.85211
-1.90038
-1.94692
-0.979809
-1.03502
-1.08804
-1.13676
-1.18712
-1.23907
-1.29446
-1.35569
-1.41459
-1.4632
-1.50505
-1.55075
-1.60219
-1.65491
-1.70416
-1.7532
-1.80335
-1.85233
-1.90037
-1.94676
-0.961553
-1.01466
-1.06936
-1.12671
-1.18403
-1.24068
-1.29763
-1.35653
-1.41119
-1.45856
-1.50201
-1.54827
-1.60006
-1.65308
-1.70268
-1.75127
-1.80182
-1.85224
-1.90051
-1.94676
-0.945556
-1.00069
-1.05785
-1.11826
-1.17766
-1.23426
-1.29076
-1.3463
-1.39837
-1.44626
-1.49248
-1.54074
-1.59307
-1.64767
-1.69717
-1.74692
-1.79969
-1.85151
-1.90009
-1.94657
-0.940041
-0.994532
-1.05168
-1.10764
-1.1635
-1.21993
-1.27612
-1.33027
-1.38223
-1.43238
-1.48163
-1.53229
-1.58651
-1.64193
-1.69348
-1.7457
-1.79937
-1.85087
-1.8988
-1.94539
-0.932241
-0.983911
-1.04067
-1.09815
-1.15467
-1.21055
-1.26442
-1.31615
-1.36865
-1.42146
-1.47416
-1.5273
-1.58385
-1.64011
-1.69424
-1.74732
-1.79984
-1.8496
-1.8967
-1.9435
-0.922931
-0.976247
-1.03613
-1.09591
-1.15207
-1.20774
-1.26165
-1.31124
-1.36224
-1.41624
-1.47232
-1.52916
-1.58582
-1.64136
-1.69528
-1.7476
-1.79827
-1.84669
-1.89385
-1.94124
-0.932408
-0.979272
-1.03762
-1.09882
-1.15508
-1.20887
-1.26226
-1.30842
-1.35772
-1.41407
-1.47226
-1.5292
-1.58504
-1.64001
-1.69364
-1.74506
-1.79434
-1.84251
-1.89064
-1.9391
-0.951232
-0.990984
-1.0392
-1.09658
-1.15556
-1.21237
-1.26374
-1.30644
-1.35658
-1.41899
-1.4789
-1.53219
-1.58444
-1.63761
-1.68997
-1.74054
-1.78991
-1.839
-1.8884
-1.93772
-0.963084
-1.00821
-1.05186
-1.09612
-1.15231
-1.21459
-1.26364
-1.30071
-1.35517
-1.42453
-1.48516
-1.53564
-1.58518
-1.63647
-1.68737
-1.73724
-1.7873
-1.83761
-1.88782
-1.93719
-0.960891
-1.01637
-1.06881
-1.10517
-1.14966
-1.2116
-1.25782
-1.28959
-1.34869
-1.42115
-1.48078
-1.53113
-1.58223
-1.63414
-1.68608
-1.73739
-1.78848
-1.83892
-1.88831
-1.93723
-0.95235
-1.02198
-1.08895
-1.12373
-1.15717
-1.2082
-1.25059
-1.28388
-1.34529
-1.41109
-1.46855
-1.52025
-1.57322
-1.62667
-1.68211
-1.73749
-1.79043
-1.84086
-1.88986
-1.93816
-0.945654
-1.02713
-1.09715
-1.13632
-1.16813
-1.21221
-1.25336
-1.29213
-1.35332
-1.41065
-1.46361
-1.51487
-1.56522
-1.61888
-1.67754
-1.73853
-1.79434
-1.84399
-1.891
-1.93874
-0.945532
-1.02588
-1.09066
-1.13419
-1.17348
-1.21912
-1.25903
-1.30402
-1.36421
-1.41908
-1.46766
-1.51704
-1.56664
-1.62052
-1.67964
-1.74194
-1.79798
-1.84674
-1.89266
-1.93962
-0.948661
-1.01466
-1.07304
-1.12556
-1.17557
-1.22298
-1.26323
-1.31226
-1.37043
-1.42374
-1.47242
-1.52162
-1.57361
-1.62881
-1.68648
-1.74408
-1.7977
-1.84596
-1.89239
-1.93971
-0.94657
-1.00801
-1.06901
-1.1235
-1.17302
-1.22032
-1.26225
-1.31139
-1.36635
-1.42013
-1.47157
-1.523
-1.57606
-1.63078
-1.68637
-1.74127
-1.79377
-1.84348
-1.89179
-1.93987
)
;
    }
    lowerWall
    {
        type            calculated;
        value           nonuniform List<scalar> 
200
(
401.674
402.089
402.805
403.652
404.633
405.621
406.572
407.402
408.024
408.382
408.454
408.237
407.785
407.184
406.527
405.899
405.347
404.873
404.535
404.308
401.827
402.418
403.313
404.145
404.927
405.832
406.753
407.572
408.195
408.554
408.627
408.402
407.95
407.356
406.725
406.156
405.716
405.329
404.85
404.467
402.083
402.714
403.894
404.702
405.362
406.168
407.047
407.851
408.468
408.823
408.889
408.66
408.21
407.629
407.037
406.556
406.225
405.801
405.108
404.626
402.391
402.948
404.051
404.868
405.622
406.478
407.377
408.185
408.804
409.159
409.212
408.973
408.516
407.929
407.32
406.802
406.397
405.929
405.225
404.801
402.736
403.193
404.071
404.94
405.829
406.776
407.712
408.54
409.17
409.531
409.573
409.312
408.83
408.218
407.569
406.964
406.436
405.905
405.319
404.979
403.1
403.503
404.24
405.113
406.072
407.066
408.028
408.873
409.512
409.875
409.906
409.621
409.113
408.472
407.787
407.123
406.513
405.956
405.456
405.167
403.434
403.807
404.474
405.327
406.294
407.301
408.271
409.12
409.76
410.117
410.136
409.838
409.312
408.651
407.941
407.244
406.6
406.036
405.579
405.314
403.662
404.016
404.644
405.472
406.425
407.427
408.391
409.232
409.866
410.209
410.223
409.923
409.389
408.717
407.989
407.269
406.607
406.04
405.601
405.347
403.708
404.047
404.651
405.456
406.396
407.389
408.34
409.169
409.798
410.143
410.146
409.844
409.301
408.619
407.874
407.128
406.446
405.873
405.439
405.19
403.517
403.85
404.439
405.234
406.172
407.151
408.086
408.887
409.516
409.77
409.788
409.565
409.015
408.32
407.547
406.768
406.06
405.48
405.034
404.783
)
;
    }
    atmosphere
    {
        type            calculated;
        value           nonuniform List<scalar> 0();
    }
    procBoundary0to1
    {
        type            processor;
        value           nonuniform List<scalar> 
800
(
378.537
329.34
280.082
230.566
180.838
130.908
81.1972
34.6306
6.14625
-0.167076
-0.326654
-0.431459
-0.499946
-0.589921
-0.678958
-0.738772
-0.781486
-0.820811
-0.862833
-0.908199
378.869
329.693
280.478
231.024
181.279
131.322
81.0429
34.8026
6.11848
-0.311553
-0.441184
-0.498362
-0.520163
-0.601553
-0.697345
-0.765377
-0.805983
-0.839879
-0.87896
-0.923745
379.458
330.322
281.133
231.803
182.32
132.707
82.7968
36.232
6.79981
-0.40553
-0.467999
-0.503301
-0.498215
-0.567707
-0.688102
-0.780955
-0.830413
-0.861299
-0.898292
-0.940947
380.246
331.162
282.073
232.921
183.761
134.559
85.3833
38.6409
7.68878
-0.368889
-0.433994
-0.487386
-0.5134
-0.573576
-0.673977
-0.775257
-0.834133
-0.865664
-0.906931
-0.95124
381.161
332.149
283.176
234.223
185.327
136.405
87.6723
40.562
8.24488
-0.333531
-0.411489
-0.475551
-0.529974
-0.592516
-0.685684
-0.779521
-0.830109
-0.868327
-0.913907
-0.962578
382.139
333.202
284.305
235.506
186.763
137.923
89.3841
41.7857
8.43214
-0.321442
-0.398949
-0.462758
-0.539446
-0.616877
-0.708773
-0.78317
-0.83455
-0.883021
-0.93198
-0.982766
383.059
334.2
285.369
236.664
187.869
138.86
90.3293
42.3656
8.45959
-0.211025
-0.350523
-0.431146
-0.544638
-0.645398
-0.72533
-0.787621
-0.846273
-0.9004
-0.94943
-0.999147
383.849
335.057
286.283
237.586
188.525
139.05
89.9147
41.0434
7.58317
-0.0599571
-0.25171
-0.374273
-0.561212
-0.664166
-0.734382
-0.793998
-0.851071
-0.901748
-0.945254
-0.997437
384.456
335.728
286.99
238.275
188.854
138.478
87.4903
36.2657
5.43811
-0.0335365
-0.192131
-0.360268
-0.571395
-0.673957
-0.739602
-0.797248
-0.844953
-0.884799
-0.929129
-0.988832
384.908
336.254
287.443
238.672
188.961
137.682
84.5082
29.974
3.16384
-0.140048
-0.227835
-0.398319
-0.598863
-0.689851
-0.745745
-0.796309
-0.833448
-0.864609
-0.91749
-0.982924
384.932
336.324
287.561
238.657
188.639
137.012
83.0441
27.1071
2.05981
-0.2975
-0.338056
-0.484625
-0.652442
-0.709399
-0.743007
-0.787328
-0.820762
-0.849897
-0.910822
-0.981391
384.519
335.784
286.956
238.047
188.225
137.1
84.0439
29.0722
2.33298
-0.485535
-0.498703
-0.58149
-0.687802
-0.71991
-0.736528
-0.778925
-0.814757
-0.84642
-0.912603
-0.992404
383.946
335.132
286.251
237.36
187.865
137.491
86.3939
34.5144
4.1054
-0.738495
-0.689491
-0.648998
-0.701991
-0.719747
-0.733152
-0.774541
-0.815244
-0.852728
-0.921358
-1.01224
383.228
334.333
285.397
236.509
187.319
137.646
88.0083
39.1981
6.58055
-0.743887
-0.730365
-0.657687
-0.69092
-0.709951
-0.729673
-0.771602
-0.817973
-0.861933
-0.931243
-1.02994
382.427
333.457
284.49
235.552
186.511
137.153
87.9009
40.3773
7.56697
-0.569188
-0.621255
-0.62023
-0.663025
-0.695074
-0.72567
-0.771628
-0.824484
-0.872663
-0.936739
-1.03591
381.621
332.593
283.614
234.6
185.572
136.312
86.9723
40.0336
7.76021
-0.472684
-0.539604
-0.581921
-0.635264
-0.680802
-0.720467
-0.772402
-0.835923
-0.888797
-0.943561
-1.02576
380.884
331.813
282.793
233.685
184.58
135.349
85.7974
39.4823
8.22879
-0.471306
-0.512173
-0.553276
-0.607885
-0.664871
-0.716404
-0.775609
-0.844301
-0.906064
-0.961244
-1.01781
380.264
331.174
282.085
232.927
183.736
134.455
84.4248
38.6703
8.07255
-0.436945
-0.485602
-0.524121
-0.579724
-0.650365
-0.716951
-0.775996
-0.838967
-0.90271
-0.967257
-1.01302
379.824
330.72
281.643
232.428
183.124
133.667
83.9156
38.034
7.53275
-0.401501
-0.459157
-0.504236
-0.564803
-0.640557
-0.707906
-0.759783
-0.810952
-0.868119
-0.934047
-0.991019
379.573
330.464
281.359
232.125
182.825
133.471
84.1382
37.4412
7.16126
-0.393659
-0.449858
-0.504921
-0.562944
-0.625538
-0.682386
-0.7297
-0.779796
-0.837361
-0.900651
-0.957567
-0.954333
-0.997438
-1.03852
-1.07992
-1.12809
-1.1885
-1.25819
-1.32314
-1.38025
-1.43913
-1.50325
-1.55366
-1.5967
-1.64804
-1.70585
-1.75502
-1.80069
-1.84621
-1.89108
-1.93826
-0.966544
-1.0058
-1.04601
-1.09114
-1.14449
-1.21327
-1.29524
-1.36853
-1.41438
-1.45455
-1.50608
-1.55459
-1.59555
-1.64962
-1.70966
-1.75876
-1.80465
-1.8507
-1.89495
-1.93999
-0.979903
-1.01732
-1.05846
-1.10584
-1.16013
-1.22943
-1.31355
-1.40146
-1.46126
-1.49547
-1.5237
-1.55382
-1.59142
-1.65487
-1.72167
-1.76843
-1.80518
-1.8497
-1.89762
-1.94282
-0.994131
-1.03632
-1.08031
-1.12773
-1.18045
-1.24641
-1.32643
-1.41486
-1.48919
-1.52416
-1.53901
-1.55776
-1.59548
-1.66848
-1.73525
-1.76547
-1.79553
-1.84526
-1.89753
-1.94358
-1.01122
-1.05899
-1.10598
-1.15377
-1.20884
-1.27512
-1.3528
-1.4369
-1.50549
-1.53656
-1.55051
-1.57043
-1.60851
-1.67686
-1.73956
-1.76649
-1.79549
-1.84332
-1.89761
-1.94597
-1.03473
-1.08328
-1.13018
-1.17836
-1.23607
-1.30638
-1.38745
-1.47535
-1.51951
-1.53382
-1.54972
-1.57784
-1.61552
-1.6696
-1.7269
-1.76808
-1.81022
-1.85196
-1.8964
-1.94873
-1.04895
-1.09724
-1.14271
-1.1874
-1.23861
-1.2992
-1.37397
-1.45316
-1.49866
-1.51418
-1.53986
-1.57441
-1.60846
-1.64882
-1.70247
-1.76049
-1.81788
-1.85971
-1.89985
-1.95083
-1.05158
-1.10143
-1.14372
-1.18058
-1.21897
-1.26568
-1.3282
-1.39839
-1.45117
-1.48864
-1.52969
-1.56765
-1.5964
-1.63243
-1.6888
-1.75548
-1.81333
-1.8559
-1.89966
-1.94928
-1.04963
-1.10196
-1.14286
-1.17561
-1.20978
-1.25309
-1.30802
-1.36943
-1.42674
-1.47544
-1.52027
-1.5591
-1.59005
-1.63237
-1.69137
-1.75007
-1.80125
-1.84642
-1.89346
-1.94349
-1.04682
-1.10088
-1.14116
-1.1724
-1.20519
-1.24531
-1.2938
-1.34803
-1.40232
-1.45326
-1.5014
-1.54489
-1.58652
-1.63702
-1.69216
-1.74543
-1.79394
-1.84087
-1.88914
-1.93918
-1.04609
-1.09643
-1.13401
-1.16494
-1.19899
-1.23826
-1.2821
-1.33007
-1.38073
-1.43267
-1.4838
-1.5338
-1.58415
-1.63751
-1.69154
-1.74381
-1.79318
-1.84077
-1.88765
-1.93565
-1.06281
-1.10823
-1.13971
-1.16862
-1.20176
-1.23867
-1.27713
-1.3172
-1.36386
-1.41826
-1.4734
-1.52508
-1.57889
-1.63641
-1.69193
-1.74465
-1.79449
-1.84154
-1.88713
-1.93334
-1.09235
-1.14226
-1.17024
-1.1911
-1.21409
-1.24508
-1.27866
-1.31037
-1.34753
-1.40088
-1.46252
-1.52039
-1.57552
-1.63615
-1.69248
-1.74371
-1.79166
-1.83741
-1.88326
-1.93118
-1.12087
-1.17862
-1.21273
-1.23099
-1.24732
-1.27017
-1.2973
-1.32312
-1.35505
-1.40174
-1.4662
-1.52921
-1.58912
-1.64497
-1.69618
-1.74155
-1.78766
-1.83317
-1.87955
-1.92865
-1.14118
-1.21497
-1.25506
-1.27222
-1.28191
-1.29893
-1.32303
-1.35048
-1.37825
-1.4191
-1.47819
-1.5385
-1.5952
-1.6484
-1.70071
-1.74115
-1.78596
-1.83076
-1.87771
-1.92748
-1.14102
-1.2301
-1.2826
-1.3078
-1.31915
-1.33217
-1.35331
-1.37962
-1.41384
-1.45216
-1.49726
-1.54034
-1.58461
-1.63883
-1.68918
-1.73621
-1.78287
-1.8295
-1.87767
-1.92786
-1.11489
-1.20793
-1.269
-1.30677
-1.32608
-1.34285
-1.36841
-1.39998
-1.44352
-1.48736
-1.5194
-1.53978
-1.57549
-1.62669
-1.68391
-1.73141
-1.77958
-1.82781
-1.87695
-1.92814
-1.0765
-1.16167
-1.21726
-1.25635
-1.28242
-1.31072
-1.34942
-1.39721
-1.45548
-1.50656
-1.52925
-1.54651
-1.58359
-1.63276
-1.688
-1.73961
-1.78668
-1.8332
-1.88065
-1.9308
-1.03467
-1.09305
-1.14601
-1.18615
-1.22072
-1.26213
-1.31347
-1.37367
-1.44054
-1.4937
-1.52521
-1.55393
-1.59636
-1.64885
-1.70235
-1.7503
-1.79806
-1.84569
-1.8903
-1.93667
-1.00842
-1.06309
-1.11199
-1.15511
-1.19874
-1.24581
-1.29486
-1.34454
-1.39677
-1.44878
-1.49493
-1.54136
-1.5965
-1.65608
-1.70732
-1.75321
-1.79724
-1.84539
-1.89402
-1.93873
)
;
    }
    procBoundary0to2
    {
        type            processor;
        value           nonuniform List<scalar> 
200
(
-1.99342
-1.99343
-1.99357
-1.99373
-1.99373
-1.99334
-1.99244
-1.9911
-1.98925
-1.98752
-1.99351
-1.99357
-1.99362
-1.99378
-1.99392
-1.99365
-1.99268
-1.99123
-1.9893
-1.9878
-1.99374
-1.99416
-1.99451
-1.99439
-1.99396
-1.99379
-1.99293
-1.99152
-1.99011
-1.98913
-1.99382
-1.99391
-1.99378
-1.993
-1.9929
-1.9928
-1.99244
-1.99135
-1.99029
-1.98955
-1.99329
-1.99264
-1.99314
-1.99364
-1.99198
-1.99109
-1.99098
-1.99031
-1.98973
-1.98997
-1.99301
-1.99168
-1.99204
-1.99227
-1.99065
-1.98925
-1.98899
-1.98891
-1.99037
-1.99443
-1.99294
-1.99184
-1.99159
-1.99136
-1.98963
-1.98802
-1.98754
-1.98757
-1.99096
-1.99465
-1.99297
-1.99235
-1.99103
-1.9906
-1.98907
-1.98697
-1.98557
-1.98477
-1.98804
-1.99002
-1.99221
-1.99197
-1.9909
-1.98943
-1.98774
-1.98546
-1.98308
-1.98065
-1.98283
-1.98301
-1.99075
-1.99035
-1.98944
-1.98816
-1.98627
-1.98372
-1.98077
-1.97791
-1.97825
-1.98179
-1.98906
-1.98844
-1.98745
-1.98638
-1.98505
-1.98309
-1.98041
-1.97761
-1.97604
-1.97898
-1.98762
-1.98689
-1.98595
-1.9851
-1.98407
-1.98268
-1.98094
-1.97908
-1.97793
-1.97845
-1.9867
-1.98635
-1.98583
-1.98517
-1.98394
-1.98252
-1.98108
-1.97964
-1.97877
-1.97914
-1.98614
-1.98582
-1.98544
-1.98458
-1.9834
-1.98273
-1.9817
-1.97988
-1.97843
-1.97809
-1.98599
-1.98509
-1.98473
-1.98482
-1.98554
-1.98592
-1.98415
-1.98075
-1.97827
-1.97764
-1.98625
-1.98513
-1.98522
-1.98557
-1.98588
-1.98558
-1.98308
-1.98118
-1.97901
-1.97821
-1.98678
-1.98519
-1.98435
-1.98363
-1.98288
-1.98187
-1.98149
-1.98131
-1.97961
-1.97906
-1.98711
-1.98658
-1.98682
-1.98678
-1.98529
-1.98328
-1.98183
-1.98061
-1.9797
-1.97977
-1.98749
-1.98774
-1.9894
-1.99153
-1.99217
-1.98977
-1.98509
-1.98172
-1.98074
-1.98156
-1.98769
-1.98831
-1.98958
-1.99081
-1.99073
-1.98855
-1.98543
-1.98353
-1.98279
-1.98347
)
;
    }
}


// ************************************************************************* //
