/*--------------------------------*- C++ -*----------------------------------*\
| =========                 |                                                 |
| \\      /  F ield         | OpenFOAM: The Open Source CFD Toolbox           |
|  \\    /   O peration     | Version:  2312                                  |
|   \\  /    A nd           | Website:  www.openfoam.com                      |
|    \\/     M anipulation  |                                                 |
\*---------------------------------------------------------------------------*/
FoamFile
{
    version     2.0;
    format      ascii;
    arch        "LSB;label=32;scalar=64";
    class       volScalarField;
    location    "0.18";
    object      p;
}
// * * * * * * * * * * * * * * * * * * * * * * * * * * * * * * * * * * * * * //

dimensions      [1 -1 -2 0 0 0 0];

internalField   nonuniform List<scalar> 
8000
(
253.635
256.306
261.172
267.612
274.863
282.15
288.783
294.215
298.046
300.022
210.168
212.741
217.44
223.66
230.663
237.698
244.099
249.338
253.032
254.937
171.573
173.977
178.38
184.209
190.762
197.333
203.304
208.185
211.625
213.397
138.001
140.132
144.06
149.268
155.117
160.975
166.29
170.63
173.685
175.258
109.057
110.83
114.115
118.476
123.371
128.267
132.703
136.32
138.863
140.171
83.948
85.2878
87.7784
91.0827
94.7912
98.5017
101.862
104.598
106.518
107.505
62.3762
63.1904
64.7023
66.7153
69.0068
71.3302
73.4447
75.1607
76.3564
76.9669
43.3012
43.4984
43.8088
44.2318
44.8607
45.6345
46.3861
46.9805
47.3643
47.5456
25.5715
25.1751
24.1118
22.7527
21.9163
21.5739
21.3703
21.1092
20.8202
20.6356
19.3266
16.5197
11.2515
6.77487
4.70557
3.77401
3.18385
2.67606
2.31213
2.13423
2.00495
0.989107
-0.110905
-0.503525
-0.543379
-0.521541
-0.542003
-0.576068
-0.590836
-0.584271
-0.724241
-0.807562
-0.842265
-0.800848
-0.748485
-0.704496
-0.684191
-0.673591
-0.667503
-0.659509
-0.878163
-0.869492
-0.855582
-0.834333
-0.808032
-0.780798
-0.760187
-0.745355
-0.735704
-0.72792
-0.833626
-0.826882
-0.822267
-0.820017
-0.814783
-0.808194
-0.801316
-0.793555
-0.786742
-0.781604
-0.815907
-0.818876
-0.826443
-0.833679
-0.838025
-0.838988
-0.836811
-0.832893
-0.829119
-0.826586
-0.847644
-0.852472
-0.860909
-0.868174
-0.872303
-0.873518
-0.872716
-0.870909
-0.869079
-0.868029
-0.892672
-0.895798
-0.90125
-0.905326
-0.908017
-0.909364
-0.909627
-0.90917
-0.908519
-0.908215
-0.935472
-0.937188
-0.939982
-0.942748
-0.945067
-0.946709
-0.947638
-0.947993
-0.948062
-0.948151
-0.976843
-0.977954
-0.97985
-0.982012
-0.984053
-0.985733
-0.986947
-0.987718
-0.988174
-0.988457
-1.019
-1.0198
-1.0212
-1.02293
-1.02468
-1.02627
-1.02755
-1.02849
-1.02911
-1.02947
245.61
248.749
254.411
261.826
270.084
278.292
285.691
291.7
295.914
298.08
202.22
205.284
210.798
218
226.007
233.953
241.105
246.909
250.976
253.065
164.034
166.896
172.089
178.862
186.376
193.815
200.5
205.916
209.709
211.656
131.203
133.726
138.373
144.442
151.167
157.815
163.779
168.606
171.981
173.714
103.221
105.332
109.251
114.364
120.018
125.597
130.592
134.627
137.444
138.888
79.1654
80.8199
83.8712
87.8229
92.1647
96.4306
100.238
103.305
105.444
106.539
58.7268
59.8595
61.901
64.4725
67.2524
69.9707
72.3901
74.3332
75.6827
76.3709
40.9543
41.4426
42.3107
43.2618
44.2004
45.1252
45.9713
46.6643
47.1406
47.3722
23.9161
24.1933
24.235
23.649
22.6009
21.831
21.3948
21.1539
20.9685
20.8218
18.7686
17.9163
15.2997
10.7988
6.48064
4.35737
3.35429
2.85683
2.51455
2.31032
4.62385
2.9362
0.830883
-0.529039
-0.796472
-0.76949
-0.652979
-0.591089
-0.595832
-0.589603
-0.858627
-0.899666
-0.941146
-0.939642
-0.896477
-0.825854
-0.747301
-0.699259
-0.681119
-0.666594
-0.985065
-1.00122
-0.981174
-0.93754
-0.884972
-0.83371
-0.792898
-0.764401
-0.746579
-0.735104
-0.948668
-0.93522
-0.900229
-0.868632
-0.844525
-0.827085
-0.813509
-0.801625
-0.792389
-0.786384
-0.875633
-0.866367
-0.853993
-0.847758
-0.845404
-0.843422
-0.839981
-0.835477
-0.831375
-0.828858
-0.862544
-0.863537
-0.866789
-0.870603
-0.873053
-0.873835
-0.873162
-0.871507
-0.86975
-0.868867
-0.894541
-0.896945
-0.900802
-0.904318
-0.906951
-0.908562
-0.909167
-0.90897
-0.908482
-0.908344
-0.934262
-0.935816
-0.93835
-0.941101
-0.943618
-0.94558
-0.94683
-0.947438
-0.947677
-0.947909
-0.975095
-0.976175
-0.978096
-0.980389
-0.982652
-0.9846
-0.986069
-0.987042
-0.987639
-0.988036
-1.01733
-1.01813
-1.01963
-1.0215
-1.02345
-1.02525
-1.02672
-1.02781
-1.02854
-1.02898
228.922
233.111
240.534
250.066
260.471
270.613
279.593
286.781
291.77
294.318
185.634
189.745
197.085
206.456
216.62
226.484
235.193
242.153
246.977
249.439
148.312
152.104
159.064
167.94
177.521
186.791
194.958
201.472
205.981
208.281
117.135
120.362
126.621
134.599
143.194
151.504
158.816
164.639
168.665
170.717
91.1825
93.8642
99.2028
105.981
113.249
120.259
126.413
131.303
134.678
136.396
69.2456
71.4672
75.7681
81.1505
86.8401
92.2772
97.0182
100.767
103.348
104.66
51.0976
52.8201
55.9214
59.7388
63.6248
67.2244
70.3018
72.7097
74.3637
75.2048
36.12
36.9551
38.6516
40.7619
42.6241
44.0899
45.2057
46.0633
46.6822
47.0047
20.0056
20.7935
22.3047
23.4462
23.5008
22.6649
21.7635
21.2849
21.1586
21.1129
13.8205
15.8483
17.6344
15.6763
11.8543
7.15077
4.35523
3.21941
2.85033
2.6748
5.83273
3.92147
2.12207
0.898522
-0.386965
-0.788909
-0.798465
-0.65331
-0.591439
-0.572065
-0.838441
-0.874146
-0.8948
-0.918154
-0.919629
-0.883275
-0.822841
-0.743006
-0.699467
-0.671591
-0.893651
-0.907922
-0.919947
-0.917966
-0.896055
-0.865147
-0.829437
-0.792194
-0.763982
-0.743847
-0.871754
-0.87413
-0.867649
-0.862285
-0.852197
-0.84179
-0.829079
-0.814077
-0.801013
-0.792396
-0.858983
-0.85722
-0.852386
-0.850474
-0.849998
-0.848868
-0.845491
-0.840114
-0.834932
-0.832049
-0.861894
-0.863483
-0.866411
-0.869942
-0.87305
-0.874741
-0.874612
-0.872999
-0.871067
-0.870254
-0.892019
-0.89416
-0.897673
-0.901531
-0.905011
-0.907533
-0.9088
-0.90895
-0.90861
-0.908635
-0.930758
-0.932328
-0.935027
-0.938192
-0.941296
-0.943886
-0.945671
-0.946654
-0.947129
-0.947534
-0.971941
-0.973052
-0.975128
-0.97771
-0.980382
-0.982784
-0.984662
-0.985953
-0.98677
-0.987311
-1.01444
-1.01528
-1.01693
-1.01907
-1.02136
-1.02351
-1.02531
-1.02665
-1.02757
-1.02812
202.745
208.623
218.951
232.03
245.984
259.236
270.697
279.702
285.868
288.992
159.79
165.321
175.56
188.609
202.403
215.386
226.555
235.301
241.278
244.303
124.939
129.116
138.578
150.98
164.075
176.335
186.848
195.061
200.665
203.498
96.8272
100.135
108.338
119.357
131.093
142.104
151.544
158.912
163.932
166.468
73.7487
76.6993
83.6893
93.0383
102.976
112.298
120.281
126.498
130.726
132.858
54.9857
57.5594
63.3318
70.8477
78.726
86.0522
92.2765
97.0886
100.347
101.987
39.8554
42.2862
46.6742
52.2089
57.9056
63.0145
67.2008
70.3548
72.4695
73.5341
27.8984
29.6793
32.6108
36.188
39.6268
42.2753
44.0771
45.2428
46.0197
46.4354
17.4599
17.94
19.2009
21.2441
23.1166
23.5242
22.765
21.7922
21.4133
21.3743
11.9442
13.7819
17.2804
18.8373
17.1426
12.9035
7.63613
4.37029
3.34064
3.17444
1.22142
1.21893
1.43979
1.7376
1.47235
-0.0363491
-0.786203
-0.803126
-0.65589
-0.535059
-0.849392
-0.855506
-0.847022
-0.879603
-0.892615
-0.91784
-0.889795
-0.82372
-0.74809
-0.680905
-0.81173
-0.839143
-0.852691
-0.87711
-0.901022
-0.887754
-0.864553
-0.829291
-0.792611
-0.757923
-0.813073
-0.820104
-0.826947
-0.836593
-0.840253
-0.84657
-0.841691
-0.828552
-0.812306
-0.79914
-0.826001
-0.828972
-0.832766
-0.839761
-0.846541
-0.850214
-0.849513
-0.844805
-0.838713
-0.83516
-0.84824
-0.851245
-0.856963
-0.862797
-0.869055
-0.87345
-0.874979
-0.873996
-0.872113
-0.871463
-0.884233
-0.886483
-0.890722
-0.895693
-0.900759
-0.904892
-0.907395
-0.908278
-0.908298
-0.908594
-0.924769
-0.926311
-0.929435
-0.933311
-0.937374
-0.94097
-0.943616
-0.945212
-0.946075
-0.946743
-0.966984
-0.968053
-0.970443
-0.973532
-0.976881
-0.979987
-0.982485
-0.984253
-0.9854
-0.986155
-1.0101
-1.01093
-1.01286
-1.01542
-1.01824
-1.02094
-1.02322
-1.02494
-1.02613
-1.02684
164.581
174.151
188.951
207.368
226.676
244.458
259.396
270.876
278.616
282.501
118.355
129.294
145.128
163.851
183.253
200.889
215.545
226.743
234.27
238.041
90.2386
93.8228
109.381
127.338
145.866
162.634
176.493
187.043
194.119
197.661
67.4209
70.2707
82.6191
98.1922
114.705
129.782
142.256
151.741
158.097
161.276
46.9416
51.7366
62.0736
75.1613
89.0714
101.855
112.438
120.47
125.845
128.529
31.5576
37.3359
46.303
56.7746
67.7194
77.8309
86.1705
92.4527
96.6321
98.7129
19.6883
25.5792
33.39
41.7756
49.8619
57.23
63.1035
67.3556
70.117
71.4797
11.4587
17.2758
23.3461
29.3121
34.7328
39.2474
42.3389
44.1806
45.2149
45.7168
7.15911
13.5293
16.6562
18.1869
20.5588
23.0379
23.5696
22.7401
21.8775
21.5918
8.73852
11.5741
18.6096
20.305
19.838
18.0131
12.9896
7.26059
4.36741
3.7668
-0.379198
-0.383152
-0.357317
0.165571
2.04413
1.88816
0.0227029
-0.78246
-0.768859
-0.512864
-0.691677
-0.680342
-0.74194
-0.824912
-0.85853
-0.888686
-0.915371
-0.880057
-0.823981
-0.699651
-0.692523
-0.707345
-0.751417
-0.805868
-0.853983
-0.883706
-0.886775
-0.864265
-0.833662
-0.778194
-0.748831
-0.758298
-0.774457
-0.797729
-0.820792
-0.833995
-0.845498
-0.840606
-0.82562
-0.805294
-0.789104
-0.794923
-0.805006
-0.819002
-0.833653
-0.845443
-0.849268
-0.847322
-0.841307
-0.836409
-0.829166
-0.832792
-0.839949
-0.849264
-0.85945
-0.868019
-0.872632
-0.873345
-0.872053
-0.871569
-0.872262
-0.874573
-0.879657
-0.886212
-0.893402
-0.899769
-0.904177
-0.906336
-0.907074
-0.907753
-0.915996
-0.917501
-0.921178
-0.926056
-0.931479
-0.93647
-0.940329
-0.942824
-0.944267
-0.945286
-0.95993
-0.96101
-0.963807
-0.967652
-0.971976
-0.976063
-0.979412
-0.981831
-0.983425
-0.984458
-1.00406
-1.00496
-1.00725
-1.01046
-1.01406
-1.01751
-1.02044
-1.02267
-1.0242
-1.02513
104.382
124.735
149.021
176.027
202.956
226.909
246.362
260.935
270.593
275.392
39.2566
70.1936
101.086
131.333
159.316
183.497
202.785
217.08
226.508
231.181
5.4946
26.5208
65.4644
96.4649
123.117
146.118
164.458
177.971
186.858
191.256
4.85641
4.60929
43.584
70.6999
94.4006
114.968
131.469
143.621
151.615
155.572
3.17368
1.84468
29.7852
52.1629
71.981
89.3307
103.329
113.633
120.413
123.767
1.22398
2.4743
22.3662
39.316
54.3784
67.9482
79.0282
87.1587
92.4841
95.1081
-0.10315
1.34492
13.8595
28.6587
40.0486
50.0249
58.1267
63.8563
67.4779
69.2251
-0.184927
-0.224841
9.1124
20.25
28.2288
34.8475
39.7696
42.7645
44.3238
44.9694
4.5882
10.4127
8.38315
13.9641
17.5329
20.5771
23.187
23.5738
22.6497
21.9378
-0.66743
0.690579
4.31279
15.116
20.8295
19.7637
17.2469
11.9292
6.47657
4.69942
-0.508686
-0.526469
-0.491071
-0.390034
0.197905
2.2163
1.62093
-0.341799
-0.782611
-0.520302
-0.598117
-0.61147
-0.63356
-0.659664
-0.810027
-0.849228
-0.886751
-0.913197
-0.885682
-0.735386
-0.653
-0.649174
-0.654482
-0.70067
-0.789457
-0.850273
-0.895665
-0.89396
-0.882128
-0.804118
-0.706496
-0.709808
-0.723043
-0.749396
-0.786907
-0.818748
-0.836996
-0.850182
-0.842578
-0.811785
-0.758803
-0.761194
-0.772931
-0.791005
-0.813134
-0.832292
-0.844529
-0.847527
-0.842534
-0.834855
-0.809492
-0.810847
-0.819609
-0.831405
-0.84545
-0.858307
-0.867244
-0.870764
-0.870493
-0.869694
-0.857933
-0.859037
-0.865497
-0.873792
-0.883446
-0.892377
-0.899128
-0.903015
-0.904786
-0.905816
-0.904734
-0.90585
-0.91053
-0.916695
-0.923841
-0.930541
-0.93589
-0.9395
-0.941668
-0.943062
-0.950553
-0.951629
-0.955206
-0.960167
-0.965805
-0.971135
-0.975541
-0.978755
-0.980876
-0.982219
-0.995804
-0.99698
-0.999959
-1.00422
-1.0089
-1.01333
-1.01706
-1.01991
-1.02186
-1.02303
34.9443
59.0545
96.9052
138.661
176.358
207.905
232.681
250.773
262.556
268.349
8.89316
10.0678
35.1302
87.9361
131.727
164.428
189.275
207.163
218.72
224.382
7.19977
7.42537
6.68234
55.8763
96.9278
127.942
151.654
168.635
179.557
184.9
5.48672
5.34478
4.94675
35.8796
71.2746
98.8595
120.035
135.263
145.089
149.904
4.00116
4.20041
3.50888
23.8605
52.7019
75.8305
93.682
106.583
114.934
119.029
2.83732
2.94141
3.11492
19.2329
39.8673
57.3805
71.4021
81.6486
88.2813
91.5202
2.10136
1.48887
1.3153
13.5253
29.0186
42.1917
52.6016
60.0896
64.7838
67.0039
2.0123
1.6905
1.582
10.2062
20.6022
29.593
36.4224
40.9455
43.3983
44.3406
1.42515
0.834656
2.56917
11.8949
14.7313
18.2279
21.308
23.5011
23.6387
22.6938
0.202188
-0.129456
-0.728145
2.9632
16.2684
19.6719
18.8047
15.6237
10.5288
6.54635
-0.374457
-0.439532
-0.474868
-0.496219
-0.424237
0.706278
1.87297
0.878542
-0.545589
-0.484843
-0.49767
-0.505671
-0.514017
-0.593487
-0.701812
-0.796733
-0.861704
-0.90757
-0.926004
-0.779654
-0.595717
-0.587176
-0.592131
-0.622901
-0.706872
-0.799573
-0.869273
-0.912812
-0.931453
-0.829449
-0.673068
-0.666938
-0.676876
-0.705219
-0.749085
-0.794348
-0.832758
-0.859441
-0.865809
-0.817715
-0.736235
-0.733088
-0.742736
-0.762047
-0.789714
-0.816311
-0.836771
-0.847377
-0.844619
-0.83072
-0.792638
-0.791669
-0.798986
-0.812244
-0.829851
-0.846686
-0.859958
-0.866832
-0.86743
-0.865188
-0.844227
-0.844285
-0.850394
-0.860085
-0.872317
-0.883831
-0.892987
-0.898683
-0.901492
-0.902598
-0.893448
-0.894069
-0.898595
-0.906245
-0.915315
-0.923834
-0.930779
-0.935555
-0.938474
-0.940156
-0.940823
-0.941517
-0.945004
-0.951776
-0.958941
-0.965658
-0.971226
-0.975282
-0.977938
-0.97957
-0.986687
-0.987934
-0.990883
-0.997228
-1.00319
-1.00875
-1.01339
-1.01689
-1.01927
-1.02069
12.3732
17.8795
42.026
97.1
149.694
189.844
219.92
241.522
255.388
262.137
9.38186
9.87546
9.38083
35.5723
102.163
146.123
176.563
198.082
211.765
218.386
7.96025
8.29991
7.57294
6.70354
66.6091
110.38
139.59
160.049
173.024
179.286
5.96377
5.8646
5.71521
5.26316
45.2308
83.8223
109.376
127.565
139.245
144.894
3.85308
3.802
4.04166
3.46279
31.0988
63.315
84.678
100.057
110.018
114.839
2.23064
2.0423
2.48547
2.90668
24.1178
47.5069
64.1981
76.4738
84.4846
88.3462
1.67543
1.44528
1.53574
0.785814
14.8824
34.1671
47.2639
56.4019
62.3046
65.0625
1.5021
1.50594
1.5782
1.61825
9.85298
23.7228
32.9122
38.8724
42.4594
43.9086
1.23055
1.12505
1.15675
2.32566
8.01983
16.5792
19.2419
22.3656
24.1845
23.9568
0.693065
0.493479
0.104731
-0.749617
4.73914
18.7718
17.4494
17.542
14.7926
10.5068
0.0213748
-0.052592
-0.255011
-0.504625
-0.599714
-0.310214
1.5032
1.90498
0.566137
-0.164699
-0.341601
-0.348481
-0.39742
-0.507374
-0.654157
-0.73091
-0.814438
-0.882992
-0.932733
-0.820015
-0.505978
-0.502766
-0.50167
-0.568138
-0.657765
-0.746712
-0.844735
-0.914953
-0.972551
-0.8523
-0.613395
-0.613104
-0.625951
-0.664181
-0.718634
-0.770543
-0.823908
-0.864661
-0.89658
-0.821664
-0.696451
-0.695862
-0.711302
-0.734396
-0.767967
-0.800611
-0.829111
-0.849218
-0.851117
-0.824634
-0.766869
-0.765823
-0.778208
-0.792531
-0.814706
-0.835293
-0.853123
-0.862714
-0.86338
-0.858032
-0.827239
-0.827525
-0.834894
-0.84576
-0.861084
-0.875313
-0.886768
-0.893987
-0.897405
-0.898126
-0.877911
-0.882007
-0.88647
-0.895226
-0.90655
-0.917049
-0.925586
-0.931442
-0.935018
-0.936805
-0.929285
-0.930867
-0.935888
-0.943126
-0.951828
-0.960103
-0.966878
-0.971753
-0.974899
-0.976756
-0.977488
-0.97772
-0.983555
-0.990272
-0.997364
-1.00415
-1.00972
-1.01388
-1.01668
-1.01831
12.2479
15.906
17.4867
59.3727
125.572
175.404
209.964
234.406
249.982
257.499
10.0777
10.7619
9.5831
9.81377
71.6679
130.856
166.756
191.074
206.51
213.914
8.87587
8.90197
8.16235
7.28707
28.2197
95.3651
130.584
153.42
168.083
175.099
6.71755
5.99821
5.93127
5.41413
5.96438
72.1725
101.64
121.621
134.83
141.164
4.10127
3.70775
3.87305
4.31769
1.88414
53.9155
78.147
95.0014
106.304
111.723
2.3191
2.4298
2.28206
3.08404
3.11714
39.1028
58.821
72.3987
81.5897
85.9845
1.64376
1.7708
1.57117
1.64545
1.52922
26.4406
43.1148
53.4284
60.3515
63.6208
1.51499
1.51233
1.39927
1.55541
-0.0452068
17.6768
30.0847
37.1936
41.6082
43.5967
1.27042
0.921529
1.0206
0.957265
8.08432
13.2182
17.9593
20.7941
24.0833
24.9319
0.552651
0.242091
0.390231
-0.0314568
1.27073
11.7985
14.6349
15.6341
17.1278
15.1674
-0.00563366
-0.195374
-0.0739149
-0.459243
-0.678717
-0.410235
1.96277
3.57103
2.46872
0.75029
-0.314953
-0.385167
-0.341205
-0.501505
-0.654778
-0.663982
-0.777172
-0.85968
-0.899243
-0.794017
-0.469746
-0.487181
-0.481161
-0.549837
-0.643888
-0.707734
-0.846709
-0.905711
-0.996671
-0.872547
-0.571627
-0.582529
-0.60292
-0.645024
-0.702857
-0.755284
-0.821498
-0.875297
-0.933402
-0.82787
-0.659503
-0.663911
-0.686128
-0.717021
-0.753477
-0.789631
-0.826187
-0.855043
-0.863875
-0.818156
-0.736404
-0.734194
-0.75407
-0.778354
-0.803209
-0.826158
-0.846518
-0.859571
-0.860022
-0.849799
-0.803072
-0.795633
-0.811895
-0.83313
-0.851642
-0.868296
-0.881361
-0.889764
-0.89308
-0.892258
-0.861811
-0.851254
-0.863272
-0.883871
-0.89857
-0.911166
-0.921056
-0.927778
-0.931764
-0.933388
-0.915992
-0.906806
-0.911842
-0.932891
-0.944507
-0.955084
-0.963048
-0.968653
-0.972189
-0.974172
-0.966431
-0.962345
-0.963278
-0.981704
-0.990776
-0.999847
-1.00643
-1.01125
-1.0144
-1.01622
16.8931
12.0062
12.3585
36.6328
106.315
166.32
204.504
230.526
247.076
255.032
9.75447
9.8674
9.05808
8.61517
42.1711
120.377
161.718
187.305
203.682
211.539
8.3467
8.81268
7.99385
7.10739
4.7673
92.1276
126.918
149.947
165.441
172.883
6.15777
6.64474
6.24584
5.7296
4.75527
70.5471
98.7899
118.665
132.505
139.201
3.93383
4.09848
4.05175
4.1057
3.25017
50.1664
75.5862
92.5448
104.359
110.091
2.48156
2.11038
2.27565
2.76762
0.833583
33.3124
56.3924
70.3328
80.0564
84.7496
1.96396
1.71753
1.78481
2.19457
-0.0299496
19.7167
40.5971
51.7796
59.2805
62.8641
1.6721
1.51974
1.57885
2.15444
0.218046
11.6926
28.3383
36.4201
41.1375
43.4147
1.24813
1.17403
1.08879
1.55612
4.25045
7.11416
17.4522
19.9363
23.8254
25.2791
0.642815
0.502492
0.479212
-0.158251
-0.593596
10.1222
12.1298
13.7012
17.9755
17.7984
0.111865
-0.0737819
-0.0499357
-0.385304
-0.458405
-0.339165
1.43242
5.95021
4.39988
1.63922
-0.230982
-0.327719
-0.33963
-0.455366
-0.560827
-0.662847
-0.877438
-0.852859
-0.872474
-0.738493
-0.422575
-0.457259
-0.481057
-0.548696
-0.627606
-0.691519
-0.828703
-0.90328
-0.993075
-0.880961
-0.542512
-0.553068
-0.583133
-0.635238
-0.689959
-0.744777
-0.816635
-0.877185
-0.952355
-0.834472
-0.635718
-0.636083
-0.661313
-0.705531
-0.743572
-0.782508
-0.823898
-0.857802
-0.874427
-0.814838
-0.717335
-0.71211
-0.729312
-0.767342
-0.794452
-0.820387
-0.842881
-0.85793
-0.858872
-0.844311
-0.788351
-0.780141
-0.790802
-0.823628
-0.843701
-0.863242
-0.877908
-0.886956
-0.890073
-0.888433
-0.851132
-0.842104
-0.850193
-0.875888
-0.89157
-0.906946
-0.918027
-0.925257
-0.929464
-0.930957
-0.908313
-0.900284
-0.905827
-0.925623
-0.939114
-0.951579
-0.960485
-0.966517
-0.97032
-0.972346
-0.961269
-0.955839
-0.95862
-0.974268
-0.986335
-0.996796
-1.00424
-1.00942
-1.01283
-1.01473
17.12
11.8289
12.6058
37.8677
106.911
166.405
204.509
230.549
247.104
255.06
9.61674
9.6314
8.99126
8.86819
43.2323
120.436
161.705
187.31
203.704
211.564
8.25064
8.64454
7.9911
7.24688
4.82776
91.1777
126.77
149.923
165.453
172.903
6.31804
6.86074
6.37605
5.89235
4.78382
69.5429
98.5603
118.606
132.504
139.214
4.13851
4.50307
4.31757
4.18018
3.43634
49.6663
75.3607
92.4691
104.348
110.098
2.55558
2.48788
2.41623
2.69037
0.950378
33.7553
56.3497
70.2886
80.0469
84.7529
1.9488
1.48672
1.58467
1.94594
-0.00575066
20.5135
40.5742
51.7129
59.2583
62.8591
1.65342
1.35733
1.35673
2.02572
0.104664
11.555
28.1206
36.3638
41.1162
43.4022
1.23805
1.1581
1.0443
1.63531
5.5598
7.42057
17.3871
19.883
23.8095
25.2586
0.631784
0.531664
0.578992
-0.0123103
-0.458601
10.3903
12.028
13.6214
18.0246
17.9486
0.101957
-0.0380607
-0.0385106
-0.37789
-0.448777
-0.347321
1.5582
6.47305
4.76478
1.76197
-0.23997
-0.318887
-0.351198
-0.464027
-0.565721
-0.66203
-0.881808
-0.851192
-0.869604
-0.734107
-0.43117
-0.461291
-0.488167
-0.562645
-0.63021
-0.692063
-0.828804
-0.901837
-0.991775
-0.880251
-0.548781
-0.561635
-0.591642
-0.641149
-0.690734
-0.744822
-0.816284
-0.875799
-0.953513
-0.833699
-0.637332
-0.6422
-0.670889
-0.708028
-0.744065
-0.78235
-0.823701
-0.858684
-0.875753
-0.813825
-0.713964
-0.711535
-0.738803
-0.767407
-0.794545
-0.819848
-0.842244
-0.857562
-0.858457
-0.842994
-0.782844
-0.77326
-0.798971
-0.821698
-0.843516
-0.862602
-0.877139
-0.88616
-0.889116
-0.887273
-0.84572
-0.829823
-0.852202
-0.872603
-0.890818
-0.906075
-0.917193
-0.924453
-0.928642
-0.930102
-0.90526
-0.883869
-0.90349
-0.921961
-0.937634
-0.950536
-0.959644
-0.965763
-0.969604
-0.971639
-0.959322
-0.940594
-0.954173
-0.971062
-0.984585
-0.995756
-1.00345
-1.00873
-1.01219
-1.01412
12.7308
14.6161
17.8032
61.0189
126.582
175.837
210.188
234.547
250.086
257.591
10.308
10.4557
9.48811
9.58102
72.7906
131.262
166.951
191.195
206.605
213.999
9.03217
8.93404
8.28815
7.58079
29.6115
95.3228
130.642
153.501
168.159
175.174
6.79864
6.41111
6.2053
6.1375
7.57493
71.1883
101.525
121.65
134.883
141.224
4.12475
3.86712
3.88644
4.2317
3.04112
52.9635
78.0107
95.0022
106.335
111.77
2.18654
2.10779
2.19914
2.08871
3.76887
38.9326
58.7712
72.3976
81.6105
86.0204
1.60238
1.69266
1.62503
1.44692
-0.201327
25.8127
42.952
53.3778
60.3532
63.6465
1.53909
1.57904
1.49661
1.8654
-1.23399
17.2537
29.976
37.1676
41.6128
43.6242
1.25522
0.942204
1.03043
1.17118
10.2729
14.1749
17.9599
20.6827
24.0997
24.9647
0.522645
0.246274
0.417225
-0.0633987
1.2261
11.6206
14.2943
15.3435
17.3229
15.6108
-0.0621208
-0.196463
-0.0760438
-0.439286
-0.643187
-0.439317
2.45633
4.15102
2.91552
0.869139
-0.337866
-0.370174
-0.356766
-0.504465
-0.63714
-0.651607
-0.752923
-0.852067
-0.896567
-0.803956
-0.470944
-0.47345
-0.469749
-0.5647
-0.641941
-0.70557
-0.845214
-0.902767
-0.998036
-0.867383
-0.566679
-0.574287
-0.593457
-0.647605
-0.700842
-0.753992
-0.820363
-0.874313
-0.937625
-0.824871
-0.646964
-0.658537
-0.680259
-0.715603
-0.7508
-0.787882
-0.824901
-0.854731
-0.865049
-0.814116
-0.717154
-0.727172
-0.749175
-0.774778
-0.799636
-0.823339
-0.844065
-0.857534
-0.857684
-0.845781
-0.77933
-0.784862
-0.807664
-0.828274
-0.847577
-0.865453
-0.878768
-0.887305
-0.890402
-0.889094
-0.836831
-0.836125
-0.860343
-0.878417
-0.894336
-0.908038
-0.91843
-0.925384
-0.929426
-0.930975
-0.891567
-0.885073
-0.910679
-0.927182
-0.940896
-0.952061
-0.960546
-0.966421
-0.970096
-0.972112
-0.944285
-0.936664
-0.959914
-0.97554
-0.98759
-0.997013
-1.00414
-1.00921
-1.01253
-1.0144
12.2806
17.2027
43.5484
98.1323
150.447
190.349
220.245
241.741
255.556
262.284
9.34173
9.58304
9.16713
35.9902
102.958
146.656
176.879
198.288
211.924
218.526
8.21541
8.37584
7.70343
6.72618
67.6818
110.843
139.85
160.224
173.164
179.413
6.37371
6.28134
5.91275
5.6163
46.8477
84.2141
109.558
127.699
139.361
145.003
4.00262
3.9519
3.97843
3.90783
32.2305
63.556
84.8038
100.148
110.107
114.927
2.22141
2.10404
2.45832
2.68644
23.8967
47.5744
64.261
76.5274
84.5491
88.4166
1.57581
1.62112
1.75803
0.976917
14.0012
33.8917
47.1924
56.398
62.3429
65.1183
1.49967
1.63318
1.83556
1.73916
8.09184
23.3119
32.829
38.8441
42.4905
43.9697
1.18137
1.05761
1.24986
2.56218
8.32773
16.8958
19.1654
22.2437
24.2128
24.0583
0.559807
0.398494
0.101609
-0.702503
4.53839
18.8009
17.189
17.4619
15.1072
10.9473
-0.0768938
-0.10879
-0.272545
-0.487608
-0.568453
-0.308285
1.67449
2.17702
0.791831
-0.0919286
-0.376453
-0.37332
-0.40853
-0.520237
-0.649979
-0.738099
-0.810588
-0.87768
-0.933358
-0.826953
-0.505862
-0.501415
-0.49828
-0.58077
-0.657943
-0.749724
-0.845092
-0.911255
-0.979338
-0.852306
-0.600921
-0.603993
-0.617077
-0.665417
-0.716847
-0.769537
-0.823278
-0.865634
-0.901917
-0.817861
-0.675287
-0.683954
-0.69905
-0.730109
-0.763823
-0.79773
-0.827609
-0.848124
-0.850456
-0.819155
-0.740765
-0.749921
-0.764479
-0.786224
-0.809094
-0.830729
-0.84845
-0.859123
-0.859409
-0.852735
-0.799733
-0.806861
-0.82078
-0.837761
-0.854893
-0.870501
-0.882425
-0.890049
-0.893416
-0.893823
-0.853922
-0.858763
-0.872658
-0.886603
-0.90017
-0.912107
-0.921374
-0.927636
-0.931382
-0.933155
-0.90656
-0.909072
-0.922597
-0.934433
-0.945737
-0.955358
-0.962896
-0.968197
-0.971569
-0.973506
-0.958237
-0.960571
-0.972233
-0.982232
-0.991786
-0.999778
-1.00607
-1.01064
-1.01367
-1.01541
34.0529
58.5228
97.0882
139.18
176.909
208.349
233.014
251.027
262.763
268.535
8.85303
9.5718
35.3214
88.5424
132.356
164.897
189.605
207.408
218.919
224.561
7.44745
7.58501
6.66312
56.3865
97.6217
128.421
151.963
168.859
179.74
185.065
5.84562
6.0102
5.45032
37.0505
72.275
99.3464
120.303
135.455
145.248
150.049
4.07863
4.29606
3.53698
25.3567
53.643
76.2264
93.8796
106.731
115.063
119.15
2.65043
2.24333
2.56591
20.4601
40.4089
57.5775
71.5036
81.745
88.3775
91.6159
1.9776
1.56041
0.782174
12.932
28.8689
42.1193
52.5871
60.1273
64.8477
67.0767
2.01375
1.84087
1.51882
7.46404
19.5099
29.2963
36.3328
40.9397
43.445
44.4044
1.44712
1.03971
2.69776
12.1929
14.1566
18.1315
21.171
23.4646
23.6893
22.7616
-0.0265523
-0.211628
-0.734854
2.70839
15.3195
19.5357
18.6717
15.734
10.7765
6.69406
-0.457562
-0.49519
-0.488456
-0.488851
-0.413383
0.346007
1.93743
0.994777
-0.510973
-0.46435
-0.514933
-0.520507
-0.524834
-0.596845
-0.681048
-0.826796
-0.870134
-0.909547
-0.931954
-0.785065
-0.585336
-0.579099
-0.589397
-0.624097
-0.705433
-0.805386
-0.872385
-0.915458
-0.938763
-0.829435
-0.649787
-0.653289
-0.667
-0.70046
-0.745377
-0.792974
-0.83171
-0.859119
-0.86785
-0.813335
-0.710979
-0.717064
-0.73008
-0.754217
-0.783521
-0.811768
-0.833029
-0.844203
-0.8413
-0.82465
-0.768434
-0.774152
-0.78576
-0.802917
-0.822318
-0.840635
-0.854699
-0.86199
-0.862333
-0.859311
-0.822326
-0.826829
-0.837081
-0.850231
-0.864474
-0.877412
-0.887362
-0.89351
-0.896436
-0.897412
-0.873345
-0.876822
-0.885981
-0.896532
-0.907542
-0.917457
-0.925253
-0.930529
-0.933706
-0.935454
-0.922868
-0.925896
-0.933952
-0.942747
-0.951692
-0.959656
-0.966034
-0.970586
-0.973527
-0.975282
-0.971876
-0.97484
-0.981842
-0.989284
-0.996745
-1.00333
-1.00867
-1.01262
-1.01527
-1.01681
102.968
124.069
149.062
176.381
203.364
227.281
246.675
261.196
270.819
275.6
38.5861
69.9005
101.408
131.801
159.785
183.889
203.099
217.335
226.726
231.382
5.28797
26.9318
66.1331
97.0493
123.665
146.534
164.765
178.213
187.062
191.444
5.0163
5.695
45.2562
71.6897
95.0775
115.396
131.755
143.837
151.797
155.74
3.08987
2.13376
30.8662
53.1324
72.6223
89.69
103.56
113.81
120.564
123.908
0.984057
4.15404
23.0685
40.0593
54.789
68.1671
79.1776
87.2851
92.6
95.2196
0.00887914
-0.20287
13.2792
28.6275
40.0888
50.0644
58.1815
63.9276
67.5565
69.3053
5.66121e-06
-1.00762
7.46838
19.3119
27.8525
34.717
39.7396
42.7902
44.3721
45.0212
3.47257
11.4229
8.86035
14.0716
17.4787
20.4952
23.1399
23.5814
22.6709
21.9439
-1.07228
0.692723
4.27729
14.8429
21.0193
19.7712
17.2928
12.0033
6.5138
4.6851
-0.650779
-0.634336
-0.518441
-0.40515
0.0534741
2.17904
1.65299
-0.318063
-0.784349
-0.515063
-0.634775
-0.646331
-0.647925
-0.665908
-0.815385
-0.85946
-0.891132
-0.916974
-0.891932
-0.736597
-0.644007
-0.643738
-0.64733
-0.696794
-0.787413
-0.851368
-0.895156
-0.894573
-0.885841
-0.802015
-0.690055
-0.696761
-0.71119
-0.741208
-0.780911
-0.814738
-0.833901
-0.84734
-0.840459
-0.806224
-0.740045
-0.74622
-0.759521
-0.780678
-0.804841
-0.825726
-0.839184
-0.842287
-0.836999
-0.828123
-0.790515
-0.795564
-0.805794
-0.820264
-0.836291
-0.85079
-0.860627
-0.864569
-0.864312
-0.863214
-0.840072
-0.844054
-0.85214
-0.862851
-0.874264
-0.884581
-0.892239
-0.896663
-0.898692
-0.89976
-0.888335
-0.891463
-0.898042
-0.906301
-0.915031
-0.922989
-0.929217
-0.933385
-0.935876
-0.937407
-0.936033
-0.938565
-0.94409
-0.950731
-0.957719
-0.964138
-0.969335
-0.973072
-0.975516
-0.977014
-0.983637
-0.985794
-0.990507
-0.995991
-1.00175
-1.00706
-1.01146
-1.01476
-1.01699
-1.0183
164.022
173.966
189.083
207.656
227.012
244.782
259.686
271.132
278.847
282.719
118.17
129.371
145.401
164.211
183.625
201.226
215.836
226.995
234.495
238.253
90.0502
93.8964
109.758
127.787
146.287
162.986
176.78
187.284
194.331
197.859
67.6257
69.942
83.2321
98.764
115.172
130.136
142.527
151.96
158.288
161.454
47.0129
51.7018
62.7018
75.7255
89.4971
102.163
112.668
120.656
126.007
128.681
31.9415
38.135
46.9479
57.1963
68.016
78.0498
86.3383
92.5931
96.7587
98.8333
19.6134
25.2907
33.4576
41.8561
49.9574
57.3295
63.1975
67.4459
70.2039
71.5642
10.6841
17.1265
23.0585
29.1286
34.6482
39.2313
42.3657
44.2253
45.2633
45.7639
6.40828
14.0933
16.9512
18.2064
20.5076
23.0145
23.5804
22.7508
21.8786
21.5853
6.29015
10.6369
18.604
19.9474
19.8135
18.0594
13.023
7.26179
4.34921
3.73699
-0.569245
-0.514225
-0.343197
0.20086
2.11186
1.94061
0.04245
-0.779067
-0.77006
-0.503819
-0.672838
-0.670002
-0.731047
-0.821143
-0.856658
-0.889239
-0.916625
-0.881012
-0.825165
-0.694934
-0.666347
-0.683516
-0.735419
-0.796023
-0.847251
-0.879396
-0.883751
-0.861792
-0.831968
-0.772694
-0.725749
-0.736863
-0.75683
-0.78476
-0.811036
-0.82623
-0.839092
-0.834789
-0.819907
-0.798058
-0.76908
-0.775969
-0.788354
-0.805469
-0.822618
-0.836828
-0.84157
-0.840069
-0.834085
-0.828819
-0.810856
-0.815369
-0.824265
-0.836069
-0.848466
-0.858725
-0.864411
-0.86573
-0.864707
-0.864246
-0.855887
-0.859243
-0.865579
-0.873978
-0.882857
-0.890614
-0.896025
-0.898832
-0.899942
-0.900779
-0.901256
-0.903574
-0.908467
-0.914882
-0.921694
-0.927859
-0.93261
-0.935718
-0.937543
-0.938751
-0.947034
-0.94874
-0.952627
-0.957709
-0.963157
-0.968215
-0.972325
-0.975285
-0.977228
-0.978439
-0.993174
-0.994506
-0.997699
-1.00184
-1.00631
-1.01054
-1.01408
-1.01676
-1.01859
-1.01967
202.667
208.669
219.123
232.286
246.273
259.522
270.965
279.948
286.097
289.212
159.972
165.51
175.801
188.901
202.71
215.678
226.821
235.543
241.502
244.517
125.234
129.362
138.877
151.314
164.403
176.633
187.109
195.293
200.877
203.7
97.0532
100.341
108.682
119.718
131.428
142.393
151.789
159.124
164.124
166.65
73.8757
76.9281
84.0394
93.3742
103.279
112.554
120.494
126.681
130.89
133.014
55.1539
57.9132
63.6595
71.1048
78.954
86.2468
92.4401
97.2312
100.477
102.112
39.8092
42.3769
46.7816
52.3104
58.0226
63.131
67.3074
70.4519
72.56
73.6212
27.5582
29.6305
32.5971
36.1774
39.6462
42.323
44.1323
45.2951
46.0692
46.4833
17.1828
17.8694
19.1563
21.1814
23.1145
23.5561
22.7869
21.7936
21.4127
21.3761
11.7445
13.8624
17.1869
18.7662
17.2566
12.9823
7.64545
4.3493
3.32235
3.1628
3.27416
2.36578
1.66872
1.90385
1.59986
0.0179478
-0.778887
-0.797346
-0.649355
-0.523392
-0.602513
-0.67136
-0.783829
-0.856761
-0.882667
-0.913298
-0.886375
-0.818659
-0.743212
-0.672402
-0.752723
-0.786965
-0.817121
-0.856707
-0.887389
-0.879734
-0.858091
-0.822853
-0.786088
-0.749633
-0.77839
-0.787896
-0.801437
-0.818007
-0.826266
-0.835712
-0.832591
-0.820184
-0.804116
-0.790504
-0.801505
-0.805334
-0.812429
-0.822961
-0.833065
-0.838918
-0.839659
-0.835778
-0.830076
-0.826606
-0.828411
-0.831828
-0.839042
-0.847637
-0.856179
-0.862389
-0.865211
-0.865046
-0.86363
-0.863191
-0.86767
-0.870274
-0.875531
-0.882185
-0.888914
-0.894477
-0.89808
-0.899721
-0.900211
-0.900745
-0.910441
-0.912326
-0.916281
-0.921385
-0.926704
-0.931426
-0.934981
-0.937238
-0.938532
-0.939425
-0.954667
-0.956032
-0.959091
-0.963119
-0.967428
-0.971418
-0.974653
-0.976972
-0.978488
-0.979436
-0.999692
-1.00073
-1.00319
-1.00645
-1.01
-1.01338
-1.01624
-1.0184
-1.01989
-1.02076
228.977
233.228
240.718
250.299
260.728
270.871
279.842
287.017
291.995
294.537
185.785
189.921
197.301
206.706
216.884
226.743
235.44
242.384
247.196
249.651
148.521
152.32
159.308
168.206
177.791
187.049
195.197
201.692
206.189
208.482
117.332
120.574
126.872
134.867
143.458
151.749
159.037
164.841
168.854
170.899
91.3292
94.0587
99.4336
106.225
113.485
120.475
126.607
131.478
134.841
136.552
69.353
71.6402
75.9605
81.3438
87.0262
92.4482
97.1718
100.906
103.477
104.784
51.06
52.8501
56.0043
59.8466
63.743
67.3407
70.4087
72.8072
74.4547
75.2924
35.9812
36.8881
38.6382
40.7896
42.6825
44.1581
45.2675
46.1174
46.7325
47.0529
19.7705
20.6205
22.2002
23.4285
23.5346
22.7059
21.7772
21.2853
21.1639
21.119
13.397
15.5413
17.5521
15.7774
11.9709
7.20655
4.34408
3.20224
2.84523
2.67175
6.58486
4.35878
2.32154
1.03485
-0.328993
-0.775126
-0.791133
-0.641399
-0.580411
-0.559733
-0.737246
-0.78369
-0.844015
-0.890377
-0.906407
-0.874665
-0.814429
-0.733242
-0.68937
-0.660606
-0.833275
-0.850476
-0.880661
-0.895481
-0.881478
-0.854259
-0.819632
-0.782461
-0.754258
-0.733627
-0.834143
-0.838644
-0.838862
-0.840901
-0.835941
-0.828575
-0.817688
-0.803661
-0.791078
-0.782527
-0.832184
-0.831081
-0.829488
-0.831241
-0.834059
-0.83546
-0.833869
-0.829625
-0.825079
-0.822477
-0.840778
-0.842594
-0.847181
-0.853083
-0.858526
-0.862182
-0.863534
-0.862931
-0.861612
-0.861107
-0.874885
-0.877106
-0.881555
-0.886948
-0.89207
-0.896068
-0.898518
-0.899524
-0.899731
-0.900041
-0.916341
-0.918012
-0.921373
-0.925603
-0.929883
-0.933579
-0.936294
-0.937978
-0.938921
-0.939572
-0.959736
-0.960949
-0.963515
-0.966867
-0.970402
-0.973637
-0.976237
-0.978088
-0.979287
-0.980032
-1.00414
-1.00506
-1.00708
-1.00978
-1.01271
-1.01549
-1.01783
-1.01962
-1.02083
-1.02155
245.724
248.901
254.603
262.047
270.322
278.533
285.928
291.929
296.135
298.296
202.367
205.46
211.003
218.228
226.246
234.192
241.337
247.131
251.191
253.276
164.208
167.089
172.304
179.094
186.613
194.048
200.723
206.128
209.912
211.854
131.376
133.915
138.585
144.667
151.393
158.034
163.986
168.8
172.166
173.893
103.364
105.497
109.441
114.566
120.219
125.79
130.772
134.795
137.603
139.043
79.2564
80.9418
84.0207
87.9837
92.3261
96.5856
100.383
103.44
105.571
106.662
58.7072
59.8869
61.9757
64.5731
67.363
70.0804
72.493
74.4287
75.7726
76.4577
40.8354
41.383
42.3123
43.3063
44.2642
45.1909
46.031
46.7182
47.1904
47.4194
23.7424
24.0793
24.192
23.6671
22.6315
21.8503
21.4034
21.1607
20.9761
20.8282
18.3246
17.71
15.3439
10.9079
6.51626
4.35028
3.3387
2.85188
2.51286
2.31263
4.99927
3.19043
0.95567
-0.481656
-0.776843
-0.759956
-0.64119
-0.57714
-0.584588
-0.574986
-0.807904
-0.850409
-0.904871
-0.916053
-0.881773
-0.815546
-0.736135
-0.686669
-0.668893
-0.653862
-0.943738
-0.960013
-0.95048
-0.916655
-0.869918
-0.821096
-0.780673
-0.752442
-0.735017
-0.723567
-0.911738
-0.901551
-0.872988
-0.847124
-0.826912
-0.812048
-0.800304
-0.789697
-0.781206
-0.775482
-0.846735
-0.839237
-0.830068
-0.827018
-0.827748
-0.82846
-0.827058
-0.82391
-0.8206
-0.818454
-0.840551
-0.841588
-0.84666
-0.852555
-0.857349
-0.860203
-0.861143
-0.860628
-0.859582
-0.859056
-0.877036
-0.879386
-0.884027
-0.888995
-0.893248
-0.896358
-0.8982
-0.898923
-0.899035
-0.899206
-0.919727
-0.921263
-0.924335
-0.928049
-0.931689
-0.934744
-0.936937
-0.938272
-0.939001
-0.939489
-0.962913
-0.963989
-0.966285
-0.969245
-0.972307
-0.975058
-0.977238
-0.978774
-0.979759
-0.980363
-1.00708
-1.00788
-1.00965
-1.012
-1.01453
-1.01691
-1.01891
-1.02043
-1.02147
-1.02207
253.773
256.471
261.366
267.829
275.092
282.382
289.013
294.439
298.264
300.236
210.321
212.919
217.64
223.878
230.891
237.928
244.325
249.556
253.244
255.145
171.74
174.162
178.584
184.427
190.986
197.555
203.52
208.393
211.825
213.594
138.164
140.312
144.256
149.475
155.327
161.181
166.488
170.819
173.867
175.437
109.193
110.985
114.288
118.66
123.557
128.448
132.876
136.484
139.02
140.324
84.0319
85.3973
87.9112
91.2287
94.9411
98.6485
102.002
104.73
106.644
107.627
62.3646
63.2196
64.7722
66.81
69.1111
71.4346
73.5445
75.2546
76.4452
77.0528
43.1768
43.4355
43.8151
44.2778
44.9199
45.6948
46.4434
47.0334
47.4129
47.5913
25.2889
25.0053
24.0832
22.7697
21.9279
21.5796
21.3776
21.118
20.827
20.6406
18.5833
16.2567
11.3067
6.82227
4.7015
3.75767
3.17887
2.67679
2.31475
2.1404
1.91206
1.02415
-0.0392058
-0.455926
-0.513118
-0.498398
-0.522095
-0.559361
-0.575206
-0.567588
-0.701363
-0.774898
-0.807744
-0.773573
-0.726254
-0.685415
-0.667912
-0.658796
-0.653581
-0.645367
-0.836078
-0.829586
-0.824212
-0.809472
-0.788018
-0.763741
-0.745147
-0.731755
-0.723064
-0.715451
-0.797558
-0.792445
-0.792641
-0.795432
-0.794485
-0.791088
-0.78673
-0.780712
-0.774856
-0.770035
-0.788165
-0.791031
-0.800898
-0.81142
-0.819122
-0.823046
-0.823161
-0.820757
-0.817861
-0.815711
-0.825909
-0.830308
-0.839896
-0.849334
-0.855905
-0.859306
-0.860215
-0.859618
-0.858547
-0.857866
-0.874935
-0.878214
-0.883938
-0.889546
-0.893894
-0.896773
-0.898311
-0.898808
-0.898783
-0.898793
-0.92084
-0.922506
-0.925725
-0.929427
-0.932861
-0.935602
-0.937485
-0.93858
-0.939149
-0.939494
-0.964633
-0.965693
-0.967909
-0.970699
-0.973517
-0.975989
-0.977912
-0.979248
-0.980094
-0.980582
-1.00874
-1.0095
-1.01114
-1.0133
-1.01561
-1.01777
-1.01958
-1.02094
-1.02186
-1.02238
-1.06196
-1.06255
-1.06366
-1.06508
-1.0666
-1.06805
-1.06929
-1.07026
-1.07093
-1.0713
-1.10562
-1.1061
-1.10702
-1.10823
-1.10957
-1.11087
-1.11203
-1.11295
-1.11361
-1.11397
-1.15
-1.15041
-1.1512
-1.15225
-1.15342
-1.15458
-1.15563
-1.15648
-1.15709
-1.15742
-1.19501
-1.19538
-1.19607
-1.19699
-1.19802
-1.19905
-1.19998
-1.20075
-1.2013
-1.2016
-1.2406
-1.24093
-1.24155
-1.24235
-1.24325
-1.24416
-1.24498
-1.24566
-1.24615
-1.24642
-1.28668
-1.28699
-1.28753
-1.28824
-1.28903
-1.28982
-1.29054
-1.29113
-1.29156
-1.29179
-1.33319
-1.33346
-1.33394
-1.33456
-1.33525
-1.33593
-1.33655
-1.33707
-1.33744
-1.33764
-1.38003
-1.38028
-1.38071
-1.38125
-1.38183
-1.38242
-1.38296
-1.38339
-1.38371
-1.38388
-1.42716
-1.42739
-1.42776
-1.42822
-1.42873
-1.42923
-1.42968
-1.43005
-1.43032
-1.43047
-1.47451
-1.47471
-1.47503
-1.47543
-1.47586
-1.47628
-1.47667
-1.47698
-1.47721
-1.47733
-1.52202
-1.52221
-1.52249
-1.52283
-1.52319
-1.52355
-1.52387
-1.52414
-1.52433
-1.52443
-1.56967
-1.56984
-1.57008
-1.57037
-1.57068
-1.57098
-1.57125
-1.57147
-1.57163
-1.57172
-1.61741
-1.61756
-1.61777
-1.61802
-1.61829
-1.61854
-1.61877
-1.61895
-1.61909
-1.61917
-1.66522
-1.66536
-1.66555
-1.66576
-1.66599
-1.66621
-1.6664
-1.66656
-1.66667
-1.66674
-1.71308
-1.71321
-1.71338
-1.71357
-1.71377
-1.71395
-1.71412
-1.71426
-1.71436
-1.71441
-1.76099
-1.76111
-1.76126
-1.76143
-1.7616
-1.76177
-1.76192
-1.76204
-1.76213
-1.76217
-1.80893
-1.80904
-1.80918
-1.80933
-1.80949
-1.80964
-1.80978
-1.80988
-1.80996
-1.81
-1.8569
-1.857
-1.85713
-1.85728
-1.85743
-1.85757
-1.85769
-1.85779
-1.85786
-1.8579
-1.9049
-1.905
-1.90513
-1.90527
-1.90541
-1.90554
-1.90566
-1.90575
-1.90582
-1.90585
-1.95294
-1.95303
-1.95316
-1.95329
-1.95343
-1.95356
-1.95367
-1.95376
-1.95382
-1.95386
-1.06048
-1.0611
-1.0623
-1.06386
-1.06554
-1.06716
-1.06855
-1.06963
-1.07038
-1.07082
-1.10433
-1.10484
-1.10585
-1.10719
-1.10866
-1.1101
-1.11137
-1.11238
-1.11311
-1.11351
-1.14886
-1.14932
-1.15019
-1.15135
-1.15264
-1.15391
-1.15505
-1.15598
-1.15664
-1.15701
-1.19403
-1.19444
-1.19521
-1.19623
-1.19735
-1.19848
-1.19949
-1.20032
-1.20091
-1.20124
-1.23975
-1.24012
-1.24082
-1.24171
-1.24269
-1.24368
-1.24457
-1.24529
-1.24582
-1.24611
-1.28596
-1.2863
-1.28692
-1.2877
-1.28856
-1.28941
-1.29019
-1.29082
-1.29128
-1.29152
-1.33259
-1.3329
-1.33344
-1.33412
-1.33486
-1.3356
-1.33626
-1.33681
-1.3372
-1.33741
-1.37954
-1.37982
-1.38029
-1.38088
-1.38152
-1.38215
-1.38272
-1.38318
-1.38352
-1.3837
-1.42677
-1.42702
-1.42742
-1.42793
-1.42847
-1.429
-1.42948
-1.42987
-1.43016
-1.43031
-1.47419
-1.47442
-1.47477
-1.4752
-1.47566
-1.47611
-1.47651
-1.47684
-1.47708
-1.47721
-1.52177
-1.52197
-1.52228
-1.52265
-1.52303
-1.52341
-1.52375
-1.52402
-1.52422
-1.52433
-1.56947
-1.56965
-1.56991
-1.57023
-1.57055
-1.57087
-1.57115
-1.57138
-1.57155
-1.57164
-1.61725
-1.61741
-1.61764
-1.61791
-1.61819
-1.61845
-1.61869
-1.61888
-1.61902
-1.6191
-1.6651
-1.66524
-1.66544
-1.66567
-1.66591
-1.66614
-1.66634
-1.6665
-1.66662
-1.66669
-1.71298
-1.71312
-1.7133
-1.7135
-1.7137
-1.7139
-1.71407
-1.71421
-1.71431
-1.71437
-1.7609
-1.76103
-1.76119
-1.76137
-1.76155
-1.76172
-1.76188
-1.762
-1.76209
-1.76214
-1.80885
-1.80897
-1.80911
-1.80928
-1.80945
-1.8096
-1.80974
-1.80985
-1.80993
-1.80998
-1.85682
-1.85693
-1.85707
-1.85723
-1.85738
-1.85753
-1.85766
-1.85776
-1.85784
-1.85788
-1.90482
-1.90493
-1.90507
-1.90522
-1.90536
-1.9055
-1.90563
-1.90572
-1.90579
-1.90583
-1.95286
-1.95296
-1.95309
-1.95324
-1.95339
-1.95352
-1.95364
-1.95373
-1.9538
-1.95384
-1.05783
-1.0585
-1.05988
-1.06168
-1.06366
-1.06557
-1.06722
-1.06851
-1.06941
-1.06994
-1.10193
-1.10252
-1.10371
-1.10527
-1.10699
-1.10868
-1.11017
-1.11136
-1.1122
-1.11268
-1.14671
-1.14725
-1.14831
-1.14968
-1.15118
-1.15267
-1.15399
-1.15506
-1.15583
-1.15625
-1.19211
-1.19262
-1.19357
-1.19478
-1.1961
-1.19741
-1.19857
-1.19951
-1.20019
-1.20056
-1.23808
-1.23856
-1.23941
-1.24047
-1.24163
-1.24276
-1.24378
-1.2446
-1.2452
-1.24552
-1.28455
-1.28498
-1.28574
-1.28666
-1.28766
-1.28865
-1.28952
-1.29023
-1.29074
-1.29102
-1.33141
-1.3318
-1.33247
-1.33326
-1.33412
-1.33496
-1.3357
-1.33631
-1.33675
-1.33698
-1.37858
-1.37893
-1.37951
-1.38019
-1.38092
-1.38163
-1.38226
-1.38277
-1.38314
-1.38334
-1.42599
-1.4263
-1.4268
-1.42738
-1.42799
-1.42859
-1.42911
-1.42954
-1.42985
-1.43002
-1.47357
-1.47385
-1.47428
-1.47477
-1.47528
-1.47577
-1.47621
-1.47657
-1.47683
-1.47697
-1.52128
-1.52154
-1.5219
-1.52231
-1.52274
-1.52315
-1.52351
-1.5238
-1.52402
-1.52413
-1.56908
-1.56931
-1.56962
-1.56997
-1.57032
-1.57066
-1.57096
-1.57121
-1.57138
-1.57148
-1.61695
-1.61715
-1.61742
-1.61771
-1.61801
-1.61829
-1.61854
-1.61874
-1.61889
-1.61897
-1.66486
-1.66503
-1.66527
-1.66552
-1.66577
-1.66601
-1.66622
-1.66639
-1.66651
-1.66658
-1.71279
-1.71295
-1.71316
-1.71337
-1.71359
-1.7138
-1.71398
-1.71412
-1.71423
-1.71429
-1.76074
-1.76089
-1.76107
-1.76127
-1.76146
-1.76164
-1.7618
-1.76192
-1.76202
-1.76207
-1.80871
-1.80884
-1.80901
-1.80919
-1.80936
-1.80953
-1.80967
-1.80979
-1.80987
-1.80992
-1.85668
-1.85681
-1.85697
-1.85714
-1.85731
-1.85746
-1.8576
-1.8577
-1.85778
-1.85782
-1.90468
-1.9048
-1.90496
-1.90513
-1.90529
-1.90544
-1.90557
-1.90567
-1.90574
-1.90578
-1.95271
-1.95283
-1.95298
-1.95315
-1.95331
-1.95346
-1.95358
-1.95368
-1.95375
-1.95379
-1.05393
-1.05464
-1.05629
-1.05848
-1.06091
-1.06327
-1.0653
-1.0669
-1.06803
-1.06867
-1.09841
-1.09908
-1.10055
-1.10246
-1.10458
-1.10665
-1.10846
-1.1099
-1.11092
-1.1115
-1.14356
-1.1442
-1.14554
-1.14723
-1.14909
-1.1509
-1.15249
-1.15377
-1.15468
-1.15518
-1.18934
-1.18996
-1.19118
-1.19267
-1.1943
-1.19588
-1.19727
-1.19839
-1.19919
-1.19962
-1.23571
-1.2363
-1.23738
-1.23868
-1.2401
-1.24147
-1.24266
-1.24363
-1.24432
-1.24469
-1.28257
-1.2831
-1.28405
-1.28517
-1.28639
-1.28756
-1.28858
-1.28941
-1.29
-1.29031
-1.32981
-1.33027
-1.33109
-1.33205
-1.33308
-1.33406
-1.33493
-1.33562
-1.33612
-1.33639
-1.37731
-1.37772
-1.37842
-1.37922
-1.38008
-1.3809
-1.38162
-1.3822
-1.38262
-1.38284
-1.42499
-1.42536
-1.42595
-1.42662
-1.42733
-1.42801
-1.4286
-1.42908
-1.42943
-1.42961
-1.4728
-1.47313
-1.47362
-1.47418
-1.47476
-1.47532
-1.47581
-1.4762
-1.47648
-1.47664
-1.5207
-1.52098
-1.5214
-1.52186
-1.52234
-1.52279
-1.52319
-1.52351
-1.52374
-1.52387
-1.56864
-1.56889
-1.56925
-1.56963
-1.57002
-1.57039
-1.57072
-1.57098
-1.57117
-1.57127
-1.61662
-1.61684
-1.61714
-1.61746
-1.61778
-1.61808
-1.61835
-1.61856
-1.61872
-1.61881
-1.66461
-1.6648
-1.66506
-1.66533
-1.6656
-1.66585
-1.66607
-1.66624
-1.66637
-1.66645
-1.7126
-1.71277
-1.71299
-1.71323
-1.71345
-1.71367
-1.71386
-1.71401
-1.71412
-1.71418
-1.76059
-1.76074
-1.76094
-1.76114
-1.76134
-1.76153
-1.7617
-1.76183
-1.76192
-1.76198
-1.80856
-1.8087
-1.80888
-1.80907
-1.80926
-1.80943
-1.80959
-1.8097
-1.80979
-1.80984
-1.85653
-1.85666
-1.85684
-1.85703
-1.8572
-1.85737
-1.85752
-1.85763
-1.85771
-1.85776
-1.90451
-1.90464
-1.90482
-1.90501
-1.90518
-1.90535
-1.90549
-1.9056
-1.90568
-1.90572
-1.95252
-1.95266
-1.95284
-1.95302
-1.9532
-1.95337
-1.95351
-1.95362
-1.9537
-1.95374
-1.0485
-1.04939
-1.05142
-1.05421
-1.0573
-1.06027
-1.06283
-1.06483
-1.06624
-1.06704
-1.09343
-1.09437
-1.09628
-1.09875
-1.10146
-1.10405
-1.10628
-1.10806
-1.10931
-1.11001
-1.13904
-1.14
-1.14179
-1.144
-1.14639
-1.14865
-1.1506
-1.15215
-1.15325
-1.15385
-1.18535
-1.18628
-1.18793
-1.18989
-1.19198
-1.19395
-1.19564
-1.19698
-1.19794
-1.19845
-1.23231
-1.23316
-1.23463
-1.23633
-1.23814
-1.23983
-1.24128
-1.24243
-1.24325
-1.24368
-1.27977
-1.28052
-1.28177
-1.28323
-1.28477
-1.28619
-1.28742
-1.28839
-1.28908
-1.28945
-1.32756
-1.32819
-1.32925
-1.33047
-1.33176
-1.33294
-1.33396
-1.33478
-1.33535
-1.33566
-1.37554
-1.37607
-1.37696
-1.37797
-1.37903
-1.38
-1.38084
-1.38151
-1.38198
-1.38224
-1.42363
-1.42409
-1.42482
-1.42564
-1.4265
-1.42729
-1.42797
-1.42852
-1.42891
-1.42912
-1.47177
-1.47217
-1.47276
-1.47342
-1.47412
-1.47475
-1.47531
-1.47575
-1.47606
-1.47624
-1.51993
-1.52027
-1.52076
-1.52129
-1.52185
-1.52235
-1.5228
-1.52315
-1.52341
-1.52355
-1.56808
-1.56836
-1.56878
-1.5692
-1.56965
-1.57006
-1.57041
-1.57069
-1.5709
-1.57101
-1.61621
-1.61644
-1.6168
-1.61714
-1.6175
-1.61783
-1.61811
-1.61834
-1.61851
-1.6186
-1.66432
-1.66451
-1.66481
-1.66509
-1.66538
-1.66565
-1.66588
-1.66607
-1.6662
-1.66628
-1.71239
-1.71255
-1.7128
-1.71304
-1.71329
-1.71351
-1.71371
-1.71386
-1.71398
-1.71404
-1.76043
-1.76056
-1.76078
-1.76098
-1.7612
-1.7614
-1.76158
-1.76171
-1.76181
-1.76187
-1.80842
-1.80853
-1.80874
-1.80893
-1.80913
-1.80932
-1.80948
-1.8096
-1.8097
-1.80975
-1.85636
-1.85648
-1.85668
-1.85688
-1.85708
-1.85726
-1.85742
-1.85754
-1.85763
-1.85768
-1.90431
-1.90443
-1.90464
-1.90485
-1.90505
-1.90524
-1.9054
-1.90552
-1.9056
-1.90565
-1.95228
-1.95242
-1.95263
-1.95285
-1.95306
-1.95326
-1.95342
-1.95354
-1.95362
-1.95367
-1.04091
-1.04234
-1.04513
-1.04889
-1.0529
-1.05669
-1.0599
-1.0624
-1.06414
-1.06513
-1.08625
-1.08801
-1.09079
-1.09416
-1.09767
-1.10096
-1.10374
-1.10592
-1.10745
-1.10829
-1.13237
-1.13428
-1.13697
-1.14002
-1.14313
-1.14599
-1.1484
-1.1503
-1.15162
-1.15234
-1.17941
-1.18127
-1.18376
-1.18647
-1.1892
-1.19168
-1.19375
-1.19538
-1.19652
-1.19714
-1.22731
-1.22894
-1.23111
-1.23347
-1.23581
-1.23791
-1.23968
-1.24106
-1.24204
-1.24255
-1.27577
-1.27708
-1.2789
-1.2809
-1.28285
-1.2846
-1.28608
-1.28724
-1.28806
-1.28849
-1.32441
-1.32547
-1.32696
-1.32862
-1.33021
-1.33165
-1.33287
-1.33382
-1.33449
-1.33485
-1.37304
-1.37393
-1.37517
-1.37652
-1.3778
-1.37897
-1.37995
-1.38072
-1.38127
-1.38157
-1.42164
-1.42241
-1.42345
-1.42454
-1.42555
-1.42648
-1.42726
-1.42788
-1.42832
-1.42857
-1.47021
-1.47086
-1.47172
-1.47259
-1.47338
-1.47412
-1.47475
-1.47524
-1.47559
-1.47579
-1.51874
-1.51927
-1.51997
-1.52067
-1.52128
-1.52186
-1.52236
-1.52275
-1.52303
-1.52319
-1.56719
-1.56761
-1.56817
-1.56875
-1.56922
-1.56968
-1.57007
-1.57037
-1.5706
-1.57071
-1.61555
-1.61588
-1.61634
-1.61681
-1.61717
-1.61754
-1.61785
-1.61809
-1.61827
-1.61836
-1.66383
-1.66409
-1.66446
-1.66484
-1.66513
-1.66543
-1.66568
-1.66587
-1.66602
-1.6661
-1.71204
-1.71223
-1.71253
-1.71285
-1.71308
-1.71334
-1.71354
-1.71371
-1.71383
-1.7139
-1.76014
-1.7603
-1.76054
-1.76082
-1.76102
-1.76125
-1.76144
-1.76158
-1.76169
-1.76175
-1.80814
-1.80829
-1.80851
-1.80876
-1.80896
-1.80918
-1.80936
-1.80949
-1.80959
-1.80965
-1.85604
-1.85622
-1.85645
-1.8567
-1.85691
-1.85713
-1.8573
-1.85743
-1.85753
-1.85759
-1.90391
-1.90413
-1.90438
-1.90465
-1.90487
-1.9051
-1.90528
-1.90542
-1.90552
-1.90557
-1.9518
-1.95207
-1.95233
-1.95263
-1.95287
-1.95312
-1.9533
-1.95344
-1.95354
-1.9536
-1.03202
-1.03397
-1.03717
-1.04289
-1.04804
-1.0528
-1.05675
-1.05979
-1.06188
-1.06307
-1.07714
-1.07995
-1.08385
-1.0889
-1.09349
-1.09763
-1.10104
-1.10367
-1.10549
-1.10649
-1.12355
-1.12668
-1.13089
-1.13537
-1.13951
-1.14314
-1.14609
-1.14836
-1.14993
-1.15078
-1.17158
-1.17457
-1.17858
-1.18245
-1.1861
-1.18924
-1.19178
-1.19373
-1.19507
-1.19579
-1.22098
-1.22342
-1.22683
-1.2301
-1.23321
-1.23584
-1.23801
-1.23966
-1.24079
-1.2414
-1.27099
-1.27277
-1.27547
-1.27818
-1.28073
-1.28289
-1.28468
-1.28606
-1.28701
-1.28751
-1.32096
-1.32232
-1.32432
-1.32649
-1.32853
-1.33026
-1.33172
-1.33284
-1.33362
-1.33404
-1.37063
-1.37183
-1.37322
-1.37491
-1.37651
-1.37787
-1.37902
-1.37991
-1.38055
-1.38089
-1.41998
-1.42108
-1.42207
-1.42337
-1.4246
-1.42564
-1.42653
-1.42723
-1.42774
-1.42802
-1.46904
-1.47006
-1.47082
-1.47178
-1.47267
-1.47346
-1.47419
-1.47473
-1.47512
-1.47532
-1.51789
-1.51878
-1.51945
-1.52013
-1.52076
-1.52138
-1.52194
-1.52236
-1.52265
-1.5228
-1.5666
-1.5673
-1.56792
-1.56841
-1.56888
-1.56934
-1.56976
-1.57007
-1.57031
-1.57043
-1.61518
-1.6157
-1.61624
-1.61661
-1.61697
-1.6173
-1.61762
-1.61786
-1.61805
-1.61815
-1.6637
-1.66403
-1.66445
-1.66473
-1.66501
-1.66526
-1.66551
-1.6657
-1.66585
-1.66593
-1.7121
-1.7123
-1.71256
-1.71277
-1.713
-1.71321
-1.71341
-1.71357
-1.71369
-1.71376
-1.76028
-1.76046
-1.76056
-1.76075
-1.76095
-1.76115
-1.76133
-1.76147
-1.76158
-1.76164
-1.80818
-1.8084
-1.80847
-1.80868
-1.80888
-1.80908
-1.80926
-1.80939
-1.80949
-1.80956
-1.8559
-1.8562
-1.85632
-1.85658
-1.8568
-1.85702
-1.85721
-1.85734
-1.85745
-1.85751
-1.90358
-1.90396
-1.90415
-1.90447
-1.90473
-1.90498
-1.90519
-1.90533
-1.90544
-1.9055
-1.95135
-1.95176
-1.95204
-1.95242
-1.95271
-1.95299
-1.9532
-1.95336
-1.95347
-1.95353
-1.02425
-1.02493
-1.03083
-1.03706
-1.04321
-1.04895
-1.05365
-1.05722
-1.05967
-1.06105
-1.06961
-1.07327
-1.07769
-1.08376
-1.08937
-1.09437
-1.09841
-1.10148
-1.10359
-1.10475
-1.11573
-1.11927
-1.1249
-1.13072
-1.13594
-1.14037
-1.14386
-1.14649
-1.1483
-1.14928
-1.16364
-1.16722
-1.17309
-1.1784
-1.18302
-1.18693
-1.18989
-1.19213
-1.19368
-1.1945
-1.21327
-1.21657
-1.22204
-1.2267
-1.23059
-1.23384
-1.23642
-1.23831
-1.23962
-1.2403
-1.26419
-1.26679
-1.27166
-1.27545
-1.27852
-1.28121
-1.28337
-1.28493
-1.28601
-1.28658
-1.31545
-1.3173
-1.32136
-1.32431
-1.32668
-1.32887
-1.33064
-1.33192
-1.33279
-1.33327
-1.36646
-1.36736
-1.37095
-1.3731
-1.37495
-1.37672
-1.37812
-1.37914
-1.37987
-1.38023
-1.41659
-1.41726
-1.42033
-1.42197
-1.4233
-1.4247
-1.4258
-1.4266
-1.42718
-1.42746
-1.46662
-1.46736
-1.46944
-1.4707
-1.47173
-1.47281
-1.47361
-1.47421
-1.47467
-1.47491
-1.51638
-1.51766
-1.51848
-1.51937
-1.52013
-1.52092
-1.5215
-1.52195
-1.5223
-1.52249
-1.56566
-1.56664
-1.56727
-1.56792
-1.56844
-1.56902
-1.56944
-1.56978
-1.57003
-1.57018
-1.61455
-1.61529
-1.6158
-1.61631
-1.61665
-1.61709
-1.6174
-1.61764
-1.61783
-1.61795
-1.66316
-1.66368
-1.66401
-1.66455
-1.66477
-1.66512
-1.66535
-1.66553
-1.66568
-1.66577
-1.71172
-1.71191
-1.71207
-1.71266
-1.7128
-1.7131
-1.71329
-1.71344
-1.71356
-1.71364
-1.76005
-1.76006
-1.76019
-1.76066
-1.76078
-1.76106
-1.76123
-1.76136
-1.76147
-1.76154
-1.80807
-1.80824
-1.80812
-1.80858
-1.80871
-1.80899
-1.80917
-1.8093
-1.80941
-1.80948
-1.8556
-1.85604
-1.85591
-1.85644
-1.85661
-1.85692
-1.85712
-1.85726
-1.85737
-1.85744
-1.90296
-1.90361
-1.90366
-1.90427
-1.90452
-1.90488
-1.90509
-1.90525
-1.90537
-1.90544
-1.95038
-1.95128
-1.95116
-1.95217
-1.95247
-1.95287
-1.9531
-1.95328
-1.9534
-1.95347
-1.01482
-1.01525
-1.0166
-1.03034
-1.03763
-1.04526
-1.05082
-1.05498
-1.05776
-1.0593
-1.06271
-1.06479
-1.06899
-1.07843
-1.08491
-1.09128
-1.096
-1.09957
-1.10196
-1.10326
-1.11081
-1.11299
-1.11911
-1.12629
-1.1324
-1.13777
-1.14184
-1.14488
-1.14692
-1.14801
-1.16057
-1.16174
-1.16889
-1.17476
-1.18025
-1.1847
-1.18818
-1.19075
-1.19251
-1.19343
-1.2109
-1.21225
-1.21775
-1.22376
-1.22842
-1.23215
-1.23501
-1.23714
-1.23863
-1.23938
-1.26266
-1.26398
-1.26745
-1.27328
-1.27679
-1.27988
-1.28221
-1.28394
-1.28517
-1.2858
-1.31464
-1.31626
-1.31783
-1.32283
-1.32533
-1.32785
-1.3297
-1.33108
-1.33208
-1.33259
-1.36598
-1.36813
-1.36834
-1.37233
-1.37398
-1.37598
-1.37743
-1.37851
-1.37929
-1.37971
-1.41658
-1.419
-1.41913
-1.42149
-1.42265
-1.42419
-1.42529
-1.42611
-1.42672
-1.42705
-1.46671
-1.46921
-1.46985
-1.47059
-1.47134
-1.47244
-1.47324
-1.47385
-1.47433
-1.47458
-1.5163
-1.51845
-1.51942
-1.51951
-1.51995
-1.52068
-1.52125
-1.52168
-1.52204
-1.52224
-1.56565
-1.56699
-1.56837
-1.56825
-1.56843
-1.56889
-1.56927
-1.56957
-1.56984
-1.56998
-1.61471
-1.61535
-1.61685
-1.61677
-1.61676
-1.61704
-1.61729
-1.61749
-1.61769
-1.6178
-1.66328
-1.66396
-1.66487
-1.66505
-1.66492
-1.66511
-1.66528
-1.66542
-1.66558
-1.66566
-1.71183
-1.71275
-1.71271
-1.7131
-1.71294
-1.71311
-1.71325
-1.71336
-1.71348
-1.71355
-1.76006
-1.76131
-1.7605
-1.76101
-1.76086
-1.76106
-1.76119
-1.7613
-1.76141
-1.76147
-1.80792
-1.80955
-1.80825
-1.80881
-1.80872
-1.80898
-1.80913
-1.80924
-1.80936
-1.80942
-1.85547
-1.85727
-1.85602
-1.85654
-1.85655
-1.85689
-1.85707
-1.85721
-1.85732
-1.85739
-1.90292
-1.90486
-1.90369
-1.90427
-1.9044
-1.90482
-1.90503
-1.9052
-1.90532
-1.90539
-1.95028
-1.95223
-1.95134
-1.9521
-1.95232
-1.9528
-1.95304
-1.95322
-1.95336
-1.95343
-1.01176
-1.00883
-1.01006
-1.02258
-1.03372
-1.04266
-1.04895
-1.0534
-1.05643
-1.05807
-1.06132
-1.06055
-1.06161
-1.07158
-1.0814
-1.08904
-1.0944
-1.0982
-1.10082
-1.10221
-1.11082
-1.1118
-1.11304
-1.12134
-1.12949
-1.13593
-1.14046
-1.14368
-1.14594
-1.1471
-1.16091
-1.16273
-1.16404
-1.17155
-1.17792
-1.18327
-1.18709
-1.18977
-1.19167
-1.19264
-1.21163
-1.21387
-1.2151
-1.22203
-1.22663
-1.23102
-1.23414
-1.23634
-1.23791
-1.23873
-1.26296
-1.26516
-1.26631
-1.27233
-1.27526
-1.27902
-1.28154
-1.28331
-1.28461
-1.28527
-1.3145
-1.31646
-1.3173
-1.3217
-1.3242
-1.32727
-1.32919
-1.33058
-1.33165
-1.33217
-1.36594
-1.3677
-1.36785
-1.37107
-1.37311
-1.37559
-1.37702
-1.3781
-1.37895
-1.37937
-1.41705
-1.41892
-1.41831
-1.42034
-1.42197
-1.4239
-1.42497
-1.42579
-1.42645
-1.42678
-1.46775
-1.46992
-1.46867
-1.46961
-1.47081
-1.47223
-1.47299
-1.47359
-1.47411
-1.47436
-1.5179
-1.5204
-1.51884
-1.51893
-1.51959
-1.52056
-1.52106
-1.52148
-1.52188
-1.52206
-1.56736
-1.57015
-1.5686
-1.56822
-1.56826
-1.56884
-1.56913
-1.56942
-1.56972
-1.56985
-1.61629
-1.61921
-1.61769
-1.61723
-1.61676
-1.61705
-1.61719
-1.61738
-1.6176
-1.6177
-1.66475
-1.66774
-1.66596
-1.66581
-1.66502
-1.66516
-1.66522
-1.66535
-1.66551
-1.66558
-1.71284
-1.71597
-1.71357
-1.71403
-1.71306
-1.71318
-1.7132
-1.7133
-1.71343
-1.71349
-1.76067
-1.76414
-1.76088
-1.76197
-1.76092
-1.76113
-1.76115
-1.76125
-1.76137
-1.76142
-1.80824
-1.8118
-1.80824
-1.80964
-1.80869
-1.80904
-1.80908
-1.8092
-1.80932
-1.80937
-1.8557
-1.8591
-1.8559
-1.85703
-1.85643
-1.85693
-1.85702
-1.85717
-1.85729
-1.85735
-1.90312
-1.90626
-1.90358
-1.9045
-1.90423
-1.90484
-1.90497
-1.90516
-1.90529
-1.90536
-1.95057
-1.95324
-1.95133
-1.95222
-1.95216
-1.95281
-1.95297
-1.95319
-1.95333
-1.9534
-1.01074
-0.99746
-1.00478
-1.02072
-1.03199
-1.04167
-1.04823
-1.05278
-1.05586
-1.05753
-1.06134
-1.05334
-1.05548
-1.07092
-1.07991
-1.0882
-1.09377
-1.09766
-1.10033
-1.10174
-1.11184
-1.10742
-1.10833
-1.12114
-1.12818
-1.13526
-1.13995
-1.14324
-1.14552
-1.1467
-1.16254
-1.16048
-1.16228
-1.17135
-1.17687
-1.1828
-1.18667
-1.1894
-1.19132
-1.1923
-1.2135
-1.21339
-1.21557
-1.22188
-1.22597
-1.2307
-1.23382
-1.23604
-1.23764
-1.23845
-1.26456
-1.26511
-1.26714
-1.27184
-1.27529
-1.27887
-1.28131
-1.28307
-1.28438
-1.28504
-1.31541
-1.31618
-1.31748
-1.32157
-1.32427
-1.32716
-1.32903
-1.3304
-1.33146
-1.33198
-1.36612
-1.36693
-1.36734
-1.37104
-1.37313
-1.37549
-1.3769
-1.37796
-1.3788
-1.37921
-1.41676
-1.41746
-1.41718
-1.42028
-1.42194
-1.42385
-1.42487
-1.42567
-1.42634
-1.42666
-1.46727
-1.46773
-1.46721
-1.46947
-1.47077
-1.47222
-1.47292
-1.47351
-1.47402
-1.47426
-1.51745
-1.51768
-1.51754
-1.5187
-1.51958
-1.52058
-1.52102
-1.52142
-1.52181
-1.52199
-1.56696
-1.56716
-1.56732
-1.56779
-1.56824
-1.56886
-1.56911
-1.56938
-1.56966
-1.56979
-1.61584
-1.61607
-1.61659
-1.61668
-1.6167
-1.61706
-1.61718
-1.61735
-1.61756
-1.61765
-1.66418
-1.6643
-1.66506
-1.66517
-1.66491
-1.66514
-1.6652
-1.66532
-1.66548
-1.66555
-1.71222
-1.71224
-1.71293
-1.71329
-1.71294
-1.71314
-1.71318
-1.71328
-1.71341
-1.71347
-1.76003
-1.75998
-1.76055
-1.76111
-1.76084
-1.76109
-1.76113
-1.76124
-1.76135
-1.7614
-1.80763
-1.80736
-1.80803
-1.80868
-1.80864
-1.80899
-1.80907
-1.80919
-1.80931
-1.80936
-1.85519
-1.85465
-1.85542
-1.85614
-1.85638
-1.85687
-1.857
-1.85716
-1.85729
-1.85734
-1.90253
-1.90194
-1.90275
-1.90367
-1.90414
-1.90477
-1.90495
-1.90515
-1.90529
-1.90536
-1.94979
-1.94926
-1.95032
-1.95144
-1.95204
-1.95273
-1.95295
-1.95318
-1.95333
-1.9534
-0.998499
-0.989212
-1.00874
-1.02403
-1.03458
-1.04271
-1.04878
-1.05315
-1.05609
-1.0577
-1.0523
-1.04442
-1.05839
-1.07308
-1.082
-1.08906
-1.09422
-1.09797
-1.1005
-1.10185
-1.10623
-1.09823
-1.10983
-1.12274
-1.12989
-1.13597
-1.14033
-1.1435
-1.14566
-1.14679
-1.16044
-1.1505
-1.16303
-1.17273
-1.17829
-1.18338
-1.18699
-1.18963
-1.19144
-1.19238
-1.2137
-1.2047
-1.21653
-1.22286
-1.22707
-1.23118
-1.23409
-1.23625
-1.23774
-1.23852
-1.26631
-1.26117
-1.26825
-1.27281
-1.27605
-1.27922
-1.28153
-1.28326
-1.28447
-1.2851
-1.31738
-1.31719
-1.31836
-1.32256
-1.32496
-1.32739
-1.3292
-1.33056
-1.33153
-1.33204
-1.36781
-1.37043
-1.36839
-1.37225
-1.37379
-1.37565
-1.37705
-1.37809
-1.37886
-1.37925
-1.41844
-1.42307
-1.41864
-1.42194
-1.42258
-1.42398
-1.42501
-1.42579
-1.42638
-1.42669
-1.46908
-1.4744
-1.46913
-1.4716
-1.4714
-1.47236
-1.47306
-1.47361
-1.47406
-1.47429
-1.51931
-1.52392
-1.52021
-1.52096
-1.52021
-1.52074
-1.52114
-1.52151
-1.52184
-1.52201
-1.56907
-1.57161
-1.57017
-1.56973
-1.56882
-1.56903
-1.56923
-1.56946
-1.56969
-1.56981
-1.61783
-1.61865
-1.61868
-1.61786
-1.61713
-1.61719
-1.61727
-1.61742
-1.61758
-1.61767
-1.66561
-1.66508
-1.66593
-1.66565
-1.66517
-1.66522
-1.66528
-1.66537
-1.66549
-1.66556
-1.71307
-1.71192
-1.71304
-1.71341
-1.71307
-1.71318
-1.71324
-1.71332
-1.71342
-1.71348
-1.76056
-1.75935
-1.76055
-1.7612
-1.76092
-1.7611
-1.76118
-1.76127
-1.76137
-1.76142
-1.80799
-1.80681
-1.8084
-1.80892
-1.80876
-1.809
-1.80912
-1.80922
-1.80933
-1.80938
-1.85538
-1.85421
-1.85599
-1.85657
-1.85659
-1.8569
-1.85706
-1.85719
-1.85731
-1.85737
-1.90267
-1.90159
-1.90341
-1.90423
-1.90441
-1.90482
-1.90503
-1.90519
-1.90532
-1.90538
-1.9497
-1.94914
-1.95095
-1.95202
-1.95232
-1.95279
-1.95304
-1.95323
-1.95336
-1.95343
-1.00978
-1.01152
-1.02163
-1.03029
-1.03838
-1.0451
-1.05041
-1.05433
-1.05699
-1.05846
-1.06005
-1.06184
-1.07127
-1.07877
-1.08551
-1.09116
-1.09563
-1.09896
-1.10124
-1.10248
-1.10994
-1.1128
-1.1214
-1.12765
-1.13313
-1.13783
-1.14156
-1.14435
-1.14628
-1.14731
-1.16236
-1.16456
-1.17188
-1.17676
-1.18113
-1.18497
-1.18805
-1.19036
-1.19197
-1.19282
-1.21405
-1.21604
-1.22199
-1.22591
-1.22937
-1.23247
-1.23498
-1.23687
-1.23819
-1.23889
-1.26456
-1.26718
-1.27168
-1.27498
-1.27775
-1.28023
-1.28225
-1.28377
-1.28485
-1.28541
-1.3139
-1.31736
-1.32105
-1.32398
-1.32618
-1.32817
-1.32977
-1.33098
-1.33184
-1.3323
-1.36353
-1.36585
-1.37042
-1.37296
-1.37466
-1.37623
-1.37749
-1.37843
-1.37911
-1.37947
-1.41451
-1.41576
-1.42
-1.42202
-1.42319
-1.42439
-1.42534
-1.42605
-1.42658
-1.42686
-1.465
-1.46697
-1.46972
-1.47102
-1.47172
-1.4726
-1.47329
-1.47381
-1.47421
-1.47443
-1.51589
-1.51798
-1.51917
-1.51985
-1.52016
-1.52081
-1.52129
-1.52166
-1.52195
-1.52212
-1.56671
-1.56823
-1.56813
-1.56847
-1.56851
-1.56898
-1.56931
-1.56956
-1.56977
-1.56989
-1.61662
-1.61779
-1.61665
-1.61684
-1.61674
-1.61708
-1.61731
-1.61749
-1.61764
-1.61773
-1.66533
-1.66513
-1.66477
-1.66495
-1.66484
-1.66512
-1.66529
-1.66542
-1.66554
-1.66561
-1.71328
-1.71229
-1.71274
-1.71294
-1.71285
-1.71312
-1.71326
-1.71336
-1.71346
-1.71352
-1.76088
-1.76021
-1.76065
-1.76085
-1.76079
-1.76107
-1.7612
-1.76131
-1.7614
-1.76146
-1.80822
-1.80825
-1.80837
-1.80867
-1.80867
-1.809
-1.80915
-1.80927
-1.80936
-1.80942
-1.85542
-1.85606
-1.85592
-1.85643
-1.85652
-1.85693
-1.8571
-1.85724
-1.85735
-1.8574
-1.9026
-1.90311
-1.9034
-1.90419
-1.90442
-1.90488
-1.90508
-1.90524
-1.90536
-1.90542
-1.95
-1.95039
-1.95086
-1.95205
-1.95238
-1.95288
-1.95311
-1.95329
-1.95341
-1.95348
-1.0208
-1.02381
-1.02983
-1.03625
-1.04256
-1.04808
-1.05259
-1.05599
-1.05831
-1.05961
-1.07014
-1.07296
-1.07805
-1.08368
-1.08902
-1.09367
-1.09747
-1.10036
-1.10236
-1.10344
-1.11987
-1.12236
-1.12663
-1.13156
-1.13603
-1.13992
-1.14311
-1.14554
-1.14723
-1.14813
-1.16978
-1.17192
-1.1756
-1.17978
-1.18347
-1.18669
-1.18934
-1.19137
-1.19278
-1.19352
-1.21994
-1.22159
-1.22483
-1.22822
-1.23123
-1.23387
-1.23604
-1.23771
-1.23887
-1.23949
-1.27021
-1.27141
-1.27414
-1.27679
-1.27922
-1.28135
-1.28311
-1.28446
-1.28541
-1.28591
-1.32039
-1.32129
-1.32339
-1.32542
-1.32737
-1.32905
-1.33046
-1.33155
-1.33231
-1.33271
-1.3702
-1.37146
-1.37261
-1.37412
-1.37562
-1.37692
-1.37803
-1.37888
-1.37949
-1.37981
-1.41921
-1.42124
-1.42176
-1.42288
-1.42395
-1.42492
-1.42576
-1.42642
-1.42689
-1.42714
-1.4686
-1.47084
-1.47085
-1.47162
-1.47231
-1.47299
-1.47361
-1.47409
-1.47445
-1.47465
-1.518
-1.52018
-1.51978
-1.52026
-1.52063
-1.52108
-1.52153
-1.52187
-1.52214
-1.52229
-1.56742
-1.56901
-1.56848
-1.56873
-1.56889
-1.56918
-1.56948
-1.56972
-1.56992
-1.57003
-1.61652
-1.61738
-1.61689
-1.617
-1.61706
-1.61723
-1.61744
-1.61761
-1.61775
-1.61784
-1.66514
-1.66539
-1.66502
-1.6651
-1.66512
-1.66524
-1.6654
-1.66552
-1.66563
-1.6657
-1.71331
-1.71327
-1.71297
-1.71307
-1.71311
-1.71322
-1.71335
-1.71345
-1.71354
-1.71359
-1.76109
-1.76109
-1.76084
-1.76098
-1.76104
-1.76116
-1.76129
-1.76139
-1.76147
-1.76152
-1.80857
-1.80875
-1.80863
-1.80884
-1.80894
-1.8091
-1.80924
-1.80934
-1.80943
-1.80948
-1.856
-1.85635
-1.85638
-1.85667
-1.85684
-1.85705
-1.85721
-1.85732
-1.85741
-1.85747
-1.90353
-1.90397
-1.90416
-1.90453
-1.90478
-1.90502
-1.9052
-1.90533
-1.90543
-1.90549
-1.95125
-1.95177
-1.95205
-1.95247
-1.95276
-1.95304
-1.95324
-1.95338
-1.95349
-1.95354
-1.03131
-1.0333
-1.03734
-1.04196
-1.04678
-1.05123
-1.05496
-1.05782
-1.05979
-1.0609
-1.07925
-1.08116
-1.08459
-1.08853
-1.09259
-1.09633
-1.09948
-1.10193
-1.10363
-1.10457
-1.12757
-1.12934
-1.13225
-1.13562
-1.13903
-1.14216
-1.14481
-1.14688
-1.14832
-1.1491
-1.17618
-1.1778
-1.18028
-1.18313
-1.18596
-1.18856
-1.19077
-1.1925
-1.19371
-1.19436
-1.22502
-1.22646
-1.22858
-1.23095
-1.23328
-1.23541
-1.23723
-1.23866
-1.23966
-1.24019
-1.27396
-1.27528
-1.27704
-1.27899
-1.28088
-1.28261
-1.28408
-1.28525
-1.28607
-1.28651
-1.32273
-1.32409
-1.32557
-1.32716
-1.32868
-1.33007
-1.33125
-1.33219
-1.33286
-1.33321
-1.37129
-1.3729
-1.37414
-1.37543
-1.37663
-1.37772
-1.37866
-1.3794
-1.37993
-1.38021
-1.42041
-1.42176
-1.42275
-1.42378
-1.42468
-1.42553
-1.42625
-1.42682
-1.42724
-1.42747
-1.46942
-1.47062
-1.47136
-1.47215
-1.4728
-1.47343
-1.47397
-1.47441
-1.47473
-1.4749
-1.51848
-1.51948
-1.51991
-1.52049
-1.52094
-1.52139
-1.52179
-1.52211
-1.52236
-1.52249
-1.56748
-1.56814
-1.56833
-1.56877
-1.56906
-1.56937
-1.56966
-1.5699
-1.57008
-1.57018
-1.61616
-1.61656
-1.6166
-1.61694
-1.61713
-1.61736
-1.61757
-1.61774
-1.61788
-1.61796
-1.66451
-1.66471
-1.66472
-1.66502
-1.66515
-1.66533
-1.66549
-1.66562
-1.66573
-1.66579
-1.71262
-1.71272
-1.71273
-1.71301
-1.71312
-1.71328
-1.71342
-1.71353
-1.71362
-1.71367
-1.76058
-1.76066
-1.76068
-1.76096
-1.76107
-1.76123
-1.76136
-1.76146
-1.76154
-1.76159
-1.80842
-1.80854
-1.80858
-1.80887
-1.809
-1.80918
-1.80931
-1.80942
-1.8095
-1.80954
-1.85617
-1.85637
-1.85645
-1.85678
-1.85694
-1.85714
-1.85729
-1.8574
-1.85748
-1.85753
-1.90393
-1.9042
-1.90434
-1.90471
-1.90491
-1.90513
-1.9053
-1.90542
-1.9055
-1.90555
-1.95182
-1.95211
-1.95229
-1.9527
-1.95292
-1.95317
-1.95334
-1.95347
-1.95356
-1.95361
-1.03968
-1.04079
-1.04348
-1.04692
-1.05065
-1.0542
-1.05723
-1.05959
-1.06123
-1.06216
-1.08655
-1.08755
-1.08984
-1.09274
-1.09588
-1.09887
-1.10145
-1.10348
-1.10491
-1.1057
-1.13382
-1.13475
-1.1367
-1.13915
-1.1418
-1.14431
-1.14649
-1.14822
-1.14944
-1.1501
-1.18143
-1.1823
-1.18397
-1.18605
-1.18826
-1.19037
-1.19219
-1.19364
-1.19467
-1.19522
-1.22932
-1.23014
-1.23157
-1.23332
-1.23516
-1.2369
-1.23841
-1.23962
-1.24048
-1.24094
-1.27743
-1.27819
-1.27941
-1.28087
-1.28239
-1.28382
-1.28506
-1.28605
-1.28676
-1.28714
-1.32568
-1.32639
-1.32742
-1.32863
-1.32987
-1.33104
-1.33204
-1.33285
-1.33342
-1.33373
-1.37406
-1.3747
-1.37557
-1.37654
-1.37755
-1.37848
-1.37929
-1.37993
-1.3804
-1.38064
-1.42264
-1.42314
-1.42381
-1.42458
-1.42537
-1.4261
-1.42674
-1.42725
-1.42761
-1.42781
-1.47117
-1.47163
-1.4721
-1.47269
-1.47329
-1.47385
-1.47434
-1.47474
-1.47502
-1.47518
-1.51969
-1.52009
-1.5204
-1.52083
-1.52127
-1.52169
-1.52206
-1.52236
-1.52258
-1.52271
-1.56814
-1.56845
-1.56864
-1.56895
-1.56927
-1.56958
-1.56986
-1.57009
-1.57026
-1.57035
-1.61647
-1.6167
-1.61681
-1.61704
-1.61727
-1.6175
-1.61771
-1.61789
-1.61802
-1.61809
-1.66467
-1.66482
-1.6649
-1.66508
-1.66525
-1.66543
-1.6656
-1.66573
-1.66584
-1.6659
-1.71276
-1.71286
-1.71293
-1.71308
-1.71322
-1.71337
-1.71351
-1.71362
-1.71371
-1.71376
-1.76076
-1.76084
-1.7609
-1.76104
-1.76117
-1.76132
-1.76144
-1.76154
-1.76162
-1.76167
-1.8087
-1.80877
-1.80885
-1.80899
-1.80913
-1.80928
-1.8094
-1.8095
-1.80957
-1.80961
-1.8566
-1.85668
-1.85678
-1.85695
-1.8571
-1.85725
-1.85738
-1.85748
-1.85756
-1.8576
-1.90452
-1.90461
-1.90474
-1.90493
-1.90509
-1.90526
-1.9054
-1.9055
-1.90558
-1.90562
-1.9525
-1.9526
-1.95275
-1.95295
-1.95313
-1.95331
-1.95345
-1.95356
-1.95364
-1.95368
-1.04531
-1.04615
-1.04818
-1.05087
-1.05383
-1.0567
-1.05917
-1.06111
-1.06247
-1.06324
-1.09143
-1.09215
-1.09387
-1.09612
-1.0986
-1.10103
-1.10315
-1.10484
-1.10604
-1.10671
-1.138
-1.13865
-1.14012
-1.14202
-1.1441
-1.14615
-1.14796
-1.14941
-1.15044
-1.15101
-1.18498
-1.18557
-1.18683
-1.18844
-1.19019
-1.19192
-1.19344
-1.19467
-1.19555
-1.19602
-1.23229
-1.23284
-1.23393
-1.23528
-1.23675
-1.23819
-1.23946
-1.24049
-1.24123
-1.24163
-1.27987
-1.28038
-1.28132
-1.28245
-1.28368
-1.28487
-1.28593
-1.28678
-1.28739
-1.28772
-1.32767
-1.32814
-1.32894
-1.32989
-1.3309
-1.33188
-1.33275
-1.33345
-1.33395
-1.33422
-1.37563
-1.37606
-1.37674
-1.37753
-1.37835
-1.37915
-1.37985
-1.38042
-1.38083
-1.38104
-1.42374
-1.42413
-1.42468
-1.42532
-1.42598
-1.42662
-1.42718
-1.42763
-1.42796
-1.42814
-1.47191
-1.47227
-1.47272
-1.47322
-1.47374
-1.47424
-1.47468
-1.47504
-1.4753
-1.47544
-1.52012
-1.52045
-1.52079
-1.52119
-1.52158
-1.52197
-1.52231
-1.52259
-1.5228
-1.52291
-1.56834
-1.56862
-1.56888
-1.56918
-1.56949
-1.56978
-1.57005
-1.57026
-1.57042
-1.57051
-1.61653
-1.61675
-1.61695
-1.61718
-1.61741
-1.61764
-1.61785
-1.61802
-1.61815
-1.61822
-1.66465
-1.66483
-1.66498
-1.66518
-1.66536
-1.66554
-1.6657
-1.66584
-1.66594
-1.666
-1.71271
-1.71286
-1.71299
-1.71315
-1.7133
-1.71346
-1.7136
-1.71371
-1.71379
-1.71384
-1.76073
-1.76086
-1.76097
-1.76112
-1.76126
-1.7614
-1.76152
-1.76162
-1.7617
-1.76174
-1.80871
-1.80883
-1.80894
-1.80909
-1.80922
-1.80936
-1.80948
-1.80957
-1.80964
-1.80968
-1.85668
-1.8568
-1.85692
-1.85707
-1.85721
-1.85735
-1.85746
-1.85755
-1.85762
-1.85766
-1.90466
-1.90479
-1.90492
-1.90508
-1.90522
-1.90537
-1.90548
-1.90558
-1.90564
-1.90568
-1.95269
-1.95282
-1.95296
-1.95313
-1.95328
-1.95342
-1.95354
-1.95364
-1.95371
-1.95374
-1.04921
-1.04995
-1.05159
-1.0538
-1.05624
-1.05861
-1.06067
-1.06229
-1.06343
-1.06408
-1.09482
-1.09544
-1.09681
-1.09865
-1.10069
-1.10271
-1.1045
-1.10593
-1.10695
-1.10752
-1.14091
-1.14146
-1.14262
-1.14418
-1.1459
-1.14761
-1.14914
-1.15038
-1.15127
-1.15176
-1.18744
-1.18794
-1.18894
-1.19025
-1.1917
-1.19315
-1.19445
-1.19551
-1.19627
-1.19669
-1.23434
-1.2348
-1.23566
-1.23678
-1.238
-1.23922
-1.24032
-1.24121
-1.24185
-1.2422
-1.28156
-1.28198
-1.28273
-1.28367
-1.2847
-1.28572
-1.28663
-1.28738
-1.28792
-1.28821
-1.32902
-1.32941
-1.33006
-1.33086
-1.33172
-1.33256
-1.33332
-1.33394
-1.33439
-1.33463
-1.3767
-1.37706
-1.37761
-1.37828
-1.37899
-1.37969
-1.38031
-1.38081
-1.38118
-1.38138
-1.42454
-1.42486
-1.42533
-1.42589
-1.42647
-1.42703
-1.42754
-1.42795
-1.42825
-1.42841
-1.4725
-1.47279
-1.47318
-1.47363
-1.4741
-1.47455
-1.47495
-1.47528
-1.47553
-1.47566
-1.52053
-1.52079
-1.5211
-1.52147
-1.52184
-1.5222
-1.52252
-1.52278
-1.52298
-1.52308
-1.5686
-1.56882
-1.56908
-1.56937
-1.56966
-1.56995
-1.5702
-1.57041
-1.57056
-1.57065
-1.61668
-1.61686
-1.61707
-1.6173
-1.61753
-1.61776
-1.61796
-1.61813
-1.61825
-1.61832
-1.66474
-1.66489
-1.66506
-1.66525
-1.66544
-1.66563
-1.66579
-1.66592
-1.66603
-1.66608
-1.71277
-1.71291
-1.71305
-1.71321
-1.71337
-1.71353
-1.71367
-1.71378
-1.71386
-1.71391
-1.76079
-1.76091
-1.76103
-1.76118
-1.76132
-1.76146
-1.76158
-1.76168
-1.76176
-1.7618
-1.8088
-1.80891
-1.80902
-1.80916
-1.8093
-1.80942
-1.80954
-1.80963
-1.80969
-1.80973
-1.85681
-1.85691
-1.85702
-1.85716
-1.85729
-1.85742
-1.85753
-1.85761
-1.85768
-1.85771
-1.90484
-1.90494
-1.90505
-1.90519
-1.90532
-1.90544
-1.90555
-1.90564
-1.9057
-1.90573
-1.9529
-1.953
-1.95311
-1.95325
-1.95338
-1.95351
-1.95362
-1.9537
-1.95376
-1.95379
-1.05187
-1.05249
-1.05389
-1.05579
-1.05789
-1.05993
-1.06171
-1.06312
-1.0641
-1.06467
-1.09716
-1.09767
-1.09881
-1.10038
-1.10214
-1.10389
-1.10545
-1.1067
-1.1076
-1.1081
-1.14295
-1.14339
-1.14435
-1.14566
-1.14715
-1.14864
-1.14998
-1.15107
-1.15186
-1.1523
-1.18919
-1.18958
-1.1904
-1.19151
-1.19276
-1.19403
-1.19517
-1.19612
-1.1968
-1.19717
-1.23583
-1.23618
-1.23688
-1.23783
-1.23889
-1.23996
-1.24093
-1.24173
-1.24231
-1.24262
-1.2828
-1.28312
-1.28373
-1.28453
-1.28542
-1.28632
-1.28714
-1.28782
-1.28831
-1.28857
-1.33006
-1.33034
-1.33087
-1.33155
-1.3323
-1.33306
-1.33374
-1.3343
-1.33471
-1.33493
-1.37754
-1.3778
-1.37825
-1.37883
-1.37945
-1.38008
-1.38064
-1.38111
-1.38145
-1.38163
-1.42521
-1.42544
-1.42583
-1.42631
-1.42682
-1.42734
-1.4278
-1.42818
-1.42846
-1.42861
-1.47302
-1.47322
-1.47354
-1.47394
-1.47437
-1.47479
-1.47516
-1.47547
-1.4757
-1.47582
-1.52092
-1.5211
-1.52137
-1.52169
-1.52204
-1.52238
-1.52268
-1.52293
-1.52311
-1.52321
-1.56888
-1.56904
-1.56926
-1.56953
-1.5698
-1.57008
-1.57032
-1.57052
-1.57067
-1.57075
-1.61688
-1.61701
-1.61719
-1.61741
-1.61764
-1.61786
-1.61806
-1.61822
-1.61834
-1.6184
-1.66488
-1.665
-1.66515
-1.66533
-1.66552
-1.6657
-1.66586
-1.66599
-1.66609
-1.66615
-1.71288
-1.71299
-1.71312
-1.71328
-1.71343
-1.71359
-1.71373
-1.71384
-1.71392
-1.71397
-1.76089
-1.76099
-1.7611
-1.76124
-1.76138
-1.76152
-1.76164
-1.76173
-1.7618
-1.76184
-1.8089
-1.80899
-1.8091
-1.80923
-1.80935
-1.80948
-1.80959
-1.80967
-1.80974
-1.80977
-1.85692
-1.85701
-1.85711
-1.85723
-1.85736
-1.85747
-1.85758
-1.85766
-1.85772
-1.85775
-1.90496
-1.90505
-1.90515
-1.90527
-1.90539
-1.9055
-1.9056
-1.90568
-1.90574
-1.90577
-1.95304
-1.95312
-1.95322
-1.95334
-1.95346
-1.95357
-1.95367
-1.95375
-1.9538
-1.95383
-1.05332
-1.0539
-1.05517
-1.0569
-1.05882
-1.06069
-1.06232
-1.0636
-1.0645
-1.065
-1.0984
-1.09887
-1.0999
-1.10133
-1.10294
-1.10455
-1.10598
-1.10714
-1.10797
-1.10842
-1.144
-1.1444
-1.14526
-1.14646
-1.14782
-1.14919
-1.15044
-1.15146
-1.15219
-1.15259
-1.19008
-1.19043
-1.19116
-1.19217
-1.19333
-1.1945
-1.19557
-1.19645
-1.19709
-1.19743
-1.23658
-1.23689
-1.23751
-1.23838
-1.23935
-1.24035
-1.24126
-1.24201
-1.24256
-1.24285
-1.28342
-1.2837
-1.28425
-1.28498
-1.28581
-1.28665
-1.28742
-1.28805
-1.28852
-1.28876
-1.33057
-1.33082
-1.33129
-1.33192
-1.33261
-1.33332
-1.33396
-1.33449
-1.33488
-1.33509
-1.37796
-1.37818
-1.37859
-1.37912
-1.3797
-1.38029
-1.38082
-1.38127
-1.38159
-1.38176
-1.42554
-1.42574
-1.42609
-1.42653
-1.42702
-1.4275
-1.42795
-1.42831
-1.42858
-1.42872
-1.47326
-1.47345
-1.47375
-1.47412
-1.47451
-1.47491
-1.47527
-1.47557
-1.47579
-1.4759
-1.5211
-1.52127
-1.52152
-1.52182
-1.52215
-1.52247
-1.52277
-1.52301
-1.52319
-1.52328
-1.56901
-1.56916
-1.56937
-1.56962
-1.56989
-1.57015
-1.57039
-1.57058
-1.57073
-1.5708
-1.61696
-1.61709
-1.61727
-1.61748
-1.6177
-1.61791
-1.61811
-1.61826
-1.61838
-1.61844
-1.66494
-1.66506
-1.66521
-1.66538
-1.66556
-1.66574
-1.6659
-1.66603
-1.66613
-1.66618
-1.71293
-1.71304
-1.71317
-1.71332
-1.71347
-1.71362
-1.71376
-1.71387
-1.71395
-1.71399
-1.76093
-1.76103
-1.76114
-1.76128
-1.76142
-1.76155
-1.76167
-1.76176
-1.76183
-1.76187
-1.80894
-1.80903
-1.80914
-1.80927
-1.80939
-1.80951
-1.80961
-1.8097
-1.80976
-1.8098
-1.85697
-1.85706
-1.85716
-1.85728
-1.85739
-1.8575
-1.8576
-1.85768
-1.85774
-1.85777
-1.90502
-1.90511
-1.9052
-1.90532
-1.90543
-1.90554
-1.90563
-1.90571
-1.90576
-1.90579
-1.9531
-1.95319
-1.95328
-1.95339
-1.9535
-1.95361
-1.9537
-1.95377
-1.95382
-1.95385
)
;

boundaryField
{
    lowerSideWalls
    {
        type            calculated;
        value           nonuniform List<scalar> 
800
(
253.635
210.168
171.573
138.001
109.057
83.948
62.3762
43.3012
25.5715
19.3266
2.00495
-0.724241
-0.878163
-0.833626
-0.815907
-0.847644
-0.892672
-0.935472
-0.976843
-1.019
256.306
212.741
173.977
140.132
110.83
85.2878
63.1904
43.4984
25.1751
16.5197
0.989107
-0.807562
-0.869492
-0.826882
-0.818876
-0.852472
-0.895798
-0.937188
-0.977954
-1.0198
261.172
217.44
178.38
144.06
114.115
87.7784
64.7023
43.8088
24.1118
11.2515
-0.110905
-0.842265
-0.855582
-0.822267
-0.826443
-0.860909
-0.90125
-0.939982
-0.97985
-1.0212
267.612
223.66
184.209
149.268
118.476
91.0827
66.7153
44.2318
22.7527
6.77487
-0.503525
-0.800848
-0.834333
-0.820017
-0.833679
-0.868174
-0.905326
-0.942748
-0.982012
-1.02293
274.863
230.663
190.762
155.117
123.371
94.7912
69.0068
44.8607
21.9163
4.70557
-0.543379
-0.748485
-0.808032
-0.814783
-0.838025
-0.872303
-0.908017
-0.945067
-0.984053
-1.02468
282.15
237.698
197.333
160.975
128.267
98.5017
71.3302
45.6345
21.5739
3.77401
-0.521541
-0.704496
-0.780798
-0.808194
-0.838988
-0.873518
-0.909364
-0.946709
-0.985733
-1.02627
288.783
244.099
203.304
166.29
132.703
101.862
73.4447
46.3861
21.3703
3.18385
-0.542003
-0.684191
-0.760187
-0.801316
-0.836811
-0.872716
-0.909627
-0.947638
-0.986947
-1.02755
294.215
249.338
208.185
170.63
136.32
104.598
75.1607
46.9805
21.1092
2.67606
-0.576068
-0.673591
-0.745355
-0.793555
-0.832893
-0.870909
-0.90917
-0.947993
-0.987718
-1.02849
298.046
253.032
211.625
173.685
138.863
106.518
76.3564
47.3643
20.8202
2.31213
-0.590836
-0.667503
-0.735704
-0.786742
-0.829119
-0.869079
-0.908519
-0.948062
-0.988174
-1.02911
300.022
254.937
213.397
175.258
140.171
107.505
76.9669
47.5456
20.6356
2.13423
-0.584271
-0.659509
-0.72792
-0.781604
-0.826586
-0.868029
-0.908215
-0.948151
-0.988457
-1.02947
300.022
254.937
213.397
175.258
140.171
107.505
76.9669
47.5456
20.6356
2.13423
-0.584271
-0.659509
-0.72792
-0.781604
-0.826586
-0.868029
-0.908215
-0.948151
-0.988457
-1.02947
298.08
253.065
211.656
173.714
138.888
106.539
76.3709
47.3722
20.8218
2.31032
-0.589603
-0.666594
-0.735104
-0.786384
-0.828858
-0.868867
-0.908344
-0.947909
-0.988036
-1.02898
294.318
249.439
208.281
170.717
136.396
104.66
75.2048
47.0047
21.1129
2.6748
-0.572065
-0.671591
-0.743847
-0.792396
-0.832049
-0.870254
-0.908635
-0.947534
-0.987311
-1.02812
288.992
244.303
203.498
166.468
132.858
101.987
73.5341
46.4354
21.3743
3.17444
-0.535059
-0.680905
-0.757923
-0.79914
-0.83516
-0.871463
-0.908594
-0.946743
-0.986155
-1.02684
282.501
238.041
197.661
161.276
128.529
98.7129
71.4797
45.7168
21.5918
3.7668
-0.512864
-0.699651
-0.778194
-0.805294
-0.836409
-0.871569
-0.907753
-0.945286
-0.984458
-1.02513
275.392
231.181
191.256
155.572
123.767
95.1081
69.2251
44.9694
21.9378
4.69942
-0.520302
-0.735386
-0.804118
-0.811785
-0.834855
-0.869694
-0.905816
-0.943062
-0.982219
-1.02303
268.349
224.382
184.9
149.904
119.029
91.5202
67.0039
44.3406
22.6938
6.54635
-0.484843
-0.779654
-0.829449
-0.817715
-0.83072
-0.865188
-0.902598
-0.940156
-0.97957
-1.02069
262.137
218.386
179.286
144.894
114.839
88.3462
65.0625
43.9086
23.9568
10.5068
-0.164699
-0.820015
-0.8523
-0.821664
-0.824634
-0.858032
-0.898126
-0.936805
-0.976756
-1.01831
257.499
213.914
175.099
141.164
111.723
85.9845
63.6208
43.5967
24.9319
15.1674
0.75029
-0.794017
-0.872547
-0.82787
-0.818156
-0.849799
-0.892258
-0.933388
-0.974172
-1.01622
255.032
211.539
172.883
139.201
110.091
84.7496
62.8641
43.4147
25.2791
17.7984
1.63922
-0.738493
-0.880961
-0.834472
-0.814838
-0.844311
-0.888433
-0.930957
-0.972346
-1.01473
255.06
211.564
172.903
139.214
110.098
84.7529
62.8591
43.4022
25.2586
17.9486
1.76197
-0.734107
-0.880251
-0.833699
-0.813825
-0.842994
-0.887273
-0.930102
-0.971639
-1.01412
257.591
213.999
175.174
141.224
111.77
86.0204
63.6465
43.6242
24.9647
15.6108
0.869139
-0.803956
-0.867383
-0.824871
-0.814116
-0.845781
-0.889094
-0.930975
-0.972112
-1.0144
262.284
218.526
179.413
145.003
114.927
88.4166
65.1183
43.9697
24.0583
10.9473
-0.0919286
-0.826953
-0.852306
-0.817861
-0.819155
-0.852735
-0.893823
-0.933155
-0.973506
-1.01541
268.535
224.561
185.065
150.049
119.15
91.6159
67.0767
44.4044
22.7616
6.69406
-0.46435
-0.785065
-0.829435
-0.813335
-0.82465
-0.859311
-0.897412
-0.935454
-0.975282
-1.01681
275.6
231.382
191.444
155.74
123.908
95.2196
69.3053
45.0212
21.9439
4.6851
-0.515063
-0.736597
-0.802015
-0.806224
-0.828123
-0.863214
-0.89976
-0.937407
-0.977014
-1.0183
282.719
238.253
197.859
161.454
128.681
98.8333
71.5642
45.7639
21.5853
3.73699
-0.503819
-0.694934
-0.772694
-0.798058
-0.828819
-0.864246
-0.900779
-0.938751
-0.978439
-1.01967
289.212
244.517
203.7
166.65
133.014
102.112
73.6212
46.4833
21.3761
3.1628
-0.523392
-0.672402
-0.749633
-0.790504
-0.826606
-0.863191
-0.900745
-0.939425
-0.979436
-1.02076
294.537
249.651
208.482
170.899
136.552
104.784
75.2924
47.0529
21.119
2.67175
-0.559733
-0.660606
-0.733627
-0.782527
-0.822477
-0.861107
-0.900041
-0.939572
-0.980032
-1.02155
298.296
253.276
211.854
173.893
139.043
106.662
76.4577
47.4194
20.8282
2.31263
-0.574986
-0.653862
-0.723567
-0.775482
-0.818454
-0.859056
-0.899206
-0.939489
-0.980363
-1.02207
300.236
255.145
213.594
175.437
140.324
107.627
77.0528
47.5913
20.6406
2.1404
-0.567588
-0.645367
-0.715451
-0.770035
-0.815711
-0.857866
-0.898793
-0.939494
-0.980582
-1.02238
253.773
210.321
171.74
138.164
109.193
84.0319
62.3646
43.1768
25.2889
18.5833
1.91206
-0.701363
-0.836078
-0.797558
-0.788165
-0.825909
-0.874935
-0.92084
-0.964633
-1.00874
256.471
212.919
174.162
140.312
110.985
85.3973
63.2196
43.4355
25.0053
16.2567
1.02415
-0.774898
-0.829586
-0.792445
-0.791031
-0.830308
-0.878214
-0.922506
-0.965693
-1.0095
261.366
217.64
178.584
144.256
114.288
87.9112
64.7722
43.8151
24.0832
11.3067
-0.0392058
-0.807744
-0.824212
-0.792641
-0.800898
-0.839896
-0.883938
-0.925725
-0.967909
-1.01114
267.829
223.878
184.427
149.475
118.66
91.2287
66.81
44.2778
22.7697
6.82227
-0.455926
-0.773573
-0.809472
-0.795432
-0.81142
-0.849334
-0.889546
-0.929427
-0.970699
-1.0133
275.092
230.891
190.986
155.327
123.557
94.9411
69.1111
44.9199
21.9279
4.7015
-0.513118
-0.726254
-0.788018
-0.794485
-0.819122
-0.855905
-0.893894
-0.932861
-0.973517
-1.01561
282.382
237.928
197.555
161.181
128.448
98.6485
71.4346
45.6948
21.5796
3.75767
-0.498398
-0.685415
-0.763741
-0.791088
-0.823046
-0.859306
-0.896773
-0.935602
-0.975989
-1.01777
289.013
244.325
203.52
166.488
132.876
102.002
73.5445
46.4434
21.3776
3.17887
-0.522095
-0.667912
-0.745147
-0.78673
-0.823161
-0.860215
-0.898311
-0.937485
-0.977912
-1.01958
294.439
249.556
208.393
170.819
136.484
104.73
75.2546
47.0334
21.118
2.67679
-0.559361
-0.658796
-0.731755
-0.780712
-0.820757
-0.859618
-0.898808
-0.93858
-0.979248
-1.02094
298.264
253.244
211.825
173.867
139.02
106.644
76.4452
47.4129
20.827
2.31475
-0.575206
-0.653581
-0.723064
-0.774856
-0.817861
-0.858547
-0.898783
-0.939149
-0.980094
-1.02186
300.236
255.145
213.594
175.437
140.324
107.627
77.0528
47.5913
20.6406
2.1404
-0.567588
-0.645367
-0.715451
-0.770035
-0.815711
-0.857866
-0.898793
-0.939494
-0.980582
-1.02238
)
;
    }
    upperSideWalls
    {
        type            calculated;
        value           nonuniform List<scalar> 
800
(
-1.06196
-1.10562
-1.15
-1.19501
-1.2406
-1.28668
-1.33319
-1.38003
-1.42716
-1.47451
-1.52202
-1.56967
-1.61741
-1.66522
-1.71308
-1.76099
-1.80893
-1.8569
-1.9049
-1.95294
-1.06255
-1.1061
-1.15041
-1.19538
-1.24093
-1.28699
-1.33346
-1.38028
-1.42739
-1.47471
-1.52221
-1.56984
-1.61756
-1.66536
-1.71321
-1.76111
-1.80904
-1.857
-1.905
-1.95303
-1.06366
-1.10702
-1.1512
-1.19607
-1.24155
-1.28753
-1.33394
-1.38071
-1.42776
-1.47503
-1.52249
-1.57008
-1.61777
-1.66555
-1.71338
-1.76126
-1.80918
-1.85713
-1.90513
-1.95316
-1.06508
-1.10823
-1.15225
-1.19699
-1.24235
-1.28824
-1.33456
-1.38125
-1.42822
-1.47543
-1.52283
-1.57037
-1.61802
-1.66576
-1.71357
-1.76143
-1.80933
-1.85728
-1.90527
-1.95329
-1.0666
-1.10957
-1.15342
-1.19802
-1.24325
-1.28903
-1.33525
-1.38183
-1.42873
-1.47586
-1.52319
-1.57068
-1.61829
-1.66599
-1.71377
-1.7616
-1.80949
-1.85743
-1.90541
-1.95343
-1.06805
-1.11087
-1.15458
-1.19905
-1.24416
-1.28982
-1.33593
-1.38242
-1.42923
-1.47628
-1.52355
-1.57098
-1.61854
-1.66621
-1.71395
-1.76177
-1.80964
-1.85757
-1.90554
-1.95356
-1.06929
-1.11203
-1.15563
-1.19998
-1.24498
-1.29054
-1.33655
-1.38296
-1.42968
-1.47667
-1.52387
-1.57125
-1.61877
-1.6664
-1.71412
-1.76192
-1.80978
-1.85769
-1.90566
-1.95367
-1.07026
-1.11295
-1.15648
-1.20075
-1.24566
-1.29113
-1.33707
-1.38339
-1.43005
-1.47698
-1.52414
-1.57147
-1.61895
-1.66656
-1.71426
-1.76204
-1.80988
-1.85779
-1.90575
-1.95376
-1.07093
-1.11361
-1.15709
-1.2013
-1.24615
-1.29156
-1.33744
-1.38371
-1.43032
-1.47721
-1.52433
-1.57163
-1.61909
-1.66667
-1.71436
-1.76213
-1.80996
-1.85786
-1.90582
-1.95382
-1.0713
-1.11397
-1.15742
-1.2016
-1.24642
-1.29179
-1.33764
-1.38388
-1.43047
-1.47733
-1.52443
-1.57172
-1.61917
-1.66674
-1.71441
-1.76217
-1.81
-1.8579
-1.90585
-1.95386
-1.0713
-1.11397
-1.15742
-1.2016
-1.24642
-1.29179
-1.33764
-1.38388
-1.43047
-1.47733
-1.52443
-1.57172
-1.61917
-1.66674
-1.71441
-1.76217
-1.81
-1.8579
-1.90585
-1.95386
-1.07082
-1.11351
-1.15701
-1.20124
-1.24611
-1.29152
-1.33741
-1.3837
-1.43031
-1.47721
-1.52433
-1.57164
-1.6191
-1.66669
-1.71437
-1.76214
-1.80998
-1.85788
-1.90583
-1.95384
-1.06994
-1.11268
-1.15625
-1.20056
-1.24552
-1.29102
-1.33698
-1.38334
-1.43002
-1.47697
-1.52413
-1.57148
-1.61897
-1.66658
-1.71429
-1.76207
-1.80992
-1.85782
-1.90578
-1.95379
-1.06867
-1.1115
-1.15518
-1.19962
-1.24469
-1.29031
-1.33639
-1.38284
-1.42961
-1.47664
-1.52387
-1.57127
-1.61881
-1.66645
-1.71418
-1.76198
-1.80984
-1.85776
-1.90572
-1.95374
-1.06704
-1.11001
-1.15385
-1.19845
-1.24368
-1.28945
-1.33566
-1.38224
-1.42912
-1.47624
-1.52355
-1.57101
-1.6186
-1.66628
-1.71404
-1.76187
-1.80975
-1.85768
-1.90565
-1.95367
-1.06513
-1.10829
-1.15234
-1.19714
-1.24255
-1.28849
-1.33485
-1.38157
-1.42857
-1.47579
-1.52319
-1.57071
-1.61836
-1.6661
-1.7139
-1.76175
-1.80965
-1.85759
-1.90557
-1.9536
-1.06307
-1.10649
-1.15078
-1.19579
-1.2414
-1.28751
-1.33404
-1.38089
-1.42802
-1.47532
-1.5228
-1.57043
-1.61815
-1.66593
-1.71376
-1.76164
-1.80956
-1.85751
-1.9055
-1.95353
-1.06105
-1.10475
-1.14928
-1.1945
-1.2403
-1.28658
-1.33327
-1.38023
-1.42746
-1.47491
-1.52249
-1.57018
-1.61795
-1.66577
-1.71364
-1.76154
-1.80948
-1.85744
-1.90544
-1.95347
-1.0593
-1.10326
-1.14801
-1.19343
-1.23938
-1.2858
-1.33259
-1.37971
-1.42705
-1.47458
-1.52224
-1.56998
-1.6178
-1.66566
-1.71355
-1.76147
-1.80942
-1.85739
-1.90539
-1.95343
-1.05807
-1.10221
-1.1471
-1.19264
-1.23873
-1.28527
-1.33217
-1.37937
-1.42678
-1.47436
-1.52206
-1.56985
-1.6177
-1.66558
-1.71349
-1.76142
-1.80937
-1.85735
-1.90536
-1.9534
-1.05753
-1.10174
-1.1467
-1.1923
-1.23845
-1.28504
-1.33198
-1.37921
-1.42666
-1.47426
-1.52199
-1.56979
-1.61765
-1.66555
-1.71347
-1.7614
-1.80936
-1.85734
-1.90536
-1.9534
-1.0577
-1.10185
-1.14679
-1.19238
-1.23852
-1.2851
-1.33204
-1.37925
-1.42669
-1.47429
-1.52201
-1.56981
-1.61767
-1.66556
-1.71348
-1.76142
-1.80938
-1.85737
-1.90538
-1.95343
-1.05846
-1.10248
-1.14731
-1.19282
-1.23889
-1.28541
-1.3323
-1.37947
-1.42686
-1.47443
-1.52212
-1.56989
-1.61773
-1.66561
-1.71352
-1.76146
-1.80942
-1.8574
-1.90542
-1.95348
-1.05961
-1.10344
-1.14813
-1.19352
-1.23949
-1.28591
-1.33271
-1.37981
-1.42714
-1.47465
-1.52229
-1.57003
-1.61784
-1.6657
-1.71359
-1.76152
-1.80948
-1.85747
-1.90549
-1.95354
-1.0609
-1.10457
-1.1491
-1.19436
-1.24019
-1.28651
-1.33321
-1.38021
-1.42747
-1.4749
-1.52249
-1.57018
-1.61796
-1.66579
-1.71367
-1.76159
-1.80954
-1.85753
-1.90555
-1.95361
-1.06216
-1.1057
-1.1501
-1.19522
-1.24094
-1.28714
-1.33373
-1.38064
-1.42781
-1.47518
-1.52271
-1.57035
-1.61809
-1.6659
-1.71376
-1.76167
-1.80961
-1.8576
-1.90562
-1.95368
-1.06324
-1.10671
-1.15101
-1.19602
-1.24163
-1.28772
-1.33422
-1.38104
-1.42814
-1.47544
-1.52291
-1.57051
-1.61822
-1.666
-1.71384
-1.76174
-1.80968
-1.85766
-1.90568
-1.95374
-1.06408
-1.10752
-1.15176
-1.19669
-1.2422
-1.28821
-1.33463
-1.38138
-1.42841
-1.47566
-1.52308
-1.57065
-1.61832
-1.66608
-1.71391
-1.7618
-1.80973
-1.85771
-1.90573
-1.95379
-1.06467
-1.1081
-1.1523
-1.19717
-1.24262
-1.28857
-1.33493
-1.38163
-1.42861
-1.47582
-1.52321
-1.57075
-1.6184
-1.66615
-1.71397
-1.76184
-1.80977
-1.85775
-1.90577
-1.95383
-1.065
-1.10842
-1.15259
-1.19743
-1.24285
-1.28876
-1.33509
-1.38176
-1.42872
-1.4759
-1.52328
-1.5708
-1.61844
-1.66618
-1.71399
-1.76187
-1.8098
-1.85777
-1.90579
-1.95385
-1.05332
-1.0984
-1.144
-1.19008
-1.23658
-1.28342
-1.33057
-1.37796
-1.42554
-1.47326
-1.5211
-1.56901
-1.61696
-1.66494
-1.71293
-1.76093
-1.80894
-1.85697
-1.90502
-1.9531
-1.0539
-1.09887
-1.1444
-1.19043
-1.23689
-1.2837
-1.33082
-1.37818
-1.42574
-1.47345
-1.52127
-1.56916
-1.61709
-1.66506
-1.71304
-1.76103
-1.80903
-1.85706
-1.90511
-1.95319
-1.05517
-1.0999
-1.14526
-1.19116
-1.23751
-1.28425
-1.33129
-1.37859
-1.42609
-1.47375
-1.52152
-1.56937
-1.61727
-1.66521
-1.71317
-1.76114
-1.80914
-1.85716
-1.9052
-1.95328
-1.0569
-1.10133
-1.14646
-1.19217
-1.23838
-1.28498
-1.33192
-1.37912
-1.42653
-1.47412
-1.52182
-1.56962
-1.61748
-1.66538
-1.71332
-1.76128
-1.80927
-1.85728
-1.90532
-1.95339
-1.05882
-1.10294
-1.14782
-1.19333
-1.23935
-1.28581
-1.33261
-1.3797
-1.42702
-1.47451
-1.52215
-1.56989
-1.6177
-1.66556
-1.71347
-1.76142
-1.80939
-1.85739
-1.90543
-1.9535
-1.06069
-1.10455
-1.14919
-1.1945
-1.24035
-1.28665
-1.33332
-1.38029
-1.4275
-1.47491
-1.52247
-1.57015
-1.61791
-1.66574
-1.71362
-1.76155
-1.80951
-1.8575
-1.90554
-1.95361
-1.06232
-1.10598
-1.15044
-1.19557
-1.24126
-1.28742
-1.33396
-1.38082
-1.42795
-1.47527
-1.52277
-1.57039
-1.61811
-1.6659
-1.71376
-1.76167
-1.80961
-1.8576
-1.90563
-1.9537
-1.0636
-1.10714
-1.15146
-1.19645
-1.24201
-1.28805
-1.33449
-1.38127
-1.42831
-1.47557
-1.52301
-1.57058
-1.61826
-1.66603
-1.71387
-1.76176
-1.8097
-1.85768
-1.90571
-1.95377
-1.0645
-1.10797
-1.15219
-1.19709
-1.24256
-1.28852
-1.33488
-1.38159
-1.42858
-1.47579
-1.52319
-1.57073
-1.61838
-1.66613
-1.71395
-1.76183
-1.80976
-1.85774
-1.90576
-1.95382
-1.065
-1.10842
-1.15259
-1.19743
-1.24285
-1.28876
-1.33509
-1.38176
-1.42872
-1.4759
-1.52328
-1.5708
-1.61844
-1.66618
-1.71399
-1.76187
-1.8098
-1.85777
-1.90579
-1.95385
)
;
    }
    lowerWall
    {
        type            calculated;
        value           nonuniform List<scalar> 
200
(
278.16
270.135
253.447
227.27
189.106
128.898
52.4349
15.9378
13.9299
20.9924
21.2732
14.4136
15.5693
51.1633
127.483
188.547
227.192
253.502
270.249
278.298
280.831
273.274
257.636
233.148
198.676
149.258
81.0452
25.657
17.681
13.6611
13.7816
16.576
24.7639
80.3371
148.592
198.491
233.194
257.753
273.426
280.996
285.697
278.936
265.059
243.476
213.476
173.546
121.392
61.1528
25.0905
16.0422
16.6064
25.9615
62.933
121.569
173.587
213.608
243.648
265.243
279.128
285.891
292.137
286.351
274.591
256.555
231.893
200.552
163.185
121.568
81.2631
54.4589
55.9897
83.2331
122.633
163.705
200.906
232.181
256.811
274.824
286.572
292.354
299.388
294.609
284.996
270.509
251.201
227.481
200.883
174.219
150.094
130.831
131.428
151.105
174.971
201.434
227.889
251.537
270.798
285.253
294.847
299.617
306.675
302.817
295.138
283.761
268.983
251.434
232.43
214.369
199.929
190.844
190.93
200.362
214.874
232.874
251.806
269.307
284.047
295.396
303.058
306.907
313.308
310.216
304.118
295.222
283.921
270.887
257.206
244.445
234.489
229.029
229.034
234.713
244.77
257.539
271.2
284.211
295.49
304.367
310.453
313.538
318.74
316.225
311.306
304.227
295.401
285.46
275.298
266.047
258.931
255.051
255.074
259.072
266.266
275.552
285.721
295.657
304.473
311.542
316.454
318.964
322.571
320.439
316.295
310.393
303.141
295.118
287.081
279.913
274.507
271.601
271.629
274.611
280.081
287.288
295.344
303.372
310.622
316.52
320.66
322.789
324.547
322.605
318.843
313.517
307.026
299.917
292.874
286.662
282.024
279.557
279.585
282.116
286.809
293.06
300.125
307.244
313.737
319.062
322.821
324.761
)
;
    }
    atmosphere
    {
        type            calculated;
        value           nonuniform List<scalar> 0();
    }
    procBoundary1to0
    {
        type            processor;
        value           nonuniform List<scalar> 
800
(
253.525
210.062
171.475
137.919
108.997
83.9125
62.3686
43.3128
25.617
19.0568
1.84217
-0.717898
-0.872743
-0.832537
-0.815897
-0.847545
-0.892513
-0.935343
-0.976769
-1.01899
245.496
202.111
163.934
131.122
103.171
79.1457
58.7362
40.9596
23.9238
18.635
4.28
-0.847913
-0.975909
-0.944761
-0.874119
-0.861964
-0.894183
-0.934072
-0.97502
-1.01733
228.81
185.523
148.208
117.064
91.175
69.2809
51.1532
36.1462
20.0042
13.7739
5.45786
-0.807549
-0.881833
-0.868342
-0.85702
-0.860949
-0.891496
-0.93052
-0.971889
-1.0145
202.663
159.667
124.833
96.7649
73.8229
55.2052
39.9685
27.8916
17.2125
12.0777
2.64942
-0.7109
-0.799596
-0.808844
-0.823917
-0.847049
-0.883529
-0.924478
-0.966988
-1.01027
164.445
118.008
89.9635
66.8422
46.6239
31.9853
20.0127
11.1109
5.30162
6.33866
-0.439726
-0.672541
-0.681715
-0.744076
-0.786305
-0.82732
-0.87119
-0.915677
-0.960144
-1.00449
103.793
38.2671
6.18712
4.42339
2.56407
0.791831
-0.0854984
0.158196
2.24901
-1.11636
-0.622393
-0.598457
-0.643302
-0.700583
-0.754291
-0.805975
-0.855805
-0.904039
-0.950844
-0.996441
33.7237
9.29008
7.09469
5.03623
3.60248
2.79885
2.33056
2.27986
1.84366
0.0449184
-0.423634
-0.502631
-0.58032
-0.657767
-0.726213
-0.788081
-0.844131
-0.895128
-0.942349
-0.987502
13.0123
9.79376
7.92566
5.2714
3.27534
2.33219
1.88628
1.70324
1.42418
0.698457
-0.0407791
-0.391243
-0.507191
-0.6002
-0.682207
-0.75258
-0.816789
-0.879146
-0.930538
-0.976219
17.9442
11.3533
8.7084
5.56874
3.17033
2.41197
2.04025
1.75991
1.39004
0.624414
-0.0455467
-0.347267
-0.46223
-0.550738
-0.641372
-0.725593
-0.797021
-0.859829
-0.915302
-0.965471
17.6071
10.3835
7.88471
5.47598
3.7603
2.67884
2.22115
1.84752
1.3644
0.711879
0.128465
-0.229913
-0.422982
-0.540369
-0.632614
-0.714032
-0.785784
-0.848745
-0.905466
-0.958001
17.1809
10.1013
8.21829
5.66817
3.73204
2.62125
2.1793
1.83187
1.33216
0.674335
0.110823
-0.245584
-0.436271
-0.551451
-0.640421
-0.718637
-0.789081
-0.85273
-0.910757
-0.964057
15.1958
10.9744
8.91547
5.90823
3.02638
2.27706
2.03096
1.74696
1.30236
0.505681
-0.109909
-0.360882
-0.474439
-0.559967
-0.639478
-0.715674
-0.783463
-0.846135
-0.905359
-0.960481
12.3642
9.56462
8.10847
5.89915
3.54057
2.24104
1.8533
1.66112
1.25963
0.495396
-0.116481
-0.391904
-0.499828
-0.58889
-0.665425
-0.733565
-0.79429
-0.852669
-0.910328
-0.961922
32.2783
8.7351
7.27265
5.56832
3.87736
2.84877
2.33369
2.18583
1.59976
-0.0655827
-0.460796
-0.501115
-0.566616
-0.640568
-0.706708
-0.767348
-0.823195
-0.875437
-0.925533
-0.974418
101.892
36.5766
4.90831
4.76616
2.84734
0.856636
0.0439879
0.18474
1.8136
-1.178
-0.685761
-0.617734
-0.635313
-0.686657
-0.738354
-0.789979
-0.840144
-0.888821
-0.936792
-0.984677
163.701
117.72
90.5458
67.9409
47.358
31.9671
19.1759
10.875
5.39406
6.34762
-0.525621
-0.664914
-0.663867
-0.725035
-0.768836
-0.811017
-0.856223
-0.901773
-0.947646
-0.993814
202.513
159.791
125.193
97.1457
74.0652
55.2873
39.8316
27.7674
17.1983
11.8856
2.91397
-0.625097
-0.757127
-0.779886
-0.801929
-0.82891
-0.868146
-0.910937
-0.955151
-1.00014
228.825
185.64
148.408
117.289
91.3475
69.3817
51.1255
36.0349
19.915
13.6707
5.74569
-0.746628
-0.838468
-0.836752
-0.831388
-0.841079
-0.875443
-0.916834
-0.960159
-1.00451
245.582
202.234
164.093
131.292
103.314
79.2288
58.7129
40.8501
23.779
18.225
4.36578
-0.812309
-0.944346
-0.909748
-0.844914
-0.841008
-0.877871
-0.920295
-0.963325
-1.00741
253.639
210.195
171.625
138.07
109.122
83.9842
62.3448
43.179
25.3261
18.1968
1.70952
-0.700437
-0.838088
-0.799777
-0.790133
-0.827738
-0.876268
-0.921514
-0.965061
-1.00906
-1.06198
-1.10565
-1.15002
-1.19502
-1.24059
-1.28666
-1.33315
-1.37998
-1.4271
-1.47443
-1.52195
-1.56959
-1.61733
-1.66514
-1.713
-1.76091
-1.80885
-1.85682
-1.90483
-1.95286
-1.06052
-1.10437
-1.1489
-1.19404
-1.23973
-1.28592
-1.33254
-1.37948
-1.42669
-1.47411
-1.52168
-1.56938
-1.61716
-1.665
-1.71289
-1.76082
-1.80877
-1.85674
-1.90474
-1.95278
-1.05793
-1.10202
-1.14676
-1.19213
-1.23805
-1.2845
-1.33134
-1.3785
-1.42589
-1.47346
-1.52116
-1.56896
-1.61683
-1.66474
-1.71268
-1.76064
-1.80861
-1.85659
-1.90459
-1.95262
-1.05413
-1.09856
-1.14365
-1.18936
-1.23567
-1.28248
-1.32967
-1.37716
-1.42483
-1.47262
-1.52051
-1.56846
-1.61645
-1.66445
-1.71245
-1.76045
-1.80843
-1.8564
-1.90438
-1.9524
-1.04888
-1.09362
-1.13916
-1.18536
-1.23221
-1.2796
-1.32733
-1.37527
-1.42332
-1.47144
-1.5196
-1.56777
-1.61595
-1.66409
-1.71219
-1.76024
-1.80823
-1.85618
-1.90414
-1.95212
-1.04137
-1.08647
-1.13252
-1.17939
-1.2271
-1.27541
-1.32401
-1.37264
-1.42121
-1.46974
-1.51826
-1.56676
-1.61519
-1.66355
-1.71179
-1.7599
-1.80787
-1.85577
-1.90365
-1.95158
-1.03183
-1.07732
-1.1235
-1.17116
-1.22023
-1.26999
-1.31989
-1.36947
-1.41875
-1.46787
-1.51694
-1.56591
-1.61478
-1.66344
-1.71185
-1.75998
-1.80786
-1.85562
-1.90334
-1.95108
-1.02135
-1.06805
-1.11491
-1.16262
-1.21236
-1.26332
-1.31452
-1.36544
-1.41556
-1.46532
-1.51496
-1.56446
-1.61382
-1.66283
-1.71141
-1.75956
-1.80729
-1.85486
-1.90246
-1.95017
-1.01308
-1.06043
-1.10843
-1.15759
-1.20808
-1.26045
-1.31191
-1.36321
-1.41403
-1.46421
-1.51386
-1.56334
-1.61269
-1.66184
-1.71057
-1.75876
-1.80642
-1.85391
-1.90146
-1.94918
-1.00809
-1.05755
-1.10666
-1.15692
-1.20751
-1.25885
-1.31044
-1.36205
-1.41343
-1.46422
-1.51442
-1.56414
-1.6134
-1.66224
-1.71066
-1.75866
-1.80633
-1.85378
-1.90135
-1.94923
-1.01475
-1.06347
-1.11223
-1.16167
-1.21191
-1.2628
-1.31425
-1.36593
-1.41731
-1.46812
-1.51837
-1.56799
-1.61704
-1.66545
-1.71349
-1.76124
-1.80871
-1.85597
-1.90323
-1.95084
-1.01337
-1.06439
-1.1147
-1.16496
-1.21465
-1.26415
-1.31393
-1.36448
-1.41591
-1.46785
-1.51993
-1.57078
-1.62069
-1.66936
-1.71746
-1.76515
-1.81248
-1.85959
-1.9066
-1.95396
-1.01344
-1.06411
-1.11377
-1.16344
-1.21337
-1.2635
-1.31398
-1.36455
-1.41519
-1.46599
-1.51694
-1.56743
-1.61707
-1.66562
-1.71356
-1.76111
-1.8086
-1.85609
-1.9036
-1.95123
-1.02304
-1.07156
-1.12066
-1.17
-1.21972
-1.26957
-1.31936
-1.36893
-1.41837
-1.46805
-1.51761
-1.56735
-1.61677
-1.6656
-1.71377
-1.76155
-1.80909
-1.8566
-1.9042
-1.95197
-1.03248
-1.08027
-1.12825
-1.17649
-1.22503
-1.27374
-1.32249
-1.37125
-1.42015
-1.46914
-1.51826
-1.56726
-1.61598
-1.66435
-1.71249
-1.76047
-1.80835
-1.85614
-1.90394
-1.95184
-1.04031
-1.08706
-1.13414
-1.18157
-1.22933
-1.27735
-1.32554
-1.37388
-1.42234
-1.47087
-1.51943
-1.56792
-1.61629
-1.66453
-1.71265
-1.76068
-1.80863
-1.85656
-1.9045
-1.9525
-1.04572
-1.09175
-1.13821
-1.18511
-1.23234
-1.27985
-1.32759
-1.37553
-1.4236
-1.47177
-1.51998
-1.56821
-1.6164
-1.66454
-1.71261
-1.76064
-1.80863
-1.85661
-1.90461
-1.95264
-1.04952
-1.09506
-1.1411
-1.18756
-1.2344
-1.28156
-1.329
-1.37665
-1.42447
-1.47241
-1.52043
-1.5685
-1.61658
-1.66465
-1.71269
-1.76072
-1.80873
-1.85675
-1.90478
-1.95284
-1.05214
-1.09737
-1.1431
-1.1893
-1.23589
-1.28283
-1.33005
-1.37752
-1.42516
-1.47296
-1.52085
-1.56881
-1.6168
-1.6648
-1.71281
-1.76082
-1.80883
-1.85686
-1.90491
-1.95298
-1.05358
-1.0986
-1.14413
-1.19019
-1.23665
-1.28346
-1.33057
-1.37794
-1.4255
-1.47322
-1.52104
-1.56895
-1.6169
-1.66487
-1.71286
-1.76087
-1.80888
-1.85692
-1.90497
-1.95305
)
;
    }
    procBoundary1to3
    {
        type            processor;
        value           nonuniform List<scalar> 
200
(
-2.00101
-2.0011
-2.00123
-2.00136
-2.00149
-2.00162
-2.00173
-2.00181
-2.00188
-2.00191
-2.00093
-2.00103
-2.00116
-2.00131
-2.00145
-2.00158
-2.0017
-2.00179
-2.00186
-2.00189
-2.00078
-2.0009
-2.00105
-2.00121
-2.00137
-2.00152
-2.00164
-2.00174
-2.00181
-2.00185
-2.00057
-2.00071
-2.00089
-2.00108
-2.00126
-2.00143
-2.00157
-2.00168
-2.00176
-2.0018
-2.00031
-2.00045
-2.00067
-2.0009
-2.00112
-2.00132
-2.00148
-2.0016
-2.00169
-2.00174
-1.99978
-2.00007
-2.00035
-2.00067
-2.00093
-2.00118
-2.00137
-2.00151
-2.00161
-2.00167
-1.99927
-1.99972
-2.00002
-2.00043
-2.00075
-2.00104
-2.00127
-2.00143
-2.00154
-2.00161
-1.99821
-1.99892
-1.99912
-2.00015
-2.00049
-2.00092
-2.00117
-2.00135
-2.00148
-2.00155
-1.99788
-1.99981
-1.99925
-2.00007
-2.00034
-2.00084
-2.0011
-2.0013
-2.00144
-2.00151
-1.9984
-2.00088
-1.99929
-2.00014
-2.00021
-2.00085
-2.00103
-2.00127
-2.00142
-2.00149
-1.99757
-1.99703
-1.99826
-1.99942
-2.00009
-2.00077
-2.00101
-2.00126
-2.00142
-2.00149
-1.99747
-1.99716
-1.99869
-2
-2.00033
-2.00084
-2.00111
-2.00131
-2.00145
-2.00153
-1.99794
-1.99826
-1.9988
-2.00007
-2.00043
-2.00094
-2.00118
-2.00138
-2.00151
-2.00157
-1.99918
-1.99978
-2.00008
-2.00051
-2.00083
-2.00112
-2.00132
-2.00148
-2.00158
-2.00164
-1.99987
-2.00015
-2.00034
-2.00077
-2.001
-2.00126
-2.00144
-2.00157
-2.00166
-2.00171
-2.00056
-2.00067
-2.00083
-2.00104
-2.00122
-2.00141
-2.00155
-2.00166
-2.00174
-2.00178
-2.00078
-2.00091
-2.00105
-2.00123
-2.00138
-2.00153
-2.00165
-2.00174
-2.00181
-2.00185
-2.00101
-2.00111
-2.00122
-2.00136
-2.00149
-2.00162
-2.00172
-2.0018
-2.00187
-2.0019
-2.00115
-2.00124
-2.00133
-2.00145
-2.00157
-2.00168
-2.00178
-2.00185
-2.00191
-2.00194
-2.00123
-2.0013
-2.0014
-2.00151
-2.00161
-2.00172
-2.00181
-2.00188
-2.00193
-2.00196
)
;
    }
}


// ************************************************************************* //
