/*--------------------------------*- C++ -*----------------------------------*\
| =========                 |                                                 |
| \\      /  F ield         | OpenFOAM: The Open Source CFD Toolbox           |
|  \\    /   O peration     | Version:  2312                                  |
|   \\  /    A nd           | Website:  www.openfoam.com                      |
|    \\/     M anipulation  |                                                 |
\*---------------------------------------------------------------------------*/
FoamFile
{
    version     2.0;
    format      ascii;
    arch        "LSB;label=32;scalar=64";
    class       volScalarField;
    location    "0.45";
    object      p;
}
// * * * * * * * * * * * * * * * * * * * * * * * * * * * * * * * * * * * * * //

dimensions      [1 -1 -2 0 0 0 0];

internalField   nonuniform List<scalar> 
8000
(
393.037
392.313
391.051
389.431
387.655
385.935
384.443
383.298
382.563
382.271
345.283
344.413
342.973
341.138
339.148
337.246
335.618
334.385
333.6
333.284
298.674
297.571
295.782
293.537
291.151
288.91
287.015
285.594
284.696
284.327
253.493
252.017
249.71
246.847
243.858
241.113
238.851
237.194
236.163
235.739
210.15
208.031
204.931
201.135
197.312
193.916
191.167
189.206
188.017
187.534
170.435
167.219
162.365
156.838
151.752
147.599
144.293
142.117
140.826
140.32
134.835
129.501
122.09
113.773
106.742
101.614
98.1647
96.1822
95.1701
94.8989
105.645
95.9858
83.1145
70.3751
61.0991
55.8063
53.7816
52.7362
52.35
52.2865
80.9449
62.3483
41.4562
25.7986
20.1131
19.7749
21.0063
22.1568
23.0533
23.4631
45.2757
20.0276
4.50919
1.33049
0.738147
0.668286
1.00421
1.66334
2.31747
2.67249
10.5142
0.344213
-0.12593
-0.330885
-0.411829
-0.426459
-0.414513
-0.40926
-0.411044
-0.415367
-0.340726
-0.55842
-0.534941
-0.549674
-0.522813
-0.508519
-0.488815
-0.465466
-0.455204
-0.458876
-0.487
-0.495045
-0.629063
-0.674672
-0.626061
-0.582877
-0.55479
-0.523917
-0.50696
-0.510707
-0.546855
-0.568056
-0.671624
-0.755603
-0.712835
-0.641911
-0.60982
-0.588225
-0.57049
-0.566788
-0.61146
-0.623647
-0.676748
-0.738834
-0.717492
-0.664973
-0.633336
-0.62049
-0.606961
-0.603608
-0.686698
-0.689337
-0.677118
-0.687952
-0.676606
-0.659891
-0.64933
-0.643516
-0.637401
-0.635615
-0.725386
-0.724827
-0.688898
-0.667738
-0.663379
-0.67066
-0.675438
-0.675664
-0.674003
-0.673432
-0.731682
-0.731418
-0.705909
-0.686631
-0.690867
-0.705144
-0.71285
-0.71578
-0.716224
-0.716008
-0.75628
-0.756905
-0.74731
-0.739991
-0.741635
-0.751908
-0.756931
-0.759596
-0.76033
-0.760229
-0.799546
-0.800958
-0.801223
-0.802508
-0.801268
-0.803457
-0.805654
-0.806744
-0.806719
-0.806374
392.307
391.576
390.32
388.71
386.946
385.238
383.755
382.618
381.892
381.606
344.407
343.524
342.095
340.278
338.302
336.411
334.792
333.569
332.79
332.476
297.562
296.439
294.664
292.438
290.06
287.818
285.92
284.497
283.606
283.251
251.991
250.46
248.168
245.325
242.331
239.552
237.256
235.579
234.551
234.124
207.963
205.799
202.748
198.974
195.098
191.596
188.798
186.78
185.559
185.05
166.918
163.714
158.925
153.547
148.376
143.982
140.788
138.522
137.208
136.706
129.366
124.397
116.957
109.562
102.838
97.397
93.5583
91.184
89.8841
89.2512
95.5536
86.4087
74.4535
63.3115
55.4153
50.3205
47.4764
45.9471
45.2385
44.9038
61.3071
43.0982
26.1977
15.9714
13.4899
13.2336
13.4159
13.5065
13.7089
14.078
16.9048
6.58943
1.44159
0.111836
-0.173608
-0.239059
0.00565349
0.394572
0.721478
0.879589
0.465969
-0.27028
-0.365108
-0.436258
-0.470804
-0.49274
-0.492525
-0.48944
-0.496547
-0.507016
-0.488032
-0.513617
-0.499778
-0.554684
-0.556843
-0.54665
-0.528162
-0.508672
-0.505581
-0.50793
-0.576258
-0.616184
-0.617835
-0.673667
-0.662472
-0.637274
-0.58389
-0.538079
-0.528179
-0.535057
-0.605885
-0.694308
-0.734528
-0.789102
-0.760856
-0.698009
-0.644532
-0.603341
-0.584958
-0.587085
-0.650681
-0.725132
-0.752956
-0.803174
-0.777815
-0.702953
-0.655328
-0.631264
-0.617607
-0.612019
-0.727511
-0.744828
-0.686504
-0.689184
-0.685355
-0.661827
-0.64967
-0.645634
-0.640726
-0.638095
-0.742088
-0.72607
-0.638877
-0.611113
-0.628482
-0.65392
-0.667818
-0.673051
-0.672717
-0.672289
-0.731938
-0.717545
-0.665155
-0.650706
-0.668782
-0.692281
-0.706559
-0.712734
-0.714025
-0.714013
-0.755796
-0.753337
-0.733951
-0.730953
-0.735874
-0.74622
-0.75365
-0.757604
-0.758591
-0.758443
-0.802798
-0.803687
-0.800144
-0.801779
-0.80192
-0.802773
-0.804752
-0.805821
-0.805641
-0.805377
391.031
390.305
389.056
387.457
385.708
384.021
382.565
381.458
380.759
380.492
342.951
342.079
340.653
338.839
336.871
334.996
333.402
332.207
331.452
331.155
295.754
294.644
292.866
290.636
288.252
286.009
284.123
282.721
281.855
281.506
249.667
248.139
245.816
242.929
239.876
237.049
234.721
233.029
232.009
231.579
204.869
202.696
199.542
195.686
191.705
188.122
185.242
183.19
182.001
181.508
162.24
158.784
154.129
148.66
143.334
138.737
135.217
132.783
131.376
130.852
121.898
116.764
110.324
103.071
96.4264
90.844
86.5482
83.4756
81.6484
80.8486
82.8397
74.2267
63.5429
53.3335
45.8774
40.7326
37.3282
35.0605
34.1311
34.2144
41.5914
26.0433
13.8904
8.7574
7.06431
6.11838
5.48168
4.60287
4.2892
4.58123
4.20609
1.35211
0.1188
-0.159871
-0.204511
-0.214947
-0.263102
-0.329798
-0.304069
-0.200332
-0.109016
-0.369873
-0.371335
-0.397764
-0.404242
-0.41079
-0.428816
-0.449946
-0.456842
-0.446454
-0.477164
-0.530334
-0.503576
-0.549643
-0.542782
-0.507656
-0.473427
-0.465021
-0.464093
-0.45793
-0.582567
-0.643848
-0.624429
-0.682922
-0.671852
-0.608108
-0.546866
-0.518473
-0.516462
-0.511925
-0.645712
-0.765495
-0.765529
-0.779122
-0.746697
-0.669716
-0.602736
-0.570195
-0.563896
-0.562654
-0.701437
-0.839767
-0.814858
-0.771713
-0.724106
-0.675437
-0.639296
-0.61252
-0.60145
-0.599619
-0.763739
-0.797091
-0.69764
-0.628542
-0.645841
-0.655549
-0.646911
-0.6394
-0.634094
-0.633024
-0.740203
-0.71534
-0.612537
-0.586106
-0.635582
-0.662074
-0.669025
-0.67057
-0.669503
-0.669453
-0.726069
-0.703692
-0.653036
-0.657575
-0.683352
-0.698867
-0.707514
-0.71115
-0.711578
-0.711645
-0.758708
-0.753241
-0.730466
-0.734707
-0.743969
-0.750555
-0.754844
-0.757225
-0.757259
-0.757075
-0.810955
-0.812207
-0.797725
-0.80074
-0.805123
-0.805106
-0.805793
-0.805682
-0.80469
-0.804057
389.39
388.676
387.436
385.857
384.139
382.5
381.105
380.07
379.429
379.203
341.094
340.24
338.816
337.011
335.065
333.231
331.699
330.573
329.883
329.64
293.485
292.392
290.609
288.368
285.977
283.744
281.893
280.546
279.757
279.463
246.778
245.263
242.893
239.923
236.78
233.884
231.515
229.799
228.846
228.376
201.057
198.882
195.633
191.593
187.398
183.587
180.525
178.384
177.16
176.797
156.658
153.355
148.571
142.75
136.908
131.761
127.756
125.007
123.454
122.844
113.44
109.239
102.905
95.2264
87.6022
80.6399
74.8534
70.5059
67.8006
66.7123
69.8612
62.8171
53.0774
42.4546
33.9072
27.2629
22.5434
19.9927
19.0757
19.1449
25.71
15.7493
8.7261
5.05498
3.07246
1.75091
0.645138
0.375519
0.279139
0.424695
1.36025
0.0609299
-0.126837
-0.191804
-0.208643
-0.190905
-0.222803
-0.230447
-0.233597
-0.214352
-0.301185
-0.41935
-0.381806
-0.379915
-0.374716
-0.376048
-0.385841
-0.379683
-0.370504
-0.35731
-0.477787
-0.525901
-0.525245
-0.539912
-0.507457
-0.467254
-0.440849
-0.42826
-0.419005
-0.412645
-0.581991
-0.629823
-0.646858
-0.67706
-0.628109
-0.559999
-0.521264
-0.503655
-0.492257
-0.483687
-0.652081
-0.751647
-0.769993
-0.756515
-0.690223
-0.622303
-0.584073
-0.565637
-0.554831
-0.542885
-0.712946
-0.820359
-0.812214
-0.741329
-0.683918
-0.646424
-0.622225
-0.60568
-0.594763
-0.587006
-0.739395
-0.769115
-0.72095
-0.658265
-0.653835
-0.651615
-0.643139
-0.63506
-0.628848
-0.62598
-0.718321
-0.696174
-0.6494
-0.640729
-0.66172
-0.669205
-0.670727
-0.669238
-0.666523
-0.665936
-0.721481
-0.699108
-0.673866
-0.685111
-0.697927
-0.706556
-0.71027
-0.711202
-0.709949
-0.709795
-0.764279
-0.754702
-0.742912
-0.743792
-0.749783
-0.754162
-0.756546
-0.757377
-0.756153
-0.755682
-0.820854
-0.819668
-0.80996
-0.804682
-0.805156
-0.805302
-0.805907
-0.805551
-0.803786
-0.802686
387.589
386.886
385.662
384.113
382.449
380.89
379.607
378.698
378.148
378.007
339.076
338.237
336.82
335.036
333.135
331.38
329.958
328.976
328.413
328.287
291.071
289.984
288.193
285.942
283.56
281.373
279.619
278.441
277.846
277.719
243.757
242.233
239.798
236.733
233.501
230.562
228.212
226.717
225.956
225.696
197.196
194.965
191.594
187.322
182.816
178.717
175.552
173.361
172.08
171.399
151.508
148.169
143.186
136.819
130.263
124.475
120.095
116.94
115.046
113.925
106.36
102.442
96.1062
87.4014
77.8185
68.3411
60.1809
53.6869
48.5935
45.0906
60.4512
54.7895
45.4288
33.7109
23.3326
15.4728
10.9877
8.61301
6.86023
5.24955
19.5579
13.2088
7.01676
3.04363
0.98693
0.0274475
-0.0494564
-0.0546546
-0.0169737
0.00807082
0.700449
-0.224896
-0.217666
-0.195405
-0.221039
-0.213352
-0.195979
-0.181998
-0.176075
-0.180471
-0.364673
-0.441574
-0.397251
-0.368748
-0.359036
-0.340446
-0.318428
-0.310124
-0.302946
-0.308997
-0.473246
-0.515476
-0.511344
-0.500457
-0.463405
-0.430392
-0.405225
-0.391255
-0.379304
-0.383562
-0.557835
-0.597238
-0.616647
-0.616031
-0.565832
-0.519751
-0.489124
-0.472806
-0.459611
-0.457171
-0.627042
-0.676402
-0.702483
-0.684981
-0.62912
-0.583499
-0.554683
-0.539645
-0.525926
-0.520366
-0.687492
-0.730615
-0.73878
-0.694287
-0.653683
-0.621488
-0.601181
-0.589656
-0.577721
-0.572444
-0.707248
-0.714845
-0.703455
-0.673707
-0.659139
-0.644446
-0.634582
-0.628071
-0.62043
-0.617896
-0.707441
-0.69265
-0.671353
-0.672959
-0.673789
-0.671044
-0.669963
-0.667712
-0.663329
-0.662211
-0.727312
-0.710984
-0.695942
-0.704009
-0.706271
-0.708767
-0.711298
-0.711245
-0.708579
-0.707614
-0.769646
-0.760651
-0.75454
-0.755443
-0.752249
-0.754765
-0.757344
-0.757404
-0.755093
-0.753454
-0.823115
-0.820469
-0.815051
-0.809877
-0.804708
-0.805618
-0.80639
-0.805451
-0.802704
-0.800177
385.844
385.152
383.947
382.444
380.859
379.425
378.314
377.575
377.15
377.173
337.145
336.316
334.914
333.169
331.345
329.714
328.495
327.726
327.371
327.492
288.799
287.709
285.913
283.669
281.329
279.254
277.729
276.838
276.553
276.748
240.978
239.415
236.925
233.782
230.5
227.605
225.546
224.391
224.053
224.106
193.762
191.42
187.937
183.411
178.601
174.407
171.285
169.555
169.027
168.778
147.353
143.768
138.539
131.562
124.319
118.217
114.591
112.119
109.839
106.918
101.27
97.0039
90.3915
80.1879
67.979
55.5711
45.5525
36.1025
26.0359
19.8342
55.0174
49.7113
40.2869
26.9658
15.2579
8.40902
5.1943
2.7451
1.27892
1.36034
18.9938
12.9597
6.06547
1.67414
0.0224039
-0.0325289
-0.00789454
-0.020972
-0.000820259
0.125302
0.513339
-0.187512
-0.263837
-0.214038
-0.230156
-0.185846
-0.168083
-0.159198
-0.1459
-0.132632
-0.37753
-0.447541
-0.416742
-0.383156
-0.340475
-0.301363
-0.28186
-0.273967
-0.276096
-0.303233
-0.475706
-0.515805
-0.496953
-0.476419
-0.435756
-0.398844
-0.37791
-0.367501
-0.359182
-0.379821
-0.550126
-0.58798
-0.590052
-0.577262
-0.531412
-0.490307
-0.463925
-0.451731
-0.439861
-0.447579
-0.613125
-0.642127
-0.64958
-0.629568
-0.594951
-0.558541
-0.532882
-0.520716
-0.508602
-0.50833
-0.66366
-0.674879
-0.674128
-0.652857
-0.630869
-0.604281
-0.585375
-0.575692
-0.565301
-0.562681
-0.683001
-0.682514
-0.670582
-0.65719
-0.648598
-0.636162
-0.627691
-0.621865
-0.614704
-0.612488
-0.702138
-0.693531
-0.673523
-0.670619
-0.67166
-0.66947
-0.669099
-0.66634
-0.662079
-0.660924
-0.73046
-0.722119
-0.707562
-0.708654
-0.70994
-0.710312
-0.712976
-0.711614
-0.709226
-0.709375
-0.772092
-0.765834
-0.759782
-0.759585
-0.756769
-0.758142
-0.759667
-0.75821
-0.756194
-0.755391
-0.820768
-0.81878
-0.814502
-0.81113
-0.808094
-0.80853
-0.808067
-0.806038
-0.803677
-0.800975
384.327
383.644
382.463
381.017
379.54
378.273
377.36
376.809
376.533
376.856
335.49
334.669
333.289
331.604
329.881
328.448
327.483
326.965
326.793
327.247
286.873
285.778
283.989
281.776
279.525
277.676
276.497
275.996
276.025
276.594
238.684
237.08
234.549
231.357
228.084
225.472
223.864
223.45
223.952
224.6
190.977
188.572
184.992
180.255
175.303
171.135
168.75
168.92
170.956
171.961
144.053
140.536
134.966
127.434
119.767
114.498
110.298
107.476
107.007
107.515
97.8657
93.2051
86.0118
74.1298
59.3274
44.9033
31.245
18.0963
13.5627
26.5883
53.0812
46.9366
36.9208
22.138
10.5779
5.0428
1.98046
0.509297
1.2025
3.78231
20.0528
13.0515
5.50264
0.610209
-0.0175847
0.0177687
0.00347302
-0.0222116
-0.0403175
0.0997674
0.718068
0.0464293
-0.284524
-0.23551
-0.185664
-0.156294
-0.147847
-0.143625
-0.153728
-0.238221
-0.376663
-0.443723
-0.429397
-0.399762
-0.319912
-0.278766
-0.263128
-0.271526
-0.288613
-0.347598
-0.477252
-0.511977
-0.480661
-0.459203
-0.414638
-0.380516
-0.364901
-0.361115
-0.359379
-0.387276
-0.546362
-0.579266
-0.568191
-0.547485
-0.507735
-0.473773
-0.453782
-0.444511
-0.432545
-0.450664
-0.602903
-0.627054
-0.616773
-0.59947
-0.572119
-0.542772
-0.525274
-0.515849
-0.503862
-0.515999
-0.640943
-0.647779
-0.639707
-0.626256
-0.610678
-0.591656
-0.580752
-0.573359
-0.564196
-0.573369
-0.66808
-0.665255
-0.651056
-0.640242
-0.637919
-0.629668
-0.626734
-0.62215
-0.616664
-0.620722
-0.696985
-0.690544
-0.673243
-0.669094
-0.67115
-0.667231
-0.670296
-0.667499
-0.664925
-0.665604
-0.731542
-0.725208
-0.714453
-0.714487
-0.713205
-0.710691
-0.715049
-0.71281
-0.712203
-0.71253
-0.773661
-0.769521
-0.764696
-0.763184
-0.760409
-0.759808
-0.762081
-0.759226
-0.759455
-0.761892
-0.820465
-0.818506
-0.815466
-0.813159
-0.810552
-0.810455
-0.810368
-0.807061
-0.807316
-0.811341
383.159
382.485
381.335
379.957
378.592
377.475
376.732
376.405
376.121
376.57
334.234
333.424
332.069
330.444
328.854
327.617
326.909
326.691
326.476
327.041
285.425
284.329
282.556
280.394
278.29
276.712
275.958
275.975
276.142
276.826
236.996
235.373
232.802
229.594
226.492
224.224
223.412
224.248
225.4
226.792
188.983
186.516
182.917
178.032
172.953
169.279
168.896
171.886
174.072
176.11
141.814
138.231
132.493
124.581
116.492
111.981
107.876
106.484
109.006
109.718
95.8657
90.8402
82.9273
69.5329
52.214
34.6597
18.0753
12.7698
30.0677
32.5043
52.1534
45.479
34.7586
19.4895
7.93542
2.30194
0.516087
0.570308
1.26919
1.41197
21.4053
13.2724
4.63564
0.453031
0.0097455
-0.00913843
-0.0347971
-0.0572448
-0.121212
-0.120046
1.33457
0.35615
-0.263848
-0.202859
-0.143173
-0.130648
-0.140463
-0.104521
-0.195941
0.158926
-0.383927
-0.451497
-0.443064
-0.387019
-0.282518
-0.253608
-0.267238
-0.279191
-0.361081
-0.396749
-0.474403
-0.507219
-0.470846
-0.44355
-0.397978
-0.367692
-0.360524
-0.36859
-0.384817
-0.430286
-0.54093
-0.565251
-0.542142
-0.521218
-0.496693
-0.463175
-0.448318
-0.449405
-0.438756
-0.458482
-0.594417
-0.612646
-0.59067
-0.573385
-0.556261
-0.530959
-0.52134
-0.522415
-0.512434
-0.524297
-0.62828
-0.63561
-0.62176
-0.609729
-0.599146
-0.577846
-0.582645
-0.581154
-0.571704
-0.581561
-0.660385
-0.659056
-0.646469
-0.639616
-0.63559
-0.612794
-0.634173
-0.630389
-0.623643
-0.631483
-0.69419
-0.690351
-0.679132
-0.675836
-0.672771
-0.654467
-0.680085
-0.674911
-0.670698
-0.675059
-0.73199
-0.727735
-0.72078
-0.719582
-0.713963
-0.701774
-0.726994
-0.719959
-0.716342
-0.729289
-0.774532
-0.771975
-0.767746
-0.766982
-0.760584
-0.752772
-0.775276
-0.764821
-0.763347
-0.776278
-0.820319
-0.819012
-0.816194
-0.815624
-0.811542
-0.801854
-0.818645
-0.811588
-0.81155
-0.841612
382.408
381.746
380.625
379.303
378.017
376.985
376.288
375.836
375.709
376.202
333.434
332.632
331.307
329.745
328.26
327.171
326.49
325.998
325.598
325.554
284.51
283.433
281.692
279.603
277.661
276.304
275.615
275.234
274.173
273.879
235.948
234.334
231.799
228.648
225.681
223.748
223.513
224.08
221.657
220.5
187.776
185.283
181.697
176.783
171.49
168.726
170.736
173.26
166.802
162.77
140.466
136.922
131.134
123.026
114.623
109.41
108.886
111.453
101.947
97.6142
94.7753
89.4961
81.1531
66.5915
45.9182
22.6689
17.1944
32.1467
35.2936
39.0524
51.8555
44.7878
34.0451
18.4595
5.83331
1.25436
1.55482
1.30158
3.62101
12.415
22.6111
13.8868
4.67072
0.455259
0.0536027
0.0658567
-0.0298207
-0.182995
0.880367
15.164
2.04999
0.620834
-0.287049
-0.220299
-0.143951
-0.107366
-0.1309
-0.200862
2.16556
11.7448
-0.402313
-0.489551
-0.456637
-0.369826
-0.281491
-0.237211
-0.279401
-0.350647
-0.448337
0.25593
-0.467085
-0.504876
-0.456989
-0.426242
-0.375086
-0.33277
-0.339755
-0.385467
-0.43184
-0.317333
-0.532249
-0.547036
-0.514726
-0.503092
-0.491106
-0.454656
-0.448184
-0.474792
-0.462526
-0.447731
-0.589903
-0.602122
-0.569397
-0.559556
-0.558691
-0.547799
-0.531653
-0.550258
-0.533843
-0.566563
-0.622632
-0.631742
-0.610233
-0.601777
-0.599489
-0.61068
-0.588633
-0.60011
-0.586775
-0.643223
-0.655956
-0.657229
-0.644679
-0.639111
-0.636631
-0.640821
-0.648261
-0.640359
-0.624845
-0.65898
-0.69177
-0.689332
-0.68149
-0.67848
-0.674834
-0.67396
-0.682456
-0.67779
-0.655821
-0.691048
-0.731582
-0.72876
-0.723459
-0.72184
-0.715226
-0.702726
-0.720429
-0.714313
-0.69429
-0.752567
-0.774636
-0.772807
-0.768956
-0.768177
-0.76026
-0.749581
-0.756966
-0.755404
-0.747405
-0.803646
-0.820254
-0.819157
-0.816474
-0.815721
-0.810625
-0.809728
-0.795983
-0.803823
-0.814987
-0.859407
382.101
381.45
380.355
379.084
377.884
376.999
376.527
376.11
375.91
376.472
333.106
332.313
331.018
329.518
328.156
327.317
326.893
326.413
325.505
326.953
284.132
283.082
281.375
279.382
277.66
276.667
276.316
275.964
274.036
276.257
235.517
233.925
231.439
228.395
225.723
224.245
224.617
225.361
221.23
224.414
187.286
184.811
181.299
176.569
171.414
169.588
172.811
175.058
165.318
166.915
139.901
136.484
130.762
122.645
113.855
107.42
112.938
113.846
98.4736
103.955
94.3378
88.927
80.5386
65.3163
40.3004
12.1571
33.2231
39.8252
36.9334
51.5953
51.7861
44.4497
34.3368
18.1081
3.69853
2.27147
3.88319
2.89409
15.9811
38.7685
23.1511
14.1958
5.28849
0.686469
0.103692
0.361495
0.16461
0.329781
26.0415
61.7646
2.45955
0.772343
-0.19894
-0.188931
-0.138121
-0.10751
-0.1834
0.943123
23.5179
64.6316
-0.423031
-0.533481
-0.464764
-0.346225
-0.298961
-0.29015
-0.334057
-0.298752
0.86812
21.2609
-0.463595
-0.51147
-0.460346
-0.429704
-0.402355
-0.378578
-0.394099
-0.382998
-0.294461
0.140395
-0.522171
-0.534866
-0.502593
-0.497232
-0.491451
-0.476824
-0.464902
-0.442904
-0.469082
-0.58625
-0.58776
-0.596033
-0.560718
-0.553469
-0.552745
-0.554025
-0.538186
-0.374572
-0.471936
-0.641605
-0.621777
-0.632156
-0.60353
-0.59652
-0.595062
-0.598082
-0.597975
-0.404337
-0.630137
-0.588936
-0.654193
-0.658458
-0.642306
-0.636144
-0.633869
-0.634985
-0.620703
-0.633777
-0.62785
-0.624223
-0.690504
-0.689027
-0.681184
-0.677256
-0.6733
-0.672441
-0.680766
-0.680893
-0.64372
-0.676059
-0.730706
-0.728517
-0.723818
-0.721067
-0.715079
-0.715063
-0.72024
-0.703372
-0.67741
-0.718444
-0.774184
-0.772447
-0.769326
-0.767115
-0.761797
-0.763241
-0.759885
-0.738986
-0.717467
-0.774461
-0.819869
-0.818788
-0.816597
-0.814969
-0.812786
-0.817272
-0.810565
-0.788863
-0.768563
-0.762188
382.232
381.587
380.503
379.245
378.054
377.165
376.687
376.271
376.204
376.531
333.239
332.453
331.174
329.696
328.351
327.512
327.042
326.483
325.796
327.148
284.269
283.231
281.548
279.599
277.906
276.92
276.49
275.922
274.327
276.727
235.659
234.089
231.654
228.733
226.119
224.681
224.954
225.172
221.633
224.569
187.44
185.006
181.553
177.012
172.27
170.716
173.717
174.772
164.527
165.58
140.043
136.687
131.08
123.309
115.639
109.464
114.886
114.214
97.8131
99.6106
94.4758
89.1257
80.8189
65.5394
39.8772
13.1679
33.0937
40.8845
38.9002
48.9888
51.9673
44.7052
34.6479
17.9922
2.92457
2.15841
3.01416
5.29506
26.7529
47.4727
23.146
14.4306
5.549
0.698466
0.0458638
0.195097
0.00774836
0.966202
35.2261
89.9173
2.3994
0.75385
-0.194209
-0.198245
-0.141413
-0.10377
-0.285725
-0.266194
6.69895
60.8127
-0.424035
-0.527557
-0.466959
-0.35063
-0.29979
-0.295523
-0.343322
-0.306313
0.0143665
23.4901
-0.46558
-0.516024
-0.464571
-0.429427
-0.412273
-0.410664
-0.410006
-0.351076
0.484167
11.211
-0.523842
-0.545984
-0.513579
-0.499602
-0.497767
-0.500146
-0.497068
-0.482345
0.93585
-0.179141
-0.587898
-0.602329
-0.567265
-0.553297
-0.552277
-0.556305
-0.55845
-0.567352
-0.637033
-0.620862
-0.622996
-0.635549
-0.605876
-0.595825
-0.593475
-0.598572
-0.604819
-0.602915
-0.620906
-0.45027
-0.653633
-0.658902
-0.643051
-0.635554
-0.633679
-0.639713
-0.65013
-0.650521
-0.666363
-0.582749
-0.689364
-0.689321
-0.681344
-0.676659
-0.675271
-0.680309
-0.690355
-0.681558
-0.684589
-0.671389
-0.72965
-0.727777
-0.723415
-0.720943
-0.719126
-0.723089
-0.72936
-0.708711
-0.706248
-0.594842
-0.773492
-0.7716
-0.769084
-0.767407
-0.765671
-0.769438
-0.76895
-0.74188
-0.739356
0.253746
-0.81936
-0.81821
-0.816402
-0.815297
-0.814513
-0.817014
-0.810144
-0.786753
-0.783944
0.475826
382.794
382.149
381.063
379.794
378.58
377.652
377.123
376.924
377.031
377.805
333.822
333.04
331.756
330.257
328.854
327.872
327.364
327.123
327.166
327.187
284.905
283.856
282.168
280.159
278.308
277.045
276.496
276.364
276.15
275.678
236.344
234.772
232.311
229.283
226.437
224.527
224.268
224.873
223.848
222.281
188.165
185.726
182.233
177.52
172.559
169.602
171.162
173.731
168.645
163.462
140.815
137.367
131.743
123.816
115.467
110.117
110.505
114.027
104.446
97.3249
95.0702
89.9011
81.752
67.5559
47.5823
25.8541
18.1642
34.3729
35.4733
38.0934
51.9897
45.0576
34.4384
19.0025
6.19328
1.07695
1.10154
1.30482
3.69424
13.179
22.5413
14.1832
4.84806
0.436699
-0.0311703
-0.0866653
-0.2755
-0.375096
0.623195
7.89152
1.94842
0.593178
-0.240245
-0.246001
-0.207793
-0.194396
-0.238361
-0.30564
-0.168746
1.357
-0.420396
-0.506305
-0.475797
-0.397092
-0.334218
-0.318247
-0.314966
-0.308324
-0.366986
0.0138697
-0.471462
-0.519561
-0.481563
-0.447168
-0.420574
-0.40951
-0.396024
-0.378405
-0.426442
-0.429271
-0.527719
-0.555663
-0.535889
-0.51548
-0.497346
-0.484451
-0.474199
-0.476159
-0.504332
-0.780923
-0.586049
-0.603241
-0.579775
-0.562807
-0.55212
-0.544883
-0.541047
-0.55333
-0.618738
-0.80012
-0.621814
-0.631199
-0.606681
-0.597608
-0.593893
-0.593567
-0.593834
-0.596486
-0.626956
-0.687694
-0.652199
-0.656399
-0.64085
-0.6346
-0.633341
-0.636351
-0.639954
-0.638859
-0.648621
-0.669435
-0.688091
-0.687681
-0.679214
-0.67491
-0.674475
-0.677467
-0.681117
-0.675623
-0.674721
-0.675715
-0.728585
-0.726333
-0.721467
-0.719046
-0.71836
-0.719705
-0.720872
-0.711175
-0.706767
-0.699078
-0.772493
-0.770223
-0.767713
-0.765945
-0.764499
-0.764243
-0.762434
-0.75055
-0.741147
-0.717331
-0.818841
-0.817452
-0.815636
-0.813999
-0.812199
-0.811022
-0.807611
-0.797261
-0.783995
-0.758106
383.775
383.126
382.027
380.727
379.465
378.485
377.924
377.856
377.922
378.775
334.851
334.071
332.775
331.238
329.766
328.686
328.198
328.299
328.635
329.673
286.047
284.991
283.292
281.24
279.279
277.884
277.393
277.835
278.885
280.438
237.61
236.044
233.584
230.521
227.606
225.556
225.026
226.324
228.679
231.883
189.563
187.171
183.695
179.039
174.282
170.885
170.57
173.735
177.211
180.676
142.331
138.867
133.331
125.674
117.866
113.174
110.455
109.523
110.555
109.045
96.2636
91.3563
83.7389
70.9899
54.9279
39.6139
24.5157
13.6798
28.1092
29.6904
52.0801
45.6701
35.1529
20.1039
8.88124
3.25823
0.793274
0.618079
1.30338
2.92367
21.2156
13.5693
4.7453
0.391915
-0.0655459
-0.109576
-0.136633
-0.232159
-0.284197
0.010917
1.22046
0.343327
-0.328882
-0.272069
-0.211792
-0.192295
-0.204163
-0.209524
-0.285556
-0.246156
-0.415221
-0.485412
-0.474348
-0.416065
-0.336942
-0.296778
-0.287643
-0.277214
-0.271957
-0.288031
-0.475579
-0.520058
-0.497322
-0.464422
-0.424964
-0.395418
-0.379036
-0.35992
-0.330725
-0.346654
-0.532239
-0.561387
-0.55496
-0.533178
-0.504417
-0.4796
-0.461016
-0.446871
-0.432499
-0.400137
-0.590615
-0.609655
-0.58936
-0.571614
-0.558237
-0.542842
-0.53022
-0.52874
-0.548982
-0.471888
-0.627592
-0.638136
-0.614998
-0.602424
-0.597022
-0.590993
-0.586364
-0.589653
-0.618972
-0.652017
-0.655841
-0.661967
-0.644967
-0.635905
-0.633489
-0.632798
-0.633277
-0.636795
-0.663536
-0.692856
-0.688549
-0.689248
-0.679421
-0.67359
-0.672867
-0.673744
-0.675048
-0.674941
-0.686006
-0.700464
-0.72746
-0.725157
-0.719179
-0.716398
-0.716245
-0.716398
-0.716299
-0.712762
-0.713932
-0.715743
-0.771227
-0.768474
-0.765542
-0.763975
-0.762712
-0.761551
-0.759725
-0.7541
-0.749785
-0.750928
-0.818093
-0.816503
-0.814591
-0.812881
-0.811013
-0.809102
-0.80636
-0.800091
-0.794008
-0.790652
385.141
384.488
383.368
382.013
380.653
379.538
378.824
378.537
378.541
379.134
336.305
335.517
334.205
332.618
331.03
329.769
329.027
328.81
329.035
329.76
287.686
286.635
284.931
282.843
280.754
279.105
278.181
278.05
278.654
279.477
239.477
237.935
235.521
232.491
229.426
227.064
225.756
225.742
226.936
227.988
191.712
189.398
185.965
181.462
176.816
173.009
170.937
171.299
173.799
174.559
144.681
141.317
135.962
128.712
121.399
116.075
112.53
110.073
108.004
101.862
98.3044
93.7852
86.8898
75.6189
61.9977
49.6875
37.7254
23.5175
13.5818
22.8093
52.8066
47.0618
37.3084
22.5747
11.3722
6.37236
3.1478
0.729352
1.17503
3.15959
19.6095
13.1021
5.60735
0.617109
-0.0691223
-0.0431818
-0.0695642
-0.142637
-0.183397
-0.0147569
0.581059
0.0450515
-0.323076
-0.271239
-0.22478
-0.193577
-0.196234
-0.20864
-0.212213
-0.26683
-0.409465
-0.479341
-0.459865
-0.418911
-0.349811
-0.310434
-0.290406
-0.288335
-0.262887
-0.309395
-0.476809
-0.519412
-0.502299
-0.481721
-0.441811
-0.41015
-0.383226
-0.371047
-0.34111
-0.359892
-0.538179
-0.569464
-0.567291
-0.552548
-0.517986
-0.492604
-0.464659
-0.451501
-0.434131
-0.42664
-0.600189
-0.617951
-0.61184
-0.592925
-0.573238
-0.554105
-0.532669
-0.523763
-0.522465
-0.492916
-0.635555
-0.648154
-0.636501
-0.623233
-0.61147
-0.598434
-0.586177
-0.58209
-0.595389
-0.558496
-0.660478
-0.669878
-0.656567
-0.646338
-0.639433
-0.634944
-0.631174
-0.630615
-0.64367
-0.640934
-0.690064
-0.69312
-0.682851
-0.675815
-0.673171
-0.673194
-0.672918
-0.67189
-0.678439
-0.68318
-0.726879
-0.724748
-0.717631
-0.714359
-0.714728
-0.71531
-0.715038
-0.712777
-0.713311
-0.713669
-0.769864
-0.767052
-0.763398
-0.761915
-0.761429
-0.760808
-0.759467
-0.756128
-0.752841
-0.748661
-0.817717
-0.816285
-0.813978
-0.812114
-0.810502
-0.808875
-0.806585
-0.802296
-0.797797
-0.785609
386.823
386.161
385.017
383.602
382.131
380.837
379.891
379.342
379.085
379.24
338.121
337.326
335.992
334.344
332.647
331.171
330.136
329.588
329.458
329.715
289.766
288.72
287.008
284.885
282.697
280.801
279.482
278.852
278.87
279.146
241.913
240.414
238.037
235.049
231.953
229.255
227.432
226.576
226.583
226.625
194.619
192.377
189.041
184.722
180.176
176.251
173.367
171.922
171.639
170.82
148.047
144.654
139.624
132.919
125.99
120.145
116.085
113.534
111.178
106.193
101.707
97.6161
91.2621
81.5426
70.1746
59.0467
50.7732
41.1416
29.7829
23.26
54.6243
49.8601
40.7338
27.5415
16.0534
9.4341
6.44053
3.7087
1.3577
1.13337
18.3724
12.9119
6.16463
1.75151
0.0100301
-0.0875895
-0.0885674
-0.0912475
-0.0862435
0.00146854
0.381856
-0.201568
-0.268353
-0.225596
-0.251793
-0.219059
-0.210033
-0.205098
-0.193847
-0.178771
-0.403057
-0.467783
-0.434425
-0.404323
-0.368882
-0.332025
-0.30921
-0.29806
-0.285026
-0.303397
-0.473638
-0.506364
-0.505261
-0.503595
-0.461445
-0.425194
-0.397301
-0.382948
-0.367769
-0.387493
-0.543263
-0.565715
-0.585656
-0.584519
-0.538758
-0.505397
-0.477484
-0.461038
-0.450024
-0.463235
-0.615502
-0.642613
-0.656818
-0.633748
-0.597778
-0.566847
-0.541542
-0.527791
-0.524048
-0.526708
-0.648981
-0.667788
-0.677766
-0.654546
-0.632129
-0.607744
-0.590332
-0.582077
-0.583763
-0.582953
-0.664732
-0.668328
-0.66116
-0.650059
-0.642046
-0.63715
-0.63087
-0.627686
-0.630393
-0.62887
-0.687044
-0.684344
-0.669605
-0.667864
-0.67021
-0.67185
-0.671167
-0.670069
-0.671443
-0.670516
-0.722513
-0.717854
-0.709058
-0.70834
-0.711295
-0.713237
-0.713916
-0.713213
-0.713128
-0.713456
-0.766066
-0.763339
-0.759273
-0.758287
-0.758412
-0.75917
-0.759324
-0.758179
-0.756657
-0.756836
-0.817196
-0.81697
-0.8136
-0.810558
-0.809027
-0.808226
-0.807064
-0.804874
-0.801962
-0.799134
388.698
388.024
386.854
385.385
383.82
382.376
381.218
380.436
379.978
379.868
340.181
339.374
338.018
336.321
334.527
332.896
331.611
330.775
330.328
330.237
292.164
291.117
289.402
287.257
285.001
282.957
281.358
280.35
279.901
279.787
244.811
243.347
241.012
238.08
235.003
232.225
230.026
228.733
228.146
227.853
198.168
196.029
192.792
188.688
184.381
180.504
177.551
175.571
174.475
173.549
152.304
149.145
144.329
138.203
131.922
126.374
122.141
119.067
116.942
114.983
106.799
103.124
96.9703
88.6064
79.5777
70.8421
63.4894
57.3542
52.2518
48.4095
60.0966
55.0883
46.0105
34.5044
24.3806
16.7192
12.3081
10.2595
8.45095
6.56455
18.5865
13.1962
7.20744
3.22355
1.13476
0.0459488
-0.128964
-0.0903468
-0.0698195
-0.0611582
0.555746
-0.208899
-0.215233
-0.205771
-0.229712
-0.236171
-0.233857
-0.212962
-0.204449
-0.217539
-0.37955
-0.444394
-0.410044
-0.400249
-0.388276
-0.366343
-0.335989
-0.325326
-0.317552
-0.323925
-0.491506
-0.506728
-0.516767
-0.535048
-0.491552
-0.448168
-0.416354
-0.400233
-0.385002
-0.394897
-0.578266
-0.625277
-0.631443
-0.63246
-0.581654
-0.524945
-0.493201
-0.47499
-0.462758
-0.461024
-0.656629
-0.74892
-0.737167
-0.69382
-0.636739
-0.584965
-0.553872
-0.537903
-0.529756
-0.52335
-0.685407
-0.741942
-0.743068
-0.693262
-0.652031
-0.618599
-0.598286
-0.589244
-0.586313
-0.579971
-0.677179
-0.670999
-0.665914
-0.647215
-0.644243
-0.639865
-0.633658
-0.63151
-0.630813
-0.62644
-0.677933
-0.657447
-0.63579
-0.64424
-0.661624
-0.669396
-0.670909
-0.672033
-0.671124
-0.668613
-0.711312
-0.696817
-0.683664
-0.692618
-0.704435
-0.710513
-0.713383
-0.714435
-0.713639
-0.71296
-0.759208
-0.755567
-0.750115
-0.75263
-0.755809
-0.757575
-0.759466
-0.759681
-0.758538
-0.75829
-0.817594
-0.818171
-0.813028
-0.810904
-0.808951
-0.808035
-0.80779
-0.806724
-0.804712
-0.802355
390.598
389.909
388.717
387.205
385.568
384.018
382.715
381.759
381.161
380.925
342.3
341.475
340.103
338.369
336.508
334.769
333.333
332.294
331.657
331.396
294.677
293.62
291.9
289.744
287.452
285.326
283.583
282.336
281.614
281.319
247.932
246.473
244.183
241.316
238.292
235.52
233.266
231.638
230.775
230.394
202.141
200.057
196.906
192.99
188.932
185.264
182.357
180.37
179.121
178.469
157.567
154.467
149.784
144.133
138.517
133.578
129.714
127.027
125.394
124.408
113.929
110.061
103.839
96.3199
89.0315
82.4816
77.1212
73.01
70.2947
68.7826
69.5325
63.3114
53.8443
43.3731
35.1426
28.8057
24.4277
21.8697
21.0995
20.9326
24.4018
15.8141
9.01115
5.33976
3.35971
2.06701
1.07799
0.398197
0.282034
0.377592
1.16343
0.117168
-0.134569
-0.20891
-0.211747
-0.188776
-0.229934
-0.261605
-0.274125
-0.253248
-0.339822
-0.428591
-0.400157
-0.416568
-0.401918
-0.386507
-0.383975
-0.384534
-0.38686
-0.376911
-0.565988
-0.561844
-0.53404
-0.566009
-0.537698
-0.481158
-0.445762
-0.43178
-0.42281
-0.426091
-0.685014
-0.724413
-0.672108
-0.670788
-0.635362
-0.559651
-0.517605
-0.499871
-0.490111
-0.488386
-0.728054
-0.855872
-0.800265
-0.743427
-0.681632
-0.612269
-0.572751
-0.558736
-0.550799
-0.546909
-0.716752
-0.827238
-0.790258
-0.72469
-0.674543
-0.633175
-0.611158
-0.604458
-0.599994
-0.594853
-0.702101
-0.701166
-0.661833
-0.639509
-0.644886
-0.644681
-0.64028
-0.640674
-0.639298
-0.634464
-0.679127
-0.637058
-0.604832
-0.623373
-0.657018
-0.668961
-0.672392
-0.676675
-0.67484
-0.671434
-0.701537
-0.676913
-0.657636
-0.678857
-0.698938
-0.705939
-0.712399
-0.716549
-0.714738
-0.713755
-0.755276
-0.749998
-0.740431
-0.746212
-0.749678
-0.752476
-0.758806
-0.761134
-0.760146
-0.759788
-0.816499
-0.819481
-0.810703
-0.807478
-0.80365
-0.805522
-0.80798
-0.808274
-0.806802
-0.805538
392.311
391.606
390.396
388.852
387.168
385.55
384.158
383.1
382.418
382.122
344.231
343.383
341.998
340.242
338.34
336.535
335.008
333.865
333.13
332.803
297.02
295.94
294.211
292.046
289.737
287.571
285.756
284.405
283.564
283.184
250.901
249.426
247.161
244.345
241.376
238.636
236.386
234.752
233.732
233.265
206.039
203.971
200.875
197.092
193.204
189.707
186.908
184.911
183.648
183.054
163.22
160.062
155.43
150.028
144.839
140.392
136.973
134.586
133.154
132.414
122.363
117.812
111.398
104.108
97.6092
92.2308
88.1476
85.2229
83.3577
82.2813
82.5647
74.8296
64.4793
54.2586
46.9318
41.9227
38.6644
36.5194
35.4815
35.2322
40.3254
26.305
14.415
9.10126
7.46425
6.52293
5.8611
5.22457
4.75215
4.74816
3.80639
1.42552
0.118689
-0.160351
-0.218393
-0.222061
-0.251895
-0.334345
-0.35596
-0.244041
-0.200691
-0.383288
-0.389057
-0.42064
-0.425863
-0.420323
-0.419732
-0.431641
-0.453596
-0.459957
-0.627904
-0.578036
-0.513558
-0.560908
-0.55964
-0.519528
-0.475606
-0.461294
-0.462228
-0.465716
-0.735137
-0.740841
-0.639472
-0.671713
-0.661614
-0.600881
-0.545256
-0.520624
-0.508262
-0.502381
-0.710574
-0.817976
-0.762244
-0.765882
-0.715623
-0.641056
-0.595204
-0.575508
-0.563364
-0.557025
-0.670844
-0.779358
-0.757622
-0.745495
-0.694239
-0.647998
-0.628406
-0.620068
-0.610295
-0.602249
-0.68854
-0.705648
-0.644664
-0.632435
-0.643558
-0.648802
-0.651638
-0.651482
-0.646849
-0.640263
-0.69619
-0.655421
-0.599635
-0.612568
-0.651925
-0.671246
-0.680389
-0.684324
-0.680627
-0.675629
-0.699306
-0.67716
-0.653907
-0.672848
-0.695705
-0.709511
-0.717721
-0.721713
-0.71867
-0.716226
-0.744697
-0.745236
-0.734263
-0.741003
-0.748906
-0.757121
-0.762064
-0.763779
-0.762114
-0.761145
-0.806081
-0.812798
-0.803327
-0.80327
-0.804834
-0.808451
-0.810024
-0.810101
-0.808745
-0.80756
393.633
392.92
391.697
390.133
388.421
386.766
385.33
384.225
383.501
383.182
345.735
344.871
343.477
341.706
339.782
337.944
336.372
335.181
334.407
334.056
298.876
297.779
296.042
293.866
291.545
289.36
287.513
286.124
285.233
284.838
253.275
251.793
249.544
246.75
243.813
241.094
238.851
237.207
236.172
235.694
209.179
207.135
204.12
200.385
196.565
193.13
190.382
188.402
187.139
186.561
168.028
165.068
160.319
154.921
149.814
145.506
142.336
140.134
138.751
138.094
130.111
125.423
118.198
110.475
103.994
98.7139
94.9658
92.5952
91.2551
90.3525
95.5743
87.0969
75.3882
64.1689
56.1938
51.1506
48.3924
46.9138
46.1301
45.7009
60.492
43.6279
26.8223
16.2694
13.6579
13.4689
13.7547
13.9503
13.9257
13.9668
16.4001
7.01927
1.49161
0.137623
-0.191197
-0.235053
0.0553995
0.431507
0.80248
0.998418
0.213651
-0.299246
-0.374583
-0.448152
-0.478147
-0.489534
-0.486067
-0.47613
-0.484915
-0.499038
-0.62432
-0.546141
-0.539725
-0.572486
-0.569193
-0.562926
-0.541905
-0.515092
-0.503109
-0.505129
-0.648799
-0.657114
-0.663174
-0.680932
-0.658252
-0.629805
-0.593054
-0.553184
-0.522474
-0.50807
-0.603046
-0.697286
-0.755143
-0.778857
-0.724268
-0.659938
-0.625998
-0.604753
-0.582117
-0.569844
-0.588032
-0.664762
-0.735783
-0.769957
-0.713688
-0.657973
-0.640497
-0.63696
-0.625414
-0.613666
-0.644606
-0.673957
-0.675374
-0.665733
-0.647319
-0.655056
-0.658782
-0.657303
-0.653094
-0.644679
-0.703125
-0.696221
-0.645734
-0.630049
-0.660144
-0.679317
-0.687445
-0.68778
-0.684092
-0.678469
-0.719425
-0.711722
-0.680375
-0.685018
-0.705377
-0.717295
-0.723985
-0.726615
-0.72301
-0.719521
-0.751376
-0.753201
-0.745553
-0.752791
-0.758322
-0.763096
-0.765853
-0.766929
-0.764957
-0.763347
-0.80334
-0.808197
-0.807257
-0.812956
-0.81128
-0.811965
-0.812228
-0.812008
-0.810515
-0.809239
394.385
393.677
392.445
390.865
389.135
387.462
386.008
384.886
384.15
383.823
346.632
345.779
344.37
342.576
340.63
338.774
337.185
335.974
335.187
334.834
300.005
298.925
297.171
294.969
292.63
290.437
288.584
287.189
286.286
285.877
254.782
253.342
251.08
248.261
245.316
242.617
240.402
238.775
237.73
237.255
211.33
209.281
206.26
202.529
198.74
195.376
192.681
190.779
189.546
189.001
171.464
168.257
163.581
158.169
153.042
148.892
145.717
143.776
142.3
141.736
135.628
130.391
122.999
115.152
107.956
102.851
99.3747
97.2044
96.3956
96.3101
105.685
96.1848
83.6687
71.0108
61.6592
56.3614
54.3357
53.3239
53.0164
53.0189
80.159
61.7623
41.906
26.2068
20.2754
19.8435
21.0776
22.2869
23.228
23.6913
44.1648
18.337
4.28297
1.3824
0.773262
0.71968
1.05959
1.75849
2.4587
2.82414
8.96578
0.343579
-0.159716
-0.342845
-0.415543
-0.427709
-0.418585
-0.409875
-0.410947
-0.418435
-0.383764
-0.567315
-0.562226
-0.551527
-0.531013
-0.522266
-0.506901
-0.482597
-0.460685
-0.453861
-0.47106
-0.586213
-0.658616
-0.662586
-0.617015
-0.583453
-0.559661
-0.536956
-0.509958
-0.49431
-0.542431
-0.598844
-0.688094
-0.713364
-0.669028
-0.62278
-0.597827
-0.583515
-0.57109
-0.558523
-0.584086
-0.61016
-0.659829
-0.693998
-0.67636
-0.64543
-0.626779
-0.617672
-0.611198
-0.603657
-0.641923
-0.653423
-0.662786
-0.677038
-0.668654
-0.660562
-0.655294
-0.650337
-0.644292
-0.638638
-0.6936
-0.70159
-0.692136
-0.679278
-0.684708
-0.690478
-0.690285
-0.686818
-0.682434
-0.677991
-0.717981
-0.723164
-0.715745
-0.712472
-0.719887
-0.725369
-0.727714
-0.728061
-0.724519
-0.721394
-0.754659
-0.754311
-0.758344
-0.76246
-0.763705
-0.767149
-0.768748
-0.769019
-0.767228
-0.76544
-0.806039
-0.806527
-0.809901
-0.815004
-0.812691
-0.813448
-0.813923
-0.813575
-0.812337
-0.810862
-0.85096
-0.848522
-0.854237
-0.861337
-0.857757
-0.855778
-0.855693
-0.855172
-0.854357
-0.853569
-0.902954
-0.899609
-0.904027
-0.911067
-0.909571
-0.906724
-0.905165
-0.90394
-0.902674
-0.901591
-0.952949
-0.953309
-0.95416
-0.958247
-0.9586
-0.956051
-0.954125
-0.952757
-0.951393
-0.950177
-1.00329
-1.00366
-1.00427
-1.00644
-1.00586
-1.00407
-1.00286
-1.0018
-1.00055
-0.999302
-1.05335
-1.05384
-1.05406
-1.054
-1.0534
-1.05286
-1.05229
-1.05148
-1.05033
-1.04911
-1.10375
-1.10361
-1.1033
-1.10303
-1.10302
-1.10292
-1.10254
-1.10186
-1.10084
-1.09967
-1.15476
-1.15446
-1.15414
-1.15398
-1.15399
-1.15387
-1.15351
-1.15288
-1.15198
-1.1509
-1.20621
-1.20598
-1.20575
-1.2056
-1.20551
-1.20533
-1.20495
-1.20441
-1.2036
-1.20261
-1.2579
-1.25775
-1.25757
-1.25742
-1.25728
-1.25707
-1.25672
-1.25621
-1.25553
-1.25468
-1.30973
-1.30963
-1.30948
-1.30933
-1.30917
-1.30895
-1.30862
-1.30818
-1.30762
-1.30692
-1.36166
-1.36158
-1.36145
-1.3613
-1.36112
-1.36089
-1.36059
-1.36021
-1.35974
-1.35918
-1.41368
-1.41361
-1.41348
-1.41332
-1.41312
-1.41289
-1.4126
-1.41227
-1.41188
-1.41141
-1.4658
-1.46573
-1.46559
-1.46542
-1.46521
-1.46496
-1.46468
-1.46437
-1.46403
-1.46361
-1.51804
-1.51798
-1.51782
-1.51765
-1.51742
-1.51716
-1.51689
-1.51659
-1.51625
-1.51585
-1.57044
-1.57038
-1.57022
-1.57003
-1.56981
-1.56956
-1.56928
-1.56899
-1.56865
-1.56827
-1.623
-1.62295
-1.62281
-1.62259
-1.62241
-1.62219
-1.62195
-1.6217
-1.6214
-1.621
-1.67579
-1.67575
-1.67563
-1.67552
-1.67531
-1.67511
-1.67491
-1.67469
-1.67444
-1.67414
-1.72871
-1.72867
-1.7286
-1.7285
-1.72835
-1.72818
-1.728
-1.72778
-1.72755
-1.72731
-1.78169
-1.78168
-1.78166
-1.78161
-1.78153
-1.78141
-1.78123
-1.78093
-1.78061
-1.78031
-1.83467
-1.83471
-1.83475
-1.83479
-1.83481
-1.83475
-1.83459
-1.83424
-1.83378
-1.83323
-0.855585
-0.853908
-0.857623
-0.865617
-0.861559
-0.857514
-0.85567
-0.854775
-0.853662
-0.852879
-0.904704
-0.903052
-0.906933
-0.917899
-0.914399
-0.908717
-0.905381
-0.903686
-0.902121
-0.901075
-0.951696
-0.952608
-0.951005
-0.962893
-0.961487
-0.956843
-0.954031
-0.952402
-0.95084
-0.949688
-1.0011
-1.00423
-1.00386
-1.00672
-1.00587
-1.00383
-1.00249
-1.00137
-1.00001
-0.998736
-1.05221
-1.0535
-1.0528
-1.05264
-1.05252
-1.05234
-1.05186
-1.05106
-1.04983
-1.04853
-1.10331
-1.10303
-1.1023
-1.10211
-1.10242
-1.10252
-1.10221
-1.10152
-1.10041
-1.09917
-1.15448
-1.15405
-1.15364
-1.15354
-1.15365
-1.15363
-1.1533
-1.15267
-1.15171
-1.1506
-1.20606
-1.20579
-1.20551
-1.20537
-1.20534
-1.20521
-1.20487
-1.20431
-1.20352
-1.20264
-1.25784
-1.25765
-1.25745
-1.25731
-1.25721
-1.25704
-1.25671
-1.25622
-1.25558
-1.2549
-1.30971
-1.30958
-1.30943
-1.30929
-1.30915
-1.30895
-1.30865
-1.30824
-1.30774
-1.30722
-1.36165
-1.36156
-1.36142
-1.36128
-1.36111
-1.36089
-1.36061
-1.36026
-1.35987
-1.35948
-1.41365
-1.41358
-1.41344
-1.41328
-1.41308
-1.41285
-1.41258
-1.41228
-1.41197
-1.41166
-1.46575
-1.46567
-1.46552
-1.46534
-1.46512
-1.46486
-1.46459
-1.46431
-1.46403
-1.46371
-1.51797
-1.51789
-1.51773
-1.51753
-1.51728
-1.51701
-1.51672
-1.51645
-1.51615
-1.5158
-1.57034
-1.57027
-1.5701
-1.56989
-1.56964
-1.56935
-1.56907
-1.5688
-1.56849
-1.56809
-1.62287
-1.62283
-1.62268
-1.62247
-1.62224
-1.62197
-1.62169
-1.62146
-1.62116
-1.6207
-1.67574
-1.67563
-1.67549
-1.67532
-1.67512
-1.67492
-1.67478
-1.67459
-1.67439
-1.6742
-1.72866
-1.72863
-1.72852
-1.72839
-1.72822
-1.72805
-1.72791
-1.72774
-1.72756
-1.72748
-1.78169
-1.78169
-1.78165
-1.78159
-1.78149
-1.78137
-1.78118
-1.78086
-1.78054
-1.78045
-1.83475
-1.83478
-1.83483
-1.83488
-1.83491
-1.83487
-1.83469
-1.83427
-1.83372
-1.83314
-0.862758
-0.865115
-0.857052
-0.861769
-0.86208
-0.858892
-0.856451
-0.854691
-0.852917
-0.85199
-0.908569
-0.911957
-0.908363
-0.914598
-0.915046
-0.910511
-0.906239
-0.903627
-0.901478
-0.900436
-0.950475
-0.952837
-0.953852
-0.961325
-0.963205
-0.958805
-0.954633
-0.95222
-0.950176
-0.949087
-0.998388
-1.0006
-0.999616
-1.00442
-1.00664
-1.00437
-1.00233
-1.00095
-0.999315
-0.997873
-1.05121
-1.05167
-1.05002
-1.0505
-1.0511
-1.05145
-1.05131
-1.05054
-1.04908
-1.04749
-1.10283
-1.10162
-1.10004
-1.09942
-1.10058
-1.10169
-1.10176
-1.10109
-1.09975
-1.09816
-1.15412
-1.1533
-1.15211
-1.15209
-1.15284
-1.15328
-1.1531
-1.15241
-1.15124
-1.14962
-1.20598
-1.20555
-1.20501
-1.20496
-1.20514
-1.20518
-1.20488
-1.20424
-1.20327
-1.20191
-1.25788
-1.25764
-1.25738
-1.25727
-1.25726
-1.25716
-1.25684
-1.2563
-1.25557
-1.25462
-1.30978
-1.30964
-1.30947
-1.30936
-1.30926
-1.30911
-1.30883
-1.3084
-1.3079
-1.30736
-1.36169
-1.36159
-1.36146
-1.36132
-1.36118
-1.36099
-1.36074
-1.36041
-1.36007
-1.35982
-1.41364
-1.41356
-1.41341
-1.41325
-1.41306
-1.41284
-1.4126
-1.41233
-1.41214
-1.41204
-1.46568
-1.46559
-1.46542
-1.46522
-1.46497
-1.46471
-1.46445
-1.4642
-1.46402
-1.46387
-1.51784
-1.51774
-1.51756
-1.51732
-1.51703
-1.51671
-1.51641
-1.51615
-1.51591
-1.51564
-1.57017
-1.57008
-1.56988
-1.56961
-1.56931
-1.56895
-1.56863
-1.56837
-1.56807
-1.56773
-1.62271
-1.62261
-1.62242
-1.62216
-1.62186
-1.62153
-1.62124
-1.62101
-1.62069
-1.62045
-1.67553
-1.67536
-1.67523
-1.67499
-1.67474
-1.67451
-1.67439
-1.67434
-1.67415
-1.6741
-1.72857
-1.72857
-1.72837
-1.7282
-1.72796
-1.72776
-1.72769
-1.72768
-1.7276
-1.72828
-1.7817
-1.7817
-1.78162
-1.78153
-1.78138
-1.78123
-1.78107
-1.78078
-1.78013
-1.78063
-1.83489
-1.83493
-1.83499
-1.83505
-1.83508
-1.83505
-1.83488
-1.83431
-1.83316
-1.83269
-0.874326
-0.877626
-0.867566
-0.862437
-0.860344
-0.858091
-0.856245
-0.854565
-0.852242
-0.850844
-0.917863
-0.923564
-0.916755
-0.916225
-0.91538
-0.910415
-0.906226
-0.903632
-0.901024
-0.899545
-0.958145
-0.96288
-0.962285
-0.964667
-0.965725
-0.959595
-0.95491
-0.952277
-0.949753
-0.948086
-1.00379
-1.00561
-1.00372
-1.00646
-1.00804
-1.00505
-1.00264
-1.00083
-0.998575
-0.996537
-1.05376
-1.05249
-1.05082
-1.05041
-1.05174
-1.05216
-1.05157
-1.0503
-1.0482
-1.0459
-1.10359
-1.10201
-1.10017
-1.1
-1.10152
-1.10232
-1.10199
-1.10089
-1.09912
-1.09719
-1.15467
-1.1539
-1.15275
-1.15289
-1.15353
-1.15379
-1.15341
-1.15245
-1.15112
-1.15001
-1.20641
-1.206
-1.2055
-1.20548
-1.20565
-1.20567
-1.20531
-1.20457
-1.20367
-1.20282
-1.2582
-1.25797
-1.25773
-1.25767
-1.25769
-1.25764
-1.25737
-1.25685
-1.2564
-1.25598
-1.31001
-1.30988
-1.30973
-1.30966
-1.30961
-1.30953
-1.30934
-1.309
-1.30889
-1.30878
-1.36181
-1.36172
-1.3616
-1.36149
-1.36138
-1.36127
-1.36113
-1.36089
-1.36099
-1.36118
-1.41366
-1.41357
-1.41342
-1.41325
-1.41307
-1.4129
-1.41275
-1.41257
-1.41281
-1.41341
-1.46558
-1.46548
-1.46529
-1.46505
-1.46478
-1.4645
-1.46427
-1.4641
-1.46423
-1.46451
-1.51766
-1.51754
-1.5173
-1.517
-1.51663
-1.51625
-1.51591
-1.51571
-1.51563
-1.51542
-1.56993
-1.5698
-1.56953
-1.56918
-1.56876
-1.56831
-1.5679
-1.56771
-1.56742
-1.56679
-1.62244
-1.6223
-1.62203
-1.62166
-1.62124
-1.62078
-1.62042
-1.62035
-1.62004
-1.61943
-1.67526
-1.67504
-1.67485
-1.67446
-1.67413
-1.67379
-1.67372
-1.6739
-1.67389
-1.674
-1.72841
-1.72839
-1.7281
-1.72786
-1.72746
-1.72716
-1.7272
-1.72754
-1.72761
-1.73076
-1.78169
-1.78167
-1.78153
-1.78136
-1.78107
-1.78081
-1.78062
-1.78012
-1.77915
-1.7838
-1.83508
-1.83513
-1.83519
-1.83523
-1.83522
-1.83514
-1.83493
-1.83412
-1.83294
-1.83416
-0.875751
-0.875648
-0.86825
-0.862854
-0.860616
-0.857979
-0.856475
-0.854554
-0.851471
-0.84908
-0.921131
-0.923978
-0.918381
-0.916306
-0.915389
-0.909974
-0.906352
-0.903825
-0.900721
-0.898907
-0.963361
-0.966625
-0.965487
-0.965583
-0.96424
-0.959
-0.955164
-0.952581
-0.949513
-0.947428
-1.00864
-1.00876
-1.00808
-1.00838
-1.00771
-1.00532
-1.00319
-1.00104
-0.998035
-0.994623
-1.05578
-1.05412
-1.05278
-1.05263
-1.05343
-1.05335
-1.0522
-1.05028
-1.04731
-1.04285
-1.105
-1.10386
-1.1024
-1.10255
-1.10337
-1.1035
-1.10261
-1.10091
-1.09832
-1.09327
-1.15586
-1.15522
-1.15444
-1.15451
-1.15482
-1.15479
-1.15408
-1.15268
-1.15079
-1.14601
-1.20722
-1.20689
-1.20654
-1.20652
-1.20662
-1.20657
-1.20606
-1.20511
-1.20422
-1.20087
-1.25878
-1.2586
-1.25844
-1.25843
-1.25847
-1.25845
-1.25817
-1.25761
-1.25771
-1.25606
-1.31039
-1.31029
-1.3102
-1.31019
-1.31021
-1.31022
-1.31013
-1.30985
-1.31076
-1.31062
-1.36202
-1.36194
-1.36184
-1.36178
-1.36174
-1.36174
-1.36179
-1.36169
-1.36321
-1.3644
-1.41369
-1.4136
-1.41344
-1.41327
-1.41312
-1.413
-1.41308
-1.41309
-1.4148
-1.41653
-1.46547
-1.46534
-1.4651
-1.46481
-1.46448
-1.46415
-1.46405
-1.46405
-1.46538
-1.46613
-1.51742
-1.51726
-1.51694
-1.51653
-1.51603
-1.51549
-1.51514
-1.51518
-1.51612
-1.51619
-1.56961
-1.56942
-1.56904
-1.56854
-1.56791
-1.56724
-1.56675
-1.56684
-1.56744
-1.56711
-1.62208
-1.62187
-1.62148
-1.62093
-1.62026
-1.61953
-1.61915
-1.61952
-1.61999
-1.62024
-1.6749
-1.67462
-1.67431
-1.67376
-1.67319
-1.67262
-1.67273
-1.67371
-1.67456
-1.67604
-1.72816
-1.72809
-1.72765
-1.72722
-1.72664
-1.72624
-1.72692
-1.72855
-1.73085
-1.7387
-1.78163
-1.78156
-1.78131
-1.781
-1.78045
-1.78017
-1.78039
-1.78009
-1.77973
-1.79027
-1.8353
-1.83534
-1.83536
-1.83535
-1.83521
-1.83519
-1.83543
-1.83496
-1.83487
-1.83673
-0.869892
-0.870657
-0.867581
-0.863184
-0.860976
-0.859324
-0.857369
-0.855025
-0.852609
-0.850268
-0.917533
-0.919291
-0.917588
-0.915092
-0.912634
-0.909776
-0.90693
-0.904556
-0.901961
-0.900548
-0.963291
-0.964035
-0.963817
-0.963153
-0.961239
-0.958575
-0.955884
-0.953343
-0.950102
-0.947408
-1.00946
-1.00874
-1.00834
-1.00809
-1.00736
-1.00611
-1.00414
-1.00153
-0.99776
-0.992519
-1.05706
-1.05602
-1.05509
-1.05506
-1.05524
-1.05473
-1.05308
-1.05053
-1.04699
-1.04036
-1.10654
-1.10586
-1.10504
-1.10506
-1.10522
-1.10488
-1.10357
-1.10136
-1.09955
-1.09504
-1.15711
-1.1567
-1.15626
-1.15626
-1.15631
-1.15615
-1.15537
-1.15376
-1.15466
-1.15348
-1.20818
-1.20796
-1.20777
-1.20783
-1.20789
-1.20793
-1.20763
-1.20691
-1.21029
-1.21377
-1.25948
-1.25938
-1.25932
-1.25944
-1.25959
-1.25984
-1.25991
-1.25972
-1.2643
-1.27156
-1.31086
-1.31081
-1.3108
-1.31093
-1.31113
-1.3115
-1.31183
-1.31195
-1.31727
-1.32553
-1.36227
-1.36221
-1.36214
-1.36217
-1.36231
-1.36269
-1.36315
-1.36354
-1.36925
-1.37715
-1.41373
-1.41362
-1.41344
-1.41327
-1.41317
-1.41329
-1.4137
-1.41403
-1.41805
-1.423
-1.46531
-1.46515
-1.46483
-1.46444
-1.46402
-1.46364
-1.46366
-1.46379
-1.46667
-1.46797
-1.51711
-1.51689
-1.51645
-1.51585
-1.51513
-1.51431
-1.5138
-1.51394
-1.51576
-1.51479
-1.56919
-1.56892
-1.56839
-1.56764
-1.56669
-1.56563
-1.56475
-1.56496
-1.56525
-1.56142
-1.62162
-1.62132
-1.62075
-1.61992
-1.61887
-1.61775
-1.61694
-1.61771
-1.61741
-1.61405
-1.67445
-1.67411
-1.67358
-1.67275
-1.67178
-1.67079
-1.6708
-1.67293
-1.67485
-1.67344
-1.72782
-1.7276
-1.72697
-1.72621
-1.72532
-1.72449
-1.72581
-1.73024
-1.73531
-1.7367
-1.7815
-1.78132
-1.78086
-1.78022
-1.77927
-1.77841
-1.77938
-1.77867
-1.7757
-1.78031
-1.83549
-1.83549
-1.83538
-1.83513
-1.83459
-1.83403
-1.8344
-1.82995
-1.7958
-1.81664
-0.868108
-0.867563
-0.865753
-0.863483
-0.861232
-0.860407
-0.859248
-0.856444
-0.85667
-0.864447
-0.915353
-0.915358
-0.914568
-0.913079
-0.911279
-0.910121
-0.908426
-0.907014
-0.906172
-0.913123
-0.962324
-0.962015
-0.96178
-0.961131
-0.960209
-0.959283
-0.957378
-0.955965
-0.953778
-0.954227
-1.00975
-1.00913
-1.0087
-1.00846
-1.00803
-1.00746
-1.00522
-1.00365
-1.00081
-0.994943
-1.05828
-1.05763
-1.05707
-1.05692
-1.05667
-1.05619
-1.05415
-1.05229
-1.05072
-1.04173
-1.10788
-1.10744
-1.107
-1.10689
-1.1067
-1.1064
-1.10503
-1.10347
-1.10599
-1.09861
-1.15826
-1.15801
-1.15777
-1.15778
-1.15769
-1.1578
-1.15723
-1.15694
-1.16585
-1.16853
-1.20912
-1.20901
-1.20895
-1.20914
-1.20923
-1.20976
-1.21002
-1.21067
-1.22315
-1.23936
-1.2602
-1.26018
-1.26026
-1.26063
-1.26091
-1.2618
-1.26258
-1.26339
-1.27473
-1.30063
-1.31135
-1.31137
-1.31147
-1.31188
-1.31225
-1.31332
-1.31425
-1.31476
-1.32445
-1.34705
-1.36251
-1.36248
-1.36249
-1.36267
-1.3629
-1.36387
-1.36482
-1.36507
-1.37498
-1.3881
-1.41373
-1.41361
-1.41342
-1.41324
-1.41302
-1.41325
-1.41411
-1.41409
-1.42298
-1.43516
-1.46511
-1.46488
-1.46449
-1.46394
-1.46326
-1.46243
-1.46255
-1.46263
-1.47135
-1.48035
-1.51674
-1.51642
-1.51583
-1.51495
-1.51384
-1.51222
-1.51132
-1.51186
-1.52099
-1.52579
-1.56871
-1.56833
-1.56757
-1.56644
-1.56493
-1.56281
-1.56083
-1.56257
-1.57012
-1.57384
-1.62109
-1.62067
-1.61982
-1.6185
-1.61669
-1.61411
-1.61172
-1.61566
-1.6204
-1.62514
-1.67392
-1.6735
-1.67262
-1.67124
-1.66925
-1.6661
-1.66432
-1.67198
-1.67748
-1.68985
-1.72741
-1.72697
-1.72604
-1.72468
-1.72237
-1.72019
-1.71756
-1.73261
-1.73214
-1.74929
-1.7813
-1.78097
-1.78014
-1.77885
-1.77543
-1.77539
-1.77204
-1.78113
-1.76565
-1.76961
-1.83565
-1.83557
-1.83518
-1.83432
-1.8309
-1.83243
-1.83326
-1.80082
-1.79043
-1.7979
-0.867408
-0.866737
-0.864976
-0.864539
-0.862462
-0.858727
-0.860091
-0.859898
-0.860232
-0.89758
-0.914786
-0.914293
-0.913401
-0.913259
-0.911758
-0.917926
-0.901234
-0.908912
-0.910867
-0.946287
-0.962321
-0.961805
-0.961426
-0.961334
-0.960968
-0.964078
-0.95701
-0.960966
-0.957532
-0.985787
-1.01039
-1.0099
-1.00951
-1.00945
-1.00942
-1.00946
-1.00926
-1.01107
-1.00402
-1.03108
-1.05925
-1.05883
-1.05846
-1.05817
-1.05779
-1.05694
-1.05683
-1.0593
-1.05755
-1.08706
-1.10891
-1.10862
-1.10834
-1.10814
-1.10773
-1.10692
-1.10666
-1.10942
-1.11553
-1.1551
-1.1592
-1.15905
-1.15891
-1.15896
-1.15869
-1.15838
-1.15842
-1.16336
-1.17566
-1.2223
-1.20992
-1.2099
-1.20993
-1.21035
-1.21042
-1.21098
-1.21138
-1.21699
-1.23165
-1.29176
-1.26083
-1.2609
-1.2611
-1.26184
-1.26249
-1.26437
-1.26497
-1.26856
-1.27985
-1.33429
-1.31175
-1.31182
-1.31203
-1.31285
-1.31436
-1.31755
-1.31828
-1.31969
-1.32842
-1.36457
-1.36264
-1.36259
-1.36257
-1.36296
-1.3647
-1.3689
-1.37005
-1.37107
-1.38057
-1.41635
-1.41362
-1.41338
-1.41301
-1.41269
-1.41349
-1.41674
-1.41882
-1.41971
-1.42972
-1.45809
-1.46481
-1.46443
-1.46373
-1.46275
-1.46218
-1.46248
-1.46433
-1.4661
-1.47586
-1.49387
-1.51633
-1.51584
-1.5149
-1.51338
-1.51187
-1.50992
-1.51029
-1.51264
-1.52321
-1.53096
-1.56823
-1.56769
-1.5666
-1.56487
-1.56281
-1.55939
-1.55789
-1.55992
-1.56996
-1.56945
-1.62055
-1.61999
-1.61884
-1.61699
-1.61447
-1.61081
-1.60874
-1.61122
-1.61384
-1.61865
-1.67332
-1.67284
-1.67167
-1.66982
-1.66704
-1.66405
-1.66309
-1.67054
-1.67014
-1.69217
-1.72708
-1.7264
-1.72523
-1.72349
-1.72089
-1.71996
-1.72369
-1.74169
-1.74185
-1.76457
-1.78111
-1.78064
-1.7797
-1.77823
-1.77616
-1.77757
-1.78253
-1.8116
-1.79008
-1.78141
-1.83578
-1.83568
-1.83532
-1.83465
-1.83397
-1.83737
-1.85726
-1.86333
-1.82598
-1.80711
-0.867088
-0.866464
-0.864886
-0.864412
-0.864184
-0.857646
-0.846114
-0.85595
-0.874148
-0.913138
-0.91455
-0.914099
-0.913243
-0.912952
-0.913697
-0.900928
-0.898692
-0.914099
-0.933692
-0.976553
-0.962439
-0.962037
-0.961632
-0.961539
-0.962268
-0.949862
-0.961083
-0.969955
-0.988249
-1.03005
-1.01087
-1.01053
-1.01032
-1.0106
-1.01134
-0.995446
-1.01733
-1.02817
-1.03732
-1.09137
-1.05992
-1.05963
-1.05939
-1.05934
-1.05893
-1.0524
-1.06668
-1.07604
-1.0878
-1.16073
-1.10965
-1.10945
-1.10926
-1.10928
-1.10855
-1.09956
-1.11353
-1.12201
-1.14435
-1.22043
-1.15993
-1.15987
-1.15979
-1.16021
-1.15952
-1.15389
-1.1625
-1.17259
-1.19473
-1.25208
-1.21062
-1.21073
-1.2109
-1.21194
-1.21177
-1.21005
-1.20956
-1.21973
-1.23068
-1.25897
-1.2615
-1.26178
-1.2623
-1.26413
-1.26578
-1.26851
-1.26048
-1.26361
-1.2612
-1.26335
-1.31233
-1.31267
-1.31323
-1.3154
-1.31868
-1.32648
-1.31419
-1.30973
-1.30355
-1.31084
-1.36306
-1.36325
-1.36334
-1.3649
-1.36718
-1.37623
-1.37004
-1.35864
-1.35841
-1.37187
-1.41382
-1.41373
-1.41332
-1.41361
-1.41296
-1.41913
-1.42329
-1.41416
-1.40598
-1.4037
-1.46479
-1.46446
-1.46375
-1.46283
-1.46038
-1.4612
-1.46639
-1.4594
-1.44908
-1.4472
-1.51611
-1.51563
-1.5147
-1.51321
-1.51093
-1.50725
-1.50804
-1.50231
-1.50097
-1.48876
-1.56788
-1.56727
-1.56614
-1.56426
-1.56164
-1.55626
-1.55313
-1.54292
-1.53799
-1.51201
-1.62016
-1.61948
-1.61819
-1.61609
-1.61295
-1.60716
-1.60136
-1.58645
-1.55076
-1.5363
-1.67302
-1.67233
-1.67098
-1.66886
-1.66533
-1.66003
-1.65438
-1.64755
-1.64115
-1.58099
-1.7266
-1.7259
-1.72459
-1.72242
-1.71945
-1.71674
-1.71721
-1.72955
-1.76637
-1.84253
-1.78088
-1.78035
-1.77936
-1.7778
-1.7759
-1.77668
-1.78364
-1.79538
-1.80607
-1.83115
-1.83583
-1.83575
-1.83554
-1.83532
-1.83577
-1.8403
-1.85361
-1.85353
-1.84002
-1.82822
-0.86676
-0.8661
-0.864666
-0.864325
-0.862386
-0.867935
-0.86131
-0.845862
-0.857609
-0.766164
-0.914344
-0.913866
-0.913009
-0.912906
-0.910691
-0.913776
-0.910538
-0.902717
-0.926671
-0.818798
-0.962438
-0.962031
-0.96157
-0.960968
-0.959002
-0.957681
-0.961553
-0.967149
-0.970637
-0.885428
-1.01107
-1.01072
-1.01048
-1.00946
-1.01038
-1.00204
-1.01419
-1.02706
-1.02373
-0.985977
-1.06026
-1.05993
-1.05964
-1.05849
-1.05576
-1.05035
-1.0687
-1.07175
-1.05817
-1.02506
-1.11005
-1.10986
-1.10962
-1.10903
-1.10654
-1.09289
-1.11795
-1.11122
-1.08841
-1.02673
-1.16032
-1.16026
-1.16012
-1.16025
-1.15694
-1.14234
-1.16472
-1.16144
-1.1425
-1.06333
-1.21093
-1.21106
-1.21123
-1.21266
-1.20913
-1.20832
-1.22384
-1.22534
-1.21269
-1.19093
-1.26164
-1.26191
-1.26271
-1.26536
-1.26616
-1.27048
-1.28081
-1.27592
-1.25302
-1.26997
-1.31212
-1.31218
-1.31305
-1.31538
-1.32028
-1.32708
-1.33424
-1.32101
-1.29748
-1.28335
-1.36245
-1.36217
-1.3619
-1.36162
-1.36848
-1.38005
-1.38744
-1.37915
-1.36743
-1.39614
-1.41301
-1.41232
-1.41105
-1.40822
-1.41091
-1.42672
-1.43426
-1.42467
-1.41536
-1.43499
-1.46401
-1.46311
-1.46144
-1.45824
-1.45329
-1.46733
-1.47634
-1.4653
-1.44649
-1.43866
-1.51548
-1.51454
-1.51278
-1.50959
-1.5033
-1.50741
-1.51518
-1.50734
-1.49851
-1.46554
-1.5674
-1.56643
-1.56491
-1.56133
-1.55832
-1.55095
-1.55447
-1.545
-1.52572
-1.48814
-1.61978
-1.61887
-1.6172
-1.61403
-1.61109
-1.60064
-1.59923
-1.58739
-1.54333
-1.52923
-1.67272
-1.67185
-1.67017
-1.66724
-1.66299
-1.65439
-1.64906
-1.64562
-1.62217
-1.05781
-1.7263
-1.72551
-1.72397
-1.72129
-1.71706
-1.71139
-1.71356
-1.73596
-1.78459
-1.84467
-1.78066
-1.78008
-1.77897
-1.77694
-1.77377
-1.77088
-1.77766
-1.79773
-1.80216
-1.84973
-1.83568
-1.8356
-1.83541
-1.83499
-1.83423
-1.8343
-1.84281
-1.85225
-1.8516
-1.85454
-0.866401
-0.865648
-0.864407
-0.863827
-0.86354
-0.865021
-0.8608
-0.856711
-0.868287
-0.305884
-0.914128
-0.913577
-0.912813
-0.912526
-0.912527
-0.915669
-0.916617
-0.920734
-0.962305
-1.02951
-0.962343
-0.961899
-0.96149
-0.961345
-0.962092
-0.967039
-0.970815
-0.973835
-0.977985
-1.00616
-1.01108
-1.01073
-1.01058
-1.01062
-1.01182
-1.0165
-1.0199
-1.01836
-1.01146
-0.971162
-1.06035
-1.06008
-1.06004
-1.06004
-1.06113
-1.06627
-1.07275
-1.07073
-1.05435
-1.01593
-1.11018
-1.11003
-1.1101
-1.11037
-1.11139
-1.1149
-1.12391
-1.11736
-1.09879
-1.10606
-1.16049
-1.16046
-1.16072
-1.16127
-1.16291
-1.16766
-1.16979
-1.17507
-1.15649
-1.19725
-1.21114
-1.21128
-1.21188
-1.21312
-1.21633
-1.22202
-1.22545
-1.2301
-1.21468
-1.24558
-1.26191
-1.26219
-1.26317
-1.26515
-1.27014
-1.27472
-1.27702
-1.27401
-1.25085
-1.27117
-1.31261
-1.31287
-1.31387
-1.3159
-1.32209
-1.3255
-1.32596
-1.31927
-1.28501
-1.30877
-1.36317
-1.36324
-1.36373
-1.36475
-1.37055
-1.37553
-1.37603
-1.3747
-1.37204
-1.398
-1.41378
-1.41361
-1.41327
-1.41348
-1.41518
-1.42302
-1.42181
-1.41922
-1.41651
-1.42206
-1.46467
-1.46427
-1.46347
-1.46281
-1.46074
-1.46687
-1.46456
-1.45811
-1.44854
-1.43023
-1.51595
-1.51539
-1.51433
-1.51276
-1.51036
-1.51029
-1.50765
-1.49966
-1.48847
-1.45261
-1.56768
-1.56701
-1.5658
-1.56381
-1.56115
-1.55693
-1.55265
-1.54005
-1.52502
-1.43428
-1.61991
-1.61918
-1.61784
-1.61569
-1.61264
-1.60762
-1.60173
-1.58924
-1.56525
-1.38181
-1.67273
-1.67198
-1.67061
-1.66848
-1.66527
-1.66044
-1.65437
-1.64128
-1.62131
-1.21438
-1.72629
-1.72555
-1.72424
-1.7223
-1.71937
-1.71593
-1.71515
-1.71595
-1.74295
-1.76385
-1.78054
-1.78
-1.77908
-1.77764
-1.77559
-1.77407
-1.77761
-1.78547
-1.80999
-1.85268
-1.83539
-1.83533
-1.83529
-1.83529
-1.83546
-1.83649
-1.84188
-1.84682
-1.84715
-1.86265
-0.866092
-0.865198
-0.863963
-0.862688
-0.860979
-0.85982
-0.858132
-0.85287
-0.844692
-0.810886
-0.913928
-0.913293
-0.912469
-0.911611
-0.910486
-0.910028
-0.911089
-0.91079
-0.922937
-0.907249
-0.962158
-0.961636
-0.961108
-0.960597
-0.960085
-0.960169
-0.962432
-0.963916
-0.976836
-0.977729
-1.01087
-1.01045
-1.01015
-1.00991
-1.00988
-1.01046
-1.01266
-1.01584
-1.02739
-1.05266
-1.06013
-1.05981
-1.05965
-1.05953
-1.05966
-1.06059
-1.06359
-1.06975
-1.07425
-1.09532
-1.10996
-1.10976
-1.10971
-1.10973
-1.10992
-1.11071
-1.11386
-1.11785
-1.11659
-1.12318
-1.16024
-1.16015
-1.1602
-1.16033
-1.16056
-1.161
-1.16432
-1.16678
-1.1631
-1.15813
-1.21085
-1.21085
-1.21104
-1.2114
-1.21191
-1.21259
-1.21507
-1.21579
-1.20819
-1.19083
-1.2616
-1.26166
-1.262
-1.26269
-1.26385
-1.26501
-1.26676
-1.2676
-1.26861
-1.26736
-1.31236
-1.31242
-1.31279
-1.31354
-1.31531
-1.31714
-1.3186
-1.3206
-1.32566
-1.34197
-1.36308
-1.36303
-1.36315
-1.36355
-1.36544
-1.36797
-1.36941
-1.37116
-1.37617
-1.40324
-1.41387
-1.41365
-1.41335
-1.41315
-1.41369
-1.41658
-1.41773
-1.41684
-1.41677
-1.42976
-1.46488
-1.4645
-1.46386
-1.46302
-1.46213
-1.46348
-1.46399
-1.46131
-1.45892
-1.46237
-1.51622
-1.51572
-1.51482
-1.51346
-1.51184
-1.51067
-1.50931
-1.50622
-1.50343
-1.5023
-1.56796
-1.56738
-1.5663
-1.56462
-1.5625
-1.55942
-1.55634
-1.55223
-1.54905
-1.54957
-1.62014
-1.61953
-1.61833
-1.61645
-1.61394
-1.61026
-1.60625
-1.60212
-1.59789
-1.60212
-1.67279
-1.67225
-1.67106
-1.66916
-1.66645
-1.6628
-1.65905
-1.65602
-1.65213
-1.65281
-1.72654
-1.72585
-1.72458
-1.72297
-1.72058
-1.71768
-1.71602
-1.71835
-1.72386
-1.73413
-1.78049
-1.78007
-1.77938
-1.77808
-1.77641
-1.77478
-1.77558
-1.7813
-1.78982
-1.79973
-1.83501
-1.83501
-1.83502
-1.83503
-1.83514
-1.83606
-1.83949
-1.84549
-1.84827
-1.84823
-0.865834
-0.86497
-0.86365
-0.86219
-0.860384
-0.858543
-0.856265
-0.851099
-0.847713
-0.839996
-0.913871
-0.913288
-0.91242
-0.91137
-0.910049
-0.908833
-0.907898
-0.904673
-0.908408
-0.905128
-0.962015
-0.961442
-0.960873
-0.960252
-0.959559
-0.958984
-0.958964
-0.957396
-0.961242
-0.958396
-1.01055
-1.01001
-1.00963
-1.00934
-1.00916
-1.00901
-1.00905
-1.00853
-1.01043
-1.00571
-1.0597
-1.05927
-1.05905
-1.05894
-1.05905
-1.05904
-1.05971
-1.06102
-1.0638
-1.07037
-1.1095
-1.10923
-1.10917
-1.10924
-1.1096
-1.10996
-1.1114
-1.11458
-1.12615
-1.16521
-1.15983
-1.1597
-1.15977
-1.16005
-1.1607
-1.16167
-1.16426
-1.16835
-1.18486
-1.21525
-1.2105
-1.21048
-1.21069
-1.21117
-1.21212
-1.21356
-1.21602
-1.2195
-1.23108
-1.2473
-1.26134
-1.26138
-1.26169
-1.26225
-1.26333
-1.26481
-1.267
-1.27002
-1.27883
-1.28503
-1.31221
-1.31223
-1.31246
-1.31296
-1.31396
-1.3153
-1.31719
-1.31988
-1.32735
-1.33115
-1.36309
-1.36303
-1.36305
-1.36321
-1.36364
-1.36492
-1.36625
-1.3677
-1.37147
-1.38213
-1.41404
-1.41387
-1.41363
-1.41338
-1.41305
-1.4137
-1.41418
-1.41416
-1.41525
-1.42121
-1.46518
-1.46489
-1.46441
-1.46375
-1.46281
-1.46244
-1.46193
-1.46077
-1.46034
-1.46224
-1.5166
-1.51622
-1.51555
-1.51455
-1.5132
-1.51178
-1.51029
-1.50822
-1.50648
-1.50482
-1.56838
-1.56794
-1.56713
-1.5659
-1.56424
-1.56215
-1.5597
-1.55677
-1.55401
-1.54902
-1.62059
-1.62012
-1.61924
-1.6179
-1.61605
-1.61359
-1.61076
-1.60761
-1.60447
-1.60545
-1.67326
-1.67278
-1.67191
-1.67056
-1.66866
-1.6662
-1.66346
-1.66049
-1.65657
-1.65655
-1.72663
-1.72617
-1.72528
-1.72407
-1.72238
-1.72032
-1.71856
-1.7176
-1.71673
-1.71668
-1.7804
-1.78011
-1.77957
-1.77867
-1.77751
-1.77629
-1.77614
-1.77813
-1.7811
-1.7844
-1.83453
-1.83457
-1.83462
-1.83466
-1.83476
-1.83535
-1.83778
-1.84275
-1.84538
-1.8488
-0.866156
-0.865681
-0.864255
-0.862433
-0.860475
-0.858429
-0.855919
-0.851249
-0.847569
-0.83347
-0.914133
-0.914058
-0.913369
-0.912007
-0.910338
-0.908495
-0.906581
-0.902833
-0.901715
-0.89404
-0.96206
-0.961676
-0.961276
-0.960503
-0.959512
-0.958315
-0.957066
-0.954031
-0.953764
-0.948525
-1.01018
-1.0095
-1.00913
-1.00885
-1.00861
-1.0081
-1.00729
-1.00478
-1.00388
-0.999076
-1.05905
-1.05842
-1.05813
-1.05814
-1.0583
-1.0582
-1.05793
-1.05668
-1.05755
-1.0557
-1.10879
-1.10838
-1.10826
-1.10842
-1.10879
-1.10906
-1.10952
-1.10961
-1.11484
-1.1141
-1.15918
-1.15897
-1.15899
-1.15926
-1.15978
-1.16041
-1.16163
-1.16259
-1.17142
-1.16755
-1.20996
-1.20988
-1.21001
-1.21036
-1.21099
-1.21187
-1.2134
-1.21462
-1.22411
-1.22198
-1.26093
-1.26091
-1.26108
-1.26146
-1.26213
-1.2631
-1.26472
-1.26684
-1.27538
-1.27991
-1.31196
-1.31195
-1.31208
-1.31239
-1.31297
-1.31386
-1.31538
-1.31779
-1.32618
-1.33795
-1.36302
-1.36297
-1.36298
-1.36311
-1.36342
-1.36408
-1.36512
-1.36659
-1.37172
-1.38104
-1.41416
-1.41403
-1.41387
-1.41372
-1.4136
-1.41384
-1.41413
-1.41437
-1.41588
-1.42002
-1.46544
-1.46523
-1.46489
-1.46443
-1.46388
-1.46351
-1.46307
-1.46244
-1.46267
-1.46429
-1.51696
-1.51668
-1.51617
-1.51546
-1.51455
-1.51355
-1.51247
-1.51121
-1.51058
-1.51066
-1.56878
-1.56846
-1.56784
-1.56694
-1.56575
-1.56429
-1.56267
-1.56083
-1.55956
-1.55841
-1.62098
-1.62063
-1.61996
-1.61897
-1.61762
-1.61592
-1.61408
-1.61206
-1.61068
-1.60987
-1.67365
-1.67327
-1.67259
-1.6716
-1.67024
-1.66856
-1.66679
-1.66494
-1.66364
-1.66279
-1.72678
-1.72645
-1.72582
-1.72492
-1.72372
-1.72235
-1.72107
-1.72014
-1.72008
-1.72037
-1.78027
-1.78008
-1.77971
-1.77914
-1.77836
-1.77749
-1.77704
-1.77756
-1.77886
-1.77994
-1.83401
-1.83405
-1.83411
-1.83419
-1.83429
-1.83456
-1.83548
-1.83752
-1.83846
-1.8392
-0.867367
-0.868809
-0.866815
-0.86367
-0.860758
-0.858546
-0.856362
-0.853358
-0.850158
-0.844863
-0.915993
-0.918044
-0.917014
-0.914545
-0.911561
-0.908825
-0.906337
-0.903074
-0.900504
-0.894965
-0.963083
-0.963929
-0.963463
-0.962197
-0.960215
-0.958212
-0.956231
-0.95322
-0.950766
-0.94578
-1.01008
-1.00931
-1.00895
-1.00851
-1.0081
-1.00735
-1.00619
-1.00363
-1.00144
-0.996592
-1.05818
-1.05714
-1.05667
-1.05685
-1.05724
-1.05716
-1.0565
-1.05484
-1.05377
-1.05116
-1.10779
-1.10708
-1.10681
-1.10712
-1.10766
-1.10795
-1.10798
-1.10757
-1.10881
-1.10994
-1.1583
-1.15792
-1.15785
-1.15816
-1.1587
-1.15923
-1.15983
-1.16021
-1.16352
-1.16703
-1.20927
-1.2091
-1.20915
-1.20945
-1.20998
-1.21065
-1.21155
-1.21227
-1.21649
-1.22039
-1.26043
-1.26036
-1.26045
-1.26073
-1.26121
-1.26189
-1.2629
-1.26394
-1.26843
-1.27358
-1.31165
-1.31162
-1.31169
-1.31189
-1.31225
-1.31283
-1.31379
-1.31501
-1.31935
-1.32561
-1.36291
-1.36286
-1.36285
-1.3629
-1.36306
-1.36343
-1.36407
-1.36498
-1.36792
-1.37391
-1.41423
-1.41413
-1.414
-1.41387
-1.41375
-1.4138
-1.41394
-1.41427
-1.41538
-1.41828
-1.46566
-1.4655
-1.46525
-1.46492
-1.46452
-1.46418
-1.46384
-1.46358
-1.46385
-1.46497
-1.51728
-1.51708
-1.51671
-1.51621
-1.51556
-1.51486
-1.51412
-1.5134
-1.51315
-1.51337
-1.56914
-1.56891
-1.56847
-1.56784
-1.567
-1.56603
-1.56496
-1.56383
-1.56315
-1.56281
-1.62127
-1.62108
-1.6206
-1.6199
-1.61896
-1.61784
-1.61663
-1.61529
-1.61454
-1.61384
-1.67404
-1.67368
-1.67311
-1.67245
-1.67152
-1.67041
-1.66924
-1.66792
-1.66723
-1.66638
-1.72692
-1.72669
-1.7263
-1.72562
-1.72478
-1.72383
-1.72294
-1.72206
-1.72198
-1.72135
-1.78013
-1.78001
-1.77976
-1.77939
-1.77888
-1.77831
-1.77783
-1.7776
-1.7781
-1.77809
-1.8335
-1.83353
-1.83357
-1.83363
-1.8337
-1.83381
-1.83411
-1.83447
-1.8347
-1.8346
-0.872792
-0.876315
-0.87091
-0.86688
-0.862388
-0.859317
-0.857267
-0.855118
-0.85257
-0.849042
-0.919198
-0.925808
-0.92275
-0.919429
-0.914742
-0.910047
-0.906981
-0.904302
-0.901812
-0.898237
-0.964294
-0.968434
-0.967802
-0.966168
-0.962615
-0.958915
-0.956253
-0.95376
-0.951585
-0.948061
-1.0103
-1.00973
-1.00919
-1.00873
-1.0079
-1.00685
-1.00557
-1.00365
-1.00185
-0.998303
-1.05715
-1.055
-1.05415
-1.05466
-1.05579
-1.05613
-1.05568
-1.05445
-1.05287
-1.04989
-1.10644
-1.10514
-1.10447
-1.10518
-1.10622
-1.10677
-1.10673
-1.1061
-1.10538
-1.10323
-1.15723
-1.15656
-1.15631
-1.15677
-1.15748
-1.15802
-1.15824
-1.15805
-1.1582
-1.15656
-1.20848
-1.20817
-1.20813
-1.20844
-1.20896
-1.20948
-1.20989
-1.20999
-1.21088
-1.21015
-1.25988
-1.25975
-1.25978
-1.26002
-1.2604
-1.26088
-1.26138
-1.26173
-1.26321
-1.26405
-1.31132
-1.31126
-1.31129
-1.31144
-1.3117
-1.31207
-1.31255
-1.31304
-1.31471
-1.31682
-1.36277
-1.36272
-1.36269
-1.36273
-1.36283
-1.36303
-1.36335
-1.36376
-1.36499
-1.36736
-1.41425
-1.41417
-1.41407
-1.41398
-1.41389
-1.41387
-1.41391
-1.4141
-1.4146
-1.41627
-1.46582
-1.46571
-1.46552
-1.46528
-1.465
-1.46473
-1.46447
-1.46433
-1.46442
-1.46511
-1.51754
-1.51739
-1.51713
-1.51677
-1.51631
-1.51582
-1.5153
-1.51487
-1.51469
-1.51489
-1.56946
-1.56929
-1.56897
-1.56852
-1.56792
-1.56726
-1.56655
-1.56586
-1.56546
-1.56529
-1.62163
-1.62146
-1.62111
-1.6206
-1.61994
-1.61918
-1.61837
-1.61753
-1.61704
-1.61657
-1.67423
-1.674
-1.67359
-1.67304
-1.67241
-1.67166
-1.67087
-1.67001
-1.66957
-1.66896
-1.727
-1.72684
-1.72655
-1.72614
-1.72553
-1.72485
-1.72413
-1.7234
-1.7232
-1.72271
-1.77997
-1.77988
-1.77971
-1.77946
-1.7791
-1.7787
-1.77828
-1.77788
-1.77759
-1.77746
-1.83303
-1.83304
-1.83306
-1.83307
-1.83308
-1.83308
-1.83307
-1.83302
-1.83299
-1.83237
-0.871578
-0.879167
-0.870192
-0.866046
-0.861363
-0.859523
-0.857996
-0.856633
-0.854678
-0.852769
-0.915628
-0.926168
-0.924144
-0.922515
-0.918017
-0.911567
-0.907753
-0.905552
-0.90343
-0.901246
-0.959855
-0.967479
-0.970504
-0.970598
-0.966578
-0.960289
-0.956644
-0.954564
-0.952659
-0.950399
-1.00801
-1.00855
-1.0088
-1.00937
-1.00849
-1.00661
-1.00531
-1.00403
-1.00251
-1.00033
-1.05606
-1.05239
-1.05069
-1.05161
-1.054
-1.0551
-1.05506
-1.05436
-1.05321
-1.05135
-1.10494
-1.10253
-1.10117
-1.10249
-1.10458
-1.10566
-1.10591
-1.10557
-1.10488
-1.10368
-1.15611
-1.15503
-1.15449
-1.15522
-1.15627
-1.15701
-1.1573
-1.15721
-1.15696
-1.15641
-1.20772
-1.20726
-1.20711
-1.20746
-1.20806
-1.20859
-1.2089
-1.209
-1.2091
-1.209
-1.25938
-1.25919
-1.25916
-1.25938
-1.25974
-1.26012
-1.26043
-1.26065
-1.26101
-1.26138
-1.31102
-1.31094
-1.31094
-1.31105
-1.31126
-1.31152
-1.31178
-1.31205
-1.31252
-1.31325
-1.36263
-1.36258
-1.36255
-1.36257
-1.36264
-1.36276
-1.3629
-1.36311
-1.36351
-1.36438
-1.41425
-1.41419
-1.41411
-1.41403
-1.41396
-1.41392
-1.4139
-1.41396
-1.41412
-1.41476
-1.46593
-1.46585
-1.46571
-1.46553
-1.46532
-1.46511
-1.4649
-1.46477
-1.46474
-1.46504
-1.51774
-1.51762
-1.51743
-1.51716
-1.51683
-1.51647
-1.51609
-1.51577
-1.51558
-1.51564
-1.56971
-1.56957
-1.56934
-1.56901
-1.56858
-1.5681
-1.56759
-1.56712
-1.56678
-1.56662
-1.62189
-1.62172
-1.62149
-1.62112
-1.62064
-1.62008
-1.6195
-1.61893
-1.61851
-1.61816
-1.67439
-1.67426
-1.67394
-1.67354
-1.67304
-1.67242
-1.67189
-1.67132
-1.67089
-1.67043
-1.72703
-1.72692
-1.7267
-1.72639
-1.72599
-1.72557
-1.72496
-1.72437
-1.72391
-1.7235
-1.77981
-1.77975
-1.77961
-1.77942
-1.77915
-1.77885
-1.77846
-1.77806
-1.77772
-1.7772
-1.83264
-1.83264
-1.83262
-1.83259
-1.83253
-1.83244
-1.83226
-1.832
-1.83168
-1.83123
-0.866854
-0.869842
-0.861282
-0.861842
-0.861979
-0.860799
-0.859173
-0.857977
-0.856421
-0.854989
-0.91145
-0.916821
-0.914435
-0.916529
-0.916751
-0.911896
-0.908352
-0.906511
-0.904854
-0.903293
-0.954881
-0.959007
-0.962273
-0.965881
-0.965516
-0.960398
-0.956904
-0.955227
-0.953775
-0.952215
-1.00407
-1.00413
-1.00474
-1.00757
-1.00821
-1.0064
-1.00525
-1.00443
-1.00332
-1.00184
-1.05461
-1.05112
-1.04891
-1.05007
-1.05273
-1.05435
-1.05477
-1.05449
-1.05365
-1.05232
-1.10407
-1.10093
-1.09903
-1.1001
-1.10314
-1.1049
-1.10547
-1.10536
-1.10474
-1.10368
-1.15532
-1.1539
-1.15294
-1.1539
-1.15538
-1.15636
-1.15676
-1.15671
-1.15628
-1.15544
-1.20725
-1.20669
-1.20641
-1.2068
-1.20747
-1.20802
-1.20828
-1.20829
-1.20805
-1.20748
-1.25908
-1.25884
-1.25877
-1.25897
-1.25932
-1.25964
-1.25983
-1.25988
-1.25981
-1.2596
-1.31083
-1.31073
-1.31071
-1.31081
-1.31098
-1.31116
-1.31128
-1.31136
-1.31139
-1.31145
-1.36254
-1.36249
-1.36246
-1.36247
-1.36252
-1.36258
-1.36262
-1.36266
-1.3627
-1.3629
-1.41426
-1.4142
-1.41414
-1.41407
-1.41401
-1.41395
-1.41388
-1.41384
-1.41381
-1.41396
-1.46602
-1.46595
-1.46584
-1.4657
-1.46554
-1.46536
-1.46516
-1.465
-1.46488
-1.46489
-1.51788
-1.51779
-1.51764
-1.51744
-1.51718
-1.5169
-1.51659
-1.51631
-1.51609
-1.51598
-1.56988
-1.56978
-1.5696
-1.56935
-1.56902
-1.56865
-1.56825
-1.56788
-1.56757
-1.56734
-1.62206
-1.62191
-1.62176
-1.62148
-1.62111
-1.62068
-1.62021
-1.61977
-1.61941
-1.61909
-1.6745
-1.67443
-1.67417
-1.67386
-1.67348
-1.67302
-1.6725
-1.67202
-1.6717
-1.67132
-1.72704
-1.72696
-1.72678
-1.72654
-1.72622
-1.72587
-1.72548
-1.72505
-1.72453
-1.72407
-1.77968
-1.77963
-1.77951
-1.77935
-1.77912
-1.77885
-1.77852
-1.77814
-1.77772
-1.77725
-1.83235
-1.83233
-1.83229
-1.83222
-1.83212
-1.83197
-1.83173
-1.83142
-1.83101
-1.83052
-0.860837
-0.859706
-0.861972
-0.867074
-0.86427
-0.861879
-0.860187
-0.859213
-0.857857
-0.856623
-0.910492
-0.908194
-0.913365
-0.918132
-0.9156
-0.91123
-0.908614
-0.907311
-0.905993
-0.90476
-0.956857
-0.957288
-0.961285
-0.964151
-0.962071
-0.958916
-0.956949
-0.955837
-0.954707
-0.953528
-1.00563
-1.00548
-1.00529
-1.0062
-1.00639
-1.00598
-1.00553
-1.00495
-1.00407
-1.00298
-1.05519
-1.05351
-1.05168
-1.05222
-1.05397
-1.05493
-1.05512
-1.05485
-1.05414
-1.05315
-1.10497
-1.10357
-1.10249
-1.1033
-1.10453
-1.10533
-1.10561
-1.10547
-1.10492
-1.10408
-1.15594
-1.15519
-1.15482
-1.15521
-1.15591
-1.15645
-1.15668
-1.1566
-1.15618
-1.15549
-1.20741
-1.20706
-1.20693
-1.20713
-1.20754
-1.2079
-1.20805
-1.208
-1.20771
-1.2072
-1.25907
-1.2589
-1.25886
-1.25899
-1.25923
-1.25944
-1.25954
-1.25951
-1.25932
-1.25898
-1.31079
-1.31071
-1.31069
-1.31076
-1.31087
-1.31098
-1.31103
-1.311
-1.31087
-1.31066
-1.36252
-1.36247
-1.36244
-1.36245
-1.36247
-1.36248
-1.36246
-1.36241
-1.36229
-1.36216
-1.41428
-1.41423
-1.41417
-1.41412
-1.41405
-1.41398
-1.41387
-1.41376
-1.41362
-1.41348
-1.46608
-1.46603
-1.46593
-1.46582
-1.46567
-1.46551
-1.46532
-1.46514
-1.46495
-1.46477
-1.51798
-1.51791
-1.51779
-1.51762
-1.5174
-1.51716
-1.51689
-1.51663
-1.51638
-1.51616
-1.57
-1.56992
-1.56977
-1.56956
-1.5693
-1.56899
-1.56865
-1.56833
-1.56802
-1.56775
-1.62218
-1.62209
-1.62193
-1.6217
-1.6214
-1.62105
-1.62067
-1.62029
-1.61995
-1.61963
-1.67458
-1.67449
-1.67431
-1.67406
-1.67376
-1.6734
-1.673
-1.6726
-1.67223
-1.67187
-1.72705
-1.72697
-1.72682
-1.72662
-1.72635
-1.72603
-1.72567
-1.72528
-1.72487
-1.72447
-1.7796
-1.77954
-1.77944
-1.77928
-1.77908
-1.77882
-1.7785
-1.77815
-1.77774
-1.77732
-1.83215
-1.83213
-1.83207
-1.83198
-1.83185
-1.83167
-1.83141
-1.83108
-1.83068
-1.83023
-0.862359
-0.860736
-0.858935
-0.863529
-0.862542
-0.861626
-0.861041
-0.860264
-0.859102
-0.857999
-0.911461
-0.908992
-0.907928
-0.911677
-0.912396
-0.910586
-0.909147
-0.908069
-0.906879
-0.905754
-0.959687
-0.959116
-0.959362
-0.962053
-0.96135
-0.959008
-0.957511
-0.956479
-0.955412
-0.954336
-1.00724
-1.00791
-1.0085
-1.00856
-1.00748
-1.00663
-1.0061
-1.00548
-1.00462
-1.00364
-1.0557
-1.05519
-1.05481
-1.05471
-1.05514
-1.05553
-1.05557
-1.05523
-1.05454
-1.05362
-1.10541
-1.10453
-1.10406
-1.10438
-1.10513
-1.10569
-1.10586
-1.10569
-1.10515
-1.10442
-1.1562
-1.15566
-1.15542
-1.15567
-1.1562
-1.15662
-1.15677
-1.15665
-1.15623
-1.15556
-1.20755
-1.20727
-1.20717
-1.20734
-1.20766
-1.20794
-1.20804
-1.20795
-1.20762
-1.20706
-1.25913
-1.25899
-1.25896
-1.25907
-1.25926
-1.25942
-1.25948
-1.2594
-1.25915
-1.2587
-1.3108
-1.31075
-1.31073
-1.31078
-1.31087
-1.31095
-1.31096
-1.31089
-1.31068
-1.31034
-1.36253
-1.36249
-1.36247
-1.36247
-1.36248
-1.36248
-1.36243
-1.36234
-1.36216
-1.36188
-1.4143
-1.41426
-1.41421
-1.41415
-1.41409
-1.41401
-1.41391
-1.41377
-1.41359
-1.41334
-1.46612
-1.46607
-1.46599
-1.46589
-1.46576
-1.4656
-1.46543
-1.46524
-1.46502
-1.46477
-1.51803
-1.51797
-1.51786
-1.51771
-1.51752
-1.5173
-1.51706
-1.51681
-1.51656
-1.51629
-1.57005
-1.56998
-1.56986
-1.56968
-1.56944
-1.56917
-1.56886
-1.56857
-1.56827
-1.56797
-1.62219
-1.62217
-1.62203
-1.62182
-1.62155
-1.62124
-1.6209
-1.62056
-1.62022
-1.61988
-1.67466
-1.67454
-1.67437
-1.67416
-1.67389
-1.67358
-1.67323
-1.67287
-1.67251
-1.67217
-1.72706
-1.72698
-1.72685
-1.72666
-1.72642
-1.72613
-1.72579
-1.72543
-1.72505
-1.72467
-1.77955
-1.7795
-1.7794
-1.77925
-1.77905
-1.77881
-1.7785
-1.77816
-1.77777
-1.77737
-1.83205
-1.83202
-1.83196
-1.83186
-1.83172
-1.83152
-1.83126
-1.83093
-1.83054
-1.83012
)
;

boundaryField
{
    lowerSideWalls
    {
        type            calculated;
        value           nonuniform List<scalar> 
800
(
393.037
345.283
298.674
253.493
210.15
170.435
134.835
105.645
80.9449
45.2757
10.5142
-0.340726
-0.487
-0.546855
-0.61146
-0.686698
-0.725386
-0.731682
-0.75628
-0.799546
392.313
344.413
297.571
252.017
208.031
167.219
129.501
95.9858
62.3483
20.0276
0.344213
-0.55842
-0.495045
-0.568056
-0.623647
-0.689337
-0.724827
-0.731418
-0.756905
-0.800958
391.051
342.973
295.782
249.71
204.931
162.365
122.09
83.1145
41.4562
4.50919
-0.12593
-0.534941
-0.629063
-0.671624
-0.676748
-0.677118
-0.688898
-0.705909
-0.74731
-0.801223
389.431
341.138
293.537
246.847
201.135
156.838
113.773
70.3751
25.7986
1.33049
-0.330885
-0.549674
-0.674672
-0.755603
-0.738834
-0.687952
-0.667738
-0.686631
-0.739991
-0.802508
387.655
339.148
291.151
243.858
197.312
151.752
106.742
61.0991
20.1131
0.738147
-0.411829
-0.522813
-0.626061
-0.712835
-0.717492
-0.676606
-0.663379
-0.690867
-0.741635
-0.801268
385.935
337.246
288.91
241.113
193.916
147.599
101.614
55.8063
19.7749
0.668286
-0.426459
-0.508519
-0.582877
-0.641911
-0.664973
-0.659891
-0.67066
-0.705144
-0.751908
-0.803457
384.443
335.618
287.015
238.851
191.167
144.293
98.1647
53.7816
21.0063
1.00421
-0.414513
-0.488815
-0.55479
-0.60982
-0.633336
-0.64933
-0.675438
-0.71285
-0.756931
-0.805654
383.298
334.385
285.594
237.194
189.206
142.117
96.1822
52.7362
22.1568
1.66334
-0.40926
-0.465466
-0.523917
-0.588225
-0.62049
-0.643516
-0.675664
-0.71578
-0.759596
-0.806744
382.563
333.6
284.696
236.163
188.017
140.826
95.1701
52.35
23.0533
2.31747
-0.411044
-0.455204
-0.50696
-0.57049
-0.606961
-0.637401
-0.674003
-0.716224
-0.76033
-0.806719
382.271
333.284
284.327
235.739
187.534
140.32
94.8989
52.2865
23.4631
2.67249
-0.415367
-0.458876
-0.510707
-0.566788
-0.603608
-0.635615
-0.673432
-0.716008
-0.760229
-0.806374
394.385
346.632
300.005
254.782
211.33
171.464
135.628
105.685
80.159
44.1648
8.96578
-0.383764
-0.47106
-0.542431
-0.584086
-0.641923
-0.6936
-0.717981
-0.754659
-0.806039
393.677
345.779
298.925
253.342
209.281
168.257
130.391
96.1848
61.7623
18.337
0.343579
-0.567315
-0.586213
-0.598844
-0.61016
-0.653423
-0.70159
-0.723164
-0.754311
-0.806527
392.445
344.37
297.171
251.08
206.26
163.581
122.999
83.6687
41.906
4.28297
-0.159716
-0.562226
-0.658616
-0.688094
-0.659829
-0.662786
-0.692136
-0.715745
-0.758344
-0.809901
390.865
342.576
294.969
248.261
202.529
158.169
115.152
71.0108
26.2068
1.3824
-0.342845
-0.551527
-0.662586
-0.713364
-0.693998
-0.677038
-0.679278
-0.712472
-0.76246
-0.815004
389.135
340.63
292.63
245.316
198.74
153.042
107.956
61.6592
20.2754
0.773262
-0.415543
-0.531013
-0.617015
-0.669028
-0.67636
-0.668654
-0.684708
-0.719887
-0.763705
-0.812691
387.462
338.774
290.437
242.617
195.376
148.892
102.851
56.3614
19.8435
0.71968
-0.427709
-0.522266
-0.583453
-0.62278
-0.64543
-0.660562
-0.690478
-0.725369
-0.767149
-0.813448
386.008
337.185
288.584
240.402
192.681
145.717
99.3747
54.3357
21.0776
1.05959
-0.418585
-0.506901
-0.559661
-0.597827
-0.626779
-0.655294
-0.690285
-0.727714
-0.768748
-0.813923
384.886
335.974
287.189
238.775
190.779
143.776
97.2044
53.3239
22.2869
1.75849
-0.409875
-0.482597
-0.536956
-0.583515
-0.617672
-0.650337
-0.686818
-0.728061
-0.769019
-0.813575
384.15
335.187
286.286
237.73
189.546
142.3
96.3956
53.0164
23.228
2.4587
-0.410947
-0.460685
-0.509958
-0.57109
-0.611198
-0.644292
-0.682434
-0.724519
-0.767228
-0.812337
383.823
334.834
285.877
237.255
189.001
141.736
96.3101
53.0189
23.6913
2.82414
-0.418435
-0.453861
-0.49431
-0.558523
-0.603657
-0.638638
-0.677991
-0.721394
-0.76544
-0.810862
393.037
345.283
298.674
253.493
210.15
170.435
134.835
105.645
80.9449
45.2757
10.5142
-0.340726
-0.487
-0.546855
-0.61146
-0.686698
-0.725386
-0.731682
-0.75628
-0.799546
392.307
344.407
297.562
251.991
207.963
166.918
129.366
95.5536
61.3071
16.9048
0.465969
-0.488032
-0.576258
-0.605885
-0.650681
-0.727511
-0.742088
-0.731938
-0.755796
-0.802798
391.031
342.951
295.754
249.667
204.869
162.24
121.898
82.8397
41.5914
4.20609
-0.109016
-0.477164
-0.582567
-0.645712
-0.701437
-0.763739
-0.740203
-0.726069
-0.758708
-0.810955
389.39
341.094
293.485
246.778
201.057
156.658
113.44
69.8612
25.71
1.36025
-0.301185
-0.477787
-0.581991
-0.652081
-0.712946
-0.739395
-0.718321
-0.721481
-0.764279
-0.820854
387.589
339.076
291.071
243.757
197.196
151.508
106.36
60.4512
19.5579
0.700449
-0.364673
-0.473246
-0.557835
-0.627042
-0.687492
-0.707248
-0.707441
-0.727312
-0.769646
-0.823115
385.844
337.145
288.799
240.978
193.762
147.353
101.27
55.0174
18.9938
0.513339
-0.37753
-0.475706
-0.550126
-0.613125
-0.66366
-0.683001
-0.702138
-0.73046
-0.772092
-0.820768
384.327
335.49
286.873
238.684
190.977
144.053
97.8657
53.0812
20.0528
0.718068
-0.376663
-0.477252
-0.546362
-0.602903
-0.640943
-0.66808
-0.696985
-0.731542
-0.773661
-0.820465
383.159
334.234
285.425
236.996
188.983
141.814
95.8657
52.1534
21.4053
1.33457
-0.383927
-0.474403
-0.54093
-0.594417
-0.62828
-0.660385
-0.69419
-0.73199
-0.774532
-0.820319
382.408
333.434
284.51
235.948
187.776
140.466
94.7753
51.8555
22.6111
2.04999
-0.402313
-0.467085
-0.532249
-0.589903
-0.622632
-0.655956
-0.69177
-0.731582
-0.774636
-0.820254
382.101
333.106
284.132
235.517
187.286
139.901
94.3378
51.7861
23.1511
2.45955
-0.423031
-0.463595
-0.522171
-0.58776
-0.621777
-0.654193
-0.690504
-0.730706
-0.774184
-0.819869
382.232
333.239
284.269
235.659
187.44
140.043
94.4758
51.9673
23.146
2.3994
-0.424035
-0.46558
-0.523842
-0.587898
-0.622996
-0.653633
-0.689364
-0.72965
-0.773492
-0.81936
382.794
333.822
284.905
236.344
188.165
140.815
95.0702
51.9897
22.5413
1.94842
-0.420396
-0.471462
-0.527719
-0.586049
-0.621814
-0.652199
-0.688091
-0.728585
-0.772493
-0.818841
383.775
334.851
286.047
237.61
189.563
142.331
96.2636
52.0801
21.2156
1.22046
-0.415221
-0.475579
-0.532239
-0.590615
-0.627592
-0.655841
-0.688549
-0.72746
-0.771227
-0.818093
385.141
336.305
287.686
239.477
191.712
144.681
98.3044
52.8066
19.6095
0.581059
-0.409465
-0.476809
-0.538179
-0.600189
-0.635555
-0.660478
-0.690064
-0.726879
-0.769864
-0.817717
386.823
338.121
289.766
241.913
194.619
148.047
101.707
54.6243
18.3724
0.381856
-0.403057
-0.473638
-0.543263
-0.615502
-0.648981
-0.664732
-0.687044
-0.722513
-0.766066
-0.817196
388.698
340.181
292.164
244.811
198.168
152.304
106.799
60.0966
18.5865
0.555746
-0.37955
-0.491506
-0.578266
-0.656629
-0.685407
-0.677179
-0.677933
-0.711312
-0.759208
-0.817594
390.598
342.3
294.677
247.932
202.141
157.567
113.929
69.5325
24.4018
1.16343
-0.339822
-0.565988
-0.685014
-0.728054
-0.716752
-0.702101
-0.679127
-0.701537
-0.755276
-0.816499
392.311
344.231
297.02
250.901
206.039
163.22
122.363
82.5647
40.3254
3.80639
-0.200691
-0.627904
-0.735137
-0.710574
-0.670844
-0.68854
-0.69619
-0.699306
-0.744697
-0.806081
393.633
345.735
298.876
253.275
209.179
168.028
130.111
95.5743
60.492
16.4001
0.213651
-0.62432
-0.648799
-0.603046
-0.588032
-0.644606
-0.703125
-0.719425
-0.751376
-0.80334
394.385
346.632
300.005
254.782
211.33
171.464
135.628
105.685
80.159
44.1648
8.96578
-0.383764
-0.47106
-0.542431
-0.584086
-0.641923
-0.6936
-0.717981
-0.754659
-0.806039
)
;
    }
    upperSideWalls
    {
        type            calculated;
        value           nonuniform List<scalar> 
800
(
-0.85096
-0.902954
-0.952949
-1.00329
-1.05335
-1.10375
-1.15476
-1.20621
-1.2579
-1.30973
-1.36166
-1.41368
-1.4658
-1.51804
-1.57044
-1.623
-1.67579
-1.72871
-1.78169
-1.83467
-0.848522
-0.899609
-0.953309
-1.00366
-1.05384
-1.10361
-1.15446
-1.20598
-1.25775
-1.30963
-1.36158
-1.41361
-1.46573
-1.51798
-1.57038
-1.62295
-1.67575
-1.72867
-1.78168
-1.83471
-0.854237
-0.904027
-0.95416
-1.00427
-1.05406
-1.1033
-1.15414
-1.20575
-1.25757
-1.30948
-1.36145
-1.41348
-1.46559
-1.51782
-1.57022
-1.62281
-1.67563
-1.7286
-1.78166
-1.83475
-0.861337
-0.911067
-0.958247
-1.00644
-1.054
-1.10303
-1.15398
-1.2056
-1.25742
-1.30933
-1.3613
-1.41332
-1.46542
-1.51765
-1.57003
-1.62259
-1.67552
-1.7285
-1.78161
-1.83479
-0.857757
-0.909571
-0.9586
-1.00586
-1.0534
-1.10302
-1.15399
-1.20551
-1.25728
-1.30917
-1.36112
-1.41312
-1.46521
-1.51742
-1.56981
-1.62241
-1.67531
-1.72835
-1.78153
-1.83481
-0.855778
-0.906724
-0.956051
-1.00407
-1.05286
-1.10292
-1.15387
-1.20533
-1.25707
-1.30895
-1.36089
-1.41289
-1.46496
-1.51716
-1.56956
-1.62219
-1.67511
-1.72818
-1.78141
-1.83475
-0.855693
-0.905165
-0.954125
-1.00286
-1.05229
-1.10254
-1.15351
-1.20495
-1.25672
-1.30862
-1.36059
-1.4126
-1.46468
-1.51689
-1.56928
-1.62195
-1.67491
-1.728
-1.78123
-1.83459
-0.855172
-0.90394
-0.952757
-1.0018
-1.05148
-1.10186
-1.15288
-1.20441
-1.25621
-1.30818
-1.36021
-1.41227
-1.46437
-1.51659
-1.56899
-1.6217
-1.67469
-1.72778
-1.78093
-1.83424
-0.854357
-0.902674
-0.951393
-1.00055
-1.05033
-1.10084
-1.15198
-1.2036
-1.25553
-1.30762
-1.35974
-1.41188
-1.46403
-1.51625
-1.56865
-1.6214
-1.67444
-1.72755
-1.78061
-1.83378
-0.853569
-0.901591
-0.950177
-0.999302
-1.04911
-1.09967
-1.1509
-1.20261
-1.25468
-1.30692
-1.35918
-1.41141
-1.46361
-1.51585
-1.56827
-1.621
-1.67414
-1.72731
-1.78031
-1.83323
-0.862359
-0.911461
-0.959687
-1.00724
-1.0557
-1.10541
-1.1562
-1.20755
-1.25913
-1.3108
-1.36253
-1.4143
-1.46612
-1.51803
-1.57005
-1.62219
-1.67466
-1.72706
-1.77955
-1.83205
-0.860736
-0.908992
-0.959116
-1.00791
-1.05519
-1.10453
-1.15566
-1.20727
-1.25899
-1.31075
-1.36249
-1.41426
-1.46607
-1.51797
-1.56998
-1.62217
-1.67454
-1.72698
-1.7795
-1.83202
-0.858935
-0.907928
-0.959362
-1.0085
-1.05481
-1.10406
-1.15542
-1.20717
-1.25896
-1.31073
-1.36247
-1.41421
-1.46599
-1.51786
-1.56986
-1.62203
-1.67437
-1.72685
-1.7794
-1.83196
-0.863529
-0.911677
-0.962053
-1.00856
-1.05471
-1.10438
-1.15567
-1.20734
-1.25907
-1.31078
-1.36247
-1.41415
-1.46589
-1.51771
-1.56968
-1.62182
-1.67416
-1.72666
-1.77925
-1.83186
-0.862542
-0.912396
-0.96135
-1.00748
-1.05514
-1.10513
-1.1562
-1.20766
-1.25926
-1.31087
-1.36248
-1.41409
-1.46576
-1.51752
-1.56944
-1.62155
-1.67389
-1.72642
-1.77905
-1.83172
-0.861626
-0.910586
-0.959008
-1.00663
-1.05553
-1.10569
-1.15662
-1.20794
-1.25942
-1.31095
-1.36248
-1.41401
-1.4656
-1.5173
-1.56917
-1.62124
-1.67358
-1.72613
-1.77881
-1.83152
-0.861041
-0.909147
-0.957511
-1.0061
-1.05557
-1.10586
-1.15677
-1.20804
-1.25948
-1.31096
-1.36243
-1.41391
-1.46543
-1.51706
-1.56886
-1.6209
-1.67323
-1.72579
-1.7785
-1.83126
-0.860264
-0.908069
-0.956479
-1.00548
-1.05523
-1.10569
-1.15665
-1.20795
-1.2594
-1.31089
-1.36234
-1.41377
-1.46524
-1.51681
-1.56857
-1.62056
-1.67287
-1.72543
-1.77816
-1.83093
-0.859102
-0.906879
-0.955412
-1.00462
-1.05454
-1.10515
-1.15623
-1.20762
-1.25915
-1.31068
-1.36216
-1.41359
-1.46502
-1.51656
-1.56827
-1.62022
-1.67251
-1.72505
-1.77777
-1.83054
-0.857999
-0.905754
-0.954336
-1.00364
-1.05362
-1.10442
-1.15556
-1.20706
-1.2587
-1.31034
-1.36188
-1.41334
-1.46477
-1.51629
-1.56797
-1.61988
-1.67217
-1.72467
-1.77737
-1.83012
-0.85096
-0.902954
-0.952949
-1.00329
-1.05335
-1.10375
-1.15476
-1.20621
-1.2579
-1.30973
-1.36166
-1.41368
-1.4658
-1.51804
-1.57044
-1.623
-1.67579
-1.72871
-1.78169
-1.83467
-0.855585
-0.904704
-0.951696
-1.0011
-1.05221
-1.10331
-1.15448
-1.20606
-1.25784
-1.30971
-1.36165
-1.41365
-1.46575
-1.51797
-1.57034
-1.62287
-1.67574
-1.72866
-1.78169
-1.83475
-0.862758
-0.908569
-0.950475
-0.998388
-1.05121
-1.10283
-1.15412
-1.20598
-1.25788
-1.30978
-1.36169
-1.41364
-1.46568
-1.51784
-1.57017
-1.62271
-1.67553
-1.72857
-1.7817
-1.83489
-0.874326
-0.917863
-0.958145
-1.00379
-1.05376
-1.10359
-1.15467
-1.20641
-1.2582
-1.31001
-1.36181
-1.41366
-1.46558
-1.51766
-1.56993
-1.62244
-1.67526
-1.72841
-1.78169
-1.83508
-0.875751
-0.921131
-0.963361
-1.00864
-1.05578
-1.105
-1.15586
-1.20722
-1.25878
-1.31039
-1.36202
-1.41369
-1.46547
-1.51742
-1.56961
-1.62208
-1.6749
-1.72816
-1.78163
-1.8353
-0.869892
-0.917533
-0.963291
-1.00946
-1.05706
-1.10654
-1.15711
-1.20818
-1.25948
-1.31086
-1.36227
-1.41373
-1.46531
-1.51711
-1.56919
-1.62162
-1.67445
-1.72782
-1.7815
-1.83549
-0.868108
-0.915353
-0.962324
-1.00975
-1.05828
-1.10788
-1.15826
-1.20912
-1.2602
-1.31135
-1.36251
-1.41373
-1.46511
-1.51674
-1.56871
-1.62109
-1.67392
-1.72741
-1.7813
-1.83565
-0.867408
-0.914786
-0.962321
-1.01039
-1.05925
-1.10891
-1.1592
-1.20992
-1.26083
-1.31175
-1.36264
-1.41362
-1.46481
-1.51633
-1.56823
-1.62055
-1.67332
-1.72708
-1.78111
-1.83578
-0.867088
-0.91455
-0.962439
-1.01087
-1.05992
-1.10965
-1.15993
-1.21062
-1.2615
-1.31233
-1.36306
-1.41382
-1.46479
-1.51611
-1.56788
-1.62016
-1.67302
-1.7266
-1.78088
-1.83583
-0.86676
-0.914344
-0.962438
-1.01107
-1.06026
-1.11005
-1.16032
-1.21093
-1.26164
-1.31212
-1.36245
-1.41301
-1.46401
-1.51548
-1.5674
-1.61978
-1.67272
-1.7263
-1.78066
-1.83568
-0.866401
-0.914128
-0.962343
-1.01108
-1.06035
-1.11018
-1.16049
-1.21114
-1.26191
-1.31261
-1.36317
-1.41378
-1.46467
-1.51595
-1.56768
-1.61991
-1.67273
-1.72629
-1.78054
-1.83539
-0.866092
-0.913928
-0.962158
-1.01087
-1.06013
-1.10996
-1.16024
-1.21085
-1.2616
-1.31236
-1.36308
-1.41387
-1.46488
-1.51622
-1.56796
-1.62014
-1.67279
-1.72654
-1.78049
-1.83501
-0.865834
-0.913871
-0.962015
-1.01055
-1.0597
-1.1095
-1.15983
-1.2105
-1.26134
-1.31221
-1.36309
-1.41404
-1.46518
-1.5166
-1.56838
-1.62059
-1.67326
-1.72663
-1.7804
-1.83453
-0.866156
-0.914133
-0.96206
-1.01018
-1.05905
-1.10879
-1.15918
-1.20996
-1.26093
-1.31196
-1.36302
-1.41416
-1.46544
-1.51696
-1.56878
-1.62098
-1.67365
-1.72678
-1.78027
-1.83401
-0.867367
-0.915993
-0.963083
-1.01008
-1.05818
-1.10779
-1.1583
-1.20927
-1.26043
-1.31165
-1.36291
-1.41423
-1.46566
-1.51728
-1.56914
-1.62127
-1.67404
-1.72692
-1.78013
-1.8335
-0.872792
-0.919198
-0.964294
-1.0103
-1.05715
-1.10644
-1.15723
-1.20848
-1.25988
-1.31132
-1.36277
-1.41425
-1.46582
-1.51754
-1.56946
-1.62163
-1.67423
-1.727
-1.77997
-1.83303
-0.871578
-0.915628
-0.959855
-1.00801
-1.05606
-1.10494
-1.15611
-1.20772
-1.25938
-1.31102
-1.36263
-1.41425
-1.46593
-1.51774
-1.56971
-1.62189
-1.67439
-1.72703
-1.77981
-1.83264
-0.866854
-0.91145
-0.954881
-1.00407
-1.05461
-1.10407
-1.15532
-1.20725
-1.25908
-1.31083
-1.36254
-1.41426
-1.46602
-1.51788
-1.56988
-1.62206
-1.6745
-1.72704
-1.77968
-1.83235
-0.860837
-0.910492
-0.956857
-1.00563
-1.05519
-1.10497
-1.15594
-1.20741
-1.25907
-1.31079
-1.36252
-1.41428
-1.46608
-1.51798
-1.57
-1.62218
-1.67458
-1.72705
-1.7796
-1.83215
-0.862359
-0.911461
-0.959687
-1.00724
-1.0557
-1.10541
-1.1562
-1.20755
-1.25913
-1.3108
-1.36253
-1.4143
-1.46612
-1.51803
-1.57005
-1.62219
-1.67466
-1.72706
-1.77955
-1.83205
)
;
    }
    lowerWall
    {
        type            calculated;
        value           nonuniform List<scalar> 
200
(
417.562
416.832
415.556
413.915
412.114
410.369
408.852
407.684
406.933
406.626
406.757
407.319
408.3
409.666
411.348
413.223
415.123
416.836
418.158
418.91
416.838
416.101
414.83
413.201
411.411
409.677
408.169
407.01
406.271
405.975
406.112
406.674
407.651
409.013
410.686
412.549
414.434
416.131
417.445
418.202
415.576
414.845
413.581
411.961
410.187
408.472
406.988
405.86
405.15
404.88
405.028
405.588
406.552
407.893
409.542
411.379
413.242
414.921
416.222
416.97
413.956
413.235
411.982
410.382
408.638
406.969
405.542
404.482
403.828
403.609
403.77
404.319
405.252
406.538
408.127
409.91
411.73
413.377
414.658
415.39
412.18
411.471
410.233
408.664
406.974
405.384
404.065
403.117
402.542
402.409
402.579
403.105
403.99
405.178
406.656
408.345
410.093
411.693
412.946
413.66
410.46
409.763
408.546
407.025
405.415
403.95
402.798
402
401.51
401.524
401.69
402.177
403.01
404.063
405.362
406.901
408.543
410.075
411.291
411.987
408.968
408.28
407.09
405.63
404.132
402.839
401.885
401.257
400.813
401.052
401.212
401.648
402.449
403.349
404.416
405.743
407.24
408.683
409.855
410.533
407.823
407.143
405.983
404.595
403.223
402.1
401.334
400.93
400.361
400.635
400.796
401.449
402.381
403.062
403.867
404.961
406.284
407.625
408.75
409.411
407.088
406.417
405.284
403.954
402.673
401.675
401.058
400.646
400.234
400.152
400.684
401.556
402.447
403.066
403.61
404.503
405.686
406.943
408.026
408.675
406.796
406.131
405.017
403.728
402.532
401.698
401.381
401.095
400.682
398.092
398.452
402.33
403.3
403.659
403.765
404.393
405.45
406.647
407.707
408.348
)
;
    }
    atmosphere
    {
        type            calculated;
        value           nonuniform List<scalar> 0();
    }
    procBoundary0to1
    {
        type            processor;
        value           nonuniform List<scalar> 
800
(
382.415
333.428
284.47
235.883
187.689
140.512
95.3528
52.4666
23.4743
2.65963
-0.415357
-0.463868
-0.516751
-0.56817
-0.602445
-0.634959
-0.672985
-0.715094
-0.759234
-0.805113
381.748
332.615
283.388
234.259
185.171
136.816
89.1197
44.9827
14.2631
0.854648
-0.504716
-0.508884
-0.539588
-0.583156
-0.607067
-0.636127
-0.671266
-0.713055
-0.757268
-0.80369
380.629
331.285
281.628
231.696
181.579
130.957
80.6907
34.3757
5.07388
-0.203558
-0.440803
-0.45463
-0.509787
-0.556233
-0.591961
-0.627838
-0.666194
-0.709289
-0.754513
-0.80135
379.329
329.732
279.547
228.54
176.749
122.788
65.415
18.0167
0.55695
-0.212857
-0.348029
-0.408063
-0.476129
-0.530987
-0.574969
-0.617096
-0.660083
-0.705252
-0.751233
-0.797791
378.113
328.335
277.746
225.738
171.447
114.14
40.0814
3.18479
-0.0179193
-0.177803
-0.2921
-0.371541
-0.44673
-0.505888
-0.558213
-0.607512
-0.655134
-0.701796
-0.746568
-0.79117
377.248
327.494
276.7
224.029
169.067
106.926
12.745
1.45019
0.0750329
-0.113282
-0.257875
-0.354031
-0.431605
-0.491087
-0.549022
-0.604973
-0.655997
-0.703473
-0.743942
-0.784497
376.849
327.161
276.351
224.147
171.534
108.554
24.6374
2.82242
-0.0396345
-0.276196
-0.309375
-0.362164
-0.435125
-0.494652
-0.564758
-0.629541
-0.674048
-0.722633
-0.759516
-0.797596
376.555
326.808
276.166
225.277
173.628
105.559
29.4054
3.24183
0.245919
-0.289499
-0.358822
-0.38356
-0.460061
-0.520612
-0.577336
-0.64531
-0.687862
-0.593119
-0.795599
-0.807201
376.389
325.843
273.992
220.361
161.772
89.0455
34.3571
23.3093
14.4681
0.836958
-0.190477
-0.140904
-0.232005
-0.370829
-0.0123493
0.952654
1.36488
-0.661966
-0.743802
-0.308995
376.923
327.405
277.087
224.44
162.856
92.67
45.1441
58.3741
76.6585
40.6351
13.1474
0.847371
-0.253838
0.373078
2.97664
4.53755
0.936852
-0.621137
-0.464757
3.36226
377.252
327.895
277.048
224.361
161.971
88.9365
41.471
62.9466
73.8878
36.5103
10.8574
8.93756
16.969
15.8314
7.06042
-0.854844
-0.650713
-0.5794
2.8313
3.20258
377.379
326.984
275.226
221.05
158.605
85.5032
29.1509
13.0747
3.12912
0.319039
-0.0416764
0.0724646
0.453625
1.04309
1.48672
-0.242832
-0.677803
-0.703005
-0.684604
-0.681178
378.29
329.046
279.499
230.129
176.171
97.1824
19.1074
1.44525
-0.115005
-0.200458
-0.254763
-0.338039
-0.321104
-0.41958
-0.610681
-0.693636
-0.692489
-0.723796
-0.752968
-0.7721
378.781
329.334
278.831
226.897
172.065
91.7092
14.0804
1.54564
-0.150401
-0.251943
-0.264809
-0.310667
-0.363391
-0.481389
-0.593638
-0.643461
-0.678007
-0.710361
-0.74489
-0.783856
379.021
329.396
278.754
226.058
169.95
102.928
15.1416
0.783647
-0.0463249
-0.174686
-0.26432
-0.34791
-0.411995
-0.481943
-0.557594
-0.616619
-0.665336
-0.71354
-0.761655
-0.798083
379.788
330.068
279.529
227.493
172.815
114.193
43.7099
4.75377
-0.0752273
-0.199718
-0.306852
-0.373392
-0.444254
-0.508398
-0.568291
-0.618853
-0.664329
-0.71111
-0.758743
-0.803121
380.927
331.356
281.175
230.096
178.328
124.044
67.4119
19.2378
0.356515
-0.262484
-0.383707
-0.419459
-0.484347
-0.539176
-0.584648
-0.624994
-0.665755
-0.711564
-0.759488
-0.804804
382.168
332.831
283.179
233.23
183.068
132.308
81.9992
35.0249
4.80381
-0.338772
-0.460684
-0.466981
-0.505044
-0.552827
-0.596507
-0.633721
-0.670858
-0.713904
-0.760079
-0.806652
383.248
334.115
284.887
235.736
186.604
138.132
90.3545
45.789
14.128
0.992751
-0.488062
-0.500733
-0.515045
-0.568933
-0.609731
-0.640397
-0.674839
-0.716658
-0.761532
-0.808151
383.898
334.905
285.944
237.318
189.07
141.804
96.4605
53.1932
23.7197
2.78681
-0.416838
-0.456413
-0.500755
-0.559714
-0.600601
-0.636006
-0.675521
-0.718939
-0.763582
-0.809659
-0.852207
-0.900145
-0.948699
-0.997819
-1.04764
-1.09822
-1.14947
-1.20126
-1.25342
-1.30575
-1.35812
-1.41055
-1.46291
-1.51526
-1.56776
-1.62051
-1.67368
-1.72692
-1.78003
-1.83303
-0.851103
-0.899232
-0.947837
-0.996903
-1.04676
-1.09738
-1.14875
-1.20072
-1.25307
-1.30556
-1.35799
-1.41051
-1.46285
-1.51508
-1.56748
-1.62022
-1.67345
-1.72699
-1.78017
-1.83318
-0.849177
-0.89776
-0.946609
-0.995582
-1.04504
-1.09562
-1.14718
-1.19952
-1.25236
-1.30528
-1.35784
-1.41055
-1.46269
-1.51461
-1.5667
-1.6193
-1.67257
-1.72728
-1.78049
-1.8333
-0.846052
-0.895477
-0.944658
-0.993026
-1.04194
-1.09243
-1.14441
-1.19752
-1.25159
-1.30554
-1.35868
-1.41151
-1.46311
-1.51401
-1.56512
-1.61746
-1.6712
-1.72756
-1.78146
-1.83455
-0.840324
-0.89263
-0.942518
-0.988917
-1.0359
-1.08646
-1.14045
-1.19608
-1.25301
-1.3101
-1.36689
-1.41739
-1.46419
-1.51289
-1.56245
-1.61473
-1.66787
-1.7298
-1.78525
-1.83721
-0.839647
-0.89619
-0.943357
-0.985206
-1.02997
-1.08282
-1.14104
-1.20234
-1.26631
-1.32875
-1.38713
-1.42898
-1.46948
-1.51397
-1.55751
-1.60716
-1.66581
-1.7344
-1.78505
-1.83255
-0.860774
-0.917252
-0.95497
-0.988711
-1.03386
-1.09608
-1.1634
-1.22729
-1.29297
-1.34898
-1.39851
-1.43647
-1.47638
-1.51477
-1.55734
-1.60227
-1.6677
-1.70663
-1.78493
-1.83731
-0.852839
-0.933241
-0.983834
-1.02008
-1.0702
-1.14535
-1.22131
-1.29322
-1.32123
-1.34617
-1.40173
-1.40173
-1.44396
-1.51078
-1.53759
-1.60201
-1.38401
-1.74613
-1.80316
-1.85029
0.164346
-0.232033
-0.769685
-0.901513
-0.765232
-0.707933
-0.691988
-0.524813
-0.291207
-0.670223
-1.40327
-1.39711
-1.41617
-1.10872
-1.01306
-1.17365
-1.16422
-1.77612
-1.82275
-1.85786
5.8984
4.31769
0.925083
0.218946
2.59669
2.71448
2.59483
3.20081
3.05689
2.38637
-1.49133
-1.46601
-1.42446
-0.399796
0.752905
-0.0211928
-1.15943
-1.78841
-1.81325
-1.86734
1.36417
1.82538
2.38011
2.03003
2.59354
2.92598
0.546371
0.806114
1.02136
-0.393998
-1.52318
-1.45915
-1.42962
-1.43741
-0.88244
-0.40181
0.0161088
-1.42778
-1.86061
-1.88527
-0.744194
-0.891909
-0.940614
-0.874386
-0.32442
0.517493
1.16012
-0.319233
-1.36305
-1.45635
-1.44926
-1.45913
-1.47019
-1.50959
-1.55027
-1.58467
-1.6142
-1.6987
-1.80854
-1.85096
-0.820705
-0.889376
-0.922448
-0.953326
-1.03441
-1.17511
-1.16336
-1.12743
-1.25814
-1.36629
-1.41804
-1.44287
-1.46859
-1.50985
-1.55637
-1.59998
-1.64599
-1.70156
-1.78724
-1.8492
-0.831196
-0.885414
-0.925804
-0.958789
-1.04362
-1.12991
-1.18149
-1.23256
-1.30188
-1.36088
-1.40034
-1.43194
-1.46987
-1.51386
-1.5598
-1.60782
-1.65886
-1.71672
-1.77837
-1.8377
-0.84056
-0.888798
-0.936316
-0.980859
-1.03582
-1.10097
-1.16289
-1.22052
-1.28041
-1.33763
-1.38833
-1.4268
-1.46883
-1.51547
-1.56365
-1.6131
-1.66451
-1.71932
-1.77726
-1.83414
-0.847501
-0.895416
-0.942932
-0.989785
-1.03991
-1.09624
-1.15236
-1.20782
-1.26392
-1.31878
-1.37026
-1.41902
-1.46642
-1.51559
-1.5655
-1.61614
-1.66805
-1.72175
-1.77677
-1.83174
-0.851293
-0.899383
-0.947952
-0.997035
-1.04684
-1.09933
-1.15215
-1.20562
-1.25925
-1.31198
-1.36383
-1.41464
-1.46513
-1.51575
-1.56659
-1.61789
-1.66996
-1.72294
-1.77657
-1.83081
-0.853843
-0.902003
-0.950694
-0.999805
-1.05008
-1.10145
-1.15335
-1.2057
-1.25822
-1.31046
-1.36236
-1.41362
-1.46469
-1.51583
-1.56715
-1.61881
-1.67094
-1.72362
-1.77679
-1.83004
-0.855489
-0.903639
-0.952365
-1.00171
-1.05182
-1.1027
-1.1541
-1.2059
-1.25787
-1.30977
-1.36148
-1.413
-1.46443
-1.51588
-1.56748
-1.61933
-1.67152
-1.72407
-1.77691
-1.82979
-0.856759
-0.904681
-0.953299
-1.0026
-1.0526
-1.1033
-1.15449
-1.20604
-1.2578
-1.30957
-1.36127
-1.41287
-1.4644
-1.51597
-1.56767
-1.61959
-1.67181
-1.72429
-1.77698
-1.82969
)
;
    }
    procBoundary0to2
    {
        type            processor;
        value           nonuniform List<scalar> 
200
(
-1.88756
-1.88763
-1.88775
-1.8879
-1.88804
-1.8881
-1.88801
-1.88768
-1.88713
-1.8863
-1.88771
-1.8878
-1.88795
-1.88814
-1.88834
-1.88847
-1.88842
-1.88805
-1.88735
-1.88616
-1.888
-1.88812
-1.88834
-1.88863
-1.88896
-1.88925
-1.88938
-1.88904
-1.88821
-1.8853
-1.88843
-1.8886
-1.88891
-1.88934
-1.88986
-1.89041
-1.89088
-1.89088
-1.88971
-1.88676
-1.88896
-1.88921
-1.88965
-1.89029
-1.8911
-1.89218
-1.89375
-1.89517
-1.89785
-1.89253
-1.88956
-1.88988
-1.89043
-1.89119
-1.89217
-1.89394
-1.8966
-1.90143
-1.88863
-1.8515
-1.89019
-1.8906
-1.89125
-1.89193
-1.89188
-1.89446
-1.90336
-1.9002
-1.79256
-1.67812
-1.89075
-1.89133
-1.89228
-1.89376
-1.89573
-1.90023
-1.9194
-1.89848
-1.85187
-1.77144
-1.89113
-1.89194
-1.89338
-1.89618
-1.90056
-1.90894
-1.92775
-1.92608
-1.90761
-1.87771
-1.89106
-1.89193
-1.89358
-1.89662
-1.9004
-1.9042
-1.91344
-1.91391
-1.90013
-1.89156
-1.89051
-1.8913
-1.89291
-1.896
-1.90051
-1.90527
-1.90974
-1.90731
-1.88898
-1.87579
-1.88968
-1.89034
-1.89171
-1.89417
-1.89818
-1.90398
-1.91003
-1.91313
-1.90885
-1.9005
-1.88871
-1.88921
-1.89018
-1.89187
-1.89451
-1.89901
-1.9066
-1.91176
-1.90932
-1.90824
-1.88772
-1.88806
-1.88871
-1.88977
-1.89136
-1.89361
-1.89679
-1.89982
-1.89797
-1.89596
-1.8868
-1.88702
-1.88741
-1.88804
-1.88889
-1.88996
-1.89107
-1.89164
-1.89075
-1.88947
-1.88602
-1.88614
-1.88637
-1.8867
-1.88714
-1.8876
-1.88799
-1.88801
-1.88737
-1.88634
-1.8854
-1.88546
-1.88556
-1.88571
-1.88588
-1.88601
-1.88601
-1.88577
-1.88527
-1.88462
-1.88494
-1.88496
-1.88499
-1.88503
-1.88505
-1.88502
-1.88487
-1.88457
-1.88409
-1.8835
-1.88464
-1.88464
-1.88463
-1.88461
-1.88455
-1.88444
-1.88423
-1.88391
-1.88348
-1.88298
-1.88448
-1.88448
-1.88445
-1.8844
-1.88431
-1.88416
-1.88393
-1.88361
-1.8832
-1.88274
)
;
    }
}


// ************************************************************************* //
