/*--------------------------------*- C++ -*----------------------------------*\
| =========                 |                                                 |
| \\      /  F ield         | OpenFOAM: The Open Source CFD Toolbox           |
|  \\    /   O peration     | Version:  2312                                  |
|   \\  /    A nd           | Website:  www.openfoam.com                      |
|    \\/     M anipulation  |                                                 |
\*---------------------------------------------------------------------------*/
FoamFile
{
    version     2.0;
    format      ascii;
    arch        "LSB;label=32;scalar=64";
    class       volScalarField;
    location    "0.015";
    object      p_rgh;
}
// * * * * * * * * * * * * * * * * * * * * * * * * * * * * * * * * * * * * * //

dimensions      [1 -1 -2 0 0 0 0];

internalField   nonuniform List<scalar> 
8000
(
392.142
392.142
392.142
392.142
392.142
392.142
392.142
392.142
392.142
392.142
392.142
392.142
392.142
392.142
392.142
392.142
392.142
392.142
392.142
392.142
392.142
392.142
392.142
392.142
392.142
392.142
392.142
392.142
392.142
392.142
392.142
392.142
392.142
392.142
392.142
392.142
392.142
392.142
392.142
392.142
392.142
392.142
392.142
392.142
392.142
392.142
392.142
392.142
392.142
392.142
392.142
392.142
392.142
392.142
392.142
392.142
392.142
392.142
392.142
392.142
392.142
392.142
392.142
392.142
392.142
392.142
392.142
392.142
392.142
392.142
392.142
392.142
392.142
392.142
392.142
392.142
392.142
392.142
392.142
392.142
0.1342
0.134201
0.134202
0.134204
0.134206
0.13421
0.134214
0.134263
0.134216
0.134218
0.1342
0.1342
0.134201
0.134202
0.134205
0.134207
0.13421
0.134213
0.134217
0.134219
0.1342
0.134201
0.134201
0.134203
0.134205
0.134208
0.134212
0.134215
0.134219
0.134222
0.134202
0.134202
0.134203
0.134205
0.134207
0.13421
0.134213
0.134217
0.134221
0.134225
0.134205
0.134205
0.134206
0.134208
0.13421
0.134213
0.134216
0.134219
0.134223
0.134227
0.134209
0.13421
0.13421
0.134212
0.134214
0.134216
0.134218
0.134221
0.134224
0.134228
0.134215
0.134215
0.134216
0.134217
0.134218
0.134219
0.134221
0.134223
0.134225
0.134227
0.134222
0.134222
0.134222
0.134223
0.134223
0.134224
0.134224
0.134225
0.134226
0.134228
0.134229
0.134229
0.134229
0.134228
0.134228
0.134228
0.134227
0.134228
0.134228
0.134229
0.134235
0.134235
0.134235
0.134234
0.134233
0.134232
0.134231
0.13423
0.134231
0.134232
0.13424
0.13424
0.13424
0.134238
0.134237
0.134235
0.134234
0.134233
0.134233
0.134234
0.134245
0.134245
0.134244
0.134242
0.13424
0.134238
0.134237
0.134236
0.134235
0.134236
392.142
392.142
392.142
392.142
392.142
392.142
392.142
392.142
392.142
392.142
392.142
392.142
392.142
392.142
392.142
392.142
392.142
392.142
392.142
392.142
392.142
392.142
392.142
392.142
392.142
392.142
392.142
392.142
392.142
392.142
392.142
392.142
392.142
392.142
392.142
392.142
392.142
392.142
392.142
392.142
392.142
392.142
392.142
392.142
392.142
392.142
392.142
392.142
392.142
392.142
392.142
392.142
392.142
392.142
392.142
392.142
392.142
392.142
392.142
392.142
392.142
392.142
392.142
392.142
392.142
392.142
392.142
392.142
392.142
392.142
392.142
392.142
392.142
392.142
392.142
392.142
392.142
392.142
392.142
392.142
0.134201
0.134201
0.134202
0.134203
0.134205
0.134207
0.134211
0.134243
0.134217
0.134219
0.134199
0.1342
0.134201
0.134202
0.134205
0.134208
0.134211
0.134214
0.134218
0.13422
0.1342
0.1342
0.134201
0.134203
0.134206
0.134209
0.134212
0.134216
0.13422
0.134223
0.134202
0.134202
0.134203
0.134205
0.134207
0.13421
0.134214
0.134217
0.134221
0.134225
0.134205
0.134205
0.134206
0.134208
0.13421
0.134213
0.134216
0.134219
0.134223
0.134227
0.134209
0.134209
0.13421
0.134212
0.134214
0.134216
0.134218
0.134221
0.134224
0.134227
0.134215
0.134215
0.134216
0.134217
0.134218
0.134219
0.134221
0.134223
0.134225
0.134227
0.134222
0.134222
0.134223
0.134223
0.134223
0.134224
0.134224
0.134225
0.134226
0.134227
0.134229
0.134229
0.134229
0.134229
0.134228
0.134228
0.134227
0.134227
0.134228
0.134229
0.134235
0.134235
0.134235
0.134234
0.134233
0.134231
0.134231
0.13423
0.134231
0.134232
0.134241
0.134241
0.13424
0.134238
0.134237
0.134235
0.134234
0.134233
0.134233
0.134234
0.134245
0.134245
0.134244
0.134242
0.13424
0.134238
0.134237
0.134236
0.134235
0.134236
392.142
392.142
392.142
392.142
392.142
392.142
392.142
392.142
392.142
392.142
392.142
392.142
392.142
392.142
392.142
392.142
392.142
392.142
392.142
392.142
392.142
392.142
392.142
392.142
392.142
392.142
392.142
392.142
392.142
392.142
392.142
392.142
392.142
392.142
392.142
392.142
392.142
392.142
392.142
392.142
392.142
392.142
392.142
392.142
392.142
392.142
392.142
392.142
392.142
392.142
392.142
392.142
392.142
392.142
392.142
392.142
392.142
392.142
392.142
392.142
392.142
392.142
392.142
392.142
392.142
392.142
392.142
392.142
392.142
392.142
392.142
392.142
392.142
392.142
392.142
392.142
392.142
392.142
392.142
392.142
0.134201
0.134201
0.134202
0.134204
0.134206
0.134209
0.134212
0.134234
0.134219
0.134221
0.1342
0.1342
0.134201
0.134203
0.134206
0.134209
0.134212
0.134216
0.13422
0.134222
0.1342
0.134201
0.134202
0.134204
0.134206
0.134209
0.134213
0.134217
0.134221
0.134224
0.134202
0.134202
0.134203
0.134205
0.134207
0.134211
0.134214
0.134218
0.134222
0.134226
0.134205
0.134205
0.134206
0.134208
0.13421
0.134213
0.134216
0.134219
0.134223
0.134227
0.134209
0.13421
0.13421
0.134212
0.134214
0.134216
0.134218
0.134221
0.134223
0.134226
0.134215
0.134216
0.134216
0.134217
0.134218
0.134219
0.134221
0.134222
0.134224
0.134226
0.134222
0.134223
0.134223
0.134223
0.134223
0.134224
0.134224
0.134225
0.134226
0.134227
0.134229
0.134229
0.134229
0.134229
0.134228
0.134228
0.134227
0.134227
0.134228
0.134229
0.134236
0.134235
0.134235
0.134234
0.134232
0.134231
0.13423
0.13423
0.134231
0.134232
0.134241
0.13424
0.134239
0.134238
0.134236
0.134235
0.134233
0.134233
0.134233
0.134234
0.134245
0.134244
0.134243
0.134241
0.134239
0.134237
0.134236
0.134235
0.134235
0.134236
392.142
392.142
392.142
392.142
392.142
392.142
392.142
392.142
392.142
392.141
392.142
392.142
392.142
392.142
392.142
392.142
392.142
392.142
392.142
392.142
392.142
392.142
392.142
392.142
392.142
392.142
392.142
392.142
392.142
392.142
392.142
392.142
392.142
392.142
392.142
392.142
392.142
392.142
392.142
392.142
392.142
392.142
392.142
392.142
392.142
392.142
392.142
392.142
392.142
392.142
392.142
392.142
392.142
392.142
392.142
392.142
392.142
392.142
392.142
392.142
392.142
392.142
392.142
392.142
392.142
392.142
392.142
392.142
392.142
392.142
392.142
392.142
392.142
392.142
392.142
392.142
392.142
392.142
392.142
392.142
0.134202
0.134202
0.134203
0.134205
0.134207
0.13421
0.134214
0.134226
0.134221
0.134224
0.134201
0.134201
0.134202
0.134204
0.134207
0.13421
0.134214
0.134218
0.134222
0.134225
0.134201
0.134201
0.134202
0.134204
0.134207
0.134211
0.134214
0.134218
0.134222
0.134226
0.134202
0.134202
0.134203
0.134205
0.134208
0.134211
0.134215
0.134219
0.134223
0.134227
0.134205
0.134205
0.134206
0.134208
0.13421
0.134213
0.134216
0.13422
0.134223
0.134226
0.134209
0.13421
0.134211
0.134212
0.134214
0.134216
0.134218
0.13422
0.134223
0.134226
0.134216
0.134216
0.134217
0.134217
0.134218
0.13422
0.134221
0.134222
0.134224
0.134225
0.134223
0.134223
0.134223
0.134223
0.134223
0.134224
0.134224
0.134224
0.134225
0.134226
0.13423
0.13423
0.134229
0.134229
0.134228
0.134228
0.134227
0.134227
0.134228
0.134229
0.134236
0.134235
0.134235
0.134234
0.134232
0.134231
0.13423
0.13423
0.134231
0.134232
0.13424
0.13424
0.134239
0.134237
0.134236
0.134234
0.134233
0.134233
0.134233
0.134234
0.134244
0.134243
0.134242
0.13424
0.134238
0.134237
0.134235
0.134235
0.134235
0.134236
392.142
392.142
392.142
392.142
392.142
392.142
392.142
392.142
392.142
392.141
392.142
392.142
392.142
392.142
392.142
392.142
392.142
392.142
392.142
392.142
392.142
392.142
392.142
392.142
392.142
392.142
392.142
392.142
392.142
392.142
392.142
392.142
392.142
392.142
392.142
392.142
392.142
392.142
392.142
392.142
392.142
392.142
392.142
392.142
392.142
392.142
392.142
392.142
392.142
392.142
392.142
392.142
392.142
392.142
392.142
392.142
392.142
392.142
392.142
392.142
392.142
392.142
392.142
392.142
392.142
392.142
392.142
392.142
392.142
392.142
392.142
392.142
392.142
392.142
392.142
392.142
392.142
392.142
392.142
392.142
0.134203
0.134204
0.134205
0.134207
0.13421
0.134213
0.134216
0.13423
0.134225
0.134228
0.134202
0.134202
0.134204
0.134206
0.134209
0.134212
0.134216
0.134221
0.134225
0.134229
0.134202
0.134202
0.134204
0.134206
0.134209
0.134212
0.134216
0.13422
0.134225
0.134229
0.134203
0.134203
0.134204
0.134206
0.134209
0.134212
0.134216
0.13422
0.134224
0.134228
0.134205
0.134205
0.134207
0.134208
0.134211
0.134214
0.134217
0.13422
0.134223
0.134226
0.13421
0.13421
0.134211
0.134212
0.134214
0.134216
0.134218
0.13422
0.134223
0.134225
0.134216
0.134216
0.134217
0.134218
0.134219
0.13422
0.134221
0.134222
0.134223
0.134225
0.134223
0.134223
0.134224
0.134224
0.134224
0.134224
0.134224
0.134224
0.134225
0.134226
0.13423
0.13423
0.13423
0.134229
0.134228
0.134227
0.134227
0.134227
0.134227
0.134229
0.134236
0.134235
0.134235
0.134233
0.134232
0.134231
0.13423
0.13423
0.13423
0.134231
0.13424
0.134239
0.134238
0.134236
0.134235
0.134233
0.134232
0.134232
0.134233
0.134234
0.134242
0.134242
0.134241
0.134239
0.134237
0.134235
0.134234
0.134234
0.134235
0.134236
392.142
392.142
392.142
392.142
392.142
392.142
392.142
392.142
392.141
392.141
392.142
392.142
392.142
392.142
392.142
392.142
392.142
392.142
392.142
392.142
392.142
392.142
392.142
392.142
392.142
392.142
392.142
392.142
392.142
392.142
392.142
392.142
392.142
392.142
392.142
392.142
392.142
392.142
392.142
392.142
392.142
392.142
392.142
392.142
392.142
392.142
392.142
392.142
392.142
392.142
392.142
392.142
392.142
392.142
392.142
392.142
392.142
392.142
392.142
392.142
392.142
392.142
392.142
392.142
392.142
392.142
392.142
392.142
392.142
392.142
392.142
392.142
392.142
392.142
392.142
392.142
392.142
392.142
392.142
392.142
0.134205
0.134206
0.134207
0.134209
0.134212
0.134216
0.13422
0.134233
0.134229
0.134233
0.134204
0.134204
0.134206
0.134208
0.134211
0.134215
0.134219
0.134224
0.134228
0.134232
0.134203
0.134204
0.134205
0.134207
0.13421
0.134214
0.134218
0.134223
0.134227
0.134231
0.134204
0.134204
0.134205
0.134207
0.13421
0.134214
0.134217
0.134221
0.134225
0.134229
0.134206
0.134206
0.134207
0.134209
0.134212
0.134215
0.134218
0.134221
0.134224
0.134227
0.13421
0.134211
0.134211
0.134213
0.134215
0.134217
0.134219
0.134221
0.134223
0.134225
0.134216
0.134217
0.134217
0.134218
0.134219
0.13422
0.134221
0.134222
0.134223
0.134225
0.134223
0.134224
0.134224
0.134224
0.134224
0.134224
0.134224
0.134224
0.134225
0.134226
0.13423
0.13423
0.13423
0.134229
0.134228
0.134227
0.134227
0.134227
0.134227
0.134228
0.134235
0.134235
0.134234
0.134233
0.134232
0.13423
0.134229
0.134229
0.13423
0.134231
0.134239
0.134238
0.134237
0.134236
0.134234
0.134232
0.134231
0.134231
0.134232
0.134233
0.134241
0.13424
0.134239
0.134237
0.134236
0.134234
0.134233
0.134233
0.134234
0.134235
392.142
392.142
392.142
392.142
392.142
392.142
392.142
392.141
392.141
392.141
392.142
392.142
392.142
392.142
392.142
392.142
392.142
392.142
392.142
392.142
392.142
392.142
392.142
392.142
392.142
392.142
392.142
392.142
392.142
392.142
392.142
392.142
392.142
392.142
392.142
392.142
392.142
392.142
392.142
392.142
392.142
392.142
392.142
392.142
392.142
392.142
392.142
392.142
392.142
392.142
392.142
392.142
392.142
392.142
392.142
392.142
392.142
392.142
392.142
392.142
392.142
392.142
392.142
392.142
392.142
392.142
392.142
392.142
392.142
392.142
392.142
392.142
392.142
392.142
392.142
392.142
392.142
392.142
392.142
392.142
0.134208
0.134209
0.13421
0.134212
0.134215
0.134219
0.134223
0.134237
0.134233
0.134237
0.134206
0.134207
0.134208
0.134211
0.134214
0.134218
0.134222
0.134227
0.134232
0.134236
0.134205
0.134206
0.134207
0.134209
0.134213
0.134217
0.134221
0.134225
0.13423
0.134234
0.134205
0.134205
0.134207
0.134209
0.134212
0.134215
0.134219
0.134223
0.134227
0.134231
0.134207
0.134207
0.134208
0.13421
0.134213
0.134216
0.134219
0.134222
0.134225
0.134228
0.134211
0.134211
0.134212
0.134214
0.134215
0.134217
0.134219
0.134222
0.134224
0.134226
0.134217
0.134217
0.134218
0.134219
0.13422
0.134221
0.134222
0.134223
0.134224
0.134225
0.134224
0.134224
0.134225
0.134225
0.134224
0.134224
0.134224
0.134225
0.134225
0.134226
0.13423
0.13423
0.13423
0.134229
0.134228
0.134227
0.134227
0.134227
0.134227
0.134228
0.134235
0.134235
0.134234
0.134233
0.134231
0.13423
0.134229
0.134229
0.134229
0.13423
0.134238
0.134238
0.134236
0.134235
0.134233
0.134231
0.134231
0.13423
0.134231
0.134232
0.13424
0.134239
0.134238
0.134236
0.134234
0.134233
0.134232
0.134232
0.134233
0.134233
392.142
392.142
392.142
392.142
392.142
392.142
392.141
392.141
392.141
392.141
392.142
392.142
392.142
392.142
392.142
392.142
392.142
392.142
392.142
392.142
392.142
392.142
392.142
392.142
392.142
392.142
392.142
392.142
392.142
392.142
392.142
392.142
392.142
392.142
392.142
392.142
392.142
392.142
392.142
392.142
392.142
392.142
392.142
392.142
392.142
392.142
392.142
392.142
392.142
392.142
392.142
392.142
392.142
392.142
392.142
392.142
392.142
392.142
392.142
392.142
392.142
392.142
392.142
392.142
392.142
392.142
392.142
392.142
392.142
392.142
392.142
392.142
392.142
392.142
392.142
392.142
392.142
392.142
392.142
392.142
0.13421
0.134212
0.134213
0.134215
0.134219
0.134223
0.134227
0.134241
0.134237
0.134242
0.134209
0.134209
0.134211
0.134214
0.134217
0.134221
0.134226
0.134231
0.134236
0.13424
0.134207
0.134208
0.134209
0.134212
0.134215
0.134219
0.134224
0.134228
0.134233
0.134237
0.134207
0.134207
0.134208
0.134211
0.134214
0.134217
0.134221
0.134226
0.134229
0.134233
0.134208
0.134208
0.134209
0.134211
0.134214
0.134217
0.13422
0.134224
0.134227
0.13423
0.134212
0.134212
0.134213
0.134214
0.134216
0.134218
0.134221
0.134223
0.134225
0.134227
0.134218
0.134218
0.134219
0.134219
0.13422
0.134221
0.134222
0.134223
0.134225
0.134226
0.134224
0.134225
0.134225
0.134225
0.134225
0.134225
0.134225
0.134225
0.134226
0.134227
0.134231
0.134231
0.13423
0.13423
0.134229
0.134228
0.134227
0.134227
0.134227
0.134228
0.134235
0.134235
0.134234
0.134233
0.134231
0.13423
0.134229
0.134228
0.134229
0.134229
0.134238
0.134237
0.134236
0.134234
0.134232
0.134231
0.13423
0.134229
0.13423
0.13423
0.134239
0.134238
0.134236
0.134235
0.134233
0.134232
0.134231
0.134231
0.134231
0.134232
392.142
392.142
392.142
392.142
392.142
392.142
392.141
392.141
392.141
392.141
392.142
392.142
392.142
392.142
392.142
392.142
392.142
392.142
392.142
392.141
392.142
392.142
392.142
392.142
392.142
392.142
392.142
392.142
392.142
392.142
392.142
392.142
392.142
392.142
392.142
392.142
392.142
392.142
392.142
392.142
392.142
392.142
392.142
392.142
392.142
392.142
392.142
392.142
392.142
392.142
392.142
392.142
392.142
392.142
392.142
392.142
392.142
392.142
392.142
392.142
392.142
392.142
392.142
392.142
392.142
392.142
392.142
392.142
392.142
392.142
392.142
392.142
392.142
392.142
392.142
392.142
392.142
392.142
392.142
392.142
0.134214
0.134215
0.134216
0.134219
0.134222
0.134226
0.134231
0.134244
0.134241
0.134245
0.134212
0.134213
0.134214
0.134217
0.13422
0.134225
0.134229
0.134234
0.13424
0.134244
0.13421
0.13421
0.134212
0.134214
0.134218
0.134222
0.134226
0.134231
0.134236
0.134241
0.134209
0.134209
0.13421
0.134213
0.134216
0.13422
0.134224
0.134228
0.134232
0.134236
0.134209
0.134209
0.134211
0.134213
0.134216
0.134219
0.134222
0.134226
0.134229
0.134232
0.134213
0.134213
0.134214
0.134216
0.134218
0.13422
0.134222
0.134224
0.134227
0.134229
0.134218
0.134219
0.134219
0.13422
0.134221
0.134222
0.134223
0.134225
0.134226
0.134228
0.134225
0.134225
0.134226
0.134226
0.134226
0.134225
0.134225
0.134226
0.134227
0.134228
0.134231
0.134231
0.134231
0.13423
0.134229
0.134228
0.134227
0.134227
0.134227
0.134228
0.134235
0.134235
0.134234
0.134233
0.134231
0.134229
0.134228
0.134228
0.134228
0.134228
0.134237
0.134237
0.134235
0.134234
0.134232
0.13423
0.134229
0.134229
0.134229
0.134229
0.134238
0.134237
0.134236
0.134234
0.134232
0.134231
0.13423
0.13423
0.13423
0.13423
392.142
392.142
392.142
392.142
392.142
392.142
392.141
392.141
392.141
392.141
392.142
392.142
392.142
392.142
392.142
392.142
392.142
392.142
392.142
392.141
392.142
392.142
392.142
392.142
392.142
392.142
392.142
392.142
392.142
392.142
392.142
392.142
392.142
392.142
392.142
392.142
392.142
392.142
392.142
392.142
392.142
392.142
392.142
392.142
392.142
392.142
392.142
392.142
392.142
392.142
392.142
392.142
392.142
392.142
392.142
392.142
392.142
392.142
392.142
392.142
392.142
392.142
392.142
392.142
392.142
392.142
392.142
392.142
392.142
392.142
392.142
392.142
392.142
392.142
392.142
392.142
392.142
392.142
392.142
392.142
0.134217
0.134218
0.13422
0.134222
0.134225
0.134229
0.134234
0.134247
0.134244
0.134249
0.134215
0.134216
0.134217
0.13422
0.134223
0.134228
0.134232
0.134237
0.134243
0.134247
0.134213
0.134213
0.134215
0.134217
0.134221
0.134225
0.134229
0.134234
0.134239
0.134244
0.134211
0.134211
0.134212
0.134215
0.134218
0.134222
0.134226
0.13423
0.134235
0.134239
0.134211
0.134211
0.134212
0.134215
0.134217
0.134221
0.134224
0.134228
0.134231
0.134235
0.134214
0.134214
0.134215
0.134217
0.134219
0.134221
0.134224
0.134226
0.134229
0.134232
0.134219
0.13422
0.13422
0.134221
0.134222
0.134223
0.134225
0.134226
0.134228
0.13423
0.134226
0.134226
0.134226
0.134226
0.134226
0.134226
0.134226
0.134227
0.134228
0.134229
0.134231
0.134232
0.134231
0.13423
0.134229
0.134228
0.134228
0.134227
0.134228
0.134228
0.134235
0.134235
0.134234
0.134233
0.134231
0.134229
0.134228
0.134228
0.134227
0.134227
0.134237
0.134237
0.134235
0.134234
0.134232
0.13423
0.134229
0.134228
0.134228
0.134227
0.134237
0.134237
0.134235
0.134234
0.134232
0.13423
0.13423
0.134229
0.134229
0.134228
392.142
392.142
392.142
392.142
392.142
392.142
392.141
392.141
392.141
392.141
392.142
392.142
392.142
392.142
392.142
392.142
392.142
392.142
392.142
392.142
392.142
392.142
392.142
392.142
392.142
392.142
392.142
392.142
392.142
392.142
392.142
392.142
392.142
392.142
392.142
392.142
392.142
392.142
392.142
392.142
392.142
392.142
392.142
392.142
392.142
392.142
392.142
392.142
392.142
392.142
392.142
392.142
392.142
392.142
392.142
392.142
392.142
392.142
392.142
392.142
392.142
392.142
392.142
392.142
392.142
392.142
392.142
392.142
392.142
392.142
392.142
392.142
392.142
392.142
392.142
392.142
392.142
392.142
392.142
392.142
0.13422
0.134221
0.134223
0.134225
0.134228
0.134232
0.134236
0.13425
0.134246
0.134251
0.134218
0.134218
0.13422
0.134223
0.134226
0.13423
0.134235
0.13424
0.134245
0.13425
0.134215
0.134216
0.134217
0.13422
0.134223
0.134227
0.134232
0.134236
0.134241
0.134246
0.134213
0.134213
0.134215
0.134217
0.13422
0.134224
0.134228
0.134233
0.134237
0.134242
0.134213
0.134213
0.134214
0.134217
0.134219
0.134223
0.134226
0.13423
0.134234
0.134238
0.134215
0.134215
0.134217
0.134218
0.13422
0.134223
0.134226
0.134228
0.134231
0.134235
0.13422
0.134221
0.134221
0.134222
0.134223
0.134225
0.134226
0.134228
0.13423
0.134232
0.134226
0.134227
0.134227
0.134227
0.134227
0.134227
0.134227
0.134228
0.134229
0.13423
0.134232
0.134232
0.134231
0.134231
0.13423
0.134229
0.134228
0.134228
0.134228
0.134229
0.134236
0.134235
0.134234
0.134233
0.134231
0.13423
0.134229
0.134228
0.134227
0.134227
0.134237
0.134237
0.134236
0.134234
0.134232
0.13423
0.134229
0.134228
0.134227
0.134226
0.134238
0.134237
0.134235
0.134234
0.134232
0.134231
0.13423
0.134229
0.134228
0.134227
392.142
392.142
392.142
392.142
392.142
392.142
392.142
392.141
392.141
392.141
392.142
392.142
392.142
392.142
392.142
392.142
392.142
392.142
392.142
392.142
392.142
392.142
392.142
392.142
392.142
392.142
392.142
392.142
392.142
392.142
392.142
392.142
392.142
392.142
392.142
392.142
392.142
392.142
392.142
392.142
392.142
392.142
392.142
392.142
392.142
392.142
392.142
392.142
392.142
392.142
392.142
392.142
392.142
392.142
392.142
392.142
392.142
392.142
392.142
392.142
392.142
392.142
392.142
392.142
392.142
392.142
392.142
392.142
392.142
392.142
392.142
392.142
392.142
392.142
392.142
392.142
392.142
392.142
392.142
392.142
0.134222
0.134224
0.134225
0.134227
0.13423
0.134234
0.134238
0.134252
0.134248
0.134252
0.13422
0.134221
0.134222
0.134225
0.134228
0.134232
0.134237
0.134241
0.134247
0.134251
0.134217
0.134218
0.13422
0.134222
0.134225
0.134229
0.134234
0.134238
0.134243
0.134248
0.134215
0.134215
0.134217
0.134219
0.134223
0.134226
0.134231
0.134235
0.134239
0.134244
0.134215
0.134215
0.134216
0.134218
0.134221
0.134225
0.134228
0.134232
0.134236
0.13424
0.134217
0.134217
0.134218
0.13422
0.134222
0.134225
0.134228
0.134231
0.134234
0.134237
0.134221
0.134222
0.134222
0.134223
0.134225
0.134226
0.134228
0.13423
0.134232
0.134235
0.134227
0.134227
0.134228
0.134228
0.134228
0.134228
0.134229
0.13423
0.134231
0.134232
0.134232
0.134232
0.134232
0.134231
0.13423
0.13423
0.134229
0.134229
0.134229
0.13423
0.134236
0.134236
0.134235
0.134234
0.134232
0.13423
0.134229
0.134229
0.134228
0.134228
0.134238
0.134237
0.134236
0.134234
0.134233
0.134231
0.13423
0.134229
0.134228
0.134226
0.134238
0.134237
0.134236
0.134235
0.134233
0.134232
0.13423
0.134229
0.134228
0.134227
392.142
392.142
392.142
392.142
392.142
392.142
392.142
392.142
392.141
392.141
392.142
392.142
392.142
392.142
392.142
392.142
392.142
392.142
392.142
392.142
392.142
392.142
392.142
392.142
392.142
392.142
392.142
392.142
392.142
392.142
392.142
392.142
392.142
392.142
392.142
392.142
392.142
392.142
392.142
392.142
392.142
392.142
392.142
392.142
392.142
392.142
392.142
392.142
392.142
392.142
392.142
392.142
392.142
392.142
392.142
392.142
392.142
392.142
392.142
392.142
392.142
392.142
392.142
392.142
392.142
392.142
392.142
392.142
392.142
392.142
392.142
392.142
392.142
392.142
392.142
392.142
392.142
392.142
392.142
392.142
0.134224
0.134226
0.134227
0.134229
0.134232
0.134235
0.13424
0.134253
0.134248
0.134253
0.134222
0.134223
0.134224
0.134227
0.13423
0.134234
0.134238
0.134242
0.134247
0.134252
0.13422
0.13422
0.134222
0.134224
0.134227
0.134231
0.134235
0.13424
0.134244
0.134249
0.134217
0.134218
0.134219
0.134221
0.134224
0.134228
0.134232
0.134237
0.134241
0.134246
0.134216
0.134217
0.134218
0.13422
0.134223
0.134227
0.13423
0.134234
0.134238
0.134243
0.134218
0.134219
0.13422
0.134222
0.134224
0.134226
0.134229
0.134233
0.134236
0.13424
0.134222
0.134223
0.134224
0.134225
0.134226
0.134228
0.13423
0.134232
0.134234
0.134237
0.134228
0.134228
0.134228
0.134229
0.134229
0.134229
0.13423
0.134231
0.134233
0.134235
0.134233
0.134233
0.134232
0.134232
0.134231
0.13423
0.13423
0.13423
0.134231
0.134232
0.134237
0.134236
0.134235
0.134234
0.134233
0.134231
0.13423
0.13423
0.134229
0.134229
0.134239
0.134238
0.134237
0.134235
0.134234
0.134232
0.134231
0.13423
0.134229
0.134228
0.134239
0.134238
0.134237
0.134236
0.134234
0.134233
0.134232
0.134231
0.13423
0.134228
392.142
392.142
392.142
392.142
392.142
392.142
392.142
392.142
392.142
392.142
392.142
392.142
392.142
392.142
392.142
392.142
392.142
392.142
392.142
392.142
392.142
392.142
392.142
392.142
392.142
392.142
392.142
392.142
392.142
392.142
392.142
392.142
392.142
392.142
392.142
392.142
392.142
392.142
392.142
392.142
392.142
392.142
392.142
392.142
392.142
392.142
392.142
392.142
392.142
392.142
392.142
392.142
392.142
392.142
392.142
392.142
392.142
392.142
392.142
392.142
392.142
392.142
392.142
392.142
392.142
392.142
392.142
392.142
392.142
392.142
392.142
392.142
392.142
392.142
392.142
392.142
392.142
392.142
392.142
392.142
0.134225
0.134227
0.134228
0.13423
0.134233
0.134236
0.13424
0.134254
0.134248
0.134252
0.134224
0.134224
0.134226
0.134228
0.134231
0.134234
0.134238
0.134243
0.134248
0.134252
0.134221
0.134222
0.134223
0.134225
0.134228
0.134232
0.134236
0.13424
0.134245
0.134249
0.134219
0.134219
0.134221
0.134223
0.134226
0.13423
0.134234
0.134238
0.134242
0.134246
0.134218
0.134219
0.13422
0.134222
0.134225
0.134228
0.134232
0.134236
0.13424
0.134244
0.13422
0.13422
0.134221
0.134223
0.134225
0.134228
0.134231
0.134234
0.134238
0.134242
0.134224
0.134224
0.134225
0.134226
0.134227
0.134229
0.134231
0.134233
0.134236
0.13424
0.134228
0.134229
0.134229
0.134229
0.13423
0.13423
0.134231
0.134233
0.134235
0.134237
0.134233
0.134233
0.134233
0.134232
0.134232
0.134232
0.134232
0.134232
0.134233
0.134234
0.134237
0.134237
0.134236
0.134235
0.134234
0.134233
0.134232
0.134232
0.134231
0.134231
0.134239
0.134239
0.134238
0.134237
0.134235
0.134234
0.134233
0.134232
0.134231
0.13423
0.13424
0.13424
0.134239
0.134238
0.134236
0.134235
0.134234
0.134233
0.134231
0.13423
392.142
392.142
392.142
392.142
392.142
392.142
392.142
392.142
392.142
392.142
392.142
392.142
392.142
392.142
392.142
392.142
392.142
392.142
392.142
392.142
392.142
392.142
392.142
392.142
392.142
392.142
392.142
392.142
392.142
392.142
392.142
392.142
392.142
392.142
392.142
392.142
392.142
392.142
392.142
392.142
392.142
392.142
392.142
392.142
392.142
392.142
392.142
392.142
392.142
392.142
392.142
392.142
392.142
392.142
392.142
392.142
392.142
392.142
392.142
392.142
392.142
392.142
392.142
392.142
392.142
392.142
392.142
392.142
392.142
392.142
392.142
392.142
392.142
392.142
392.142
392.142
392.142
392.142
392.142
392.142
0.134226
0.134228
0.134229
0.134231
0.134233
0.134236
0.13424
0.134253
0.134248
0.134251
0.134225
0.134225
0.134227
0.134229
0.134231
0.134235
0.134238
0.134243
0.134247
0.134251
0.134223
0.134223
0.134224
0.134227
0.134229
0.134233
0.134236
0.134241
0.134245
0.134249
0.134221
0.134221
0.134223
0.134225
0.134227
0.134231
0.134235
0.134239
0.134243
0.134247
0.13422
0.134221
0.134222
0.134224
0.134227
0.13423
0.134233
0.134237
0.134241
0.134245
0.134222
0.134222
0.134223
0.134225
0.134227
0.134229
0.134232
0.134236
0.134239
0.134243
0.134225
0.134225
0.134226
0.134227
0.134228
0.13423
0.134232
0.134235
0.134238
0.134242
0.134229
0.134229
0.134229
0.13423
0.13423
0.134231
0.134233
0.134235
0.134237
0.13424
0.134233
0.134233
0.134233
0.134233
0.134233
0.134233
0.134233
0.134234
0.134235
0.134237
0.134237
0.134237
0.134237
0.134236
0.134235
0.134234
0.134234
0.134234
0.134234
0.134234
0.13424
0.13424
0.134239
0.134238
0.134237
0.134236
0.134235
0.134234
0.134233
0.134232
0.134242
0.134242
0.134241
0.13424
0.134238
0.134237
0.134236
0.134235
0.134234
0.134233
392.142
392.142
392.142
392.142
392.142
392.142
392.142
392.142
392.142
392.142
392.142
392.142
392.142
392.142
392.142
392.142
392.142
392.142
392.142
392.142
392.142
392.142
392.142
392.142
392.142
392.142
392.142
392.142
392.142
392.142
392.142
392.142
392.142
392.142
392.142
392.142
392.142
392.142
392.142
392.142
392.142
392.142
392.142
392.142
392.142
392.142
392.142
392.142
392.142
392.142
392.142
392.142
392.142
392.142
392.142
392.142
392.142
392.142
392.142
392.142
392.142
392.142
392.142
392.142
392.142
392.142
392.142
392.142
392.142
392.142
392.142
392.142
392.142
392.142
392.142
392.142
392.142
392.142
392.142
392.142
0.134226
0.134228
0.134229
0.134231
0.134233
0.134236
0.134239
0.134253
0.134247
0.13425
0.134225
0.134226
0.134227
0.134229
0.134231
0.134235
0.134238
0.134242
0.134247
0.13425
0.134224
0.134224
0.134225
0.134227
0.13423
0.134233
0.134237
0.13424
0.134244
0.134249
0.134222
0.134223
0.134224
0.134226
0.134229
0.134232
0.134235
0.134239
0.134243
0.134246
0.134222
0.134222
0.134223
0.134225
0.134228
0.134231
0.134234
0.134238
0.134241
0.134245
0.134223
0.134223
0.134224
0.134226
0.134228
0.134231
0.134234
0.134237
0.13424
0.134244
0.134226
0.134226
0.134226
0.134228
0.134229
0.134231
0.134234
0.134236
0.13424
0.134243
0.134229
0.134229
0.13423
0.13423
0.134231
0.134232
0.134234
0.134236
0.134239
0.134242
0.134234
0.134234
0.134233
0.134233
0.134233
0.134234
0.134235
0.134236
0.134238
0.13424
0.134238
0.134238
0.134237
0.134237
0.134236
0.134236
0.134236
0.134236
0.134236
0.134237
0.134241
0.134241
0.13424
0.13424
0.134239
0.134238
0.134237
0.134236
0.134236
0.134235
0.134243
0.134243
0.134243
0.134242
0.134241
0.134239
0.134238
0.134237
0.134236
0.134235
392.142
392.142
392.142
392.142
392.142
392.142
392.142
392.142
392.142
392.142
392.142
392.142
392.142
392.142
392.142
392.142
392.142
392.142
392.142
392.142
392.142
392.142
392.142
392.142
392.142
392.142
392.142
392.142
392.142
392.142
392.142
392.142
392.142
392.142
392.142
392.142
392.142
392.142
392.142
392.142
392.142
392.142
392.142
392.142
392.142
392.142
392.142
392.142
392.142
392.142
392.142
392.142
392.142
392.142
392.142
392.142
392.142
392.142
392.142
392.142
392.142
392.142
392.142
392.142
392.142
392.142
392.142
392.142
392.142
392.142
392.142
392.142
392.142
392.142
392.142
392.142
392.142
392.142
392.142
392.142
0.134227
0.134228
0.134229
0.134231
0.134233
0.134236
0.134239
0.134253
0.134245
0.134248
0.134225
0.134226
0.134227
0.134229
0.134231
0.134234
0.134238
0.134242
0.134246
0.13425
0.134224
0.134225
0.134226
0.134228
0.13423
0.134233
0.134237
0.13424
0.134244
0.134248
0.134223
0.134224
0.134225
0.134227
0.134229
0.134232
0.134236
0.134239
0.134242
0.134246
0.134223
0.134224
0.134225
0.134226
0.134229
0.134232
0.134235
0.134238
0.134241
0.134245
0.134224
0.134224
0.134225
0.134227
0.134229
0.134231
0.134234
0.134238
0.134241
0.134245
0.134226
0.134226
0.134227
0.134228
0.13423
0.134232
0.134235
0.134238
0.134241
0.134245
0.13423
0.13423
0.13423
0.134231
0.134232
0.134233
0.134235
0.134238
0.134241
0.134244
0.134234
0.134234
0.134234
0.134234
0.134234
0.134235
0.134236
0.134238
0.13424
0.134243
0.134238
0.134238
0.134238
0.134237
0.134237
0.134237
0.134237
0.134238
0.134239
0.13424
0.134242
0.134242
0.134242
0.134241
0.13424
0.134239
0.134239
0.134238
0.134238
0.134238
0.134245
0.134245
0.134245
0.134244
0.134243
0.134241
0.13424
0.134239
0.134238
0.134237
392.142
392.142
392.142
392.142
392.142
392.142
392.142
392.142
392.142
392.142
392.142
392.142
392.142
392.142
392.142
392.142
392.142
392.142
392.142
392.142
392.142
392.142
392.142
392.142
392.142
392.142
392.142
392.142
392.142
392.142
392.142
392.142
392.142
392.142
392.142
392.142
392.142
392.142
392.142
392.142
392.142
392.142
392.142
392.142
392.142
392.142
392.142
392.142
392.142
392.142
392.142
392.142
392.142
392.142
392.142
392.142
392.142
392.142
392.142
392.142
392.142
392.142
392.142
392.142
392.142
392.142
392.142
392.142
392.142
392.142
392.142
392.142
392.142
392.142
392.142
392.142
392.142
392.142
392.142
392.142
0.134227
0.134228
0.134229
0.13423
0.134232
0.134235
0.134238
0.134253
0.134244
0.134245
0.134226
0.134226
0.134227
0.134229
0.134231
0.134234
0.134237
0.134241
0.134246
0.134249
0.134225
0.134225
0.134227
0.134228
0.134231
0.134233
0.134236
0.13424
0.134244
0.134247
0.134224
0.134225
0.134226
0.134228
0.13423
0.134233
0.134236
0.134239
0.134242
0.134245
0.134224
0.134225
0.134226
0.134227
0.13423
0.134232
0.134235
0.134238
0.134241
0.134245
0.134225
0.134225
0.134226
0.134228
0.13423
0.134232
0.134235
0.134238
0.134241
0.134245
0.134227
0.134227
0.134228
0.134229
0.134231
0.134233
0.134235
0.134238
0.134242
0.134246
0.13423
0.13423
0.13423
0.134231
0.134232
0.134234
0.134236
0.134239
0.134242
0.134246
0.134234
0.134234
0.134234
0.134234
0.134235
0.134236
0.134237
0.134239
0.134242
0.134245
0.134238
0.134238
0.134238
0.134238
0.134238
0.134238
0.134239
0.13424
0.134241
0.134242
0.134243
0.134243
0.134243
0.134242
0.134241
0.134241
0.13424
0.13424
0.13424
0.13424
0.134246
0.134246
0.134246
0.134245
0.134244
0.134243
0.134241
0.13424
0.134239
0.134239
392.142
392.142
392.142
392.142
392.142
392.142
392.142
392.142
392.142
392.142
392.142
392.142
392.142
392.142
392.142
392.142
392.142
392.142
392.142
392.142
392.142
392.142
392.142
392.142
392.142
392.142
392.142
392.142
392.142
392.142
392.142
392.142
392.142
392.142
392.142
392.142
392.142
392.142
392.142
392.142
392.142
392.142
392.142
392.142
392.142
392.142
392.142
392.142
392.142
392.142
392.142
392.142
392.142
392.142
392.142
392.142
392.142
392.142
392.142
392.142
392.142
392.142
392.142
392.142
392.142
392.142
392.142
392.142
392.142
392.142
392.142
392.142
392.142
392.142
392.142
392.142
392.142
392.142
392.142
392.142
0.134226
0.134228
0.134229
0.13423
0.134232
0.134235
0.134238
0.134255
0.134243
0.134241
0.134226
0.134226
0.134227
0.134229
0.134231
0.134234
0.134237
0.134241
0.134245
0.134246
0.134225
0.134226
0.134227
0.134229
0.134231
0.134234
0.134236
0.134239
0.134243
0.134246
0.134225
0.134225
0.134227
0.134228
0.13423
0.134233
0.134236
0.134239
0.134242
0.134245
0.134225
0.134225
0.134226
0.134228
0.13423
0.134233
0.134235
0.134238
0.134241
0.134245
0.134226
0.134226
0.134227
0.134228
0.13423
0.134233
0.134235
0.134239
0.134242
0.134245
0.134227
0.134227
0.134228
0.134229
0.134231
0.134233
0.134236
0.134239
0.134243
0.134247
0.13423
0.13423
0.134231
0.134231
0.134233
0.134235
0.134237
0.13424
0.134243
0.134247
0.134234
0.134234
0.134234
0.134235
0.134236
0.134237
0.134238
0.134241
0.134243
0.134246
0.134239
0.134239
0.134239
0.134239
0.134239
0.134239
0.13424
0.134241
0.134242
0.134243
0.134243
0.134244
0.134243
0.134243
0.134242
0.134242
0.134241
0.134241
0.134241
0.134241
0.134247
0.134247
0.134247
0.134246
0.134245
0.134244
0.134242
0.134241
0.134241
0.13424
392.142
392.142
392.142
392.142
392.142
392.142
392.142
392.142
392.142
392.142
392.142
392.142
392.142
392.142
392.142
392.142
392.142
392.142
392.142
392.142
392.142
392.142
392.142
392.142
392.142
392.142
392.142
392.142
392.142
392.142
392.142
392.142
392.142
392.142
392.142
392.142
392.142
392.142
392.142
392.142
392.142
392.142
392.142
392.142
392.142
392.142
392.142
392.142
392.142
392.142
392.142
392.142
392.142
392.142
392.142
392.142
392.142
392.142
392.142
392.142
392.142
392.142
392.142
392.142
392.142
392.142
392.142
392.142
392.142
392.142
392.142
392.142
392.142
392.142
392.142
392.142
392.142
392.142
392.142
392.142
0.134226
0.134227
0.134229
0.13423
0.134233
0.134236
0.13424
0.134283
0.134241
0.134237
0.134226
0.134226
0.134228
0.134229
0.134231
0.134234
0.134237
0.134241
0.134244
0.13424
0.134226
0.134226
0.134227
0.134229
0.134231
0.134234
0.134236
0.134239
0.134243
0.134242
0.134225
0.134226
0.134227
0.134228
0.134231
0.134233
0.134236
0.134239
0.134242
0.134242
0.134225
0.134226
0.134227
0.134228
0.13423
0.134233
0.134236
0.134238
0.134242
0.134243
0.134226
0.134226
0.134227
0.134229
0.134231
0.134233
0.134236
0.134239
0.134242
0.134245
0.134227
0.134228
0.134228
0.13423
0.134231
0.134234
0.134236
0.13424
0.134243
0.134247
0.13423
0.13423
0.134231
0.134232
0.134233
0.134235
0.134238
0.13424
0.134244
0.134248
0.134234
0.134234
0.134235
0.134235
0.134236
0.134237
0.134239
0.134241
0.134244
0.134247
0.134239
0.134239
0.134239
0.134239
0.134239
0.13424
0.134241
0.134242
0.134243
0.134244
0.134244
0.134244
0.134244
0.134243
0.134243
0.134242
0.134242
0.134242
0.134241
0.134242
0.134247
0.134247
0.134247
0.134246
0.134245
0.134244
0.134243
0.134242
0.134241
0.134241
0.134247
0.134247
0.134246
0.134245
0.134243
0.134241
0.134239
0.134238
0.134237
0.134237
0.134248
0.134248
0.134248
0.134246
0.134244
0.134243
0.134241
0.134239
0.134238
0.134237
0.134247
0.134247
0.134247
0.134246
0.134244
0.134243
0.134242
0.13424
0.134239
0.134238
0.134244
0.134244
0.134244
0.134243
0.134243
0.134242
0.134241
0.13424
0.134239
0.134238
0.134239
0.134239
0.134239
0.134239
0.134239
0.134239
0.134239
0.134239
0.134238
0.134237
0.134233
0.134232
0.134233
0.134234
0.134235
0.134236
0.134236
0.134237
0.134236
0.134236
0.134226
0.134226
0.134227
0.134229
0.134231
0.134232
0.134234
0.134235
0.134236
0.134236
0.134221
0.134221
0.134222
0.134225
0.134227
0.13423
0.134232
0.134234
0.134236
0.134237
0.134216
0.134217
0.134219
0.134221
0.134224
0.134227
0.13423
0.134233
0.134236
0.134239
0.134213
0.134214
0.134216
0.134218
0.134221
0.134225
0.134228
0.134232
0.134235
0.134238
0.134209
0.13421
0.134212
0.134215
0.134218
0.134221
0.134225
0.134228
0.134232
0.134234
0.134204
0.134205
0.134207
0.13421
0.134213
0.134217
0.134221
0.134224
0.134227
0.134229
0.134197
0.134198
0.1342
0.134204
0.134208
0.134212
0.134217
0.134221
0.134224
0.134225
0.134187
0.134189
0.134192
0.134196
0.134202
0.134208
0.134214
0.134219
0.134222
0.134224
0.134174
0.134176
0.134181
0.134187
0.134194
0.134202
0.13421
0.134216
0.134221
0.134223
0.134156
0.134159
0.134165
0.134174
0.134184
0.134194
0.134203
0.134211
0.134217
0.13422
0.134132
0.134136
0.134144
0.134155
0.134167
0.134181
0.134193
0.134203
0.13421
0.134214
0.134099
0.134104
0.134114
0.134129
0.134145
0.134162
0.134179
0.134192
0.134203
0.134209
0.134055
0.134062
0.134076
0.134094
0.134116
0.134139
0.134161
0.134181
0.134196
0.134205
0.133998
0.134007
0.134025
0.13405
0.134079
0.134111
0.134141
0.134167
0.134188
0.134202
0.134248
0.134247
0.134246
0.134245
0.134243
0.134241
0.134239
0.134238
0.134237
0.134237
0.134249
0.134248
0.134247
0.134246
0.134244
0.134242
0.134241
0.134239
0.134238
0.134237
0.134248
0.134247
0.134247
0.134246
0.134244
0.134243
0.134242
0.13424
0.134239
0.134238
0.134244
0.134244
0.134244
0.134243
0.134243
0.134242
0.134241
0.13424
0.134238
0.134237
0.134239
0.134239
0.134239
0.134239
0.134239
0.134239
0.134239
0.134238
0.134237
0.134236
0.134232
0.134232
0.134233
0.134234
0.134235
0.134236
0.134236
0.134236
0.134236
0.134235
0.134226
0.134226
0.134227
0.134229
0.134231
0.134233
0.134234
0.134235
0.134235
0.134235
0.134221
0.134221
0.134223
0.134225
0.134228
0.13423
0.134232
0.134234
0.134236
0.134237
0.134217
0.134218
0.134219
0.134222
0.134225
0.134228
0.134231
0.134234
0.134236
0.134239
0.134214
0.134215
0.134217
0.134219
0.134222
0.134225
0.134229
0.134232
0.134235
0.134238
0.13421
0.134211
0.134213
0.134215
0.134218
0.134222
0.134225
0.134229
0.134232
0.134235
0.134205
0.134206
0.134208
0.134211
0.134214
0.134218
0.134222
0.134225
0.134228
0.13423
0.134198
0.134199
0.134202
0.134205
0.134209
0.134214
0.134218
0.134223
0.134226
0.134227
0.134189
0.134191
0.134194
0.134198
0.134204
0.13421
0.134216
0.134221
0.134225
0.134226
0.134177
0.134179
0.134183
0.13419
0.134197
0.134205
0.134213
0.134219
0.134224
0.134226
0.13416
0.134163
0.134169
0.134177
0.134187
0.134198
0.134207
0.134215
0.13422
0.134223
0.134137
0.134141
0.134149
0.134159
0.134172
0.134185
0.134197
0.134207
0.134215
0.134219
0.134105
0.13411
0.134121
0.134135
0.134151
0.134168
0.134184
0.134198
0.134209
0.134215
0.134063
0.13407
0.134084
0.134102
0.134124
0.134147
0.134169
0.134189
0.134204
0.134213
0.134008
0.134018
0.134036
0.134061
0.13409
0.134122
0.134153
0.134179
0.134199
0.13421
0.134247
0.134247
0.134245
0.134244
0.134242
0.13424
0.134238
0.134238
0.134237
0.134237
0.134248
0.134248
0.134247
0.134245
0.134243
0.134242
0.13424
0.134239
0.134238
0.134238
0.134247
0.134247
0.134246
0.134245
0.134244
0.134243
0.134241
0.13424
0.134239
0.134238
0.134244
0.134244
0.134244
0.134243
0.134243
0.134242
0.134241
0.134239
0.134238
0.134237
0.134239
0.134239
0.134239
0.134239
0.13424
0.134239
0.134239
0.134238
0.134236
0.134235
0.134233
0.134233
0.134234
0.134235
0.134236
0.134236
0.134236
0.134236
0.134234
0.134233
0.134227
0.134227
0.134228
0.13423
0.134232
0.134233
0.134234
0.134234
0.134234
0.134233
0.134222
0.134223
0.134224
0.134226
0.134229
0.134231
0.134233
0.134234
0.134235
0.134236
0.134218
0.134219
0.134221
0.134223
0.134226
0.134229
0.134232
0.134234
0.134236
0.134239
0.134215
0.134216
0.134218
0.13422
0.134223
0.134226
0.13423
0.134233
0.134236
0.134239
0.134212
0.134213
0.134214
0.134217
0.13422
0.134223
0.134227
0.13423
0.134234
0.134236
0.134207
0.134208
0.13421
0.134212
0.134216
0.134219
0.134224
0.134227
0.134231
0.134232
0.134201
0.134202
0.134204
0.134207
0.134212
0.134216
0.134221
0.134226
0.134229
0.13423
0.134193
0.134194
0.134197
0.134202
0.134208
0.134214
0.13422
0.134225
0.134229
0.13423
0.134182
0.134184
0.134189
0.134195
0.134202
0.134211
0.134218
0.134224
0.134229
0.134231
0.134167
0.13417
0.134176
0.134184
0.134194
0.134204
0.134214
0.134221
0.134227
0.13423
0.134146
0.13415
0.134158
0.134168
0.134181
0.134194
0.134206
0.134216
0.134224
0.134229
0.134117
0.134122
0.134133
0.134146
0.134163
0.13418
0.134196
0.134211
0.134222
0.134229
0.134079
0.134086
0.134099
0.134118
0.13414
0.134163
0.134186
0.134206
0.134222
0.134231
0.134028
0.134038
0.134056
0.134081
0.134111
0.134144
0.134175
0.134202
0.134222
0.134233
0.134246
0.134245
0.134244
0.134242
0.134241
0.134239
0.134238
0.134237
0.134237
0.134237
0.134247
0.134246
0.134245
0.134244
0.134242
0.134241
0.13424
0.134239
0.134238
0.134238
0.134246
0.134246
0.134245
0.134244
0.134243
0.134242
0.13424
0.134239
0.134238
0.134237
0.134244
0.134243
0.134243
0.134243
0.134242
0.134241
0.13424
0.134238
0.134237
0.134235
0.134239
0.134239
0.13424
0.13424
0.13424
0.134239
0.134238
0.134237
0.134235
0.134233
0.134234
0.134234
0.134235
0.134236
0.134236
0.134236
0.134236
0.134235
0.134233
0.13423
0.134229
0.134229
0.13423
0.134231
0.134233
0.134234
0.134234
0.134234
0.134233
0.134231
0.134224
0.134225
0.134226
0.134228
0.13423
0.134232
0.134233
0.134234
0.134235
0.134235
0.134221
0.134221
0.134223
0.134225
0.134228
0.13423
0.134233
0.134235
0.134236
0.134238
0.134218
0.134218
0.13422
0.134222
0.134225
0.134228
0.134231
0.134234
0.134237
0.13424
0.134214
0.134215
0.134217
0.134219
0.134222
0.134225
0.134229
0.134232
0.134235
0.134238
0.13421
0.134211
0.134213
0.134215
0.134218
0.134222
0.134226
0.13423
0.134233
0.134235
0.134205
0.134206
0.134208
0.134211
0.134215
0.13422
0.134225
0.13423
0.134233
0.134235
0.134198
0.1342
0.134203
0.134207
0.134213
0.134219
0.134225
0.134231
0.134234
0.134236
0.134189
0.134191
0.134196
0.134202
0.134209
0.134217
0.134225
0.134231
0.134236
0.134239
0.134176
0.134179
0.134185
0.134193
0.134203
0.134213
0.134223
0.134231
0.134237
0.13424
0.134158
0.134162
0.13417
0.134181
0.134193
0.134206
0.134218
0.134229
0.134237
0.134243
0.134133
0.134139
0.134149
0.134163
0.134179
0.134196
0.134213
0.134228
0.13424
0.134248
0.1341
0.134108
0.134121
0.13414
0.134162
0.134185
0.134209
0.134229
0.134246
0.134256
0.134056
0.134066
0.134084
0.134109
0.13414
0.134173
0.134205
0.134233
0.134255
0.134268
0.134244
0.134244
0.134242
0.134241
0.134239
0.134238
0.134237
0.134236
0.134236
0.134237
0.134245
0.134245
0.134244
0.134242
0.134241
0.134239
0.134238
0.134238
0.134237
0.134237
0.134245
0.134244
0.134244
0.134243
0.134242
0.134241
0.134239
0.134238
0.134237
0.134237
0.134243
0.134243
0.134243
0.134242
0.134242
0.134241
0.134239
0.134238
0.134236
0.134234
0.13424
0.13424
0.13424
0.13424
0.13424
0.134239
0.134238
0.134236
0.134234
0.134231
0.134235
0.134235
0.134236
0.134237
0.134237
0.134237
0.134236
0.134234
0.134232
0.134229
0.134231
0.134231
0.134232
0.134233
0.134234
0.134235
0.134235
0.134234
0.134232
0.13423
0.134227
0.134227
0.134228
0.13423
0.134232
0.134233
0.134234
0.134234
0.134234
0.134233
0.134223
0.134224
0.134225
0.134227
0.13423
0.134232
0.134234
0.134235
0.134236
0.134238
0.134221
0.134221
0.134223
0.134225
0.134227
0.13423
0.134232
0.134235
0.134237
0.134239
0.134218
0.134218
0.13422
0.134222
0.134224
0.134227
0.134231
0.134234
0.134237
0.134239
0.134214
0.134215
0.134216
0.134219
0.134222
0.134225
0.134229
0.134233
0.134236
0.134238
0.13421
0.134211
0.134213
0.134216
0.13422
0.134225
0.13423
0.134234
0.134238
0.13424
0.134204
0.134206
0.134209
0.134213
0.134219
0.134225
0.134231
0.134237
0.134241
0.134244
0.134197
0.1342
0.134204
0.13421
0.134217
0.134225
0.134233
0.13424
0.134245
0.134249
0.134187
0.13419
0.134196
0.134204
0.134214
0.134224
0.134233
0.134242
0.134249
0.134254
0.134173
0.134177
0.134185
0.134195
0.134207
0.13422
0.134233
0.134244
0.134254
0.13426
0.134153
0.134158
0.134169
0.134182
0.134199
0.134216
0.134233
0.134249
0.134261
0.134268
0.134125
0.134133
0.134146
0.134165
0.134187
0.134212
0.134235
0.134256
0.134272
0.134283
0.134088
0.134098
0.134116
0.134142
0.134174
0.134207
0.13424
0.134268
0.13429
0.134306
0.134242
0.134242
0.13424
0.134239
0.134237
0.134236
0.134235
0.134235
0.134235
0.134236
0.134243
0.134243
0.134242
0.13424
0.134239
0.134238
0.134237
0.134237
0.134236
0.134237
0.134243
0.134243
0.134242
0.134242
0.134241
0.13424
0.134238
0.134237
0.134236
0.134236
0.134242
0.134242
0.134242
0.134242
0.134241
0.13424
0.134239
0.134237
0.134235
0.134233
0.13424
0.13424
0.13424
0.13424
0.13424
0.134239
0.134238
0.134236
0.134233
0.13423
0.134237
0.134237
0.134237
0.134238
0.134238
0.134238
0.134237
0.134235
0.134232
0.134228
0.134233
0.134233
0.134234
0.134235
0.134236
0.134236
0.134236
0.134234
0.134232
0.134229
0.134229
0.13423
0.134231
0.134233
0.134234
0.134235
0.134235
0.134235
0.134234
0.134233
0.134227
0.134227
0.134228
0.13423
0.134232
0.134234
0.134235
0.134235
0.134236
0.134236
0.134224
0.134225
0.134226
0.134228
0.13423
0.134232
0.134234
0.134235
0.134237
0.134238
0.134222
0.134222
0.134223
0.134225
0.134227
0.13423
0.134233
0.134235
0.134238
0.134239
0.134219
0.13422
0.134221
0.134223
0.134226
0.134229
0.134233
0.134236
0.134239
0.134241
0.134216
0.134217
0.134218
0.134221
0.134225
0.134229
0.134234
0.134239
0.134243
0.134245
0.134212
0.134213
0.134216
0.13422
0.134225
0.134231
0.134238
0.134244
0.134248
0.134252
0.134206
0.134209
0.134213
0.134218
0.134226
0.134233
0.134241
0.134249
0.134255
0.13426
0.134199
0.134202
0.134208
0.134216
0.134225
0.134235
0.134245
0.134254
0.134262
0.134268
0.134188
0.134193
0.1342
0.13421
0.134223
0.134236
0.134249
0.134261
0.134271
0.134278
0.134173
0.134179
0.134189
0.134203
0.134219
0.134237
0.134255
0.13427
0.134283
0.13429
0.134151
0.134159
0.134173
0.134192
0.134215
0.134239
0.134263
0.134284
0.1343
0.134309
0.134122
0.134132
0.134151
0.134177
0.134209
0.134244
0.134277
0.134305
0.134326
0.13434
0.134241
0.13424
0.134239
0.134237
0.134236
0.134235
0.134234
0.134234
0.134234
0.134235
0.134241
0.134241
0.13424
0.134239
0.134237
0.134237
0.134236
0.134235
0.134235
0.134235
0.134241
0.134241
0.134241
0.13424
0.134239
0.134238
0.134237
0.134236
0.134236
0.134235
0.134241
0.134241
0.134241
0.134241
0.13424
0.134239
0.134238
0.134236
0.134235
0.134233
0.13424
0.13424
0.13424
0.13424
0.13424
0.134239
0.134238
0.134236
0.134233
0.13423
0.134238
0.134238
0.134239
0.134239
0.134239
0.134239
0.134238
0.134235
0.134232
0.134229
0.134235
0.134235
0.134236
0.134237
0.134238
0.134238
0.134237
0.134235
0.134233
0.13423
0.134232
0.134233
0.134234
0.134235
0.134236
0.134237
0.134237
0.134236
0.134234
0.134232
0.13423
0.134231
0.134232
0.134233
0.134235
0.134235
0.134236
0.134236
0.134235
0.134235
0.134228
0.134229
0.13423
0.134231
0.134232
0.134234
0.134235
0.134236
0.134236
0.134237
0.134226
0.134227
0.134228
0.134229
0.13423
0.134232
0.134234
0.134236
0.134238
0.134239
0.134224
0.134225
0.134226
0.134227
0.134229
0.134232
0.134235
0.134239
0.134242
0.134243
0.134222
0.134223
0.134224
0.134226
0.13423
0.134234
0.134239
0.134243
0.134248
0.134251
0.134219
0.13422
0.134223
0.134226
0.134231
0.134237
0.134244
0.13425
0.134256
0.13426
0.134215
0.134217
0.134221
0.134227
0.134234
0.134242
0.13425
0.134258
0.134265
0.134271
0.13421
0.134213
0.134219
0.134226
0.134236
0.134246
0.134257
0.134267
0.134276
0.134283
0.134203
0.134207
0.134215
0.134225
0.134237
0.134251
0.134265
0.134277
0.134288
0.134295
0.134192
0.134198
0.134208
0.134222
0.134239
0.134257
0.134275
0.134292
0.134304
0.134311
0.134176
0.134183
0.134197
0.134217
0.134241
0.134266
0.134291
0.134312
0.134328
0.134335
0.134153
0.134164
0.134183
0.134211
0.134244
0.134279
0.134313
0.134342
0.134362
0.134371
0.134239
0.134238
0.134237
0.134236
0.134234
0.134233
0.134233
0.134232
0.134233
0.134233
0.134239
0.134239
0.134238
0.134237
0.134236
0.134235
0.134235
0.134234
0.134234
0.134234
0.13424
0.13424
0.134239
0.134239
0.134238
0.134237
0.134237
0.134236
0.134235
0.134234
0.13424
0.13424
0.13424
0.13424
0.13424
0.134239
0.134238
0.134237
0.134235
0.134233
0.13424
0.13424
0.13424
0.134241
0.13424
0.13424
0.134239
0.134237
0.134234
0.134231
0.134239
0.134239
0.13424
0.13424
0.134241
0.13424
0.134239
0.134236
0.134234
0.13423
0.134237
0.134238
0.134238
0.134239
0.13424
0.13424
0.134239
0.134236
0.134234
0.134231
0.134235
0.134236
0.134237
0.134238
0.134239
0.134239
0.134238
0.134236
0.134234
0.134232
0.134234
0.134234
0.134235
0.134236
0.134237
0.134237
0.134237
0.134236
0.134234
0.134233
0.134232
0.134233
0.134234
0.134234
0.134235
0.134235
0.134236
0.134236
0.134236
0.134235
0.134231
0.134232
0.134232
0.134233
0.134233
0.134234
0.134236
0.134237
0.134238
0.134239
0.13423
0.13423
0.134231
0.134232
0.134233
0.134235
0.134238
0.134241
0.134244
0.134246
0.134228
0.134228
0.134229
0.134231
0.134234
0.134238
0.134243
0.134247
0.134252
0.134255
0.134226
0.134227
0.134229
0.134232
0.134237
0.134243
0.134249
0.134256
0.134262
0.134267
0.134223
0.134225
0.134229
0.134234
0.134241
0.134249
0.134257
0.134266
0.134274
0.13428
0.13422
0.134223
0.134228
0.134236
0.134245
0.134256
0.134267
0.134278
0.134287
0.134295
0.134215
0.134219
0.134227
0.134237
0.13425
0.134264
0.134278
0.134292
0.134303
0.134311
0.134208
0.134213
0.134224
0.134238
0.134256
0.134275
0.134294
0.13431
0.134323
0.134331
0.134196
0.134204
0.134218
0.134239
0.134263
0.134289
0.134315
0.134336
0.134352
0.13436
0.13418
0.134191
0.134211
0.13424
0.134274
0.13431
0.134345
0.134374
0.134395
0.134404
0.134238
0.134237
0.134236
0.134234
0.134233
0.134232
0.134232
0.134231
0.134231
0.134232
0.134238
0.134237
0.134236
0.134236
0.134235
0.134234
0.134234
0.134233
0.134233
0.134233
0.134238
0.134238
0.134238
0.134237
0.134237
0.134237
0.134236
0.134235
0.134235
0.134234
0.134239
0.134239
0.134239
0.134239
0.134239
0.134239
0.134238
0.134237
0.134236
0.134234
0.13424
0.13424
0.13424
0.134241
0.134241
0.13424
0.134239
0.134238
0.134236
0.134234
0.134239
0.13424
0.134241
0.134241
0.134242
0.134241
0.13424
0.134238
0.134235
0.134233
0.134239
0.134239
0.13424
0.134241
0.134242
0.134241
0.13424
0.134238
0.134235
0.134232
0.134238
0.134239
0.13424
0.13424
0.134241
0.13424
0.134239
0.134237
0.134234
0.134232
0.134237
0.134238
0.134239
0.134239
0.134239
0.134239
0.134237
0.134236
0.134234
0.134232
0.134237
0.134237
0.134238
0.134238
0.134237
0.134237
0.134236
0.134236
0.134235
0.134234
0.134236
0.134236
0.134236
0.134236
0.134236
0.134236
0.134237
0.134238
0.134239
0.134239
0.134235
0.134235
0.134235
0.134235
0.134236
0.134238
0.13424
0.134243
0.134246
0.134248
0.134233
0.134233
0.134234
0.134236
0.134238
0.134241
0.134246
0.134251
0.134255
0.134259
0.134231
0.134232
0.134234
0.134237
0.134241
0.134247
0.134254
0.13426
0.134266
0.134271
0.134229
0.134231
0.134234
0.13424
0.134246
0.134255
0.134263
0.134272
0.13428
0.134286
0.134227
0.13423
0.134235
0.134243
0.134252
0.134263
0.134275
0.134286
0.134296
0.134304
0.134224
0.134228
0.134236
0.134247
0.13426
0.134274
0.134289
0.134303
0.134315
0.134323
0.134219
0.134225
0.134235
0.13425
0.134268
0.134288
0.134308
0.134325
0.134338
0.134347
0.134211
0.134219
0.134234
0.134255
0.13428
0.134307
0.134333
0.134355
0.134372
0.134381
0.1342
0.134211
0.134232
0.134262
0.134297
0.134334
0.134369
0.134399
0.134421
0.134433
0.134237
0.134236
0.134235
0.134234
0.134233
0.134232
0.134231
0.134231
0.134231
0.13423
0.134237
0.134236
0.134236
0.134235
0.134234
0.134234
0.134233
0.134233
0.134233
0.134233
0.134237
0.134237
0.134237
0.134237
0.134236
0.134236
0.134236
0.134236
0.134235
0.134235
0.134238
0.134238
0.134238
0.134239
0.134239
0.134239
0.134238
0.134238
0.134237
0.134236
0.134239
0.134239
0.13424
0.134241
0.134241
0.134241
0.13424
0.134239
0.134237
0.134236
0.13424
0.13424
0.134241
0.134242
0.134242
0.134242
0.134241
0.134239
0.134237
0.134235
0.13424
0.134241
0.134242
0.134243
0.134243
0.134243
0.134241
0.134239
0.134236
0.134233
0.13424
0.134241
0.134242
0.134242
0.134242
0.134242
0.13424
0.134237
0.134235
0.134232
0.134241
0.134241
0.134241
0.134241
0.134241
0.13424
0.134238
0.134236
0.134234
0.134232
0.13424
0.134241
0.134241
0.13424
0.134239
0.134238
0.134237
0.134236
0.134235
0.134234
0.13424
0.13424
0.13424
0.134239
0.134238
0.134238
0.134238
0.134239
0.13424
0.134241
0.134239
0.134239
0.134238
0.134238
0.134239
0.13424
0.134242
0.134245
0.134247
0.13425
0.134237
0.134237
0.134238
0.134239
0.134241
0.134244
0.134248
0.134253
0.134257
0.13426
0.134235
0.134236
0.134238
0.13424
0.134245
0.13425
0.134257
0.134263
0.134269
0.134273
0.134233
0.134235
0.134238
0.134243
0.13425
0.134258
0.134267
0.134276
0.134283
0.134289
0.134232
0.134234
0.13424
0.134247
0.134257
0.134268
0.13428
0.134291
0.134301
0.134308
0.134229
0.134234
0.134241
0.134252
0.134266
0.134281
0.134296
0.13431
0.134322
0.13433
0.134226
0.134231
0.134242
0.134258
0.134276
0.134297
0.134317
0.134335
0.134348
0.134356
0.13422
0.134227
0.134243
0.134265
0.134291
0.134318
0.134345
0.134367
0.134384
0.134393
0.134211
0.134223
0.134245
0.134275
0.134311
0.134348
0.134383
0.134413
0.134436
0.134451
0.134237
0.134236
0.134235
0.134234
0.134233
0.134232
0.134231
0.134231
0.13423
0.13423
0.134236
0.134236
0.134235
0.134235
0.134234
0.134234
0.134234
0.134233
0.134233
0.134233
0.134237
0.134236
0.134236
0.134236
0.134236
0.134236
0.134236
0.134236
0.134236
0.134236
0.134238
0.134238
0.134238
0.134238
0.134239
0.134239
0.134239
0.134238
0.134238
0.134237
0.134239
0.134239
0.13424
0.13424
0.134241
0.134241
0.134241
0.13424
0.134239
0.134237
0.13424
0.13424
0.134241
0.134242
0.134243
0.134243
0.134242
0.134241
0.134238
0.134236
0.134241
0.134242
0.134243
0.134244
0.134244
0.134243
0.134242
0.13424
0.134237
0.134235
0.134242
0.134243
0.134243
0.134244
0.134243
0.134242
0.13424
0.134238
0.134235
0.134233
0.134243
0.134243
0.134244
0.134243
0.134242
0.13424
0.134238
0.134236
0.134235
0.134233
0.134243
0.134243
0.134243
0.134242
0.13424
0.134239
0.134238
0.134237
0.134236
0.134236
0.134243
0.134243
0.134242
0.134241
0.13424
0.134239
0.134239
0.13424
0.134241
0.134243
0.134241
0.134241
0.134241
0.13424
0.13424
0.134241
0.134243
0.134246
0.134249
0.134251
0.134239
0.134239
0.13424
0.134241
0.134243
0.134246
0.13425
0.134254
0.134257
0.13426
0.134237
0.134238
0.134239
0.134242
0.134247
0.134252
0.134258
0.134264
0.134268
0.134271
0.134235
0.134237
0.13424
0.134245
0.134252
0.13426
0.134268
0.134276
0.134283
0.134288
0.134233
0.134236
0.134241
0.134249
0.134259
0.13427
0.134282
0.134293
0.134302
0.134309
0.134231
0.134235
0.134243
0.134254
0.134268
0.134283
0.134299
0.134313
0.134325
0.134333
0.134227
0.134233
0.134244
0.13426
0.134279
0.1343
0.13432
0.134338
0.134352
0.13436
0.134221
0.134229
0.134245
0.134268
0.134294
0.134322
0.134348
0.134371
0.134388
0.134397
0.134213
0.134225
0.134248
0.134278
0.134314
0.134351
0.134387
0.134417
0.134439
0.134454
0.134237
0.134237
0.134236
0.134235
0.134234
0.134233
0.134232
0.134231
0.134231
0.13423
0.134237
0.134236
0.134236
0.134235
0.134235
0.134235
0.134234
0.134234
0.134234
0.134234
0.134237
0.134236
0.134236
0.134237
0.134237
0.134237
0.134237
0.134237
0.134237
0.134237
0.134237
0.134237
0.134238
0.134238
0.134239
0.134239
0.134239
0.134239
0.134239
0.134238
0.134238
0.134239
0.13424
0.13424
0.134241
0.134242
0.134241
0.134241
0.134239
0.134238
0.13424
0.13424
0.134241
0.134242
0.134243
0.134243
0.134243
0.134241
0.134239
0.134237
0.134242
0.134242
0.134243
0.134244
0.134244
0.134244
0.134242
0.13424
0.134238
0.134236
0.134243
0.134244
0.134244
0.134244
0.134244
0.134243
0.134241
0.134239
0.134237
0.134235
0.134244
0.134245
0.134245
0.134244
0.134242
0.134241
0.134239
0.134237
0.134236
0.134235
0.134245
0.134245
0.134244
0.134243
0.134241
0.134239
0.134238
0.134238
0.134238
0.134239
0.134244
0.134244
0.134243
0.134242
0.13424
0.13424
0.13424
0.134241
0.134243
0.134245
0.134242
0.134242
0.134242
0.134241
0.134241
0.134242
0.134244
0.134247
0.134249
0.134251
0.13424
0.13424
0.13424
0.134241
0.134244
0.134247
0.13425
0.134254
0.134257
0.134258
0.134237
0.134238
0.13424
0.134243
0.134247
0.134252
0.134258
0.134263
0.134266
0.134268
0.134234
0.134236
0.134239
0.134245
0.134251
0.134259
0.134267
0.134275
0.134281
0.134284
0.134231
0.134234
0.13424
0.134248
0.134258
0.134269
0.13428
0.134291
0.134299
0.134305
0.134228
0.134232
0.13424
0.134252
0.134266
0.134281
0.134297
0.134311
0.134322
0.134329
0.134223
0.134229
0.134241
0.134257
0.134276
0.134297
0.134318
0.134335
0.134349
0.134357
0.134216
0.134224
0.134241
0.134263
0.13429
0.134318
0.134344
0.134367
0.134384
0.134393
0.134206
0.134218
0.134241
0.134271
0.134307
0.134344
0.13438
0.13441
0.134432
0.134444
0.134239
0.134238
0.134237
0.134236
0.134235
0.134234
0.134233
0.134233
0.134232
0.134231
0.134238
0.134237
0.134237
0.134237
0.134236
0.134236
0.134235
0.134235
0.134235
0.134235
0.134237
0.134237
0.134237
0.134237
0.134238
0.134238
0.134238
0.134238
0.134238
0.134238
0.134238
0.134238
0.134238
0.134239
0.134239
0.13424
0.13424
0.13424
0.134239
0.134239
0.134238
0.134239
0.134239
0.13424
0.134241
0.134242
0.134242
0.134241
0.13424
0.134238
0.13424
0.13424
0.134241
0.134242
0.134243
0.134243
0.134243
0.134241
0.13424
0.134238
0.134242
0.134242
0.134243
0.134244
0.134244
0.134244
0.134242
0.134241
0.134239
0.134237
0.134243
0.134244
0.134244
0.134244
0.134244
0.134243
0.134241
0.13424
0.134238
0.134237
0.134244
0.134245
0.134244
0.134244
0.134242
0.134241
0.13424
0.134239
0.134238
0.134239
0.134245
0.134245
0.134244
0.134242
0.134241
0.13424
0.134239
0.13424
0.13424
0.134242
0.134244
0.134244
0.134243
0.134241
0.134241
0.13424
0.134241
0.134243
0.134244
0.134246
0.134242
0.134242
0.134241
0.134241
0.134241
0.134243
0.134245
0.134247
0.134249
0.13425
0.134239
0.134239
0.13424
0.134241
0.134243
0.134246
0.13425
0.134253
0.134255
0.134255
0.134235
0.134236
0.134238
0.134241
0.134245
0.13425
0.134256
0.13426
0.134263
0.134264
0.134231
0.134233
0.134237
0.134242
0.134249
0.134256
0.134264
0.134271
0.134276
0.134279
0.134228
0.13423
0.134236
0.134244
0.134254
0.134265
0.134276
0.134286
0.134294
0.134299
0.134223
0.134227
0.134235
0.134247
0.134261
0.134276
0.134291
0.134304
0.134315
0.134322
0.134215
0.134221
0.134233
0.134249
0.134269
0.13429
0.134309
0.134327
0.13434
0.134349
0.134205
0.134213
0.13423
0.134252
0.134279
0.134306
0.134332
0.134355
0.134372
0.134383
0.134191
0.134203
0.134225
0.134255
0.134291
0.134328
0.134363
0.134393
0.134416
0.134429
0.13424
0.13424
0.134239
0.134238
0.134237
0.134236
0.134235
0.134234
0.134234
0.134233
0.134239
0.134239
0.134239
0.134238
0.134238
0.134237
0.134237
0.134236
0.134236
0.134237
0.134239
0.134239
0.134239
0.134239
0.134239
0.134239
0.134238
0.134238
0.134238
0.134239
0.134238
0.134238
0.134239
0.134239
0.13424
0.13424
0.13424
0.13424
0.134239
0.134239
0.134239
0.134239
0.13424
0.13424
0.134241
0.134242
0.134242
0.134241
0.13424
0.134238
0.13424
0.13424
0.134241
0.134242
0.134243
0.134243
0.134243
0.134241
0.13424
0.134238
0.134241
0.134242
0.134242
0.134243
0.134243
0.134243
0.134242
0.134241
0.13424
0.134239
0.134242
0.134243
0.134243
0.134243
0.134243
0.134242
0.134241
0.13424
0.13424
0.13424
0.134243
0.134243
0.134243
0.134243
0.134242
0.134241
0.13424
0.13424
0.13424
0.134241
0.134243
0.134243
0.134243
0.134241
0.13424
0.13424
0.13424
0.134241
0.134242
0.134243
0.134242
0.134242
0.134241
0.13424
0.13424
0.13424
0.134241
0.134243
0.134245
0.134246
0.13424
0.13424
0.13424
0.13424
0.134241
0.134242
0.134244
0.134246
0.134248
0.134248
0.134236
0.134237
0.134237
0.134239
0.134242
0.134245
0.134248
0.134251
0.134252
0.134252
0.134232
0.134233
0.134235
0.134239
0.134243
0.134248
0.134253
0.134257
0.134259
0.13426
0.134227
0.134229
0.134233
0.134238
0.134245
0.134252
0.13426
0.134266
0.134271
0.134273
0.134222
0.134225
0.134231
0.134239
0.134248
0.134259
0.13427
0.134279
0.134286
0.13429
0.134215
0.134219
0.134227
0.134239
0.134253
0.134267
0.134282
0.134294
0.134304
0.13431
0.134204
0.134211
0.134222
0.134238
0.134257
0.134277
0.134296
0.134313
0.134326
0.134335
0.134189
0.134198
0.134214
0.134236
0.134262
0.134289
0.134314
0.134336
0.134354
0.134366
0.134169
0.134181
0.134202
0.134232
0.134267
0.134303
0.134338
0.134368
0.134391
0.134405
0.134242
0.134242
0.134241
0.134241
0.134239
0.134238
0.134237
0.134236
0.134235
0.134235
0.134242
0.134241
0.134241
0.134241
0.13424
0.134239
0.134238
0.134238
0.134238
0.134238
0.13424
0.13424
0.13424
0.13424
0.13424
0.13424
0.134239
0.134239
0.134239
0.134239
0.134239
0.134239
0.13424
0.13424
0.13424
0.134241
0.13424
0.13424
0.13424
0.134239
0.134239
0.134239
0.13424
0.134241
0.134241
0.134242
0.134242
0.134241
0.13424
0.134238
0.134239
0.13424
0.134241
0.134242
0.134242
0.134243
0.134243
0.134242
0.13424
0.134239
0.13424
0.13424
0.134241
0.134242
0.134243
0.134243
0.134242
0.134242
0.134241
0.134241
0.134241
0.134241
0.134241
0.134242
0.134242
0.134242
0.134241
0.134241
0.134241
0.134242
0.134241
0.134241
0.134241
0.134241
0.13424
0.13424
0.13424
0.134241
0.134242
0.134243
0.134241
0.134241
0.13424
0.13424
0.134239
0.134239
0.13424
0.134241
0.134242
0.134243
0.13424
0.134239
0.134239
0.134239
0.134239
0.13424
0.134241
0.134243
0.134244
0.134244
0.134237
0.134237
0.134237
0.134238
0.134239
0.134241
0.134243
0.134245
0.134246
0.134247
0.134233
0.134233
0.134235
0.134237
0.13424
0.134243
0.134246
0.134249
0.13425
0.13425
0.134228
0.134229
0.134232
0.134235
0.13424
0.134245
0.13425
0.134253
0.134256
0.134257
0.134223
0.134225
0.134229
0.134234
0.13424
0.134248
0.134255
0.134261
0.134265
0.134267
0.134216
0.134219
0.134224
0.134232
0.134242
0.134252
0.134262
0.13427
0.134277
0.13428
0.134206
0.13421
0.134218
0.134229
0.134243
0.134257
0.13427
0.134282
0.134291
0.134297
0.134191
0.134197
0.134209
0.134224
0.134243
0.134262
0.13428
0.134296
0.134308
0.134316
0.134171
0.134179
0.134195
0.134216
0.134241
0.134267
0.134292
0.134313
0.13433
0.134341
0.134143
0.134154
0.134176
0.134204
0.134238
0.134274
0.134307
0.134336
0.134358
0.134372
0.134244
0.134244
0.134244
0.134243
0.134242
0.13424
0.134239
0.134238
0.134237
0.134237
0.134244
0.134244
0.134243
0.134243
0.134242
0.134241
0.13424
0.134239
0.134239
0.134239
0.134242
0.134242
0.134242
0.134242
0.134241
0.134241
0.13424
0.13424
0.13424
0.13424
0.134241
0.134241
0.134241
0.134241
0.134241
0.134241
0.134241
0.134241
0.13424
0.134239
0.13424
0.13424
0.13424
0.134241
0.134242
0.134242
0.134242
0.134241
0.13424
0.134239
0.134239
0.134239
0.13424
0.134241
0.134242
0.134242
0.134243
0.134242
0.134241
0.13424
0.134239
0.134239
0.13424
0.134241
0.134242
0.134242
0.134242
0.134242
0.134242
0.134242
0.134238
0.134239
0.134239
0.13424
0.13424
0.134241
0.134241
0.134242
0.134242
0.134243
0.134238
0.134238
0.134238
0.134239
0.134239
0.134239
0.13424
0.134241
0.134242
0.134242
0.134238
0.134238
0.134237
0.134237
0.134238
0.134238
0.13424
0.134241
0.134241
0.134241
0.134236
0.134236
0.134236
0.134237
0.134237
0.134239
0.134241
0.134242
0.134242
0.134242
0.134234
0.134234
0.134234
0.134236
0.134238
0.13424
0.134242
0.134244
0.134245
0.134245
0.13423
0.13423
0.134232
0.134234
0.134237
0.134241
0.134244
0.134247
0.134249
0.13425
0.134224
0.134226
0.134228
0.134232
0.134237
0.134242
0.134246
0.13425
0.134253
0.134255
0.134218
0.13422
0.134224
0.134229
0.134236
0.134242
0.134249
0.134255
0.13426
0.134262
0.134209
0.134212
0.134218
0.134225
0.134234
0.134244
0.134253
0.134261
0.134268
0.134271
0.134196
0.134201
0.134208
0.134219
0.134231
0.134245
0.134258
0.134269
0.134277
0.134282
0.134178
0.134183
0.134194
0.134209
0.134227
0.134245
0.134262
0.134277
0.134289
0.134296
0.134151
0.134159
0.134174
0.134195
0.134219
0.134244
0.134268
0.134288
0.134304
0.134313
0.134116
0.134127
0.134148
0.134175
0.134208
0.134242
0.134274
0.134302
0.134323
0.134335
0.134246
0.134246
0.134246
0.134245
0.134244
0.134242
0.134241
0.13424
0.134239
0.134239
0.134246
0.134246
0.134246
0.134245
0.134244
0.134242
0.134241
0.13424
0.13424
0.134241
0.134244
0.134244
0.134244
0.134243
0.134243
0.134242
0.134241
0.134241
0.134241
0.134241
0.134242
0.134242
0.134242
0.134242
0.134242
0.134242
0.134242
0.134241
0.134241
0.13424
0.13424
0.13424
0.134241
0.134241
0.134242
0.134242
0.134242
0.134242
0.134241
0.13424
0.134238
0.134239
0.134239
0.13424
0.134241
0.134242
0.134243
0.134243
0.134242
0.134242
0.134237
0.134237
0.134238
0.134239
0.13424
0.134241
0.134242
0.134243
0.134243
0.134243
0.134236
0.134236
0.134237
0.134238
0.134239
0.13424
0.134241
0.134241
0.134242
0.134242
0.134235
0.134235
0.134236
0.134236
0.134237
0.134238
0.134239
0.13424
0.13424
0.13424
0.134234
0.134234
0.134235
0.134235
0.134236
0.134237
0.134239
0.13424
0.13424
0.134238
0.134233
0.134233
0.134233
0.134234
0.134236
0.134238
0.13424
0.134241
0.134241
0.13424
0.13423
0.134231
0.134232
0.134234
0.134236
0.134239
0.134241
0.134243
0.134244
0.134245
0.134226
0.134227
0.134229
0.134232
0.134236
0.134239
0.134242
0.134245
0.134248
0.13425
0.134221
0.134223
0.134226
0.134229
0.134234
0.134238
0.134243
0.134247
0.134251
0.134254
0.134214
0.134216
0.13422
0.134225
0.134231
0.134237
0.134244
0.13425
0.134255
0.134259
0.134203
0.134206
0.134211
0.134218
0.134226
0.134235
0.134245
0.134253
0.134259
0.134263
0.134187
0.134191
0.134198
0.134208
0.13422
0.134233
0.134245
0.134256
0.134264
0.134269
0.134164
0.134169
0.13418
0.134194
0.134211
0.134229
0.134245
0.134259
0.13427
0.134277
0.134133
0.13414
0.134155
0.134175
0.134198
0.134222
0.134244
0.134264
0.134279
0.134287
0.134091
0.134102
0.134122
0.134148
0.134179
0.134212
0.134243
0.13427
0.13429
0.134301
0.134248
0.134248
0.134247
0.134246
0.134245
0.134244
0.134242
0.134241
0.13424
0.13424
0.134248
0.134248
0.134247
0.134246
0.134245
0.134243
0.134242
0.134241
0.134241
0.134242
0.134246
0.134246
0.134245
0.134245
0.134244
0.134243
0.134242
0.134242
0.134242
0.134242
0.134243
0.134243
0.134243
0.134243
0.134243
0.134243
0.134242
0.134242
0.134242
0.134241
0.134241
0.13424
0.134241
0.134241
0.134242
0.134243
0.134243
0.134243
0.134243
0.134242
0.134238
0.134238
0.134239
0.13424
0.134241
0.134242
0.134243
0.134243
0.134243
0.134243
0.134236
0.134236
0.134237
0.134238
0.134239
0.134241
0.134242
0.134243
0.134243
0.134243
0.134234
0.134234
0.134235
0.134236
0.134237
0.134239
0.13424
0.134241
0.134241
0.13424
0.134232
0.134233
0.134233
0.134234
0.134236
0.134237
0.134238
0.134239
0.134239
0.134237
0.134231
0.134232
0.134232
0.134233
0.134235
0.134237
0.134238
0.134239
0.134238
0.134236
0.13423
0.13423
0.134231
0.134233
0.134235
0.134237
0.134239
0.13424
0.13424
0.134239
0.134228
0.134228
0.13423
0.134232
0.134235
0.134238
0.13424
0.134242
0.134243
0.134245
0.134224
0.134225
0.134228
0.134231
0.134234
0.134237
0.134241
0.134244
0.134247
0.13425
0.134219
0.13422
0.134223
0.134227
0.134231
0.134235
0.13424
0.134245
0.13425
0.134254
0.13421
0.134213
0.134216
0.13422
0.134226
0.134232
0.134239
0.134246
0.134251
0.134256
0.134197
0.1342
0.134204
0.134211
0.134219
0.134228
0.134237
0.134245
0.134252
0.134257
0.134178
0.134182
0.134188
0.134198
0.13421
0.134223
0.134234
0.134244
0.134252
0.134257
0.134152
0.134157
0.134167
0.134181
0.134198
0.134214
0.13423
0.134244
0.134254
0.13426
0.134116
0.134124
0.134139
0.134158
0.13418
0.134203
0.134224
0.134243
0.134258
0.134266
0.13407
0.134081
0.1341
0.134125
0.134155
0.134186
0.134217
0.134243
0.134263
0.134275
0.134249
0.134249
0.134248
0.134247
0.134246
0.134244
0.134243
0.134242
0.134241
0.134241
0.134249
0.134249
0.134248
0.134247
0.134245
0.134244
0.134243
0.134242
0.134242
0.134242
0.134247
0.134247
0.134246
0.134245
0.134244
0.134243
0.134243
0.134242
0.134242
0.134243
0.134244
0.134244
0.134244
0.134243
0.134243
0.134243
0.134243
0.134243
0.134243
0.134243
0.134241
0.134241
0.134241
0.134241
0.134242
0.134243
0.134243
0.134244
0.134244
0.134243
0.134237
0.134237
0.134238
0.134239
0.134241
0.134242
0.134243
0.134243
0.134244
0.134244
0.134234
0.134235
0.134236
0.134237
0.134239
0.13424
0.134241
0.134242
0.134243
0.134243
0.134232
0.134232
0.134233
0.134235
0.134236
0.134238
0.134239
0.13424
0.13424
0.134238
0.13423
0.134231
0.134232
0.134233
0.134235
0.134236
0.134238
0.134238
0.134237
0.134234
0.134229
0.13423
0.134231
0.134232
0.134234
0.134236
0.134237
0.134238
0.134237
0.134234
0.134228
0.134229
0.13423
0.134232
0.134234
0.134237
0.134238
0.134239
0.134239
0.134239
0.134226
0.134227
0.134229
0.134232
0.134234
0.134237
0.134239
0.134241
0.134243
0.134245
0.134223
0.134224
0.134227
0.13423
0.134233
0.134236
0.134239
0.134243
0.134247
0.13425
0.134217
0.134219
0.134222
0.134225
0.134229
0.134233
0.134238
0.134243
0.134249
0.134253
0.134208
0.13421
0.134213
0.134217
0.134222
0.134229
0.134236
0.134242
0.134249
0.134254
0.134193
0.134195
0.134199
0.134206
0.134214
0.134223
0.134232
0.13424
0.134247
0.134252
0.134171
0.134174
0.134181
0.134191
0.134203
0.134215
0.134226
0.134236
0.134244
0.134248
0.134142
0.134148
0.134158
0.134172
0.134188
0.134204
0.134219
0.134232
0.134242
0.134247
0.134105
0.134113
0.134127
0.134146
0.134167
0.134189
0.13421
0.134229
0.134243
0.134252
0.134055
0.134066
0.134085
0.134109
0.134137
0.134168
0.134198
0.134224
0.134244
0.134258
0.134249
0.134249
0.134249
0.134247
0.134246
0.134244
0.134243
0.134242
0.134242
0.134242
0.134249
0.134249
0.134248
0.134247
0.134246
0.134244
0.134243
0.134242
0.134242
0.134243
0.134247
0.134247
0.134246
0.134246
0.134245
0.134244
0.134243
0.134243
0.134243
0.134243
0.134244
0.134244
0.134244
0.134244
0.134243
0.134243
0.134243
0.134243
0.134243
0.134243
0.134241
0.134241
0.134241
0.134242
0.134242
0.134243
0.134243
0.134244
0.134244
0.134244
0.134237
0.134237
0.134238
0.134239
0.134241
0.134242
0.134243
0.134243
0.134244
0.134244
0.134234
0.134234
0.134235
0.134237
0.134238
0.13424
0.134241
0.134242
0.134242
0.134242
0.134231
0.134232
0.134233
0.134234
0.134236
0.134238
0.134239
0.134239
0.134239
0.134237
0.13423
0.13423
0.134231
0.134233
0.134234
0.134236
0.134237
0.134238
0.134236
0.134233
0.134229
0.134229
0.13423
0.134232
0.134234
0.134236
0.134237
0.134237
0.134236
0.134234
0.134227
0.134228
0.13423
0.134232
0.134234
0.134236
0.134238
0.134239
0.134239
0.134239
0.134225
0.134227
0.134229
0.134231
0.134234
0.134236
0.134239
0.134241
0.134243
0.134245
0.134222
0.134224
0.134226
0.134229
0.134232
0.134235
0.134239
0.134242
0.134246
0.13425
0.134216
0.134218
0.13422
0.134223
0.134227
0.134232
0.134237
0.134242
0.134248
0.134253
0.134206
0.134207
0.13421
0.134215
0.13422
0.134227
0.134234
0.134241
0.134247
0.134253
0.13419
0.134192
0.134196
0.134203
0.134211
0.13422
0.134229
0.134237
0.134244
0.134249
0.134167
0.13417
0.134178
0.134188
0.134199
0.134211
0.134222
0.134232
0.13424
0.134243
0.134138
0.134143
0.134154
0.134168
0.134183
0.134198
0.134214
0.134227
0.134237
0.134242
0.1341
0.134108
0.134122
0.134139
0.13416
0.134181
0.134203
0.134222
0.134236
0.134245
0.134048
0.134059
0.134077
0.1341
0.134128
0.134158
0.134188
0.134214
0.134234
0.134248
)
;

boundaryField
{
    lowerSideWalls
    {
        type            fixedFluxPressure;
        gradient        uniform 0;
        value           nonuniform List<scalar> 
800
(
392.142
392.142
392.142
392.142
392.142
392.142
392.142
392.142
0.1342
0.1342
0.1342
0.134202
0.134205
0.134209
0.134215
0.134222
0.134229
0.134235
0.13424
0.134245
392.142
392.142
392.142
392.142
392.142
392.142
392.142
392.142
0.134201
0.1342
0.134201
0.134202
0.134205
0.13421
0.134215
0.134222
0.134229
0.134235
0.13424
0.134245
392.142
392.142
392.142
392.142
392.142
392.142
392.142
392.142
0.134202
0.134201
0.134201
0.134203
0.134206
0.13421
0.134216
0.134222
0.134229
0.134235
0.13424
0.134244
392.142
392.142
392.142
392.142
392.142
392.142
392.142
392.142
0.134204
0.134202
0.134203
0.134205
0.134208
0.134212
0.134217
0.134223
0.134228
0.134234
0.134238
0.134242
392.142
392.142
392.142
392.142
392.142
392.142
392.142
392.142
0.134206
0.134205
0.134205
0.134207
0.13421
0.134214
0.134218
0.134223
0.134228
0.134233
0.134237
0.13424
392.142
392.142
392.142
392.142
392.142
392.142
392.142
392.142
0.13421
0.134207
0.134208
0.13421
0.134213
0.134216
0.134219
0.134224
0.134228
0.134232
0.134235
0.134238
392.142
392.142
392.142
392.142
392.142
392.142
392.142
392.142
0.134214
0.13421
0.134212
0.134213
0.134216
0.134218
0.134221
0.134224
0.134227
0.134231
0.134234
0.134237
392.142
392.142
392.142
392.142
392.142
392.142
392.142
392.142
0.134263
0.134213
0.134215
0.134217
0.134219
0.134221
0.134223
0.134225
0.134228
0.13423
0.134233
0.134236
392.142
392.142
392.142
392.142
392.142
392.142
392.142
392.142
0.134216
0.134217
0.134219
0.134221
0.134223
0.134224
0.134225
0.134226
0.134228
0.134231
0.134233
0.134235
392.142
392.142
392.142
392.142
392.142
392.142
392.142
392.142
0.134218
0.134219
0.134222
0.134225
0.134227
0.134228
0.134227
0.134228
0.134229
0.134232
0.134234
0.134236
392.142
392.142
392.142
392.142
392.142
392.142
392.142
392.142
0.134226
0.134226
0.134226
0.134225
0.134225
0.134226
0.134227
0.13423
0.134234
0.134239
0.134244
0.134247
392.142
392.142
392.142
392.142
392.142
392.142
392.142
392.142
0.134227
0.134226
0.134226
0.134226
0.134226
0.134226
0.134228
0.13423
0.134234
0.134239
0.134244
0.134247
392.142
392.142
392.142
392.142
392.142
392.142
392.142
392.142
0.134229
0.134228
0.134227
0.134227
0.134227
0.134227
0.134228
0.134231
0.134235
0.134239
0.134244
0.134247
392.142
392.142
392.142
392.142
392.142
392.142
392.142
392.142
0.13423
0.134229
0.134229
0.134228
0.134228
0.134229
0.13423
0.134232
0.134235
0.134239
0.134243
0.134246
392.142
392.142
392.142
392.142
392.142
392.142
392.142
392.142
0.134233
0.134231
0.134231
0.134231
0.13423
0.134231
0.134231
0.134233
0.134236
0.134239
0.134243
0.134245
392.142
392.142
392.142
392.142
392.142
392.142
392.142
392.142
0.134236
0.134234
0.134234
0.134233
0.134233
0.134233
0.134234
0.134235
0.134237
0.13424
0.134242
0.134244
392.142
392.142
392.142
392.142
392.142
392.142
392.142
392.142
0.13424
0.134237
0.134236
0.134236
0.134236
0.134236
0.134236
0.134238
0.134239
0.134241
0.134242
0.134243
392.142
392.142
392.142
392.142
392.142
392.142
392.142
392.142
0.134283
0.134241
0.134239
0.134239
0.134238
0.134239
0.13424
0.13424
0.134241
0.134242
0.134242
0.134242
392.142
392.142
392.142
392.142
392.142
392.142
392.142
392.142
0.134241
0.134244
0.134243
0.134242
0.134242
0.134242
0.134243
0.134244
0.134244
0.134243
0.134241
0.134241
392.142
392.142
392.142
392.142
392.142
392.142
392.142
392.142
0.134237
0.13424
0.134242
0.134242
0.134243
0.134245
0.134247
0.134248
0.134247
0.134244
0.134242
0.134241
392.142
392.142
392.142
392.142
392.142
392.142
392.142
392.142
0.1342
0.1342
0.1342
0.134202
0.134205
0.134209
0.134215
0.134222
0.134229
0.134235
0.13424
0.134245
392.142
392.142
392.142
392.142
392.142
392.142
392.142
392.142
0.134201
0.134199
0.1342
0.134202
0.134205
0.134209
0.134215
0.134222
0.134229
0.134235
0.134241
0.134245
392.142
392.142
392.142
392.142
392.142
392.142
392.142
392.142
0.134201
0.1342
0.1342
0.134202
0.134205
0.134209
0.134215
0.134222
0.134229
0.134236
0.134241
0.134245
392.142
392.142
392.142
392.142
392.142
392.142
392.142
392.142
0.134202
0.134201
0.134201
0.134202
0.134205
0.134209
0.134216
0.134223
0.13423
0.134236
0.13424
0.134244
392.142
392.142
392.142
392.142
392.142
392.142
392.142
392.142
0.134203
0.134202
0.134202
0.134203
0.134205
0.13421
0.134216
0.134223
0.13423
0.134236
0.13424
0.134242
392.142
392.142
392.142
392.142
392.142
392.142
392.142
392.142
0.134205
0.134204
0.134203
0.134204
0.134206
0.13421
0.134216
0.134223
0.13423
0.134235
0.134239
0.134241
392.142
392.142
392.142
392.142
392.142
392.142
392.142
392.142
0.134208
0.134206
0.134205
0.134205
0.134207
0.134211
0.134217
0.134224
0.13423
0.134235
0.134238
0.13424
392.142
392.142
392.142
392.142
392.142
392.142
392.142
392.142
0.13421
0.134209
0.134207
0.134207
0.134208
0.134212
0.134218
0.134224
0.134231
0.134235
0.134238
0.134239
392.142
392.142
392.142
392.142
392.142
392.142
392.142
392.142
0.134214
0.134212
0.13421
0.134209
0.134209
0.134213
0.134218
0.134225
0.134231
0.134235
0.134237
0.134238
392.142
392.142
392.142
392.142
392.142
392.142
392.142
392.142
0.134217
0.134215
0.134213
0.134211
0.134211
0.134214
0.134219
0.134226
0.134231
0.134235
0.134237
0.134237
392.142
392.142
392.142
392.142
392.142
392.142
392.142
392.142
0.13422
0.134218
0.134215
0.134213
0.134213
0.134215
0.13422
0.134226
0.134232
0.134236
0.134237
0.134238
392.142
392.142
392.142
392.142
392.142
392.142
392.142
392.142
0.134222
0.13422
0.134217
0.134215
0.134215
0.134217
0.134221
0.134227
0.134232
0.134236
0.134238
0.134238
392.142
392.142
392.142
392.142
392.142
392.142
392.142
392.142
0.134224
0.134222
0.13422
0.134217
0.134216
0.134218
0.134222
0.134228
0.134233
0.134237
0.134239
0.134239
392.142
392.142
392.142
392.142
392.142
392.142
392.142
392.142
0.134225
0.134224
0.134221
0.134219
0.134218
0.13422
0.134224
0.134228
0.134233
0.134237
0.134239
0.13424
392.142
392.142
392.142
392.142
392.142
392.142
392.142
392.142
0.134226
0.134225
0.134223
0.134221
0.13422
0.134222
0.134225
0.134229
0.134233
0.134237
0.13424
0.134242
392.142
392.142
392.142
392.142
392.142
392.142
392.142
392.142
0.134226
0.134225
0.134224
0.134222
0.134222
0.134223
0.134226
0.134229
0.134234
0.134238
0.134241
0.134243
392.142
392.142
392.142
392.142
392.142
392.142
392.142
392.142
0.134227
0.134225
0.134224
0.134223
0.134223
0.134224
0.134226
0.13423
0.134234
0.134238
0.134242
0.134245
392.142
392.142
392.142
392.142
392.142
392.142
392.142
392.142
0.134227
0.134226
0.134225
0.134224
0.134224
0.134225
0.134227
0.13423
0.134234
0.134238
0.134243
0.134246
392.142
392.142
392.142
392.142
392.142
392.142
392.142
392.142
0.134226
0.134226
0.134225
0.134225
0.134225
0.134226
0.134227
0.13423
0.134234
0.134239
0.134243
0.134247
392.142
392.142
392.142
392.142
392.142
392.142
392.142
392.142
0.134226
0.134226
0.134226
0.134225
0.134225
0.134226
0.134227
0.13423
0.134234
0.134239
0.134244
0.134247
)
;
    }
    upperSideWalls
    {
        type            fixedFluxPressure;
        gradient        uniform 0;
        value           nonuniform List<scalar> 
800
(
0.134247
0.134248
0.134247
0.134244
0.134239
0.134233
0.134226
0.134221
0.134216
0.134213
0.134209
0.134204
0.134197
0.134187
0.134174
0.134156
0.134132
0.134099
0.134055
0.133998
0.134247
0.134248
0.134247
0.134244
0.134239
0.134232
0.134226
0.134221
0.134217
0.134214
0.13421
0.134205
0.134198
0.134189
0.134176
0.134159
0.134136
0.134104
0.134062
0.134007
0.134246
0.134248
0.134247
0.134244
0.134239
0.134233
0.134227
0.134222
0.134219
0.134216
0.134212
0.134207
0.1342
0.134192
0.134181
0.134165
0.134144
0.134114
0.134076
0.134025
0.134245
0.134246
0.134246
0.134243
0.134239
0.134234
0.134229
0.134225
0.134221
0.134218
0.134215
0.13421
0.134204
0.134196
0.134187
0.134174
0.134155
0.134129
0.134094
0.13405
0.134243
0.134244
0.134244
0.134243
0.134239
0.134235
0.134231
0.134227
0.134224
0.134221
0.134218
0.134213
0.134208
0.134202
0.134194
0.134184
0.134167
0.134145
0.134116
0.134079
0.134241
0.134243
0.134243
0.134242
0.134239
0.134236
0.134232
0.13423
0.134227
0.134225
0.134221
0.134217
0.134212
0.134208
0.134202
0.134194
0.134181
0.134162
0.134139
0.134111
0.134239
0.134241
0.134242
0.134241
0.134239
0.134236
0.134234
0.134232
0.13423
0.134228
0.134225
0.134221
0.134217
0.134214
0.13421
0.134203
0.134193
0.134179
0.134161
0.134141
0.134238
0.134239
0.13424
0.13424
0.134239
0.134237
0.134235
0.134234
0.134233
0.134232
0.134228
0.134224
0.134221
0.134219
0.134216
0.134211
0.134203
0.134192
0.134181
0.134167
0.134237
0.134238
0.134239
0.134239
0.134238
0.134236
0.134236
0.134236
0.134236
0.134235
0.134232
0.134227
0.134224
0.134222
0.134221
0.134217
0.13421
0.134203
0.134196
0.134188
0.134237
0.134237
0.134238
0.134238
0.134237
0.134236
0.134236
0.134237
0.134239
0.134238
0.134234
0.134229
0.134225
0.134224
0.134223
0.13422
0.134214
0.134209
0.134205
0.134202
0.134249
0.134249
0.134247
0.134244
0.134241
0.134237
0.134234
0.134231
0.13423
0.134229
0.134227
0.134225
0.134222
0.134216
0.134206
0.13419
0.134167
0.134138
0.1341
0.134048
0.134249
0.134249
0.134247
0.134244
0.134241
0.134237
0.134234
0.134232
0.13423
0.134229
0.134228
0.134227
0.134224
0.134218
0.134207
0.134192
0.13417
0.134143
0.134108
0.134059
0.134249
0.134248
0.134246
0.134244
0.134241
0.134238
0.134235
0.134233
0.134231
0.13423
0.13423
0.134229
0.134226
0.13422
0.13421
0.134196
0.134178
0.134154
0.134122
0.134077
0.134247
0.134247
0.134246
0.134244
0.134242
0.134239
0.134237
0.134234
0.134233
0.134232
0.134232
0.134231
0.134229
0.134223
0.134215
0.134203
0.134188
0.134168
0.134139
0.1341
0.134246
0.134246
0.134245
0.134243
0.134242
0.134241
0.134238
0.134236
0.134234
0.134234
0.134234
0.134234
0.134232
0.134227
0.13422
0.134211
0.134199
0.134183
0.13416
0.134128
0.134244
0.134244
0.134244
0.134243
0.134243
0.134242
0.13424
0.134238
0.134236
0.134236
0.134236
0.134236
0.134235
0.134232
0.134227
0.13422
0.134211
0.134198
0.134181
0.134158
0.134243
0.134243
0.134243
0.134243
0.134243
0.134243
0.134241
0.134239
0.134237
0.134237
0.134238
0.134239
0.134239
0.134237
0.134234
0.134229
0.134222
0.134214
0.134203
0.134188
0.134242
0.134242
0.134243
0.134243
0.134244
0.134243
0.134242
0.134239
0.134238
0.134237
0.134239
0.134241
0.134242
0.134242
0.134241
0.134237
0.134232
0.134227
0.134222
0.134214
0.134242
0.134242
0.134243
0.134243
0.134244
0.134244
0.134242
0.134239
0.134236
0.134236
0.134239
0.134243
0.134246
0.134248
0.134247
0.134244
0.13424
0.134237
0.134236
0.134234
0.134242
0.134243
0.134243
0.134243
0.134244
0.134244
0.134242
0.134237
0.134233
0.134234
0.134239
0.134245
0.13425
0.134253
0.134253
0.134249
0.134243
0.134242
0.134245
0.134248
0.134247
0.134248
0.134247
0.134244
0.134239
0.134233
0.134226
0.134221
0.134216
0.134213
0.134209
0.134204
0.134197
0.134187
0.134174
0.134156
0.134132
0.134099
0.134055
0.133998
0.134248
0.134249
0.134248
0.134244
0.134239
0.134232
0.134226
0.134221
0.134217
0.134214
0.13421
0.134205
0.134198
0.134189
0.134177
0.13416
0.134137
0.134105
0.134063
0.134008
0.134247
0.134248
0.134247
0.134244
0.134239
0.134233
0.134227
0.134222
0.134218
0.134215
0.134212
0.134207
0.134201
0.134193
0.134182
0.134167
0.134146
0.134117
0.134079
0.134028
0.134246
0.134247
0.134246
0.134244
0.134239
0.134234
0.134229
0.134224
0.134221
0.134218
0.134214
0.13421
0.134205
0.134198
0.134189
0.134176
0.134158
0.134133
0.1341
0.134056
0.134244
0.134245
0.134245
0.134243
0.13424
0.134235
0.134231
0.134227
0.134223
0.134221
0.134218
0.134214
0.13421
0.134204
0.134197
0.134187
0.134173
0.134153
0.134125
0.134088
0.134242
0.134243
0.134243
0.134242
0.13424
0.134237
0.134233
0.134229
0.134227
0.134224
0.134222
0.134219
0.134216
0.134212
0.134206
0.134199
0.134188
0.134173
0.134151
0.134122
0.134241
0.134241
0.134241
0.134241
0.13424
0.134238
0.134235
0.134232
0.13423
0.134228
0.134226
0.134224
0.134222
0.134219
0.134215
0.13421
0.134203
0.134192
0.134176
0.134153
0.134239
0.134239
0.13424
0.13424
0.13424
0.134239
0.134237
0.134235
0.134234
0.134232
0.134231
0.13423
0.134228
0.134226
0.134223
0.13422
0.134215
0.134208
0.134196
0.13418
0.134238
0.134238
0.134238
0.134239
0.13424
0.134239
0.134239
0.134238
0.134237
0.134237
0.134236
0.134235
0.134233
0.134231
0.134229
0.134227
0.134224
0.134219
0.134211
0.1342
0.134237
0.134237
0.134237
0.134238
0.134239
0.13424
0.13424
0.13424
0.134241
0.13424
0.13424
0.134239
0.134237
0.134235
0.134233
0.134232
0.134229
0.134226
0.13422
0.134211
0.134237
0.134236
0.134237
0.134238
0.134239
0.13424
0.134241
0.134242
0.134243
0.134243
0.134243
0.134241
0.134239
0.134237
0.134235
0.134233
0.134231
0.134227
0.134221
0.134213
0.134237
0.134237
0.134237
0.134237
0.134238
0.13424
0.134242
0.134243
0.134244
0.134245
0.134244
0.134242
0.13424
0.134237
0.134234
0.134231
0.134228
0.134223
0.134216
0.134206
0.134239
0.134238
0.134237
0.134238
0.134238
0.13424
0.134242
0.134243
0.134244
0.134245
0.134244
0.134242
0.134239
0.134235
0.134231
0.134228
0.134223
0.134215
0.134205
0.134191
0.13424
0.134239
0.134239
0.134238
0.134239
0.13424
0.134241
0.134242
0.134243
0.134243
0.134242
0.13424
0.134236
0.134232
0.134227
0.134222
0.134215
0.134204
0.134189
0.134169
0.134242
0.134242
0.13424
0.134239
0.134239
0.134239
0.13424
0.134241
0.134241
0.134241
0.13424
0.134237
0.134233
0.134228
0.134223
0.134216
0.134206
0.134191
0.134171
0.134143
0.134244
0.134244
0.134242
0.134241
0.13424
0.134239
0.134239
0.134238
0.134238
0.134238
0.134236
0.134234
0.13423
0.134224
0.134218
0.134209
0.134196
0.134178
0.134151
0.134116
0.134246
0.134246
0.134244
0.134242
0.13424
0.134238
0.134237
0.134236
0.134235
0.134234
0.134233
0.13423
0.134226
0.134221
0.134214
0.134203
0.134187
0.134164
0.134133
0.134091
0.134248
0.134248
0.134246
0.134243
0.134241
0.134238
0.134236
0.134234
0.134232
0.134231
0.13423
0.134228
0.134224
0.134219
0.13421
0.134197
0.134178
0.134152
0.134116
0.13407
0.134249
0.134249
0.134247
0.134244
0.134241
0.134237
0.134234
0.134232
0.13423
0.134229
0.134228
0.134226
0.134223
0.134217
0.134208
0.134193
0.134171
0.134142
0.134105
0.134055
0.134249
0.134249
0.134247
0.134244
0.134241
0.134237
0.134234
0.134231
0.13423
0.134229
0.134227
0.134225
0.134222
0.134216
0.134206
0.13419
0.134167
0.134138
0.1341
0.134048
)
;
    }
    lowerWall
    {
        type            fixedFluxPressure;
        gradient        uniform 0;
        value           nonuniform List<scalar> 
200
(
392.142
392.142
392.142
392.142
392.142
392.142
392.142
392.142
392.142
392.142
392.142
392.142
392.142
392.142
392.142
392.142
392.142
392.142
392.142
392.142
392.142
392.142
392.142
392.142
392.142
392.142
392.142
392.142
392.142
392.142
392.142
392.142
392.142
392.142
392.142
392.142
392.142
392.142
392.142
392.142
392.142
392.142
392.142
392.142
392.142
392.142
392.142
392.142
392.142
392.142
392.142
392.142
392.142
392.142
392.142
392.142
392.142
392.142
392.142
392.142
392.142
392.142
392.142
392.142
392.142
392.142
392.142
392.142
392.142
392.142
392.142
392.142
392.142
392.142
392.142
392.142
392.142
392.142
392.142
392.142
392.142
392.142
392.142
392.142
392.142
392.142
392.142
392.142
392.142
392.142
392.142
392.142
392.142
392.142
392.142
392.142
392.142
392.142
392.142
392.142
392.142
392.142
392.142
392.142
392.142
392.142
392.142
392.142
392.142
392.142
392.142
392.142
392.142
392.142
392.142
392.142
392.142
392.142
392.142
392.142
392.142
392.142
392.142
392.142
392.142
392.142
392.142
392.141
392.141
392.141
392.141
392.142
392.142
392.142
392.142
392.142
392.142
392.142
392.142
392.142
392.142
392.142
392.142
392.142
392.142
392.142
392.141
392.141
392.141
392.141
392.141
392.141
392.142
392.142
392.142
392.142
392.142
392.142
392.142
392.142
392.142
392.142
392.142
392.142
392.142
392.141
392.141
392.141
392.141
392.141
392.141
392.141
392.141
392.142
392.142
392.142
392.142
392.142
392.142
392.142
392.142
392.142
392.142
392.141
392.141
392.141
392.141
392.141
392.141
392.141
392.141
392.141
392.141
392.142
392.142
392.142
392.142
392.142
392.142
392.142
)
;
    }
    atmosphere
    {
        type            totalPressure;
        rho             rho;
        psi             none;
        gamma           1;
        p0              nonuniform List<scalar> 0();
        value           nonuniform List<scalar> 0();
    }
    procBoundary0to1
    {
        type            processor;
        value           nonuniform List<scalar> 
800
(
392.142
392.142
392.142
392.142
392.142
392.142
392.142
392.142
0.134361
0.134222
0.134225
0.134228
0.13423
0.134231
0.134231
0.134231
0.134232
0.134233
0.134235
0.134236
392.142
392.142
392.142
392.142
392.142
392.142
392.142
392.142
0.134268
0.134224
0.134226
0.134229
0.13423
0.13423
0.13423
0.13423
0.134231
0.134233
0.134235
0.134236
392.142
392.142
392.142
392.142
392.142
392.142
392.142
392.142
0.134258
0.134226
0.134228
0.134229
0.13423
0.13423
0.134229
0.13423
0.134231
0.134233
0.134235
0.134236
392.142
392.142
392.142
392.142
392.142
392.142
392.142
392.142
0.134254
0.134229
0.13423
0.13423
0.13423
0.134229
0.134228
0.134229
0.134231
0.134233
0.134235
0.134236
392.142
392.142
392.142
392.142
392.142
392.142
392.142
392.142
0.134258
0.134232
0.134232
0.134231
0.13423
0.134228
0.134228
0.134228
0.13423
0.134233
0.134235
0.134236
392.141
392.142
392.142
392.142
392.142
392.142
392.142
392.142
0.134264
0.134236
0.134235
0.134233
0.13423
0.134228
0.134227
0.134228
0.13423
0.134232
0.134234
0.134235
392.141
392.142
392.142
392.142
392.142
392.142
392.142
392.142
0.13427
0.13424
0.134238
0.134235
0.134231
0.134229
0.134228
0.134228
0.13423
0.134231
0.134233
0.134234
392.141
392.142
392.142
392.142
392.142
392.142
392.142
392.142
0.134275
0.134245
0.134241
0.134237
0.134233
0.13423
0.134229
0.134229
0.134229
0.13423
0.134231
0.134232
392.141
392.142
392.142
392.142
392.142
392.142
392.142
392.142
0.134279
0.134248
0.134245
0.13424
0.134236
0.134232
0.13423
0.13423
0.134229
0.134229
0.134229
0.13423
392.141
392.142
392.142
392.142
392.142
392.142
392.142
392.142
0.134282
0.134251
0.134248
0.134243
0.134239
0.134235
0.134233
0.134231
0.134229
0.134228
0.134228
0.134228
392.141
392.142
392.142
392.142
392.142
392.142
392.142
392.142
0.134285
0.134254
0.13425
0.134246
0.134242
0.134238
0.134235
0.134232
0.13423
0.134228
0.134227
0.134227
392.141
392.142
392.142
392.142
392.142
392.142
392.142
392.142
0.134288
0.134255
0.134252
0.134248
0.134244
0.134241
0.134237
0.134234
0.134231
0.134229
0.134227
0.134227
392.142
392.142
392.142
392.142
392.142
392.142
392.142
392.142
0.134289
0.134256
0.134253
0.134249
0.134246
0.134243
0.13424
0.134237
0.134233
0.13423
0.134228
0.134228
392.142
392.142
392.142
392.142
392.142
392.142
392.142
392.142
0.13429
0.134255
0.134253
0.13425
0.134248
0.134245
0.134242
0.134239
0.134236
0.134232
0.13423
0.13423
392.142
392.142
392.142
392.142
392.142
392.142
392.142
392.142
0.134291
0.134255
0.134253
0.13425
0.134248
0.134246
0.134245
0.134242
0.134239
0.134235
0.134233
0.134233
392.142
392.142
392.142
392.142
392.142
392.142
392.142
392.142
0.13429
0.134253
0.134252
0.13425
0.134248
0.134247
0.134246
0.134245
0.134242
0.134238
0.134236
0.134236
392.142
392.142
392.142
392.142
392.142
392.142
392.142
392.142
0.134284
0.134252
0.13425
0.134249
0.134248
0.134248
0.134248
0.134247
0.134245
0.134241
0.134239
0.134238
392.142
392.142
392.142
392.142
392.142
392.142
392.142
392.142
0.134278
0.134252
0.134249
0.134248
0.134247
0.134248
0.134249
0.134249
0.134247
0.134244
0.134241
0.13424
392.142
392.142
392.142
392.142
392.142
392.142
392.142
392.142
0.134307
0.134253
0.134249
0.134247
0.134247
0.134248
0.13425
0.13425
0.134249
0.134245
0.134243
0.134242
392.142
392.142
392.142
392.142
392.142
392.142
392.142
392.142
0.13441
0.134257
0.134252
0.134249
0.134248
0.134249
0.13425
0.134251
0.134249
0.134246
0.134243
0.134243
0.134236
0.134237
0.134237
0.134237
0.134236
0.134235
0.134235
0.134237
0.134239
0.134238
0.134235
0.13423
0.134226
0.134224
0.134223
0.13422
0.134215
0.134211
0.134207
0.134202
0.134236
0.134237
0.134237
0.134236
0.134235
0.134234
0.134234
0.134236
0.134239
0.134239
0.134236
0.134231
0.134227
0.134226
0.134226
0.134223
0.13422
0.134218
0.134218
0.134217
0.134237
0.134237
0.134237
0.134236
0.134234
0.134232
0.134232
0.134235
0.134239
0.13424
0.134237
0.134233
0.134231
0.134231
0.134231
0.134231
0.13423
0.134231
0.134235
0.13424
0.134237
0.134237
0.134236
0.134234
0.134231
0.134229
0.13423
0.134234
0.134238
0.13424
0.134238
0.134236
0.134235
0.134237
0.134239
0.134241
0.134244
0.134249
0.134256
0.134266
0.134237
0.134237
0.134236
0.134233
0.13423
0.134228
0.134229
0.134233
0.134237
0.13424
0.134239
0.134239
0.13424
0.134245
0.13425
0.134255
0.134262
0.13427
0.134283
0.1343
0.134236
0.134236
0.134235
0.134232
0.134229
0.134227
0.134228
0.134232
0.134236
0.134239
0.13424
0.134242
0.134246
0.134253
0.134261
0.13427
0.13428
0.134293
0.134313
0.134342
0.134235
0.134235
0.134234
0.134232
0.134229
0.134227
0.134228
0.134231
0.134234
0.134237
0.13424
0.134244
0.134252
0.134262
0.134273
0.134285
0.134297
0.134314
0.134341
0.134383
0.134233
0.134234
0.134234
0.134232
0.13423
0.134229
0.134229
0.134231
0.134233
0.134235
0.13424
0.134247
0.134257
0.134269
0.134282
0.134297
0.134313
0.134332
0.134363
0.134413
0.134232
0.134233
0.134234
0.134233
0.134232
0.134231
0.134231
0.134231
0.134232
0.134234
0.134241
0.13425
0.13426
0.134273
0.134288
0.134305
0.134325
0.134347
0.13438
0.134432
0.13423
0.134233
0.134234
0.134235
0.134234
0.134233
0.134232
0.134231
0.134232
0.134235
0.134242
0.134251
0.134262
0.134274
0.13429
0.13431
0.134332
0.134358
0.134393
0.134445
0.13423
0.134233
0.134235
0.134236
0.134236
0.134235
0.134233
0.134232
0.134233
0.134237
0.134244
0.134252
0.134261
0.134272
0.134289
0.13431
0.134334
0.134362
0.1344
0.134453
0.13423
0.134234
0.134237
0.134238
0.134237
0.134236
0.134235
0.134234
0.134236
0.13424
0.134246
0.134252
0.134259
0.134269
0.134285
0.134306
0.13433
0.134359
0.134397
0.134452
0.134231
0.134235
0.134238
0.134238
0.134237
0.134236
0.134236
0.134237
0.134239
0.134243
0.134247
0.134251
0.134256
0.134264
0.134279
0.134299
0.134322
0.134349
0.134385
0.134435
0.134233
0.134237
0.134239
0.134238
0.134237
0.134237
0.134238
0.13424
0.134242
0.134244
0.134246
0.134249
0.134253
0.13426
0.134273
0.13429
0.134311
0.134335
0.134366
0.134406
0.134235
0.134238
0.134239
0.134238
0.134237
0.134238
0.13424
0.134242
0.134243
0.134243
0.134245
0.134247
0.13425
0.134257
0.134268
0.134281
0.134298
0.134318
0.134342
0.134372
0.134238
0.13424
0.13424
0.134239
0.134238
0.134239
0.134241
0.134242
0.134242
0.134241
0.134242
0.134245
0.13425
0.134256
0.134263
0.134272
0.134284
0.134298
0.134316
0.134338
0.13424
0.134241
0.134241
0.13424
0.134239
0.134241
0.134242
0.134242
0.134239
0.134238
0.13424
0.134245
0.13425
0.134255
0.13426
0.134265
0.13427
0.134278
0.13429
0.134306
0.134241
0.134242
0.134242
0.134241
0.134241
0.134242
0.134242
0.134239
0.134236
0.134235
0.134238
0.134245
0.13425
0.134255
0.134258
0.134259
0.134259
0.134261
0.134268
0.134279
0.134242
0.134243
0.134243
0.134242
0.134242
0.134243
0.134241
0.134237
0.134233
0.134233
0.134238
0.134245
0.134251
0.134255
0.134256
0.134254
0.13425
0.134249
0.134254
0.13426
0.134243
0.134244
0.134243
0.134243
0.134243
0.134243
0.134241
0.134236
0.134232
0.134233
0.134238
0.134245
0.134251
0.134254
0.134255
0.134251
0.134246
0.134244
0.134248
0.134251
)
;
    }
    procBoundary0to2
    {
        type            processor;
        value           nonuniform List<scalar> 
200
(
0.133922
0.133935
0.133959
0.133993
0.134033
0.134075
0.134116
0.134151
0.134177
0.134191
0.133936
0.133949
0.133973
0.134007
0.134047
0.13409
0.134131
0.134167
0.134195
0.134212
0.133961
0.133974
0.133999
0.134033
0.134074
0.134118
0.13416
0.134196
0.134223
0.134242
0.133996
0.134009
0.134035
0.13407
0.134112
0.134157
0.134199
0.134236
0.134263
0.134278
0.134038
0.134051
0.134077
0.134113
0.134156
0.134202
0.134247
0.134284
0.134312
0.134325
0.134081
0.134095
0.134122
0.134159
0.134204
0.134251
0.134296
0.134336
0.134365
0.134381
0.134123
0.134137
0.134165
0.134203
0.134249
0.134298
0.134345
0.134385
0.134415
0.134435
0.134159
0.134174
0.134202
0.134242
0.134289
0.134339
0.134386
0.134427
0.134457
0.134477
0.134186
0.134201
0.134231
0.134271
0.134319
0.13437
0.134418
0.134458
0.134488
0.134504
0.134202
0.134217
0.134247
0.134289
0.134337
0.134388
0.134436
0.134478
0.134507
0.134522
0.134205
0.134221
0.134251
0.134292
0.13434
0.134391
0.13444
0.134482
0.134513
0.13453
0.134195
0.134211
0.134241
0.134282
0.13433
0.13438
0.134429
0.134471
0.134503
0.134523
0.134174
0.134189
0.134219
0.134259
0.134307
0.134357
0.134405
0.134446
0.134477
0.134497
0.134144
0.134159
0.134188
0.134227
0.134274
0.134323
0.13437
0.134409
0.134439
0.134457
0.134108
0.134123
0.134151
0.134189
0.134234
0.134282
0.134328
0.134367
0.134395
0.134411
0.134071
0.134085
0.134112
0.134149
0.134193
0.134239
0.134283
0.134321
0.13435
0.134365
0.134036
0.13405
0.134076
0.134112
0.134154
0.134198
0.134241
0.134278
0.134306
0.134322
0.134006
0.13402
0.134046
0.13408
0.134121
0.134164
0.134206
0.134242
0.134268
0.134285
0.133985
0.133999
0.134025
0.134058
0.134097
0.13414
0.134181
0.134216
0.134242
0.134258
0.133975
0.133988
0.134013
0.134046
0.134085
0.134127
0.134168
0.134202
0.134229
0.134245
)
;
    }
}


// ************************************************************************* //
