/*--------------------------------*- C++ -*----------------------------------*\
| =========                 |                                                 |
| \\      /  F ield         | OpenFOAM: The Open Source CFD Toolbox           |
|  \\    /   O peration     | Version:  2312                                  |
|   \\  /    A nd           | Website:  www.openfoam.com                      |
|    \\/     M anipulation  |                                                 |
\*---------------------------------------------------------------------------*/
FoamFile
{
    version     2.0;
    format      ascii;
    arch        "LSB;label=32;scalar=64";
    class       volScalarField;
    location    "0.165";
    object      p;
}
// * * * * * * * * * * * * * * * * * * * * * * * * * * * * * * * * * * * * * //

dimensions      [1 -1 -2 0 0 0 0];

internalField   nonuniform List<scalar> 
8000
(
341.531
340.212
337.675
334.125
329.876
325.34
320.995
317.321
314.708
313.389
294.879
293.613
291.174
287.757
283.657
279.268
275.052
271.476
268.926
267.635
250.123
248.948
246.678
243.488
239.643
235.501
231.492
228.065
225.603
224.349
207.277
206.245
204.246
201.422
197.996
194.276
190.641
187.504
185.232
184.071
166.177
165.351
163.745
161.461
158.668
155.605
152.584
149.957
148.049
147.078
126.274
125.712
124.614
123.039
121.089
118.928
116.779
114.906
113.559
112.892
87.7548
87.5267
87.0638
86.3683
85.4684
84.4392
83.4082
82.5307
81.9381
81.6736
49.5541
49.7298
50.0436
50.4289
50.816
51.1749
51.5194
51.8731
52.2149
52.4395
15.1436
15.4678
16.0933
16.9549
17.9291
18.9446
19.9941
21.0999
22.1759
22.7786
-0.182267
-0.122736
0.00753665
0.214834
0.513448
0.886683
1.34155
2.01244
2.93747
3.69339
-0.73123
-0.732482
-0.731048
-0.731023
-0.722313
-0.70267
-0.673847
-0.60714
-0.467843
-0.316429
-0.777029
-0.778928
-0.778904
-0.780131
-0.781808
-0.784745
-0.796422
-0.806936
-0.806026
-0.79797
-0.824664
-0.827339
-0.829947
-0.834042
-0.839817
-0.85009
-0.868371
-0.889616
-0.907279
-0.922938
-0.868352
-0.870648
-0.873761
-0.87809
-0.88277
-0.887244
-0.892753
-0.899763
-0.907251
-0.914106
-0.907896
-0.909368
-0.911693
-0.914774
-0.91798
-0.92021
-0.920428
-0.918731
-0.91669
-0.915868
-0.945108
-0.945938
-0.947451
-0.949385
-0.951357
-0.952945
-0.953537
-0.952476
-0.950101
-0.94768
-0.980976
-0.981369
-0.982184
-0.98318
-0.984105
-0.984753
-0.984988
-0.984669
-0.983805
-0.982788
-1.01618
-1.01624
-1.01646
-1.01667
-1.01671
-1.01647
-1.0159
-1.01506
-1.01415
-1.0134
-1.05128
-1.05111
-1.05088
-1.05049
-1.04987
-1.04898
-1.04786
-1.0466
-1.04543
-1.04457
-1.08671
-1.08638
-1.08584
-1.08504
-1.08395
-1.08261
-1.08111
-1.07959
-1.07828
-1.07735
340.199
338.725
335.875
331.856
326.989
321.718
316.589
312.185
309.013
307.398
293.601
292.183
289.437
285.556
280.841
275.714
270.698
266.364
263.218
261.6
248.936
247.612
245.043
241.397
236.941
232.055
227.227
223.004
219.891
218.261
206.235
205.063
202.781
199.524
195.511
191.064
186.615
182.669
179.714
178.132
165.343
164.395
162.54
159.871
156.55
152.827
149.053
145.67
143.116
141.742
125.707
125.047
123.75
121.864
119.484
116.777
113.996
111.484
109.594
108.605
87.525
87.2362
86.6448
85.7442
84.5594
83.171
81.728
80.4324
79.4732
78.9954
49.732
49.8957
50.1696
50.4767
50.7619
51.0186
51.2754
51.5478
51.7989
51.9592
15.4715
15.8346
16.491
17.3295
18.2936
19.4937
21.1752
23.2269
24.9128
25.4257
-0.121904
-0.0541785
0.0983438
0.334614
0.636252
1.09977
2.13507
4.01635
6.71104
8.58723
-0.732281
-0.737693
-0.736595
-0.739287
-0.7559
-0.795137
-0.831483
-0.834367
-0.770106
-0.581104
-0.778989
-0.783909
-0.787291
-0.797663
-0.818871
-0.860488
-0.927425
-0.988042
-1.01004
-1.00251
-0.827453
-0.831507
-0.836894
-0.8471
-0.86482
-0.896864
-0.945583
-1.00063
-1.04768
-1.07495
-0.870752
-0.873614
-0.877938
-0.884445
-0.893264
-0.905564
-0.923934
-0.949855
-0.979189
-0.999989
-0.909467
-0.911073
-0.913795
-0.917422
-0.921419
-0.925299
-0.929044
-0.933775
-0.940733
-0.94763
-0.94603
-0.946847
-0.948482
-0.950535
-0.952592
-0.954327
-0.955453
-0.955748
-0.955486
-0.955396
-0.981452
-0.981791
-0.982612
-0.983574
-0.984393
-0.984862
-0.984917
-0.984516
-0.983761
-0.983066
-1.01632
-1.01631
-1.01648
-1.01657
-1.01642
-1.0159
-1.01503
-1.01393
-1.01287
-1.0121
-1.05117
-1.05093
-1.05062
-1.05009
-1.04925
-1.04808
-1.04665
-1.04509
-1.0437
-1.04275
-1.08643
-1.08604
-1.0854
-1.08444
-1.08314
-1.08153
-1.07973
-1.0779
-1.07633
-1.07528
337.636
335.849
332.367
327.385
321.234
314.41
307.592
301.584
297.16
294.885
291.137
289.412
286.043
281.207
275.208
268.509
261.754
255.722
251.198
248.847
246.644
245.02
241.839
237.251
231.514
225.038
218.411
212.369
207.707
205.258
204.216
202.761
199.899
195.741
190.491
184.486
178.241
172.424
167.834
165.437
163.721
162.524
160.155
156.683
152.245
147.095
141.657
136.507
132.423
130.393
124.599
123.74
122.029
119.492
116.197
112.299
108.107
104.069
100.872
99.379
87.0581
86.6408
85.7797
84.4514
82.6603
80.4667
78.0252
75.5824
73.6376
72.841
50.0494
50.1735
50.3565
50.5263
50.6376
50.6409
50.4505
50.0298
49.4887
49.3406
16.1025
16.4977
17.1679
18.0681
19.3914
21.5119
24.0512
25.7915
25.5275
23.9957
0.00958914
0.0990631
0.296428
0.586639
1.16175
2.67211
5.54664
9.46021
11.808
10.8659
-0.731121
-0.73735
-0.730648
-0.743918
-0.78878
-0.840039
-0.860296
-0.826731
-0.17418
1.10603
-0.779346
-0.787694
-0.790831
-0.805566
-0.844425
-0.918787
-0.987946
-1.02919
-1.03867
-0.999015
-0.830369
-0.837203
-0.846233
-0.862749
-0.888999
-0.926648
-0.967569
-1.00456
-1.03266
-1.05061
-0.874122
-0.878208
-0.88493
-0.894989
-0.907929
-0.923027
-0.940358
-0.960418
-0.979858
-0.988789
-0.912014
-0.914026
-0.917946
-0.923164
-0.929027
-0.934991
-0.940763
-0.946833
-0.953423
-0.958261
-0.947734
-0.948677
-0.950918
-0.953735
-0.956578
-0.959016
-0.960751
-0.961729
-0.962323
-0.962803
-0.982432
-0.982781
-0.98384
-0.985063
-0.986055
-0.986531
-0.986417
-0.985776
-0.984967
-0.98438
-1.01668
-1.01662
-1.0168
-1.01687
-1.01658
-1.01581
-1.01461
-1.01314
-1.01179
-1.01091
-1.05106
-1.05074
-1.05033
-1.04963
-1.04852
-1.04697
-1.0451
-1.0431
-1.04134
-1.04019
-1.08599
-1.0855
-1.0847
-1.0835
-1.08186
-1.07979
-1.07749
-1.07514
-1.0731
-1.07174
334.047
331.789
327.343
320.873
312.69
303.34
293.694
284.948
278.433
275.156
287.682
285.492
281.167
274.846
266.8
257.513
247.784
238.774
231.935
228.542
243.418
241.338
237.213
231.148
223.354
214.233
204.479
195.175
187.914
184.085
201.361
199.471
195.708
190.129
182.879
174.274
164.881
155.705
148.507
144.66
161.413
159.83
156.656
151.904
145.649
138.116
129.739
121.442
115.156
112.304
123.007
121.836
119.474
115.891
111.086
105.179
98.4732
91.7648
86.9337
85.2699
86.356
85.733
84.4431
82.4233
79.6031
75.9448
71.553
67.0968
64.1698
63.5589
50.4393
50.4857
50.5307
50.5087
50.2858
49.5414
48.0167
45.9479
44.6827
45.2105
16.9724
17.3477
18.0796
19.4259
21.9078
24.7758
26.2398
25.6774
24.6129
24.432
0.217887
0.338337
0.591733
1.22382
3.23287
7.23609
11.3901
13.4795
12.7231
12.3618
-0.73256
-0.740821
-0.743741
-0.79175
-0.842818
-0.85749
-0.696332
-0.13267
0.801848
1.86516
-0.781116
-0.798578
-0.805962
-0.848071
-0.929469
-0.996525
-1.03448
-1.0294
-1.0086
-0.988723
-0.834837
-0.847787
-0.863077
-0.889941
-0.927572
-0.963491
-0.992522
-1.00728
-1.0043
-0.994461
-0.878812
-0.885087
-0.895336
-0.909266
-0.924752
-0.939131
-0.950927
-0.957482
-0.959323
-0.960619
-0.915405
-0.917987
-0.923501
-0.930562
-0.937912
-0.944246
-0.948837
-0.951757
-0.954012
-0.95559
-0.949937
-0.951018
-0.954034
-0.957702
-0.961119
-0.963526
-0.964546
-0.964383
-0.963922
-0.963719
-0.983667
-0.983992
-0.985325
-0.986762
-0.987698
-0.987738
-0.986866
-0.985364
-0.983999
-0.983406
-1.01709
-1.01693
-1.01709
-1.01704
-1.01643
-1.01508
-1.01313
-1.01085
-1.00889
-1.00798
-1.05085
-1.05039
-1.04981
-1.04883
-1.04726
-1.04505
-1.0424
-1.03953
-1.037
-1.03564
-1.08534
-1.08469
-1.08365
-1.08207
-1.07988
-1.07709
-1.07394
-1.07068
-1.06773
-1.06596
329.745
326.867
321.133
312.628
301.574
288.486
274.451
261.319
251.348
246.216
283.531
280.724
275.111
266.74
255.757
242.548
228.052
214.184
203.433
197.384
239.525
236.831
231.423
223.296
212.511
199.294
184.433
169.916
158.019
148.902
197.893
195.413
190.409
182.826
172.651
159.992
145.534
131.267
118.345
104.308
158.585
156.472
152.177
145.604
136.679
125.415
112.405
99.4321
87.155
74.9439
121.034
119.43
116.148
111.052
103.999
94.9153
84.3248
73.7699
64.13
57.1218
85.4459
84.5364
82.6368
79.5838
75.1069
68.9161
61.465
53.9668
46.553
42.5219
50.8317
50.7755
50.6435
50.283
49.1951
46.6607
42.5711
38.2148
34.6497
34.6205
17.957
18.3251
19.415
21.9136
25.0819
26.3361
25.0923
23.4578
24.0011
28.6352
0.518682
0.647967
1.17269
3.23031
8.18239
13.0132
14.8434
13.9224
13.4411
13.1011
-0.725582
-0.758298
-0.788082
-0.843508
-0.847416
-0.295548
0.24388
-0.259856
-0.326759
-0.360598
-0.783348
-0.821633
-0.843956
-0.930508
-1.00142
-1.04098
-1.02123
-0.997112
-0.948364
-0.911673
-0.840854
-0.866164
-0.889728
-0.928193
-0.965853
-0.997399
-1.00499
-0.973548
-0.94866
-0.924282
-0.883865
-0.894378
-0.908729
-0.925228
-0.940262
-0.950951
-0.949509
-0.941143
-0.933956
-0.925823
-0.918989
-0.922426
-0.929825
-0.9384
-0.945723
-0.950145
-0.950732
-0.948507
-0.943451
-0.939536
-0.952241
-0.953452
-0.9573
-0.961579
-0.964717
-0.965695
-0.964322
-0.961383
-0.958767
-0.957125
-0.984893
-0.985138
-0.986685
-0.988101
-0.98848
-0.987329
-0.984783
-0.981456
-0.978943
-0.978121
-1.0174
-1.01706
-1.01712
-1.01677
-1.01551
-1.0131
-1.00976
-1.00584
-1.00251
-1.00145
-1.05046
-1.04979
-1.04897
-1.04754
-1.04526
-1.04199
-1.03803
-1.03361
-1.02947
-1.02759
-1.08444
-1.08359
-1.08221
-1.08009
-1.07712
-1.07324
-1.0688
-1.06408
-1.05951
-1.05665
325.143
321.526
314.232
303.192
288.393
270.117
249.556
229.027
211.26
199.885
279.078
275.529
268.337
257.367
242.456
223.576
201.614
178.603
155.944
139.543
235.323
231.881
224.874
214.093
199.202
179.891
156.918
131.353
103.809
85.0455
194.118
190.908
184.336
174.142
159.902
141.299
119.231
93.7823
63.2312
28.5293
155.478
152.699
146.969
138
125.331
108.778
89.3171
65.5969
36.3252
7.21234
118.842
116.688
112.207
105.089
94.8493
81.4015
65.8226
45.9761
22.144
5.70931
84.4038
83.1317
80.4199
75.8918
68.8767
59.2284
47.8217
31.6141
13.0901
3.13725
51.1979
51.0376
50.6459
49.529
46.648
41.1916
34.2327
24.6885
10.8368
1.36093
18.9879
19.544
21.5522
24.7838
26.3363
24.6063
22.165
17.1749
2.33053
11.1941
0.899687
1.12167
2.69356
7.22353
12.9799
15.232
14.3032
11.3953
2.80122
0.315321
-0.706035
-0.799386
-0.841771
-0.861007
-0.310288
0.64857
-0.222056
-0.619741
-0.771114
-0.646861
-0.785583
-0.867141
-0.921147
-0.998771
-1.04194
-1.016
-0.994489
-0.902123
-0.856506
-0.774724
-0.851255
-0.899943
-0.928739
-0.964864
-0.99797
-1.00682
-0.96486
-0.895473
-0.866517
-0.839534
-0.888496
-0.907391
-0.924572
-0.940271
-0.951538
-0.947466
-0.932903
-0.914485
-0.902904
-0.88922
-0.921559
-0.926852
-0.936441
-0.945462
-0.950926
-0.950911
-0.945871
-0.935035
-0.930201
-0.923214
-0.954198
-0.955666
-0.960318
-0.964655
-0.966426
-0.964645
-0.959701
-0.95322
-0.950701
-0.948871
-0.985886
-0.986012
-0.987648
-0.988713
-0.987962
-0.984861
-0.979821
-0.97353
-0.969538
-0.969376
-1.01746
-1.01689
-1.01675
-1.01589
-1.01362
-1.00959
-1.00414
-0.997332
-0.990408
-0.990103
-1.04983
-1.04891
-1.04774
-1.0457
-1.0424
-1.03762
-1.03173
-1.02489
-1.01602
-1.01429
-1.08331
-1.0822
-1.0804
-1.07758
-1.07353
-1.06815
-1.06183
-1.05511
-1.04611
-1.0419
320.722
316.315
307.319
293.432
274.23
249.436
219.733
186.654
153.752
132.162
274.789
270.433
261.488
247.526
227.832
201.504
167.831
124.749
76.2611
47.2709
231.244
226.976
218.156
204.227
184.21
156.802
119.612
67.7957
13.8564
15.0335
190.419
186.387
178.005
164.639
145.311
119.104
82.06
33.4225
7.72604
9.10299
152.404
148.864
141.455
129.522
112.192
89.1832
56.3305
16.4254
6.369
7.58586
116.656
113.863
107.955
98.2996
84.1484
65.6945
40.271
9.82262
5.90449
6.79252
83.3593
81.6701
77.9473
71.4487
61.3611
47.7496
28.2548
5.88535
4.88841
4.84925
51.5564
51.3071
50.4576
47.9966
42.5671
34.3009
23.2649
7.89716
3.41186
2.50862
20.068
21.2757
24.1277
26.261
25.1602
22.3166
18.1121
4.06941
0.639778
0.878029
1.36992
2.19982
5.62792
11.4112
14.8722
14.3086
9.88809
0.4763
0.074046
0.307089
-0.67688
-0.837635
-0.865843
-0.702153
0.22336
-0.233218
-0.56878
-0.629655
-0.520028
-0.393816
-0.799793
-0.93469
-0.993104
-1.03866
-1.02238
-0.992691
-0.887389
-0.759431
-0.64148
-0.615857
-0.870958
-0.952094
-0.971632
-0.995185
-1.00674
-0.96475
-0.879965
-0.831578
-0.795422
-0.768613
-0.894299
-0.927496
-0.943245
-0.953076
-0.950958
-0.933508
-0.908278
-0.887758
-0.88133
-0.860802
-0.921943
-0.931328
-0.943171
-0.951128
-0.952748
-0.947252
-0.93281
-0.921698
-0.925645
-0.914962
-0.955132
-0.95736
-0.962812
-0.966605
-0.966161
-0.960928
-0.951929
-0.942082
-0.944225
-0.945845
-0.986491
-0.986539
-0.988144
-0.988614
-0.986359
-0.980848
-0.972585
-0.961119
-0.956446
-0.963616
-1.01723
-1.01641
-1.01604
-1.01457
-1.01104
-1.00496
-0.996819
-0.985756
-0.975817
-0.980245
-1.04899
-1.04779
-1.04626
-1.04351
-1.03899
-1.03231
-1.02417
-1.01494
-1.00351
-1.00074
-1.08205
-1.08065
-1.07838
-1.07475
-1.06944
-1.0622
-1.05377
-1.04516
-1.03392
-1.02409
316.966
311.818
301.196
284.537
260.914
228.751
186.592
136.021
89.0767
77.5805
271.133
266.008
255.343
238.366
213.78
178.377
124.871
58.7059
24.2477
25.6079
227.74
222.663
212
194.769
169.493
131.053
67.8957
13.8557
13.7746
13.885
187.21
182.357
172.077
155.315
130.84
93.3658
33.4246
8.03799
8.50859
8.45064
149.715
145.407
136.204
121.088
99.0138
65.1463
16.4029
7.01594
6.99024
7.19631
114.741
111.296
103.835
91.4659
73.3994
45.5533
9.89538
7.00647
6.52716
6.73716
82.4696
80.3538
75.4613
66.9054
53.6866
31.2798
5.84638
5.88629
5.45803
5.53036
51.9367
51.6029
50.0351
45.9066
38.1959
24.8525
7.85758
3.59171
3.81538
3.76639
21.2486
23.4288
25.8913
25.6983
23.5972
17.6504
4.26344
0.821947
1.53312
1.30374
2.10173
4.21766
9.65954
13.5241
13.9204
11.1456
0.44664
0.161601
0.327445
0.248098
-0.605082
-0.838741
-0.822295
-0.104202
-0.255789
-0.612502
-0.631146
-0.44243
-0.329096
-0.247832
-0.813025
-0.998446
-1.03641
-1.03346
-0.997084
-0.897606
-0.761334
-0.630779
-0.655337
-0.586764
-0.894734
-1.01232
-1.01082
-1.01149
-0.97613
-0.896077
-0.834281
-0.791749
-0.80669
-0.760856
-0.90242
-0.957055
-0.965597
-0.961172
-0.943716
-0.916846
-0.890938
-0.878367
-0.909986
-0.865198
-0.92033
-0.937349
-0.950678
-0.955577
-0.952381
-0.93839
-0.925843
-0.916417
-0.943174
-0.910851
-0.954235
-0.958231
-0.964695
-0.967619
-0.964769
-0.956531
-0.946384
-0.929123
-0.928677
-0.921578
-0.986515
-0.986634
-0.9882
-0.988066
-0.984351
-0.976368
-0.965225
-0.943023
-0.912485
-0.92701
-1.01672
-1.01572
-1.01513
-1.01305
-1.00825
-0.999769
-0.988612
-0.971864
-0.916423
-0.939093
-1.04802
-1.04657
-1.04468
-1.04123
-1.03539
-1.02648
-1.01482
-1.00683
-0.950898
-0.968928
-1.08077
-1.0791
-1.07635
-1.07188
-1.06518
-1.05581
-1.0439
-1.03697
-1.00227
-0.999886
314.272
308.548
296.639
277.823
250.639
210.647
153.449
88.4356
54.3931
70.8088
268.503
262.766
250.686
231.322
202.698
155.364
76.5246
24.3624
30.2747
35.8916
225.199
219.455
207.203
187.296
157.204
102.768
13.7484
13.6609
15.7775
17.9787
184.863
179.308
167.354
147.927
117.521
61.9971
7.56836
8.42984
9.12114
9.07124
147.741
142.769
131.998
114.636
86.3437
35.2355
6.32521
6.97237
7.35171
7.50657
113.346
109.342
100.533
86.4686
63.4842
21.498
5.83135
6.48585
6.60867
6.90444
81.8646
79.3701
73.4619
63.8551
46.0745
13.0012
5.06138
5.56185
5.66887
5.73947
52.313
51.8828
49.4795
44.5862
34.5898
11.5704
3.66715
3.93452
3.94364
3.9569
22.4484
25.2426
25.5967
24.5888
24.1601
3.51166
0.705053
1.26531
0.957837
1.55577
3.15801
7.23056
12.0921
12.8143
13.4329
2.59544
0.109919
0.274598
0.122575
0.308919
-0.449803
-0.752718
-0.0982091
0.823386
-0.344091
-0.726496
-0.513518
-0.309385
-0.0741652
-0.169911
-0.812966
-1.0196
-1.04421
-1.01331
-0.946857
-0.846837
-0.645186
-0.6516
-0.332277
-0.491267
-0.913828
-1.06263
-1.03893
-1.0066
-0.949157
-0.866757
-0.801826
-0.808133
-0.823138
-0.740032
-0.911732
-0.990941
-0.987356
-0.966305
-0.938578
-0.907314
-0.888986
-0.908667
-1.07949
-0.898086
-0.918757
-0.946635
-0.95923
-0.959803
-0.948937
-0.935584
-0.932478
-0.927904
-1.02695
-0.947259
-0.951653
-0.958534
-0.96626
-0.968451
-0.963788
-0.955352
-0.948611
-0.905363
-0.925703
-0.93466
-0.98587
-0.986303
-0.988077
-0.987683
-0.983152
-0.973024
-0.962867
-0.900341
-0.881331
-0.912741
-1.01613
-1.01505
-1.01433
-1.01187
-1.00613
-0.994686
-0.984297
-0.940005
-0.885684
-0.911558
-1.04713
-1.04549
-1.04334
-1.0393
-1.03239
-1.02068
-1.00993
-0.98555
-0.918646
-0.930884
-1.07969
-1.07778
-1.07462
-1.06938
-1.06141
-1.04932
-1.03673
-1.01388
-0.96605
-0.961769
312.881
306.843
294.227
274.31
245.089
198.676
131.046
75.5526
69.5698
58.1407
267.14
261.057
248.194
227.674
196.185
138.202
47.04
25.4717
35.1514
32.5991
223.873
217.731
204.609
183.229
147.615
83.0054
14.8056
13.728
17.7837
19.8509
183.63
177.633
164.821
143.875
102.895
26.6062
9.02279
8.33504
8.97261
9.69296
146.706
141.31
129.847
111.643
73.6607
5.59787
7.42348
7.10172
7.48077
7.72213
112.63
108.282
98.9288
84.6833
55.9628
3.67229
6.20813
6.65047
6.89052
7.07449
81.5798
78.8541
72.6028
63.2532
42.2513
2.61373
4.65102
5.64292
5.81768
5.88764
52.5533
52.0426
49.2836
45.0993
34.6826
0.618333
3.03705
4.03941
4.12832
4.08134
23.1364
25.7739
23.9718
24.3015
29.1182
13.8865
1.28731
1.48044
1.84374
1.91734
4.01745
9.12495
10.9321
12.1033
14.087
0.323391
0.366093
0.244319
0.292179
0.633863
-0.287664
-0.551793
1.11176
1.56543
-0.439278
-0.618452
-0.375231
-0.257209
-0.20733
-0.0205003
-0.803036
-1.00771
-1.00315
-0.999316
-0.915614
-0.762909
-0.627539
-0.572942
-0.495391
-0.396269
-0.932597
-1.08371
-1.0542
-0.999602
-0.925681
-0.842226
-0.781714
-0.759009
-0.729657
-0.643487
-0.920904
-1.01264
-0.996345
-0.967156
-0.932541
-0.898617
-0.881401
-0.877206
-0.903635
-0.80534
-0.919143
-0.955657
-0.965628
-0.963058
-0.947451
-0.935589
-0.938994
-0.933301
-0.967213
-0.885995
-0.949883
-0.959108
-0.967596
-0.969523
-0.964425
-0.959352
-0.963735
-0.938823
-0.939979
-0.908396
-0.985148
-0.985974
-0.988065
-0.98804
-0.984063
-0.977314
-0.975775
-0.937639
-0.911482
-0.90195
-1.01568
-1.01462
-1.01389
-1.01161
-1.00607
-0.996459
-0.98855
-0.956233
-0.910291
-0.901499
-1.04651
-1.0448
-1.04251
-1.03835
-1.03083
-1.01848
-1.00434
-0.982924
-0.931675
-0.916216
-1.07897
-1.07693
-1.07351
-1.06788
-1.0587
-1.04409
-1.02488
-0.997896
-0.961655
-0.944059
312.884
306.84
294.205
274.238
244.934
198.537
130.942
74.4388
67.5257
58.5336
267.142
261.053
248.169
227.589
196.039
138.183
46.8802
24.4081
34.4863
32.6676
223.873
217.724
204.579
183.141
147.466
82.7508
14.0293
13.351
17.3179
19.1405
183.628
177.622
164.79
143.79
102.573
26.2885
8.74476
8.24138
8.81764
9.38791
146.701
141.294
129.81
111.538
73.211
5.38231
7.35167
7.12073
7.45267
7.74845
112.621
108.262
98.8878
84.5803
55.4166
2.58551
5.54134
6.61129
6.86853
7.12521
81.5673
78.83
72.5588
63.2328
42.3863
2.77022
4.82668
5.6661
5.84316
5.9056
52.5358
52.0125
49.2248
45.0324
34.7237
1.10456
3.69697
4.23169
4.2587
4.11916
23.1025
25.671
23.733
24.1012
28.9116
15.2051
1.4707
1.70171
2.11084
2.02892
4.03146
9.09057
10.7448
11.7697
12.9271
0.339644
0.393618
0.276728
0.648209
0.7207
-0.280698
-0.538665
1.21459
1.5583
-0.509658
-0.603473
-0.376588
-0.309951
-0.329684
-0.00278183
-0.803983
-1.00943
-1.0027
-1.00571
-0.92435
-0.756959
-0.62887
-0.585313
-0.571919
-0.415667
-0.932863
-1.08618
-1.05508
-1.00082
-0.926055
-0.840155
-0.781224
-0.74933
-0.723171
-0.65737
-0.920641
-1.0128
-0.996093
-0.966994
-0.932557
-0.898383
-0.881648
-0.877898
-0.886772
-0.819091
-0.918987
-0.955522
-0.965511
-0.963396
-0.948026
-0.937636
-0.942997
-0.947914
-0.979051
-0.904025
-0.949864
-0.959059
-0.967628
-0.969838
-0.965391
-0.962794
-0.969571
-0.963349
-0.95904
-0.922896
-0.985043
-0.985889
-0.988034
-0.988224
-0.984732
-0.979673
-0.97794
-0.960708
-0.92344
-0.911035
-1.01552
-1.01446
-1.01372
-1.01149
-1.00587
-0.996157
-0.98533
-0.960441
-0.915802
-0.905646
-1.04631
-1.04458
-1.04222
-1.03794
-1.02993
-1.01642
-0.999262
-0.970306
-0.930374
-0.918619
-1.07874
-1.07667
-1.07315
-1.06731
-1.05755
-1.04175
-1.0214
-0.992192
-0.958446
-0.946406
314.297
308.571
296.656
277.826
250.624
210.74
153.944
88.5538
53.6446
73.6711
268.525
262.785
250.698
231.315
202.621
155.374
77.4745
23.6413
29.7976
36.8518
225.215
219.467
207.206
187.276
157.026
102.388
13.3865
13.3412
15.3938
17.7715
184.873
179.313
167.352
147.918
117.417
62.138
7.54307
8.42756
9.12574
9.11643
147.743
142.764
131.985
114.622
86.284
35.5274
6.27815
6.98824
7.40862
7.58293
113.338
109.327
100.509
86.4468
63.3717
21.7257
5.68552
6.45243
6.64308
6.96219
81.8453
79.3415
73.417
63.8231
45.9973
12.6209
5.22661
5.7208
5.68432
5.73788
52.2854
51.8448
49.4074
44.476
34.3435
10.8317
3.73383
3.85117
3.88642
3.9272
22.4103
25.1821
25.4117
24.3969
23.88
3.08027
0.653781
1.24256
0.948031
1.5756
3.16325
7.31147
12.0066
12.6799
13.3285
2.59362
0.13428
0.358217
0.0258486
0.201821
-0.448831
-0.751088
-0.0446002
0.87739
-0.34833
-0.69954
-0.507316
-0.309081
-0.185762
-0.248063
-0.815758
-1.02412
-1.04828
-1.0175
-0.952785
-0.840377
-0.65328
-0.610204
-0.346884
-0.51833
-0.915099
-1.06365
-1.04132
-1.00754
-0.949588
-0.862249
-0.795226
-0.7639
-0.623678
-0.729972
-0.911175
-0.989601
-0.986898
-0.965882
-0.937962
-0.904661
-0.884668
-0.885879
-1.02612
-0.895174
-0.918485
-0.945577
-0.958701
-0.959891
-0.949502
-0.937022
-0.938377
-0.948189
-1.05215
-0.960916
-0.951568
-0.958255
-0.9661
-0.968703
-0.965011
-0.959114
-0.959654
-0.950832
-0.978846
-0.946223
-0.985511
-0.98593
-0.987759
-0.98763
-0.983866
-0.976406
-0.969383
-0.945985
-0.924905
-0.917813
-1.01563
-1.0145
-1.01371
-1.01121
-1.00541
-0.994688
-0.980785
-0.952073
-0.910478
-0.906106
-1.04652
-1.0448
-1.04244
-1.03805
-1.03026
-1.01715
-0.999981
-0.970331
-0.922136
-0.919353
-1.07902
-1.07699
-1.07356
-1.06781
-1.05863
-1.04429
-1.02589
-0.998788
-0.952973
-0.947318
317.019
311.875
301.264
284.626
261.053
229.038
187.164
136.879
90.6839
80.9654
271.182
266.061
255.405
238.448
213.897
178.612
125.504
59.2407
23.3753
24.6634
227.78
222.707
212.051
194.841
169.577
131.179
68.3844
13.5664
13.4381
13.4306
187.24
182.389
172.118
155.385
130.944
93.6359
34.2951
8.05064
8.56031
8.53808
149.731
145.424
136.226
121.141
99.1182
65.4624
17.2731
7.04412
7.10165
7.41784
114.74
111.294
103.833
91.4895
73.435
45.6209
10.508
7.07043
6.60495
6.81558
82.4499
80.3274
75.4237
66.8764
53.6596
31.1327
6.30112
5.98805
5.40358
5.4645
51.8999
51.5503
49.9526
45.8033
38.0432
24.3573
7.29339
3.47061
3.79675
3.66272
21.1977
23.3322
25.7303
25.5318
23.4547
17.6127
4.21267
0.978494
1.73844
1.21905
2.07478
4.16109
9.53487
13.4027
13.8188
10.9391
0.343439
0.242097
0.343949
0.190781
-0.611935
-0.841219
-0.829704
-0.128656
-0.266437
-0.612574
-0.63283
-0.421653
-0.373132
-0.290038
-0.815144
-0.999786
-1.03869
-1.03843
-1.00102
-0.898188
-0.77001
-0.623788
-0.653553
-0.600169
-0.894353
-1.01065
-1.01037
-1.01102
-0.977216
-0.895305
-0.832064
-0.779226
-0.786598
-0.764194
-0.901695
-0.954979
-0.964114
-0.960201
-0.942714
-0.915612
-0.889109
-0.873045
-0.894694
-0.868689
-0.920106
-0.936546
-0.94995
-0.955339
-0.953066
-0.939735
-0.929634
-0.925879
-0.949081
-0.91758
-0.953829
-0.957758
-0.964253
-0.967513
-0.965477
-0.958937
-0.952774
-0.946527
-0.949761
-0.924075
-0.985834
-0.985944
-0.987524
-0.987559
-0.984333
-0.977574
-0.968448
-0.953657
-0.939134
-0.91942
-1.01589
-1.01483
-1.0141
-1.01187
-1.00683
-0.998015
-0.985347
-0.966583
-0.938245
-0.922975
-1.04707
-1.04549
-1.04333
-1.03941
-1.03267
-1.02202
-1.00704
-0.986842
-0.950979
-0.940614
-1.07973
-1.0779
-1.07481
-1.06971
-1.06178
-1.05009
-1.03416
-1.01593
-0.978496
-0.970355
320.803
316.404
307.428
293.576
274.435
249.751
220.194
187.241
154.58
132.969
274.864
270.517
261.59
247.66
228.02
201.788
168.187
124.97
76.4171
47.7633
231.309
227.048
218.246
204.346
184.38
157.064
119.954
67.9125
13.4229
14.5801
190.47
186.444
178.079
164.745
145.473
119.376
82.5407
33.8902
7.76054
9.0978
152.436
148.901
141.504
129.597
112.316
89.3968
56.6826
16.7021
6.49973
7.76539
116.666
113.875
107.973
98.3347
84.2205
65.7962
40.3782
9.95927
5.99277
6.80077
83.3452
81.6508
77.9215
71.4265
61.3633
47.7742
28.398
6.21251
4.65697
4.65533
51.52
51.2539
50.3779
47.9037
42.4806
34.151
22.9195
7.35029
3.40063
2.25869
20.024
21.1819
23.9619
26.1045
25.1005
22.3611
18.1949
3.91276
0.608977
0.859767
1.34498
2.13688
5.4513
11.2071
14.8396
14.3047
9.68143
0.436765
0.0386473
0.261031
-0.685257
-0.836848
-0.863955
-0.73397
0.152171
-0.257693
-0.573436
-0.619172
-0.522663
-0.414426
-0.801281
-0.932236
-0.990471
-1.04014
-1.02821
-0.993967
-0.890274
-0.755867
-0.642641
-0.626081
-0.870012
-0.948802
-0.969245
-0.993004
-1.0054
-0.965011
-0.880293
-0.826212
-0.789933
-0.771843
-0.893792
-0.925621
-0.941433
-0.951444
-0.949849
-0.931723
-0.906787
-0.883802
-0.874099
-0.861063
-0.921692
-0.930634
-0.942231
-0.950354
-0.952528
-0.948098
-0.933852
-0.922684
-0.922963
-0.91328
-0.954481
-0.956616
-0.961984
-0.965899
-0.965861
-0.96146
-0.953726
-0.94576
-0.945372
-0.938692
-0.985547
-0.985546
-0.98707
-0.987527
-0.985369
-0.980178
-0.972407
-0.962427
-0.956716
-0.950818
-1.01612
-1.0152
-1.01464
-1.0129
-1.00897
-1.00227
-0.992853
-0.980598
-0.9691
-0.962112
-1.04773
-1.04639
-1.04456
-1.04132
-1.03593
-1.02782
-1.01701
-1.00347
-0.988405
-0.979407
-1.08069
-1.07913
-1.07651
-1.07227
-1.06588
-1.0569
-1.04549
-1.03213
-1.01622
-1.00453
325.248
321.642
314.371
303.368
288.627
270.438
249.987
229.596
212.059
200.905
279.177
275.637
268.468
257.533
242.673
223.871
201.99
179.021
156.6
140.742
235.409
231.977
224.99
214.24
199.397
180.161
157.261
131.742
104.633
86.0464
194.187
190.986
184.431
174.266
160.071
141.541
119.531
94.1264
63.6996
28.1451
155.525
152.752
147.036
138.09
125.453
108.951
89.5095
65.7728
36.483
7.39656
118.863
116.712
112.239
105.136
94.9178
81.5113
65.9248
45.9963
22.2952
6.13715
84.3988
83.124
80.4076
75.8815
68.8792
59.2594
47.8912
31.6673
13.0991
3.47932
51.1682
50.9984
50.5821
49.4474
46.573
41.119
34.0683
24.2138
9.67979
1.56815
18.9531
19.4946
21.4214
24.6018
26.2098
24.569
22.1203
17.1122
1.56642
8.77926
0.883576
1.09992
2.5831
6.95952
12.7602
15.2142
14.2701
11.6017
2.96519
0.317091
-0.713026
-0.799024
-0.83835
-0.865583
-0.375608
0.61423
-0.215098
-0.629764
-0.798899
-0.67438
-0.788024
-0.86461
-0.915094
-0.995914
-1.04618
-1.02152
-1.00039
-0.904887
-0.876226
-0.800442
-0.851061
-0.897082
-0.925766
-0.962336
-0.996795
-1.00735
-0.96718
-0.897301
-0.872027
-0.848356
-0.888289
-0.906081
-0.922897
-0.938525
-0.950026
-0.946175
-0.931445
-0.913647
-0.90268
-0.891989
-0.921082
-0.926068
-0.935326
-0.944278
-0.949995
-0.950564
-0.946562
-0.935044
-0.929141
-0.922914
-0.953317
-0.954685
-0.95918
-0.963469
-0.965371
-0.963944
-0.959493
-0.953212
-0.949375
-0.945161
-0.98474
-0.984789
-0.986275
-0.987207
-0.986359
-0.983233
-0.978191
-0.971882
-0.966698
-0.962356
-1.01613
-1.01545
-1.01509
-1.01395
-1.01126
-1.00666
-1.0004
-0.992759
-0.985275
-0.979807
-1.04834
-1.04728
-1.04583
-1.04335
-1.03935
-1.03354
-1.02613
-1.01733
-1.00792
-1.00155
-1.08173
-1.08047
-1.07835
-1.07501
-1.07013
-1.06353
-1.05545
-1.04624
-1.03593
-1.02897
329.869
327.002
321.292
312.825
301.827
288.818
274.892
261.917
252.187
247.323
283.647
280.851
275.261
266.926
255.995
242.859
228.461
214.727
204.19
198.381
239.628
236.944
231.556
223.462
212.724
199.573
184.799
170.391
158.661
149.541
197.977
195.506
190.519
182.964
172.831
160.23
145.838
131.625
118.79
104.578
158.645
156.538
152.257
145.706
136.813
125.593
112.633
99.6938
87.487
75.3008
121.066
119.466
116.192
111.11
104.08
95.0298
84.4886
73.9718
64.3889
57.5883
85.4493
84.5401
82.6397
79.5883
75.1221
68.9517
61.5431
54.1228
46.8602
43.0547
50.8071
50.7492
50.6041
50.224
49.1325
46.6064
42.5157
38.1518
34.5427
34.4998
17.9222
18.2969
19.3549
21.7728
24.9203
26.2103
24.9625
23.3367
23.8303
28.0681
0.502931
0.639991
1.13969
3.09896
7.96303
12.8721
14.7712
13.8937
13.3823
12.4406
-0.730106
-0.759283
-0.785333
-0.840049
-0.846602
-0.32632
0.259089
-0.248334
-0.321299
-0.343769
-0.785201
-0.820704
-0.840525
-0.92587
-1.00055
-1.04465
-1.02772
-1.00712
-0.963337
-0.930362
-0.841149
-0.864803
-0.887592
-0.925696
-0.964258
-0.997324
-1.00658
-0.977222
-0.956857
-0.936055
-0.883625
-0.893468
-0.907307
-0.923548
-0.938659
-0.949675
-0.948515
-0.94064
-0.935501
-0.929263
-0.918292
-0.921522
-0.928625
-0.936994
-0.944318
-0.948986
-0.950031
-0.948532
-0.943015
-0.939968
-0.951198
-0.952307
-0.955964
-0.960083
-0.963158
-0.964201
-0.962932
-0.95998
-0.956796
-0.954683
-0.983592
-0.983746
-0.985112
-0.986329
-0.986508
-0.985157
-0.982355
-0.978652
-0.975286
-0.97313
-1.0159
-1.01546
-1.0153
-1.01466
-1.01301
-1.01009
-1.00609
-1.00141
-0.997108
-0.994365
-1.04881
-1.04802
-1.04694
-1.04514
-1.0423
-1.03827
-1.03329
-1.02772
-1.02251
-1.01916
-1.0827
-1.08172
-1.08007
-1.07753
-1.07392
-1.06918
-1.06358
-1.05752
-1.05179
-1.04799
334.185
331.938
327.515
321.082
312.952
303.674
294.122
285.501
279.145
276.024
287.812
285.633
281.33
275.044
267.048
257.828
248.187
239.293
232.606
229.363
243.535
241.463
237.359
231.326
223.576
214.516
204.84
195.637
188.506
184.77
201.457
199.575
195.829
190.278
183.066
174.514
165.185
156.088
148.988
145.217
161.483
159.906
156.745
152.015
145.792
138.301
129.974
121.741
115.54
112.763
123.047
121.88
119.527
115.958
111.176
105.301
98.6393
92.0014
87.277
85.7188
86.3655
85.7447
84.4577
82.4419
79.63
75.9886
71.6261
67.2295
64.4084
63.8897
50.4166
50.4649
50.5074
50.4753
50.2417
49.4954
47.9768
45.9311
44.7074
45.2201
16.9339
17.3175
18.0487
19.3611
21.7807
24.6204
26.093
25.5483
24.5365
24.3654
0.206037
0.327245
0.581895
1.18452
3.12417
7.05441
11.227
13.3575
12.5646
12.2605
-0.734652
-0.742375
-0.743862
-0.789255
-0.839748
-0.861066
-0.704649
-0.155028
0.782491
2.00012
-0.782418
-0.798542
-0.805656
-0.84553
-0.92507
-0.994902
-1.03628
-1.03602
-1.01851
-1.00095
-0.835115
-0.84721
-0.861896
-0.888066
-0.925459
-0.962425
-0.992739
-1.00945
-1.01028
-1.00249
-0.878392
-0.884319
-0.894153
-0.907755
-0.923135
-0.937727
-0.949817
-0.956977
-0.959834
-0.962412
-0.914566
-0.917004
-0.922276
-0.929102
-0.936308
-0.942666
-0.947403
-0.950604
-0.953193
-0.955905
-0.948776
-0.949764
-0.952594
-0.956061
-0.959318
-0.961635
-0.962596
-0.962369
-0.961744
-0.961544
-0.98225
-0.982486
-0.983636
-0.984858
-0.985564
-0.985353
-0.984184
-0.982325
-0.980461
-0.979344
-1.01548
-1.01522
-1.01518
-1.01487
-1.01392
-1.01215
-1.00968
-1.00681
-1.00418
-1.00254
-1.0491
-1.04853
-1.04773
-1.04644
-1.04444
-1.04166
-1.03832
-1.03471
-1.03146
-1.02941
-1.08351
-1.08275
-1.08148
-1.07956
-1.07689
-1.07348
-1.06958
-1.06551
-1.06187
-1.05954
337.784
336.007
332.547
327.6
321.497
314.736
307.997
302.082
297.76
295.577
291.277
289.562
286.214
281.411
275.458
268.819
262.137
256.193
251.765
249.502
246.769
245.154
241.992
237.434
231.739
225.317
218.756
212.791
208.218
205.847
204.32
202.872
200.027
195.895
190.681
184.723
178.535
172.785
168.271
165.942
163.798
162.607
160.251
156.799
152.391
147.279
141.888
136.793
132.78
130.819
124.644
123.789
122.088
119.566
116.29
112.421
108.265
104.276
101.152
99.7342
87.0717
86.6569
85.8007
84.4789
82.6961
80.5139
78.0903
75.677
73.7804
73.038
50.0272
50.1532
50.3381
50.5071
50.6124
50.6057
50.4077
49.9883
49.4654
49.3545
16.0623
16.4598
17.1341
18.0315
19.3277
21.3862
23.8717
25.5957
25.3642
23.8903
-0.000197513
0.0882064
0.285014
0.572942
1.1256
2.57485
5.35257
9.17037
11.4976
10.6839
-0.73248
-0.738632
-0.732097
-0.744255
-0.787929
-0.840011
-0.859282
-0.838172
-0.241056
1.10378
-0.78033
-0.788098
-0.791193
-0.805247
-0.842638
-0.915935
-0.98586
-1.03061
-1.04568
-1.01245
-0.830461
-0.836912
-0.845578
-0.861623
-0.887433
-0.924796
-0.965995
-1.00434
-1.03596
-1.05858
-0.873595
-0.877491
-0.883944
-0.893714
-0.906467
-0.921478
-0.938601
-0.958396
-0.978498
-0.989307
-0.911092
-0.912998
-0.916735
-0.921748
-0.927439
-0.933299
-0.938961
-0.944858
-0.951321
-0.956654
-0.946493
-0.947359
-0.949439
-0.952068
-0.954727
-0.957006
-0.958582
-0.959419
-0.959887
-0.960395
-0.980938
-0.981206
-0.982103
-0.983125
-0.983891
-0.984112
-0.983705
-0.982753
-0.981624
-0.980786
-1.01499
-1.01484
-1.01485
-1.01469
-1.01411
-1.01298
-1.01137
-1.00945
-1.00765
-1.00639
-1.04924
-1.04882
-1.04823
-1.04727
-1.04581
-1.04383
-1.04147
-1.03894
-1.03668
-1.03515
-1.08411
-1.08352
-1.08253
-1.08105
-1.07903
-1.07651
-1.07368
-1.0708
-1.06827
-1.06658
340.353
338.889
336.06
332.074
327.251
322.036
316.974
312.645
309.549
307.999
293.747
292.339
289.613
285.763
281.09
276.017
271.065
266.802
263.728
262.172
249.067
247.752
245.201
241.583
237.166
232.329
227.559
223.401
220.354
218.78
206.344
205.179
202.913
199.681
195.701
191.297
186.899
183.01
180.115
178.585
165.424
164.482
162.64
159.991
156.697
153.008
149.276
145.942
143.441
142.119
125.756
125.101
123.813
121.94
119.579
116.897
114.147
111.673
109.829
108.889
87.5409
87.2548
86.6687
85.7759
84.6007
83.2229
81.7921
80.5133
79.5791
79.1372
49.7102
49.875
50.1514
50.4612
50.7471
50.9988
51.2429
51.5006
51.7452
51.9262
15.4319
15.7939
16.4504
17.2906
18.2523
19.4292
21.0444
23.0075
24.6271
25.1623
-0.13064
-0.0633572
0.0876753
0.322539
0.621198
1.06758
2.03999
3.79595
6.30844
8.22485
-0.733456
-0.738676
-0.737334
-0.739333
-0.754748
-0.792701
-0.828667
-0.836728
-0.787077
-0.603861
-0.779661
-0.784288
-0.787441
-0.797204
-0.81714
-0.856958
-0.921996
-0.984625
-1.01242
-1.01027
-0.827405
-0.83127
-0.836428
-0.846289
-0.863441
-0.894146
-0.940826
-0.994708
-1.04307
-1.07567
-0.870167
-0.872913
-0.877065
-0.883365
-0.891986
-0.903946
-0.921342
-0.94557
-0.973654
-0.996196
-0.908489
-0.910017
-0.912608
-0.916075
-0.91993
-0.923712
-0.927313
-0.931582
-0.937673
-0.944412
-0.944738
-0.945492
-0.947003
-0.9489
-0.950794
-0.952373
-0.953357
-0.953553
-0.953191
-0.95308
-0.979914
-0.980181
-0.980869
-0.981658
-0.982274
-0.982516
-0.982316
-0.98167
-0.980721
-0.979924
-1.01458
-1.0145
-1.01452
-1.01442
-1.01402
-1.0132
-1.01201
-1.01057
-1.00918
-1.00818
-1.04931
-1.04898
-1.04852
-1.04777
-1.04664
-1.04513
-1.04332
-1.04139
-1.03965
-1.03845
-1.08452
-1.08404
-1.08324
-1.08204
-1.08044
-1.07846
-1.07627
-1.07406
-1.07215
-1.07087
341.688
340.379
337.862
334.344
330.137
325.653
321.369
317.762
315.215
313.949
295.027
293.771
291.352
287.965
283.905
279.567
275.409
271.897
269.41
268.171
250.257
249.09
246.838
243.676
239.867
235.771
231.817
228.449
226.045
224.841
207.388
206.363
204.38
201.58
198.186
194.506
190.919
187.835
185.617
184.502
166.26
165.44
163.847
161.582
158.814
155.784
152.803
150.221
148.36
147.432
126.325
125.767
124.678
123.117
121.185
119.047
116.927
115.087
113.778
113.15
87.7719
87.5465
87.0889
86.4015
85.5117
84.4941
83.475
82.6109
82.0364
81.7982
49.5323
49.7091
50.0251
50.4137
50.8042
51.1638
51.5031
51.8452
52.1772
52.4112
15.1034
15.4267
16.0508
16.912
17.8872
18.8996
19.9309
20.9871
21.9896
22.5646
-0.190655
-0.131546
-0.00246653
0.203206
0.499282
0.869152
1.30986
1.93343
2.77853
3.50475
-0.732364
-0.733461
-0.732008
-0.731491
-0.722716
-0.703824
-0.676765
-0.61633
-0.488225
-0.33511
-0.777647
-0.77942
-0.779361
-0.780441
-0.781986
-0.784544
-0.795593
-0.806122
-0.806543
-0.799844
-0.824603
-0.827174
-0.829682
-0.833694
-0.839476
-0.849619
-0.867339
-0.888248
-0.906737
-0.922407
-0.867791
-0.869987
-0.872985
-0.877197
-0.881879
-0.886576
-0.89227
-0.899226
-0.906598
-0.913439
-0.90691
-0.908311
-0.91053
-0.913485
-0.91661
-0.918922
-0.919432
-0.918089
-0.916121
-0.915046
-0.943793
-0.944563
-0.945965
-0.947759
-0.949597
-0.951085
-0.95166
-0.950716
-0.948422
-0.946179
-0.97942
-0.979739
-0.980431
-0.981268
-0.982008
-0.982457
-0.982493
-0.98201
-0.981035
-0.979958
-1.01442
-1.01441
-1.0145
-1.01453
-1.01434
-1.01384
-1.01299
-1.01189
-1.01074
-1.00981
-1.04939
-1.04914
-1.04878
-1.04819
-1.04731
-1.04612
-1.04468
-1.04312
-1.04168
-1.04062
-1.08478
-1.08437
-1.08368
-1.08266
-1.0813
-1.07965
-1.07782
-1.07599
-1.0744
-1.0733
-1.12279
-1.12237
-1.12161
-1.12052
-1.11911
-1.11746
-1.1157
-1.11398
-1.11255
-1.11157
-1.15975
-1.15926
-1.15836
-1.15708
-1.15547
-1.15363
-1.1517
-1.14988
-1.14837
-1.14737
-1.19768
-1.19716
-1.19618
-1.1948
-1.19309
-1.19116
-1.18917
-1.18731
-1.18579
-1.18481
-1.23666
-1.23613
-1.23513
-1.23372
-1.232
-1.23006
-1.22809
-1.22626
-1.22478
-1.22384
-1.27669
-1.27617
-1.27519
-1.27382
-1.27214
-1.27027
-1.26837
-1.26663
-1.26524
-1.26437
-1.31776
-1.31727
-1.31634
-1.31504
-1.31345
-1.31169
-1.30993
-1.30831
-1.30704
-1.30624
-1.3598
-1.35935
-1.35849
-1.35729
-1.35583
-1.35422
-1.35262
-1.35116
-1.35002
-1.3493
-1.40274
-1.40233
-1.40155
-1.40047
-1.39916
-1.39772
-1.39629
-1.39501
-1.39401
-1.39336
-1.44648
-1.44612
-1.44543
-1.44448
-1.44333
-1.44206
-1.44081
-1.43969
-1.43882
-1.4383
-1.49094
-1.49063
-1.49003
-1.4892
-1.4882
-1.48711
-1.48603
-1.48507
-1.48433
-1.48391
-1.53602
-1.53575
-1.53524
-1.53453
-1.53368
-1.53276
-1.53184
-1.53103
-1.5304
-1.53008
-1.58163
-1.58141
-1.58097
-1.58038
-1.57966
-1.57889
-1.57812
-1.57745
-1.57692
-1.57667
-1.62769
-1.62751
-1.62714
-1.62665
-1.62605
-1.62541
-1.62478
-1.62423
-1.62379
-1.62361
-1.67412
-1.67397
-1.67367
-1.67326
-1.67277
-1.67225
-1.67173
-1.67128
-1.67095
-1.67081
-1.72086
-1.72074
-1.72049
-1.72016
-1.71976
-1.71933
-1.71891
-1.71854
-1.7183
-1.71819
-1.76785
-1.76775
-1.76754
-1.76727
-1.76695
-1.7666
-1.76627
-1.76597
-1.76579
-1.76572
-1.81504
-1.81496
-1.81479
-1.81457
-1.81431
-1.81403
-1.81376
-1.81352
-1.81339
-1.81335
-1.8624
-1.86233
-1.86219
-1.86201
-1.8618
-1.86157
-1.86135
-1.86117
-1.86107
-1.86105
-1.9099
-1.90984
-1.90972
-1.90957
-1.90939
-1.90921
-1.90903
-1.90888
-1.90881
-1.9088
-1.9575
-1.95746
-1.95736
-1.95723
-1.95708
-1.95692
-1.95678
-1.95665
-1.9566
-1.9566
-1.12241
-1.12191
-1.12105
-1.1198
-1.11818
-1.11626
-1.1142
-1.11219
-1.11049
-1.10936
-1.15929
-1.15873
-1.15773
-1.15629
-1.15447
-1.15236
-1.15015
-1.14803
-1.14625
-1.14509
-1.19718
-1.1966
-1.19552
-1.19398
-1.19207
-1.18988
-1.18761
-1.18547
-1.18369
-1.18255
-1.23615
-1.23555
-1.23446
-1.23291
-1.23098
-1.22881
-1.22657
-1.22447
-1.22276
-1.22168
-1.27618
-1.27561
-1.27454
-1.27303
-1.27117
-1.26908
-1.26694
-1.26496
-1.26336
-1.26236
-1.31727
-1.31673
-1.31572
-1.3143
-1.31255
-1.3106
-1.30862
-1.3068
-1.30534
-1.30444
-1.35935
-1.35886
-1.35792
-1.35662
-1.35502
-1.35325
-1.35146
-1.34982
-1.34853
-1.34772
-1.40233
-1.40189
-1.40105
-1.39988
-1.39845
-1.39687
-1.39528
-1.39385
-1.39273
-1.39201
-1.44612
-1.44573
-1.44499
-1.44396
-1.44271
-1.44133
-1.43995
-1.43871
-1.43776
-1.43713
-1.49062
-1.49028
-1.48964
-1.48876
-1.48768
-1.48649
-1.48531
-1.48425
-1.48343
-1.48296
-1.53575
-1.53546
-1.53491
-1.53416
-1.53324
-1.53224
-1.53124
-1.53034
-1.52966
-1.5293
-1.5814
-1.58116
-1.5807
-1.58006
-1.5793
-1.57846
-1.57763
-1.57688
-1.57632
-1.57605
-1.6275
-1.62729
-1.62691
-1.62639
-1.62575
-1.62506
-1.62438
-1.62377
-1.62331
-1.62311
-1.67396
-1.67379
-1.67348
-1.67305
-1.67253
-1.67196
-1.6714
-1.67092
-1.67056
-1.67041
-1.72073
-1.72059
-1.72033
-1.71998
-1.71956
-1.7191
-1.71865
-1.71826
-1.71798
-1.71788
-1.76774
-1.76763
-1.76741
-1.76713
-1.76679
-1.76642
-1.76606
-1.76575
-1.76554
-1.76548
-1.81495
-1.81486
-1.81468
-1.81445
-1.81417
-1.81387
-1.81359
-1.81334
-1.81319
-1.81315
-1.86232
-1.86225
-1.8621
-1.86191
-1.86169
-1.86144
-1.86121
-1.86101
-1.8609
-1.86088
-1.90983
-1.90977
-1.90965
-1.90949
-1.9093
-1.9091
-1.90891
-1.90875
-1.90866
-1.90866
-1.95745
-1.95739
-1.95729
-1.95716
-1.957
-1.95682
-1.95666
-1.95653
-1.95647
-1.95647
-1.12173
-1.12113
-1.12008
-1.11855
-1.11654
-1.11414
-1.11154
-1.10896
-1.10674
-1.10525
-1.15846
-1.15779
-1.15659
-1.15485
-1.15263
-1.15002
-1.14725
-1.14456
-1.14226
-1.14072
-1.19626
-1.19557
-1.19428
-1.19245
-1.19013
-1.18745
-1.18463
-1.18193
-1.17965
-1.17813
-1.23518
-1.23449
-1.2332
-1.23136
-1.22905
-1.2264
-1.22364
-1.22102
-1.21884
-1.2174
-1.27523
-1.27457
-1.27331
-1.27154
-1.26932
-1.26679
-1.26417
-1.26172
-1.2597
-1.25837
-1.31636
-1.31574
-1.31456
-1.3129
-1.31083
-1.3085
-1.30609
-1.30386
-1.30203
-1.30084
-1.3585
-1.35793
-1.35686
-1.35534
-1.35347
-1.35136
-1.34921
-1.34722
-1.34563
-1.34456
-1.40155
-1.40105
-1.40009
-1.39874
-1.39708
-1.39522
-1.39333
-1.39161
-1.39025
-1.3893
-1.44543
-1.44498
-1.44415
-1.44297
-1.44153
-1.43992
-1.43829
-1.43681
-1.43564
-1.43489
-1.49002
-1.48964
-1.48891
-1.48791
-1.48668
-1.48531
-1.48392
-1.48266
-1.48169
-1.48109
-1.53522
-1.5349
-1.53429
-1.53344
-1.5324
-1.53126
-1.53009
-1.52904
-1.52823
-1.52777
-1.58095
-1.58068
-1.58017
-1.57947
-1.5786
-1.57765
-1.57669
-1.57582
-1.57517
-1.57481
-1.62712
-1.6269
-1.62647
-1.62589
-1.62519
-1.62441
-1.62362
-1.62292
-1.62239
-1.62213
-1.67365
-1.67346
-1.67312
-1.67264
-1.67207
-1.67144
-1.67081
-1.67024
-1.66983
-1.66964
-1.72047
-1.72032
-1.72003
-1.71965
-1.71919
-1.71868
-1.71818
-1.71773
-1.71742
-1.71729
-1.76752
-1.7674
-1.76717
-1.76686
-1.76649
-1.76608
-1.76569
-1.76534
-1.76511
-1.76502
-1.81477
-1.81467
-1.81448
-1.81423
-1.81393
-1.81361
-1.81329
-1.81301
-1.81285
-1.81279
-1.86217
-1.86209
-1.86194
-1.86173
-1.86149
-1.86122
-1.86097
-1.86075
-1.86062
-1.86059
-1.9097
-1.90963
-1.9095
-1.90933
-1.90913
-1.90891
-1.9087
-1.90852
-1.90843
-1.90841
-1.95734
-1.95728
-1.95717
-1.95702
-1.95685
-1.95666
-1.95648
-1.95632
-1.95625
-1.95624
-1.12076
-1.12
-1.11867
-1.1167
-1.1141
-1.11092
-1.10743
-1.10392
-1.10074
-1.0987
-1.15727
-1.15645
-1.15494
-1.15275
-1.1499
-1.1465
-1.14283
-1.1392
-1.13595
-1.1338
-1.19495
-1.19411
-1.19252
-1.19023
-1.18729
-1.18382
-1.1801
-1.17649
-1.17331
-1.17119
-1.23383
-1.23299
-1.23141
-1.22913
-1.22622
-1.22282
-1.2192
-1.21573
-1.21274
-1.21074
-1.27389
-1.27309
-1.27157
-1.26938
-1.26661
-1.2634
-1.26
-1.25677
-1.25405
-1.25224
-1.31508
-1.31434
-1.31292
-1.31089
-1.30834
-1.30539
-1.30229
-1.29939
-1.29698
-1.29542
-1.35731
-1.35664
-1.35535
-1.35352
-1.35123
-1.34861
-1.34586
-1.34332
-1.34123
-1.33993
-1.40047
-1.39988
-1.39874
-1.39713
-1.39512
-1.39283
-1.39045
-1.38827
-1.38652
-1.38542
-1.44447
-1.44395
-1.44297
-1.44157
-1.43985
-1.43789
-1.43585
-1.43401
-1.43257
-1.43167
-1.48918
-1.48874
-1.4879
-1.48672
-1.48525
-1.48361
-1.4819
-1.48035
-1.47919
-1.47845
-1.5345
-1.53413
-1.53342
-1.53244
-1.53122
-1.52985
-1.52843
-1.52715
-1.5262
-1.52567
-1.58034
-1.58003
-1.57945
-1.57863
-1.57763
-1.57651
-1.57535
-1.5743
-1.57354
-1.57315
-1.62661
-1.62635
-1.62587
-1.62521
-1.62439
-1.62349
-1.62256
-1.62171
-1.62113
-1.62083
-1.67322
-1.67301
-1.67262
-1.67209
-1.67143
-1.67071
-1.66997
-1.6693
-1.66886
-1.66866
-1.72011
-1.71994
-1.71963
-1.7192
-1.71868
-1.7181
-1.71753
-1.717
-1.71669
-1.71655
-1.76723
-1.76709
-1.76684
-1.7665
-1.76608
-1.76563
-1.76518
-1.76477
-1.76456
-1.76447
-1.81453
-1.81442
-1.81421
-1.81394
-1.8136
-1.81324
-1.81289
-1.81257
-1.81243
-1.81237
-1.86197
-1.86188
-1.86171
-1.86148
-1.86121
-1.86092
-1.86064
-1.86038
-1.86028
-1.86025
-1.90953
-1.90945
-1.90931
-1.90912
-1.9089
-1.90865
-1.90842
-1.9082
-1.90812
-1.9081
-1.95719
-1.95712
-1.957
-1.95684
-1.95664
-1.95642
-1.95623
-1.95604
-1.95597
-1.95596
-1.1195
-1.11854
-1.11682
-1.11426
-1.11082
-1.10652
-1.10171
-1.09678
-1.09204
-1.08854
-1.15578
-1.15475
-1.15284
-1.15002
-1.14631
-1.14176
-1.13673
-1.13167
-1.12696
-1.12327
-1.19333
-1.19228
-1.19029
-1.18737
-1.18357
-1.17896
-1.17388
-1.16885
-1.16434
-1.16071
-1.23216
-1.23113
-1.22916
-1.22628
-1.22254
-1.21805
-1.21313
-1.2083
-1.20415
-1.20068
-1.27225
-1.27127
-1.26939
-1.26665
-1.26311
-1.25891
-1.25432
-1.24986
-1.24618
-1.24297
-1.31352
-1.31261
-1.31087
-1.30836
-1.30513
-1.30132
-1.29718
-1.2932
-1.28997
-1.28732
-1.35586
-1.35505
-1.35349
-1.35124
-1.34837
-1.34502
-1.34138
-1.33792
-1.33512
-1.33316
-1.39916
-1.39845
-1.39708
-1.39512
-1.39263
-1.38975
-1.38663
-1.3837
-1.38139
-1.37982
-1.4433
-1.44269
-1.44151
-1.43983
-1.43772
-1.43529
-1.43266
-1.4302
-1.42834
-1.42707
-1.48816
-1.48764
-1.48665
-1.48524
-1.48346
-1.48144
-1.47925
-1.47721
-1.47572
-1.47472
-1.53363
-1.5332
-1.53237
-1.5312
-1.52973
-1.52807
-1.52627
-1.52459
-1.52341
-1.52266
-1.5796
-1.57924
-1.57856
-1.5776
-1.57641
-1.57506
-1.57361
-1.57224
-1.57133
-1.57078
-1.62598
-1.62569
-1.62514
-1.62436
-1.6234
-1.62232
-1.62117
-1.62008
-1.61939
-1.61902
-1.6727
-1.67246
-1.67202
-1.6714
-1.67063
-1.66978
-1.66889
-1.66803
-1.66755
-1.66731
-1.71968
-1.71949
-1.71913
-1.71864
-1.71804
-1.71737
-1.71669
-1.71604
-1.71572
-1.71559
-1.76687
-1.76672
-1.76643
-1.76605
-1.76557
-1.76505
-1.76453
-1.76403
-1.76386
-1.76379
-1.81423
-1.81411
-1.81388
-1.81357
-1.81319
-1.81278
-1.81238
-1.81199
-1.81189
-1.81188
-1.86172
-1.86162
-1.86143
-1.86118
-1.86087
-1.86054
-1.86022
-1.85991
-1.85984
-1.85985
-1.90932
-1.90924
-1.90908
-1.90887
-1.90861
-1.90832
-1.90805
-1.90779
-1.90774
-1.90776
-1.95701
-1.95694
-1.9568
-1.95661
-1.95638
-1.95613
-1.95589
-1.95565
-1.95561
-1.95562
-1.11803
-1.1168
-1.11461
-1.11127
-1.10671
-1.10087
-1.09412
-1.0873
-1.07894
-1.07274
-1.15407
-1.15278
-1.15037
-1.14675
-1.14188
-1.13576
-1.12872
-1.12168
-1.11404
-1.10715
-1.1915
-1.19019
-1.1877
-1.18398
-1.17902
-1.17285
-1.16576
-1.15864
-1.15175
-1.14488
-1.2303
-1.22902
-1.22657
-1.22292
-1.21808
-1.21211
-1.20526
-1.19833
-1.19212
-1.18567
-1.27043
-1.26922
-1.2669
-1.26346
-1.25892
-1.25338
-1.24704
-1.24061
-1.23518
-1.22939
-1.31179
-1.31068
-1.30855
-1.30542
-1.30132
-1.29636
-1.29073
-1.28504
-1.28041
-1.27558
-1.35426
-1.35328
-1.35138
-1.34861
-1.34501
-1.3407
-1.33585
-1.33095
-1.32697
-1.32354
-1.39772
-1.39687
-1.39521
-1.39282
-1.38973
-1.38608
-1.38199
-1.37786
-1.37469
-1.37198
-1.44203
-1.4413
-1.43989
-1.43786
-1.43526
-1.43221
-1.42882
-1.42536
-1.42288
-1.42067
-1.48705
-1.48644
-1.48525
-1.48356
-1.4814
-1.47889
-1.47611
-1.47322
-1.4713
-1.46951
-1.53268
-1.53216
-1.53119
-1.52979
-1.52802
-1.52597
-1.52373
-1.52133
-1.51984
-1.51845
-1.57879
-1.57837
-1.57757
-1.57644
-1.57501
-1.57336
-1.57158
-1.56959
-1.56848
-1.56745
-1.62531
-1.62496
-1.62432
-1.62341
-1.62226
-1.62096
-1.61957
-1.61796
-1.61715
-1.61647
-1.67213
-1.67186
-1.67134
-1.67063
-1.66972
-1.6687
-1.66765
-1.66637
-1.66583
-1.66545
-1.71921
-1.71899
-1.71858
-1.71802
-1.71732
-1.71652
-1.71575
-1.71475
-1.71444
-1.7143
-1.76649
-1.76631
-1.76598
-1.76554
-1.76499
-1.76438
-1.7638
-1.76305
-1.76291
-1.76288
-1.81391
-1.81377
-1.81351
-1.81316
-1.81272
-1.81223
-1.8118
-1.81122
-1.81118
-1.81117
-1.86146
-1.86134
-1.86113
-1.86084
-1.86049
-1.86008
-1.85974
-1.85925
-1.85926
-1.85923
-1.9091
-1.909
-1.90882
-1.90857
-1.90827
-1.90792
-1.90762
-1.90719
-1.90721
-1.90715
-1.95682
-1.95673
-1.95657
-1.95636
-1.95609
-1.95576
-1.95549
-1.95508
-1.9551
-1.95499
-1.11645
-1.11493
-1.11221
-1.108
-1.10211
-1.09437
-1.0853
-1.07627
-1.0656
-1.05204
-1.15229
-1.15071
-1.14774
-1.1432
-1.13694
-1.12885
-1.11922
-1.10955
-1.09972
-1.08568
-1.18962
-1.18802
-1.18497
-1.18033
-1.17398
-1.16581
-1.15596
-1.14587
-1.13665
-1.12382
-1.2284
-1.22685
-1.22386
-1.21933
-1.21316
-1.20527
-1.1957
-1.1856
-1.17625
-1.16577
-1.26858
-1.26713
-1.26431
-1.26007
-1.25432
-1.24705
-1.23824
-1.22883
-1.21981
-1.21159
-1.31004
-1.30872
-1.30616
-1.30233
-1.29717
-1.29073
-1.28301
-1.2749
-1.2672
-1.2606
-1.35266
-1.35149
-1.34922
-1.34586
-1.34138
-1.33586
-1.32932
-1.32262
-1.31663
-1.31118
-1.39628
-1.39527
-1.3933
-1.39042
-1.38661
-1.38199
-1.37657
-1.37109
-1.36655
-1.36203
-1.44076
-1.43989
-1.43823
-1.4358
-1.43261
-1.4288
-1.42436
-1.41985
-1.41639
-1.41265
-1.48595
-1.48523
-1.48383
-1.48182
-1.47919
-1.47607
-1.47246
-1.46875
-1.4661
-1.46309
-1.53173
-1.53113
-1.52998
-1.52834
-1.52619
-1.52368
-1.52078
-1.51775
-1.51577
-1.51341
-1.57799
-1.5775
-1.57657
-1.57524
-1.57351
-1.57151
-1.56923
-1.56681
-1.5654
-1.56366
-1.62463
-1.62423
-1.62348
-1.62243
-1.62105
-1.6195
-1.61776
-1.61588
-1.61497
-1.6138
-1.67158
-1.67125
-1.67066
-1.66983
-1.66876
-1.66758
-1.6663
-1.66489
-1.66437
-1.66374
-1.71875
-1.71849
-1.71803
-1.71739
-1.71656
-1.71567
-1.71476
-1.71375
-1.71355
-1.71343
-1.76611
-1.7659
-1.76554
-1.76504
-1.76441
-1.76373
-1.76308
-1.76236
-1.7624
-1.76247
-1.8136
-1.81343
-1.81314
-1.81275
-1.81226
-1.81173
-1.81125
-1.81069
-1.81083
-1.811
-1.8612
-1.86106
-1.86082
-1.86051
-1.8601
-1.85966
-1.85927
-1.85881
-1.85896
-1.85913
-1.90888
-1.90876
-1.90856
-1.90829
-1.90794
-1.90755
-1.90721
-1.90678
-1.90691
-1.90695
-1.95664
-1.95653
-1.95635
-1.95611
-1.95579
-1.95542
-1.95509
-1.95465
-1.95474
-1.95461
-1.11494
-1.11312
-1.10985
-1.10472
-1.09734
-1.08749
-1.07499
-1.06537
-1.04041
-1.02478
-1.15062
-1.14874
-1.14519
-1.13969
-1.13189
-1.12157
-1.10843
-1.09608
-1.0736
-1.05858
-1.18787
-1.18598
-1.18236
-1.17676
-1.16885
-1.15836
-1.14493
-1.13047
-1.11693
-1.09958
-1.22665
-1.22483
-1.22129
-1.21586
-1.20822
-1.19808
-1.18523
-1.16965
-1.16051
-1.14494
-1.26689
-1.26519
-1.26187
-1.25683
-1.24978
-1.24049
-1.22891
-1.21403
-1.20133
-1.19258
-1.30846
-1.30692
-1.30392
-1.2994
-1.29315
-1.28498
-1.275
-1.26232
-1.25017
-1.24364
-1.35121
-1.34986
-1.34722
-1.34328
-1.33789
-1.33095
-1.32262
-1.31246
-1.30224
-1.29667
-1.39498
-1.39381
-1.39155
-1.3882
-1.38364
-1.37785
-1.37105
-1.36294
-1.355
-1.35003
-1.43962
-1.43862
-1.43671
-1.4339
-1.43011
-1.42533
-1.41982
-1.41317
-1.40742
-1.40288
-1.48496
-1.48413
-1.48253
-1.48022
-1.4771
-1.47318
-1.46873
-1.46319
-1.45849
-1.45498
-1.53089
-1.5302
-1.52889
-1.527
-1.52445
-1.52126
-1.51772
-1.51315
-1.50909
-1.50681
-1.57728
-1.57671
-1.57565
-1.57412
-1.57206
-1.5695
-1.56675
-1.56311
-1.55956
-1.55854
-1.62403
-1.62358
-1.62272
-1.62151
-1.61988
-1.61784
-1.61579
-1.61305
-1.61001
-1.61014
-1.67108
-1.67071
-1.67003
-1.66909
-1.66782
-1.66624
-1.66478
-1.66288
-1.66048
-1.66132
-1.71834
-1.71805
-1.71752
-1.71679
-1.71582
-1.71462
-1.71363
-1.71241
-1.71076
-1.71182
-1.76577
-1.76554
-1.76512
-1.76456
-1.76383
-1.76291
-1.76225
-1.76148
-1.76015
-1.76145
-1.81332
-1.81313
-1.8128
-1.81236
-1.8118
-1.81107
-1.81059
-1.81002
-1.8089
-1.81019
-1.86097
-1.86081
-1.86054
-1.86018
-1.85972
-1.85911
-1.85872
-1.85824
-1.85746
-1.85829
-1.90869
-1.90855
-1.90832
-1.90801
-1.90761
-1.90706
-1.90672
-1.90625
-1.90576
-1.90605
-1.95647
-1.95635
-1.95614
-1.95586
-1.95549
-1.95497
-1.95461
-1.95411
-1.95401
-1.95367
-1.11369
-1.11162
-1.10786
-1.10185
-1.09306
-1.08048
-1.06609
-1.04377
-1.01059
-0.99663
-1.14926
-1.14712
-1.14306
-1.13664
-1.12735
-1.11431
-1.09817
-1.08425
-1.05104
-1.0355
-1.18647
-1.18433
-1.1802
-1.1737
-1.16431
-1.15118
-1.1336
-1.11532
-1.09368
-1.07985
-1.22526
-1.22321
-1.21919
-1.21292
-1.2039
-1.19133
-1.17421
-1.15312
-1.13843
-1.12807
-1.26556
-1.26365
-1.25989
-1.2541
-1.24586
-1.2345
-1.21931
-1.19926
-1.18541
-1.1792
-1.30722
-1.30549
-1.30211
-1.29696
-1.28974
-1.27992
-1.26718
-1.24957
-1.2365
-1.23262
-1.35008
-1.34857
-1.3456
-1.34115
-1.33501
-1.32677
-1.31637
-1.30217
-1.2903
-1.2877
-1.39398
-1.39267
-1.39013
-1.38637
-1.38124
-1.37444
-1.36605
-1.35492
-1.34451
-1.34254
-1.43873
-1.43763
-1.43548
-1.43236
-1.42813
-1.42255
-1.4158
-1.40669
-1.39801
-1.39684
-1.48419
-1.48327
-1.48149
-1.47894
-1.47548
-1.47093
-1.46551
-1.45782
-1.45056
-1.4504
-1.53023
-1.52947
-1.52801
-1.52595
-1.52315
-1.51947
-1.51518
-1.50868
-1.5024
-1.50326
-1.57673
-1.57611
-1.57493
-1.57327
-1.57098
-1.56804
-1.56478
-1.55938
-1.55394
-1.55563
-1.62358
-1.62308
-1.62213
-1.62082
-1.61901
-1.61668
-1.61432
-1.61005
-1.60532
-1.60764
-1.67071
-1.67031
-1.66956
-1.66855
-1.66715
-1.66537
-1.66376
-1.66065
-1.65664
-1.65919
-1.71804
-1.71772
-1.71714
-1.71637
-1.71532
-1.71399
-1.71297
-1.711
-1.70781
-1.71012
-1.76553
-1.76528
-1.76483
-1.76423
-1.76345
-1.76246
-1.76184
-1.76069
-1.75891
-1.76017
-1.81313
-1.81293
-1.81257
-1.81211
-1.81151
-1.81073
-1.81029
-1.80933
-1.80852
-1.80916
-1.86081
-1.86064
-1.86035
-1.85998
-1.85948
-1.85883
-1.85846
-1.8574
-1.85685
-1.85734
-1.90856
-1.90842
-1.90816
-1.90784
-1.90741
-1.9068
-1.90646
-1.90531
-1.90506
-1.90513
-1.95637
-1.95623
-1.95601
-1.95571
-1.95531
-1.95472
-1.95435
-1.9533
-1.95289
-1.95266
-1.11289
-1.11067
-1.10658
-1.10003
-1.08985
-1.07416
-1.05338
-1.02505
-0.996372
-0.981017
-1.14841
-1.14611
-1.14169
-1.13471
-1.12407
-1.1081
-1.08708
-1.06183
-1.03719
-1.02424
-1.1856
-1.18332
-1.17884
-1.1718
-1.16118
-1.14532
-1.12411
-1.10214
-1.08149
-1.07147
-1.22442
-1.22223
-1.21788
-1.21113
-1.20099
-1.18589
-1.16577
-1.14395
-1.12839
-1.12188
-1.26476
-1.26272
-1.25867
-1.25247
-1.24323
-1.22965
-1.21198
-1.19169
-1.17785
-1.17454
-1.30649
-1.30465
-1.301
-1.2955
-1.28739
-1.27573
-1.26091
-1.24308
-1.23131
-1.22907
-1.34942
-1.34781
-1.34461
-1.33988
-1.33294
-1.3232
-1.31105
-1.29617
-1.28694
-1.2843
-1.39339
-1.392
-1.38925
-1.38526
-1.37944
-1.3714
-1.36147
-1.34964
-1.3415
-1.33941
-1.43822
-1.43704
-1.43472
-1.43141
-1.42659
-1.41998
-1.41192
-1.40211
-1.39568
-1.39416
-1.48375
-1.48277
-1.48083
-1.47813
-1.47417
-1.46879
-1.46227
-1.45418
-1.44902
-1.44844
-1.52985
-1.52904
-1.52745
-1.52527
-1.52207
-1.51776
-1.51267
-1.50593
-1.50171
-1.50222
-1.5764
-1.57575
-1.57445
-1.57272
-1.57023
-1.56681
-1.56283
-1.55744
-1.55399
-1.55544
-1.62331
-1.62278
-1.62175
-1.6204
-1.61848
-1.61587
-1.61291
-1.60878
-1.606
-1.60797
-1.67048
-1.67007
-1.66925
-1.66821
-1.66678
-1.66482
-1.66276
-1.65983
-1.6576
-1.65969
-1.71787
-1.71754
-1.7169
-1.71611
-1.71506
-1.71362
-1.71229
-1.71039
-1.70861
-1.71048
-1.7654
-1.76513
-1.76463
-1.76403
-1.76327
-1.76223
-1.76139
-1.76017
-1.75879
-1.76035
-1.81303
-1.81282
-1.81242
-1.81195
-1.81139
-1.81057
-1.81001
-1.80902
-1.80799
-1.80921
-1.86074
-1.86056
-1.86025
-1.85985
-1.8594
-1.85869
-1.85824
-1.85724
-1.85636
-1.85734
-1.90851
-1.90835
-1.90809
-1.90774
-1.90735
-1.90666
-1.90619
-1.90513
-1.90428
-1.90506
-1.95633
-1.95619
-1.95595
-1.95562
-1.95525
-1.95456
-1.95401
-1.95291
-1.95187
-1.95254
-1.11265
-1.11039
-1.10619
-1.09944
-1.08873
-1.07214
-1.0509
-1.0237
-0.994936
-0.984547
-1.14818
-1.14585
-1.14134
-1.13419
-1.1232
-1.10662
-1.08515
-1.06146
-1.03724
-1.02928
-1.1854
-1.18308
-1.17851
-1.17138
-1.16056
-1.14435
-1.12305
-1.10151
-1.08225
-1.07778
-1.22424
-1.22203
-1.21763
-1.21082
-1.20059
-1.18539
-1.16553
-1.14471
-1.12972
-1.12807
-1.26461
-1.26256
-1.25848
-1.25226
-1.24299
-1.22943
-1.21207
-1.19292
-1.17993
-1.18053
-1.30636
-1.30452
-1.30085
-1.29536
-1.28726
-1.27566
-1.2612
-1.24409
-1.2343
-1.23443
-1.34932
-1.34771
-1.3445
-1.33978
-1.3329
-1.32324
-1.31156
-1.29677
-1.28886
-1.28917
-1.39331
-1.39193
-1.38918
-1.38521
-1.37949
-1.37153
-1.36217
-1.35023
-1.34381
-1.34413
-1.43816
-1.43699
-1.43467
-1.4314
-1.42671
-1.4202
-1.41271
-1.40282
-1.39821
-1.39889
-1.48371
-1.48274
-1.48081
-1.47815
-1.47435
-1.46908
-1.46309
-1.4551
-1.45167
-1.45326
-1.52983
-1.52903
-1.52745
-1.52531
-1.52228
-1.51807
-1.51334
-1.50698
-1.50433
-1.50702
-1.5764
-1.57575
-1.57448
-1.57278
-1.57041
-1.56709
-1.56342
-1.55847
-1.55653
-1.56007
-1.62331
-1.62279
-1.62179
-1.62047
-1.61864
-1.61607
-1.61334
-1.6096
-1.60833
-1.61244
-1.6705
-1.67009
-1.6693
-1.66829
-1.66691
-1.66498
-1.66309
-1.66031
-1.65988
-1.66391
-1.71789
-1.71757
-1.71695
-1.71619
-1.71518
-1.71376
-1.7126
-1.7107
-1.71064
-1.71432
-1.76543
-1.76517
-1.76469
-1.76412
-1.7634
-1.76238
-1.76172
-1.76059
-1.76081
-1.76403
-1.81306
-1.81286
-1.81248
-1.81205
-1.81151
-1.81077
-1.81038
-1.80969
-1.81003
-1.81259
-1.86078
-1.86061
-1.86031
-1.85995
-1.85953
-1.85891
-1.85858
-1.858
-1.85834
-1.86046
-1.90855
-1.9084
-1.90815
-1.90784
-1.90747
-1.90687
-1.90647
-1.9057
-1.906
-1.90796
-1.95637
-1.95624
-1.95601
-1.95572
-1.95537
-1.95475
-1.95426
-1.95324
-1.95327
-1.95509
-1.113
-1.11081
-1.10678
-1.10026
-1.09036
-1.07572
-1.05715
-1.03176
-0.997253
-0.986599
-1.1486
-1.14636
-1.14207
-1.13524
-1.12516
-1.1107
-1.09217
-1.0703
-1.04427
-1.03198
-1.18587
-1.18365
-1.17934
-1.17258
-1.16271
-1.14877
-1.13042
-1.11097
-1.08943
-1.08091
-1.22474
-1.22263
-1.21849
-1.21207
-1.20279
-1.18984
-1.17271
-1.15291
-1.13552
-1.1325
-1.26512
-1.26317
-1.25934
-1.25348
-1.24509
-1.23357
-1.21857
-1.20015
-1.18499
-1.18537
-1.30685
-1.30511
-1.30168
-1.2965
-1.28917
-1.27927
-1.26664
-1.25044
-1.23712
-1.2393
-1.34979
-1.34826
-1.34526
-1.3408
-1.33457
-1.32625
-1.31596
-1.30215
-1.29157
-1.29343
-1.39374
-1.39243
-1.38986
-1.38611
-1.3809
-1.37402
-1.36585
-1.35385
-1.34676
-1.34667
-1.43855
-1.43745
-1.43528
-1.43218
-1.42788
-1.42224
-1.41579
-1.40556
-1.40109
-1.39906
-1.48406
-1.48314
-1.48135
-1.47881
-1.47532
-1.47073
-1.46566
-1.45776
-1.45406
-1.45184
-1.53014
-1.52938
-1.52793
-1.52588
-1.52307
-1.51939
-1.51544
-1.50915
-1.50638
-1.5053
-1.57667
-1.57606
-1.57488
-1.57326
-1.57103
-1.56813
-1.5651
-1.56027
-1.55806
-1.55937
-1.62356
-1.62306
-1.62213
-1.62087
-1.61913
-1.61689
-1.61467
-1.61101
-1.60932
-1.61335
-1.67071
-1.67032
-1.66959
-1.66862
-1.6673
-1.6656
-1.66409
-1.66136
-1.66011
-1.66634
-1.71807
-1.71776
-1.7172
-1.71647
-1.71548
-1.71423
-1.71329
-1.71141
-1.71088
-1.71817
-1.76558
-1.76534
-1.7649
-1.76435
-1.76363
-1.76274
-1.76222
-1.76118
-1.76141
-1.76839
-1.8132
-1.81301
-1.81267
-1.81225
-1.81171
-1.81107
-1.81079
-1.8104
-1.81119
-1.81733
-1.8609
-1.86074
-1.86047
-1.86013
-1.8597
-1.85921
-1.85898
-1.85874
-1.85998
-1.86522
-1.90866
-1.90853
-1.90829
-1.90801
-1.90763
-1.90719
-1.9069
-1.9066
-1.90789
-1.91233
-1.95648
-1.95635
-1.95615
-1.95588
-1.95553
-1.95509
-1.95473
-1.95415
-1.95524
-1.95904
-1.11387
-1.1119
-1.10829
-1.10254
-1.094
-1.08201
-1.0662
-1.04968
-1.01959
-1.00565
-1.14959
-1.14758
-1.14374
-1.13774
-1.12907
-1.11725
-1.10203
-1.08631
-1.06466
-1.04754
-1.18693
-1.18495
-1.18111
-1.17517
-1.1667
-1.15536
-1.14092
-1.12527
-1.10757
-1.09369
-1.22583
-1.22395
-1.22026
-1.21462
-1.20666
-1.19611
-1.1828
-1.16769
-1.15435
-1.14212
-1.26619
-1.26445
-1.26105
-1.25588
-1.24866
-1.23919
-1.22743
-1.21364
-1.20098
-1.19272
-1.30788
-1.30632
-1.30327
-1.29868
-1.29234
-1.28412
-1.27406
-1.26222
-1.25066
-1.24493
-1.35074
-1.34938
-1.34671
-1.34275
-1.33731
-1.33035
-1.322
-1.31212
-1.3022
-1.29791
-1.39461
-1.39344
-1.39115
-1.3878
-1.38324
-1.37744
-1.37065
-1.36247
-1.35463
-1.35042
-1.43933
-1.43834
-1.43642
-1.43363
-1.42985
-1.42509
-1.41963
-1.41279
-1.40691
-1.40248
-1.48475
-1.48392
-1.48233
-1.48005
-1.47697
-1.47309
-1.46876
-1.46304
-1.45883
-1.45442
-1.53074
-1.53006
-1.52877
-1.52692
-1.52444
-1.52131
-1.51796
-1.51322
-1.51041
-1.50669
-1.57719
-1.57664
-1.5756
-1.57413
-1.57216
-1.56969
-1.56718
-1.56334
-1.56182
-1.55948
-1.624
-1.62356
-1.62273
-1.62159
-1.62006
-1.61813
-1.61638
-1.61344
-1.61279
-1.61232
-1.67109
-1.67074
-1.6701
-1.66922
-1.66806
-1.6666
-1.66546
-1.66323
-1.6632
-1.66419
-1.7184
-1.71812
-1.71762
-1.71696
-1.71611
-1.71503
-1.71432
-1.71279
-1.71303
-1.71473
-1.76586
-1.76564
-1.76526
-1.76477
-1.76414
-1.76336
-1.76293
-1.76204
-1.76235
-1.76394
-1.81344
-1.81327
-1.81297
-1.8126
-1.81213
-1.81157
-1.81128
-1.81071
-1.81116
-1.81231
-1.86111
-1.86097
-1.86073
-1.86044
-1.86007
-1.85963
-1.85938
-1.85884
-1.85948
-1.86038
-1.90885
-1.90873
-1.90853
-1.90828
-1.90797
-1.90758
-1.90732
-1.90656
-1.90734
-1.90813
-1.95665
-1.95654
-1.95637
-1.95614
-1.95585
-1.95547
-1.95517
-1.95429
-1.9549
-1.95549
-1.11508
-1.1134
-1.11033
-1.10552
-1.09861
-1.08931
-1.07788
-1.06527
-1.05064
-1.03688
-1.15098
-1.14926
-1.14599
-1.14095
-1.13391
-1.12468
-1.11354
-1.10167
-1.08925
-1.07476
-1.18842
-1.18671
-1.18344
-1.17844
-1.17155
-1.16268
-1.152
-1.14073
-1.13011
-1.11674
-1.22734
-1.22572
-1.22257
-1.21781
-1.21131
-1.20304
-1.1931
-1.18255
-1.17299
-1.16231
-1.26767
-1.26617
-1.26325
-1.25888
-1.25295
-1.2455
-1.2366
-1.22715
-1.21856
-1.21069
-1.30929
-1.30794
-1.30531
-1.30141
-1.29616
-1.28967
-1.28198
-1.27389
-1.26683
-1.26078
-1.35204
-1.35086
-1.34856
-1.34516
-1.34064
-1.33512
-1.32866
-1.32181
-1.31604
-1.31181
-1.39579
-1.39477
-1.3928
-1.38991
-1.38608
-1.38147
-1.37615
-1.37042
-1.36589
-1.36245
-1.44038
-1.43952
-1.43785
-1.43544
-1.43225
-1.42846
-1.42413
-1.41933
-1.41584
-1.41277
-1.48567
-1.48495
-1.48357
-1.48158
-1.47897
-1.47589
-1.47241
-1.46838
-1.46578
-1.46302
-1.53154
-1.53095
-1.52982
-1.52821
-1.5261
-1.52363
-1.52089
-1.51753
-1.5158
-1.51352
-1.57788
-1.5774
-1.57649
-1.57521
-1.57353
-1.57159
-1.56951
-1.56675
-1.56587
-1.5643
-1.62458
-1.6242
-1.62348
-1.62248
-1.62118
-1.6197
-1.61819
-1.61622
-1.61558
-1.6148
-1.67159
-1.67128
-1.67072
-1.66995
-1.66896
-1.66786
-1.66682
-1.66548
-1.66527
-1.6654
-1.71882
-1.71858
-1.71814
-1.71756
-1.71682
-1.71602
-1.71532
-1.71449
-1.7146
-1.71542
-1.76621
-1.76603
-1.7657
-1.76526
-1.7647
-1.76413
-1.76368
-1.76318
-1.7635
-1.76454
-1.81374
-1.8136
-1.81334
-1.81301
-1.81259
-1.81217
-1.81186
-1.81158
-1.81199
-1.81306
-1.86137
-1.86125
-1.86105
-1.86079
-1.86046
-1.86013
-1.85989
-1.85971
-1.86012
-1.86109
-1.90908
-1.90898
-1.90881
-1.90859
-1.90831
-1.90803
-1.90781
-1.90764
-1.90797
-1.90882
-1.95685
-1.95677
-1.95662
-1.95642
-1.95617
-1.9559
-1.95566
-1.95544
-1.95566
-1.9564
-1.11644
-1.11506
-1.11256
-1.10872
-1.10336
-1.0964
-1.08813
-1.07912
-1.06911
-1.06174
-1.15255
-1.15113
-1.14845
-1.1444
-1.13889
-1.1319
-1.12377
-1.11525
-1.1064
-1.09869
-1.1901
-1.18869
-1.18599
-1.18195
-1.17653
-1.16978
-1.16202
-1.15407
-1.1467
-1.13867
-1.22906
-1.22771
-1.22511
-1.22124
-1.2161
-1.20978
-1.20256
-1.19516
-1.18847
-1.18226
-1.26935
-1.2681
-1.26568
-1.2621
-1.25739
-1.25165
-1.24514
-1.23849
-1.23275
-1.22777
-1.31088
-1.30975
-1.30756
-1.30435
-1.30016
-1.2951
-1.28941
-1.28361
-1.27884
-1.27486
-1.35352
-1.35253
-1.3506
-1.34778
-1.34414
-1.33979
-1.33494
-1.32995
-1.32601
-1.32295
-1.39713
-1.39627
-1.3946
-1.39219
-1.38909
-1.38542
-1.38136
-1.3771
-1.37391
-1.37147
-1.44157
-1.44084
-1.43943
-1.4374
-1.4348
-1.43175
-1.4284
-1.42476
-1.42226
-1.42019
-1.48671
-1.4861
-1.48492
-1.48325
-1.4811
-1.4786
-1.47591
-1.47283
-1.47087
-1.46907
-1.53244
-1.53193
-1.53097
-1.5296
-1.52787
-1.52585
-1.52373
-1.52115
-1.51968
-1.51813
-1.57864
-1.57823
-1.57746
-1.57636
-1.57498
-1.57338
-1.57176
-1.56963
-1.56864
-1.56735
-1.62524
-1.62491
-1.62429
-1.62343
-1.62235
-1.62111
-1.61991
-1.61823
-1.61763
-1.61685
-1.67214
-1.67188
-1.67139
-1.67073
-1.66989
-1.66895
-1.6681
-1.66683
-1.66655
-1.66624
-1.71928
-1.71907
-1.7187
-1.71819
-1.71756
-1.71685
-1.71626
-1.71535
-1.71528
-1.71528
-1.7666
-1.76644
-1.76615
-1.76576
-1.76529
-1.76476
-1.76437
-1.76373
-1.76377
-1.76386
-1.81407
-1.81395
-1.81372
-1.81342
-1.81306
-1.81266
-1.81238
-1.81194
-1.81203
-1.81212
-1.86165
-1.86155
-1.86137
-1.86114
-1.86085
-1.86054
-1.86032
-1.86
-1.86008
-1.86013
-1.90933
-1.90924
-1.90909
-1.9089
-1.90866
-1.90839
-1.9082
-1.90792
-1.90798
-1.90798
-1.95707
-1.957
-1.95687
-1.9567
-1.95649
-1.95625
-1.95606
-1.95578
-1.95579
-1.95576
-1.11777
-1.11667
-1.11469
-1.11171
-1.10766
-1.10255
-1.0967
-1.09056
-1.08477
-1.08069
-1.15412
-1.15297
-1.15083
-1.14765
-1.14343
-1.13823
-1.1324
-1.12647
-1.12101
-1.11676
-1.1918
-1.19065
-1.18848
-1.18528
-1.18109
-1.17601
-1.1704
-1.16483
-1.16002
-1.15557
-1.23079
-1.22969
-1.22758
-1.2245
-1.22049
-1.2157
-1.21044
-1.20525
-1.20077
-1.19734
-1.27106
-1.27003
-1.26805
-1.26518
-1.26148
-1.25709
-1.25229
-1.24762
-1.2437
-1.24089
-1.3125
-1.31157
-1.30977
-1.30717
-1.30384
-1.29993
-1.29568
-1.29159
-1.28824
-1.28596
-1.35502
-1.35419
-1.3526
-1.3503
-1.34738
-1.34398
-1.34029
-1.33678
-1.33395
-1.33216
-1.39848
-1.39777
-1.39638
-1.3944
-1.39188
-1.38898
-1.38585
-1.38287
-1.3805
-1.37909
-1.44277
-1.44216
-1.44098
-1.4393
-1.43718
-1.43474
-1.43211
-1.42957
-1.4277
-1.42655
-1.48776
-1.48725
-1.48626
-1.48486
-1.4831
-1.48109
-1.47893
-1.47679
-1.47529
-1.47437
-1.53335
-1.53292
-1.5321
-1.53096
-1.52952
-1.52789
-1.52616
-1.52436
-1.52321
-1.52249
-1.57942
-1.57907
-1.57841
-1.57748
-1.57633
-1.57503
-1.57368
-1.57219
-1.57138
-1.57088
-1.62589
-1.62561
-1.62508
-1.62435
-1.62344
-1.62242
-1.62141
-1.62021
-1.6197
-1.61948
-1.67269
-1.67247
-1.67205
-1.67147
-1.67076
-1.66997
-1.6692
-1.66838
-1.66805
-1.66803
-1.71974
-1.71957
-1.71924
-1.71879
-1.71825
-1.71764
-1.71708
-1.71653
-1.71635
-1.71645
-1.76699
-1.76685
-1.7666
-1.76626
-1.76584
-1.76538
-1.76498
-1.76461
-1.76454
-1.76471
-1.8144
-1.81429
-1.81409
-1.81383
-1.81351
-1.81316
-1.81287
-1.81263
-1.81261
-1.8128
-1.86193
-1.86185
-1.86169
-1.86148
-1.86123
-1.86095
-1.86073
-1.86057
-1.86058
-1.86077
-1.90957
-1.9095
-1.90937
-1.9092
-1.90899
-1.90876
-1.90858
-1.90845
-1.90847
-1.90864
-1.95729
-1.95723
-1.95712
-1.95697
-1.95679
-1.9566
-1.95643
-1.95631
-1.95632
-1.95647
-1.11894
-1.11807
-1.11652
-1.11421
-1.11115
-1.10739
-1.1032
-1.09896
-1.09516
-1.0927
-1.15552
-1.1546
-1.1529
-1.15041
-1.14717
-1.14328
-1.13904
-1.13484
-1.13111
-1.12863
-1.19333
-1.1924
-1.19066
-1.18813
-1.18488
-1.18104
-1.17691
-1.1729
-1.16941
-1.16702
-1.23237
-1.23147
-1.22977
-1.22731
-1.22417
-1.22052
-1.21662
-1.21288
-1.20968
-1.2076
-1.27261
-1.27177
-1.27016
-1.26785
-1.26493
-1.26154
-1.25796
-1.25459
-1.25175
-1.24994
-1.31398
-1.31321
-1.31174
-1.30963
-1.30698
-1.30393
-1.30073
-1.29774
-1.29531
-1.29372
-1.35639
-1.3557
-1.35439
-1.35251
-1.35016
-1.34747
-1.34467
-1.34207
-1.33995
-1.33873
-1.39973
-1.39913
-1.39797
-1.39633
-1.3943
-1.39198
-1.38957
-1.38734
-1.38553
-1.38457
-1.44388
-1.44336
-1.44237
-1.44097
-1.43923
-1.43727
-1.43522
-1.43333
-1.43184
-1.43107
-1.48873
-1.48829
-1.48746
-1.48628
-1.48483
-1.48319
-1.48149
-1.47991
-1.47867
-1.47807
-1.53418
-1.53382
-1.53312
-1.53215
-1.53095
-1.52961
-1.52822
-1.52691
-1.52592
-1.52546
-1.58013
-1.57983
-1.57926
-1.57848
-1.5775
-1.57642
-1.57531
-1.57421
-1.57352
-1.57315
-1.6265
-1.62626
-1.62579
-1.62516
-1.62439
-1.62352
-1.62267
-1.62178
-1.6213
-1.62105
-1.6732
-1.673
-1.67263
-1.67214
-1.67152
-1.67085
-1.67021
-1.66952
-1.6692
-1.66905
-1.72016
-1.72001
-1.71972
-1.71933
-1.71885
-1.71833
-1.71786
-1.71735
-1.71715
-1.71707
-1.76735
-1.76723
-1.767
-1.76669
-1.76632
-1.76592
-1.76557
-1.76522
-1.7651
-1.76506
-1.8147
-1.8146
-1.81442
-1.81418
-1.8139
-1.81358
-1.81332
-1.81309
-1.81302
-1.813
-1.86219
-1.86211
-1.86197
-1.86178
-1.86155
-1.8613
-1.8611
-1.86094
-1.8609
-1.86089
-1.90979
-1.90973
-1.90961
-1.90946
-1.90927
-1.90907
-1.90891
-1.90878
-1.90875
-1.90874
-1.95748
-1.95743
-1.95733
-1.9572
-1.95705
-1.95687
-1.95673
-1.95663
-1.9566
-1.95659
-1.11986
-1.11917
-1.11793
-1.11612
-1.11376
-1.11092
-1.10783
-1.10476
-1.10211
-1.10035
-1.15666
-1.15591
-1.15454
-1.15256
-1.15002
-1.14704
-1.14386
-1.14076
-1.13812
-1.13636
-1.19458
-1.19382
-1.1924
-1.19037
-1.18779
-1.18482
-1.18168
-1.17867
-1.17614
-1.17446
-1.23367
-1.23292
-1.23152
-1.22953
-1.22702
-1.22416
-1.22117
-1.21834
-1.21599
-1.21443
-1.27389
-1.27319
-1.27186
-1.26997
-1.26761
-1.26493
-1.26216
-1.25957
-1.25746
-1.25603
-1.31521
-1.31456
-1.31333
-1.31159
-1.30943
-1.30699
-1.30449
-1.30217
-1.30032
-1.29901
-1.35753
-1.35694
-1.35584
-1.35427
-1.35234
-1.35017
-1.34795
-1.3459
-1.34425
-1.34323
-1.40076
-1.40024
-1.39926
-1.39789
-1.3962
-1.3943
-1.39237
-1.3906
-1.38916
-1.38833
-1.44479
-1.44435
-1.4435
-1.44232
-1.44086
-1.43924
-1.43758
-1.43608
-1.43483
-1.43416
-1.48953
-1.48915
-1.48843
-1.48743
-1.4862
-1.48483
-1.48344
-1.48218
-1.48111
-1.48058
-1.53487
-1.53456
-1.53395
-1.53312
-1.53209
-1.53095
-1.5298
-1.52873
-1.5279
-1.52747
-1.58072
-1.58046
-1.57996
-1.57928
-1.57844
-1.57751
-1.57657
-1.57567
-1.57505
-1.57471
-1.627
-1.62678
-1.62637
-1.62582
-1.62514
-1.62439
-1.62366
-1.62291
-1.62246
-1.62221
-1.67361
-1.67344
-1.67311
-1.67267
-1.67213
-1.67153
-1.67098
-1.67036
-1.67005
-1.66989
-1.72051
-1.72038
-1.72011
-1.71976
-1.71933
-1.71886
-1.71842
-1.718
-1.71776
-1.71766
-1.76764
-1.76753
-1.76732
-1.76704
-1.76671
-1.76634
-1.766
-1.7657
-1.76554
-1.76547
-1.81494
-1.81486
-1.81469
-1.81447
-1.81421
-1.81392
-1.81366
-1.81345
-1.81334
-1.8133
-1.8624
-1.86233
-1.86219
-1.86202
-1.86181
-1.86158
-1.86139
-1.86123
-1.86115
-1.86114
-1.90997
-1.90991
-1.9098
-1.90966
-1.90949
-1.90931
-1.90915
-1.90904
-1.90898
-1.90897
-1.95764
-1.95759
-1.9575
-1.95739
-1.95724
-1.95709
-1.95696
-1.95687
-1.95682
-1.95682
-1.12051
-1.11993
-1.11891
-1.11743
-1.11551
-1.11325
-1.11082
-1.10845
-1.10644
-1.10512
-1.15746
-1.15683
-1.15568
-1.15403
-1.15195
-1.14954
-1.14701
-1.14458
-1.14256
-1.14125
-1.19548
-1.19483
-1.19362
-1.19192
-1.18978
-1.18735
-1.18482
-1.18244
-1.18048
-1.17922
-1.23459
-1.23395
-1.23276
-1.23107
-1.22897
-1.22661
-1.22418
-1.22191
-1.22006
-1.2189
-1.27481
-1.2742
-1.27306
-1.27145
-1.26946
-1.26723
-1.26495
-1.26286
-1.26117
-1.2601
-1.31609
-1.31552
-1.31446
-1.31296
-1.31112
-1.30908
-1.307
-1.30511
-1.3036
-1.30263
-1.35834
-1.35783
-1.35687
-1.35551
-1.35386
-1.35202
-1.35016
-1.34847
-1.34713
-1.34634
-1.4015
-1.40105
-1.40019
-1.39899
-1.39752
-1.39591
-1.39428
-1.3928
-1.39163
-1.39097
-1.44546
-1.44506
-1.44431
-1.44327
-1.442
-1.4406
-1.4392
-1.43793
-1.43691
-1.43638
-1.49011
-1.48977
-1.48913
-1.48824
-1.48716
-1.48597
-1.48478
-1.48372
-1.48283
-1.48242
-1.53538
-1.53509
-1.53455
-1.5338
-1.5329
-1.5319
-1.5309
-1.53002
-1.52928
-1.52897
-1.58115
-1.58092
-1.58047
-1.57985
-1.5791
-1.57827
-1.57745
-1.5767
-1.57616
-1.57591
-1.62736
-1.62717
-1.62679
-1.62629
-1.62568
-1.62501
-1.62434
-1.62372
-1.62333
-1.62315
-1.67392
-1.67376
-1.67346
-1.67305
-1.67256
-1.67202
-1.6715
-1.671
-1.67072
-1.67059
-1.72077
-1.72064
-1.7204
-1.72007
-1.71968
-1.71925
-1.71885
-1.71846
-1.71826
-1.71818
-1.76785
-1.76775
-1.76755
-1.7673
-1.76698
-1.76664
-1.76634
-1.76605
-1.76591
-1.76587
-1.81512
-1.81504
-1.81489
-1.81468
-1.81443
-1.81416
-1.81392
-1.81373
-1.81362
-1.8136
-1.86255
-1.86248
-1.86236
-1.86219
-1.862
-1.86178
-1.8616
-1.86146
-1.86138
-1.86138
-1.9101
-1.91005
-1.90994
-1.90981
-1.90965
-1.90948
-1.90934
-1.90923
-1.90918
-1.90918
-1.95776
-1.95771
-1.95763
-1.95752
-1.95738
-1.95725
-1.95713
-1.95704
-1.95701
-1.95701
-1.12089
-1.12038
-1.11947
-1.11817
-1.1165
-1.11455
-1.11247
-1.11046
-1.10878
-1.10765
-1.15791
-1.15735
-1.15631
-1.15484
-1.153
-1.15089
-1.14869
-1.1466
-1.14488
-1.14376
-1.19596
-1.19538
-1.19429
-1.19275
-1.19084
-1.18868
-1.18646
-1.18439
-1.18271
-1.18163
-1.23509
-1.23451
-1.23342
-1.23189
-1.23
-1.22789
-1.22574
-1.22375
-1.22215
-1.22114
-1.2753
-1.27475
-1.2737
-1.27222
-1.27042
-1.26842
-1.26639
-1.26454
-1.26306
-1.26213
-1.31655
-1.31603
-1.31505
-1.31368
-1.31201
-1.31016
-1.3083
-1.30661
-1.30529
-1.30442
-1.35878
-1.35831
-1.35741
-1.35616
-1.35464
-1.35298
-1.3513
-1.34979
-1.3486
-1.34789
-1.40189
-1.40147
-1.40067
-1.39956
-1.39822
-1.39674
-1.39527
-1.39394
-1.39289
-1.39229
-1.4458
-1.44544
-1.44474
-1.44377
-1.4426
-1.44132
-1.44004
-1.4389
-1.43797
-1.43749
-1.49042
-1.49011
-1.4895
-1.48868
-1.48767
-1.48658
-1.48549
-1.48453
-1.4837
-1.48334
-1.53564
-1.53538
-1.53487
-1.53417
-1.53332
-1.5324
-1.53148
-1.53065
-1.53002
-1.52972
-1.58138
-1.58116
-1.58073
-1.58015
-1.57945
-1.57869
-1.57794
-1.57721
-1.57674
-1.57651
-1.62755
-1.62737
-1.62702
-1.62654
-1.62597
-1.62534
-1.62471
-1.62416
-1.62379
-1.62361
-1.67408
-1.67394
-1.67365
-1.67326
-1.6728
-1.67229
-1.67177
-1.67136
-1.67107
-1.67094
-1.7209
-1.72079
-1.72055
-1.72024
-1.71987
-1.71945
-1.71907
-1.71874
-1.71853
-1.71845
-1.76796
-1.76787
-1.76768
-1.76744
-1.76714
-1.7668
-1.76652
-1.76627
-1.76612
-1.76606
-1.81522
-1.81515
-1.81499
-1.8148
-1.81456
-1.81429
-1.81408
-1.8139
-1.81379
-1.81375
-1.86263
-1.86257
-1.86245
-1.86229
-1.8621
-1.8619
-1.86173
-1.86159
-1.86152
-1.8615
-1.91017
-1.91012
-1.91002
-1.9099
-1.90974
-1.90958
-1.90945
-1.90935
-1.90929
-1.90929
-1.95782
-1.95778
-1.9577
-1.9576
-1.95746
-1.95734
-1.95723
-1.95715
-1.95711
-1.95712
)
;

boundaryField
{
    lowerSideWalls
    {
        type            calculated;
        value           nonuniform List<scalar> 
800
(
341.531
294.879
250.123
207.277
166.177
126.274
87.7548
49.5541
15.1436
-0.182267
-0.73123
-0.777029
-0.824664
-0.868352
-0.907896
-0.945108
-0.980976
-1.01618
-1.05128
-1.08671
340.212
293.613
248.948
206.245
165.351
125.712
87.5267
49.7298
15.4678
-0.122736
-0.732482
-0.778928
-0.827339
-0.870648
-0.909368
-0.945938
-0.981369
-1.01624
-1.05111
-1.08638
337.675
291.174
246.678
204.246
163.745
124.614
87.0638
50.0436
16.0933
0.00753665
-0.731048
-0.778904
-0.829947
-0.873761
-0.911693
-0.947451
-0.982184
-1.01646
-1.05088
-1.08584
334.125
287.757
243.488
201.422
161.461
123.039
86.3683
50.4289
16.9549
0.214834
-0.731023
-0.780131
-0.834042
-0.87809
-0.914774
-0.949385
-0.98318
-1.01667
-1.05049
-1.08504
329.876
283.657
239.643
197.996
158.668
121.089
85.4684
50.816
17.9291
0.513448
-0.722313
-0.781808
-0.839817
-0.88277
-0.91798
-0.951357
-0.984105
-1.01671
-1.04987
-1.08395
325.34
279.268
235.501
194.276
155.605
118.928
84.4392
51.1749
18.9446
0.886683
-0.70267
-0.784745
-0.85009
-0.887244
-0.92021
-0.952945
-0.984753
-1.01647
-1.04898
-1.08261
320.995
275.052
231.492
190.641
152.584
116.779
83.4082
51.5194
19.9941
1.34155
-0.673847
-0.796422
-0.868371
-0.892753
-0.920428
-0.953537
-0.984988
-1.0159
-1.04786
-1.08111
317.321
271.476
228.065
187.504
149.957
114.906
82.5307
51.8731
21.0999
2.01244
-0.60714
-0.806936
-0.889616
-0.899763
-0.918731
-0.952476
-0.984669
-1.01506
-1.0466
-1.07959
314.708
268.926
225.603
185.232
148.049
113.559
81.9381
52.2149
22.1759
2.93747
-0.467843
-0.806026
-0.907279
-0.907251
-0.91669
-0.950101
-0.983805
-1.01415
-1.04543
-1.07828
313.389
267.635
224.349
184.071
147.078
112.892
81.6736
52.4395
22.7786
3.69339
-0.316429
-0.79797
-0.922938
-0.914106
-0.915868
-0.94768
-0.982788
-1.0134
-1.04457
-1.07735
341.688
295.027
250.257
207.388
166.26
126.325
87.7719
49.5323
15.1034
-0.190655
-0.732364
-0.777647
-0.824603
-0.867791
-0.90691
-0.943793
-0.97942
-1.01442
-1.04939
-1.08478
340.379
293.771
249.09
206.363
165.44
125.767
87.5465
49.7091
15.4267
-0.131546
-0.733461
-0.77942
-0.827174
-0.869987
-0.908311
-0.944563
-0.979739
-1.01441
-1.04914
-1.08437
337.862
291.352
246.838
204.38
163.847
124.678
87.0889
50.0251
16.0508
-0.00246653
-0.732008
-0.779361
-0.829682
-0.872985
-0.91053
-0.945965
-0.980431
-1.0145
-1.04878
-1.08368
334.344
287.965
243.676
201.58
161.582
123.117
86.4015
50.4137
16.912
0.203206
-0.731491
-0.780441
-0.833694
-0.877197
-0.913485
-0.947759
-0.981268
-1.01453
-1.04819
-1.08266
330.137
283.905
239.867
198.186
158.814
121.185
85.5117
50.8042
17.8872
0.499282
-0.722716
-0.781986
-0.839476
-0.881879
-0.91661
-0.949597
-0.982008
-1.01434
-1.04731
-1.0813
325.653
279.567
235.771
194.506
155.784
119.047
84.4941
51.1638
18.8996
0.869152
-0.703824
-0.784544
-0.849619
-0.886576
-0.918922
-0.951085
-0.982457
-1.01384
-1.04612
-1.07965
321.369
275.409
231.817
190.919
152.803
116.927
83.475
51.5031
19.9309
1.30986
-0.676765
-0.795593
-0.867339
-0.89227
-0.919432
-0.95166
-0.982493
-1.01299
-1.04468
-1.07782
317.762
271.897
228.449
187.835
150.221
115.087
82.6109
51.8452
20.9871
1.93343
-0.61633
-0.806122
-0.888248
-0.899226
-0.918089
-0.950716
-0.98201
-1.01189
-1.04312
-1.07599
315.215
269.41
226.045
185.617
148.36
113.778
82.0364
52.1772
21.9896
2.77853
-0.488225
-0.806543
-0.906737
-0.906598
-0.916121
-0.948422
-0.981035
-1.01074
-1.04168
-1.0744
313.949
268.171
224.841
184.502
147.432
113.15
81.7982
52.4112
22.5646
3.50475
-0.33511
-0.799844
-0.922407
-0.913439
-0.915046
-0.946179
-0.979958
-1.00981
-1.04062
-1.0733
341.531
294.879
250.123
207.277
166.177
126.274
87.7548
49.5541
15.1436
-0.182267
-0.73123
-0.777029
-0.824664
-0.868352
-0.907896
-0.945108
-0.980976
-1.01618
-1.05128
-1.08671
340.199
293.601
248.936
206.235
165.343
125.707
87.525
49.732
15.4715
-0.121904
-0.732281
-0.778989
-0.827453
-0.870752
-0.909467
-0.94603
-0.981452
-1.01632
-1.05117
-1.08643
337.636
291.137
246.644
204.216
163.721
124.599
87.0581
50.0494
16.1025
0.00958914
-0.731121
-0.779346
-0.830369
-0.874122
-0.912014
-0.947734
-0.982432
-1.01668
-1.05106
-1.08599
334.047
287.682
243.418
201.361
161.413
123.007
86.356
50.4393
16.9724
0.217887
-0.73256
-0.781116
-0.834837
-0.878812
-0.915405
-0.949937
-0.983667
-1.01709
-1.05085
-1.08534
329.745
283.531
239.525
197.893
158.585
121.034
85.4459
50.8317
17.957
0.518682
-0.725582
-0.783348
-0.840854
-0.883865
-0.918989
-0.952241
-0.984893
-1.0174
-1.05046
-1.08444
325.143
279.078
235.323
194.118
155.478
118.842
84.4038
51.1979
18.9879
0.899687
-0.706035
-0.785583
-0.851255
-0.888496
-0.921559
-0.954198
-0.985886
-1.01746
-1.04983
-1.08331
320.722
274.789
231.244
190.419
152.404
116.656
83.3593
51.5564
20.068
1.36992
-0.67688
-0.799793
-0.870958
-0.894299
-0.921943
-0.955132
-0.986491
-1.01723
-1.04899
-1.08205
316.966
271.133
227.74
187.21
149.715
114.741
82.4696
51.9367
21.2486
2.10173
-0.605082
-0.813025
-0.894734
-0.90242
-0.92033
-0.954235
-0.986515
-1.01672
-1.04802
-1.08077
314.272
268.503
225.199
184.863
147.741
113.346
81.8646
52.313
22.4484
3.15801
-0.449803
-0.812966
-0.913828
-0.911732
-0.918757
-0.951653
-0.98587
-1.01613
-1.04713
-1.07969
312.881
267.14
223.873
183.63
146.706
112.63
81.5798
52.5533
23.1364
4.01745
-0.287664
-0.803036
-0.932597
-0.920904
-0.919143
-0.949883
-0.985148
-1.01568
-1.04651
-1.07897
312.884
267.142
223.873
183.628
146.701
112.621
81.5673
52.5358
23.1025
4.03146
-0.280698
-0.803983
-0.932863
-0.920641
-0.918987
-0.949864
-0.985043
-1.01552
-1.04631
-1.07874
314.297
268.525
225.215
184.873
147.743
113.338
81.8453
52.2854
22.4103
3.16325
-0.448831
-0.815758
-0.915099
-0.911175
-0.918485
-0.951568
-0.985511
-1.01563
-1.04652
-1.07902
317.019
271.182
227.78
187.24
149.731
114.74
82.4499
51.8999
21.1977
2.07478
-0.611935
-0.815144
-0.894353
-0.901695
-0.920106
-0.953829
-0.985834
-1.01589
-1.04707
-1.07973
320.803
274.864
231.309
190.47
152.436
116.666
83.3452
51.52
20.024
1.34498
-0.685257
-0.801281
-0.870012
-0.893792
-0.921692
-0.954481
-0.985547
-1.01612
-1.04773
-1.08069
325.248
279.177
235.409
194.187
155.525
118.863
84.3988
51.1682
18.9531
0.883576
-0.713026
-0.788024
-0.851061
-0.888289
-0.921082
-0.953317
-0.98474
-1.01613
-1.04834
-1.08173
329.869
283.647
239.628
197.977
158.645
121.066
85.4493
50.8071
17.9222
0.502931
-0.730106
-0.785201
-0.841149
-0.883625
-0.918292
-0.951198
-0.983592
-1.0159
-1.04881
-1.0827
334.185
287.812
243.535
201.457
161.483
123.047
86.3655
50.4166
16.9339
0.206037
-0.734652
-0.782418
-0.835115
-0.878392
-0.914566
-0.948776
-0.98225
-1.01548
-1.0491
-1.08351
337.784
291.277
246.769
204.32
163.798
124.644
87.0717
50.0272
16.0623
-0.000197513
-0.73248
-0.78033
-0.830461
-0.873595
-0.911092
-0.946493
-0.980938
-1.01499
-1.04924
-1.08411
340.353
293.747
249.067
206.344
165.424
125.756
87.5409
49.7102
15.4319
-0.13064
-0.733456
-0.779661
-0.827405
-0.870167
-0.908489
-0.944738
-0.979914
-1.01458
-1.04931
-1.08452
341.688
295.027
250.257
207.388
166.26
126.325
87.7719
49.5323
15.1034
-0.190655
-0.732364
-0.777647
-0.824603
-0.867791
-0.90691
-0.943793
-0.97942
-1.01442
-1.04939
-1.08478
)
;
    }
    upperSideWalls
    {
        type            calculated;
        value           nonuniform List<scalar> 
800
(
-1.12279
-1.15975
-1.19768
-1.23666
-1.27669
-1.31776
-1.3598
-1.40274
-1.44648
-1.49094
-1.53602
-1.58163
-1.62769
-1.67412
-1.72086
-1.76785
-1.81504
-1.8624
-1.9099
-1.9575
-1.12237
-1.15926
-1.19716
-1.23613
-1.27617
-1.31727
-1.35935
-1.40233
-1.44612
-1.49063
-1.53575
-1.58141
-1.62751
-1.67397
-1.72074
-1.76775
-1.81496
-1.86233
-1.90984
-1.95746
-1.12161
-1.15836
-1.19618
-1.23513
-1.27519
-1.31634
-1.35849
-1.40155
-1.44543
-1.49003
-1.53524
-1.58097
-1.62714
-1.67367
-1.72049
-1.76754
-1.81479
-1.86219
-1.90972
-1.95736
-1.12052
-1.15708
-1.1948
-1.23372
-1.27382
-1.31504
-1.35729
-1.40047
-1.44448
-1.4892
-1.53453
-1.58038
-1.62665
-1.67326
-1.72016
-1.76727
-1.81457
-1.86201
-1.90957
-1.95723
-1.11911
-1.15547
-1.19309
-1.232
-1.27214
-1.31345
-1.35583
-1.39916
-1.44333
-1.4882
-1.53368
-1.57966
-1.62605
-1.67277
-1.71976
-1.76695
-1.81431
-1.8618
-1.90939
-1.95708
-1.11746
-1.15363
-1.19116
-1.23006
-1.27027
-1.31169
-1.35422
-1.39772
-1.44206
-1.48711
-1.53276
-1.57889
-1.62541
-1.67225
-1.71933
-1.7666
-1.81403
-1.86157
-1.90921
-1.95692
-1.1157
-1.1517
-1.18917
-1.22809
-1.26837
-1.30993
-1.35262
-1.39629
-1.44081
-1.48603
-1.53184
-1.57812
-1.62478
-1.67173
-1.71891
-1.76627
-1.81376
-1.86135
-1.90903
-1.95678
-1.11398
-1.14988
-1.18731
-1.22626
-1.26663
-1.30831
-1.35116
-1.39501
-1.43969
-1.48507
-1.53103
-1.57745
-1.62423
-1.67128
-1.71854
-1.76597
-1.81352
-1.86117
-1.90888
-1.95665
-1.11255
-1.14837
-1.18579
-1.22478
-1.26524
-1.30704
-1.35002
-1.39401
-1.43882
-1.48433
-1.5304
-1.57692
-1.62379
-1.67095
-1.7183
-1.76579
-1.81339
-1.86107
-1.90881
-1.9566
-1.11157
-1.14737
-1.18481
-1.22384
-1.26437
-1.30624
-1.3493
-1.39336
-1.4383
-1.48391
-1.53008
-1.57667
-1.62361
-1.67081
-1.71819
-1.76572
-1.81335
-1.86105
-1.9088
-1.9566
-1.12089
-1.15791
-1.19596
-1.23509
-1.2753
-1.31655
-1.35878
-1.40189
-1.4458
-1.49042
-1.53564
-1.58138
-1.62755
-1.67408
-1.7209
-1.76796
-1.81522
-1.86263
-1.91017
-1.95782
-1.12038
-1.15735
-1.19538
-1.23451
-1.27475
-1.31603
-1.35831
-1.40147
-1.44544
-1.49011
-1.53538
-1.58116
-1.62737
-1.67394
-1.72079
-1.76787
-1.81515
-1.86257
-1.91012
-1.95778
-1.11947
-1.15631
-1.19429
-1.23342
-1.2737
-1.31505
-1.35741
-1.40067
-1.44474
-1.4895
-1.53487
-1.58073
-1.62702
-1.67365
-1.72055
-1.76768
-1.81499
-1.86245
-1.91002
-1.9577
-1.11817
-1.15484
-1.19275
-1.23189
-1.27222
-1.31368
-1.35616
-1.39956
-1.44377
-1.48868
-1.53417
-1.58015
-1.62654
-1.67326
-1.72024
-1.76744
-1.8148
-1.86229
-1.9099
-1.9576
-1.1165
-1.153
-1.19084
-1.23
-1.27042
-1.31201
-1.35464
-1.39822
-1.4426
-1.48767
-1.53332
-1.57945
-1.62597
-1.6728
-1.71987
-1.76714
-1.81456
-1.8621
-1.90974
-1.95746
-1.11455
-1.15089
-1.18868
-1.22789
-1.26842
-1.31016
-1.35298
-1.39674
-1.44132
-1.48658
-1.5324
-1.57869
-1.62534
-1.67229
-1.71945
-1.7668
-1.81429
-1.8619
-1.90958
-1.95734
-1.11247
-1.14869
-1.18646
-1.22574
-1.26639
-1.3083
-1.3513
-1.39527
-1.44004
-1.48549
-1.53148
-1.57794
-1.62471
-1.67177
-1.71907
-1.76652
-1.81408
-1.86173
-1.90945
-1.95723
-1.11046
-1.1466
-1.18439
-1.22375
-1.26454
-1.30661
-1.34979
-1.39394
-1.4389
-1.48453
-1.53065
-1.57721
-1.62416
-1.67136
-1.71874
-1.76627
-1.8139
-1.86159
-1.90935
-1.95715
-1.10878
-1.14488
-1.18271
-1.22215
-1.26306
-1.30529
-1.3486
-1.39289
-1.43797
-1.4837
-1.53002
-1.57674
-1.62379
-1.67107
-1.71853
-1.76612
-1.81379
-1.86152
-1.90929
-1.95711
-1.10765
-1.14376
-1.18163
-1.22114
-1.26213
-1.30442
-1.34789
-1.39229
-1.43749
-1.48334
-1.52972
-1.57651
-1.62361
-1.67094
-1.71845
-1.76606
-1.81375
-1.8615
-1.90929
-1.95712
-1.12279
-1.15975
-1.19768
-1.23666
-1.27669
-1.31776
-1.3598
-1.40274
-1.44648
-1.49094
-1.53602
-1.58163
-1.62769
-1.67412
-1.72086
-1.76785
-1.81504
-1.8624
-1.9099
-1.9575
-1.12241
-1.15929
-1.19718
-1.23615
-1.27618
-1.31727
-1.35935
-1.40233
-1.44612
-1.49062
-1.53575
-1.5814
-1.6275
-1.67396
-1.72073
-1.76774
-1.81495
-1.86232
-1.90983
-1.95745
-1.12173
-1.15846
-1.19626
-1.23518
-1.27523
-1.31636
-1.3585
-1.40155
-1.44543
-1.49002
-1.53522
-1.58095
-1.62712
-1.67365
-1.72047
-1.76752
-1.81477
-1.86217
-1.9097
-1.95734
-1.12076
-1.15727
-1.19495
-1.23383
-1.27389
-1.31508
-1.35731
-1.40047
-1.44447
-1.48918
-1.5345
-1.58034
-1.62661
-1.67322
-1.72011
-1.76723
-1.81453
-1.86197
-1.90953
-1.95719
-1.1195
-1.15578
-1.19333
-1.23216
-1.27225
-1.31352
-1.35586
-1.39916
-1.4433
-1.48816
-1.53363
-1.5796
-1.62598
-1.6727
-1.71968
-1.76687
-1.81423
-1.86172
-1.90932
-1.95701
-1.11803
-1.15407
-1.1915
-1.2303
-1.27043
-1.31179
-1.35426
-1.39772
-1.44203
-1.48705
-1.53268
-1.57879
-1.62531
-1.67213
-1.71921
-1.76649
-1.81391
-1.86146
-1.9091
-1.95682
-1.11645
-1.15229
-1.18962
-1.2284
-1.26858
-1.31004
-1.35266
-1.39628
-1.44076
-1.48595
-1.53173
-1.57799
-1.62463
-1.67158
-1.71875
-1.76611
-1.8136
-1.8612
-1.90888
-1.95664
-1.11494
-1.15062
-1.18787
-1.22665
-1.26689
-1.30846
-1.35121
-1.39498
-1.43962
-1.48496
-1.53089
-1.57728
-1.62403
-1.67108
-1.71834
-1.76577
-1.81332
-1.86097
-1.90869
-1.95647
-1.11369
-1.14926
-1.18647
-1.22526
-1.26556
-1.30722
-1.35008
-1.39398
-1.43873
-1.48419
-1.53023
-1.57673
-1.62358
-1.67071
-1.71804
-1.76553
-1.81313
-1.86081
-1.90856
-1.95637
-1.11289
-1.14841
-1.1856
-1.22442
-1.26476
-1.30649
-1.34942
-1.39339
-1.43822
-1.48375
-1.52985
-1.5764
-1.62331
-1.67048
-1.71787
-1.7654
-1.81303
-1.86074
-1.90851
-1.95633
-1.11265
-1.14818
-1.1854
-1.22424
-1.26461
-1.30636
-1.34932
-1.39331
-1.43816
-1.48371
-1.52983
-1.5764
-1.62331
-1.6705
-1.71789
-1.76543
-1.81306
-1.86078
-1.90855
-1.95637
-1.113
-1.1486
-1.18587
-1.22474
-1.26512
-1.30685
-1.34979
-1.39374
-1.43855
-1.48406
-1.53014
-1.57667
-1.62356
-1.67071
-1.71807
-1.76558
-1.8132
-1.8609
-1.90866
-1.95648
-1.11387
-1.14959
-1.18693
-1.22583
-1.26619
-1.30788
-1.35074
-1.39461
-1.43933
-1.48475
-1.53074
-1.57719
-1.624
-1.67109
-1.7184
-1.76586
-1.81344
-1.86111
-1.90885
-1.95665
-1.11508
-1.15098
-1.18842
-1.22734
-1.26767
-1.30929
-1.35204
-1.39579
-1.44038
-1.48567
-1.53154
-1.57788
-1.62458
-1.67159
-1.71882
-1.76621
-1.81374
-1.86137
-1.90908
-1.95685
-1.11644
-1.15255
-1.1901
-1.22906
-1.26935
-1.31088
-1.35352
-1.39713
-1.44157
-1.48671
-1.53244
-1.57864
-1.62524
-1.67214
-1.71928
-1.7666
-1.81407
-1.86165
-1.90933
-1.95707
-1.11777
-1.15412
-1.1918
-1.23079
-1.27106
-1.3125
-1.35502
-1.39848
-1.44277
-1.48776
-1.53335
-1.57942
-1.62589
-1.67269
-1.71974
-1.76699
-1.8144
-1.86193
-1.90957
-1.95729
-1.11894
-1.15552
-1.19333
-1.23237
-1.27261
-1.31398
-1.35639
-1.39973
-1.44388
-1.48873
-1.53418
-1.58013
-1.6265
-1.6732
-1.72016
-1.76735
-1.8147
-1.86219
-1.90979
-1.95748
-1.11986
-1.15666
-1.19458
-1.23367
-1.27389
-1.31521
-1.35753
-1.40076
-1.44479
-1.48953
-1.53487
-1.58072
-1.627
-1.67361
-1.72051
-1.76764
-1.81494
-1.8624
-1.90997
-1.95764
-1.12051
-1.15746
-1.19548
-1.23459
-1.27481
-1.31609
-1.35834
-1.4015
-1.44546
-1.49011
-1.53538
-1.58115
-1.62736
-1.67392
-1.72077
-1.76785
-1.81512
-1.86255
-1.9101
-1.95776
-1.12089
-1.15791
-1.19596
-1.23509
-1.2753
-1.31655
-1.35878
-1.40189
-1.4458
-1.49042
-1.53564
-1.58138
-1.62755
-1.67408
-1.7209
-1.76796
-1.81522
-1.86263
-1.91017
-1.95782
)
;
    }
    lowerWall
    {
        type            calculated;
        value           nonuniform List<scalar> 
200
(
366.056
364.724
362.161
358.572
354.27
349.668
345.247
341.491
338.797
337.406
337.409
338.822
341.544
345.328
349.773
354.394
358.71
362.309
364.878
366.213
364.737
363.25
360.374
356.314
351.392
346.051
340.84
336.343
333.073
331.368
331.365
333.096
336.4
340.929
346.167
351.527
356.463
360.532
363.414
364.904
362.2
360.4
356.892
351.868
345.658
338.757
331.844
325.721
321.164
318.752
318.73
321.181
325.789
331.953
338.896
345.817
352.04
357.072
360.585
362.387
358.65
356.381
351.91
345.398
337.153
327.717
317.957
309.062
302.348
298.835
298.763
302.351
309.151
318.101
327.893
337.35
345.607
352.125
356.599
358.869
354.401
351.514
345.759
337.215
326.099
312.918
298.755
285.439
275.164
269.614
269.459
275.149
285.578
298.96
313.152
326.352
337.477
346.022
351.776
354.662
349.865
346.243
338.935
327.865
313.011
294.642
273.961
253.276
235.172
223.2
223.061
235.265
253.563
274.276
294.963
313.343
328.199
339.261
346.561
350.178
345.52
341.114
332.117
318.219
298.976
274.081
244.258
211.116
177.96
155.381
155.28
178.457
211.688
244.719
274.512
299.417
318.647
332.522
341.499
345.894
341.846
336.71
326.109
309.473
285.844
253.552
211.178
160.146
109.725
92.9587
91.9745
110.022
161.04
211.765
254.121
286.442
310.026
326.607
337.17
342.287
339.233
333.538
321.685
302.958
275.873
235.785
178.262
110.332
66.5165
78.1103
76.3107
66.0394
112.069
179.092
236.584
276.712
303.67
322.285
334.074
339.74
337.914
331.923
319.41
299.681
270.741
224.409
156.498
94.8731
79.1699
66.2794
66.9583
82.0476
98.2903
157.314
225.429
271.848
300.549
320.102
332.524
338.474
)
;
    }
    atmosphere
    {
        type            calculated;
        value           nonuniform List<scalar> 0();
    }
    procBoundary0to1
    {
        type            processor;
        value           nonuniform List<scalar> 
800
(
313.444
267.686
224.397
184.113
147.11
112.908
81.6686
52.4084
22.716
3.72252
-0.293861
-0.797195
-0.923948
-0.913344
-0.915039
-0.947282
-0.982339
-1.01296
-1.04416
-1.07695
307.446
261.644
218.302
178.169
141.767
108.61
78.972
51.9116
25.3013
8.61253
-0.552452
-1.00442
-1.07817
-1.0004
-0.947209
-0.955005
-0.98267
-1.01169
-1.04233
-1.07485
294.908
248.862
205.272
165.452
130.392
99.3586
72.7846
49.2326
23.6897
10.6876
1.33505
-0.995473
-1.05156
-0.98785
-0.957652
-0.962446
-0.984052
-1.01056
-1.03978
-1.07128
275.095
228.465
184.071
144.685
112.26
85.1596
63.5068
45.0269
24.199
12.1398
2.05353
-0.989592
-0.994507
-0.959499
-0.955349
-0.963511
-0.983317
-1.00783
-1.03529
-1.0654
246.073
197.34
149.134
104.744
75.0477
56.3796
41.8181
34.2577
29.5005
13.2486
-0.37435
-0.913478
-0.924241
-0.924742
-0.939162
-0.957533
-0.978908
-1.00194
-1.02736
-1.05582
200.264
140.444
85.9898
29.9781
8.01891
4.51693
1.90112
-0.417361
14.2279
0.34044
-0.63543
-0.768513
-0.83568
-0.88695
-0.923358
-0.950938
-0.972359
-0.992168
-1.01431
-1.04049
133.772
48.7745
13.7722
8.60047
7.43419
6.58171
4.50388
2.81106
1.45964
0.375975
-0.406687
-0.637706
-0.775314
-0.862683
-0.919819
-0.951798
-0.969016
-0.981934
-0.998345
-1.02096
78.2465
24.1607
13.4361
8.34696
7.18177
6.73924
5.54855
3.89127
1.64522
0.272334
-0.329899
-0.598268
-0.748633
-0.853721
-0.912936
-0.932752
-0.940223
-0.957119
-0.970693
-0.993242
70.8972
36.0558
17.609
8.75897
7.383
6.83464
5.74405
4.10886
2.05449
0.553123
-0.239711
-0.620665
-0.755862
-0.869129
-0.948754
-0.950802
-0.92477
-0.919234
-0.933747
-0.960351
59.7048
33.3303
18.5759
9.26686
7.71026
7.11135
5.89259
4.24797
2.01113
0.616495
-0.0574207
-0.440754
-0.671653
-0.813592
-0.889138
-0.91066
-0.903455
-0.901605
-0.915115
-0.943002
55.2825
32.4875
16.7249
9.2956
7.84417
7.22764
5.94482
4.33666
2.13449
0.649638
-0.0664327
-0.464503
-0.688743
-0.823986
-0.902843
-0.921459
-0.90931
-0.901325
-0.910559
-0.936346
74.6046
37.3728
17.4763
8.90631
7.51457
6.99738
5.7877
3.96347
1.75455
0.370412
-0.340909
-0.648062
-0.743269
-0.84799
-0.944672
-0.957221
-0.923603
-0.906342
-0.91166
-0.934496
82.9528
22.9046
13.186
8.51576
7.40816
6.92162
5.58416
3.7031
1.36912
0.132851
-0.379922
-0.619301
-0.757985
-0.856043
-0.916193
-0.933785
-0.930292
-0.929432
-0.940177
-0.964161
134.981
48.675
13.5749
8.511
7.5082
6.87519
4.6112
2.56488
1.24011
0.275581
-0.439766
-0.650586
-0.78019
-0.861202
-0.913704
-0.940959
-0.951861
-0.961061
-0.977105
-1.00178
201.505
141.654
86.7234
30.3622
9.0756
4.56718
1.69379
-0.598653
12.7389
0.35526
-0.670419
-0.793951
-0.845221
-0.889755
-0.921884
-0.945139
-0.962314
-0.979272
-1.00049
-1.02746
247.327
198.461
149.812
105.455
75.9816
56.6878
41.9217
34.0286
29.0599
11.652
-0.317387
-0.935533
-0.938661
-0.928948
-0.939654
-0.954321
-0.972708
-0.993773
-1.01835
-1.047
276.04
229.378
184.867
145.369
112.861
85.6862
63.8968
45.0363
23.8715
11.6739
2.41235
-0.999655
-1.00308
-0.961574
-0.956931
-0.961277
-0.97882
-1.00197
-1.02874
-1.05883
295.648
249.563
205.909
166.007
130.873
99.7555
73.0029
49.2289
23.3983
10.3856
1.52361
-1.00156
-1.05888
-0.989313
-0.957201
-0.960122
-0.980253
-1.00583
-1.03458
-1.06602
308.083
262.25
218.855
178.656
142.178
108.922
79.1325
51.8832
25.0153
8.30898
-0.549921
-1.01057
-1.08117
-1.00046
-0.945536
-0.952534
-0.979244
-1.00762
-1.03793
-1.07038
314.036
268.253
224.918
184.573
147.493
113.191
81.8137
52.3903
22.5125
3.57524
-0.289942
-0.796832
-0.925141
-0.913295
-0.913704
-0.944992
-0.979198
-1.00924
-1.04012
-1.07284
-1.11118
-1.14701
-1.18449
-1.22357
-1.26414
-1.30607
-1.34918
-1.39329
-1.43825
-1.48389
-1.53008
-1.5767
-1.62365
-1.67085
-1.71825
-1.76578
-1.81341
-1.86111
-1.90887
-1.95667
-1.10893
-1.1447
-1.1822
-1.22139
-1.26213
-1.30427
-1.3476
-1.39195
-1.43712
-1.48296
-1.52932
-1.57609
-1.62316
-1.67047
-1.71795
-1.76555
-1.81323
-1.86096
-1.90874
-1.95655
-1.10474
-1.14023
-1.1777
-1.21705
-1.25811
-1.30066
-1.34447
-1.38928
-1.43489
-1.48112
-1.52782
-1.57489
-1.62222
-1.66974
-1.71739
-1.76512
-1.81289
-1.86069
-1.90851
-1.95634
-1.09801
-1.13313
-1.17063
-1.21032
-1.25197
-1.29527
-1.33987
-1.38545
-1.43175
-1.47859
-1.52581
-1.57331
-1.621
-1.66882
-1.71671
-1.76462
-1.81252
-1.8604
-1.90825
-1.9561
-1.08746
-1.12225
-1.15992
-1.20021
-1.24281
-1.28733
-1.33321
-1.37997
-1.42729
-1.475
-1.52297
-1.57109
-1.61931
-1.66757
-1.71583
-1.76402
-1.8121
-1.86007
-1.90796
-1.95581
-1.071
-1.10562
-1.14376
-1.18513
-1.2294
-1.27594
-1.32385
-1.37236
-1.42113
-1.47002
-1.519
-1.568
-1.61696
-1.66584
-1.71464
-1.76318
-1.81149
-1.85957
-1.90747
-1.95528
-1.04968
-1.0839
-1.12254
-1.16549
-1.21224
-1.26169
-1.31245
-1.36345
-1.41424
-1.46468
-1.51482
-1.56478
-1.6146
-1.6642
-1.71398
-1.76293
-1.81142
-1.85947
-1.90724
-1.95493
-1.02329
-1.06039
-1.1015
-1.14526
-1.19345
-1.24491
-1.29798
-1.35144
-1.40435
-1.45678
-1.50883
-1.56038
-1.61147
-1.66201
-1.71228
-1.76199
-1.811
-1.85913
-1.90665
-1.95398
-0.994752
-1.03578
-1.08107
-1.12922
-1.18124
-1.2355
-1.29071
-1.34602
-1.40042
-1.45383
-1.50648
-1.55857
-1.61033
-1.66153
-1.71194
-1.76179
-1.81083
-1.85902
-1.9067
-1.95421
-0.980911
-1.0255
-1.07393
-1.12511
-1.17869
-1.23343
-1.28888
-1.34419
-1.39901
-1.45316
-1.50673
-1.55967
-1.61201
-1.66318
-1.71353
-1.76304
-1.81168
-1.85953
-1.90696
-1.95452
-0.975203
-1.02297
-1.07407
-1.12683
-1.18142
-1.23665
-1.29192
-1.34656
-1.4005
-1.45385
-1.50687
-1.55957
-1.61161
-1.66265
-1.71282
-1.76225
-1.81083
-1.85868
-1.90612
-1.95375
-0.971282
-1.01722
-1.06728
-1.12149
-1.17717
-1.23416
-1.2916
-1.34707
-1.40165
-1.45515
-1.50837
-1.5613
-1.61349
-1.66452
-1.71457
-1.76384
-1.81226
-1.85984
-1.90698
-1.95429
-0.99973
-1.04165
-1.08755
-1.13767
-1.19081
-1.24465
-1.29797
-1.34976
-1.40179
-1.45405
-1.50615
-1.5593
-1.61192
-1.66369
-1.7143
-1.76377
-1.81218
-1.85982
-1.90708
-1.95447
-1.03375
-1.07186
-1.11493
-1.16158
-1.21043
-1.26077
-1.31183
-1.36299
-1.41399
-1.46471
-1.51528
-1.56522
-1.61523
-1.66551
-1.71533
-1.76437
-1.81268
-1.86051
-1.90812
-1.95572
-1.05984
-1.09681
-1.13754
-1.18138
-1.22731
-1.27468
-1.32294
-1.37157
-1.42035
-1.46921
-1.51817
-1.56723
-1.61704
-1.66645
-1.71543
-1.76402
-1.81224
-1.86019
-1.90797
-1.95573
-1.07961
-1.11578
-1.155
-1.19684
-1.2406
-1.28583
-1.33212
-1.37913
-1.42663
-1.47451
-1.52269
-1.5711
-1.61971
-1.66823
-1.71661
-1.76484
-1.81291
-1.86084
-1.90869
-1.9565
-1.09199
-1.12798
-1.1665
-1.20721
-1.2497
-1.29361
-1.33867
-1.38457
-1.43112
-1.47816
-1.52559
-1.57329
-1.62119
-1.66918
-1.71718
-1.76516
-1.81309
-1.86096
-1.90881
-1.95664
-1.0998
-1.13586
-1.17404
-1.21411
-1.25581
-1.2989
-1.34314
-1.38829
-1.43416
-1.48061
-1.52752
-1.57478
-1.62229
-1.66997
-1.71773
-1.76555
-1.81337
-1.8612
-1.90903
-1.95688
-1.10467
-1.14084
-1.17887
-1.21861
-1.25988
-1.30249
-1.34623
-1.39091
-1.43636
-1.48243
-1.529
-1.57596
-1.62321
-1.67066
-1.71825
-1.76593
-1.81367
-1.86144
-1.90924
-1.95707
-1.10723
-1.14338
-1.1813
-1.22086
-1.26192
-1.30428
-1.34778
-1.39222
-1.43746
-1.48334
-1.52973
-1.57654
-1.62365
-1.67099
-1.7185
-1.76612
-1.81381
-1.86155
-1.90934
-1.95717
)
;
    }
    procBoundary0to2
    {
        type            processor;
        value           nonuniform List<scalar> 
200
(
-2.00521
-2.00517
-2.00508
-2.00498
-2.00484
-2.00471
-2.00458
-2.00448
-2.00444
-2.00445
-2.00516
-2.00511
-2.00502
-2.00491
-2.00477
-2.00462
-2.00448
-2.00436
-2.00431
-2.00432
-2.00506
-2.00501
-2.00492
-2.00479
-2.00463
-2.00446
-2.00431
-2.00417
-2.00411
-2.0041
-2.00494
-2.00488
-2.00477
-2.00462
-2.00444
-2.00425
-2.00407
-2.00389
-2.00384
-2.00382
-2.00478
-2.00471
-2.00459
-2.00442
-2.00421
-2.00397
-2.00375
-2.00352
-2.00347
-2.00347
-2.00461
-2.00453
-2.00438
-2.00418
-2.00393
-2.00362
-2.00335
-2.00295
-2.00296
-2.00281
-2.00445
-2.00435
-2.00419
-2.00396
-2.00365
-2.00329
-2.00293
-2.00246
-2.00248
-2.00223
-2.00431
-2.00419
-2.004
-2.00373
-2.00337
-2.00285
-2.00245
-2.00183
-2.00184
-2.00123
-2.00422
-2.0041
-2.00388
-2.0036
-2.0032
-2.00262
-2.00216
-2.00118
-2.00042
-2.00012
-2.00419
-2.00406
-2.00383
-2.00352
-2.00316
-2.00245
-2.00181
-2.00066
-1.99946
-2.00015
-2.00424
-2.00411
-2.0039
-2.00361
-2.00327
-2.00262
-2.00211
-2.00093
-2.00081
-2.0024
-2.00434
-2.00422
-2.00403
-2.00378
-2.00343
-2.00297
-2.00258
-2.00175
-2.00279
-2.00605
-2.0045
-2.0044
-2.00424
-2.00402
-2.00373
-2.00335
-2.00301
-2.00201
-2.0025
-2.00275
-2.00469
-2.00461
-2.00447
-2.00429
-2.00404
-2.00378
-2.00352
-2.00322
-2.00336
-2.00397
-2.00489
-2.00482
-2.0047
-2.00455
-2.00435
-2.00412
-2.00393
-2.00363
-2.0036
-2.00353
-2.00508
-2.00503
-2.00493
-2.0048
-2.00464
-2.00446
-2.0043
-2.00417
-2.00417
-2.00431
-2.00526
-2.00521
-2.00512
-2.00501
-2.00487
-2.00472
-2.0046
-2.00449
-2.00447
-2.00445
-2.0054
-2.00536
-2.00528
-2.00518
-2.00506
-2.00493
-2.00482
-2.00473
-2.0047
-2.0047
-2.0055
-2.00547
-2.00539
-2.0053
-2.00519
-2.00507
-2.00497
-2.0049
-2.00487
-2.00488
-2.00556
-2.00553
-2.00546
-2.00537
-2.00526
-2.00516
-2.00507
-2.00501
-2.00498
-2.00498
)
;
    }
}


// ************************************************************************* //
