/*--------------------------------*- C++ -*----------------------------------*\
| =========                 |                                                 |
| \\      /  F ield         | OpenFOAM: The Open Source CFD Toolbox           |
|  \\    /   O peration     | Version:  2312                                  |
|   \\  /    A nd           | Website:  www.openfoam.com                      |
|    \\/     M anipulation  |                                                 |
\*---------------------------------------------------------------------------*/
FoamFile
{
    version     2.0;
    format      ascii;
    arch        "LSB;label=32;scalar=64";
    class       volScalarField;
    location    "0.615";
    object      p;
}
// * * * * * * * * * * * * * * * * * * * * * * * * * * * * * * * * * * * * * //

dimensions      [1 -1 -2 0 0 0 0];

internalField   nonuniform List<scalar> 
8000
(
362.807
361.857
359.917
357.169
353.864
350.324
346.9
343.959
341.799
340.338
314.248
313.19
311.028
307.963
304.253
300.226
296.281
292.858
290.373
288.674
266.361
265.052
262.407
258.662
254.093
249.029
243.959
239.461
236.213
234.193
219.294
217.57
214.141
209.309
203.378
196.656
189.63
183.253
178.837
176.675
173.52
171.089
166.481
160.131
152.143
142.777
132.97
123.312
115.802
114.212
129.507
125.663
118.962
110.376
100.166
88.3439
74.5304
57.6443
42.7946
43.4984
87.0277
82.5205
73.9219
63.8645
49.7674
33.5696
19.8486
10.0981
4.81102
6.6915
51.5004
43.6594
31.6515
19.5898
10.4123
4.58948
1.27885
0.993384
1.10566
1.27571
26.6625
13.7275
5.12239
1.31345
0.44631
0.441838
0.57336
0.693205
0.822106
0.92271
7.35566
1.94562
0.639483
0.319131
0.184037
0.161704
0.258625
0.416532
0.540611
0.629416
-0.20738
-0.151389
-0.138397
-0.151134
-0.181602
-0.135426
0.00162065
0.164421
0.277268
0.357197
-0.375824
-0.372607
-0.393049
-0.400732
-0.387281
-0.309874
-0.170025
-0.0450303
0.0425179
0.104563
-0.530646
-0.533165
-0.529392
-0.504359
-0.469667
-0.391467
-0.291788
-0.216051
-0.156808
-0.116101
-0.615572
-0.612487
-0.596466
-0.557331
-0.510441
-0.448651
-0.397792
-0.353253
-0.319124
-0.297237
-0.625771
-0.623606
-0.612858
-0.587137
-0.551462
-0.517172
-0.491919
-0.46502
-0.446877
-0.434616
-0.637298
-0.63629
-0.630644
-0.618555
-0.602641
-0.588811
-0.571311
-0.556571
-0.548871
-0.539178
-0.678058
-0.67734
-0.674052
-0.667633
-0.659864
-0.654367
-0.639538
-0.633853
-0.631048
-0.625003
-0.732774
-0.731611
-0.728763
-0.723924
-0.718289
-0.715438
-0.712223
-0.707989
-0.702077
-0.698408
-0.790957
-0.789888
-0.787899
-0.783986
-0.779844
-0.777645
-0.77897
-0.774718
-0.768591
-0.763987
-0.854264
-0.853557
-0.852269
-0.84956
-0.846346
-0.844217
-0.844078
-0.839301
-0.834664
-0.828542
363.416
362.49
360.587
357.935
354.779
351.428
348.225
345.487
343.43
341.826
314.846
313.801
311.736
308.801
305.279
301.51
297.887
294.763
292.419
290.407
266.96
265.716
263.196
259.628
255.312
250.631
246.067
242.003
238.845
236.254
219.822
218.227
214.996
210.402
204.764
198.454
192.062
186.311
181.875
178.902
174.08
171.874
167.55
161.392
153.526
144.591
135.322
125.971
117.614
115.995
129.831
126.576
120.376
111.891
101.531
89.2996
74.8163
57.4485
40.6249
43.3124
88.4821
83.7101
75.5674
64.958
50.1557
32.7323
16.4891
7.20424
3.23467
5.24908
51.5602
45.2214
33.3771
20.3693
9.52534
3.80956
1.05203
0.850886
0.970213
1.1872
27.3697
15.239
5.28087
1.24694
0.22298
0.284476
0.456282
0.631379
0.765111
0.891482
6.56869
1.37676
0.253178
-0.02672
-0.0123114
0.0110903
0.126746
0.319459
0.473625
0.601809
-0.417805
-0.309275
-0.275218
-0.290075
-0.326066
-0.310747
-0.175469
0.0465037
0.19708
0.324863
-0.48429
-0.490285
-0.505873
-0.498309
-0.508493
-0.487413
-0.337579
-0.144733
-0.0308607
0.074535
-0.586512
-0.591156
-0.578662
-0.577235
-0.581652
-0.532238
-0.395691
-0.27942
-0.209344
-0.138134
-0.667935
-0.674592
-0.678975
-0.648878
-0.606206
-0.529207
-0.439563
-0.388416
-0.354376
-0.31684
-0.680185
-0.681786
-0.672593
-0.642976
-0.598526
-0.543482
-0.502423
-0.481299
-0.471261
-0.456517
-0.664309
-0.661636
-0.651632
-0.63426
-0.611458
-0.59055
-0.57513
-0.561753
-0.559251
-0.55664
-0.682701
-0.68012
-0.675181
-0.667869
-0.659492
-0.65445
-0.646857
-0.637035
-0.636191
-0.634606
-0.728143
-0.726011
-0.723931
-0.721324
-0.718332
-0.717396
-0.713389
-0.707433
-0.706819
-0.704919
-0.78253
-0.781495
-0.781043
-0.779913
-0.778069
-0.776705
-0.775314
-0.771864
-0.772192
-0.770228
-0.845554
-0.845506
-0.846099
-0.845465
-0.843506
-0.841137
-0.839573
-0.834688
-0.835385
-0.83458
364.362
363.486
361.697
359.191
356.219
353.072
350.062
347.479
345.534
344.038
315.844
314.879
312.915
310.147
306.845
303.327
299.942
297.013
294.822
292.962
268.022
266.88
264.521
261.175
257.153
252.827
248.633
244.95
242.107
239.623
221.036
219.584
216.587
212.283
207.075
201.379
195.76
190.689
186.466
183.537
175.332
173.399
169.478
163.716
156.576
148.664
140.752
133.126
126.202
123.9
131.1
128.297
122.677
114.766
105.252
94.461
82.6586
69.4667
58.0067
59.0702
89.9075
85.981
78.7957
68.7784
55.0801
39.4326
25.0966
13.9889
7.52319
10.6792
52.3663
47.4705
37.1963
24.7363
12.2562
5.69315
2.46478
1.05531
0.92872
1.0561
26.6679
17.3937
7.13284
1.70711
0.0312782
0.100241
0.356773
0.632622
0.784789
0.895455
4.66829
1.55318
0.353275
-0.315291
-0.153851
-0.110767
0.0148302
0.2506
0.42381
0.558883
-0.405319
-0.396514
-0.411383
-0.385439
-0.409185
-0.430045
-0.329608
-0.114014
0.0606206
0.242757
-0.487551
-0.515
-0.525834
-0.515622
-0.522504
-0.525276
-0.454846
-0.324011
-0.210466
-0.020347
-0.543844
-0.5628
-0.562009
-0.552937
-0.540862
-0.5186
-0.458179
-0.400198
-0.339662
-0.203653
-0.603567
-0.608241
-0.607678
-0.587561
-0.562354
-0.524
-0.470392
-0.440544
-0.408138
-0.33647
-0.628866
-0.631759
-0.626284
-0.60937
-0.584749
-0.553709
-0.52057
-0.501427
-0.486387
-0.456246
-0.647939
-0.647524
-0.642696
-0.629931
-0.614694
-0.600903
-0.587386
-0.575887
-0.573275
-0.566682
-0.675088
-0.674337
-0.673763
-0.670256
-0.664462
-0.660916
-0.655275
-0.647066
-0.64665
-0.649436
-0.715465
-0.716417
-0.719361
-0.721663
-0.721274
-0.721079
-0.718722
-0.712702
-0.715804
-0.717726
-0.766707
-0.769626
-0.774727
-0.778806
-0.779868
-0.779091
-0.777881
-0.773964
-0.779174
-0.781261
-0.831773
-0.834625
-0.840423
-0.844068
-0.844397
-0.842361
-0.839669
-0.835971
-0.843221
-0.844851
365.666
364.862
363.192
360.874
358.138
355.251
352.493
350.121
348.331
347.036
317.158
316.282
314.477
311.933
308.927
305.736
302.67
300.01
298.009
296.447
269.394
268.414
266.264
263.231
259.609
255.741
252.003
248.727
246.242
244.19
222.464
221.252
218.565
214.71
210.099
205.139
200.292
195.907
192.32
189.975
176.701
175.16
171.718
166.735
160.625
153.852
147.183
140.916
135.651
133.505
132.46
130.303
125.589
118.766
110.342
101.346
92.058
82.8673
75.4123
75.5363
90.8608
87.699
81.7025
73.1372
61.6454
48.3284
35.6798
25.5236
17.2072
20.5567
52.4106
49.0446
40.8384
29.8811
16.4668
7.88732
4.32786
2.45885
1.31726
1.576
23.6818
17.8223
10.1707
2.65859
-0.132043
-0.426967
0.0230598
0.525061
0.881518
1.01095
3.08081
1.60776
0.752478
-0.353282
-0.400048
-0.330394
-0.164214
0.160983
0.461908
0.626777
-0.302294
-0.434669
-0.519446
-0.514303
-0.521473
-0.630474
-0.609418
-0.36891
-0.0722684
0.168328
-0.464523
-0.516265
-0.542634
-0.559742
-0.595254
-0.66113
-0.690234
-0.605848
-0.458443
-0.188507
-0.525863
-0.557777
-0.575868
-0.577091
-0.576996
-0.590897
-0.607734
-0.630508
-0.606174
-0.372064
-0.575762
-0.59263
-0.594052
-0.588906
-0.581134
-0.566962
-0.549097
-0.571338
-0.591057
-0.449499
-0.610355
-0.616452
-0.613534
-0.607175
-0.601898
-0.589875
-0.56982
-0.566651
-0.576735
-0.518693
-0.636928
-0.642032
-0.641916
-0.638172
-0.634178
-0.628742
-0.619439
-0.610183
-0.61289
-0.596823
-0.662665
-0.668771
-0.675703
-0.678877
-0.678616
-0.677633
-0.6736
-0.667056
-0.667317
-0.665087
-0.692807
-0.703038
-0.715575
-0.724645
-0.728387
-0.729351
-0.727569
-0.724565
-0.723635
-0.723899
-0.734069
-0.748229
-0.76544
-0.777625
-0.782686
-0.783268
-0.781204
-0.780597
-0.78155
-0.782501
-0.796744
-0.811327
-0.829867
-0.841209
-0.84406
-0.843292
-0.838974
-0.839336
-0.842904
-0.844344
367.187
366.458
364.938
362.836
360.366
357.772
355.305
353.186
351.591
350.514
318.713
317.942
316.281
313.965
311.316
308.498
305.795
303.454
301.691
300.443
270.99
270.185
268.281
265.605
262.425
259.052
255.813
252.987
250.86
249.298
224.101
223.195
220.816
217.418
213.494
209.301
205.233
201.601
198.762
197.015
178.227
177.212
174.268
170.194
165.037
159.506
153.979
148.935
144.951
143.18
133.632
132.517
128.614
123.057
116.144
108.685
101.414
94.6962
89.7513
88.8512
91.2172
90.3762
85.0541
78.273
69.0933
58.2478
48.3629
39.8099
33.3099
34.2686
52.5253
50.9137
44.4345
35.8038
24.4062
12.9635
7.37438
5.41563
3.99866
4.8427
21.1875
18.4273
11.4588
4.47748
1.14298
-0.851594
-1.01412
-0.0879352
0.82301
1.11691
2.77831
1.82523
1.01514
-0.158641
-0.671434
-0.706218
-0.496951
-0.0696889
0.463645
0.846542
-0.256849
-0.451417
-0.575482
-0.614748
-0.62664
-0.76254
-0.812063
-0.631152
-0.275844
0.112855
-0.456842
-0.523502
-0.557781
-0.60214
-0.649629
-0.770902
-0.869879
-0.855374
-0.688625
-0.376015
-0.530151
-0.556274
-0.573416
-0.587636
-0.608668
-0.668589
-0.766147
-0.853302
-0.839873
-0.5712
-0.579494
-0.583676
-0.584722
-0.592814
-0.607342
-0.623182
-0.644269
-0.722218
-0.810178
-0.609444
-0.622034
-0.619624
-0.615383
-0.62049
-0.629429
-0.634331
-0.637958
-0.663052
-0.720258
-0.612716
-0.642401
-0.652828
-0.651704
-0.656264
-0.660445
-0.661603
-0.661975
-0.667938
-0.6801
-0.64094
-0.643051
-0.667729
-0.681593
-0.692795
-0.697512
-0.699044
-0.699128
-0.698789
-0.697664
-0.689836
-0.644433
-0.682628
-0.710684
-0.730323
-0.738601
-0.74157
-0.742532
-0.74224
-0.740173
-0.738377
-0.66677
-0.703798
-0.751819
-0.776862
-0.786518
-0.789352
-0.789968
-0.79005
-0.78907
-0.788478
-0.718033
-0.757749
-0.815774
-0.838844
-0.844171
-0.844736
-0.844279
-0.843118
-0.842896
-0.843917
368.832
368.17
366.772
364.881
362.708
360.396
358.23
356.38
354.995
354.109
320.434
319.741
318.214
316.149
313.782
311.351
309.027
307.02
305.514
304.521
272.725
272.075
270.362
268.032
265.368
262.459
259.723
257.36
255.59
254.416
225.809
225.247
223.142
220.282
216.914
213.517
210.227
207.33
205.107
203.761
179.504
179.278
176.722
173.39
169.433
165.109
160.827
156.923
153.93
152.63
135.82
134.156
131.304
127.206
121.981
116.202
110.483
105.382
101.72
100.301
93.1612
92.3582
88.1357
83.2137
76.8238
69.0777
61.4475
55.2428
50.5631
50.301
54.6879
51.3607
47.4648
41.5123
33.8875
24.4308
15.7185
10.6354
8.89148
9.92768
21.3164
18.1682
13.5338
8.60034
5.33159
1.18376
-2.54643
-2.34565
-0.266459
1.01178
5.66377
2.52623
0.0724755
-0.682104
-0.842247
-0.982867
-1.01568
-0.63192
0.080248
0.874567
-0.506867
-0.440685
-0.558955
-0.60702
-0.635223
-0.750723
-0.834089
-0.745467
-0.532055
-0.136454
-0.447831
-0.528836
-0.531894
-0.565455
-0.628826
-0.771611
-0.901712
-0.964922
-0.853195
-0.56191
-0.502278
-0.573819
-0.565551
-0.573531
-0.60166
-0.677961
-0.808547
-0.953941
-0.96635
-0.711696
-0.559844
-0.601263
-0.583799
-0.588327
-0.610169
-0.645687
-0.702037
-0.802324
-0.940612
-0.742326
-0.591083
-0.615204
-0.624539
-0.630016
-0.644273
-0.661657
-0.686859
-0.738861
-0.85856
-0.721149
-0.60465
-0.617884
-0.661237
-0.672268
-0.681358
-0.688097
-0.69904
-0.726579
-0.773703
-0.700774
-0.609967
-0.628924
-0.678555
-0.70487
-0.715866
-0.719843
-0.7249
-0.734691
-0.741499
-0.715123
-0.61163
-0.625031
-0.690026
-0.733569
-0.749928
-0.755131
-0.758492
-0.761356
-0.759944
-0.75301
-0.655474
-0.638177
-0.724844
-0.774296
-0.791022
-0.795846
-0.798153
-0.799435
-0.798991
-0.797399
-0.746646
-0.731769
-0.807164
-0.838434
-0.84391
-0.844699
-0.844499
-0.844601
-0.845076
-0.846428
370.47
369.852
368.52
366.794
364.855
362.851
360.985
359.393
358.206
357.478
322.193
321.533
320.069
318.188
316.099
314.015
312.053
310.365
309.095
308.298
274.561
273.941
272.33
270.242
267.965
265.599
263.366
261.428
259.97
259.047
227.768
227.289
225.325
222.853
220.103
217.36
214.845
212.578
210.792
209.752
181.228
181.2
178.93
176.329
173.316
170.288
167.006
164.147
161.897
160.689
134.677
135.77
133.393
130.655
127.15
123.142
119.047
115.236
112.281
110.828
93.4109
93.1285
90.5676
87.2965
83.2876
78.4863
73.3527
68.9566
65.4514
64.7713
55.7629
50.0188
49.4648
46.0573
41.4942
36.0921
30.0183
24.7873
20.2355
19.82
24.8234
21.8943
20.1916
15.1189
10.3208
5.76008
-0.785157
-4.13028
-2.69884
1.0154
12.4531
3.56886
1.18857
-0.020497
-0.61042
-0.726457
-0.957337
-0.930903
-0.604371
0.421815
-0.629452
-0.0487532
-0.191666
-0.370857
-0.47825
-0.614168
-0.763443
-0.806914
-0.712975
-0.419321
-0.314134
-0.308612
-0.375194
-0.441342
-0.522653
-0.653231
-0.792244
-0.912687
-0.895401
-0.655272
-0.329156
-0.450141
-0.491885
-0.516941
-0.542838
-0.600726
-0.716081
-0.884629
-0.953014
-0.76124
-0.521403
-0.539118
-0.540838
-0.567342
-0.58773
-0.622791
-0.691402
-0.80245
-0.936572
-0.801954
-0.646211
-0.640578
-0.620082
-0.624771
-0.641678
-0.663594
-0.704407
-0.774021
-0.919185
-0.797765
-0.687875
-0.680184
-0.705372
-0.682801
-0.688266
-0.70099
-0.723231
-0.768579
-0.863402
-0.763549
-0.64932
-0.672539
-0.735597
-0.720281
-0.727764
-0.734357
-0.746081
-0.771085
-0.797955
-0.744517
-0.635585
-0.640598
-0.730281
-0.746594
-0.762055
-0.767379
-0.77303
-0.781888
-0.784443
-0.765045
-0.702934
-0.67097
-0.75414
-0.784397
-0.798278
-0.803049
-0.805476
-0.807293
-0.808105
-0.804038
-0.742787
-0.799345
-0.818742
-0.844973
-0.843887
-0.844149
-0.844035
-0.843576
-0.844569
-0.846488
372.002
371.379
370.069
368.455
366.696
364.937
363.307
361.94
360.919
360.3
323.893
323.2
321.709
319.956
318.084
316.217
314.592
313.178
312.106
311.449
276.441
275.699
274.064
272.167
270.263
268.324
266.415
264.828
263.628
262.891
229.983
229.186
227.197
224.931
222.813
220.731
218.708
216.957
215.504
214.732
183.592
182.581
180.618
178.4
176.388
174.236
172.026
169.993
168.24
167.295
137.372
136.445
134.184
133.136
131.2
128.684
126
123.455
121.337
120.201
93.3524
93.1931
91.805
90.2091
88.1837
85.5262
82.459
79.8243
77.0132
75.9475
52.4863
45.0358
47.5131
46.5835
46.4294
44.6517
41.4456
38.4412
34.4394
32.8843
22.7037
16.338
19.6766
18.3005
17.7868
12.4688
7.75704
4.39766
1.44505
3.33709
4.33377
2.83454
2.27395
1.34963
0.502305
0.0851181
-0.232647
-0.549561
-0.476307
0.566419
-0.05317
0.743021
0.534069
0.22171
-0.0728801
-0.401874
-0.65122
-0.838549
-0.866353
-0.511773
-0.0187813
0.127706
0.0407517
-0.147693
-0.318427
-0.458604
-0.629487
-0.794402
-0.81352
-0.658329
-0.110022
-0.193532
-0.261241
-0.406364
-0.456157
-0.506482
-0.607201
-0.760597
-0.860482
-0.743579
-0.440557
-0.405279
-0.481829
-0.553005
-0.555563
-0.588746
-0.648297
-0.749671
-0.864892
-0.794387
-0.639494
-0.611901
-0.650483
-0.630672
-0.631862
-0.653454
-0.69618
-0.772323
-0.900256
-0.823782
-0.687125
-0.678089
-0.705796
-0.692626
-0.697724
-0.709476
-0.736433
-0.782876
-0.911724
-0.802402
-0.64131
-0.675989
-0.731161
-0.740928
-0.750953
-0.751281
-0.76251
-0.79699
-0.847126
-0.769968
-0.667493
-0.700482
-0.751103
-0.776271
-0.785486
-0.783597
-0.786489
-0.799851
-0.810056
-0.773912
-0.732201
-0.739614
-0.806335
-0.816122
-0.814542
-0.812326
-0.811815
-0.813106
-0.814946
-0.805485
-0.69421
-0.837999
-0.920407
-0.870322
-0.847786
-0.842632
-0.841138
-0.838834
-0.840064
-0.842533
373.278
372.516
371.063
369.478
367.89
366.374
364.959
363.773
362.88
362.332
325.419
324.493
322.686
320.869
319.245
317.715
316.371
315.191
314.279
313.723
278.24
277.111
274.83
272.54
271.09
269.933
268.474
267.231
266.271
265.661
232.09
230.539
227.819
225.193
223.015
222.386
221.215
219.99
218.852
218.32
185.884
183.084
180.145
178.595
177.272
176.552
175.369
174.013
172.759
172.097
138.655
135.196
134.409
133.28
132.431
131.904
130.648
129.277
127.96
127.156
94.7004
92.9689
92.0989
90.2237
91.4966
90.2064
88.4018
87.5459
86.3315
85.771
48.5905
39.0834
45.5336
45.2721
47.9886
49.4372
48.6068
48.9727
48.224
47.7549
10.4228
10.6813
15.7513
16.9246
26.9193
22.0677
18.8812
19.0328
20.0661
21.5216
2.76309
3.53097
4.08058
2.93477
2.03603
1.52945
1.40948
1.6123
1.97469
6.49456
0.808752
1.31235
1.0297
0.718579
0.377945
-0.0696929
-0.20847
-0.390726
-0.66616
-0.382194
0.53871
0.581912
0.251871
0.103758
-0.0839239
-0.254694
-0.435355
-0.616964
-0.706771
-0.613924
0.354446
0.209256
-0.0766533
-0.181709
-0.292646
-0.384136
-0.51941
-0.675093
-0.780266
-0.678246
-0.23534
-0.148646
-0.354359
-0.39365
-0.463202
-0.53056
-0.61686
-0.720434
-0.815346
-0.745931
-0.552519
-0.455184
-0.59119
-0.558494
-0.594749
-0.635736
-0.685498
-0.766114
-0.871544
-0.804068
-0.69118
-0.71913
-0.7078
-0.687215
-0.705304
-0.715658
-0.741865
-0.794753
-0.906409
-0.802847
-0.664646
-0.750434
-0.751325
-0.767443
-0.780146
-0.770738
-0.780532
-0.815499
-0.861742
-0.779889
-0.64153
-0.799385
-0.786531
-0.811284
-0.818157
-0.804909
-0.806737
-0.816392
-0.820217
-0.77643
-0.639542
-0.78862
-0.84882
-0.837282
-0.83419
-0.826484
-0.826506
-0.821309
-0.811465
-0.799854
-0.660251
-0.811135
-0.919235
-0.859958
-0.844275
-0.8421
-0.843893
-0.836138
-0.828792
-0.83183
374.226
373.155
371.465
370.006
368.52
367.135
365.837
364.751
363.927
363.413
326.67
325.085
322.783
321.28
319.999
318.568
317.322
316.264
315.433
314.951
279.851
277.694
274.56
272.579
271.483
270.775
269.559
268.504
267.71
267.16
233.976
231.628
228.254
224.769
223.63
223.755
222.543
221.594
220.56
220.228
187.685
184.262
180.753
179.899
180.618
177.859
177.106
176.11
175.145
174.63
140.461
136.665
137.508
139.326
135.672
133.557
132.982
132.213
131.351
130.366
95.876
91.0147
95.5455
95.1686
93.1974
91.4759
90.8195
91.125
90.9906
92.5233
45.6913
34.6049
46.4089
50.0868
50.0355
48.4679
49.3338
53.0073
53.7875
52.8925
8.66009
9.50327
15.685
19.3439
23.3903
19.4303
21.6952
27.4735
29.5704
35.869
4.36222
2.92213
4.78197
3.36042
2.91096
3.34933
4.10435
5.90511
5.75686
15.7771
1.37742
1.12453
1.01588
0.951116
0.686266
0.4346
0.765459
0.951939
0.224249
0.316272
0.562278
0.699479
0.302941
0.242483
0.138708
-0.0166957
-0.129527
-0.295912
-0.563577
-0.590882
0.324844
0.35455
0.0651641
-0.0437426
-0.104685
-0.209673
-0.355396
-0.483333
-0.752509
-0.688808
-0.0910559
0.000820593
-0.176991
-0.281807
-0.341581
-0.424551
-0.491965
-0.578655
-0.829556
-0.737096
-0.384281
-0.236569
-0.385809
-0.463656
-0.532792
-0.596544
-0.611047
-0.710082
-0.851512
-0.776478
-0.539093
-0.38038
-0.589885
-0.634219
-0.688714
-0.716194
-0.703391
-0.776532
-0.868175
-0.787404
-0.574489
-0.581135
-0.773303
-0.776563
-0.796476
-0.788689
-0.763932
-0.804336
-0.852051
-0.782358
-0.598771
-0.711198
-0.845825
-0.841369
-0.847271
-0.82031
-0.808809
-0.812262
-0.812783
-0.77922
-0.610577
-0.758514
-0.853507
-0.843915
-0.849583
-0.836521
-0.83408
-0.818582
-0.799523
-0.791424
-0.635689
-0.889966
-0.845644
-0.825547
-0.8315
-0.841084
-0.849356
-0.830071
-0.81354
-0.815091
374.508
373.297
371.546
369.955
368.475
367.132
365.868
364.79
363.963
363.447
327.303
325.393
323.012
321.227
319.683
318.443
317.344
316.311
315.475
314.991
280.3
278.045
274.785
272.445
271.073
270.678
269.622
268.576
267.745
267.221
233.76
231.439
227.939
224.346
222.825
223.452
222.626
221.737
220.719
220.368
187.311
184.597
180.992
181.07
181.634
178.071
177.37
176.372
175.385
174.964
142.243
140.428
139.341
139.474
138.252
134.015
133.279
132.556
131.739
131.211
99.1569
95.4388
96.0197
96.585
94.7978
91.26
91.0431
91.6623
91.4509
92.1349
52.6805
40.1875
49.4647
53.2115
47.9074
42.7049
47.2098
52.0885
54.3151
54.7004
15.8959
11.3332
19.063
24.3242
16.9283
13.2342
23.2143
36.256
36.0124
40.6528
5.6703
3.43768
4.9915
2.65481
3.14372
4.5071
7.3365
10.7064
9.46437
16.774
1.15436
1.02667
0.837498
0.783447
0.83186
1.08683
1.80001
2.64424
1.42119
0.585186
0.242414
0.381283
0.155234
0.179276
0.151785
0.108889
0.0275669
-0.0316592
-0.430658
-0.591709
0.00933133
0.05928
-0.0724063
-0.108461
-0.120047
-0.196418
-0.366514
-0.450906
-0.650804
-0.676157
-0.270623
-0.201921
-0.243551
-0.292675
-0.313091
-0.387671
-0.494694
-0.58003
-0.696575
-0.696326
-0.438074
-0.330998
-0.328175
-0.389757
-0.433274
-0.526088
-0.599348
-0.658209
-0.744013
-0.727475
-0.567137
-0.4792
-0.429938
-0.505883
-0.610095
-0.678456
-0.693811
-0.728264
-0.793851
-0.753417
-0.622594
-0.627841
-0.567368
-0.659316
-0.745548
-0.774196
-0.761753
-0.783337
-0.839656
-0.771499
-0.598628
-0.693977
-0.688039
-0.779142
-0.810973
-0.815477
-0.804568
-0.811053
-0.852284
-0.784984
-0.62417
-0.774165
-0.771248
-0.824127
-0.83406
-0.839005
-0.830885
-0.82171
-0.826489
-0.791318
-0.730657
-0.845317
-0.786372
-0.816659
-0.814568
-0.839944
-0.848165
-0.826537
-0.814175
-0.801505
373.43
372.733
371.273
369.684
368.054
366.506
365.079
363.885
362.983
362.426
325.573
324.719
322.944
321.128
319.423
317.838
316.507
315.322
314.405
313.831
278.395
277.254
275.031
272.858
271.402
270.12
268.67
267.417
266.48
265.813
231.697
230.058
227.362
225.141
223.024
222.256
221.428
220.245
219.047
218.559
185.519
184.398
183.362
179.229
177.729
176.736
175.751
174.585
173.216
172.58
143.148
142.631
138.209
134.449
132.276
131.218
130.51
129.872
128.744
128.147
101.772
97.4874
95.7147
93.2417
90.245
89.6325
89.4878
90.0288
88.0113
87.3074
61.7929
48.4477
50.65
50.4732
44.9674
40.8983
46.5073
48.7336
50.9359
50.9611
26.9066
12.2914
19.8457
24.5114
15.9691
14.9265
24.5542
40.6985
32.5483
26.2629
6.46407
2.98111
3.38639
2.34762
2.31572
3.84709
6.23549
8.33979
5.66897
7.96674
0.15272
0.527667
0.350349
0.276868
0.169639
0.449863
1.37566
1.5426
0.273821
-0.411121
-0.119188
-0.0238664
-0.0926294
-0.105083
-0.13395
-0.206521
0.00239101
-0.316855
-0.693989
-0.701851
-0.195963
-0.184417
-0.206816
-0.220265
-0.257464
-0.363798
-0.498011
-0.580241
-0.766103
-0.709341
-0.339566
-0.299451
-0.294336
-0.311201
-0.334907
-0.435069
-0.580864
-0.631739
-0.749098
-0.706387
-0.435606
-0.344028
-0.318121
-0.339917
-0.368286
-0.471137
-0.581418
-0.658137
-0.72665
-0.707059
-0.552707
-0.43523
-0.3663
-0.389775
-0.439628
-0.554
-0.649386
-0.698725
-0.721296
-0.721025
-0.679515
-0.625856
-0.516283
-0.52276
-0.631832
-0.700082
-0.731744
-0.759496
-0.780559
-0.74494
-0.742706
-0.82278
-0.676874
-0.658092
-0.774446
-0.813986
-0.786257
-0.797123
-0.82425
-0.771491
-0.754504
-0.855865
-0.789817
-0.782598
-0.805561
-0.840293
-0.810835
-0.807657
-0.803623
-0.779363
-0.723929
-0.806801
-0.817327
-0.795758
-0.801914
-0.831688
-0.826642
-0.811318
-0.801149
-0.790869
372.032
371.511
370.226
368.619
366.867
365.131
363.479
362.095
361.059
360.427
323.837
323.261
321.818
320.092
318.206
316.415
314.781
313.354
312.263
311.589
276.139
275.68
274.238
272.4
270.493
268.515
266.659
265.062
263.83
263.066
228.916
228.121
226.833
224.85
222.864
221.03
219.058
217.298
215.759
214.968
182.832
184.566
180.834
178.77
176.806
174.966
172.583
170.674
168.696
167.628
141.56
139.71
136.535
134.142
131.903
129.083
126.854
124.342
122.043
120.46
102.277
97.2733
95.4306
92.5104
89.7168
86.9443
84.9508
82.2151
78.8119
77.1588
62.444
53.5643
52.0758
50.2306
45.7524
42.5498
42.7819
42.6804
38.3447
34.797
24.1368
17.9086
20.416
19.7488
15.3793
15.9626
20.3377
21.7404
8.98381
3.96027
10.0722
2.49615
2.06948
1.73729
0.500804
0.881336
1.22797
1.0168
0.272544
1.83125
-0.256188
-0.255849
-0.219648
-0.181044
-0.326352
-0.289028
-0.115365
-0.299574
-0.748477
-0.623273
-0.282043
-0.306249
-0.294406
-0.315681
-0.321796
-0.407143
-0.497151
-0.679085
-0.910357
-0.765135
-0.317319
-0.345115
-0.328797
-0.33357
-0.357325
-0.443072
-0.553192
-0.634196
-0.865726
-0.747086
-0.406532
-0.396498
-0.368226
-0.366545
-0.375237
-0.466391
-0.56025
-0.599268
-0.811736
-0.70676
-0.476914
-0.415195
-0.364512
-0.347177
-0.342204
-0.436443
-0.539437
-0.601836
-0.722757
-0.68459
-0.52649
-0.444344
-0.358128
-0.327803
-0.35389
-0.467464
-0.575177
-0.644449
-0.685812
-0.689655
-0.586434
-0.525952
-0.445484
-0.416701
-0.485208
-0.562283
-0.649639
-0.703913
-0.714362
-0.715713
-0.666444
-0.670654
-0.629982
-0.59614
-0.611195
-0.660713
-0.7235
-0.753741
-0.753659
-0.745691
-0.73012
-0.792928
-0.785519
-0.722516
-0.719583
-0.720654
-0.759631
-0.777672
-0.770464
-0.765279
-0.751095
-0.821174
-0.866861
-0.779568
-0.770676
-0.745331
-0.774131
-0.793506
-0.789538
-0.789575
370.493
369.992
368.695
366.981
365.044
363.051
361.174
359.565
358.358
357.614
322.027
321.6
320.211
318.341
316.227
314.219
312.258
310.55
309.254
308.437
273.929
273.989
272.542
270.538
268.307
265.879
263.618
261.643
260.143
259.194
225.992
226.404
225.137
222.796
220.362
217.751
215.176
212.864
210.992
209.922
182.387
180.716
179.259
176.801
173.882
170.724
167.552
164.623
162.2
160.905
141.639
136.291
134.678
131.615
128.007
124.193
120.052
115.955
112.609
110.917
100.446
95.2897
92.7767
88.1376
84.4246
80.6352
75.9884
71.1138
66.7204
65.3757
60.7537
53.4137
50.6911
47.2852
43.9001
40.9569
35.9263
28.8146
21.3731
19.7429
17.6304
14.9998
11.9371
10.2019
10.8384
13.2848
13.0065
6.31698
-1.51703
-0.0678804
4.84481
5.32236
1.77681
1.09831
0.116773
-0.169251
-0.500071
-0.67353
-0.640726
0.211544
-0.334049
-0.510453
-0.478631
-0.37068
-0.539363
-0.619132
-0.73359
-0.873436
-0.930336
-0.632561
-0.375683
-0.442542
-0.414084
-0.419535
-0.432007
-0.534862
-0.675468
-0.832218
-0.999565
-0.784453
-0.394751
-0.435228
-0.420776
-0.40943
-0.422245
-0.499197
-0.588095
-0.658899
-0.854844
-0.721254
-0.452906
-0.456497
-0.440343
-0.430808
-0.437291
-0.493651
-0.568885
-0.582283
-0.766258
-0.667284
-0.512735
-0.478484
-0.450821
-0.439605
-0.445546
-0.496538
-0.562026
-0.594264
-0.694968
-0.647672
-0.555757
-0.513863
-0.476722
-0.462427
-0.473367
-0.527666
-0.582837
-0.626933
-0.671863
-0.660462
-0.609581
-0.582573
-0.532716
-0.512937
-0.533843
-0.580803
-0.624403
-0.667335
-0.690683
-0.693639
-0.663522
-0.665337
-0.631511
-0.615492
-0.621438
-0.641417
-0.673109
-0.706164
-0.719848
-0.727085
-0.704632
-0.736321
-0.742889
-0.724464
-0.698617
-0.69871
-0.717802
-0.738364
-0.74796
-0.756344
-0.728503
-0.77444
-0.810314
-0.787621
-0.75973
-0.747415
-0.759489
-0.773976
-0.782661
-0.791787
368.905
368.328
366.959
365.075
362.884
360.601
358.427
356.555
355.145
354.24
320.316
319.833
318.361
316.291
314.018
311.581
309.234
307.194
305.655
304.638
272.143
272.21
270.645
268.388
265.63
262.736
259.951
257.533
255.71
254.507
224.339
224.72
223.168
220.498
217.339
213.868
210.498
207.504
205.186
203.818
182.07
178.96
177.198
173.925
170.057
165.647
161.228
157.151
153.981
152.686
138.667
134.51
132.376
128.14
122.975
117.143
111.067
105.533
101.492
99.8849
97.1762
92.7132
89.6597
84.0247
78.3254
70.9825
62.9625
56.2705
51.0353
50.3084
55.4008
49.9141
47.9526
43.2959
37.4544
28.6338
17.4007
11.0187
8.62658
9.07003
17.8847
10.8931
9.57638
7.68858
5.92991
3.38465
1.6222
-1.33543
-0.674759
0.260575
1.21037
2.29488
1.11238
1.38182
0.907363
0.111188
-0.540289
-0.599767
-0.399323
0.215924
-0.359403
-0.475425
-0.43739
-0.422708
-0.523718
-0.65869
-0.779334
-0.893311
-0.865252
-0.555853
-0.500432
-0.502159
-0.48072
-0.463866
-0.458505
-0.542767
-0.708116
-0.872256
-0.950937
-0.708981
-0.480644
-0.492105
-0.489634
-0.470382
-0.478986
-0.519065
-0.570834
-0.642665
-0.776085
-0.637823
-0.50581
-0.503284
-0.495399
-0.482524
-0.484693
-0.509322
-0.536012
-0.563818
-0.659155
-0.588665
-0.543315
-0.526072
-0.509717
-0.497403
-0.499714
-0.521647
-0.54846
-0.575906
-0.6233
-0.595788
-0.575163
-0.553944
-0.531366
-0.520219
-0.524933
-0.548335
-0.576554
-0.607033
-0.63568
-0.629926
-0.615592
-0.596748
-0.572484
-0.567093
-0.57281
-0.592498
-0.617098
-0.643684
-0.666939
-0.66985
-0.665066
-0.656664
-0.647686
-0.642578
-0.642188
-0.651626
-0.665612
-0.683307
-0.699791
-0.707446
-0.715259
-0.721524
-0.724179
-0.720189
-0.714541
-0.713701
-0.717977
-0.726418
-0.737064
-0.746622
-0.757236
-0.772754
-0.784711
-0.782948
-0.774281
-0.770872
-0.771058
-0.774509
-0.782331
-0.791504
367.359
366.665
365.157
363.057
360.594
357.997
355.512
353.364
351.74
350.639
318.815
318.111
316.449
314.241
311.576
308.737
306.001
303.617
301.814
300.535
270.963
270.403
268.59
265.912
262.725
259.311
256.011
253.114
250.921
249.323
224.084
223.198
221.018
217.822
213.859
209.592
205.411
201.65
198.693
196.918
178.828
177.447
174.907
170.786
165.587
159.898
154.142
148.856
144.647
142.932
135.451
132.89
129.528
123.891
117.052
109.319
101.552
94.4547
88.9779
87.9717
93.8794
90.7108
86.1069
79.3615
70.4629
59.1787
48.4521
39.5801
32.3643
33.4429
52.7676
49.0408
46.1755
39.478
28.6283
14.9362
6.61209
4.64462
3.10295
3.70035
18.8825
14.3817
12.3893
7.14482
1.39335
-1.07194
-0.960985
-0.510031
0.299301
0.511068
0.782982
0.591766
0.839373
1.15337
0.206107
-0.392666
-0.409792
-0.358906
-0.0494754
0.24061
-0.383305
-0.273196
-0.337411
-0.484282
-0.563878
-0.634929
-0.715496
-0.744762
-0.606737
-0.280578
-0.564479
-0.53374
-0.539021
-0.504566
-0.48697
-0.538497
-0.654392
-0.730168
-0.696261
-0.472916
-0.540787
-0.542447
-0.555365
-0.531245
-0.522225
-0.510047
-0.514622
-0.554173
-0.577048
-0.474184
-0.546991
-0.544036
-0.535779
-0.521315
-0.514496
-0.511322
-0.510525
-0.520249
-0.536908
-0.496351
-0.565875
-0.563424
-0.550093
-0.535378
-0.530498
-0.531323
-0.538112
-0.54987
-0.56012
-0.545393
-0.592011
-0.58543
-0.569164
-0.557061
-0.555416
-0.560133
-0.570788
-0.585714
-0.598517
-0.595006
-0.627247
-0.617701
-0.603376
-0.593876
-0.59193
-0.599773
-0.611936
-0.626253
-0.639241
-0.641011
-0.671842
-0.66469
-0.65478
-0.646683
-0.64438
-0.651507
-0.660939
-0.67201
-0.682286
-0.687452
-0.720308
-0.719227
-0.715983
-0.70896
-0.705108
-0.710346
-0.71624
-0.7234
-0.731027
-0.736959
-0.768476
-0.772461
-0.774844
-0.772346
-0.766739
-0.769651
-0.774874
-0.779141
-0.784459
-0.789384
365.934
365.142
363.455
361.137
358.397
355.498
352.718
350.316
348.495
347.169
317.373
316.509
314.743
312.22
309.202
305.987
302.886
300.185
298.14
296.537
269.667
268.694
266.597
263.565
259.907
255.994
252.197
248.848
246.288
244.181
222.639
221.498
218.94
215.092
210.432
205.384
200.42
195.886
192.155
189.798
177.495
175.744
172.421
167.322
161.057
154.109
147.217
140.673
135.148
132.966
133.778
131.053
126.392
119.544
110.993
101.583
91.9013
82.27
74.5721
74.4857
91.9623
88.4761
82.779
74.1516
62.1147
48.0405
34.8945
24.5299
15.9427
20.1079
52.3789
48.6422
43.3908
32.3726
18.582
8.32055
3.53279
1.84886
0.754005
0.96484
20.3423
15.009
12.2682
5.34586
0.173072
-0.305312
-0.199146
0.261374
0.534962
0.596403
1.22679
1.13333
1.2333
0.356518
-0.380389
-0.269669
-0.239446
-0.0935772
0.165137
0.289952
-0.374381
-0.246784
-0.362128
-0.527818
-0.527619
-0.500379
-0.528465
-0.453165
-0.241235
-0.0541234
-0.545931
-0.529924
-0.562617
-0.55098
-0.525349
-0.530288
-0.536368
-0.491194
-0.382468
-0.255747
-0.569315
-0.577416
-0.599029
-0.565042
-0.522571
-0.484863
-0.457788
-0.438099
-0.404745
-0.355072
-0.563924
-0.573751
-0.571242
-0.54929
-0.524033
-0.498968
-0.476626
-0.465302
-0.454342
-0.432505
-0.57518
-0.582496
-0.573316
-0.559756
-0.543721
-0.529384
-0.521361
-0.518176
-0.515517
-0.503197
-0.598911
-0.598912
-0.588289
-0.578185
-0.569966
-0.56063
-0.556257
-0.559627
-0.565877
-0.562528
-0.633019
-0.627088
-0.61827
-0.610328
-0.602512
-0.596761
-0.59715
-0.604327
-0.612674
-0.616525
-0.676159
-0.669469
-0.662726
-0.655739
-0.650913
-0.647081
-0.648653
-0.657664
-0.666319
-0.671149
-0.724789
-0.721067
-0.71808
-0.711391
-0.710689
-0.707497
-0.70882
-0.716817
-0.723194
-0.727393
-0.777599
-0.777213
-0.777946
-0.774421
-0.773491
-0.771407
-0.772556
-0.778961
-0.783095
-0.785855
364.653
363.776
361.987
359.477
356.498
353.34
350.315
347.71
345.737
344.203
316.138
315.178
313.222
310.45
307.131
303.595
300.19
297.233
295.001
293.086
268.363
267.232
264.885
261.511
257.453
253.094
248.863
245.124
242.21
239.652
221.431
219.994
217.023
212.661
207.382
201.613
195.927
190.755
186.379
183.367
175.981
174.051
170.277
164.258
156.898
148.852
140.855
133
125.719
123.044
132.063
129.099
123.324
115.305
105.498
94.436
82.2266
68.1494
56.6598
57.7855
90.895
87.0423
80.1811
69.3062
54.6434
38.4076
24.1852
12.2739
6.52415
10.0761
53.403
48.8173
39.8922
25.7705
12.2734
5.20867
1.88648
0.70125
0.519897
0.683804
24.6222
17.2955
10.9193
3.47486
0.436722
0.146896
0.263809
0.435459
0.481704
0.537796
3.37854
1.3126
0.772048
-0.169614
-0.0894735
-0.076112
-0.0548965
0.0544519
0.208522
0.307426
-0.407358
-0.281406
-0.322881
-0.383666
-0.371908
-0.346662
-0.331838
-0.239551
-0.0784345
0.0402404
-0.498791
-0.459547
-0.482668
-0.539119
-0.498222
-0.460726
-0.426462
-0.356497
-0.244731
-0.16339
-0.554442
-0.553886
-0.573014
-0.536158
-0.485861
-0.455899
-0.427132
-0.386356
-0.332853
-0.291449
-0.568488
-0.575753
-0.57054
-0.53771
-0.505477
-0.480964
-0.454969
-0.42665
-0.404373
-0.384721
-0.581487
-0.583338
-0.573076
-0.55778
-0.543072
-0.525376
-0.502921
-0.481205
-0.474373
-0.463605
-0.600013
-0.596361
-0.593226
-0.587856
-0.579202
-0.562421
-0.542563
-0.530927
-0.538378
-0.533369
-0.633592
-0.627708
-0.622017
-0.617087
-0.609008
-0.595416
-0.583743
-0.582651
-0.598579
-0.596937
-0.676807
-0.66983
-0.663128
-0.657411
-0.652179
-0.644624
-0.637743
-0.641154
-0.655695
-0.658038
-0.726013
-0.720579
-0.716386
-0.713811
-0.711702
-0.707551
-0.701097
-0.706318
-0.717061
-0.720162
-0.781777
-0.778953
-0.777994
-0.778598
-0.777557
-0.773575
-0.767221
-0.773881
-0.782356
-0.784518
363.713
362.772
360.884
358.23
355.068
351.713
348.507
345.759
343.681
342.036
315.157
314.121
312.054
309.107
305.569
301.796
298.172
295.042
292.669
290.601
267.334
266.118
263.562
259.955
255.604
250.917
246.349
242.278
239.094
236.429
220.226
218.633
215.374
210.737
205.056
198.705
192.34
186.656
182.158
179.009
174.638
172.488
168.208
161.814
153.76
144.783
135.583
126.31
117.681
116.173
130.561
127.301
120.862
111.988
101.561
89.3185
74.2349
56.222
39.4582
45.465
89.6537
85.1951
76.7756
65.0192
49.3394
31.8836
15.7023
6.60194
2.8539
5.10204
52.6803
46.8748
34.8387
20.0752
8.72669
3.63556
1.07149
0.663034
0.58608
0.676617
28.0662
17.6887
8.23087
2.31099
0.527983
0.320883
0.448564
0.448148
0.390607
0.510594
7.30214
1.51359
0.683136
0.338042
0.164648
0.0449736
0.0719234
0.088473
0.140598
0.302689
-0.359076
-0.142627
0.00658427
-0.112417
-0.22062
-0.235055
-0.204653
-0.183254
-0.0676269
0.075137
-0.418525
-0.304589
-0.298813
-0.420714
-0.43478
-0.402493
-0.372788
-0.317586
-0.197065
-0.106343
-0.52752
-0.509791
-0.503856
-0.504761
-0.491175
-0.468149
-0.438905
-0.370892
-0.282676
-0.233613
-0.604022
-0.607855
-0.587783
-0.559019
-0.540552
-0.512285
-0.473941
-0.410848
-0.359915
-0.334387
-0.613004
-0.616851
-0.618823
-0.606064
-0.583062
-0.548871
-0.509141
-0.461134
-0.437571
-0.426092
-0.603364
-0.603943
-0.615045
-0.614295
-0.597382
-0.568255
-0.539471
-0.514848
-0.507942
-0.50503
-0.626889
-0.621358
-0.621442
-0.61974
-0.608555
-0.591024
-0.577941
-0.570562
-0.57571
-0.575848
-0.672283
-0.663723
-0.65623
-0.651155
-0.645805
-0.640214
-0.636352
-0.634545
-0.642417
-0.644749
-0.724321
-0.716718
-0.710415
-0.70733
-0.706676
-0.705804
-0.703749
-0.704087
-0.710747
-0.715167
-0.78314
-0.778173
-0.774809
-0.774187
-0.774755
-0.773552
-0.77164
-0.773225
-0.780299
-0.782036
363.1
362.149
360.212
357.46
354.148
350.61
347.191
344.249
342.073
340.578
314.555
313.499
311.335
308.255
304.526
300.509
296.582
293.17
290.665
288.918
266.686
265.396
262.741
258.959
254.33
249.313
244.282
239.808
236.546
234.45
219.67
217.962
214.509
209.614
203.679
196.885
189.918
183.692
179.351
177.001
173.939
171.595
167.015
160.509
152.312
142.917
133.351
124.259
116.689
114.739
129.825
126.177
119.414
110.474
100.295
88.6151
74.4829
58.083
43.9294
43.9671
88.6095
83.6178
75.1374
64.0317
49.4051
33.4028
19.3561
10.0479
5.28374
6.99409
51.6384
44.36
32.5313
19.3733
10.1687
4.98655
1.65983
0.995035
0.889688
0.962388
27.8079
15.9765
6.84964
2.07728
0.765842
0.546814
0.617002
0.609112
0.582623
0.655031
8.20058
1.83143
0.951985
0.823662
0.437964
0.213702
0.223864
0.264263
0.298553
0.380701
-0.0219404
0.299144
0.380222
0.2348
-0.00102255
-0.0901992
-0.0573617
0.00788107
0.0784877
0.153156
-0.231919
-0.0747346
-0.0664583
-0.205948
-0.294804
-0.281231
-0.229557
-0.166969
-0.089829
-0.0388464
-0.411322
-0.385965
-0.381855
-0.408347
-0.401003
-0.370717
-0.333235
-0.277686
-0.218939
-0.186869
-0.513114
-0.515224
-0.511789
-0.484211
-0.453964
-0.430999
-0.399811
-0.356917
-0.324558
-0.305475
-0.536621
-0.531432
-0.530831
-0.519874
-0.502297
-0.48044
-0.454366
-0.430577
-0.417013
-0.406387
-0.555819
-0.546754
-0.545609
-0.546813
-0.537826
-0.521536
-0.508436
-0.503067
-0.497463
-0.491842
-0.604323
-0.594798
-0.587525
-0.584562
-0.578448
-0.571008
-0.569249
-0.573813
-0.569202
-0.566653
-0.663627
-0.654177
-0.645025
-0.640618
-0.638554
-0.635871
-0.638129
-0.644111
-0.637984
-0.637997
-0.72322
-0.715207
-0.708636
-0.706422
-0.706982
-0.705655
-0.708775
-0.711023
-0.706977
-0.709146
-0.785352
-0.779739
-0.775718
-0.774616
-0.775011
-0.773779
-0.775815
-0.774889
-0.775575
-0.776637
-0.923878
-0.923222
-0.922213
-0.919906
-0.917172
-0.915246
-0.913105
-0.90668
-0.904854
-0.899023
-0.997694
-0.997365
-0.995937
-0.993238
-0.990957
-0.989533
-0.984267
-0.97557
-0.975705
-0.968488
-1.07333
-1.0734
-1.07095
-1.0671
-1.06528
-1.06417
-1.05533
-1.04172
-1.03862
-1.03329
-1.14857
-1.14863
-1.14435
-1.13808
-1.13446
-1.13156
-1.11903
-1.10365
-1.0967
-1.10002
-1.22068
-1.22023
-1.21397
-1.20494
-1.1966
-1.18753
-1.17157
-1.1632
-1.15786
-1.16375
-1.28655
-1.28536
-1.27842
-1.26901
-1.25774
-1.24408
-1.22682
-1.22264
-1.22366
-1.22579
-1.34322
-1.34237
-1.33656
-1.32989
-1.32036
-1.30882
-1.29371
-1.28714
-1.28818
-1.28773
-1.3924
-1.39203
-1.38856
-1.38561
-1.38004
-1.37198
-1.36177
-1.3542
-1.35065
-1.34985
-1.43706
-1.43694
-1.43592
-1.43583
-1.43477
-1.43016
-1.42336
-1.41716
-1.41262
-1.41062
-1.4803
-1.48044
-1.48055
-1.48176
-1.4838
-1.48355
-1.48025
-1.47572
-1.47103
-1.46831
-1.52434
-1.52462
-1.52509
-1.52588
-1.52757
-1.52959
-1.52983
-1.52759
-1.52427
-1.52198
-1.57024
-1.57066
-1.5712
-1.57164
-1.57214
-1.57361
-1.57523
-1.5755
-1.57441
-1.57343
-1.61815
-1.61893
-1.61977
-1.62008
-1.62006
-1.62055
-1.62207
-1.62367
-1.62417
-1.62415
-1.66772
-1.66908
-1.67028
-1.67085
-1.67105
-1.67129
-1.67229
-1.6741
-1.67495
-1.6752
-1.71842
-1.72025
-1.72176
-1.72268
-1.72327
-1.72369
-1.7244
-1.7256
-1.72628
-1.72644
-1.76956
-1.77149
-1.77313
-1.77427
-1.77506
-1.77554
-1.77612
-1.7768
-1.7772
-1.77726
-1.82021
-1.822
-1.82353
-1.82474
-1.82561
-1.82615
-1.82655
-1.82691
-1.82711
-1.82712
-1.86953
-1.87095
-1.87233
-1.87357
-1.87448
-1.87505
-1.87538
-1.87558
-1.87566
-1.87566
-1.91677
-1.91794
-1.91927
-1.92053
-1.92148
-1.92212
-1.92247
-1.92264
-1.92271
-1.92271
-1.96197
-1.9631
-1.96444
-1.96572
-1.96672
-1.96745
-1.9679
-1.96814
-1.96827
-1.96833
-0.918533
-0.918654
-0.91907
-0.917908
-0.915174
-0.911972
-0.90931
-0.902937
-0.904382
-0.903653
-0.996595
-0.996898
-0.996354
-0.993734
-0.989445
-0.984767
-0.980371
-0.974966
-0.976525
-0.968618
-1.07618
-1.07688
-1.07488
-1.07023
-1.06474
-1.05921
-1.05067
-1.04563
-1.04425
-1.02697
-1.15603
-1.15634
-1.15175
-1.14443
-1.1374
-1.13238
-1.12088
-1.11379
-1.10924
-1.09399
-1.23213
-1.2318
-1.22398
-1.21396
-1.20436
-1.19822
-1.18767
-1.17734
-1.1714
-1.16586
-1.2987
-1.29812
-1.28882
-1.27846
-1.26827
-1.25904
-1.24608
-1.23635
-1.22816
-1.22769
-1.35431
-1.35313
-1.34541
-1.338
-1.3311
-1.32351
-1.30836
-1.2951
-1.28366
-1.28788
-1.3998
-1.39833
-1.39443
-1.39138
-1.3886
-1.38395
-1.37119
-1.35724
-1.3481
-1.34969
-1.43993
-1.43902
-1.43827
-1.43828
-1.4374
-1.43428
-1.42791
-1.41971
-1.41337
-1.41105
-1.48004
-1.47981
-1.48036
-1.48118
-1.4799
-1.47839
-1.47999
-1.47928
-1.47332
-1.46931
-1.52282
-1.52303
-1.52379
-1.52465
-1.52417
-1.52391
-1.5284
-1.53243
-1.52618
-1.52292
-1.56863
-1.56927
-1.57003
-1.57031
-1.57045
-1.57131
-1.57516
-1.5786
-1.57578
-1.574
-1.61681
-1.61802
-1.61902
-1.61912
-1.61892
-1.61952
-1.62209
-1.62464
-1.62471
-1.62452
-1.6669
-1.66891
-1.67036
-1.67091
-1.67084
-1.67077
-1.67191
-1.67465
-1.67551
-1.67575
-1.71856
-1.72111
-1.72277
-1.72382
-1.72431
-1.72442
-1.72504
-1.72652
-1.72722
-1.72733
-1.77091
-1.77335
-1.77494
-1.77619
-1.77693
-1.77733
-1.77762
-1.77821
-1.77851
-1.77849
-1.82287
-1.82448
-1.82583
-1.82713
-1.82795
-1.82833
-1.8285
-1.82868
-1.82873
-1.82863
-1.87288
-1.87355
-1.87475
-1.87608
-1.87696
-1.87741
-1.87754
-1.87752
-1.87743
-1.87731
-1.9198
-1.92015
-1.92146
-1.92285
-1.92381
-1.92437
-1.92456
-1.92455
-1.92445
-1.92436
-1.96393
-1.96464
-1.96617
-1.96761
-1.96867
-1.96937
-1.96971
-1.96982
-1.96982
-1.96981
-0.911689
-0.912562
-0.91614
-0.917073
-0.914666
-0.910418
-0.906043
-0.902072
-0.913645
-0.906866
-0.998009
-0.998524
-0.998284
-0.9947
-0.988235
-0.979947
-0.973842
-0.972909
-0.980392
-0.963657
-1.08252
-1.08605
-1.08243
-1.07388
-1.06301
-1.05164
-1.0424
-1.04246
-1.04234
-1.02304
-1.17331
-1.1749
-1.16573
-1.152
-1.13746
-1.12382
-1.11184
-1.11154
-1.11216
-1.09665
-1.26564
-1.26186
-1.24353
-1.22568
-1.20903
-1.19323
-1.18153
-1.17923
-1.18134
-1.17008
-1.33865
-1.33179
-1.30952
-1.29195
-1.27571
-1.26001
-1.24711
-1.24211
-1.23788
-1.23139
-1.38634
-1.37981
-1.36284
-1.34996
-1.33638
-1.32278
-1.31075
-1.30244
-1.29041
-1.29137
-1.4166
-1.41243
-1.40554
-1.39982
-1.39072
-1.37992
-1.37188
-1.36284
-1.3507
-1.35245
-1.44394
-1.4428
-1.44342
-1.44372
-1.43861
-1.43145
-1.42768
-1.42323
-1.41614
-1.41324
-1.47714
-1.47769
-1.48134
-1.48438
-1.48377
-1.47926
-1.4796
-1.48083
-1.47802
-1.47034
-1.51787
-1.51804
-1.52199
-1.52437
-1.52577
-1.52505
-1.52874
-1.53301
-1.5314
-1.52394
-1.56434
-1.56411
-1.56698
-1.56721
-1.56671
-1.56726
-1.57267
-1.57853
-1.57807
-1.57448
-1.61424
-1.61453
-1.61682
-1.61626
-1.61441
-1.61319
-1.61743
-1.6234
-1.62513
-1.62474
-1.66599
-1.66807
-1.67018
-1.67032
-1.66947
-1.66775
-1.66918
-1.67398
-1.67608
-1.67656
-1.71943
-1.72293
-1.72471
-1.72562
-1.72589
-1.72528
-1.72561
-1.7279
-1.72886
-1.72898
-1.77419
-1.7774
-1.77863
-1.77981
-1.78045
-1.7803
-1.78031
-1.78086
-1.78104
-1.78089
-1.82876
-1.82984
-1.83056
-1.8318
-1.83254
-1.83254
-1.83229
-1.83211
-1.83184
-1.83155
-1.88018
-1.87905
-1.87976
-1.88109
-1.88191
-1.88206
-1.88176
-1.8813
-1.88083
-1.88048
-1.92617
-1.92482
-1.92611
-1.92758
-1.92852
-1.92886
-1.92866
-1.92823
-1.92778
-1.92748
-1.96796
-1.96824
-1.96998
-1.97161
-1.97268
-1.97323
-1.97328
-1.97306
-1.9728
-1.97263
-0.893156
-0.898511
-0.910927
-0.915709
-0.912935
-0.909524
-0.903725
-0.903476
-0.907477
-0.905506
-0.998174
-0.999676
-1.00353
-0.997804
-0.987718
-0.979808
-0.972387
-0.9703
-0.969755
-0.962726
-1.07749
-1.10051
-1.09935
-1.08232
-1.06544
-1.05197
-1.0423
-1.03752
-1.03253
-1.02319
-1.17346
-1.20504
-1.19231
-1.16491
-1.14321
-1.12458
-1.11308
-1.10625
-1.10185
-1.09571
-1.30984
-1.3082
-1.27662
-1.24142
-1.21758
-1.19459
-1.18283
-1.17462
-1.17206
-1.16555
-1.40728
-1.39613
-1.34225
-1.30734
-1.28636
-1.26184
-1.24878
-1.23984
-1.23441
-1.22934
-1.43817
-1.43253
-1.38827
-1.36381
-1.3445
-1.32352
-1.3118
-1.30291
-1.29114
-1.29116
-1.44868
-1.43899
-1.41944
-1.40821
-1.39607
-1.38026
-1.37191
-1.36489
-1.35127
-1.35284
-1.45332
-1.44933
-1.44764
-1.44666
-1.44193
-1.43259
-1.42873
-1.4259
-1.41615
-1.41319
-1.47386
-1.47514
-1.48027
-1.48345
-1.48336
-1.48068
-1.48074
-1.48181
-1.47847
-1.47009
-1.51085
-1.51287
-1.51891
-1.52155
-1.52202
-1.52193
-1.52682
-1.53035
-1.53147
-1.52357
-1.55636
-1.55757
-1.56376
-1.56497
-1.56332
-1.56133
-1.56811
-1.57501
-1.57777
-1.57429
-1.60717
-1.609
-1.615
-1.61608
-1.61407
-1.61141
-1.61537
-1.62245
-1.62546
-1.62535
-1.66243
-1.66525
-1.67088
-1.67277
-1.6721
-1.66983
-1.67088
-1.67536
-1.67778
-1.67832
-1.72161
-1.72435
-1.72835
-1.73066
-1.73108
-1.72983
-1.72942
-1.73123
-1.73191
-1.73187
-1.78234
-1.78364
-1.78476
-1.78684
-1.78748
-1.78679
-1.78594
-1.78566
-1.78524
-1.78476
-1.84328
-1.83865
-1.83786
-1.83993
-1.84071
-1.84024
-1.8391
-1.8379
-1.83687
-1.83613
-1.89605
-1.8875
-1.88725
-1.88935
-1.89034
-1.8901
-1.88893
-1.88749
-1.88621
-1.88539
-1.93933
-1.9319
-1.93317
-1.9352
-1.93633
-1.93638
-1.93545
-1.93417
-1.93301
-1.9323
-1.97602
-1.97373
-1.97593
-1.97793
-1.97916
-1.97954
-1.97906
-1.97823
-1.97744
-1.97697
-0.8417
-0.858448
-0.905855
-0.91609
-0.911517
-0.907768
-0.904686
-0.90259
-0.901669
-0.901652
-1.01723
-0.985507
-1.01361
-1.00362
-0.986653
-0.976338
-0.969904
-0.965843
-0.962688
-0.960865
-1.11598
-1.12606
-1.12777
-1.09359
-1.06555
-1.0486
-1.03819
-1.03153
-1.02661
-1.02402
-1.13426
-1.27894
-1.24001
-1.1808
-1.1457
-1.12336
-1.10883
-1.10013
-1.09473
-1.09169
-1.19976
-1.42382
-1.33536
-1.26086
-1.22413
-1.19786
-1.17969
-1.16948
-1.16374
-1.15933
-1.29966
-1.49526
-1.39226
-1.32672
-1.29618
-1.26806
-1.24775
-1.23571
-1.22788
-1.22472
-1.46987
-1.48404
-1.42029
-1.37815
-1.35316
-1.33004
-1.31127
-1.29841
-1.28795
-1.28819
-1.44919
-1.45304
-1.43266
-1.41416
-1.40092
-1.38458
-1.37035
-1.36074
-1.3494
-1.35048
-1.45134
-1.44117
-1.44795
-1.44527
-1.44265
-1.43427
-1.42524
-1.42146
-1.41456
-1.41133
-1.47174
-1.44733
-1.47529
-1.47824
-1.48127
-1.47975
-1.47736
-1.47699
-1.47452
-1.46827
-1.51155
-1.4758
-1.51285
-1.51635
-1.51963
-1.52055
-1.52382
-1.5258
-1.52651
-1.52192
-1.5592
-1.52999
-1.5589
-1.56227
-1.56335
-1.56278
-1.56777
-1.5727
-1.57496
-1.57376
-1.60841
-1.5965
-1.61228
-1.6169
-1.61698
-1.61464
-1.61784
-1.62319
-1.62604
-1.62652
-1.65962
-1.66762
-1.67219
-1.67758
-1.67814
-1.67546
-1.67584
-1.67958
-1.68071
-1.68093
-1.72075
-1.74109
-1.73512
-1.73971
-1.74077
-1.73805
-1.73683
-1.73673
-1.73633
-1.73583
-1.79813
-1.80367
-1.7964
-1.79893
-1.79945
-1.79768
-1.79492
-1.79279
-1.79112
-1.78998
-1.86971
-1.85842
-1.85157
-1.85349
-1.85443
-1.85305
-1.84988
-1.84649
-1.84392
-1.84235
-1.91219
-1.902
-1.89994
-1.90281
-1.90451
-1.9034
-1.90018
-1.89667
-1.89379
-1.8921
-1.94499
-1.94191
-1.94401
-1.94756
-1.94946
-1.94874
-1.94601
-1.94294
-1.94035
-1.93889
-1.9791
-1.98099
-1.98477
-1.98821
-1.98995
-1.98971
-1.9879
-1.98575
-1.98393
-1.98292
-0.844035
-0.908307
-0.926505
-0.923049
-0.909369
-0.90295
-0.8993
-0.89788
-0.897868
-0.899875
-0.973151
-1.06725
-1.06054
-1.0171
-0.984193
-0.969101
-0.961724
-0.95825
-0.956428
-0.956538
-1.06534
-1.18679
-1.17174
-1.10643
-1.06302
-1.04048
-1.02957
-1.02359
-1.01984
-1.0182
-1.12404
-1.27268
-1.27352
-1.18932
-1.14353
-1.11719
-1.10168
-1.09286
-1.08762
-1.08476
-1.2031
-1.25525
-1.3677
-1.27231
-1.22549
-1.19469
-1.17496
-1.16394
-1.1573
-1.15307
-1.41154
-1.44023
-1.42601
-1.343
-1.29919
-1.26769
-1.24627
-1.23326
-1.22509
-1.22037
-1.48027
-1.5151
-1.44792
-1.38957
-1.35748
-1.33118
-1.3118
-1.29826
-1.28808
-1.28532
-1.45543
-1.47065
-1.4483
-1.4172
-1.40073
-1.3842
-1.37077
-1.3598
-1.35017
-1.34824
-1.45414
-1.4577
-1.45261
-1.44064
-1.43657
-1.43015
-1.42503
-1.41833
-1.41145
-1.40879
-1.47234
-1.47295
-1.47438
-1.47072
-1.4724
-1.47254
-1.47334
-1.47197
-1.46903
-1.46587
-1.50565
-1.50936
-1.51194
-1.51164
-1.5134
-1.51487
-1.51957
-1.52141
-1.52178
-1.52032
-1.54791
-1.55908
-1.56192
-1.5629
-1.56223
-1.56158
-1.5667
-1.5712
-1.57349
-1.57377
-1.59848
-1.61518
-1.62016
-1.62238
-1.62043
-1.61692
-1.62058
-1.6252
-1.62749
-1.62817
-1.66405
-1.67794
-1.68405
-1.68785
-1.68621
-1.68119
-1.68176
-1.6835
-1.68409
-1.68394
-1.7369
-1.7499
-1.74971
-1.75352
-1.75237
-1.74744
-1.74492
-1.74319
-1.7416
-1.74047
-1.80427
-1.81018
-1.81
-1.81512
-1.81672
-1.81172
-1.80632
-1.80205
-1.79849
-1.79632
-1.85741
-1.86086
-1.86405
-1.87055
-1.87405
-1.87097
-1.8638
-1.85805
-1.85301
-1.85011
-1.90153
-1.90649
-1.91268
-1.91977
-1.92485
-1.92309
-1.91651
-1.90943
-1.9037
-1.90061
-1.94198
-1.94922
-1.95738
-1.96426
-1.96828
-1.96689
-1.96142
-1.95512
-1.94988
-1.94726
-1.98112
-1.9894
-1.99689
-2.00241
-2.00522
-2.0043
-2.00062
-1.99602
-1.99239
-1.99051
-0.805531
-0.938328
-0.92969
-0.927159
-0.901866
-0.894319
-0.890931
-0.889343
-0.890352
-0.894648
-0.914959
-1.0032
-1.08818
-1.01973
-0.970333
-0.954759
-0.948213
-0.945313
-0.945537
-0.948929
-1.02941
-1.10199
-1.21244
-1.10532
-1.04564
-1.02521
-1.01449
-1.00964
-1.00802
-1.00923
-1.11629
-1.2586
-1.2854
-1.18767
-1.13027
-1.10319
-1.08819
-1.08012
-1.07602
-1.07515
-1.28382
-1.48787
-1.3734
-1.28114
-1.22142
-1.18708
-1.16628
-1.15403
-1.14696
-1.14424
-1.47066
-1.50934
-1.4436
-1.35903
-1.30519
-1.26734
-1.2424
-1.22663
-1.21712
-1.21345
-1.4939
-1.49667
-1.46534
-1.40454
-1.36452
-1.33271
-1.30936
-1.29362
-1.28362
-1.28047
-1.47368
-1.48281
-1.46576
-1.42293
-1.39952
-1.38115
-1.36527
-1.35451
-1.34687
-1.34459
-1.46524
-1.47619
-1.46055
-1.43481
-1.42483
-1.41978
-1.41466
-1.41122
-1.40726
-1.40573
-1.47308
-1.48492
-1.4719
-1.46002
-1.45669
-1.45847
-1.46366
-1.4651
-1.4645
-1.46384
-1.49872
-1.50874
-1.50616
-1.50715
-1.50505
-1.50422
-1.51271
-1.51728
-1.51911
-1.51953
-1.54156
-1.55168
-1.55897
-1.56756
-1.56346
-1.55747
-1.56443
-1.57015
-1.57316
-1.5743
-1.59651
-1.61007
-1.62313
-1.6335
-1.62916
-1.62092
-1.6227
-1.62657
-1.6288
-1.62979
-1.66829
-1.68093
-1.69248
-1.70582
-1.70522
-1.69315
-1.68787
-1.68725
-1.68706
-1.68682
-1.74757
-1.75803
-1.76141
-1.77691
-1.78018
-1.76898
-1.75619
-1.75068
-1.74709
-1.74509
-1.81968
-1.82707
-1.82646
-1.84007
-1.85345
-1.84309
-1.8236
-1.81431
-1.8071
-1.80314
-1.87204
-1.88327
-1.88434
-1.89524
-1.91693
-1.90826
-1.88623
-1.87436
-1.86432
-1.85896
-1.90693
-1.92668
-1.93534
-1.94274
-1.9641
-1.95874
-1.94006
-1.92727
-1.91636
-1.91069
-1.94283
-1.96884
-1.98328
-1.99203
-2.00279
-1.99762
-1.98445
-1.97201
-1.96247
-1.95752
-1.98454
-2.00707
-2.02038
-2.02777
-2.03227
-2.02753
-2.01925
-2.01
-2.00312
-1.99974
-0.746469
-0.969132
-1.0245
-0.928016
-0.888778
-0.879481
-0.877525
-0.875885
-0.878226
-0.885262
-0.844191
-0.995922
-1.08562
-0.982768
-0.937401
-0.926317
-0.925221
-0.925659
-0.929327
-0.93655
-1.02542
-1.16682
-1.14228
-1.048
-1.00124
-0.987765
-0.987273
-0.987701
-0.990439
-0.995713
-1.14758
-1.36844
-1.24141
-1.15579
-1.09437
-1.06984
-1.06326
-1.0601
-1.05946
-1.06196
-1.37218
-1.4398
-1.38029
-1.28774
-1.21886
-1.17158
-1.15088
-1.13955
-1.13356
-1.133
-1.52175
-1.51312
-1.46831
-1.39657
-1.33181
-1.27196
-1.23822
-1.2189
-1.20812
-1.20517
-1.53899
-1.54848
-1.50081
-1.44333
-1.39082
-1.34252
-1.30939
-1.29004
-1.27864
-1.2751
-1.51481
-1.52711
-1.48746
-1.43639
-1.39669
-1.3773
-1.3598
-1.3508
-1.34373
-1.34127
-1.48407
-1.48278
-1.45406
-1.41548
-1.39379
-1.40109
-1.4038
-1.40647
-1.40485
-1.40391
-1.47154
-1.46073
-1.44454
-1.43235
-1.42284
-1.43604
-1.45343
-1.46195
-1.46353
-1.46363
-1.48952
-1.48312
-1.48732
-1.50536
-1.48866
-1.48641
-1.50681
-1.5165
-1.51972
-1.52061
-1.53473
-1.5364
-1.55602
-1.59412
-1.56491
-1.53774
-1.55728
-1.56922
-1.57394
-1.57581
-1.59373
-1.60598
-1.63114
-1.67456
-1.64472
-1.60149
-1.61609
-1.62498
-1.62899
-1.63119
-1.68397
-1.68679
-1.71206
-1.76119
-1.74621
-1.69701
-1.68735
-1.68687
-1.68806
-1.68866
-1.76623
-1.772
-1.78599
-1.83435
-1.82329
-1.80669
-1.76576
-1.75551
-1.75079
-1.7484
-1.82987
-1.83949
-1.85211
-1.89589
-1.90842
-1.90148
-1.84479
-1.82879
-1.81525
-1.80903
-1.88483
-1.8948
-1.90999
-1.94734
-1.9846
-1.97379
-1.92381
-1.89715
-1.87679
-1.86783
-1.93675
-1.95118
-1.96679
-1.99329
-2.02422
-2.02065
-1.98826
-1.95206
-1.93137
-1.92157
-1.98395
-2.00673
-2.01859
-2.03707
-2.05717
-2.04961
-2.02681
-1.99359
-1.97737
-1.96893
-2.03112
-2.0493
-2.05364
-2.06704
-2.07809
-2.06793
-2.05049
-2.02753
-2.01654
-2.01058
-0.754623
-1.02427
-0.969939
-0.880535
-0.855317
-0.858873
-0.865599
-0.861411
-0.861853
-0.870378
-0.875577
-1.12622
-1.00374
-0.89239
-0.866602
-0.881032
-0.898232
-0.901405
-0.908672
-0.919423
-1.00234
-1.10303
-1.01613
-0.915387
-0.89869
-0.919806
-0.947507
-0.958288
-0.967833
-0.978085
-1.24452
-1.20113
-1.09915
-1.06612
-0.99639
-0.999548
-1.02278
-1.03219
-1.03814
-1.04538
-1.42994
-1.44038
-1.35977
-1.30686
-1.21418
-1.13693
-1.12385
-1.12015
-1.117
-1.11932
-1.5462
-1.62373
-1.58074
-1.48343
-1.41395
-1.29265
-1.23455
-1.21048
-1.19826
-1.19558
-1.57813
-1.64538
-1.58819
-1.52777
-1.4747
-1.38891
-1.31666
-1.28875
-1.27437
-1.26942
-1.56709
-1.59703
-1.54684
-1.47945
-1.42249
-1.4006
-1.35753
-1.35094
-1.34256
-1.33858
-1.53512
-1.51216
-1.47731
-1.42407
-1.36221
-1.38854
-1.39752
-1.4078
-1.40608
-1.40386
-1.5234
-1.4628
-1.4259
-1.38588
-1.33895
-1.40014
-1.4595
-1.46936
-1.46825
-1.46629
-1.53982
-1.48918
-1.45147
-1.47279
-1.39547
-1.45176
-1.52212
-1.52693
-1.52605
-1.52478
-1.57457
-1.56116
-1.52983
-1.59698
-1.47244
-1.47647
-1.55179
-1.57337
-1.57829
-1.57949
-1.59975
-1.64959
-1.63321
-1.68398
-1.57549
-1.48371
-1.58732
-1.62144
-1.62979
-1.63318
-1.66444
-1.74336
-1.75144
-1.81339
-1.79504
-1.57764
-1.65648
-1.68282
-1.68666
-1.68924
-1.80537
-1.83362
-1.84192
-1.89606
-1.80448
-1.79177
-1.73958
-1.75649
-1.75062
-1.74901
-1.89025
-1.89509
-1.90026
-1.91744
-1.81409
-1.93431
-1.8349
-1.84195
-1.81935
-1.81151
-1.909
-1.92972
-1.94272
-1.93974
-2.03283
-1.93042
-1.95375
-1.92896
-1.88549
-1.87416
-1.93283
-1.9736
-1.99468
-1.98829
-2.0309
-2.03534
-2.05833
-1.98805
-1.94486
-1.93062
-1.97788
-2.04018
-2.055
-2.05115
-2.05953
-2.09065
-2.09478
-2.02497
-1.99321
-1.97974
-2.05908
-2.11507
-2.09511
-2.0994
-2.09582
-2.10119
-2.10008
-2.05224
-2.03281
-2.02227
-0.686962
-0.932949
-0.844726
-0.801712
-0.804607
-0.838003
-0.862547
-0.847699
-0.84302
-0.849896
-0.835596
-0.992141
-0.829613
-0.753536
-0.756926
-0.828283
-0.880639
-0.879853
-0.886258
-0.898273
-0.960118
-0.959309
-0.793434
-0.69665
-0.679986
-0.817953
-0.911255
-0.931039
-0.943525
-0.957835
-1.20881
-1.05447
-0.892634
-0.803272
-0.741661
-0.864272
-0.976182
-1.0028
-1.01443
-1.02675
-1.46229
-1.4215
-1.21058
-1.27581
-1.13978
-1.03086
-1.09187
-1.10015
-1.09737
-1.10388
-1.64301
-1.79529
-1.62905
-1.61195
-1.60887
-1.28224
-1.22647
-1.20131
-1.18605
-1.18455
-1.69026
-1.87273
-1.70286
-1.65354
-1.59171
-1.46835
-1.31711
-1.28478
-1.26825
-1.26268
-1.64114
-1.71641
-1.59648
-1.42873
-1.32363
-1.43985
-1.32
-1.35047
-1.34054
-1.33526
-1.60626
-1.59719
-1.45774
-1.29925
-1.1779
-1.32401
-1.35546
-1.41053
-1.40833
-1.40416
-1.58438
-1.55088
-1.41328
-1.4167
-1.35088
-1.3037
-1.49656
-1.49117
-1.47786
-1.47081
-1.5208
-1.51888
-1.42815
-1.13162
-1.05521
-1.44786
-1.60121
-1.55766
-1.53925
-1.53174
-1.39043
-1.43161
-1.3776
-0.749901
-0.898596
-1.56547
-1.59052
-1.59271
-1.58812
-1.58542
-1.35681
-1.4666
-1.60312
-0.909379
-0.970141
-1.56461
-1.58369
-1.63041
-1.63488
-1.63626
-1.21072
-1.78811
-1.84593
-1.46586
-0.942383
-1.21646
-1.60782
-1.68299
-1.68811
-1.68923
-1.58258
-1.91474
-1.89884
-1.90975
-1.20034
-0.925211
-1.68686
-1.75572
-1.74974
-1.74661
-1.90066
-1.92763
-1.92677
-1.94562
-1.90918
-1.79057
-1.81655
-1.83595
-1.81649
-1.80785
-1.93586
-1.95554
-1.96058
-1.96566
-1.9895
-1.99006
-1.9154
-1.93025
-1.88745
-1.87115
-1.99811
-2.01222
-2.00944
-2.00283
-2.01
-2.01661
-2.02371
-2.0013
-1.9505
-1.93106
-2.04526
-2.07774
-2.06283
-2.05881
-2.05693
-2.06687
-2.12371
-2.04372
-2.00377
-1.98409
-2.08688
-2.12289
-2.09963
-2.10188
-2.09961
-2.11464
-2.14747
-2.08664
-2.04945
-2.03115
-0.738285
-0.831211
-0.741098
-0.785542
-0.76689
-0.824877
-0.861947
-0.839465
-0.831189
-0.830769
-0.810135
-0.836244
-0.718287
-0.722157
-0.692443
-0.790817
-0.876094
-0.865488
-0.870404
-0.87928
-0.852419
-0.867561
-0.762234
-0.714411
-0.635753
-0.736614
-0.890928
-0.912283
-0.924591
-0.939862
-1.11673
-0.97578
-0.910704
-0.855124
-0.684323
-0.730378
-0.950046
-0.983729
-0.994243
-1.0092
-1.43425
-1.18222
-1.0847
-0.883585
-0.853951
-0.931938
-1.06726
-1.08203
-1.07935
-1.08812
-1.55236
-1.43848
-1.09247
0.0601399
-0.425057
-1.27957
-1.2011
-1.18958
-1.17319
-1.17253
-1.63206
-1.06266
-0.503658
0.212961
-0.931817
-1.42407
-1.25338
-1.27079
-1.2601
-1.2549
-1.65768
-0.930123
-0.477744
-0.0791432
-0.966565
-1.36396
-1.23639
-1.33017
-1.33632
-1.33154
-1.61034
-1.02115
-0.62492
-0.286731
-0.784254
-0.962841
-1.35507
-1.4155
-1.41253
-1.40516
-1.5069
-0.981622
-0.602194
-0.767203
-0.920012
-0.603103
-1.61159
-1.52371
-1.49186
-1.47666
-1.2623
-0.907751
-0.728595
-1.10901
-1.01789
-0.729462
-1.59507
-1.59476
-1.55621
-1.5398
-0.734734
-0.915592
-0.881867
-1.33798
-0.953777
-0.800791
-1.49706
-1.62365
-1.60028
-1.59165
-0.966289
-1.09406
-1.17084
-1.2961
-0.89391
-0.765607
-1.47387
-1.64576
-1.63964
-1.63855
-1.60676
-1.58158
-1.73529
-1.33325
-0.872837
-0.774896
-1.5854
-1.69532
-1.68867
-1.6877
-1.79543
-1.848
-1.87605
-1.80442
-0.981978
-0.81549
-1.7073
-1.77313
-1.74973
-1.7422
-1.85189
-1.87619
-1.90064
-1.91743
-1.65134
-1.68196
-1.79884
-1.85166
-1.81149
-1.80009
-1.9162
-1.92256
-1.94054
-1.95689
-1.98972
-1.98391
-1.9183
-1.91587
-1.86863
-1.85969
-1.97545
-1.97927
-1.98865
-1.99581
-2.00577
-2.0071
-1.98503
-1.96505
-1.92728
-1.92031
-2.03044
-2.0421
-2.04396
-2.04449
-2.05392
-2.05862
-2.07324
-2.02754
-1.99165
-1.97832
-2.08055
-2.09049
-2.08683
-2.08945
-2.10189
-2.11406
-2.15862
-2.09368
-2.05182
-2.03306
-0.661508
-0.770969
-0.788805
-0.782766
-0.789135
-0.82199
-0.843261
-0.824716
-0.824845
-0.824709
-0.674357
-0.836912
-0.806777
-0.778634
-0.775404
-0.819404
-0.857909
-0.85052
-0.867082
-0.875337
-0.829872
-0.973533
-0.879525
-0.827261
-0.785317
-0.81805
-0.882807
-0.89603
-0.920034
-0.935057
-1.06383
-1.09779
-0.990613
-1.04446
-0.881831
-0.854602
-0.941807
-0.966394
-0.988599
-1.00397
-1.1966
-1.06086
-1.05703
-1.23401
-1.12312
-1.00127
-1.05291
-1.06908
-1.07503
-1.0835
-1.32594
-1.02704
-0.990829
-1.13826
-1.16358
-1.20085
-1.22887
-1.19183
-1.17293
-1.1697
-1.56369
-1.17435
-0.975893
-1.05836
-0.91469
-1.32206
-1.34642
-1.29017
-1.26428
-1.25515
-1.68432
-1.07192
-1.23078
-1.14546
-0.0118213
-1.33836
-1.32138
-1.36131
-1.34543
-1.33572
-1.69222
-0.926152
-1.42066
-1.32184
-1.21646
-1.45262
-1.39383
-1.44815
-1.42641
-1.41293
-1.68455
-1.58697
-1.56661
-1.52432
-1.61756
-1.6137
-1.59113
-1.5521
-1.50477
-1.48593
-1.70949
-1.66723
-1.63602
-1.61057
-1.64945
-1.72945
-1.74015
-1.624
-1.56905
-1.54976
-1.78019
-1.38936
-1.70812
-1.66005
-1.70515
-1.70846
-1.8014
-1.65597
-1.61703
-1.60102
-1.71914
-0.796745
-1.7991
-1.75029
-1.76459
-1.60008
-1.78551
-1.67076
-1.65379
-1.64489
-1.62045
-1.7032
-1.87193
-1.87296
-1.77298
-1.49591
-1.72955
-1.68881
-1.68977
-1.68702
-1.72107
-1.88598
-1.91012
-1.92546
-1.66397
-1.47339
-1.67862
-1.71868
-1.72989
-1.7317
-1.82322
-1.88354
-1.92021
-1.91606
-1.75535
-1.62775
-1.65081
-1.76819
-1.77605
-1.78092
-1.89679
-1.91293
-1.93742
-1.8976
-1.96773
-1.92184
-1.71937
-1.82058
-1.8256
-1.8351
-1.96179
-1.96238
-1.97423
-1.97819
-1.9825
-1.97573
-1.88439
-1.89106
-1.89369
-1.89577
-2.02374
-2.01938
-2.01636
-2.01025
-2.02189
-2.03036
-1.98549
-1.99736
-1.9761
-1.96252
-2.07156
-2.06409
-2.05293
-2.05295
-2.07199
-2.08164
-2.08378
-2.09173
-2.05127
-2.02684
-0.739169
-0.815016
-0.855437
-0.819206
-0.807233
-0.794832
-0.778119
-0.818899
-0.824469
-0.829693
-0.70633
-0.812223
-0.837499
-0.838079
-0.826534
-0.839381
-0.823245
-0.856185
-0.871932
-0.881517
-0.804879
-0.93061
-0.913289
-0.901081
-0.89235
-0.872111
-0.889057
-0.906815
-0.929962
-0.942293
-1.1116
-1.12382
-1.04283
-1.04515
-1.03895
-0.95835
-0.959612
-0.975667
-0.999972
-1.01183
-1.2213
-1.18592
-1.12037
-1.15599
-1.16339
-1.08496
-1.05843
-1.06712
-1.0813
-1.08928
-1.27509
-1.15501
-1.11911
-1.15953
-1.17961
-1.20894
-1.17568
-1.16933
-1.1708
-1.17193
-1.39747
-1.2095
-1.10793
-1.1375
-1.19818
-1.32482
-1.28022
-1.26566
-1.25927
-1.25522
-1.53601
-1.32698
-1.22682
-1.21858
-1.35492
-1.45413
-1.38115
-1.36007
-1.34433
-1.33598
-1.58294
-1.43421
-1.44857
-1.4449
-1.58596
-1.60018
-1.50521
-1.45851
-1.42732
-1.41333
-1.61006
-1.54981
-1.58752
-1.59109
-1.72254
-1.7223
-1.62439
-1.55015
-1.5032
-1.48462
-1.64196
-1.65725
-1.69658
-1.70832
-1.77704
-1.73625
-1.68457
-1.60796
-1.56307
-1.5457
-1.6437
-1.74657
-1.7553
-1.75652
-1.7732
-1.69869
-1.68718
-1.63339
-1.60666
-1.59514
-1.60338
-1.79482
-1.78423
-1.79586
-1.75152
-1.59947
-1.66552
-1.64218
-1.63924
-1.63655
-1.60397
-1.84766
-1.80421
-1.82076
-1.71188
-1.46448
-1.62871
-1.64632
-1.66933
-1.67516
-1.69506
-1.87156
-1.85156
-1.87649
-1.77642
-1.53085
-1.56974
-1.65735
-1.70364
-1.71482
-1.89855
-1.88133
-1.89299
-1.93372
-1.93095
-1.7466
-1.56148
-1.69536
-1.74398
-1.75967
-1.9111
-1.9014
-1.90551
-1.93254
-1.9884
-1.65942
-1.65406
-1.74664
-1.79495
-1.81072
-1.95489
-1.94105
-1.9273
-1.91947
-1.94633
-1.71283
-1.8017
-1.82536
-1.86596
-1.87195
-2.00419
-1.98031
-1.96588
-1.95794
-1.98235
-1.93149
-1.83672
-1.98081
-1.96027
-1.9429
-2.05107
-2.03506
-2.00975
-2.01528
-2.04094
-2.06121
-1.91029
-2.11002
-2.04534
-2.01284
-0.746357
-0.789639
-0.844175
-0.820944
-0.801724
-0.793017
-0.804141
-0.818177
-0.827727
-0.837138
-0.781238
-0.825019
-0.872965
-0.865085
-0.84923
-0.834588
-0.850511
-0.869563
-0.881705
-0.890994
-0.857975
-0.914982
-0.937534
-0.938229
-0.922164
-0.892208
-0.908714
-0.930656
-0.944068
-0.952923
-0.998155
-1.03998
-1.02844
-1.03222
-1.02515
-0.982598
-0.984362
-1.00313
-1.01552
-1.02198
-1.1532
-1.14009
-1.10276
-1.11345
-1.12046
-1.09698
-1.0819
-1.08814
-1.0945
-1.09759
-1.26379
-1.19728
-1.1412
-1.15384
-1.18993
-1.20529
-1.18762
-1.17994
-1.178
-1.17703
-1.26245
-1.23367
-1.1822
-1.19539
-1.25187
-1.2973
-1.28523
-1.26957
-1.26088
-1.25684
-1.26878
-1.25378
-1.27037
-1.28047
-1.35037
-1.38818
-1.37107
-1.35277
-1.34061
-1.33439
-1.3437
-1.28672
-1.37003
-1.4048
-1.46278
-1.47466
-1.44956
-1.43259
-1.41663
-1.40811
-1.49028
-1.40032
-1.44386
-1.51181
-1.55105
-1.55901
-1.52784
-1.50594
-1.48597
-1.47589
-1.58818
-1.57229
-1.55273
-1.60309
-1.63703
-1.62325
-1.59117
-1.56486
-1.54419
-1.53515
-1.73248
-1.74286
-1.69565
-1.70406
-1.72417
-1.66255
-1.63018
-1.60629
-1.5922
-1.58575
-1.74001
-1.83138
-1.81032
-1.81261
-1.78296
-1.66094
-1.65073
-1.6362
-1.63165
-1.62972
-1.82166
-1.88077
-1.88275
-1.88412
-1.80074
-1.64585
-1.67192
-1.66199
-1.66809
-1.67061
-1.9687
-1.89635
-1.90566
-1.91311
-1.81942
-1.68676
-1.68067
-1.69116
-1.7064
-1.71167
-1.95626
-1.89404
-1.89948
-1.89804
-1.82495
-1.71665
-1.67625
-1.72238
-1.74613
-1.7555
-1.94257
-1.89537
-1.8793
-1.85864
-1.81137
-1.72405
-1.66258
-1.7519
-1.79053
-1.80351
-1.96376
-1.91607
-1.87544
-1.83912
-1.8204
-1.75829
-1.71803
-1.79974
-1.84594
-1.85827
-2.0012
-1.96363
-1.91322
-1.87657
-1.87436
-1.85717
-1.84242
-1.87549
-1.91391
-1.92066
-2.03207
-1.9997
-1.93989
-1.90174
-1.93226
-1.94357
-1.98118
-1.97805
-1.99059
-1.98641
-0.788851
-0.812387
-0.830859
-0.834303
-0.824099
-0.822149
-0.824489
-0.828049
-0.834657
-0.84225
-0.82769
-0.857354
-0.880149
-0.885818
-0.876256
-0.874986
-0.880973
-0.887199
-0.893815
-0.899753
-0.902278
-0.926536
-0.944035
-0.950591
-0.942931
-0.937477
-0.945172
-0.952928
-0.959195
-0.963759
-1.01059
-1.02059
-1.02485
-1.02939
-1.02528
-1.01295
-1.01923
-1.02549
-1.03008
-1.03257
-1.11901
-1.11438
-1.10243
-1.10532
-1.10674
-1.09954
-1.10131
-1.10361
-1.10586
-1.10639
-1.19092
-1.18933
-1.1677
-1.16971
-1.18124
-1.1875
-1.18639
-1.18472
-1.1834
-1.18205
-1.25205
-1.25869
-1.22884
-1.22948
-1.25524
-1.27169
-1.27003
-1.26522
-1.26066
-1.25759
-1.35526
-1.31399
-1.30433
-1.30737
-1.33612
-1.35437
-1.34923
-1.34226
-1.33516
-1.33113
-1.38894
-1.37822
-1.39748
-1.40468
-1.42699
-1.44097
-1.42692
-1.41572
-1.40608
-1.4011
-1.44685
-1.48216
-1.49255
-1.50245
-1.5191
-1.51854
-1.49987
-1.48413
-1.47223
-1.46625
-1.53881
-1.60189
-1.58411
-1.59117
-1.59657
-1.58448
-1.56274
-1.54421
-1.53139
-1.52531
-1.67525
-1.68827
-1.67564
-1.67623
-1.66209
-1.63223
-1.61043
-1.59362
-1.58277
-1.57782
-1.75273
-1.76174
-1.7531
-1.75215
-1.71344
-1.66114
-1.64618
-1.63395
-1.62754
-1.62476
-1.85005
-1.84274
-1.8138
-1.80864
-1.74874
-1.67923
-1.6765
-1.6695
-1.66864
-1.66864
-1.90359
-1.88479
-1.85906
-1.84982
-1.77402
-1.70353
-1.70257
-1.70355
-1.70917
-1.71186
-1.93592
-1.89315
-1.88774
-1.86952
-1.80478
-1.74828
-1.72875
-1.73839
-1.75123
-1.75648
-1.95879
-1.90081
-1.89913
-1.87321
-1.83507
-1.79598
-1.75915
-1.78099
-1.79694
-1.80436
-1.96825
-1.91769
-1.90904
-1.87818
-1.86134
-1.8465
-1.8243
-1.83461
-1.85016
-1.85747
-1.97376
-1.94033
-1.92165
-1.89234
-1.88004
-1.88623
-1.90281
-1.9048
-1.91289
-1.91618
-1.98724
-1.96795
-1.94315
-1.91296
-1.90615
-1.93433
-1.96764
-1.98136
-1.97852
-1.97697
-0.816683
-0.824916
-0.831476
-0.832555
-0.826935
-0.828698
-0.834999
-0.838774
-0.842503
-0.846017
-0.869787
-0.881563
-0.89064
-0.892971
-0.889956
-0.890309
-0.898405
-0.902735
-0.905522
-0.908224
-0.936051
-0.948758
-0.957654
-0.960805
-0.959648
-0.956871
-0.965406
-0.971167
-0.972466
-0.974743
-1.0218
-1.02811
-1.03236
-1.03495
-1.03583
-1.0314
-1.03854
-1.0426
-1.04188
-1.04415
-1.11371
-1.11035
-1.10786
-1.10919
-1.11199
-1.10989
-1.11398
-1.11454
-1.11325
-1.11386
-1.19655
-1.18791
-1.17938
-1.17978
-1.18555
-1.18704
-1.18889
-1.18809
-1.1867
-1.18512
-1.26882
-1.26315
-1.24891
-1.24916
-1.25817
-1.26271
-1.26431
-1.26194
-1.25995
-1.25662
-1.33296
-1.33323
-1.32128
-1.32324
-1.3336
-1.33976
-1.33874
-1.33453
-1.33042
-1.32714
-1.40891
-1.41034
-1.40288
-1.40362
-1.41156
-1.41624
-1.41031
-1.40374
-1.39729
-1.39451
-1.53069
-1.50289
-1.49055
-1.48615
-1.48744
-1.4857
-1.47686
-1.46814
-1.4608
-1.45767
-1.64807
-1.59823
-1.57453
-1.56379
-1.55614
-1.5489
-1.53745
-1.52731
-1.51999
-1.51642
-1.71066
-1.67872
-1.65322
-1.63737
-1.61848
-1.60401
-1.5903
-1.58036
-1.57377
-1.57048
-1.77785
-1.74849
-1.72437
-1.70403
-1.67412
-1.64971
-1.63621
-1.62737
-1.62244
-1.62015
-1.80613
-1.80542
-1.78465
-1.76292
-1.72308
-1.68924
-1.677
-1.67012
-1.66772
-1.66688
-1.82621
-1.83476
-1.82912
-1.80378
-1.76197
-1.72662
-1.71527
-1.71099
-1.71176
-1.71248
-1.85558
-1.85402
-1.85233
-1.83018
-1.79483
-1.76651
-1.75372
-1.7526
-1.75655
-1.75861
-1.88792
-1.87309
-1.86807
-1.84753
-1.82314
-1.80538
-1.79355
-1.79782
-1.80356
-1.80672
-1.91613
-1.89542
-1.88528
-1.86535
-1.84907
-1.84562
-1.84296
-1.84839
-1.8548
-1.85834
-1.9382
-1.92313
-1.91133
-1.89373
-1.88748
-1.89201
-1.8996
-1.90482
-1.91031
-1.91295
-1.96569
-1.95663
-1.94712
-1.93577
-1.93425
-1.94709
-1.95721
-1.96364
-1.96746
-1.9689
-0.833411
-0.835217
-0.838475
-0.837088
-0.835921
-0.836782
-0.83827
-0.843576
-0.846599
-0.84793
-0.893162
-0.896655
-0.900987
-0.90094
-0.899781
-0.903577
-0.907604
-0.911565
-0.913467
-0.9137
-0.959825
-0.963895
-0.967891
-0.970573
-0.967547
-0.971127
-0.979991
-0.982554
-0.981911
-0.981717
-1.03468
-1.03714
-1.03938
-1.0424
-1.03811
-1.03872
-1.05103
-1.05376
-1.05081
-1.05027
-1.11449
-1.11301
-1.11227
-1.11386
-1.11133
-1.10831
-1.11933
-1.12312
-1.11914
-1.11863
-1.19444
-1.18828
-1.18428
-1.18441
-1.18589
-1.17959
-1.18532
-1.19111
-1.18897
-1.18724
-1.27022
-1.26206
-1.25551
-1.25495
-1.2584
-1.25484
-1.25612
-1.2598
-1.25922
-1.25559
-1.34124
-1.33438
-1.32731
-1.3267
-1.33073
-1.33197
-1.33101
-1.32857
-1.32637
-1.32295
-1.41693
-1.4088
-1.40151
-1.39992
-1.40227
-1.40262
-1.39877
-1.3941
-1.39
-1.38835
-1.50419
-1.48715
-1.47719
-1.47305
-1.47156
-1.46881
-1.46232
-1.45641
-1.45168
-1.45061
-1.5877
-1.56417
-1.55074
-1.54362
-1.53802
-1.53136
-1.52257
-1.51572
-1.51108
-1.50929
-1.65238
-1.63211
-1.6194
-1.61012
-1.60065
-1.58964
-1.57905
-1.57132
-1.56679
-1.56456
-1.70088
-1.68937
-1.68053
-1.67023
-1.65771
-1.64172
-1.63029
-1.62265
-1.61844
-1.61642
-1.75035
-1.73807
-1.73238
-1.72188
-1.70551
-1.68784
-1.67678
-1.67015
-1.66693
-1.66556
-1.79022
-1.78347
-1.77647
-1.767
-1.7485
-1.73042
-1.72041
-1.71539
-1.71374
-1.71326
-1.82615
-1.82116
-1.8177
-1.80534
-1.7872
-1.77094
-1.76268
-1.76014
-1.76039
-1.76084
-1.86279
-1.85482
-1.8506
-1.83834
-1.82386
-1.81222
-1.80591
-1.80617
-1.80808
-1.80947
-1.89824
-1.88776
-1.88178
-1.87096
-1.8616
-1.8545
-1.85182
-1.85469
-1.85793
-1.85958
-1.93173
-1.92185
-1.91544
-1.90695
-1.90154
-1.90012
-1.90159
-1.90628
-1.90977
-1.91151
-1.96557
-1.9578
-1.95197
-1.94649
-1.94552
-1.94987
-1.95426
-1.95947
-1.9629
-1.9643
-0.842029
-0.8414
-0.842429
-0.84501
-0.844381
-0.84123
-0.835471
-0.842709
-0.850867
-0.850712
-0.905626
-0.905889
-0.90803
-0.911683
-0.913084
-0.911444
-0.907103
-0.913946
-0.92117
-0.917912
-0.972813
-0.973461
-0.975758
-0.979718
-0.982646
-0.983334
-0.980623
-0.986518
-0.990632
-0.985272
-1.04416
-1.04418
-1.04575
-1.04909
-1.0516
-1.05443
-1.05265
-1.05541
-1.05535
-1.05268
-1.11838
-1.11673
-1.11674
-1.11884
-1.12009
-1.12231
-1.12262
-1.12246
-1.11911
-1.1203
-1.19321
-1.18952
-1.18764
-1.18837
-1.18932
-1.18882
-1.19234
-1.19159
-1.18716
-1.18813
-1.26663
-1.26163
-1.25818
-1.25783
-1.25904
-1.25651
-1.2602
-1.2614
-1.25711
-1.25581
-1.33853
-1.33304
-1.32861
-1.3274
-1.32849
-1.3269
-1.32581
-1.32647
-1.32428
-1.32162
-1.41096
-1.40456
-1.39923
-1.39673
-1.39639
-1.39436
-1.39058
-1.38871
-1.38635
-1.38487
-1.48398
-1.47598
-1.46946
-1.46523
-1.46229
-1.45854
-1.45288
-1.44923
-1.44645
-1.44582
-1.55376
-1.54503
-1.53748
-1.5317
-1.52626
-1.51991
-1.51292
-1.5083
-1.5053
-1.50434
-1.61653
-1.60885
-1.60145
-1.59464
-1.58719
-1.57863
-1.57058
-1.565
-1.56186
-1.56028
-1.67433
-1.66706
-1.66027
-1.6528
-1.64341
-1.63293
-1.62438
-1.61849
-1.61531
-1.61365
-1.72231
-1.71964
-1.71362
-1.70569
-1.69396
-1.68263
-1.67427
-1.66882
-1.66585
-1.66444
-1.76594
-1.76515
-1.76079
-1.7524
-1.74033
-1.72883
-1.72115
-1.71664
-1.71449
-1.7136
-1.80694
-1.80632
-1.80263
-1.79453
-1.78325
-1.77291
-1.7665
-1.76344
-1.76239
-1.76213
-1.84721
-1.84499
-1.84106
-1.8336
-1.82434
-1.81653
-1.8119
-1.81046
-1.81056
-1.81089
-1.88683
-1.88278
-1.87833
-1.87189
-1.86533
-1.8605
-1.85821
-1.85855
-1.85964
-1.8604
-1.92571
-1.92084
-1.91636
-1.91126
-1.90733
-1.90588
-1.90616
-1.90807
-1.90982
-1.9108
-1.96449
-1.9599
-1.95597
-1.95233
-1.9513
-1.95292
-1.95559
-1.95863
-1.96068
-1.96169
-0.846393
-0.843366
-0.842133
-0.843095
-0.844032
-0.842676
-0.841331
-0.842382
-0.850284
-0.848067
-0.912024
-0.910326
-0.910272
-0.912111
-0.914071
-0.914027
-0.913813
-0.914025
-0.918096
-0.914502
-0.97958
-0.978468
-0.979035
-0.981437
-0.98445
-0.985619
-0.986308
-0.987222
-0.98742
-0.982405
-1.04945
-1.04825
-1.04868
-1.0509
-1.05429
-1.05518
-1.05559
-1.05576
-1.05504
-1.05153
-1.12112
-1.11918
-1.11881
-1.12018
-1.12283
-1.12373
-1.12219
-1.12117
-1.11963
-1.12007
-1.19344
-1.19041
-1.18893
-1.1893
-1.19086
-1.19214
-1.19033
-1.18801
-1.18579
-1.18694
-1.26519
-1.26127
-1.25871
-1.2581
-1.25873
-1.25955
-1.25976
-1.25755
-1.25439
-1.25359
-1.33574
-1.33144
-1.32797
-1.32633
-1.32589
-1.32515
-1.32575
-1.32404
-1.32099
-1.31962
-1.40521
-1.40084
-1.39663
-1.39378
-1.39188
-1.38956
-1.38838
-1.38633
-1.38389
-1.38295
-1.47341
-1.46903
-1.46415
-1.46013
-1.45654
-1.45266
-1.44913
-1.44632
-1.44421
-1.44337
-1.53898
-1.53477
-1.5294
-1.52442
-1.51941
-1.51409
-1.50892
-1.50518
-1.50294
-1.50182
-1.60022
-1.59659
-1.59114
-1.58548
-1.57931
-1.57286
-1.56681
-1.56227
-1.5596
-1.55829
-1.65609
-1.65363
-1.64852
-1.64247
-1.6353
-1.62796
-1.62148
-1.61663
-1.61359
-1.61208
-1.70591
-1.70521
-1.70113
-1.69504
-1.68711
-1.67909
-1.67253
-1.66788
-1.66508
-1.6637
-1.75227
-1.75229
-1.7489
-1.74295
-1.73502
-1.72721
-1.72114
-1.71707
-1.71477
-1.71372
-1.79633
-1.79614
-1.79309
-1.78752
-1.7802
-1.77326
-1.76818
-1.76506
-1.76347
-1.76284
-1.83915
-1.83802
-1.83494
-1.82991
-1.82374
-1.8183
-1.8146
-1.81268
-1.81194
-1.81176
-1.88117
-1.87894
-1.87576
-1.87144
-1.8668
-1.86324
-1.8612
-1.86058
-1.86069
-1.86093
-1.92267
-1.91975
-1.91666
-1.91326
-1.91038
-1.90882
-1.90851
-1.90916
-1.90996
-1.91051
-1.96408
-1.96106
-1.95839
-1.95605
-1.95494
-1.95534
-1.95666
-1.95833
-1.95961
-1.96034
-0.849617
-0.845958
-0.843559
-0.843121
-0.843287
-0.842175
-0.842337
-0.839977
-0.840232
-0.84175
-0.915216
-0.912707
-0.911589
-0.912016
-0.9129
-0.912972
-0.912102
-0.909171
-0.907213
-0.909869
-0.982569
-0.980686
-0.980255
-0.98121
-0.982982
-0.984648
-0.983978
-0.981
-0.978187
-0.981344
-1.05175
-1.04996
-1.0496
-1.0505
-1.05234
-1.05488
-1.05534
-1.0523
-1.05151
-1.05186
-1.12231
-1.12014
-1.11931
-1.1197
-1.12095
-1.12277
-1.12444
-1.12298
-1.12193
-1.12121
-1.19348
-1.19063
-1.18905
-1.1887
-1.18891
-1.18962
-1.19117
-1.19095
-1.18934
-1.18844
-1.26434
-1.26084
-1.25846
-1.25736
-1.25677
-1.25625
-1.25675
-1.25693
-1.25518
-1.25398
-1.33418
-1.33031
-1.3272
-1.32526
-1.32404
-1.32263
-1.32194
-1.32154
-1.32003
-1.31846
-1.4026
-1.39867
-1.39496
-1.39206
-1.38978
-1.38755
-1.38574
-1.38414
-1.38243
-1.38129
-1.46912
-1.4654
-1.46124
-1.45743
-1.45384
-1.45035
-1.44722
-1.44465
-1.44273
-1.44183
-1.53287
-1.52961
-1.5252
-1.52069
-1.51601
-1.51127
-1.50693
-1.50359
-1.50144
-1.50044
-1.59278
-1.59024
-1.58588
-1.58091
-1.57544
-1.56981
-1.56464
-1.56066
-1.55826
-1.55701
-1.6481
-1.64651
-1.64254
-1.6374
-1.63136
-1.62513
-1.61955
-1.61529
-1.61257
-1.61121
-1.69883
-1.69825
-1.6949
-1.68985
-1.68357
-1.67702
-1.6714
-1.66723
-1.6646
-1.66329
-1.74642
-1.74627
-1.74337
-1.73852
-1.73231
-1.72603
-1.72081
-1.71709
-1.71483
-1.71375
-1.79181
-1.79153
-1.78884
-1.78432
-1.77861
-1.77301
-1.76856
-1.7656
-1.76392
-1.76318
-1.83581
-1.83497
-1.8323
-1.82822
-1.82335
-1.81885
-1.81552
-1.81351
-1.81253
-1.81217
-1.87894
-1.87739
-1.87472
-1.87124
-1.86748
-1.86434
-1.86234
-1.86141
-1.86115
-1.86117
-1.92156
-1.91952
-1.91698
-1.91424
-1.91174
-1.91013
-1.90951
-1.90964
-1.91004
-1.91038
-1.96411
-1.96192
-1.95973
-1.95783
-1.95664
-1.95653
-1.95721
-1.95826
-1.95915
-1.9597
)
;

boundaryField
{
    lowerSideWalls
    {
        type            calculated;
        value           nonuniform List<scalar> 
800
(
362.807
314.248
266.361
219.294
173.52
129.507
87.0277
51.5004
26.6625
7.35566
-0.20738
-0.375824
-0.530646
-0.615572
-0.625771
-0.637298
-0.678058
-0.732774
-0.790957
-0.854264
361.857
313.19
265.052
217.57
171.089
125.663
82.5205
43.6594
13.7275
1.94562
-0.151389
-0.372607
-0.533165
-0.612487
-0.623606
-0.63629
-0.67734
-0.731611
-0.789888
-0.853557
359.917
311.028
262.407
214.141
166.481
118.962
73.9219
31.6515
5.12239
0.639483
-0.138397
-0.393049
-0.529392
-0.596466
-0.612858
-0.630644
-0.674052
-0.728763
-0.787899
-0.852269
357.169
307.963
258.662
209.309
160.131
110.376
63.8645
19.5898
1.31345
0.319131
-0.151134
-0.400732
-0.504359
-0.557331
-0.587137
-0.618555
-0.667633
-0.723924
-0.783986
-0.84956
353.864
304.253
254.093
203.378
152.143
100.166
49.7674
10.4123
0.44631
0.184037
-0.181602
-0.387281
-0.469667
-0.510441
-0.551462
-0.602641
-0.659864
-0.718289
-0.779844
-0.846346
350.324
300.226
249.029
196.656
142.777
88.3439
33.5696
4.58948
0.441838
0.161704
-0.135426
-0.309874
-0.391467
-0.448651
-0.517172
-0.588811
-0.654367
-0.715438
-0.777645
-0.844217
346.9
296.281
243.959
189.63
132.97
74.5304
19.8486
1.27885
0.57336
0.258625
0.00162065
-0.170025
-0.291788
-0.397792
-0.491919
-0.571311
-0.639538
-0.712223
-0.77897
-0.844078
343.959
292.858
239.461
183.253
123.312
57.6443
10.0981
0.993384
0.693205
0.416532
0.164421
-0.0450303
-0.216051
-0.353253
-0.46502
-0.556571
-0.633853
-0.707989
-0.774718
-0.839301
341.799
290.373
236.213
178.837
115.802
42.7946
4.81102
1.10566
0.822106
0.540611
0.277268
0.0425179
-0.156808
-0.319124
-0.446877
-0.548871
-0.631048
-0.702077
-0.768591
-0.834664
340.338
288.674
234.193
176.675
114.212
43.4984
6.6915
1.27571
0.92271
0.629416
0.357197
0.104563
-0.116101
-0.297237
-0.434616
-0.539178
-0.625003
-0.698408
-0.763987
-0.828542
340.338
288.674
234.193
176.675
114.212
43.4984
6.6915
1.27571
0.92271
0.629416
0.357197
0.104563
-0.116101
-0.297237
-0.434616
-0.539178
-0.625003
-0.698408
-0.763987
-0.828542
341.826
290.407
236.254
178.902
115.995
43.3124
5.24908
1.1872
0.891482
0.601809
0.324863
0.074535
-0.138134
-0.31684
-0.456517
-0.55664
-0.634606
-0.704919
-0.770228
-0.83458
344.038
292.962
239.623
183.537
123.9
59.0702
10.6792
1.0561
0.895455
0.558883
0.242757
-0.020347
-0.203653
-0.33647
-0.456246
-0.566682
-0.649436
-0.717726
-0.781261
-0.844851
347.036
296.447
244.19
189.975
133.505
75.5363
20.5567
1.576
1.01095
0.626777
0.168328
-0.188507
-0.372064
-0.449499
-0.518693
-0.596823
-0.665087
-0.723899
-0.782501
-0.844344
350.514
300.443
249.298
197.015
143.18
88.8512
34.2686
4.8427
1.11691
0.846542
0.112855
-0.376015
-0.5712
-0.609444
-0.612716
-0.64094
-0.689836
-0.738377
-0.788478
-0.843917
354.109
304.521
254.416
203.761
152.63
100.301
50.301
9.92768
1.01178
0.874567
-0.136454
-0.56191
-0.711696
-0.742326
-0.721149
-0.700774
-0.715123
-0.75301
-0.797399
-0.846428
357.478
308.298
259.047
209.752
160.689
110.828
64.7713
19.82
1.0154
0.421815
-0.419321
-0.655272
-0.76124
-0.801954
-0.797765
-0.763549
-0.744517
-0.765045
-0.804038
-0.846488
360.3
311.449
262.891
214.732
167.295
120.201
75.9475
32.8843
3.33709
0.566419
-0.511773
-0.658329
-0.743579
-0.794387
-0.823782
-0.802402
-0.769968
-0.773912
-0.805485
-0.842533
362.332
313.723
265.661
218.32
172.097
127.156
85.771
47.7549
21.5216
6.49456
-0.382194
-0.613924
-0.678246
-0.745931
-0.804068
-0.802847
-0.779889
-0.77643
-0.799854
-0.83183
363.413
314.951
267.16
220.228
174.63
130.366
92.5233
52.8925
35.869
15.7771
0.316272
-0.590882
-0.688808
-0.737096
-0.776478
-0.787404
-0.782358
-0.77922
-0.791424
-0.815091
363.447
314.991
267.221
220.368
174.964
131.211
92.1349
54.7004
40.6528
16.774
0.585186
-0.591709
-0.676157
-0.696326
-0.727475
-0.753417
-0.771499
-0.784984
-0.791318
-0.801505
362.426
313.831
265.813
218.559
172.58
128.147
87.3074
50.9611
26.2629
7.96674
-0.411121
-0.701851
-0.709341
-0.706387
-0.707059
-0.721025
-0.74494
-0.771491
-0.779363
-0.790869
360.427
311.589
263.066
214.968
167.628
120.46
77.1588
34.797
3.96027
1.83125
-0.623273
-0.765135
-0.747086
-0.70676
-0.68459
-0.689655
-0.715713
-0.745691
-0.765279
-0.789575
357.614
308.437
259.194
209.922
160.905
110.917
65.3757
19.7429
-0.0678804
0.211544
-0.632561
-0.784453
-0.721254
-0.667284
-0.647672
-0.660462
-0.693639
-0.727085
-0.756344
-0.791787
354.24
304.638
254.507
203.818
152.686
99.8849
50.3084
9.07003
0.260575
0.215924
-0.555853
-0.708981
-0.637823
-0.588665
-0.595788
-0.629926
-0.66985
-0.707446
-0.746622
-0.791504
350.639
300.535
249.323
196.918
142.932
87.9717
33.4429
3.70035
0.511068
0.24061
-0.280578
-0.472916
-0.474184
-0.496351
-0.545393
-0.595006
-0.641011
-0.687452
-0.736959
-0.789384
347.169
296.537
244.181
189.798
132.966
74.4857
20.1079
0.96484
0.596403
0.289952
-0.0541234
-0.255747
-0.355072
-0.432505
-0.503197
-0.562528
-0.616525
-0.671149
-0.727393
-0.785855
344.203
293.086
239.652
183.367
123.044
57.7855
10.0761
0.683804
0.537796
0.307426
0.0402404
-0.16339
-0.291449
-0.384721
-0.463605
-0.533369
-0.596937
-0.658038
-0.720162
-0.784518
342.036
290.601
236.429
179.009
116.173
45.465
5.10204
0.676617
0.510594
0.302689
0.075137
-0.106343
-0.233613
-0.334387
-0.426092
-0.50503
-0.575848
-0.644749
-0.715167
-0.782036
340.578
288.918
234.45
177.001
114.739
43.9671
6.99409
0.962388
0.655031
0.380701
0.153156
-0.0388464
-0.186869
-0.305475
-0.406387
-0.491842
-0.566653
-0.637997
-0.709146
-0.776637
363.1
314.555
266.686
219.67
173.939
129.825
88.6095
51.6384
27.8079
8.20058
-0.0219404
-0.231919
-0.411322
-0.513114
-0.536621
-0.555819
-0.604323
-0.663627
-0.72322
-0.785352
362.149
313.499
265.396
217.962
171.595
126.177
83.6178
44.36
15.9765
1.83143
0.299144
-0.0747346
-0.385965
-0.515224
-0.531432
-0.546754
-0.594798
-0.654177
-0.715207
-0.779739
360.212
311.335
262.741
214.509
167.015
119.414
75.1374
32.5313
6.84964
0.951985
0.380222
-0.0664583
-0.381855
-0.511789
-0.530831
-0.545609
-0.587525
-0.645025
-0.708636
-0.775718
357.46
308.255
258.959
209.614
160.509
110.474
64.0317
19.3733
2.07728
0.823662
0.2348
-0.205948
-0.408347
-0.484211
-0.519874
-0.546813
-0.584562
-0.640618
-0.706422
-0.774616
354.148
304.526
254.33
203.679
152.312
100.295
49.4051
10.1687
0.765842
0.437964
-0.00102255
-0.294804
-0.401003
-0.453964
-0.502297
-0.537826
-0.578448
-0.638554
-0.706982
-0.775011
350.61
300.509
249.313
196.885
142.917
88.6151
33.4028
4.98655
0.546814
0.213702
-0.0901992
-0.281231
-0.370717
-0.430999
-0.48044
-0.521536
-0.571008
-0.635871
-0.705655
-0.773779
347.191
296.582
244.282
189.918
133.351
74.4829
19.3561
1.65983
0.617002
0.223864
-0.0573617
-0.229557
-0.333235
-0.399811
-0.454366
-0.508436
-0.569249
-0.638129
-0.708775
-0.775815
344.249
293.17
239.808
183.692
124.259
58.083
10.0479
0.995035
0.609112
0.264263
0.00788107
-0.166969
-0.277686
-0.356917
-0.430577
-0.503067
-0.573813
-0.644111
-0.711023
-0.774889
342.073
290.665
236.546
179.351
116.689
43.9294
5.28374
0.889688
0.582623
0.298553
0.0784877
-0.089829
-0.218939
-0.324558
-0.417013
-0.497463
-0.569202
-0.637984
-0.706977
-0.775575
340.578
288.918
234.45
177.001
114.739
43.9671
6.99409
0.962388
0.655031
0.380701
0.153156
-0.0388464
-0.186869
-0.305475
-0.406387
-0.491842
-0.566653
-0.637997
-0.709146
-0.776637
)
;
    }
    upperSideWalls
    {
        type            calculated;
        value           nonuniform List<scalar> 
800
(
-0.923878
-0.997694
-1.07333
-1.14857
-1.22068
-1.28655
-1.34322
-1.3924
-1.43706
-1.4803
-1.52434
-1.57024
-1.61815
-1.66772
-1.71842
-1.76956
-1.82021
-1.86953
-1.91677
-1.96197
-0.923222
-0.997365
-1.0734
-1.14863
-1.22023
-1.28536
-1.34237
-1.39203
-1.43694
-1.48044
-1.52462
-1.57066
-1.61893
-1.66908
-1.72025
-1.77149
-1.822
-1.87095
-1.91794
-1.9631
-0.922213
-0.995937
-1.07095
-1.14435
-1.21397
-1.27842
-1.33656
-1.38856
-1.43592
-1.48055
-1.52509
-1.5712
-1.61977
-1.67028
-1.72176
-1.77313
-1.82353
-1.87233
-1.91927
-1.96444
-0.919906
-0.993238
-1.0671
-1.13808
-1.20494
-1.26901
-1.32989
-1.38561
-1.43583
-1.48176
-1.52588
-1.57164
-1.62008
-1.67085
-1.72268
-1.77427
-1.82474
-1.87357
-1.92053
-1.96572
-0.917172
-0.990957
-1.06528
-1.13446
-1.1966
-1.25774
-1.32036
-1.38004
-1.43477
-1.4838
-1.52757
-1.57214
-1.62006
-1.67105
-1.72327
-1.77506
-1.82561
-1.87448
-1.92148
-1.96672
-0.915246
-0.989533
-1.06417
-1.13156
-1.18753
-1.24408
-1.30882
-1.37198
-1.43016
-1.48355
-1.52959
-1.57361
-1.62055
-1.67129
-1.72369
-1.77554
-1.82615
-1.87505
-1.92212
-1.96745
-0.913105
-0.984267
-1.05533
-1.11903
-1.17157
-1.22682
-1.29371
-1.36177
-1.42336
-1.48025
-1.52983
-1.57523
-1.62207
-1.67229
-1.7244
-1.77612
-1.82655
-1.87538
-1.92247
-1.9679
-0.90668
-0.97557
-1.04172
-1.10365
-1.1632
-1.22264
-1.28714
-1.3542
-1.41716
-1.47572
-1.52759
-1.5755
-1.62367
-1.6741
-1.7256
-1.7768
-1.82691
-1.87558
-1.92264
-1.96814
-0.904854
-0.975705
-1.03862
-1.0967
-1.15786
-1.22366
-1.28818
-1.35065
-1.41262
-1.47103
-1.52427
-1.57441
-1.62417
-1.67495
-1.72628
-1.7772
-1.82711
-1.87566
-1.92271
-1.96827
-0.899023
-0.968488
-1.03329
-1.10002
-1.16375
-1.22579
-1.28773
-1.34985
-1.41062
-1.46831
-1.52198
-1.57343
-1.62415
-1.6752
-1.72644
-1.77726
-1.82712
-1.87566
-1.92271
-1.96833
-0.899023
-0.968488
-1.03329
-1.10002
-1.16375
-1.22579
-1.28773
-1.34985
-1.41062
-1.46831
-1.52198
-1.57343
-1.62415
-1.6752
-1.72644
-1.77726
-1.82712
-1.87566
-1.92271
-1.96833
-0.903653
-0.968618
-1.02697
-1.09399
-1.16586
-1.22769
-1.28788
-1.34969
-1.41105
-1.46931
-1.52292
-1.574
-1.62452
-1.67575
-1.72733
-1.77849
-1.82863
-1.87731
-1.92436
-1.96981
-0.906866
-0.963657
-1.02304
-1.09665
-1.17008
-1.23139
-1.29137
-1.35245
-1.41324
-1.47034
-1.52394
-1.57448
-1.62474
-1.67656
-1.72898
-1.78089
-1.83155
-1.88048
-1.92748
-1.97263
-0.905506
-0.962726
-1.02319
-1.09571
-1.16555
-1.22934
-1.29116
-1.35284
-1.41319
-1.47009
-1.52357
-1.57429
-1.62535
-1.67832
-1.73187
-1.78476
-1.83613
-1.88539
-1.9323
-1.97697
-0.901652
-0.960865
-1.02402
-1.09169
-1.15933
-1.22472
-1.28819
-1.35048
-1.41133
-1.46827
-1.52192
-1.57376
-1.62652
-1.68093
-1.73583
-1.78998
-1.84235
-1.8921
-1.93889
-1.98292
-0.899875
-0.956538
-1.0182
-1.08476
-1.15307
-1.22037
-1.28532
-1.34824
-1.40879
-1.46587
-1.52032
-1.57377
-1.62817
-1.68394
-1.74047
-1.79632
-1.85011
-1.90061
-1.94726
-1.99051
-0.894648
-0.948929
-1.00923
-1.07515
-1.14424
-1.21345
-1.28047
-1.34459
-1.40573
-1.46384
-1.51953
-1.5743
-1.62979
-1.68682
-1.74509
-1.80314
-1.85896
-1.91069
-1.95752
-1.99974
-0.885262
-0.93655
-0.995713
-1.06196
-1.133
-1.20517
-1.2751
-1.34127
-1.40391
-1.46363
-1.52061
-1.57581
-1.63119
-1.68866
-1.7484
-1.80903
-1.86783
-1.92157
-1.96893
-2.01058
-0.870378
-0.919423
-0.978085
-1.04538
-1.11932
-1.19558
-1.26942
-1.33858
-1.40386
-1.46629
-1.52478
-1.57949
-1.63318
-1.68924
-1.74901
-1.81151
-1.87416
-1.93062
-1.97974
-2.02227
-0.849896
-0.898273
-0.957835
-1.02675
-1.10388
-1.18455
-1.26268
-1.33526
-1.40416
-1.47081
-1.53174
-1.58542
-1.63626
-1.68923
-1.74661
-1.80785
-1.87115
-1.93106
-1.98409
-2.03115
-0.830769
-0.87928
-0.939862
-1.0092
-1.08812
-1.17253
-1.2549
-1.33154
-1.40516
-1.47666
-1.5398
-1.59165
-1.63855
-1.6877
-1.7422
-1.80009
-1.85969
-1.92031
-1.97832
-2.03306
-0.824709
-0.875337
-0.935057
-1.00397
-1.0835
-1.1697
-1.25515
-1.33572
-1.41293
-1.48593
-1.54976
-1.60102
-1.64489
-1.68702
-1.7317
-1.78092
-1.8351
-1.89577
-1.96252
-2.02684
-0.829693
-0.881517
-0.942293
-1.01183
-1.08928
-1.17193
-1.25522
-1.33598
-1.41333
-1.48462
-1.5457
-1.59514
-1.63655
-1.67516
-1.71482
-1.75967
-1.81072
-1.87195
-1.9429
-2.01284
-0.837138
-0.890994
-0.952923
-1.02198
-1.09759
-1.17703
-1.25684
-1.33439
-1.40811
-1.47589
-1.53515
-1.58575
-1.62972
-1.67061
-1.71167
-1.7555
-1.80351
-1.85827
-1.92066
-1.98641
-0.84225
-0.899753
-0.963759
-1.03257
-1.10639
-1.18205
-1.25759
-1.33113
-1.4011
-1.46625
-1.52531
-1.57782
-1.62476
-1.66864
-1.71186
-1.75648
-1.80436
-1.85747
-1.91618
-1.97697
-0.846017
-0.908224
-0.974743
-1.04415
-1.11386
-1.18512
-1.25662
-1.32714
-1.39451
-1.45767
-1.51642
-1.57048
-1.62015
-1.66688
-1.71248
-1.75861
-1.80672
-1.85834
-1.91295
-1.9689
-0.84793
-0.9137
-0.981717
-1.05027
-1.11863
-1.18724
-1.25559
-1.32295
-1.38835
-1.45061
-1.50929
-1.56456
-1.61642
-1.66556
-1.71326
-1.76084
-1.80947
-1.85958
-1.91151
-1.9643
-0.850712
-0.917912
-0.985272
-1.05268
-1.1203
-1.18813
-1.25581
-1.32162
-1.38487
-1.44582
-1.50434
-1.56028
-1.61365
-1.66444
-1.7136
-1.76213
-1.81089
-1.8604
-1.9108
-1.96169
-0.848067
-0.914502
-0.982405
-1.05153
-1.12007
-1.18694
-1.25359
-1.31962
-1.38295
-1.44337
-1.50182
-1.55829
-1.61208
-1.6637
-1.71372
-1.76284
-1.81176
-1.86093
-1.91051
-1.96034
-0.84175
-0.909869
-0.981344
-1.05186
-1.12121
-1.18844
-1.25398
-1.31846
-1.38129
-1.44183
-1.50044
-1.55701
-1.61121
-1.66329
-1.71375
-1.76318
-1.81217
-1.86117
-1.91038
-1.9597
-0.849617
-0.915216
-0.982569
-1.05175
-1.12231
-1.19348
-1.26434
-1.33418
-1.4026
-1.46912
-1.53287
-1.59278
-1.6481
-1.69883
-1.74642
-1.79181
-1.83581
-1.87894
-1.92156
-1.96411
-0.845958
-0.912707
-0.980686
-1.04996
-1.12014
-1.19063
-1.26084
-1.33031
-1.39867
-1.4654
-1.52961
-1.59024
-1.64651
-1.69825
-1.74627
-1.79153
-1.83497
-1.87739
-1.91952
-1.96192
-0.843559
-0.911589
-0.980255
-1.0496
-1.11931
-1.18905
-1.25846
-1.3272
-1.39496
-1.46124
-1.5252
-1.58588
-1.64254
-1.6949
-1.74337
-1.78884
-1.8323
-1.87472
-1.91698
-1.95973
-0.843121
-0.912016
-0.98121
-1.0505
-1.1197
-1.1887
-1.25736
-1.32526
-1.39206
-1.45743
-1.52069
-1.58091
-1.6374
-1.68985
-1.73852
-1.78432
-1.82822
-1.87124
-1.91424
-1.95783
-0.843287
-0.9129
-0.982982
-1.05234
-1.12095
-1.18891
-1.25677
-1.32404
-1.38978
-1.45384
-1.51601
-1.57544
-1.63136
-1.68357
-1.73231
-1.77861
-1.82335
-1.86748
-1.91174
-1.95664
-0.842175
-0.912972
-0.984648
-1.05488
-1.12277
-1.18962
-1.25625
-1.32263
-1.38755
-1.45035
-1.51127
-1.56981
-1.62513
-1.67702
-1.72603
-1.77301
-1.81885
-1.86434
-1.91013
-1.95653
-0.842337
-0.912102
-0.983978
-1.05534
-1.12444
-1.19117
-1.25675
-1.32194
-1.38574
-1.44722
-1.50693
-1.56464
-1.61955
-1.6714
-1.72081
-1.76856
-1.81552
-1.86234
-1.90951
-1.95721
-0.839977
-0.909171
-0.981
-1.0523
-1.12298
-1.19095
-1.25693
-1.32154
-1.38414
-1.44465
-1.50359
-1.56066
-1.61529
-1.66723
-1.71709
-1.7656
-1.81351
-1.86141
-1.90964
-1.95826
-0.840232
-0.907213
-0.978187
-1.05151
-1.12193
-1.18934
-1.25518
-1.32003
-1.38243
-1.44273
-1.50144
-1.55826
-1.61257
-1.6646
-1.71483
-1.76392
-1.81253
-1.86115
-1.91004
-1.95915
-0.84175
-0.909869
-0.981344
-1.05186
-1.12121
-1.18844
-1.25398
-1.31846
-1.38129
-1.44183
-1.50044
-1.55701
-1.61121
-1.66329
-1.71375
-1.76318
-1.81217
-1.86117
-1.91038
-1.9597
)
;
    }
    lowerWall
    {
        type            calculated;
        value           nonuniform List<scalar> 
200
(
387.332
387.941
388.887
390.191
391.712
393.357
394.995
396.527
397.803
398.271
398.33
397.943
396.557
395.018
393.43
391.884
390.459
389.178
388.238
387.625
386.382
387.015
388.011
389.387
390.983
392.695
394.377
395.904
397.041
397.68
397.78
397.258
396.036
394.517
392.853
391.19
389.667
388.301
387.297
386.674
384.442
385.112
386.222
387.717
389.463
391.297
393.045
394.594
395.588
395.99
396.071
395.798
394.751
393.22
391.484
389.682
387.98
386.512
385.409
384.737
381.694
382.46
383.716
385.399
387.361
389.406
391.319
392.98
394.003
394.531
394.48
394.209
393.144
391.506
389.6
387.582
385.662
384.002
382.755
381.985
378.389
379.304
380.744
382.663
384.891
387.233
389.38
391.221
392.415
393.045
393
392.579
391.392
389.569
387.409
385.119
382.922
381.023
379.593
378.673
374.849
375.953
377.597
379.776
382.297
384.921
387.376
389.462
390.899
391.66
391.657
391.031
389.656
387.576
385.126
382.522
380.023
377.865
376.238
375.135
371.425
372.75
374.587
377.018
379.83
382.755
385.51
387.832
389.484
390.362
390.393
389.604
388.004
385.699
382.952
380.037
377.243
374.84
373.032
371.716
368.484
370.012
372.004
374.646
377.711
380.905
383.918
386.465
388.298
389.276
389.315
388.41
386.62
384.09
381.08
377.889
374.841
372.235
370.284
368.774
366.324
367.955
370.059
372.856
376.116
379.52
382.731
385.444
387.405
388.452
388.488
387.508
385.584
382.883
379.67
376.265
373.02
370.262
368.206
366.598
364.863
366.351
368.563
371.561
375.039
378.634
382.003
384.825
386.857
387.938
387.972
386.951
384.952
382.139
378.765
375.164
371.694
368.728
366.561
365.103
)
;
    }
    atmosphere
    {
        type            calculated;
        value           nonuniform List<scalar> 0();
    }
    procBoundary1to0
    {
        type            processor;
        value           nonuniform List<scalar> 
800
(
362.694
314.122
266.217
219.118
173.29
129.239
86.6378
50.6404
25.869
7.59405
-0.281336
-0.402482
-0.532792
-0.60637
-0.61805
-0.635355
-0.679642
-0.735216
-0.793823
-0.857651
363.313
314.722
266.809
219.638
173.842
129.565
88.1179
50.9413
26.4012
6.64578
-0.497478
-0.493325
-0.590095
-0.660293
-0.668695
-0.658194
-0.684879
-0.733397
-0.788916
-0.852014
364.244
315.709
267.862
220.846
175.098
130.89
89.6428
52.1878
26.4713
5.10916
-0.452949
-0.484963
-0.546879
-0.5974
-0.623613
-0.646824
-0.680376
-0.724603
-0.777839
-0.842741
365.538
316.995
269.216
222.272
176.54
132.456
91.0077
52.5803
25.1507
3.39401
-0.298312
-0.426872
-0.49858
-0.563011
-0.604521
-0.638777
-0.672927
-0.711262
-0.757457
-0.823993
367.05
318.545
270.798
223.868
178.088
133.99
92.4585
52.9644
23.7117
2.73019
-0.195695
-0.390621
-0.468049
-0.545528
-0.609681
-0.643819
-0.66534
-0.686895
-0.727481
-0.793394
368.68
320.241
272.46
225.505
179.58
136.322
94.2059
54.0369
25.3446
3.74642
-0.698361
-0.465483
-0.471673
-0.522076
-0.604273
-0.666104
-0.687402
-0.682518
-0.707515
-0.817608
370.284
321.91
274.058
226.606
180.285
139.864
99.6238
61.1999
28.7344
6.47279
-1.09664
-0.837415
-0.495072
-0.50892
-0.631624
-0.713672
-0.727072
-0.727758
-0.773073
-0.843891
371.814
323.616
276.095
229.154
183.427
138.803
95.9045
59.2382
31.621
11.5359
0.993186
-0.616304
-0.422958
-0.599986
-0.710363
-0.763256
-0.75399
-0.73727
-0.740063
-0.748406
373.156
325.194
277.993
231.222
185.433
139.747
94.6807
56.4224
24.1184
4.5016
0.667573
0.354614
0.00735926
-0.541283
-0.837168
-0.833173
-0.774846
-0.733544
-0.696828
-0.666841
374.33
326.898
280.034
233.963
188.863
142.657
97.9083
58.2136
23.3388
5.11328
1.35004
0.693205
0.25493
-0.158341
-0.49208
-0.646376
-0.725062
-0.726414
-0.699921
-0.698597
374.325
326.829
280.062
234.178
188.302
142.521
100.306
62.6268
28.8866
11.0885
1.64192
0.29638
-0.00393026
-0.308671
-0.480466
-0.586367
-0.652586
-0.670651
-0.670828
-0.700169
373.348
325.481
278.283
232.236
186.759
142.263
101.967
66.01
28.2379
12.8091
0.389371
-0.0768132
-0.191212
-0.354027
-0.483289
-0.582189
-0.656537
-0.699789
-0.729933
-0.730099
371.923
323.728
275.746
228.908
183.423
140.577
104.054
63.938
26.7497
8.25225
-0.166218
-0.244124
-0.314803
-0.40848
-0.494006
-0.555142
-0.616217
-0.678603
-0.728454
-0.752779
370.439
322.091
273.837
226.045
181.149
142.118
100.383
61.2368
22.9679
2.85024
-0.354512
-0.401028
-0.413079
-0.458527
-0.514248
-0.564239
-0.614412
-0.668194
-0.711926
-0.741823
368.895
320.47
272.633
225.22
181.559
137.687
96.5286
56.2632
21.5022
1.53631
-0.467515
-0.508508
-0.477565
-0.502009
-0.536333
-0.577457
-0.62433
-0.674116
-0.720057
-0.758076
367.311
318.843
271.183
224.517
178.825
135.265
94.0434
54.5142
22.4398
1.66752
-0.446947
-0.548734
-0.516069
-0.534037
-0.556351
-0.590148
-0.63212
-0.678649
-0.725678
-0.771794
365.845
317.299
269.614
222.803
177.437
133.754
92.2301
53.7772
24.7121
3.15203
-0.397884
-0.537583
-0.534939
-0.5515
-0.568041
-0.596996
-0.636798
-0.682414
-0.730603
-0.781626
364.541
316.018
268.23
221.326
175.744
131.829
90.8113
53.7415
27.0183
5.59491
-0.445193
-0.508336
-0.539777
-0.561767
-0.579314
-0.59926
-0.636905
-0.683017
-0.732609
-0.786741
363.593
315.009
267.168
220.045
174.337
130.225
89.2388
52.2639
25.3408
5.96656
-0.440516
-0.460233
-0.529948
-0.60071
-0.608401
-0.601294
-0.63207
-0.680451
-0.732332
-0.789212
362.982
314.442
266.514
219.458
173.627
129.398
87.7035
51.2004
25.9854
7.34683
-0.234413
-0.336915
-0.442208
-0.5201
-0.543035
-0.566273
-0.61596
-0.673819
-0.731197
-0.791463
-0.927194
-1.00008
-1.07445
-1.1482
-1.21866
-1.28339
-1.33959
-1.38954
-1.43535
-1.47955
-1.52405
-1.56988
-1.61729
-1.66613
-1.71605
-1.76679
-1.81764
-1.86751
-1.91521
-1.96062
-0.92385
-1.0002
-1.07768
-1.15449
-1.22739
-1.29224
-1.34777
-1.39531
-1.43816
-1.48
-1.5232
-1.56853
-1.61579
-1.66466
-1.7151
-1.76691
-1.81943
-1.87084
-1.91887
-1.96319
-0.919831
-1.00284
-1.0859
-1.16961
-1.24983
-1.31721
-1.36683
-1.4077
-1.44381
-1.48063
-1.52143
-1.56607
-1.61311
-1.66173
-1.71225
-1.7667
-1.8239
-1.87933
-1.92711
-1.96845
-0.912035
-1.00743
-1.097
-1.18856
-1.28015
-1.35247
-1.40042
-1.4267
-1.45159
-1.48135
-1.51924
-1.56339
-1.60971
-1.65743
-1.70944
-1.76862
-1.83435
-1.89152
-1.94102
-1.9776
-0.893382
-1.00858
-1.12472
-1.22022
-1.3017
-1.36075
-1.40455
-1.42327
-1.45053
-1.49255
-1.52485
-1.5633
-1.60348
-1.64517
-1.6969
-1.76414
-1.8546
-1.91182
-1.94479
-1.97753
-0.982074
-1.08955
-1.1592
-1.24417
-1.33935
-1.41181
-1.44253
-1.4514
-1.45711
-1.47708
-1.50622
-1.54033
-1.58167
-1.63776
-1.70867
-1.78701
-1.84813
-1.8956
-1.93528
-1.97494
-0.907153
-0.962942
-1.04129
-1.17802
-1.38114
-1.5308
-1.53229
-1.50062
-1.47078
-1.47177
-1.49541
-1.53233
-1.58162
-1.64295
-1.71661
-1.79808
-1.85688
-1.89891
-1.93997
-1.98194
-0.767351
-0.809949
-0.952386
-1.23546
-1.40866
-1.52517
-1.60054
-1.55532
-1.50461
-1.48753
-1.50283
-1.53951
-1.58944
-1.65491
-1.72745
-1.80124
-1.8659
-1.91754
-1.96236
-2.01161
-0.689612
-0.792793
-1.00246
-1.15122
-1.30933
-1.49518
-1.6388
-1.601
-1.56165
-1.53909
-1.53859
-1.55408
-1.57633
-1.61615
-1.69025
-1.77783
-1.84662
-1.90522
-1.94851
-1.99561
-0.721724
-0.775121
-0.88788
-1.03043
-1.36654
-1.68846
-1.71861
-1.67032
-1.63452
-1.59784
-1.55866
-1.51603
-1.49617
-1.50607
-1.58696
-1.73019
-1.85053
-1.91039
-1.9979
-2.10585
-0.71006
-0.700949
-0.751736
-0.959531
-1.25602
-1.63472
-1.6931
-1.69625
-1.68855
-1.64271
-1.58458
-1.53171
-1.48418
-1.4851
-1.65486
-1.74052
-1.82757
-1.97358
-2.02076
-2.07091
-0.686696
-0.602436
-0.584117
-0.807306
-1.05068
-1.40015
-1.68349
-1.71306
-1.71541
-1.69873
-1.66534
-1.62377
-1.59611
-1.58459
-1.60854
-1.67094
-1.74281
-1.9417
-2.0184
-2.05732
-0.731572
-0.650849
-0.641765
-0.768766
-1.02613
-1.29433
-1.51102
-1.69008
-1.71525
-1.70124
-1.66519
-1.58459
-1.51442
-1.47495
-1.49762
-1.56369
-1.83127
-1.95571
-1.99455
-2.03576
-0.758146
-0.76419
-0.795476
-0.901181
-1.08745
-1.25994
-1.41898
-1.49974
-1.58193
-1.69039
-1.68782
-1.68726
-1.5281
-1.4976
-1.55396
-1.70988
-1.79101
-2.02183
-2.03776
-2.03999
-0.787889
-0.820745
-0.882385
-0.98973
-1.11106
-1.24167
-1.34832
-1.43941
-1.52681
-1.58545
-1.60492
-1.68002
-1.76161
-1.78768
-1.77206
-1.827
-1.93627
-2.01388
-2.03832
-2.03296
-0.817812
-0.867654
-0.930728
-1.01491
-1.11951
-1.23086
-1.32327
-1.3971
-1.46709
-1.55549
-1.645
-1.69598
-1.72201
-1.74869
-1.77603
-1.81954
-1.88281
-1.93904
-1.97579
-1.99537
-0.836057
-0.894769
-0.960285
-1.03485
-1.11859
-1.20773
-1.29141
-1.36669
-1.43987
-1.5174
-1.5908
-1.64558
-1.68884
-1.72742
-1.76374
-1.80486
-1.85308
-1.90154
-1.94274
-1.97741
-0.845755
-0.908575
-0.975282
-1.04673
-1.12236
-1.19994
-1.27623
-1.34963
-1.42111
-1.49106
-1.55602
-1.61324
-1.66541
-1.71091
-1.75358
-1.79707
-1.84267
-1.88781
-1.93018
-1.97016
-0.850951
-0.915722
-0.98285
-1.05269
-1.12493
-1.19833
-1.27116
-1.34233
-1.41146
-1.4782
-1.5415
-1.60053
-1.65275
-1.70113
-1.74697
-1.79186
-1.83674
-1.88118
-1.9245
-1.96684
-0.854442
-0.919251
-0.986141
-1.05519
-1.12601
-1.19769
-1.26903
-1.33904
-1.40705
-1.47252
-1.53468
-1.59272
-1.64615
-1.69596
-1.74326
-1.78908
-1.83417
-1.87866
-1.92245
-1.96571
)
;
    }
    procBoundary1to3
    {
        type            processor;
        value           nonuniform List<scalar> 
200
(
-2.0058
-2.0069
-2.00825
-2.00954
-2.01057
-2.01139
-2.01196
-2.01234
-2.01257
-2.0127
-2.00663
-2.0078
-2.00939
-2.01086
-2.01198
-2.01283
-2.01336
-2.01366
-2.01383
-2.01393
-2.00883
-2.01016
-2.0121
-2.01379
-2.01496
-2.01576
-2.01612
-2.01624
-2.01625
-2.01625
-2.01305
-2.01393
-2.01638
-2.01832
-2.01965
-2.0204
-2.02049
-2.02026
-2.01999
-2.01983
-2.01522
-2.01904
-2.02271
-2.02559
-2.02723
-2.02765
-2.027
-2.02603
-2.02518
-2.02473
-2.01859
-2.02598
-2.03137
-2.03513
-2.03749
-2.0377
-2.03609
-2.0337
-2.03191
-2.03102
-2.02544
-2.03862
-2.04702
-2.05037
-2.05416
-2.05257
-2.04896
-2.04399
-2.04044
-2.03877
-2.06525
-2.07046
-2.06914
-2.07462
-2.08563
-2.08011
-2.06974
-2.05689
-2.05127
-2.04803
-2.11377
-2.13863
-2.09974
-2.10039
-2.10665
-2.11162
-2.10677
-2.07772
-2.06625
-2.0596
-2.12947
-2.12716
-2.10943
-2.11969
-2.12281
-2.14249
-2.16237
-2.11891
-2.08695
-2.07194
-2.11266
-2.11049
-2.10822
-2.11552
-2.13274
-2.15635
-2.20488
-2.14451
-2.10125
-2.08039
-2.09294
-2.09146
-2.08381
-2.08793
-2.11296
-2.13062
-2.20417
-2.14864
-2.10873
-2.0814
-2.08412
-2.07644
-2.05315
-2.04666
-2.07735
-2.09512
-2.12913
-2.15844
-2.10217
-2.07278
-2.05333
-2.04448
-2.03565
-2.0256
-2.04676
-2.03431
-2.08867
-2.09754
-2.06476
-2.04921
-2.00084
-1.99068
-1.9627
-1.93243
-1.93465
-1.97583
-2.02457
-2.04385
-2.03947
-2.03541
-1.99406
-1.99146
-1.98532
-1.97568
-1.97803
-2.00167
-2.01513
-2.02028
-2.02318
-2.02366
-2.00055
-1.99476
-1.98942
-1.98607
-1.98984
-1.99997
-2.0075
-2.01305
-2.01574
-2.01661
-2.00415
-2.0004
-1.99735
-1.99518
-1.99636
-2.00078
-2.00572
-2.00944
-2.01149
-2.01236
-2.0061
-2.00341
-2.00137
-2.00016
-2.00055
-2.00267
-2.00537
-2.00774
-2.00927
-2.01
-2.00711
-2.0051
-2.00344
-2.00242
-2.00244
-2.00362
-2.00536
-2.00706
-2.00823
-2.00886
)
;
    }
}


// ************************************************************************* //
