/*--------------------------------*- C++ -*----------------------------------*\
| =========                 |                                                 |
| \\      /  F ield         | OpenFOAM: The Open Source CFD Toolbox           |
|  \\    /   O peration     | Version:  2312                                  |
|   \\  /    A nd           | Website:  www.openfoam.com                      |
|    \\/     M anipulation  |                                                 |
\*---------------------------------------------------------------------------*/
FoamFile
{
    version     2.0;
    format      ascii;
    arch        "LSB;label=32;scalar=64";
    class       volScalarField;
    location    "0.81";
    object      p;
}
// * * * * * * * * * * * * * * * * * * * * * * * * * * * * * * * * * * * * * //

dimensions      [1 -1 -2 0 0 0 0];

internalField   nonuniform List<scalar> 
8000
(
388.633
388.052
386.805
385.018
382.951
380.842
378.885
377.233
375.997
375.252
340.582
339.965
338.585
336.624
334.373
332.092
329.984
328.216
326.9
326.101
293.643
292.925
291.184
288.86
286.251
283.634
281.246
279.272
277.823
276.948
248.074
247.173
244.625
241.633
238.496
235.406
232.632
230.417
228.865
227.904
203.684
202.522
199.03
195.129
191.214
187.472
184.171
181.661
180.007
178.911
159.942
157.898
153.762
148.985
144.109
139.607
135.611
132.697
130.9
129.61
116.287
113.03
108.546
102.894
96.6716
91.1794
86.5277
83.5914
81.8585
80.4912
72.8615
69.3607
65.1121
58.7991
50.6375
45.1044
42.8812
43.4236
45.1681
45.8073
35.7817
32.5674
27.9317
20.5382
12.4172
9.97607
12.8072
15.1015
16.0998
17.0709
14.9208
12.8394
5.69999
0.712487
0.00017616
-0.133759
0.753133
3.90942
7.96046
7.81093
-0.199462
-0.386761
-0.400056
-0.413432
-0.477403
-0.4827
-0.478058
-0.519902
-0.537005
-0.528886
-0.416857
-0.422104
-0.443592
-0.460354
-0.480126
-0.527148
-0.553254
-0.582902
-0.597142
-0.587382
-0.496508
-0.494726
-0.511458
-0.5267
-0.557725
-0.590147
-0.61533
-0.627448
-0.618695
-0.594719
-0.60481
-0.604305
-0.605155
-0.610289
-0.629019
-0.64462
-0.666274
-0.662187
-0.636181
-0.607971
-0.715314
-0.716573
-0.701003
-0.69548
-0.697653
-0.697778
-0.701549
-0.685039
-0.648823
-0.620761
-0.790787
-0.799584
-0.785884
-0.77371
-0.760738
-0.751236
-0.738398
-0.710046
-0.669972
-0.650777
-0.836593
-0.853078
-0.846114
-0.830473
-0.810832
-0.798394
-0.780135
-0.750682
-0.719802
-0.709421
-0.865046
-0.879956
-0.87618
-0.860791
-0.843333
-0.830842
-0.814749
-0.796856
-0.785534
-0.781053
-0.886512
-0.89384
-0.892091
-0.879218
-0.867228
-0.856327
-0.84412
-0.839701
-0.845759
-0.847159
-0.922525
-0.92176
-0.921148
-0.912188
-0.90311
-0.892617
-0.882493
-0.882829
-0.89429
-0.898947
387.994
387.492
386.297
384.514
382.446
380.342
378.386
376.731
375.49
374.745
339.895
339.431
338.142
336.145
333.853
331.558
329.439
327.651
326.309
325.499
292.839
292.384
290.857
288.455
285.716
283.041
280.612
278.58
277.057
276.124
247.063
246.47
244.235
241.204
237.897
234.706
231.834
229.475
227.751
226.693
202.4
201.691
198.379
194.529
190.499
186.634
183.202
180.354
178.201
176.831
157.988
156.82
152.653
147.954
143.092
138.517
134.608
131.38
128.537
126.536
113.615
111.197
106.369
100.433
94.4202
89.1951
84.5473
79.5308
74.8985
72.9809
70.3006
67.5894
62.8217
54.9657
47.8668
43.4002
40.3702
37.5737
34.2184
31.4117
33.5782
31.6914
26.5693
15.9474
10.1861
8.85537
8.54816
8.6349
5.82274
3.67613
13.7708
8.62296
2.8358
-0.0648674
-0.36052
-0.36942
-0.265218
0.0993542
0.656027
0.147523
-0.479264
-0.473602
-0.456585
-0.470921
-0.531534
-0.539434
-0.544045
-0.586445
-0.643982
-0.655848
-0.480593
-0.511494
-0.513142
-0.528687
-0.560668
-0.588891
-0.603375
-0.625743
-0.656989
-0.650116
-0.559672
-0.577209
-0.575807
-0.591701
-0.619515
-0.6411
-0.659919
-0.669309
-0.666944
-0.642945
-0.673105
-0.679097
-0.656085
-0.664868
-0.676302
-0.681072
-0.699834
-0.698398
-0.680166
-0.652875
-0.777594
-0.783777
-0.74214
-0.743673
-0.733754
-0.72386
-0.728468
-0.718211
-0.690321
-0.668721
-0.847063
-0.872336
-0.822277
-0.81899
-0.79614
-0.780177
-0.766821
-0.745084
-0.714932
-0.695082
-0.880455
-0.930527
-0.895123
-0.884697
-0.856441
-0.844947
-0.829926
-0.799295
-0.762765
-0.740362
-0.902089
-0.952983
-0.947673
-0.926921
-0.895087
-0.885995
-0.877568
-0.85238
-0.822259
-0.79692
-0.914027
-0.942874
-0.951582
-0.931499
-0.906099
-0.894961
-0.885226
-0.869956
-0.856607
-0.85302
-0.931032
-0.939735
-0.947028
-0.933415
-0.917028
-0.904243
-0.89012
-0.880726
-0.883293
-0.897
386.642
386.19
385.072
383.364
381.36
379.306
377.383
375.75
374.525
373.799
338.384
338.006
336.831
334.929
332.701
330.447
328.344
326.552
325.2
324.396
290.91
290.661
289.391
287.114
284.424
281.767
279.313
277.218
275.622
274.645
244.249
243.973
242.445
239.669
236.388
233.168
230.178
227.608
225.669
224.471
198.5
198.043
195.873
192.498
188.559
184.672
180.94
177.512
175.004
173.545
153.187
152.204
149.082
145.106
140.659
136.287
132.041
127.928
124.182
121.853
108.066
105.839
101.6
96.9209
91.9785
86.6063
79.7638
72.5165
68.9709
68.2236
64.4851
62.4345
58.2928
52.6317
48.4294
44.4702
38.4723
29.1302
22.5771
20.0703
27.2746
25.945
21.9532
14.313
11.2722
9.78559
8.31821
4.40945
1.35538
0.366034
5.80772
2.06136
0.0632949
-0.418408
-0.580227
-0.538938
-0.431017
-0.395783
-0.29714
-0.196275
-0.574895
-0.575858
-0.545092
-0.583644
-0.628427
-0.627392
-0.587439
-0.554218
-0.516156
-0.478858
-0.560918
-0.586374
-0.576338
-0.607372
-0.651574
-0.680881
-0.652623
-0.623701
-0.606464
-0.575696
-0.618706
-0.636136
-0.62841
-0.648286
-0.680888
-0.707183
-0.703459
-0.673554
-0.652933
-0.624832
-0.721765
-0.723147
-0.697128
-0.707255
-0.722642
-0.73185
-0.742479
-0.716433
-0.696924
-0.682414
-0.824382
-0.812279
-0.772737
-0.777275
-0.775153
-0.767972
-0.768121
-0.756375
-0.743258
-0.742131
-0.879514
-0.885409
-0.842688
-0.847293
-0.839307
-0.828988
-0.823381
-0.818743
-0.815187
-0.804473
-0.904102
-0.941154
-0.905329
-0.914067
-0.908038
-0.904814
-0.906147
-0.899481
-0.888098
-0.852881
-0.930824
-0.982103
-0.972245
-0.971984
-0.95718
-0.953137
-0.955473
-0.942826
-0.916799
-0.866797
-0.949055
-0.991558
-1.0081
-1.00087
-0.97302
-0.955994
-0.946839
-0.924381
-0.892229
-0.864785
-0.946152
-0.975015
-0.998799
-0.989435
-0.961474
-0.938367
-0.917381
-0.893394
-0.875119
-0.877312
384.732
384.289
383.25
381.679
379.807
377.853
375.997
374.41
373.219
372.529
336.259
335.851
334.776
333.063
331.01
328.867
326.817
325.047
323.699
322.931
288.323
288.004
286.866
284.878
282.454
279.938
277.517
275.414
273.81
272.806
240.827
240.533
239.272
236.952
234.036
230.975
227.938
225.23
223.177
221.926
193.899
193.58
191.932
189.168
185.683
181.853
177.739
174.243
171.523
169.937
147.142
146.557
144.303
141.191
137.447
133.174
128.019
122.514
118.473
116.343
100.09
98.4475
95.5993
92.3006
87.8877
80.8415
71.423
65.1738
61.8824
60.3453
54.6347
52.3818
50.093
47.8993
45.7243
40.9437
28.2579
17.16
12.7286
12.0885
17.2882
14.1273
12.349
11.1107
9.31883
8.83014
5.24019
0.777271
0.142712
0.0971642
-0.0405734
-0.301283
-0.502728
-0.595963
-0.647918
-0.605925
-0.509392
-0.409486
-0.257777
-0.138332
-0.537988
-0.567634
-0.593799
-0.642577
-0.689283
-0.673909
-0.581023
-0.498341
-0.449304
-0.406481
-0.580147
-0.604153
-0.608329
-0.648765
-0.697278
-0.715973
-0.648552
-0.596015
-0.569333
-0.557821
-0.650066
-0.665448
-0.663016
-0.680969
-0.717205
-0.735884
-0.706504
-0.65724
-0.644574
-0.644405
-0.740948
-0.734679
-0.723698
-0.731457
-0.754317
-0.763179
-0.741105
-0.697447
-0.702736
-0.716347
-0.843937
-0.81634
-0.791276
-0.795735
-0.810335
-0.81385
-0.781379
-0.757853
-0.779007
-0.805696
-0.899867
-0.875088
-0.852502
-0.868218
-0.884037
-0.894718
-0.88122
-0.876842
-0.905005
-0.915317
-0.906383
-0.913023
-0.90274
-0.942176
-0.972187
-0.994701
-1.00149
-1.00057
-1.00745
-0.972439
-0.929655
-0.96062
-0.973322
-1.00978
-1.03419
-1.04386
-1.04333
-1.02635
-0.998992
-0.944685
-0.955711
-0.994182
-1.02426
-1.04739
-1.04307
-1.02148
-1.00157
-0.970626
-0.928912
-0.883701
-0.954004
-0.988294
-1.02693
-1.03673
-1.01197
-0.976108
-0.947328
-0.916034
-0.883239
-0.86214
382.57
382.139
381.182
379.753
378.029
376.198
374.436
372.921
371.787
371.148
333.864
333.44
332.454
330.931
329.065
327.053
325.09
323.389
322.097
321.355
285.452
285.057
284.018
282.32
280.18
277.825
275.483
273.424
271.811
270.825
237.207
236.837
235.711
233.812
231.319
228.486
225.451
222.729
220.583
219.283
189.122
188.822
187.477
185.297
182.275
178.575
174.607
171.025
168.083
166.31
140.684
140.417
139.021
136.914
133.849
129.856
123.423
117.82
113.549
111.31
91.1499
90.4892
89.3123
87.0518
82.8361
75.5301
67.943
61.1339
55.7608
53.2024
42.554
42.4417
42.7521
42.6057
41.6571
35.9544
23.4253
13.8295
9.6441
9.12054
8.5523
7.92101
8.09899
6.94474
7.62362
8.99261
3.3582
0.223527
0.158577
0.0703617
-0.390782
-0.463456
-0.541489
-0.600296
-0.616789
-0.56472
-0.463453
-0.372056
-0.23222
-0.208511
-0.543865
-0.589348
-0.617775
-0.671519
-0.696994
-0.640144
-0.541011
-0.488781
-0.44676
-0.423939
-0.577866
-0.623342
-0.639057
-0.672849
-0.703897
-0.69022
-0.62366
-0.595345
-0.573499
-0.553042
-0.648359
-0.673752
-0.683072
-0.692439
-0.718698
-0.715257
-0.669605
-0.64716
-0.6457
-0.634995
-0.724875
-0.724454
-0.730453
-0.73192
-0.750816
-0.743475
-0.685967
-0.657551
-0.678185
-0.690935
-0.817086
-0.793905
-0.788196
-0.787376
-0.802975
-0.798996
-0.732711
-0.70421
-0.738546
-0.776004
-0.876411
-0.863962
-0.856202
-0.861425
-0.87429
-0.876559
-0.843076
-0.828296
-0.863764
-0.905432
-0.890584
-0.902782
-0.9105
-0.939587
-0.965416
-0.979777
-0.970194
-0.967256
-0.9737
-0.970008
-0.905649
-0.928593
-0.958991
-1.0075
-1.03751
-1.04243
-1.02529
-1.00199
-0.970996
-0.924479
-0.933867
-0.964719
-1.00179
-1.04116
-1.04747
-1.02291
-0.992494
-0.957034
-0.913143
-0.862477
-0.944155
-0.97156
-1.01308
-1.03676
-1.02134
-0.984819
-0.954555
-0.923913
-0.889728
-0.851075
380.426
380.023
379.146
377.845
376.262
374.555
372.892
371.464
370.407
369.84
331.502
331.1
330.203
328.833
327.125
325.246
323.392
321.786
320.563
319.896
282.64
282.258
281.333
279.85
277.911
275.708
273.467
271.495
269.919
268.975
233.695
233.352
232.412
230.854
228.653
225.921
222.962
220.329
218.191
216.851
184.501
184.28
183.324
181.589
178.972
175.485
171.498
167.946
164.925
162.971
134.351
134.341
133.986
132.765
129.992
125.328
119.066
113.869
109.518
106.775
82.1284
82.3999
83.0356
82.4167
81.1259
75.3662
66.0177
57.8608
50.2777
46.6901
30.8943
32.1512
35.3708
38.2488
37.9101
34.2285
22.9832
13.1536
7.81528
6.85409
3.44113
3.21519
3.26118
4.51701
7.86867
8.31281
2.78277
0.165327
0.070697
-0.0870674
-0.366943
-0.451016
-0.528985
-0.575793
-0.605322
-0.556153
-0.466899
-0.358104
-0.251605
-0.275466
-0.502628
-0.613055
-0.640019
-0.678085
-0.674472
-0.602468
-0.541978
-0.499361
-0.464601
-0.457255
-0.578565
-0.657089
-0.665198
-0.679401
-0.691891
-0.669132
-0.618311
-0.594517
-0.58554
-0.567219
-0.636353
-0.673861
-0.688802
-0.683494
-0.691025
-0.69095
-0.646005
-0.617688
-0.628994
-0.616205
-0.696528
-0.705085
-0.724647
-0.715614
-0.710978
-0.698622
-0.641853
-0.606537
-0.622577
-0.640983
-0.769712
-0.751913
-0.763523
-0.76048
-0.758313
-0.743045
-0.679787
-0.643473
-0.666448
-0.709396
-0.834231
-0.829923
-0.828907
-0.82558
-0.821153
-0.807353
-0.768052
-0.747404
-0.770649
-0.797143
-0.869022
-0.895923
-0.900494
-0.900088
-0.894459
-0.885508
-0.865264
-0.847674
-0.851749
-0.851612
-0.889184
-0.925108
-0.947183
-0.958987
-0.949161
-0.936027
-0.919613
-0.903464
-0.883789
-0.850897
-0.913565
-0.945899
-0.976779
-0.996286
-0.98497
-0.959962
-0.937558
-0.915717
-0.886781
-0.840057
-0.929307
-0.957001
-0.991743
-1.01538
-1.00102
-0.970304
-0.947944
-0.926304
-0.898806
-0.866205
378.522
378.146
377.343
376.15
374.684
373.081
371.512
370.18
369.205
368.708
329.411
329.039
328.223
326.973
325.393
323.627
321.882
320.386
319.25
318.661
280.173
279.83
279.015
277.677
275.876
273.756
271.61
269.761
268.275
267.383
230.63
230.353
229.619
228.322
226.26
223.51
220.626
218.176
216.125
214.695
180.481
180.398
179.824
178.477
175.896
172.01
167.983
164.73
162.026
159.8
128.744
129.094
129.744
129.495
126.906
121.058
114.509
109.634
105.804
102.554
73.8133
75.1286
78.7144
81.163
81.261
73.5738
62.6729
53.4068
45.7867
41.3221
21.3721
22.0313
29.6486
36.1313
37.849
32.4798
21.4345
11.2398
5.73175
4.61426
1.18181
0.578712
1.91516
5.32906
9.20603
7.58823
2.2934
0.273002
-0.016916
-0.183146
-0.209133
-0.417472
-0.520572
-0.581508
-0.614518
-0.524368
-0.406696
-0.284855
-0.257681
-0.304672
-0.451386
-0.636645
-0.654248
-0.649101
-0.626989
-0.579036
-0.533525
-0.484003
-0.470965
-0.468762
-0.578796
-0.701107
-0.687233
-0.66761
-0.648816
-0.643531
-0.607053
-0.572671
-0.577379
-0.565576
-0.622936
-0.663666
-0.681452
-0.660236
-0.643399
-0.647399
-0.609501
-0.575244
-0.59741
-0.594634
-0.66461
-0.681881
-0.711289
-0.696824
-0.66542
-0.646255
-0.608599
-0.581837
-0.596623
-0.61216
-0.718066
-0.707895
-0.735546
-0.738668
-0.722311
-0.698844
-0.657933
-0.630343
-0.637154
-0.668275
-0.786909
-0.770061
-0.78363
-0.792264
-0.78411
-0.765211
-0.734613
-0.714839
-0.723996
-0.738778
-0.840822
-0.846224
-0.858937
-0.859035
-0.850155
-0.834536
-0.812977
-0.79856
-0.796019
-0.789868
-0.878817
-0.9065
-0.925837
-0.921176
-0.905661
-0.885513
-0.867094
-0.856425
-0.841374
-0.818358
-0.908608
-0.936017
-0.962307
-0.969315
-0.950952
-0.923735
-0.906692
-0.896217
-0.875397
-0.845872
-0.93181
-0.957665
-0.982766
-1.00334
-0.990337
-0.958472
-0.943376
-0.933062
-0.914914
-0.892444
377.016
376.662
375.92
374.811
373.436
371.924
370.448
369.208
368.317
367.887
327.769
327.416
326.663
325.506
324.016
322.345
320.71
319.324
318.295
317.784
278.256
277.943
277.203
275.972
274.253
272.17
270.12
268.409
267.031
266.255
228.307
228.073
227.488
226.304
224.184
221.341
218.56
216.391
214.446
213.081
177.523
177.551
177.29
176.079
173.163
168.388
164.368
161.859
159.359
157.261
124.775
125.283
127.088
127.364
123.641
115.841
109.238
105.688
101.625
98.7598
68.0971
70.7663
77.2094
80.2417
77.8154
69.4219
58.4239
48.8376
41.9813
37.1119
14.4453
18.0456
30.1968
37.2932
35.5358
28.2971
19.2275
8.50457
4.45129
3.44892
0.91807
0.889413
3.2987
8.29118
9.42469
6.27323
1.4981
0.249373
0.0104574
-0.129721
0.0583849
-0.321747
-0.53675
-0.579205
-0.504107
-0.423113
-0.381195
-0.243835
-0.276651
-0.317783
-0.353807
-0.655835
-0.653529
-0.603755
-0.563147
-0.548685
-0.523987
-0.465072
-0.464368
-0.461904
-0.596789
-0.739598
-0.696407
-0.639929
-0.60131
-0.604817
-0.578075
-0.529038
-0.541066
-0.545883
-0.608672
-0.641623
-0.663302
-0.640308
-0.604731
-0.590943
-0.554546
-0.519496
-0.557985
-0.574202
-0.637462
-0.655548
-0.68914
-0.68562
-0.640239
-0.603289
-0.572315
-0.559566
-0.582576
-0.606188
-0.682396
-0.680876
-0.711016
-0.723821
-0.702575
-0.672751
-0.641666
-0.630343
-0.638761
-0.662946
-0.746082
-0.734649
-0.747394
-0.765316
-0.761719
-0.744325
-0.725765
-0.715357
-0.714034
-0.728426
-0.810975
-0.802312
-0.809487
-0.824236
-0.823504
-0.812558
-0.801907
-0.791703
-0.780506
-0.780252
-0.863913
-0.869599
-0.87717
-0.885216
-0.879691
-0.869083
-0.860932
-0.849599
-0.837022
-0.823752
-0.903476
-0.919775
-0.933806
-0.939107
-0.927845
-0.915077
-0.906227
-0.897284
-0.887352
-0.874097
-0.937193
-0.95278
-0.966743
-0.975189
-0.968085
-0.956528
-0.948086
-0.941471
-0.935624
-0.932633
376.021
375.675
374.971
373.918
372.607
371.172
369.774
368.603
367.792
367.474
326.7
326.346
325.624
324.516
323.086
321.498
319.958
318.66
317.763
317.378
277.041
276.708
275.992
274.807
273.115
271.081
269.166
267.507
266.289
265.757
226.878
226.671
226.022
224.736
222.534
219.804
217.297
215.067
213.219
212.298
175.769
175.753
175.51
173.975
170.459
165.85
162.816
159.996
157.184
155.738
122.738
122.854
125.168
124.073
118.309
110.455
107.182
102.438
98.3165
96.6221
66.754
68.5908
76.1048
76.2736
69.3237
61.4225
54.4497
45.5067
37.9549
33.9169
12.3227
19.0491
31.9729
34.6152
27.6087
20.7553
13.1042
5.85245
3.51131
2.80869
1.20057
1.35296
4.72719
7.47133
4.81625
1.99914
0.372966
0.0783765
-0.0148704
-0.0830234
0.268259
-0.185122
-0.565605
-0.553988
-0.39157
-0.349904
-0.361029
-0.255425
-0.308966
-0.326851
-0.283998
-0.656894
-0.634241
-0.566214
-0.521527
-0.521512
-0.502195
-0.43868
-0.451513
-0.445373
-0.577599
-0.748389
-0.683514
-0.618034
-0.572108
-0.566654
-0.527353
-0.475571
-0.503531
-0.517131
-0.600531
-0.62807
-0.645476
-0.629936
-0.588615
-0.554836
-0.512866
-0.486067
-0.530459
-0.556146
-0.626832
-0.634499
-0.664873
-0.68383
-0.650097
-0.594994
-0.557673
-0.546898
-0.57535
-0.602137
-0.66956
-0.667656
-0.692516
-0.715282
-0.708028
-0.672434
-0.643328
-0.635994
-0.644182
-0.661358
-0.726697
-0.725178
-0.730025
-0.745965
-0.752031
-0.737768
-0.724395
-0.718559
-0.717686
-0.720776
-0.79098
-0.790811
-0.793132
-0.800076
-0.805112
-0.797445
-0.792053
-0.792716
-0.796382
-0.787801
-0.849337
-0.847661
-0.84885
-0.854731
-0.858236
-0.851377
-0.851109
-0.857254
-0.870035
-0.857489
-0.897949
-0.898079
-0.898011
-0.90116
-0.905653
-0.901865
-0.902484
-0.91004
-0.925976
-0.925195
-0.937815
-0.938088
-0.938628
-0.943345
-0.948237
-0.948678
-0.948991
-0.953183
-0.964508
-0.971531
375.584
375.236
374.54
373.507
372.234
370.858
369.511
368.369
367.649
367.551
326.255
325.883
325.149
324.055
322.672
321.182
319.706
318.431
317.608
317.62
276.585
276.19
275.435
274.258
272.606
270.723
268.821
267.141
266.053
265.882
226.457
226.154
225.327
223.969
221.99
219.598
217.001
214.48
212.686
212.329
175.302
175.184
174.534
172.84
170.028
166.785
162.953
159.098
156.182
155.97
122.313
121.648
123.083
120.915
116.271
112.288
107.177
101.076
96.7019
97.0537
67.4283
67.7402
72.8467
69.8064
63.2835
59.4395
51.856
41.4197
33.9898
32.9508
15.0611
19.9956
28.7932
25.4729
19.3614
16.2833
8.96364
4.5882
2.86871
2.51827
1.73129
1.74195
3.23039
2.08715
1.13469
0.519986
0.137506
0.0101865
-0.0771207
-0.0680595
0.387974
-0.157396
-0.557327
-0.485641
-0.33291
-0.326233
-0.297603
-0.31336
-0.358535
-0.328003
-0.258952
-0.614322
-0.599687
-0.546393
-0.503911
-0.499584
-0.460711
-0.444151
-0.469351
-0.433611
-0.522918
-0.72075
-0.646404
-0.600979
-0.552488
-0.518806
-0.479565
-0.462627
-0.50612
-0.502354
-0.577837
-0.627905
-0.621416
-0.610585
-0.57563
-0.53067
-0.494788
-0.49107
-0.529496
-0.547866
-0.650042
-0.63823
-0.647276
-0.666065
-0.679732
-0.624967
-0.57801
-0.569809
-0.588657
-0.601808
-0.681615
-0.668394
-0.681762
-0.696907
-0.740069
-0.710057
-0.670407
-0.663903
-0.662265
-0.657254
-0.730101
-0.729404
-0.723847
-0.733011
-0.755399
-0.756917
-0.73769
-0.746021
-0.752517
-0.735447
-0.788656
-0.795918
-0.793406
-0.790853
-0.800103
-0.804964
-0.80004
-0.822347
-0.845079
-0.827237
-0.842877
-0.848665
-0.852512
-0.852028
-0.854151
-0.857232
-0.85667
-0.87963
-0.912403
-0.895291
-0.890156
-0.891441
-0.893911
-0.899252
-0.902617
-0.905174
-0.90702
-0.924335
-0.949395
-0.943116
-0.930701
-0.930946
-0.93106
-0.938947
-0.946063
-0.94893
-0.950279
-0.960699
-0.976563
-0.981769
375.762
375.393
374.661
373.595
372.304
370.925
369.575
368.471
367.806
367.794
326.454
326.063
325.279
324.131
322.725
321.226
319.757
318.517
317.778
317.783
276.874
276.431
275.59
274.316
272.641
270.752
268.848
267.245
266.311
266.178
226.969
226.438
225.373
223.874
221.867
219.469
216.826
214.429
213.058
213.14
176.171
175.589
174.449
172.587
170.026
166.762
162.674
159.031
156.954
157.247
123.726
122.82
122.329
120.06
116.823
112.754
106.949
101.498
98.243
99.2765
69.2756
67.7106
70.1371
65.8941
62.0247
58.7774
49.7995
40.3878
34.6008
36.944
21.5264
21.3046
23.9323
19.9761
17.5922
16.3667
8.15597
4.06117
2.83402
3.64191
2.63627
2.14823
1.93107
0.951724
0.652341
0.43837
0.0355454
-0.0222014
-0.0610771
-0.0949668
0.370262
-0.123058
-0.408544
-0.43003
-0.319756
-0.30657
-0.301794
-0.342874
-0.342659
-0.319636
-0.223433
-0.551355
-0.563036
-0.545965
-0.5057
-0.471797
-0.464062
-0.468638
-0.451203
-0.421288
-0.481967
-0.668928
-0.613328
-0.604101
-0.559292
-0.510039
-0.498906
-0.502536
-0.506163
-0.48978
-0.58569
-0.646062
-0.589793
-0.580261
-0.574295
-0.540175
-0.526583
-0.540956
-0.549671
-0.540404
-0.658735
-0.649223
-0.628253
-0.62714
-0.692201
-0.69317
-0.634532
-0.633162
-0.630891
-0.614058
-0.697231
-0.679649
-0.687104
-0.686339
-0.773226
-0.796235
-0.72448
-0.722393
-0.728671
-0.712418
-0.738284
-0.733253
-0.730981
-0.724991
-0.757502
-0.792606
-0.771507
-0.792931
-0.820817
-0.806319
-0.791827
-0.795373
-0.790833
-0.786919
-0.796592
-0.814412
-0.820381
-0.852385
-0.887048
-0.868213
-0.836442
-0.845422
-0.847659
-0.85182
-0.853455
-0.864784
-0.871847
-0.898059
-0.928016
-0.914951
-0.879157
-0.886035
-0.891869
-0.901817
-0.904432
-0.911279
-0.917668
-0.93292
-0.951468
-0.953136
-0.924588
-0.931062
-0.936098
-0.943277
-0.948248
-0.953748
-0.958563
-0.96405
-0.973732
-0.986814
376.449
376.052
375.259
374.121
372.758
371.322
369.956
368.878
368.241
368.127
327.229
326.796
325.929
324.685
323.198
321.624
320.123
318.926
318.232
318.124
277.842
277.336
276.346
274.95
273.194
271.259
269.33
267.774
266.917
266.805
228.225
227.558
226.215
224.545
222.424
219.988
217.401
215.217
214.048
213.921
178.105
177.28
175.589
173.334
170.656
167.412
163.427
160.085
158.389
158.755
126.682
125.298
123.413
120.59
117.36
113.352
107.929
102.992
100.468
101.444
74.3778
70.9129
68.8461
65.2133
61.9724
58.0042
50.469
43.146
39.0952
41.0499
29.741
25.882
22.4273
18.5411
17.8618
16.4619
8.93693
5.16007
4.05278
5.11915
5.75316
2.91305
1.89209
0.901044
0.710101
0.494742
0.178943
0.0842271
-0.0407245
-0.119808
0.413459
-0.0277045
-0.268077
-0.417904
-0.337341
-0.326524
-0.281361
-0.283412
-0.320481
-0.302114
-0.151426
-0.44262
-0.514183
-0.552209
-0.493048
-0.436874
-0.438565
-0.425091
-0.410619
-0.404943
-0.437335
-0.617872
-0.598168
-0.611146
-0.574853
-0.528593
-0.515963
-0.494003
-0.490056
-0.488341
-0.602718
-0.655534
-0.597205
-0.592644
-0.603413
-0.602881
-0.595257
-0.589053
-0.587854
-0.590356
-0.676081
-0.669335
-0.641508
-0.627036
-0.705481
-0.782057
-0.733773
-0.712058
-0.708599
-0.703707
-0.713824
-0.703857
-0.712294
-0.689346
-0.786105
-0.89829
-0.831446
-0.800398
-0.813143
-0.801716
-0.764
-0.763117
-0.772802
-0.747628
-0.793918
-0.853942
-0.841571
-0.845102
-0.880424
-0.867606
-0.812601
-0.818964
-0.826911
-0.830644
-0.813486
-0.818297
-0.847717
-0.882599
-0.918917
-0.912247
-0.860803
-0.860321
-0.869004
-0.880205
-0.864727
-0.873148
-0.892936
-0.92065
-0.947093
-0.951022
-0.896178
-0.888715
-0.887503
-0.90979
-0.914553
-0.923653
-0.935499
-0.953574
-0.97246
-0.984443
-0.930747
-0.915184
-0.91484
-0.944707
-0.955691
-0.964657
-0.972267
-0.981762
-0.993578
-1.00974
377.647
377.218
376.354
375.129
373.664
372.144
370.727
369.627
368.972
368.83
328.552
328.084
327.135
325.757
324.169
322.501
320.933
319.706
318.979
318.826
279.422
278.881
277.778
276.244
274.333
272.301
270.33
268.764
267.868
267.64
230.234
229.526
228.035
226.107
223.776
221.205
218.602
216.518
215.432
215.225
180.857
180.001
178.015
175.392
172.389
169.025
165.228
162.108
160.429
160.799
130.874
129.52
127.067
123.541
119.563
115.126
110.222
105.876
103.413
104.686
80.8258
77.8388
73.0844
68.2385
64.3279
59.6978
53.0855
46.5769
43.3739
45.3509
39.3388
34.2356
28.3762
22.2836
19.2979
16.1066
10.0515
6.4584
5.67184
7.08328
13.8525
6.01869
4.57993
2.69289
1.52113
0.541929
0.189243
0.0797023
0.0102403
-0.0350832
0.929339
0.0622659
-0.16569
-0.414
-0.362071
-0.312173
-0.266496
-0.284216
-0.327829
-0.28112
-0.233992
-0.445138
-0.537579
-0.569974
-0.476713
-0.412865
-0.414532
-0.417532
-0.430279
-0.417202
-0.48455
-0.592172
-0.605942
-0.618722
-0.572747
-0.530015
-0.502923
-0.478166
-0.496394
-0.516081
-0.622959
-0.654169
-0.605264
-0.605326
-0.626831
-0.65414
-0.648575
-0.634415
-0.650781
-0.677108
-0.687279
-0.684517
-0.665249
-0.623836
-0.711303
-0.853832
-0.828564
-0.794146
-0.801451
-0.819983
-0.73832
-0.732406
-0.734357
-0.697378
-0.792101
-0.958912
-0.942687
-0.890101
-0.896872
-0.893659
-0.7939
-0.798803
-0.813967
-0.800808
-0.841385
-0.907743
-0.916249
-0.909102
-0.933303
-0.936801
-0.843014
-0.850643
-0.869497
-0.896248
-0.860557
-0.822696
-0.876581
-0.924932
-0.965039
-0.98356
-0.880199
-0.882925
-0.90224
-0.920731
-0.888063
-0.885287
-0.921395
-0.966087
-1.00493
-1.03192
-0.909433
-0.903674
-0.917515
-0.926438
-0.926866
-0.943249
-0.969157
-1.00278
-1.03815
-1.06599
-0.939084
-0.927501
-0.937136
-0.957655
-0.974815
-0.986754
-1.00167
-1.02688
-1.05525
-1.07396
379.269
378.811
377.876
376.544
374.981
373.368
371.87
370.712
370
369.814
330.329
329.834
328.818
327.352
325.619
323.835
322.173
320.881
320.09
319.901
281.514
280.948
279.763
278.077
276.036
273.876
271.821
270.206
269.247
268.983
232.815
232.111
230.579
228.455
225.903
223.152
220.465
218.369
217.246
217.075
184.225
183.4
181.415
178.623
175.228
171.572
167.853
164.914
163.238
163.264
135.711
134.49
131.994
128.296
123.659
118.492
113.514
109.632
107.068
107.737
87.2047
85.3825
81.5706
75.6427
69.3405
63.122
56.8797
51.6664
47.679
49.3164
45.347
41.4306
37.789
30.2163
22.9601
16.3836
11.7067
8.37741
6.93011
8.48617
17.8047
12.4556
9.40882
4.86864
1.87874
0.459135
0.138425
0.122401
0.11802
0.0731034
3.39307
1.28078
0.179166
-0.496255
-0.429382
-0.383725
-0.353098
-0.302545
-0.331539
-0.290181
-0.435568
-0.535217
-0.592402
-0.604157
-0.510215
-0.446857
-0.44965
-0.448383
-0.477051
-0.461873
-0.525845
-0.593545
-0.612027
-0.622325
-0.579513
-0.564009
-0.537965
-0.508191
-0.521947
-0.550531
-0.631681
-0.648267
-0.614722
-0.602151
-0.634748
-0.701542
-0.6989
-0.683929
-0.71346
-0.752722
-0.699423
-0.699536
-0.670966
-0.611913
-0.704689
-0.8862
-0.896405
-0.865404
-0.876818
-0.898419
-0.752511
-0.762303
-0.750101
-0.706813
-0.793878
-0.976276
-1.007
-0.963714
-0.959992
-0.96262
-0.807838
-0.828996
-0.830542
-0.859721
-0.882614
-0.933852
-0.958247
-0.963516
-0.98678
-1.00903
-0.858503
-0.873132
-0.878081
-0.931737
-0.901345
-0.847542
-0.898065
-0.973356
-1.03063
-1.07435
-0.900108
-0.902844
-0.915512
-0.934032
-0.907259
-0.911774
-0.968027
-1.03725
-1.09574
-1.14282
-0.929715
-0.921439
-0.938672
-0.948075
-0.940469
-0.969815
-1.02187
-1.08761
-1.14326
-1.18524
-0.95495
-0.938156
-0.955889
-0.975319
-0.991549
-1.00848
-1.04874
-1.10908
-1.15959
-1.17966
381.196
380.714
379.715
378.288
376.613
374.897
373.304
372.058
371.258
370.995
332.432
331.918
330.843
329.286
327.436
325.524
323.749
322.358
321.461
321.178
283.965
283.389
282.148
280.341
278.173
275.89
273.729
272.014
270.928
270.551
235.783
235.099
233.566
231.337
228.614
225.716
222.907
220.689
219.337
218.847
187.963
187.152
185.198
182.391
178.913
175.059
171.207
168.16
166.292
165.934
140.539
139.45
137.006
133.443
128.893
123.623
118.157
113.994
111.269
111.271
93.1938
91.7652
89.1527
84.1988
77.422
69.4933
62.1515
57.2582
53.5996
54.4642
49.6299
47.375
45.6262
40.6136
32.7155
22.731
15.0431
11.2411
9.0019
10.6893
18.4542
16.9554
15.3768
9.7158
4.48427
1.12052
0.110176
0.200305
0.259816
0.1573
3.19
1.03514
0.213934
-0.530509
-0.453329
-0.462985
-0.578447
-0.414149
-0.308101
-0.309256
-0.545088
-0.556724
-0.592919
-0.606044
-0.541122
-0.534341
-0.544528
-0.503567
-0.499729
-0.512519
-0.590808
-0.599722
-0.61219
-0.618367
-0.588862
-0.628019
-0.614949
-0.569751
-0.550301
-0.56771
-0.661415
-0.663387
-0.629883
-0.593654
-0.634803
-0.746897
-0.759979
-0.742044
-0.761199
-0.785235
-0.714956
-0.717889
-0.688349
-0.609044
-0.696338
-0.8932
-0.927956
-0.914772
-0.925824
-0.937892
-0.758995
-0.77504
-0.764211
-0.733334
-0.797264
-0.961118
-1.01304
-1.00049
-0.99736
-1.00112
-0.81343
-0.841879
-0.832861
-0.87276
-0.899976
-0.941192
-0.975377
-0.993223
-1.0236
-1.05834
-0.868944
-0.892796
-0.879234
-0.941391
-0.929124
-0.897183
-0.938847
-1.01251
-1.08723
-1.14671
-0.917377
-0.938735
-0.937732
-0.973322
-0.949518
-0.973857
-1.04522
-1.12393
-1.19128
-1.24215
-0.949288
-0.955027
-0.963842
-0.995626
-0.99841
-1.05556
-1.14136
-1.22007
-1.27379
-1.29925
-0.976025
-0.957849
-0.975136
-0.995748
-1.02167
-1.06232
-1.13923
-1.23177
-1.28251
-1.27913
383.27
382.773
381.717
380.193
378.404
376.573
374.881
373.537
372.633
372.262
334.693
334.176
333.051
331.39
329.423
327.394
325.491
324.002
322.984
322.568
286.592
286.043
284.77
282.833
280.513
278.114
275.881
274.023
272.785
272.257
238.933
238.313
236.801
234.456
231.582
228.561
225.643
223.295
221.696
221.075
191.837
191.107
189.168
186.301
182.729
178.871
175.008
171.782
169.562
169.159
145.276
144.372
141.905
138.374
133.935
128.956
123.758
118.991
115.868
115.295
98.8519
97.2878
94.8995
90.8539
85.052
77.7883
69.7371
63.3045
60.0176
59.4751
54.5553
52.3431
50.7028
46.8679
40.5965
32.3055
22.603
15.5269
12.7506
12.5731
18.0852
17.0038
18.5271
15.8314
9.87971
4.35786
0.777142
0.174617
0.252327
0.252501
1.32745
0.196725
0.102494
-0.181504
-0.397622
-0.422292
-0.59318
-0.610411
-0.417953
-0.31329
-0.579944
-0.561554
-0.579887
-0.578829
-0.53915
-0.569158
-0.608975
-0.577611
-0.519058
-0.507732
-0.623668
-0.624849
-0.616305
-0.616722
-0.582614
-0.642514
-0.670574
-0.632832
-0.57762
-0.569137
-0.693673
-0.696234
-0.668801
-0.605234
-0.634612
-0.757842
-0.791506
-0.787937
-0.787892
-0.791695
-0.734756
-0.747033
-0.72634
-0.639085
-0.701729
-0.87289
-0.915968
-0.93061
-0.950482
-0.959628
-0.766306
-0.790066
-0.78273
-0.752399
-0.791482
-0.92273
-0.977395
-0.989933
-1.00456
-1.01599
-0.817137
-0.850467
-0.83897
-0.853135
-0.884614
-0.930216
-0.963924
-0.986624
-1.02254
-1.06452
-0.871931
-0.916124
-0.893662
-0.943098
-0.946414
-0.939183
-0.960103
-1.01399
-1.08258
-1.14539
-0.915567
-0.982811
-0.978932
-1.0199
-1.00445
-1.02534
-1.07062
-1.13536
-1.19549
-1.23996
-0.93666
-0.995401
-0.993428
-1.04308
-1.08388
-1.14573
-1.21489
-1.26926
-1.29905
-1.30095
-0.963274
-0.970635
-0.9961
-1.02327
-1.06159
-1.13902
-1.23985
-1.30667
-1.32568
-1.2855
385.301
384.802
383.695
382.067
380.163
378.223
376.437
374.994
373.991
373.514
336.913
336.423
335.254
333.463
331.359
329.219
327.24
325.632
324.512
323.976
289.182
288.732
287.445
285.324
282.803
280.268
277.933
276.015
274.651
273.971
242.046
241.585
240.11
237.558
234.436
231.285
228.345
225.867
224.174
223.387
195.675
195.093
193.178
190.098
186.285
182.374
178.647
175.463
173.086
172.078
149.912
149.106
146.509
142.848
138.353
133.566
128.823
124.266
120.787
119.293
104.304
102.667
99.4245
95.4868
90.6751
84.5854
77.5577
70.7517
66.4868
65.0951
60.5432
57.8776
54.5816
50.4254
45.8966
39.5996
31.6869
23.3987
18.5795
17.0098
21.0187
17.5958
17.8474
17.7673
14.2247
8.97204
3.79929
1.28368
0.648405
0.52485
0.956214
-0.110543
-0.175247
-0.0407192
-0.326875
-0.375309
-0.441582
-0.538218
-0.524936
-0.434986
-0.572798
-0.555756
-0.565405
-0.551921
-0.532379
-0.536299
-0.584022
-0.589117
-0.556622
-0.516918
-0.639411
-0.632983
-0.615687
-0.605749
-0.567564
-0.606557
-0.648132
-0.655582
-0.624293
-0.588227
-0.717865
-0.723849
-0.701256
-0.621743
-0.630828
-0.726562
-0.779691
-0.802094
-0.812263
-0.794065
-0.768907
-0.780041
-0.772009
-0.666232
-0.696439
-0.820425
-0.876121
-0.915375
-0.959043
-0.974938
-0.778376
-0.812546
-0.810961
-0.765192
-0.768982
-0.859967
-0.913083
-0.951264
-0.990367
-1.01055
-0.824195
-0.868826
-0.868133
-0.851306
-0.852185
-0.884229
-0.913479
-0.943227
-0.989118
-1.03487
-0.885227
-0.958417
-0.934698
-0.944124
-0.936386
-0.929799
-0.925435
-0.955318
-1.01525
-1.07152
-0.922844
-1.02633
-1.02436
-1.05115
-1.03202
-1.02116
-1.02493
-1.05414
-1.09882
-1.12632
-0.921667
-1.00728
-1.01677
-1.06597
-1.12044
-1.14896
-1.17102
-1.18264
-1.18876
-1.17
-0.937223
-0.970916
-1.00373
-1.03096
-1.07297
-1.16116
-1.23282
-1.25687
-1.22772
-1.16076
387.063
386.563
385.404
383.675
381.668
379.639
377.779
376.257
375.17
374.604
338.848
338.391
337.164
335.239
333.004
330.77
328.725
327.046
325.838
325.202
291.47
291.109
289.758
287.445
284.732
282.081
279.684
277.711
276.276
275.481
244.954
244.575
242.962
240.115
236.762
233.509
230.563
228.107
226.296
225.3
199.455
198.865
196.612
193.126
189.078
185.14
181.527
178.366
175.974
174.638
154.368
153.474
150.333
146.265
141.673
137.074
132.808
128.818
125.008
122.887
109.178
107.564
103.529
98.861
94.1695
89.1164
83.4508
77.4288
72.6983
70.4847
65.6697
63.541
58.9254
53.2457
48.994
44.7661
39.6209
32.454
25.9705
23.5186
26.9189
23.8615
19.2718
15.674
15.7617
13.1378
8.35723
4.58277
2.77527
2.18796
3.40338
1.19461
0.0653276
-0.289789
-0.142452
-0.24406
-0.308158
-0.348228
-0.351656
-0.345929
-0.5559
-0.552421
-0.525281
-0.492801
-0.483634
-0.501463
-0.50518
-0.504812
-0.495829
-0.479493
-0.600898
-0.609898
-0.574981
-0.552282
-0.532763
-0.544399
-0.584472
-0.606168
-0.600836
-0.577039
-0.672868
-0.700128
-0.658124
-0.596883
-0.590733
-0.646215
-0.716868
-0.770031
-0.800276
-0.783799
-0.754638
-0.78638
-0.76536
-0.660373
-0.649709
-0.729821
-0.802379
-0.874007
-0.939458
-0.957116
-0.782766
-0.831988
-0.836439
-0.760274
-0.724549
-0.77396
-0.830716
-0.894348
-0.962927
-0.994241
-0.831958
-0.897846
-0.902381
-0.856403
-0.810277
-0.809733
-0.839027
-0.885652
-0.949559
-0.997151
-0.887237
-0.989296
-0.969284
-0.938647
-0.895799
-0.860765
-0.855288
-0.883175
-0.943316
-1.00492
-0.904689
-1.01679
-1.02302
-1.04028
-1.00219
-0.95192
-0.920294
-0.923225
-0.96008
-1.01231
-0.89541
-0.962469
-0.992982
-1.04329
-1.08496
-1.0772
-1.04506
-1.0171
-1.00682
-1.01578
-0.913237
-0.949219
-0.975724
-0.989737
-1.03268
-1.09569
-1.11459
-1.09176
-1.05616
-1.02023
388.301
387.765
386.549
384.764
382.706
380.631
378.727
377.156
376.015
375.386
340.211
339.692
338.38
336.388
334.107
331.835
329.757
328.04
326.787
326.083
293.159
292.644
291.097
288.699
285.965
283.3
280.893
278.913
277.458
276.605
247.384
246.747
244.528
241.489
238.165
234.95
232.05
229.681
227.923
226.845
202.832
202.068
198.721
194.806
190.774
186.888
183.364
180.402
178.157
176.638
158.302
157.373
153.142
148.479
143.776
139.163
134.933
131.195
127.472
124.586
113.007
111.629
107.024
101.553
96.1041
90.9271
85.7434
79.6942
73.038
70.2171
68.9038
67.7424
62.3435
54.646
48.7583
44.8628
41.2742
35.8681
30.7197
27.2574
31.9598
29.4519
22.6159
13.6844
10.8277
10.064
8.63109
6.5818
4.80163
3.74387
7.73568
3.53426
0.788072
-0.192274
-0.321943
-0.362233
-0.371339
-0.354669
-0.369698
-0.4147
-0.527931
-0.560931
-0.487427
-0.470032
-0.449297
-0.434102
-0.484905
-0.482455
-0.4565
-0.463233
-0.566867
-0.560343
-0.520237
-0.499597
-0.488884
-0.495448
-0.51673
-0.53398
-0.524256
-0.515892
-0.619095
-0.62598
-0.576484
-0.547991
-0.541556
-0.569596
-0.626959
-0.685301
-0.715735
-0.702968
-0.70415
-0.75088
-0.697696
-0.618181
-0.609382
-0.646891
-0.715058
-0.802025
-0.877197
-0.893658
-0.755518
-0.827836
-0.794064
-0.715486
-0.690744
-0.713632
-0.765253
-0.847414
-0.941661
-0.986292
-0.792018
-0.883247
-0.877926
-0.813849
-0.767684
-0.767859
-0.792943
-0.852474
-0.939663
-1.00702
-0.828086
-0.927385
-0.950428
-0.896096
-0.830811
-0.812116
-0.814406
-0.851425
-0.92538
-1.00303
-0.842217
-0.918772
-0.970488
-0.972464
-0.916304
-0.874247
-0.856196
-0.868176
-0.916702
-0.982441
-0.855477
-0.885356
-0.916427
-0.950928
-0.970144
-0.951136
-0.920395
-0.90881
-0.924878
-0.960508
-0.896431
-0.910355
-0.914534
-0.915462
-0.936395
-0.961352
-0.958136
-0.948335
-0.949405
-0.958218
388.893
388.295
387.036
385.25
383.195
381.114
379.202
377.617
376.459
375.803
340.839
340.201
338.813
336.852
334.611
332.348
330.271
328.554
327.296
326.572
293.878
293.145
291.412
289.086
286.479
283.868
281.482
279.523
278.088
277.223
248.272
247.359
244.838
241.848
238.713
235.6
232.765
230.496
228.862
227.738
203.885
202.774
199.217
195.259
191.382
187.614
184.161
181.484
179.532
178.039
160.05
158.246
153.876
149.073
144.445
139.903
135.466
132.194
129.712
127.355
115.793
113.16
108.299
102.657
97.0222
91.4651
86.3301
82.8388
79.1694
76.0041
71.0756
69.0042
64.2017
57.1639
50.1923
45.8054
44.614
42.6375
39.5749
37.0262
32.683
30.9485
25.8778
17.3202
12.1417
14.738
16.2975
15.5579
13.7014
11.8649
12.3759
7.42499
2.60886
0.209324
0.0431681
1.73169
3.83486
2.40495
0.845415
0.341247
-0.495594
-0.496301
-0.450897
-0.439489
-0.43624
-0.405656
-0.398233
-0.422669
-0.388722
-0.351779
-0.506563
-0.493418
-0.479656
-0.481536
-0.470872
-0.465135
-0.459
-0.448407
-0.419005
-0.398509
-0.547426
-0.541342
-0.518598
-0.517893
-0.513494
-0.520836
-0.549693
-0.578461
-0.582852
-0.565328
-0.622069
-0.62907
-0.610926
-0.580275
-0.579929
-0.600877
-0.645437
-0.701837
-0.75312
-0.770942
-0.672381
-0.697544
-0.693028
-0.657822
-0.658712
-0.679791
-0.717198
-0.766873
-0.825867
-0.867058
-0.717888
-0.754731
-0.760495
-0.73538
-0.732331
-0.744371
-0.768446
-0.801503
-0.847927
-0.895019
-0.759335
-0.79343
-0.81262
-0.795431
-0.787646
-0.790969
-0.810207
-0.83203
-0.865759
-0.908541
-0.796321
-0.819671
-0.838487
-0.837033
-0.824857
-0.821849
-0.837581
-0.856252
-0.882027
-0.917911
-0.837241
-0.846238
-0.85127
-0.851564
-0.850642
-0.84885
-0.857243
-0.875089
-0.896794
-0.923813
-0.891382
-0.8908
-0.882241
-0.875103
-0.873603
-0.873998
-0.881533
-0.903208
-0.924972
-0.939736
-0.975954
-0.972986
-0.969087
-0.959716
-0.950856
-0.940767
-0.931227
-0.929669
-0.935444
-0.938385
-1.02808
-1.03473
-1.03239
-1.02164
-1.01254
-1.00053
-0.989455
-0.985079
-0.985892
-0.987213
-1.08526
-1.09573
-1.09873
-1.09326
-1.08423
-1.07052
-1.05952
-1.05412
-1.05541
-1.06029
-1.14163
-1.15014
-1.15473
-1.1541
-1.14569
-1.13551
-1.13299
-1.13891
-1.1566
-1.1757
-1.19024
-1.19321
-1.19807
-1.19667
-1.19131
-1.19125
-1.1987
-1.21579
-1.25984
-1.31388
-1.23465
-1.23527
-1.23585
-1.23289
-1.23464
-1.24161
-1.25185
-1.27108
-1.32509
-1.37885
-1.28112
-1.2811
-1.28076
-1.28053
-1.28398
-1.28821
-1.29557
-1.30889
-1.33455
-1.3518
-1.33061
-1.33067
-1.33099
-1.332
-1.33378
-1.33488
-1.33904
-1.34554
-1.34256
-1.32657
-1.38274
-1.38229
-1.38277
-1.38472
-1.38311
-1.38362
-1.38562
-1.38902
-1.3831
-1.3606
-1.43681
-1.43609
-1.4377
-1.43748
-1.43618
-1.43538
-1.43496
-1.43793
-1.4421
-1.43321
-1.49157
-1.49131
-1.4917
-1.49201
-1.49108
-1.49036
-1.48868
-1.48915
-1.49628
-1.50404
-1.54636
-1.54679
-1.547
-1.54772
-1.54754
-1.54743
-1.54645
-1.54607
-1.54973
-1.56282
-1.60118
-1.60199
-1.60246
-1.60377
-1.60441
-1.60522
-1.60574
-1.60662
-1.60801
-1.61646
-1.65573
-1.65671
-1.65783
-1.65955
-1.66084
-1.66251
-1.66454
-1.66673
-1.66847
-1.67342
-1.70956
-1.71062
-1.71252
-1.71439
-1.71617
-1.71836
-1.72146
-1.72467
-1.72764
-1.7324
-1.76242
-1.7634
-1.76567
-1.76764
-1.76985
-1.77256
-1.7762
-1.7801
-1.78447
-1.7905
-1.81425
-1.81505
-1.81699
-1.8192
-1.82173
-1.82481
-1.82873
-1.83339
-1.83922
-1.84718
-1.86511
-1.86576
-1.86726
-1.86947
-1.87207
-1.87529
-1.8794
-1.88461
-1.8914
-1.90077
-1.91515
-1.9157
-1.91689
-1.91886
-1.92132
-1.92445
-1.92848
-1.93383
-1.94034
-1.94989
-1.96456
-1.96504
-1.966
-1.96766
-1.96982
-1.97266
-1.97607
-1.98076
-1.98677
-1.99487
-0.973005
-0.977487
-0.982768
-0.967315
-0.953396
-0.938544
-0.921157
-0.91197
-0.91705
-0.932294
-1.02618
-1.03834
-1.04562
-1.03323
-1.0203
-1.0017
-0.980002
-0.968218
-0.970762
-0.981101
-1.08624
-1.10832
-1.11871
-1.11211
-1.10039
-1.0806
-1.05594
-1.04378
-1.04809
-1.0607
-1.14578
-1.16966
-1.1813
-1.17626
-1.16516
-1.14797
-1.13577
-1.1401
-1.15699
-1.19015
-1.19378
-1.20666
-1.21675
-1.21271
-1.2026
-1.19667
-1.20159
-1.2228
-1.28032
-1.36213
-1.23638
-1.24146
-1.24409
-1.23669
-1.2327
-1.24049
-1.25418
-1.28195
-1.3628
-1.45494
-1.28144
-1.28352
-1.28202
-1.27807
-1.27955
-1.2868
-1.29672
-1.31932
-1.3722
-1.42414
-1.33085
-1.33268
-1.33258
-1.33074
-1.33144
-1.33343
-1.34027
-1.35152
-1.36148
-1.37703
-1.38334
-1.38441
-1.3841
-1.38226
-1.38172
-1.38216
-1.38733
-1.39293
-1.39056
-1.38774
-1.437
-1.43739
-1.4363
-1.43653
-1.4351
-1.43435
-1.43556
-1.44353
-1.44974
-1.44521
-1.49115
-1.49183
-1.49101
-1.49289
-1.49129
-1.49094
-1.48997
-1.49309
-1.50665
-1.51699
-1.54605
-1.54648
-1.54832
-1.54917
-1.5487
-1.54915
-1.54911
-1.55015
-1.55501
-1.57788
-1.60129
-1.60164
-1.60436
-1.60538
-1.60602
-1.60729
-1.60907
-1.61134
-1.61171
-1.6222
-1.65599
-1.65692
-1.65903
-1.66112
-1.66249
-1.66418
-1.66795
-1.67087
-1.67102
-1.6732
-1.70976
-1.71121
-1.71303
-1.71555
-1.71781
-1.71962
-1.72493
-1.72819
-1.72962
-1.7319
-1.76258
-1.76394
-1.76556
-1.76836
-1.77116
-1.77407
-1.77866
-1.78253
-1.78628
-1.79131
-1.81445
-1.81542
-1.81712
-1.81986
-1.8227
-1.82598
-1.83014
-1.83475
-1.84067
-1.84883
-1.86533
-1.86606
-1.86765
-1.86999
-1.87265
-1.87589
-1.88001
-1.88525
-1.89263
-1.90288
-1.91532
-1.91592
-1.91718
-1.91911
-1.92153
-1.92461
-1.92876
-1.9337
-1.9413
-1.95196
-1.96464
-1.96513
-1.96613
-1.9677
-1.96979
-1.97249
-1.97601
-1.98066
-1.98709
-1.99584
-0.966785
-0.983835
-1.00766
-0.99681
-0.975624
-0.953468
-0.927956
-0.907463
-0.900974
-0.91207
-1.01674
-1.04346
-1.06635
-1.05465
-1.03789
-1.01559
-0.986668
-0.966399
-0.963102
-0.973527
-1.07914
-1.12495
-1.14653
-1.1328
-1.11649
-1.09548
-1.06403
-1.04791
-1.05025
-1.06251
-1.14257
-1.17835
-1.1969
-1.19273
-1.1783
-1.16081
-1.14285
-1.14503
-1.16131
-1.1897
-1.19508
-1.20808
-1.22155
-1.21753
-1.2046
-1.19815
-1.20536
-1.23273
-1.28757
-1.35087
-1.23508
-1.23896
-1.24317
-1.23007
-1.22338
-1.23508
-1.25746
-1.29713
-1.38125
-1.44911
-1.27927
-1.28078
-1.2752
-1.26661
-1.27111
-1.28125
-1.30271
-1.34028
-1.40207
-1.4404
-1.32818
-1.32946
-1.3259
-1.32408
-1.32528
-1.3299
-1.34615
-1.36962
-1.39308
-1.41226
-1.38043
-1.38218
-1.38153
-1.38025
-1.37803
-1.37949
-1.38935
-1.40597
-1.41319
-1.42268
-1.43444
-1.43535
-1.43614
-1.43631
-1.43395
-1.43348
-1.43315
-1.44055
-1.45749
-1.46517
-1.48931
-1.48893
-1.49092
-1.49325
-1.49223
-1.49313
-1.48858
-1.48401
-1.50047
-1.52209
-1.54497
-1.54343
-1.54776
-1.5497
-1.55071
-1.55286
-1.54996
-1.54576
-1.54649
-1.57238
-1.60068
-1.59978
-1.6042
-1.60629
-1.60832
-1.61175
-1.61307
-1.6134
-1.61183
-1.61798
-1.65589
-1.65732
-1.66057
-1.66295
-1.66512
-1.66879
-1.67645
-1.67761
-1.68058
-1.67325
-1.70991
-1.71204
-1.71596
-1.71837
-1.7208
-1.72464
-1.73278
-1.73561
-1.73749
-1.73372
-1.76278
-1.76425
-1.76838
-1.77128
-1.77401
-1.7778
-1.78453
-1.78804
-1.79105
-1.79414
-1.81467
-1.81544
-1.81843
-1.82185
-1.82472
-1.8285
-1.83347
-1.83811
-1.84395
-1.85267
-1.86544
-1.86602
-1.86752
-1.87073
-1.8736
-1.87705
-1.88135
-1.88691
-1.89541
-1.90697
-1.91531
-1.9159
-1.91669
-1.91917
-1.92174
-1.92481
-1.92873
-1.93422
-1.94252
-1.95554
-1.9646
-1.96509
-1.96582
-1.96759
-1.96963
-1.97221
-1.97556
-1.98012
-1.98696
-1.99743
-0.957168
-0.980875
-1.02107
-1.0255
-1.00371
-0.974331
-0.94565
-0.919549
-0.901669
-0.897167
-1.00111
-1.02927
-1.06412
-1.0682
-1.05489
-1.03083
-1.00174
-0.977402
-0.968713
-0.972072
-1.05942
-1.10769
-1.13325
-1.13584
-1.1248
-1.10459
-1.07637
-1.06154
-1.06185
-1.06999
-1.12834
-1.15363
-1.17802
-1.18538
-1.17574
-1.16257
-1.14874
-1.15232
-1.16719
-1.18359
-1.18654
-1.18331
-1.20088
-1.20423
-1.1981
-1.19706
-1.20873
-1.23796
-1.27652
-1.30444
-1.22774
-1.22488
-1.22774
-1.21807
-1.21617
-1.22834
-1.26123
-1.30467
-1.36582
-1.40124
-1.27288
-1.27304
-1.26646
-1.25678
-1.25919
-1.27414
-1.30713
-1.35073
-1.40953
-1.43823
-1.32299
-1.32341
-1.3206
-1.31747
-1.31641
-1.32562
-1.34612
-1.37414
-1.41577
-1.44576
-1.37586
-1.37692
-1.37883
-1.37738
-1.37499
-1.37747
-1.38087
-1.38809
-1.41943
-1.45761
-1.42998
-1.43044
-1.43508
-1.4348
-1.43471
-1.43442
-1.4212
-1.41021
-1.43246
-1.47578
-1.4856
-1.48591
-1.49083
-1.49216
-1.49502
-1.4963
-1.47705
-1.45276
-1.45995
-1.49826
-1.54159
-1.54165
-1.54599
-1.54849
-1.55307
-1.55702
-1.54288
-1.5207
-1.51388
-1.53417
-1.59847
-1.59802
-1.60211
-1.60413
-1.60918
-1.6147
-1.61067
-1.59942
-1.58728
-1.5978
-1.65461
-1.65615
-1.66036
-1.6607
-1.66559
-1.67057
-1.67734
-1.67261
-1.67196
-1.67505
-1.70939
-1.71289
-1.71828
-1.7185
-1.72295
-1.72989
-1.74002
-1.74005
-1.74435
-1.7418
-1.76292
-1.76589
-1.77226
-1.77469
-1.77704
-1.78486
-1.79222
-1.79416
-1.8012
-1.80147
-1.81511
-1.81661
-1.82109
-1.82496
-1.82722
-1.83341
-1.8382
-1.84231
-1.85106
-1.85931
-1.86588
-1.86663
-1.86871
-1.87225
-1.87509
-1.87918
-1.88322
-1.88873
-1.89934
-1.91456
-1.91561
-1.91615
-1.91733
-1.91978
-1.92219
-1.92512
-1.9286
-1.93421
-1.94453
-1.96064
-1.96473
-1.96518
-1.96604
-1.9676
-1.96944
-1.9717
-1.97462
-1.97874
-1.98666
-1.99909
-0.951416
-0.970994
-1.01379
-1.03419
-1.02031
-0.989925
-0.963771
-0.938288
-0.917221
-0.901641
-0.981876
-1.01132
-1.04925
-1.07477
-1.07033
-1.04552
-1.01856
-0.99752
-0.987264
-0.985135
-1.03448
-1.06295
-1.10097
-1.13147
-1.13114
-1.11124
-1.08569
-1.07449
-1.07627
-1.08033
-1.11024
-1.10326
-1.13974
-1.1689
-1.17029
-1.1584
-1.14775
-1.1566
-1.16962
-1.17515
-1.17073
-1.15348
-1.17271
-1.18334
-1.18414
-1.18399
-1.2022
-1.23578
-1.25882
-1.26584
-1.21772
-1.21311
-1.21228
-1.20639
-1.20715
-1.21928
-1.25602
-1.30017
-1.33673
-1.35593
-1.26698
-1.26705
-1.26107
-1.25536
-1.25523
-1.26928
-1.30204
-1.34421
-1.39482
-1.42034
-1.31871
-1.3199
-1.31769
-1.3155
-1.31455
-1.32164
-1.33423
-1.36276
-1.41768
-1.45772
-1.37272
-1.37476
-1.37515
-1.37493
-1.37583
-1.37823
-1.36577
-1.35959
-1.41096
-1.47171
-1.42861
-1.43036
-1.43204
-1.43378
-1.43837
-1.44227
-1.42045
-1.38481
-1.40267
-1.47138
-1.48405
-1.48574
-1.48827
-1.49174
-1.49942
-1.50603
-1.48667
-1.45388
-1.43398
-1.47189
-1.5395
-1.54071
-1.5427
-1.54672
-1.55515
-1.56339
-1.54989
-1.52892
-1.50831
-1.50446
-1.59567
-1.5967
-1.59834
-1.60165
-1.60792
-1.61493
-1.61246
-1.6001
-1.58934
-1.58227
-1.65231
-1.65379
-1.65745
-1.65853
-1.66217
-1.66805
-1.67226
-1.66949
-1.66992
-1.67596
-1.70831
-1.71223
-1.71729
-1.71717
-1.72236
-1.72829
-1.73367
-1.73591
-1.74411
-1.75396
-1.76281
-1.76762
-1.77178
-1.7731
-1.77805
-1.78746
-1.79132
-1.79529
-1.80749
-1.81588
-1.81547
-1.81867
-1.82149
-1.82587
-1.82896
-1.8386
-1.84106
-1.84622
-1.85867
-1.87252
-1.86625
-1.86761
-1.87061
-1.87394
-1.87653
-1.88208
-1.88525
-1.89103
-1.90477
-1.92374
-1.91583
-1.91652
-1.91818
-1.92056
-1.92263
-1.92571
-1.92847
-1.9344
-1.94646
-1.96409
-1.96478
-1.96523
-1.96626
-1.96772
-1.96918
-1.97103
-1.97307
-1.97745
-1.98583
-1.99817
-0.947625
-0.970342
-1.00719
-1.03919
-1.03174
-1.00177
-0.979246
-0.959899
-0.94117
-0.928193
-0.977797
-0.999441
-1.03903
-1.08336
-1.08558
-1.056
-1.03193
-1.01688
-1.00802
-1.00755
-1.03584
-1.03005
-1.07237
-1.12596
-1.12939
-1.10869
-1.0886
-1.08341
-1.08719
-1.09252
-1.10093
-1.07705
-1.11042
-1.14193
-1.15099
-1.14483
-1.14093
-1.15344
-1.16952
-1.17791
-1.15558
-1.14367
-1.15299
-1.16197
-1.17122
-1.17703
-1.19293
-1.2231
-1.24665
-1.25872
-1.20932
-1.20697
-1.20304
-1.20442
-1.20932
-1.21972
-1.24532
-1.28362
-1.31766
-1.33841
-1.26311
-1.26291
-1.25923
-1.25883
-1.26108
-1.27015
-1.29227
-1.32875
-1.37888
-1.40955
-1.31771
-1.3185
-1.3167
-1.31644
-1.31772
-1.32337
-1.33384
-1.35626
-1.411
-1.45724
-1.37331
-1.37475
-1.37427
-1.37467
-1.37695
-1.38177
-1.38136
-1.37701
-1.41225
-1.47524
-1.4298
-1.43076
-1.43147
-1.4333
-1.43842
-1.44618
-1.44104
-1.41947
-1.41615
-1.46752
-1.48484
-1.48607
-1.48758
-1.49075
-1.49864
-1.51034
-1.50673
-1.48028
-1.46224
-1.47429
-1.53944
-1.54094
-1.54188
-1.54515
-1.55331
-1.56586
-1.56563
-1.54506
-1.53491
-1.52667
-1.59474
-1.59696
-1.59698
-1.5991
-1.60629
-1.6127
-1.61577
-1.60914
-1.60604
-1.61149
-1.65097
-1.65507
-1.65729
-1.65803
-1.66157
-1.66317
-1.67052
-1.67538
-1.67992
-1.68982
-1.70726
-1.71217
-1.71684
-1.71653
-1.72093
-1.72373
-1.73064
-1.73908
-1.74905
-1.76229
-1.76231
-1.76708
-1.77107
-1.7726
-1.77839
-1.78516
-1.78852
-1.79703
-1.81003
-1.82742
-1.81535
-1.81876
-1.82189
-1.82606
-1.83094
-1.83844
-1.83892
-1.84794
-1.86356
-1.88521
-1.86621
-1.8677
-1.87122
-1.874
-1.87767
-1.88268
-1.88402
-1.89234
-1.90745
-1.92821
-1.91573
-1.91641
-1.91848
-1.92041
-1.92251
-1.92542
-1.9271
-1.93383
-1.94574
-1.96229
-1.96463
-1.96502
-1.96614
-1.96728
-1.96837
-1.97003
-1.97121
-1.97551
-1.98297
-1.99309
-0.959584
-0.976718
-1.00296
-1.03631
-1.02964
-1.00383
-0.987582
-0.97788
-0.965708
-0.954945
-0.998915
-0.997522
-1.02712
-1.06626
-1.06939
-1.05106
-1.03715
-1.03049
-1.026
-1.02535
-1.04765
-1.0301
-1.05714
-1.08802
-1.09927
-1.09427
-1.08735
-1.08724
-1.09163
-1.09915
-1.09725
-1.08395
-1.09702
-1.1142
-1.12907
-1.1338
-1.13701
-1.14525
-1.15923
-1.17274
-1.15063
-1.14633
-1.14714
-1.15667
-1.16702
-1.17571
-1.18709
-1.20331
-1.22509
-1.24266
-1.20613
-1.20419
-1.20287
-1.20771
-1.21397
-1.22283
-1.23656
-1.25899
-1.29085
-1.31215
-1.26236
-1.26106
-1.25929
-1.2612
-1.26547
-1.27273
-1.28396
-1.30853
-1.35069
-1.38226
-1.31826
-1.31793
-1.31641
-1.31728
-1.32015
-1.32498
-1.3329
-1.35096
-1.39297
-1.43616
-1.37436
-1.37472
-1.37394
-1.3749
-1.3777
-1.38259
-1.38891
-1.39591
-1.41824
-1.46275
-1.42997
-1.43105
-1.43111
-1.43292
-1.43731
-1.44464
-1.45274
-1.44927
-1.4487
-1.47466
-1.48507
-1.48644
-1.48713
-1.48956
-1.49591
-1.5048
-1.51612
-1.50965
-1.50145
-1.50277
-1.53973
-1.54137
-1.54159
-1.54385
-1.55059
-1.55875
-1.56728
-1.56741
-1.56368
-1.56453
-1.59475
-1.59778
-1.59715
-1.59851
-1.60321
-1.60745
-1.61472
-1.62254
-1.62986
-1.63817
-1.65072
-1.65614
-1.65709
-1.65827
-1.66145
-1.6607
-1.67084
-1.68371
-1.6967
-1.7097
-1.70706
-1.7128
-1.71537
-1.71752
-1.71888
-1.72153
-1.73127
-1.74477
-1.75925
-1.77644
-1.76202
-1.76578
-1.76968
-1.77433
-1.77661
-1.7854
-1.78799
-1.79959
-1.81533
-1.83689
-1.81483
-1.81657
-1.82128
-1.82577
-1.82882
-1.83548
-1.83728
-1.8477
-1.86407
-1.88694
-1.86565
-1.86666
-1.87006
-1.87331
-1.87688
-1.8795
-1.88175
-1.89033
-1.90448
-1.92444
-1.91526
-1.91589
-1.91795
-1.91937
-1.92204
-1.92332
-1.92487
-1.93088
-1.94073
-1.95427
-1.96429
-1.96463
-1.96568
-1.96628
-1.9675
-1.96831
-1.96919
-1.97256
-1.97781
-1.98464
-0.97104
-0.976772
-0.990069
-1.00268
-1.00344
-0.998232
-0.991564
-0.985939
-0.983126
-0.988046
-1.0087
-1.00344
-1.01476
-1.02917
-1.03882
-1.04146
-1.03645
-1.03256
-1.03388
-1.04311
-1.05073
-1.04335
-1.04987
-1.06277
-1.07731
-1.08367
-1.08208
-1.08254
-1.09013
-1.10221
-1.09965
-1.09497
-1.09711
-1.1077
-1.11922
-1.12628
-1.12994
-1.13665
-1.14998
-1.16293
-1.15301
-1.15027
-1.15046
-1.15776
-1.16479
-1.17203
-1.18027
-1.19158
-1.20871
-1.22248
-1.20754
-1.20577
-1.20506
-1.20886
-1.214
-1.22127
-1.23101
-1.24418
-1.2636
-1.27931
-1.26234
-1.26147
-1.26059
-1.26236
-1.26632
-1.27249
-1.28088
-1.29365
-1.31521
-1.33233
-1.31755
-1.31758
-1.31733
-1.31826
-1.32112
-1.32575
-1.33199
-1.34254
-1.36267
-1.38342
-1.37319
-1.37379
-1.37418
-1.37532
-1.37798
-1.38223
-1.38831
-1.39766
-1.41039
-1.42874
-1.42889
-1.42997
-1.43093
-1.43268
-1.43617
-1.44137
-1.4491
-1.45886
-1.46582
-1.47323
-1.48436
-1.48578
-1.48688
-1.48895
-1.49368
-1.49907
-1.50639
-1.5159
-1.52184
-1.52454
-1.53963
-1.54136
-1.54194
-1.54367
-1.54886
-1.55253
-1.55883
-1.56888
-1.57745
-1.58556
-1.59513
-1.59779
-1.59779
-1.5986
-1.60333
-1.60295
-1.61195
-1.62667
-1.64054
-1.65774
-1.65121
-1.65488
-1.65484
-1.6588
-1.66052
-1.65895
-1.66857
-1.69191
-1.70904
-1.72927
-1.70705
-1.7102
-1.71276
-1.71658
-1.72071
-1.7211
-1.73449
-1.7513
-1.76757
-1.79141
-1.76136
-1.76311
-1.76707
-1.77131
-1.77691
-1.78485
-1.78872
-1.80151
-1.81801
-1.84097
-1.81377
-1.81473
-1.81875
-1.82392
-1.82857
-1.83501
-1.83659
-1.84604
-1.86127
-1.88202
-1.86473
-1.86552
-1.86867
-1.87229
-1.87716
-1.87853
-1.88078
-1.88656
-1.89873
-1.91438
-1.91469
-1.91525
-1.91707
-1.9187
-1.92135
-1.92248
-1.92385
-1.9271
-1.93457
-1.94349
-1.96394
-1.96425
-1.9652
-1.96587
-1.9672
-1.96773
-1.96816
-1.96965
-1.97311
-1.9767
-0.973945
-0.972617
-0.972508
-0.979369
-0.987871
-0.99207
-0.991994
-0.994204
-1.00107
-1.01171
-1.01217
-1.00949
-1.00848
-1.01705
-1.02886
-1.0348
-1.03454
-1.03759
-1.04415
-1.05479
-1.05601
-1.0535
-1.05218
-1.06176
-1.07165
-1.07767
-1.07862
-1.08445
-1.0931
-1.10377
-1.10507
-1.10364
-1.10226
-1.10869
-1.11545
-1.12041
-1.12501
-1.13338
-1.1454
-1.15659
-1.15652
-1.15594
-1.15472
-1.15715
-1.16152
-1.16665
-1.17365
-1.18383
-1.19849
-1.21065
-1.20913
-1.20877
-1.20782
-1.20824
-1.21147
-1.2163
-1.22383
-1.23437
-1.25057
-1.26483
-1.26284
-1.26255
-1.26204
-1.26204
-1.2646
-1.26888
-1.27522
-1.28391
-1.30007
-1.31698
-1.31743
-1.31765
-1.31761
-1.31823
-1.32041
-1.32389
-1.32873
-1.33479
-1.34791
-1.36617
-1.37262
-1.37327
-1.37407
-1.37547
-1.37763
-1.38103
-1.3861
-1.39257
-1.40181
-1.41648
-1.42807
-1.42901
-1.4305
-1.43253
-1.43536
-1.43953
-1.44613
-1.45725
-1.46487
-1.47368
-1.48361
-1.48471
-1.48623
-1.48866
-1.49247
-1.49753
-1.50468
-1.52069
-1.53144
-1.53892
-1.53923
-1.54043
-1.54171
-1.54432
-1.54832
-1.55274
-1.55966
-1.57685
-1.59291
-1.60289
-1.59504
-1.59641
-1.59781
-1.6003
-1.60304
-1.60276
-1.61239
-1.63283
-1.6517
-1.66818
-1.65091
-1.65238
-1.65428
-1.65676
-1.65927
-1.65692
-1.6682
-1.69319
-1.71155
-1.73247
-1.70623
-1.70739
-1.71001
-1.71312
-1.71842
-1.71894
-1.73226
-1.75516
-1.76808
-1.78969
-1.76032
-1.76103
-1.7644
-1.76869
-1.77618
-1.78032
-1.79135
-1.8039
-1.81577
-1.83715
-1.81278
-1.81365
-1.81705
-1.82152
-1.82897
-1.83502
-1.8382
-1.84521
-1.85629
-1.87428
-1.86408
-1.86496
-1.86761
-1.87086
-1.8762
-1.87996
-1.88158
-1.88475
-1.89193
-1.90397
-1.91434
-1.91501
-1.91669
-1.9184
-1.921
-1.92324
-1.92556
-1.92412
-1.92803
-1.93415
-1.96376
-1.96418
-1.96517
-1.96604
-1.96735
-1.96859
-1.97102
-1.9682
-1.96822
-1.96847
-0.9704
-0.970968
-0.969369
-0.976669
-0.985905
-0.988908
-0.990266
-0.995871
-1.0049
-1.01826
-1.01242
-1.01285
-1.0104
-1.01571
-1.02442
-1.02781
-1.0298
-1.03425
-1.04173
-1.05735
-1.05884
-1.05899
-1.05623
-1.05848
-1.06471
-1.06899
-1.07211
-1.07701
-1.08574
-1.1007
-1.10862
-1.1089
-1.10636
-1.10571
-1.1085
-1.11298
-1.11795
-1.12281
-1.13348
-1.14849
-1.16018
-1.16058
-1.15854
-1.15524
-1.15398
-1.15974
-1.16386
-1.17041
-1.18291
-1.20027
-1.21233
-1.21272
-1.21085
-1.20645
-1.20368
-1.20835
-1.21294
-1.22059
-1.23372
-1.25513
-1.26501
-1.26595
-1.26425
-1.26045
-1.25942
-1.26234
-1.26624
-1.27359
-1.28668
-1.31261
-1.31842
-1.31959
-1.31955
-1.3172
-1.3177
-1.31966
-1.32252
-1.33008
-1.34215
-1.37084
-1.37278
-1.374
-1.37584
-1.37544
-1.37575
-1.37764
-1.38267
-1.3917
-1.40371
-1.42974
-1.42763
-1.42871
-1.43101
-1.4326
-1.43341
-1.43652
-1.44467
-1.45834
-1.47475
-1.49409
-1.48285
-1.48373
-1.4855
-1.48851
-1.49045
-1.49546
-1.50558
-1.52418
-1.54502
-1.5582
-1.53841
-1.53915
-1.54061
-1.5434
-1.54742
-1.55314
-1.56195
-1.58415
-1.60697
-1.6161
-1.59425
-1.59502
-1.59662
-1.59906
-1.60375
-1.60704
-1.61657
-1.64105
-1.66294
-1.66931
-1.65001
-1.65073
-1.65296
-1.65533
-1.65952
-1.66216
-1.67485
-1.70093
-1.71739
-1.72203
-1.70519
-1.70588
-1.70875
-1.7115
-1.71691
-1.71989
-1.73423
-1.75989
-1.76742
-1.77288
-1.7593
-1.76003
-1.763
-1.76661
-1.77269
-1.7775
-1.79252
-1.80679
-1.80891
-1.82005
-1.81202
-1.81295
-1.81573
-1.8194
-1.82488
-1.83151
-1.8412
-1.84685
-1.84716
-1.85842
-1.86356
-1.86447
-1.8667
-1.86963
-1.87396
-1.87873
-1.88467
-1.88659
-1.88513
-1.89309
-1.91401
-1.91476
-1.91628
-1.91804
-1.92113
-1.92427
-1.92773
-1.92798
-1.92498
-1.92839
-1.96357
-1.96411
-1.96511
-1.96628
-1.96823
-1.96955
-1.97201
-1.9718
-1.96849
-1.96795
-0.971791
-0.974962
-0.978549
-0.983787
-0.989636
-0.992629
-0.994604
-0.994115
-1.00006
-1.01992
-1.01241
-1.01656
-1.01999
-1.02431
-1.02918
-1.02982
-1.02949
-1.02745
-1.03231
-1.05456
-1.05976
-1.06307
-1.06564
-1.06384
-1.0698
-1.06897
-1.06736
-1.06601
-1.07236
-1.09204
-1.10885
-1.11161
-1.11377
-1.10726
-1.11266
-1.11084
-1.10959
-1.10934
-1.11742
-1.13417
-1.15927
-1.16133
-1.16348
-1.16024
-1.15728
-1.15611
-1.15492
-1.15669
-1.16524
-1.18679
-1.21145
-1.21162
-1.21312
-1.20925
-1.20462
-1.20372
-1.20331
-1.20762
-1.2175
-1.25017
-1.26379
-1.26317
-1.26338
-1.25882
-1.25344
-1.25341
-1.25565
-1.26141
-1.27652
-1.32095
-1.31698
-1.31676
-1.31703
-1.3137
-1.30898
-1.30882
-1.31359
-1.3196
-1.34104
-1.38934
-1.37131
-1.3722
-1.37374
-1.37389
-1.37376
-1.37262
-1.377
-1.38561
-1.41054
-1.45809
-1.42618
-1.42754
-1.43014
-1.43306
-1.4335
-1.43333
-1.44081
-1.45667
-1.48554
-1.52248
-1.48141
-1.48241
-1.48485
-1.4884
-1.49045
-1.49298
-1.50327
-1.52652
-1.55694
-1.58214
-1.53715
-1.53791
-1.5396
-1.54261
-1.54627
-1.55158
-1.56248
-1.58966
-1.61939
-1.62999
-1.59322
-1.59405
-1.59587
-1.5983
-1.60262
-1.60851
-1.62017
-1.64588
-1.67121
-1.67036
-1.64914
-1.65007
-1.65244
-1.65494
-1.65951
-1.66618
-1.67928
-1.70431
-1.72191
-1.71278
-1.70438
-1.70516
-1.70807
-1.71098
-1.71681
-1.72441
-1.73963
-1.76238
-1.76919
-1.75659
-1.75857
-1.75942
-1.76227
-1.76606
-1.77225
-1.78115
-1.79573
-1.81151
-1.8086
-1.80232
-1.81144
-1.81243
-1.81507
-1.81895
-1.82476
-1.83234
-1.84143
-1.85267
-1.84586
-1.84619
-1.86314
-1.86406
-1.8663
-1.86955
-1.87411
-1.87907
-1.88554
-1.89056
-1.88488
-1.88673
-1.91377
-1.9145
-1.91622
-1.91859
-1.92166
-1.92433
-1.92838
-1.93106
-1.92688
-1.9275
-1.9635
-1.96403
-1.96526
-1.96688
-1.96892
-1.97036
-1.97235
-1.97371
-1.97103
-1.97092
-0.970473
-0.955664
-0.962058
-0.989568
-0.997687
-1.00222
-1.00412
-1.00663
-1.01188
-1.03068
-1.01421
-1.00278
-1.01311
-1.03287
-1.03761
-1.03719
-1.0345
-1.03353
-1.03252
-1.05396
-1.06119
-1.05371
-1.06342
-1.07722
-1.07751
-1.07313
-1.06844
-1.0656
-1.06281
-1.08052
-1.11397
-1.1054
-1.11293
-1.11966
-1.11816
-1.11256
-1.10787
-1.1047
-1.10265
-1.1089
-1.16339
-1.15973
-1.15471
-1.16728
-1.16123
-1.15609
-1.15125
-1.14851
-1.14572
-1.15325
-1.2124
-1.21257
-1.20363
-1.21378
-1.2077
-1.20299
-1.19875
-1.19709
-1.19534
-1.21918
-1.26277
-1.26125
-1.26349
-1.26016
-1.25697
-1.25341
-1.25073
-1.24963
-1.25871
-1.30212
-1.31491
-1.31435
-1.31273
-1.31143
-1.3117
-1.31024
-1.31096
-1.30843
-1.33431
-1.38056
-1.3688
-1.36912
-1.36653
-1.36801
-1.37137
-1.37143
-1.37623
-1.37963
-1.41903
-1.45824
-1.42362
-1.42465
-1.42654
-1.42949
-1.4311
-1.4318
-1.44179
-1.46238
-1.5103
-1.54039
-1.479
-1.47955
-1.48132
-1.48501
-1.48881
-1.49277
-1.50788
-1.54505
-1.59655
-1.61708
-1.5352
-1.53564
-1.53655
-1.53952
-1.54587
-1.5539
-1.57112
-1.61287
-1.66336
-1.67392
-1.5918
-1.59261
-1.59428
-1.59705
-1.60336
-1.61301
-1.62989
-1.66631
-1.7059
-1.7101
-1.64813
-1.64916
-1.65167
-1.65516
-1.66104
-1.67001
-1.68578
-1.71499
-1.73989
-1.73952
-1.70365
-1.70474
-1.70756
-1.71154
-1.71751
-1.7262
-1.7413
-1.76438
-1.77578
-1.7703
-1.75797
-1.75914
-1.76195
-1.76607
-1.77202
-1.78048
-1.7942
-1.81124
-1.81463
-1.80359
-1.81104
-1.81217
-1.8148
-1.81867
-1.82403
-1.83092
-1.84134
-1.85285
-1.85239
-1.8422
-1.86289
-1.86385
-1.86613
-1.8694
-1.87369
-1.87842
-1.88536
-1.89206
-1.89087
-1.88489
-1.91363
-1.91438
-1.91619
-1.91872
-1.92185
-1.92501
-1.92896
-1.93249
-1.93138
-1.9292
-1.96346
-1.964
-1.96534
-1.96722
-1.96942
-1.97154
-1.97364
-1.97538
-1.97406
-1.97377
-0.976491
-0.968633
-0.96952
-0.999725
-1.01694
-1.02141
-1.02534
-1.04001
-1.05489
-1.06168
-1.02084
-1.01621
-1.00698
-1.03733
-1.04963
-1.04926
-1.04804
-1.05235
-1.05257
-1.05316
-1.07027
-1.06622
-1.05959
-1.08365
-1.08416
-1.07871
-1.07471
-1.07191
-1.06411
-1.06216
-1.12048
-1.11934
-1.11243
-1.12876
-1.12195
-1.11434
-1.10898
-1.10299
-1.09334
-1.08865
-1.16828
-1.16896
-1.17292
-1.16939
-1.16214
-1.15568
-1.14953
-1.14225
-1.1317
-1.12674
-1.21478
-1.21482
-1.21438
-1.21123
-1.2068
-1.2012
-1.1949
-1.18724
-1.17908
-1.18183
-1.26325
-1.2622
-1.26099
-1.26041
-1.25614
-1.25115
-1.2453
-1.23716
-1.23751
-1.25424
-1.31418
-1.31329
-1.31189
-1.31244
-1.30978
-1.30566
-1.3006
-1.29442
-1.31046
-1.33173
-1.36702
-1.3667
-1.36612
-1.36736
-1.36624
-1.36316
-1.3615
-1.36905
-1.40169
-1.41648
-1.42125
-1.42142
-1.42191
-1.42361
-1.42384
-1.42277
-1.43057
-1.46258
-1.51177
-1.50968
-1.47712
-1.47724
-1.47785
-1.48012
-1.48288
-1.48728
-1.50728
-1.56318
-1.62205
-1.60597
-1.53357
-1.53419
-1.53545
-1.53814
-1.54359
-1.55472
-1.58139
-1.65058
-1.71393
-1.69252
-1.59046
-1.59153
-1.59379
-1.59754
-1.60456
-1.61881
-1.65057
-1.71469
-1.77348
-1.75061
-1.6471
-1.64848
-1.6515
-1.65598
-1.66387
-1.67813
-1.70615
-1.75653
-1.80036
-1.78999
-1.70293
-1.70447
-1.70766
-1.71264
-1.72042
-1.73291
-1.75396
-1.78804
-1.81653
-1.81285
-1.75756
-1.75911
-1.76222
-1.76709
-1.77427
-1.7845
-1.79931
-1.82006
-1.83439
-1.83455
-1.81084
-1.81221
-1.81507
-1.81945
-1.82558
-1.8335
-1.84356
-1.85532
-1.86129
-1.86107
-1.86281
-1.8639
-1.8664
-1.87005
-1.87485
-1.88057
-1.88712
-1.89376
-1.89616
-1.89467
-1.91365
-1.91445
-1.91648
-1.91931
-1.92283
-1.92676
-1.93089
-1.93476
-1.93577
-1.93354
-1.96356
-1.96414
-1.96564
-1.96771
-1.97022
-1.97291
-1.97551
-1.97761
-1.97744
-1.97597
-0.987866
-0.9764
-0.990882
-1.01964
-1.04115
-1.04366
-1.05945
-1.09951
-1.1291
-1.12273
-1.03025
-1.03042
-1.02736
-1.05331
-1.07147
-1.06862
-1.06981
-1.08471
-1.08744
-1.06379
-1.07706
-1.08278
-1.06973
-1.0871
-1.09295
-1.08661
-1.08386
-1.08315
-1.07018
-1.04291
-1.12393
-1.12788
-1.1223
-1.12848
-1.12115
-1.11323
-1.10802
-1.10079
-1.08736
-1.06838
-1.1698
-1.17156
-1.1705
-1.16769
-1.15825
-1.15188
-1.14626
-1.13728
-1.12572
-1.11238
-1.21608
-1.21573
-1.21361
-1.20919
-1.20285
-1.19739
-1.19069
-1.18125
-1.16827
-1.15716
-1.264
-1.26302
-1.26043
-1.25675
-1.25185
-1.24653
-1.23945
-1.22982
-1.21871
-1.21297
-1.31415
-1.31326
-1.31104
-1.30846
-1.30439
-1.2992
-1.29245
-1.285
-1.28167
-1.28287
-1.36628
-1.36568
-1.36433
-1.36275
-1.35932
-1.35484
-1.35189
-1.35487
-1.36452
-1.36672
-1.42006
-1.41976
-1.41889
-1.41812
-1.41586
-1.41424
-1.42221
-1.44717
-1.46929
-1.45915
-1.47541
-1.4754
-1.4751
-1.47535
-1.47582
-1.48035
-1.50574
-1.55629
-1.58712
-1.56244
-1.53178
-1.5323
-1.53296
-1.53481
-1.53904
-1.55141
-1.59291
-1.66487
-1.70268
-1.67368
-1.58878
-1.58994
-1.59189
-1.5957
-1.60356
-1.62156
-1.67042
-1.75302
-1.79506
-1.76959
-1.64574
-1.64746
-1.65056
-1.65581
-1.66596
-1.68444
-1.73072
-1.80497
-1.85107
-1.83467
-1.70201
-1.70409
-1.7077
-1.71346
-1.72343
-1.74026
-1.77529
-1.83009
-1.87025
-1.86651
-1.75706
-1.75918
-1.76271
-1.76827
-1.77707
-1.79055
-1.81333
-1.84753
-1.87444
-1.87854
-1.81066
-1.81244
-1.81566
-1.82065
-1.82794
-1.83784
-1.85175
-1.87098
-1.88642
-1.88985
-1.86285
-1.8641
-1.86704
-1.87123
-1.87684
-1.88376
-1.89223
-1.90234
-1.90961
-1.91009
-1.91381
-1.91463
-1.91715
-1.92043
-1.92452
-1.92926
-1.93447
-1.9396
-1.94203
-1.94052
-1.96376
-1.96436
-1.96623
-1.96867
-1.97162
-1.97493
-1.97823
-1.98093
-1.98115
-1.97872
-1.00839
-0.992175
-1.01479
-1.03243
-1.05695
-1.07049
-1.10735
-1.17622
-1.20862
-1.17744
-1.04245
-1.04683
-1.06144
-1.07224
-1.09224
-1.08971
-1.09316
-1.11845
-1.11968
-1.07499
-1.08449
-1.09557
-1.09416
-1.10036
-1.10888
-1.10025
-1.09655
-1.09513
-1.07364
-1.02961
-1.12888
-1.13845
-1.13241
-1.13262
-1.12129
-1.11401
-1.10917
-1.10162
-1.07712
-1.03901
-1.17274
-1.17703
-1.17714
-1.16964
-1.1502
-1.14702
-1.14328
-1.13382
-1.11739
-1.09451
-1.21731
-1.21801
-1.21703
-1.20843
-1.19864
-1.19432
-1.1886
-1.17916
-1.16625
-1.15244
-1.26412
-1.26333
-1.26072
-1.25495
-1.24925
-1.24431
-1.23785
-1.22812
-1.21399
-1.20099
-1.31364
-1.31246
-1.30965
-1.30595
-1.3015
-1.29664
-1.28999
-1.28006
-1.26702
-1.26048
-1.36548
-1.36433
-1.36165
-1.35884
-1.35538
-1.35154
-1.34679
-1.34187
-1.33665
-1.33752
-1.41911
-1.4182
-1.41569
-1.41368
-1.4114
-1.40969
-1.41315
-1.42144
-1.42507
-1.42222
-1.47415
-1.4738
-1.47189
-1.47115
-1.47128
-1.47527
-1.49368
-1.52273
-1.53412
-1.52343
-1.53032
-1.53064
-1.53001
-1.53126
-1.535
-1.54722
-1.58605
-1.63976
-1.65795
-1.6443
-1.58716
-1.58844
-1.58948
-1.59314
-1.60116
-1.62119
-1.67628
-1.75146
-1.77931
-1.76499
-1.64417
-1.64643
-1.64895
-1.65458
-1.66587
-1.68854
-1.74587
-1.82921
-1.86821
-1.8576
-1.70063
-1.70356
-1.70703
-1.71337
-1.72623
-1.74544
-1.79471
-1.86609
-1.90951
-1.90416
-1.75597
-1.75916
-1.76264
-1.76848
-1.77935
-1.7966
-1.83019
-1.88051
-1.91768
-1.91758
-1.81003
-1.81274
-1.81597
-1.82105
-1.8298
-1.84285
-1.86284
-1.89275
-1.91802
-1.92038
-1.86278
-1.86447
-1.86783
-1.8725
-1.87894
-1.88768
-1.8989
-1.91427
-1.92709
-1.92812
-1.9141
-1.91487
-1.91827
-1.92219
-1.92668
-1.93236
-1.93889
-1.94614
-1.9505
-1.94798
-1.96411
-1.96458
-1.9672
-1.97008
-1.9734
-1.97739
-1.98151
-1.98497
-1.98517
-1.98038
-1.00995
-0.999187
-1.02905
-1.04962
-1.07064
-1.09894
-1.15277
-1.22632
-1.23566
-1.17456
-1.05125
-1.05685
-1.08897
-1.09081
-1.09821
-1.09662
-1.10007
-1.13731
-1.12328
-1.06897
-1.09129
-1.10593
-1.12825
-1.12485
-1.12639
-1.10651
-1.10044
-1.09643
-1.07207
-1.02767
-1.13344
-1.15173
-1.15648
-1.15003
-1.13348
-1.11965
-1.11342
-1.10371
-1.07546
-1.03874
-1.17513
-1.18636
-1.18891
-1.17836
-1.15185
-1.14784
-1.14413
-1.13347
-1.11196
-1.08667
-1.21747
-1.22258
-1.22389
-1.21238
-1.19782
-1.19444
-1.18911
-1.17875
-1.16205
-1.14477
-1.26302
-1.26444
-1.26297
-1.25577
-1.24941
-1.24475
-1.2385
-1.22913
-1.21605
-1.20459
-1.31203
-1.31232
-1.31038
-1.30631
-1.30172
-1.29695
-1.29074
-1.28207
-1.27148
-1.26521
-1.36353
-1.36321
-1.36124
-1.3586
-1.35516
-1.35118
-1.34616
-1.33887
-1.33048
-1.32919
-1.41702
-1.41654
-1.41454
-1.41292
-1.41061
-1.40822
-1.40726
-1.40593
-1.40194
-1.40005
-1.4722
-1.4719
-1.47029
-1.46973
-1.46907
-1.47059
-1.47987
-1.49182
-1.49345
-1.48679
-1.52845
-1.52863
-1.52793
-1.52914
-1.53124
-1.53971
-1.56699
-1.59978
-1.61081
-1.60436
-1.58517
-1.5863
-1.58733
-1.59077
-1.59692
-1.61387
-1.66177
-1.72088
-1.74257
-1.73379
-1.64202
-1.6443
-1.64694
-1.65251
-1.66275
-1.68502
-1.74361
-1.82206
-1.8559
-1.84321
-1.69842
-1.70167
-1.70519
-1.71145
-1.72436
-1.74635
-1.80064
-1.88247
-1.92757
-1.91321
-1.75383
-1.75712
-1.76096
-1.76662
-1.77973
-1.79909
-1.84142
-1.90805
-1.95516
-1.94855
-1.80838
-1.81174
-1.81418
-1.81939
-1.83121
-1.84595
-1.87318
-1.91821
-1.95768
-1.96056
-1.86214
-1.8651
-1.86717
-1.872
-1.88046
-1.89085
-1.90603
-1.93077
-1.95571
-1.96237
-1.91433
-1.91564
-1.91864
-1.92298
-1.92858
-1.93537
-1.94381
-1.95549
-1.96668
-1.96946
-1.96463
-1.96494
-1.96853
-1.97194
-1.97542
-1.98009
-1.98535
-1.99078
-1.99414
-1.99211
-0.986362
-0.989572
-1.03455
-1.05189
-1.06186
-1.09536
-1.15577
-1.19554
-1.17012
-1.09882
-1.04049
-1.04176
-1.08047
-1.08986
-1.08662
-1.08577
-1.09542
-1.12032
-1.09708
-1.04772
-1.08775
-1.09684
-1.12797
-1.1322
-1.12536
-1.10158
-1.09654
-1.09573
-1.07253
-1.03893
-1.13136
-1.14732
-1.1634
-1.16359
-1.14576
-1.12307
-1.11708
-1.10687
-1.08437
-1.05911
-1.17414
-1.18771
-1.19626
-1.1909
-1.16232
-1.154
-1.14873
-1.13711
-1.11713
-1.0975
-1.21597
-1.2233
-1.22697
-1.21842
-1.20471
-1.19921
-1.19262
-1.18173
-1.16555
-1.14994
-1.26064
-1.2644
-1.26471
-1.25954
-1.25335
-1.24782
-1.24144
-1.23246
-1.22056
-1.21033
-1.30868
-1.31139
-1.3111
-1.30774
-1.30338
-1.29874
-1.29305
-1.28536
-1.27544
-1.26833
-1.36007
-1.36123
-1.3611
-1.35867
-1.35544
-1.35179
-1.34735
-1.34085
-1.33268
-1.32786
-1.41312
-1.41304
-1.41408
-1.41224
-1.40986
-1.40767
-1.40597
-1.40194
-1.39681
-1.39337
-1.46793
-1.46789
-1.46922
-1.46847
-1.46711
-1.46735
-1.47099
-1.47413
-1.47241
-1.46887
-1.52454
-1.52505
-1.52601
-1.52709
-1.52743
-1.53236
-1.5484
-1.56476
-1.56888
-1.56265
-1.58173
-1.58336
-1.58397
-1.58784
-1.59115
-1.60297
-1.63755
-1.67799
-1.69038
-1.6802
-1.63906
-1.64116
-1.64271
-1.64932
-1.65645
-1.67435
-1.72464
-1.78951
-1.81383
-1.79602
-1.69614
-1.69787
-1.70141
-1.70908
-1.71946
-1.73886
-1.79277
-1.87177
-1.91268
-1.89251
-1.75239
-1.75558
-1.75884
-1.76588
-1.77787
-1.79466
-1.83997
-1.91821
-1.97319
-1.96184
-1.80747
-1.81123
-1.81472
-1.81993
-1.83214
-1.84395
-1.87649
-1.93755
-1.99729
-2.00349
-1.86162
-1.86461
-1.86802
-1.87271
-1.88187
-1.89164
-1.91016
-1.94774
-1.99525
-2.01508
-1.91446
-1.91636
-1.91859
-1.92357
-1.93022
-1.93722
-1.94767
-1.96654
-1.99256
-2.01035
-1.96532
-1.96542
-1.96878
-1.97294
-1.97711
-1.98232
-1.9889
-1.99781
-2.00868
-2.01634
-0.965962
-0.977907
-1.00624
-1.01054
-1.01503
-1.0486
-1.08215
-1.08616
-1.06008
-1.02019
-1.02486
-1.02442
-1.04761
-1.05665
-1.05287
-1.05435
-1.07239
-1.08177
-1.06466
-1.03534
-1.07733
-1.0792
-1.10182
-1.10831
-1.10039
-1.09117
-1.09228
-1.09647
-1.08158
-1.06172
-1.12437
-1.1311
-1.14586
-1.14877
-1.13928
-1.1255
-1.12046
-1.1145
-1.10084
-1.08644
-1.16766
-1.17358
-1.18107
-1.18338
-1.17192
-1.16148
-1.15417
-1.14347
-1.12886
-1.11624
-1.21189
-1.21585
-1.21949
-1.21819
-1.21034
-1.20415
-1.19697
-1.18683
-1.1734
-1.16067
-1.25903
-1.26165
-1.2625
-1.26028
-1.25598
-1.251
-1.24484
-1.23684
-1.2272
-1.21934
-1.30837
-1.30971
-1.30996
-1.30798
-1.3048
-1.30078
-1.29576
-1.28952
-1.28191
-1.27547
-1.35908
-1.35999
-1.36002
-1.35841
-1.35601
-1.35299
-1.34932
-1.34451
-1.33777
-1.33189
-1.41159
-1.41243
-1.41246
-1.41105
-1.40965
-1.40783
-1.40611
-1.40326
-1.39725
-1.39142
-1.46601
-1.46702
-1.46724
-1.46662
-1.46583
-1.46576
-1.46744
-1.46786
-1.46359
-1.45888
-1.52202
-1.52332
-1.52419
-1.52468
-1.52451
-1.52705
-1.53528
-1.54289
-1.54215
-1.53785
-1.57919
-1.58077
-1.58199
-1.58451
-1.58563
-1.59228
-1.61278
-1.6365
-1.64187
-1.63232
-1.63697
-1.63903
-1.64054
-1.64566
-1.649
-1.66033
-1.69587
-1.74294
-1.75702
-1.73618
-1.69474
-1.69757
-1.70025
-1.70651
-1.71212
-1.72565
-1.76946
-1.83681
-1.86671
-1.84186
-1.75174
-1.75469
-1.75906
-1.76513
-1.77236
-1.78472
-1.82562
-1.90116
-1.95451
-1.94097
-1.80749
-1.81021
-1.81504
-1.82099
-1.8287
-1.83869
-1.8687
-1.9349
-2.00973
-2.0192
-1.86195
-1.86498
-1.86878
-1.87454
-1.88122
-1.88982
-1.90736
-1.95138
-2.02151
-2.06118
-1.9147
-1.91669
-1.92037
-1.92556
-1.93077
-1.93732
-1.94924
-1.97365
-2.01521
-2.06067
-1.96541
-1.96612
-1.9696
-1.97376
-1.97828
-1.98366
-1.99183
-2.00475
-2.02406
-2.04599
-0.954876
-0.960069
-0.960333
-0.955981
-0.955451
-0.971687
-0.981861
-0.987993
-0.98731
-0.982254
-1.01403
-1.01109
-1.01529
-1.01637
-1.0168
-1.02042
-1.03432
-1.04394
-1.04165
-1.03174
-1.06726
-1.06603
-1.0734
-1.07723
-1.07457
-1.07376
-1.08086
-1.08917
-1.08629
-1.07797
-1.11707
-1.11925
-1.12555
-1.12745
-1.12028
-1.117
-1.11705
-1.11596
-1.11083
-1.10375
-1.16434
-1.16675
-1.16889
-1.16842
-1.1635
-1.15985
-1.15577
-1.14903
-1.13945
-1.13071
-1.21129
-1.21295
-1.2135
-1.21206
-1.2085
-1.20466
-1.19966
-1.19249
-1.1826
-1.1733
-1.25922
-1.26034
-1.26031
-1.25864
-1.25584
-1.25214
-1.24724
-1.24079
-1.23316
-1.22658
-1.30868
-1.30937
-1.3092
-1.30763
-1.30515
-1.30182
-1.29757
-1.29239
-1.2868
-1.28249
-1.35975
-1.36
-1.35986
-1.35849
-1.35635
-1.35361
-1.35033
-1.34655
-1.34252
-1.3386
-1.41244
-1.41252
-1.4125
-1.41137
-1.40961
-1.40773
-1.40589
-1.4039
-1.40071
-1.39467
-1.46676
-1.46711
-1.4672
-1.46639
-1.4651
-1.46449
-1.46508
-1.46568
-1.46279
-1.45636
-1.52256
-1.52345
-1.52382
-1.5235
-1.52281
-1.52396
-1.52824
-1.53334
-1.53156
-1.52495
-1.57964
-1.58085
-1.58181
-1.58236
-1.58248
-1.58598
-1.59685
-1.61074
-1.61172
-1.6026
-1.6376
-1.63868
-1.64068
-1.64251
-1.64382
-1.65008
-1.67006
-1.69963
-1.70893
-1.69282
-1.69566
-1.69645
-1.69979
-1.70284
-1.70565
-1.71388
-1.74085
-1.78892
-1.8147
-1.79114
-1.75281
-1.75392
-1.75784
-1.76178
-1.76611
-1.77482
-1.80161
-1.85914
-1.91036
-1.89324
-1.80824
-1.81022
-1.81367
-1.81825
-1.82377
-1.83243
-1.85387
-1.90566
-1.97928
-1.99233
-1.86214
-1.86458
-1.86697
-1.87214
-1.87801
-1.88653
-1.90277
-1.93755
-2.00628
-2.064
-1.91451
-1.91637
-1.91888
-1.92377
-1.92929
-1.93685
-1.94993
-1.97146
-2.011
-2.07239
-1.96535
-1.96667
-1.96944
-1.97349
-1.97822
-1.98458
-1.99442
-2.00908
-2.02829
-2.05631
-0.950142
-0.948056
-0.942896
-0.937478
-0.928685
-0.923263
-0.931272
-0.952954
-0.970932
-0.973965
-1.00812
-1.00601
-1.00422
-1.00101
-0.997697
-0.9998
-1.00697
-1.02262
-1.02756
-1.02062
-1.06301
-1.06191
-1.0627
-1.0614
-1.05959
-1.06079
-1.06688
-1.0749
-1.07518
-1.06829
-1.11472
-1.11451
-1.11552
-1.11436
-1.11209
-1.11122
-1.11173
-1.11208
-1.10952
-1.10371
-1.16377
-1.164
-1.16389
-1.16259
-1.16017
-1.15779
-1.15489
-1.15031
-1.14357
-1.13639
-1.21174
-1.2121
-1.21149
-1.21
-1.20749
-1.20443
-1.20035
-1.19459
-1.18711
-1.17956
-1.26031
-1.26035
-1.2596
-1.25799
-1.25559
-1.25246
-1.24828
-1.2427
-1.23588
-1.22934
-1.31007
-1.30978
-1.30898
-1.30735
-1.30507
-1.3022
-1.29842
-1.29335
-1.28726
-1.28198
-1.36118
-1.36071
-1.3599
-1.35832
-1.35621
-1.35376
-1.35051
-1.34585
-1.34026
-1.3363
-1.41369
-1.41331
-1.41258
-1.41115
-1.4093
-1.40742
-1.4048
-1.40067
-1.39538
-1.39129
-1.46771
-1.46766
-1.46712
-1.46598
-1.46457
-1.46345
-1.46194
-1.45944
-1.4561
-1.44964
-1.52326
-1.52362
-1.52339
-1.5228
-1.52204
-1.52197
-1.52242
-1.52275
-1.52236
-1.51556
-1.58007
-1.58077
-1.58107
-1.58136
-1.58162
-1.58308
-1.58684
-1.59231
-1.59383
-1.58634
-1.63768
-1.63862
-1.63971
-1.64123
-1.64306
-1.64664
-1.65469
-1.66798
-1.67471
-1.66404
-1.69537
-1.69656
-1.6986
-1.70144
-1.70513
-1.711
-1.72257
-1.74364
-1.75992
-1.74902
-1.75236
-1.75389
-1.75681
-1.7606
-1.76581
-1.77367
-1.7867
-1.81137
-1.83861
-1.83572
-1.80809
-1.80997
-1.81337
-1.81763
-1.82361
-1.8327
-1.84583
-1.86869
-1.90387
-1.91826
-1.86224
-1.86419
-1.86762
-1.87214
-1.8781
-1.88732
-1.90038
-1.91839
-1.94999
-1.98203
-1.91464
-1.9163
-1.91966
-1.92394
-1.92968
-1.93795
-1.95009
-1.96473
-1.98512
-2.01647
-1.96545
-1.96673
-1.96954
-1.97352
-1.97871
-1.98569
-1.99561
-2.00806
-2.02042
-2.03688
)
;

boundaryField
{
    lowerSideWalls
    {
        type            calculated;
        value           nonuniform List<scalar> 
800
(
388.633
340.582
293.643
248.074
203.684
159.942
116.287
72.8615
35.7817
14.9208
-0.199462
-0.416857
-0.496508
-0.60481
-0.715314
-0.790787
-0.836593
-0.865046
-0.886512
-0.922525
388.052
339.965
292.925
247.173
202.522
157.898
113.03
69.3607
32.5674
12.8394
-0.386761
-0.422104
-0.494726
-0.604305
-0.716573
-0.799584
-0.853078
-0.879956
-0.89384
-0.92176
386.805
338.585
291.184
244.625
199.03
153.762
108.546
65.1121
27.9317
5.69999
-0.400056
-0.443592
-0.511458
-0.605155
-0.701003
-0.785884
-0.846114
-0.87618
-0.892091
-0.921148
385.018
336.624
288.86
241.633
195.129
148.985
102.894
58.7991
20.5382
0.712487
-0.413432
-0.460354
-0.5267
-0.610289
-0.69548
-0.77371
-0.830473
-0.860791
-0.879218
-0.912188
382.951
334.373
286.251
238.496
191.214
144.109
96.6716
50.6375
12.4172
0.00017616
-0.477403
-0.480126
-0.557725
-0.629019
-0.697653
-0.760738
-0.810832
-0.843333
-0.867228
-0.90311
380.842
332.092
283.634
235.406
187.472
139.607
91.1794
45.1044
9.97607
-0.133759
-0.4827
-0.527148
-0.590147
-0.64462
-0.697778
-0.751236
-0.798394
-0.830842
-0.856327
-0.892617
378.885
329.984
281.246
232.632
184.171
135.611
86.5277
42.8812
12.8072
0.753133
-0.478058
-0.553254
-0.61533
-0.666274
-0.701549
-0.738398
-0.780135
-0.814749
-0.84412
-0.882493
377.233
328.216
279.272
230.417
181.661
132.697
83.5914
43.4236
15.1015
3.90942
-0.519902
-0.582902
-0.627448
-0.662187
-0.685039
-0.710046
-0.750682
-0.796856
-0.839701
-0.882829
375.997
326.9
277.823
228.865
180.007
130.9
81.8585
45.1681
16.0998
7.96046
-0.537005
-0.597142
-0.618695
-0.636181
-0.648823
-0.669972
-0.719802
-0.785534
-0.845759
-0.89429
375.252
326.101
276.948
227.904
178.911
129.61
80.4912
45.8073
17.0709
7.81093
-0.528886
-0.587382
-0.594719
-0.607971
-0.620761
-0.650777
-0.709421
-0.781053
-0.847159
-0.898947
388.893
340.839
293.878
248.272
203.885
160.05
115.793
71.0756
32.683
12.3759
-0.495594
-0.506563
-0.547426
-0.622069
-0.672381
-0.717888
-0.759335
-0.796321
-0.837241
-0.891382
388.295
340.201
293.145
247.359
202.774
158.246
113.16
69.0042
30.9485
7.42499
-0.496301
-0.493418
-0.541342
-0.62907
-0.697544
-0.754731
-0.79343
-0.819671
-0.846238
-0.8908
387.036
338.813
291.412
244.838
199.217
153.876
108.299
64.2017
25.8778
2.60886
-0.450897
-0.479656
-0.518598
-0.610926
-0.693028
-0.760495
-0.81262
-0.838487
-0.85127
-0.882241
385.25
336.852
289.086
241.848
195.259
149.073
102.657
57.1639
17.3202
0.209324
-0.439489
-0.481536
-0.517893
-0.580275
-0.657822
-0.73538
-0.795431
-0.837033
-0.851564
-0.875103
383.195
334.611
286.479
238.713
191.382
144.445
97.0222
50.1923
12.1417
0.0431681
-0.43624
-0.470872
-0.513494
-0.579929
-0.658712
-0.732331
-0.787646
-0.824857
-0.850642
-0.873603
381.114
332.348
283.868
235.6
187.614
139.903
91.4651
45.8054
14.738
1.73169
-0.405656
-0.465135
-0.520836
-0.600877
-0.679791
-0.744371
-0.790969
-0.821849
-0.84885
-0.873998
379.202
330.271
281.482
232.765
184.161
135.466
86.3301
44.614
16.2975
3.83486
-0.398233
-0.459
-0.549693
-0.645437
-0.717198
-0.768446
-0.810207
-0.837581
-0.857243
-0.881533
377.617
328.554
279.523
230.496
181.484
132.194
82.8388
42.6375
15.5579
2.40495
-0.422669
-0.448407
-0.578461
-0.701837
-0.766873
-0.801503
-0.83203
-0.856252
-0.875089
-0.903208
376.459
327.296
278.088
228.862
179.532
129.712
79.1694
39.5749
13.7014
0.845415
-0.388722
-0.419005
-0.582852
-0.75312
-0.825867
-0.847927
-0.865759
-0.882027
-0.896794
-0.924972
375.803
326.572
277.223
227.738
178.039
127.355
76.0041
37.0262
11.8649
0.341247
-0.351779
-0.398509
-0.565328
-0.770942
-0.867058
-0.895019
-0.908541
-0.917911
-0.923813
-0.939736
388.633
340.582
293.643
248.074
203.684
159.942
116.287
72.8615
35.7817
14.9208
-0.199462
-0.416857
-0.496508
-0.60481
-0.715314
-0.790787
-0.836593
-0.865046
-0.886512
-0.922525
387.994
339.895
292.839
247.063
202.4
157.988
113.615
70.3006
33.5782
13.7708
-0.479264
-0.480593
-0.559672
-0.673105
-0.777594
-0.847063
-0.880455
-0.902089
-0.914027
-0.931032
386.642
338.384
290.91
244.249
198.5
153.187
108.066
64.4851
27.2746
5.80772
-0.574895
-0.560918
-0.618706
-0.721765
-0.824382
-0.879514
-0.904102
-0.930824
-0.949055
-0.946152
384.732
336.259
288.323
240.827
193.899
147.142
100.09
54.6347
17.2882
-0.0405734
-0.537988
-0.580147
-0.650066
-0.740948
-0.843937
-0.899867
-0.906383
-0.929655
-0.955711
-0.954004
382.57
333.864
285.452
237.207
189.122
140.684
91.1499
42.554
8.5523
-0.390782
-0.543865
-0.577866
-0.648359
-0.724875
-0.817086
-0.876411
-0.890584
-0.905649
-0.933867
-0.944155
380.426
331.502
282.64
233.695
184.501
134.351
82.1284
30.8943
3.44113
-0.366943
-0.502628
-0.578565
-0.636353
-0.696528
-0.769712
-0.834231
-0.869022
-0.889184
-0.913565
-0.929307
378.522
329.411
280.173
230.63
180.481
128.744
73.8133
21.3721
1.18181
-0.209133
-0.451386
-0.578796
-0.622936
-0.66461
-0.718066
-0.786909
-0.840822
-0.878817
-0.908608
-0.93181
377.016
327.769
278.256
228.307
177.523
124.775
68.0971
14.4453
0.91807
0.0583849
-0.353807
-0.596789
-0.608672
-0.637462
-0.682396
-0.746082
-0.810975
-0.863913
-0.903476
-0.937193
376.021
326.7
277.041
226.878
175.769
122.738
66.754
12.3227
1.20057
0.268259
-0.283998
-0.577599
-0.600531
-0.626832
-0.66956
-0.726697
-0.79098
-0.849337
-0.897949
-0.937815
375.584
326.255
276.585
226.457
175.302
122.313
67.4283
15.0611
1.73129
0.387974
-0.258952
-0.522918
-0.577837
-0.650042
-0.681615
-0.730101
-0.788656
-0.842877
-0.890156
-0.930701
375.762
326.454
276.874
226.969
176.171
123.726
69.2756
21.5264
2.63627
0.370262
-0.223433
-0.481967
-0.58569
-0.658735
-0.697231
-0.738284
-0.791827
-0.836442
-0.879157
-0.924588
376.449
327.229
277.842
228.225
178.105
126.682
74.3778
29.741
5.75316
0.413459
-0.151426
-0.437335
-0.602718
-0.676081
-0.713824
-0.764
-0.812601
-0.860803
-0.896178
-0.930747
377.647
328.552
279.422
230.234
180.857
130.874
80.8258
39.3388
13.8525
0.929339
-0.233992
-0.48455
-0.622959
-0.687279
-0.73832
-0.7939
-0.843014
-0.880199
-0.909433
-0.939084
379.269
330.329
281.514
232.815
184.225
135.711
87.2047
45.347
17.8047
3.39307
-0.435568
-0.525845
-0.631681
-0.699423
-0.752511
-0.807838
-0.858503
-0.900108
-0.929715
-0.95495
381.196
332.432
283.965
235.783
187.963
140.539
93.1938
49.6299
18.4542
3.19
-0.545088
-0.590808
-0.661415
-0.714956
-0.758995
-0.81343
-0.868944
-0.917377
-0.949288
-0.976025
383.27
334.693
286.592
238.933
191.837
145.276
98.8519
54.5553
18.0852
1.32745
-0.579944
-0.623668
-0.693673
-0.734756
-0.766306
-0.817137
-0.871931
-0.915567
-0.93666
-0.963274
385.301
336.913
289.182
242.046
195.675
149.912
104.304
60.5432
21.0187
0.956214
-0.572798
-0.639411
-0.717865
-0.768907
-0.778376
-0.824195
-0.885227
-0.922844
-0.921667
-0.937223
387.063
338.848
291.47
244.954
199.455
154.368
109.178
65.6697
26.9189
3.40338
-0.5559
-0.600898
-0.672868
-0.754638
-0.782766
-0.831958
-0.887237
-0.904689
-0.89541
-0.913237
388.301
340.211
293.159
247.384
202.832
158.302
113.007
68.9038
31.9598
7.73568
-0.527931
-0.566867
-0.619095
-0.70415
-0.755518
-0.792018
-0.828086
-0.842217
-0.855477
-0.896431
388.893
340.839
293.878
248.272
203.885
160.05
115.793
71.0756
32.683
12.3759
-0.495594
-0.506563
-0.547426
-0.622069
-0.672381
-0.717888
-0.759335
-0.796321
-0.837241
-0.891382
)
;
    }
    upperSideWalls
    {
        type            calculated;
        value           nonuniform List<scalar> 
800
(
-0.975954
-1.02808
-1.08526
-1.14163
-1.19024
-1.23465
-1.28112
-1.33061
-1.38274
-1.43681
-1.49157
-1.54636
-1.60118
-1.65573
-1.70956
-1.76242
-1.81425
-1.86511
-1.91515
-1.96456
-0.972986
-1.03473
-1.09573
-1.15014
-1.19321
-1.23527
-1.2811
-1.33067
-1.38229
-1.43609
-1.49131
-1.54679
-1.60199
-1.65671
-1.71062
-1.7634
-1.81505
-1.86576
-1.9157
-1.96504
-0.969087
-1.03239
-1.09873
-1.15473
-1.19807
-1.23585
-1.28076
-1.33099
-1.38277
-1.4377
-1.4917
-1.547
-1.60246
-1.65783
-1.71252
-1.76567
-1.81699
-1.86726
-1.91689
-1.966
-0.959716
-1.02164
-1.09326
-1.1541
-1.19667
-1.23289
-1.28053
-1.332
-1.38472
-1.43748
-1.49201
-1.54772
-1.60377
-1.65955
-1.71439
-1.76764
-1.8192
-1.86947
-1.91886
-1.96766
-0.950856
-1.01254
-1.08423
-1.14569
-1.19131
-1.23464
-1.28398
-1.33378
-1.38311
-1.43618
-1.49108
-1.54754
-1.60441
-1.66084
-1.71617
-1.76985
-1.82173
-1.87207
-1.92132
-1.96982
-0.940767
-1.00053
-1.07052
-1.13551
-1.19125
-1.24161
-1.28821
-1.33488
-1.38362
-1.43538
-1.49036
-1.54743
-1.60522
-1.66251
-1.71836
-1.77256
-1.82481
-1.87529
-1.92445
-1.97266
-0.931227
-0.989455
-1.05952
-1.13299
-1.1987
-1.25185
-1.29557
-1.33904
-1.38562
-1.43496
-1.48868
-1.54645
-1.60574
-1.66454
-1.72146
-1.7762
-1.82873
-1.8794
-1.92848
-1.97607
-0.929669
-0.985079
-1.05412
-1.13891
-1.21579
-1.27108
-1.30889
-1.34554
-1.38902
-1.43793
-1.48915
-1.54607
-1.60662
-1.66673
-1.72467
-1.7801
-1.83339
-1.88461
-1.93383
-1.98076
-0.935444
-0.985892
-1.05541
-1.1566
-1.25984
-1.32509
-1.33455
-1.34256
-1.3831
-1.4421
-1.49628
-1.54973
-1.60801
-1.66847
-1.72764
-1.78447
-1.83922
-1.8914
-1.94034
-1.98677
-0.938385
-0.987213
-1.06029
-1.1757
-1.31388
-1.37885
-1.3518
-1.32657
-1.3606
-1.43321
-1.50404
-1.56282
-1.61646
-1.67342
-1.7324
-1.7905
-1.84718
-1.90077
-1.94989
-1.99487
-0.950142
-1.00812
-1.06301
-1.11472
-1.16377
-1.21174
-1.26031
-1.31007
-1.36118
-1.41369
-1.46771
-1.52326
-1.58007
-1.63768
-1.69537
-1.75236
-1.80809
-1.86224
-1.91464
-1.96545
-0.948056
-1.00601
-1.06191
-1.11451
-1.164
-1.2121
-1.26035
-1.30978
-1.36071
-1.41331
-1.46766
-1.52362
-1.58077
-1.63862
-1.69656
-1.75389
-1.80997
-1.86419
-1.9163
-1.96673
-0.942896
-1.00422
-1.0627
-1.11552
-1.16389
-1.21149
-1.2596
-1.30898
-1.3599
-1.41258
-1.46712
-1.52339
-1.58107
-1.63971
-1.6986
-1.75681
-1.81337
-1.86762
-1.91966
-1.96954
-0.937478
-1.00101
-1.0614
-1.11436
-1.16259
-1.21
-1.25799
-1.30735
-1.35832
-1.41115
-1.46598
-1.5228
-1.58136
-1.64123
-1.70144
-1.7606
-1.81763
-1.87214
-1.92394
-1.97352
-0.928685
-0.997697
-1.05959
-1.11209
-1.16017
-1.20749
-1.25559
-1.30507
-1.35621
-1.4093
-1.46457
-1.52204
-1.58162
-1.64306
-1.70513
-1.76581
-1.82361
-1.8781
-1.92968
-1.97871
-0.923263
-0.9998
-1.06079
-1.11122
-1.15779
-1.20443
-1.25246
-1.3022
-1.35376
-1.40742
-1.46345
-1.52197
-1.58308
-1.64664
-1.711
-1.77367
-1.8327
-1.88732
-1.93795
-1.98569
-0.931272
-1.00697
-1.06688
-1.11173
-1.15489
-1.20035
-1.24828
-1.29842
-1.35051
-1.4048
-1.46194
-1.52242
-1.58684
-1.65469
-1.72257
-1.7867
-1.84583
-1.90038
-1.95009
-1.99561
-0.952954
-1.02262
-1.0749
-1.11208
-1.15031
-1.19459
-1.2427
-1.29335
-1.34585
-1.40067
-1.45944
-1.52275
-1.59231
-1.66798
-1.74364
-1.81137
-1.86869
-1.91839
-1.96473
-2.00806
-0.970932
-1.02756
-1.07518
-1.10952
-1.14357
-1.18711
-1.23588
-1.28726
-1.34026
-1.39538
-1.4561
-1.52236
-1.59383
-1.67471
-1.75992
-1.83861
-1.90387
-1.94999
-1.98512
-2.02042
-0.973965
-1.02062
-1.06829
-1.10371
-1.13639
-1.17956
-1.22934
-1.28198
-1.3363
-1.39129
-1.44964
-1.51556
-1.58634
-1.66404
-1.74902
-1.83572
-1.91826
-1.98203
-2.01647
-2.03688
-0.975954
-1.02808
-1.08526
-1.14163
-1.19024
-1.23465
-1.28112
-1.33061
-1.38274
-1.43681
-1.49157
-1.54636
-1.60118
-1.65573
-1.70956
-1.76242
-1.81425
-1.86511
-1.91515
-1.96456
-0.973005
-1.02618
-1.08624
-1.14578
-1.19378
-1.23638
-1.28144
-1.33085
-1.38334
-1.437
-1.49115
-1.54605
-1.60129
-1.65599
-1.70976
-1.76258
-1.81445
-1.86533
-1.91532
-1.96464
-0.966785
-1.01674
-1.07914
-1.14257
-1.19508
-1.23508
-1.27927
-1.32818
-1.38043
-1.43444
-1.48931
-1.54497
-1.60068
-1.65589
-1.70991
-1.76278
-1.81467
-1.86544
-1.91531
-1.9646
-0.957168
-1.00111
-1.05942
-1.12834
-1.18654
-1.22774
-1.27288
-1.32299
-1.37586
-1.42998
-1.4856
-1.54159
-1.59847
-1.65461
-1.70939
-1.76292
-1.81511
-1.86588
-1.91561
-1.96473
-0.951416
-0.981876
-1.03448
-1.11024
-1.17073
-1.21772
-1.26698
-1.31871
-1.37272
-1.42861
-1.48405
-1.5395
-1.59567
-1.65231
-1.70831
-1.76281
-1.81547
-1.86625
-1.91583
-1.96478
-0.947625
-0.977797
-1.03584
-1.10093
-1.15558
-1.20932
-1.26311
-1.31771
-1.37331
-1.4298
-1.48484
-1.53944
-1.59474
-1.65097
-1.70726
-1.76231
-1.81535
-1.86621
-1.91573
-1.96463
-0.959584
-0.998915
-1.04765
-1.09725
-1.15063
-1.20613
-1.26236
-1.31826
-1.37436
-1.42997
-1.48507
-1.53973
-1.59475
-1.65072
-1.70706
-1.76202
-1.81483
-1.86565
-1.91526
-1.96429
-0.97104
-1.0087
-1.05073
-1.09965
-1.15301
-1.20754
-1.26234
-1.31755
-1.37319
-1.42889
-1.48436
-1.53963
-1.59513
-1.65121
-1.70705
-1.76136
-1.81377
-1.86473
-1.91469
-1.96394
-0.973945
-1.01217
-1.05601
-1.10507
-1.15652
-1.20913
-1.26284
-1.31743
-1.37262
-1.42807
-1.48361
-1.53923
-1.59504
-1.65091
-1.70623
-1.76032
-1.81278
-1.86408
-1.91434
-1.96376
-0.9704
-1.01242
-1.05884
-1.10862
-1.16018
-1.21233
-1.26501
-1.31842
-1.37278
-1.42763
-1.48285
-1.53841
-1.59425
-1.65001
-1.70519
-1.7593
-1.81202
-1.86356
-1.91401
-1.96357
-0.971791
-1.01241
-1.05976
-1.10885
-1.15927
-1.21145
-1.26379
-1.31698
-1.37131
-1.42618
-1.48141
-1.53715
-1.59322
-1.64914
-1.70438
-1.75857
-1.81144
-1.86314
-1.91377
-1.9635
-0.970473
-1.01421
-1.06119
-1.11397
-1.16339
-1.2124
-1.26277
-1.31491
-1.3688
-1.42362
-1.479
-1.5352
-1.5918
-1.64813
-1.70365
-1.75797
-1.81104
-1.86289
-1.91363
-1.96346
-0.976491
-1.02084
-1.07027
-1.12048
-1.16828
-1.21478
-1.26325
-1.31418
-1.36702
-1.42125
-1.47712
-1.53357
-1.59046
-1.6471
-1.70293
-1.75756
-1.81084
-1.86281
-1.91365
-1.96356
-0.987866
-1.03025
-1.07706
-1.12393
-1.1698
-1.21608
-1.264
-1.31415
-1.36628
-1.42006
-1.47541
-1.53178
-1.58878
-1.64574
-1.70201
-1.75706
-1.81066
-1.86285
-1.91381
-1.96376
-1.00839
-1.04245
-1.08449
-1.12888
-1.17274
-1.21731
-1.26412
-1.31364
-1.36548
-1.41911
-1.47415
-1.53032
-1.58716
-1.64417
-1.70063
-1.75597
-1.81003
-1.86278
-1.9141
-1.96411
-1.00995
-1.05125
-1.09129
-1.13344
-1.17513
-1.21747
-1.26302
-1.31203
-1.36353
-1.41702
-1.4722
-1.52845
-1.58517
-1.64202
-1.69842
-1.75383
-1.80838
-1.86214
-1.91433
-1.96463
-0.986362
-1.04049
-1.08775
-1.13136
-1.17414
-1.21597
-1.26064
-1.30868
-1.36007
-1.41312
-1.46793
-1.52454
-1.58173
-1.63906
-1.69614
-1.75239
-1.80747
-1.86162
-1.91446
-1.96532
-0.965962
-1.02486
-1.07733
-1.12437
-1.16766
-1.21189
-1.25903
-1.30837
-1.35908
-1.41159
-1.46601
-1.52202
-1.57919
-1.63697
-1.69474
-1.75174
-1.80749
-1.86195
-1.9147
-1.96541
-0.954876
-1.01403
-1.06726
-1.11707
-1.16434
-1.21129
-1.25922
-1.30868
-1.35975
-1.41244
-1.46676
-1.52256
-1.57964
-1.6376
-1.69566
-1.75281
-1.80824
-1.86214
-1.91451
-1.96535
-0.950142
-1.00812
-1.06301
-1.11472
-1.16377
-1.21174
-1.26031
-1.31007
-1.36118
-1.41369
-1.46771
-1.52326
-1.58007
-1.63768
-1.69537
-1.75236
-1.80809
-1.86224
-1.91464
-1.96545
)
;
    }
    lowerWall
    {
        type            calculated;
        value           nonuniform List<scalar> 
200
(
413.158
412.519
411.167
409.257
407.095
404.951
403.047
401.541
400.546
400.109
400.287
400.974
402.172
403.794
405.721
407.795
409.826
411.588
412.826
413.418
412.577
412.017
410.715
408.814
406.664
404.548
402.671
401.187
400.2
399.761
399.918
400.577
401.743
403.336
405.239
407.298
409.327
411.088
412.29
412.82
411.33
410.822
409.597
407.775
405.707
403.671
401.868
400.445
399.496
399.065
399.186
399.784
400.879
402.401
404.24
406.242
408.22
409.929
411.074
411.561
409.543
409.039
407.889
406.204
404.278
402.37
400.675
399.336
398.443
398.032
398.12
398.646
399.654
401.069
402.813
404.718
406.592
408.2
409.289
409.775
407.476
406.971
405.885
404.332
402.554
400.787
399.209
397.961
397.132
396.759
396.829
397.283
398.189
399.506
401.138
402.929
404.688
406.193
407.231
407.72
405.367
404.867
403.831
402.378
400.723
399.08
397.606
396.449
395.697
395.383
395.45
395.847
396.669
397.893
399.422
401.098
402.748
404.164
405.156
405.639
403.41
402.911
401.908
400.522
398.961
397.417
396.037
394.973
394.299
394.036
394.1
394.481
395.252
396.395
397.829
399.406
400.962
402.304
403.252
403.727
401.758
401.256
400.275
398.935
397.446
395.989
394.705
393.733
393.128
392.894
392.996
393.403
394.152
395.237
396.583
398.062
399.519
400.782
401.681
402.142
400.522
400.015
399.05
397.744
396.312
394.932
393.73
392.842
392.317
392.174
392.331
392.766
393.497
394.525
395.783
397.158
398.516
399.695
400.54
400.984
399.777
399.27
398.324
397.054
395.673
394.365
393.233
392.412
391.999
391.803
392.044
392.652
393.355
394.339
395.52
396.787
398.039
399.129
399.911
400.328
)
;
    }
    atmosphere
    {
        type            calculated;
        value           nonuniform List<scalar> 0();
    }
    procBoundary0to1
    {
        type            processor;
        value           nonuniform List<scalar> 
800
(
375.032
325.852
276.616
227.417
178.132
128.362
79.3265
45.1658
16.706
6.41328
-0.526353
-0.580258
-0.578687
-0.595732
-0.618609
-0.657606
-0.707295
-0.76787
-0.834675
-0.890605
374.533
325.249
275.792
226.229
176.079
125.499
73.0703
30.278
2.84459
-0.0971717
-0.658496
-0.651348
-0.623638
-0.632301
-0.65819
-0.688955
-0.7289
-0.780985
-0.845557
-0.900996
373.608
324.164
274.342
224.047
172.921
120.982
68.0197
19.1238
0.221901
-0.236833
-0.490774
-0.582524
-0.617507
-0.666432
-0.720745
-0.767245
-0.800505
-0.824624
-0.856673
-0.895815
372.369
322.738
272.54
221.515
169.334
115.502
59.9046
12.1683
0.0372845
-0.148238
-0.405298
-0.553343
-0.636589
-0.708294
-0.794749
-0.872588
-0.899241
-0.883142
-0.86493
-0.874959
371.036
321.216
270.588
218.896
165.735
110.476
52.4484
9.29989
-0.0177121
-0.23004
-0.410682
-0.533831
-0.62079
-0.695237
-0.794421
-0.891928
-0.918223
-0.879102
-0.836569
-0.842596
369.789
319.825
268.806
216.559
162.473
105.943
45.4267
6.73431
-0.163886
-0.283714
-0.424659
-0.525871
-0.593607
-0.659135
-0.745682
-0.81635
-0.838775
-0.81795
-0.808729
-0.847024
368.733
318.683
267.34
214.605
159.458
101.956
40.1612
4.54604
-0.210447
-0.309834
-0.42595
-0.511096
-0.5679
-0.626189
-0.695091
-0.75329
-0.784583
-0.806046
-0.833776
-0.887871
368.003
317.909
266.375
213.275
157.28
99.0688
37.0469
3.49807
-0.117839
-0.309104
-0.413044
-0.498936
-0.560512
-0.621504
-0.686105
-0.74826
-0.795567
-0.822615
-0.859985
-0.921872
367.683
317.615
266.072
212.829
156.559
97.614
34.6836
2.97947
-0.0639568
-0.302999
-0.401258
-0.4863
-0.552751
-0.618259
-0.686266
-0.746585
-0.788397
-0.834316
-0.887828
-0.952793
367.865
317.905
266.413
213.58
157.799
99.5261
37.1762
3.7685
-0.0834754
-0.299409
-0.39705
-0.480597
-0.552397
-0.614615
-0.666291
-0.725104
-0.800874
-0.871723
-0.932081
-0.987685
368.236
318.556
267.273
214.34
158.995
101.778
41.8637
5.45651
-0.135816
-0.299216
-0.412143
-0.472497
-0.52089
-0.594014
-0.694595
-0.774236
-0.840922
-0.905513
-0.963564
-1.01339
368.531
318.603
267.458
214.858
160.277
104.136
45.6007
7.49388
-0.0629677
-0.226435
-0.365455
-0.469098
-0.585537
-0.688819
-0.771244
-0.840654
-0.903116
-0.965498
-1.00879
-1.0386
369.22
319.326
268.328
216.102
162.362
107.327
49.7951
10.1093
0.195695
-0.0567308
-0.311043
-0.493711
-0.674097
-0.785208
-0.865171
-0.939323
-1.01373
-1.06936
-1.08972
-1.07737
370.171
320.353
269.613
217.892
164.799
110.458
53.6708
11.4038
0.323978
-0.0269221
-0.331929
-0.545209
-0.735593
-0.855078
-0.941587
-1.02659
-1.11273
-1.17733
-1.19643
-1.15477
371.257
321.516
271.032
219.828
167.708
114.026
58.9644
14.1071
0.366467
-0.13806
-0.425968
-0.584254
-0.772818
-0.896562
-0.986264
-1.08196
-1.18835
-1.26828
-1.28486
-1.218
372.418
322.768
272.512
221.578
169.638
116.363
61.9108
15.3946
0.440008
-0.214228
-0.474051
-0.592893
-0.791445
-0.927201
-1.00562
-1.08789
-1.18406
-1.25577
-1.26475
-1.19295
373.568
324.036
274.028
223.391
172.04
119.105
65.0014
17.4007
0.683407
-0.326222
-0.495578
-0.580025
-0.77953
-0.940103
-0.995545
-1.05009
-1.09943
-1.13188
-1.1247
-1.07424
374.569
325.14
275.365
225.051
174.211
122.233
70.0053
22.8043
1.90564
-0.329454
-0.462301
-0.556396
-0.738841
-0.918326
-0.978119
-1.00532
-1.02763
-1.03037
-1.01177
-0.990029
375.294
325.932
276.377
226.4
175.902
123.177
69.5328
25.6799
2.70926
-0.456726
-0.466362
-0.509852
-0.668183
-0.857652
-0.961359
-1.01249
-1.03153
-1.01803
-0.988204
-0.970052
375.679
326.396
276.928
227.185
177.114
125.644
73.5606
34.922
10.5956
0.366363
-0.339961
-0.403382
-0.553156
-0.756145
-0.874589
-0.917943
-0.938812
-0.946922
-0.943919
-0.944957
-0.931017
-0.976594
-1.04779
-1.16429
-1.30044
-1.36679
-1.34843
-1.32796
-1.35844
-1.42636
-1.50537
-1.57437
-1.63151
-1.68419
-1.74066
-1.79932
-1.85818
-1.91344
-1.96235
-2.00495
-0.941011
-0.986923
-1.06456
-1.20091
-1.36705
-1.44466
-1.41725
-1.40111
-1.41742
-1.45895
-1.52048
-1.59313
-1.6482
-1.68842
-1.73834
-1.79958
-1.86124
-1.91773
-1.96709
-2.00762
-0.936618
-0.990908
-1.07201
-1.1984
-1.34259
-1.41661
-1.41065
-1.41282
-1.44431
-1.48078
-1.53073
-1.59409
-1.64772
-1.68769
-1.73719
-1.80163
-1.86791
-1.92754
-1.9758
-2.0127
-0.917084
-0.986742
-1.07664
-1.18491
-1.29628
-1.37473
-1.41475
-1.44715
-1.48399
-1.51324
-1.53685
-1.56607
-1.61152
-1.67364
-1.74128
-1.80939
-1.87774
-1.93849
-1.98415
-2.01626
-0.903764
-0.99201
-1.08502
-1.17751
-1.26686
-1.34435
-1.40304
-1.4479
-1.48891
-1.52121
-1.53956
-1.54781
-1.57923
-1.66211
-1.75601
-1.82912
-1.89414
-1.94926
-1.98949
-2.01525
-0.929359
-1.01822
-1.10654
-1.19117
-1.27124
-1.34571
-1.41485
-1.47408
-1.5084
-1.52501
-1.53355
-1.55744
-1.61684
-1.69583
-1.77517
-1.8473
-1.90948
-1.95913
-1.98844
-2.00636
-0.962226
-1.04379
-1.12608
-1.20475
-1.27213
-1.33074
-1.3912
-1.45282
-1.49322
-1.51805
-1.54083
-1.58887
-1.65898
-1.729
-1.79866
-1.86667
-1.92187
-1.9594
-1.97591
-1.99198
-0.99511
-1.06463
-1.13013
-1.19363
-1.25012
-1.29488
-1.33781
-1.3901
-1.44498
-1.49078
-1.54048
-1.60565
-1.68511
-1.75804
-1.82212
-1.87836
-1.92076
-1.94114
-1.95438
-1.97787
-1.01706
-1.07127
-1.12263
-1.17377
-1.22239
-1.27026
-1.32121
-1.3739
-1.42663
-1.48448
-1.55276
-1.62713
-1.70247
-1.76924
-1.8269
-1.87197
-1.90038
-1.91736
-1.93713
-1.96599
-1.03609
-1.08154
-1.13159
-1.18581
-1.23933
-1.2915
-1.34221
-1.38969
-1.44167
-1.50165
-1.56774
-1.63259
-1.69499
-1.75531
-1.80735
-1.84502
-1.87161
-1.89765
-1.92691
-1.96229
-1.0557
-1.09297
-1.13564
-1.19408
-1.26203
-1.32409
-1.37255
-1.41465
-1.45619
-1.50846
-1.56959
-1.62568
-1.67778
-1.73048
-1.77986
-1.82096
-1.85712
-1.89374
-1.93292
-1.97323
-1.05973
-1.07741
-1.0978
-1.14571
-1.20909
-1.27684
-1.3364
-1.38532
-1.43811
-1.49679
-1.56228
-1.6259
-1.68124
-1.73257
-1.77844
-1.81844
-1.85507
-1.89168
-1.93623
-1.97915
-1.05204
-1.03964
-1.05018
-1.0866
-1.13659
-1.20321
-1.27029
-1.3306
-1.39053
-1.46108
-1.54768
-1.63482
-1.70694
-1.76526
-1.81031
-1.84236
-1.86816
-1.90052
-1.93918
-1.97945
-1.07688
-1.01582
-0.999651
-1.03985
-1.09982
-1.16208
-1.22668
-1.29467
-1.36405
-1.4388
-1.53234
-1.64193
-1.74892
-1.83056
-1.87246
-1.88723
-1.89525
-1.91195
-1.93997
-1.97672
-1.10374
-1.01757
-0.986956
-1.00838
-1.07665
-1.14715
-1.21009
-1.28198
-1.35334
-1.42019
-1.50641
-1.62901
-1.76106
-1.87236
-1.91436
-1.9145
-1.90981
-1.91666
-1.93657
-1.96977
-1.08276
-1.01254
-0.995853
-1.01773
-1.07521
-1.14293
-1.20928
-1.27731
-1.34343
-1.40257
-1.47025
-1.58664
-1.72288
-1.84349
-1.90286
-1.92293
-1.93471
-1.94639
-1.96121
-1.98609
-1.02186
-1.00448
-1.01987
-1.05126
-1.09288
-1.14772
-1.21094
-1.27548
-1.33651
-1.39575
-1.4593
-1.54692
-1.66164
-1.76856
-1.85366
-1.91208
-1.96098
-1.99453
-2.00847
-2.01723
-0.986512
-1.01042
-1.04958
-1.084
-1.11445
-1.15783
-1.21584
-1.27627
-1.33552
-1.39109
-1.45247
-1.53084
-1.61998
-1.70998
-1.79311
-1.87611
-1.9627
-2.03386
-2.06352
-2.06204
-0.978813
-1.01889
-1.06794
-1.09943
-1.12619
-1.16808
-1.22314
-1.28137
-1.33761
-1.39073
-1.44817
-1.51639
-1.59253
-1.67241
-1.7522
-1.83659
-1.93612
-2.04052
-2.1049
-2.09953
-0.965925
-1.00679
-1.0578
-1.09586
-1.1304
-1.17386
-1.22482
-1.27968
-1.33521
-1.38618
-1.4378
-1.50286
-1.57481
-1.64794
-1.72267
-1.79879
-1.88574
-1.97489
-2.0349
-2.05935
)
;
    }
    procBoundary0to2
    {
        type            processor;
        value           nonuniform List<scalar> 
200
(
-2.01344
-2.01384
-2.01464
-2.01598
-2.01775
-2.02007
-2.02297
-2.02669
-2.03136
-2.03729
-2.01346
-2.01385
-2.01463
-2.01591
-2.01761
-2.01982
-2.02268
-2.02637
-2.03115
-2.03722
-2.01341
-2.01379
-2.01446
-2.01571
-2.0173
-2.01933
-2.02192
-2.02536
-2.03012
-2.03684
-2.0134
-2.01373
-2.01435
-2.01544
-2.01681
-2.01852
-2.02058
-2.02357
-2.02839
-2.03571
-2.01336
-2.01366
-2.01427
-2.0152
-2.01628
-2.01751
-2.01881
-2.02135
-2.02594
-2.03259
-2.01318
-2.0134
-2.01396
-2.01468
-2.01533
-2.01619
-2.01682
-2.01889
-2.02254
-2.02735
-2.01292
-2.0131
-2.01362
-2.01395
-2.01446
-2.01481
-2.01487
-2.01637
-2.01848
-2.02095
-2.0127
-2.01287
-2.01341
-2.01375
-2.01435
-2.01452
-2.01421
-2.01476
-2.016
-2.01668
-2.01259
-2.01286
-2.01345
-2.01399
-2.01485
-2.01538
-2.01779
-2.01472
-2.01384
-2.01099
-2.01248
-2.01285
-2.01365
-2.01464
-2.01557
-2.01607
-2.01722
-2.01645
-2.01481
-2.01279
-2.01256
-2.01292
-2.01376
-2.01485
-2.01622
-2.01705
-2.01773
-2.01787
-2.01551
-2.01588
-2.0126
-2.01299
-2.01392
-2.01528
-2.01686
-2.01838
-2.01962
-2.02035
-2.01869
-2.01938
-2.01277
-2.01319
-2.01424
-2.01572
-2.01751
-2.01939
-2.02098
-2.02203
-2.02084
-2.02132
-2.013
-2.01347
-2.01473
-2.01651
-2.01872
-2.02112
-2.02335
-2.02509
-2.02484
-2.0225
-2.01329
-2.01376
-2.01534
-2.01744
-2.02009
-2.02308
-2.02593
-2.02803
-2.02758
-2.02442
-2.01369
-2.01408
-2.01607
-2.01854
-2.02167
-2.02533
-2.02907
-2.03224
-2.0334
-2.03098
-2.0142
-2.01452
-2.01659
-2.01946
-2.02326
-2.0275
-2.03224
-2.03726
-2.04187
-2.04391
-2.01446
-2.01508
-2.01711
-2.02037
-2.02461
-2.0293
-2.03522
-2.04271
-2.05192
-2.0604
-2.01493
-2.01591
-2.01828
-2.02154
-2.02552
-2.03076
-2.03786
-2.04752
-2.05904
-2.06967
-2.01505
-2.01604
-2.01826
-2.0216
-2.02604
-2.03173
-2.03915
-2.04844
-2.05774
-2.0651
)
;
    }
}


// ************************************************************************* //
