/*--------------------------------*- C++ -*----------------------------------*\
| =========                 |                                                 |
| \\      /  F ield         | OpenFOAM: The Open Source CFD Toolbox           |
|  \\    /   O peration     | Version:  2312                                  |
|   \\  /    A nd           | Website:  www.openfoam.com                      |
|    \\/     M anipulation  |                                                 |
\*---------------------------------------------------------------------------*/
FoamFile
{
    version     2.0;
    format      ascii;
    arch        "LSB;label=32;scalar=64";
    class       volScalarField;
    location    "0.945";
    object      p;
}
// * * * * * * * * * * * * * * * * * * * * * * * * * * * * * * * * * * * * * //

dimensions      [1 -1 -2 0 0 0 0];

internalField   nonuniform List<scalar> 
8000
(
376.687
376.388
376.042
375.701
375.418
375.259
375.263
375.421
375.679
375.969
327.874
327.33
326.89
326.484
326.102
325.861
325.835
326.014
326.321
326.674
279.217
278.165
277.45
276.866
276.34
275.982
275.926
276.161
276.597
277.117
231.11
229.466
228.048
226.819
225.88
225.322
225.295
225.712
226.378
227.197
184.378
182.228
179.165
176.356
174.3
173.28
173.34
174.103
175.162
176.659
140.96
137.448
131.053
125.496
121.446
119.661
119.967
121.565
123.786
126.035
101.053
94.0931
81.5217
71.4541
64.2212
61.4953
62.827
66.4391
70.9574
75.0182
64.6774
52.4077
32.6388
20.0114
12.6529
10.7197
13.1147
18.6293
24.546
29.3331
29.4228
17.0573
4.32272
1.39307
0.396063
0.0815766
0.290017
1.51415
3.10211
4.33986
3.48841
0.481509
-0.176634
-0.247824
-0.316459
-0.379229
-0.414349
-0.401371
-0.366593
-0.336445
-0.492465
-0.528378
-0.439663
-0.448048
-0.458081
-0.46117
-0.448133
-0.415741
-0.392989
-0.395911
-0.519329
-0.52475
-0.523843
-0.513379
-0.505772
-0.493778
-0.475977
-0.45592
-0.443827
-0.43916
-0.578997
-0.570214
-0.564858
-0.559057
-0.548808
-0.533699
-0.513917
-0.498032
-0.494379
-0.500619
-0.61622
-0.600792
-0.589327
-0.587435
-0.582662
-0.570128
-0.552523
-0.542459
-0.549227
-0.563543
-0.643475
-0.622611
-0.614236
-0.616261
-0.619135
-0.607715
-0.594194
-0.595214
-0.615728
-0.635975
-0.6766
-0.660947
-0.655553
-0.665696
-0.668607
-0.653386
-0.644936
-0.662676
-0.691952
-0.706539
-0.719886
-0.712647
-0.716596
-0.729186
-0.722838
-0.705501
-0.710063
-0.738441
-0.763809
-0.775484
-0.771824
-0.77198
-0.78367
-0.790925
-0.774565
-0.76735
-0.783291
-0.811251
-0.831196
-0.843372
-0.82868
-0.834533
-0.847735
-0.846866
-0.828323
-0.832527
-0.853425
-0.87649
-0.892716
-0.906403
-0.887251
-0.89465
-0.905039
-0.894931
-0.888649
-0.898498
-0.919887
-0.939029
-0.9508
-0.964838
376.448
376.146
375.847
375.58
375.398
375.332
375.404
375.609
375.89
376.185
327.435
326.959
326.591
326.281
326.05
325.934
325.991
326.221
326.553
326.908
278.494
277.597
277.141
276.578
276.294
276.114
276.156
276.432
276.865
277.363
230.116
228.382
227.095
226.282
225.846
225.593
225.673
226.099
226.744
227.543
183.151
181.409
178.024
175.668
174.478
173.924
174.108
174.753
175.527
176.816
138.849
136.97
130.449
124.954
121.928
120.76
121.176
122.436
124.064
125.929
94.5899
90.7731
80.6242
70.7123
65.0782
63.3879
64.7334
67.2455
70.3297
73.4706
48.3117
41.2233
27.7815
16.5058
11.931
11.6293
14.1968
17.5024
20.9587
24.0068
9.26541
6.02341
2.25418
0.709605
0.127219
-0.113663
0.115432
0.733518
1.12564
1.25137
0.0159909
-0.1236
-0.276394
-0.29407
-0.341138
-0.403231
-0.430524
-0.406298
-0.40055
-0.40002
-0.481283
-0.499924
-0.482977
-0.462768
-0.455859
-0.466557
-0.45462
-0.419169
-0.406164
-0.427658
-0.575727
-0.600404
-0.58587
-0.557672
-0.52502
-0.507105
-0.485368
-0.456741
-0.449693
-0.458957
-0.610697
-0.647705
-0.63692
-0.598236
-0.567099
-0.549227
-0.524968
-0.502583
-0.504311
-0.525054
-0.622841
-0.626495
-0.607885
-0.595914
-0.595945
-0.589715
-0.566986
-0.554988
-0.570125
-0.595326
-0.640561
-0.619011
-0.599871
-0.618388
-0.641911
-0.634005
-0.613022
-0.618355
-0.648869
-0.672802
-0.670382
-0.646778
-0.64934
-0.683063
-0.702024
-0.680167
-0.669198
-0.696701
-0.732499
-0.746869
-0.713867
-0.706321
-0.726173
-0.756629
-0.757874
-0.730845
-0.739658
-0.778451
-0.806503
-0.815329
-0.768977
-0.773965
-0.799778
-0.822812
-0.804067
-0.791082
-0.815545
-0.846155
-0.868751
-0.879806
-0.827905
-0.839679
-0.866634
-0.87492
-0.852204
-0.857563
-0.881082
-0.898178
-0.921742
-0.945184
-0.887105
-0.902331
-0.925382
-0.920574
-0.907978
-0.9231
-0.935986
-0.942172
-0.96709
-1.00348
376.202
375.956
375.749
375.57
375.502
375.559
375.74
376.024
376.351
376.658
327.129
326.779
326.568
326.303
326.177
326.201
326.38
326.7
327.083
327.449
277.978
277.487
277.149
276.725
276.515
276.488
276.671
277.049
277.545
278.048
229.164
228.217
227.534
226.519
226.285
226.218
226.449
226.985
227.736
228.467
180.963
179.751
178.123
176.038
175.277
175.046
175.34
176.001
177.1
178.217
133.378
132.387
129.59
125.465
123.347
122.57
123.221
124.574
125.901
127.436
84.5206
83.3567
78.647
71.6525
67.5348
66.6007
68.7305
70.7102
72.8369
74.9317
30.6417
29.4798
24.4096
17.0218
12.8332
12.8037
14.8143
17.2644
20.2542
22.7512
1.93105
2.09618
1.32847
0.313731
-0.128108
-0.27271
-0.246567
0.0130768
0.253445
0.464905
-0.247741
-0.300748
-0.339514
-0.347915
-0.375305
-0.395657
-0.421948
-0.419968
-0.419292
-0.416048
-0.441735
-0.472686
-0.462967
-0.44356
-0.441651
-0.451827
-0.458729
-0.436849
-0.433394
-0.452593
-0.539148
-0.557237
-0.543886
-0.517036
-0.505576
-0.5057
-0.493768
-0.468336
-0.467459
-0.48663
-0.593576
-0.608412
-0.595
-0.572953
-0.568751
-0.565661
-0.54437
-0.51972
-0.525896
-0.552278
-0.619738
-0.621907
-0.597379
-0.598384
-0.617777
-0.619039
-0.596641
-0.582575
-0.596713
-0.618906
-0.640297
-0.622462
-0.609286
-0.64002
-0.672742
-0.668844
-0.649673
-0.653173
-0.675131
-0.686539
-0.670107
-0.651716
-0.664924
-0.709119
-0.735024
-0.717825
-0.710717
-0.732608
-0.752274
-0.750944
-0.714277
-0.712224
-0.740085
-0.777551
-0.785608
-0.768035
-0.779311
-0.807309
-0.819255
-0.811515
-0.768192
-0.779686
-0.811987
-0.834931
-0.824528
-0.820117
-0.846493
-0.868367
-0.874533
-0.872201
-0.827764
-0.847395
-0.876221
-0.882592
-0.865483
-0.875788
-0.904115
-0.915676
-0.922964
-0.934426
-0.888417
-0.912579
-0.933612
-0.928485
-0.91754
-0.933599
-0.948132
-0.94628
-0.964347
-1.00193
375.971
375.792
375.672
375.643
375.736
375.948
376.262
376.648
377.032
377.349
326.862
326.596
326.463
326.38
326.441
326.649
326.99
327.433
327.881
328.256
277.608
277.193
277.032
276.868
276.869
277.064
277.447
278.014
278.605
279.113
228.275
227.597
227.255
226.949
226.898
227.073
227.58
228.349
229.209
229.934
178.893
177.993
177.37
176.606
176.289
176.321
176.827
178.089
179.401
180.512
128.46
127.968
127.345
125.869
124.886
124.625
125.984
127.595
129.3
130.831
75.4758
76.1649
75.4939
72.6314
70.7461
71.4936
72.6729
74.9986
77.9384
80.25
17.1604
21.1423
22.0345
18.4124
15.1717
15.0183
15.9231
19.9738
25.6547
29.5995
0.299427
0.659321
0.839304
0.24776
-0.220897
-0.333638
-0.273478
0.105294
1.09963
2.27879
-0.306176
-0.345363
-0.35172
-0.381239
-0.412222
-0.421435
-0.431915
-0.420954
-0.432112
-0.428715
-0.420676
-0.441737
-0.442819
-0.446669
-0.459242
-0.467573
-0.464899
-0.457956
-0.471068
-0.478923
-0.509661
-0.52348
-0.519026
-0.515114
-0.52785
-0.525885
-0.507748
-0.488794
-0.497491
-0.517733
-0.568966
-0.582376
-0.571834
-0.573647
-0.595303
-0.58862
-0.562602
-0.540322
-0.552008
-0.573114
-0.607898
-0.61235
-0.59612
-0.616042
-0.647077
-0.640827
-0.615873
-0.601456
-0.61537
-0.628403
-0.640385
-0.629358
-0.628284
-0.66797
-0.696377
-0.687614
-0.669577
-0.666542
-0.682867
-0.684342
-0.676203
-0.669019
-0.687448
-0.728043
-0.745746
-0.733581
-0.726871
-0.73592
-0.748944
-0.741653
-0.722084
-0.72692
-0.754021
-0.784378
-0.787341
-0.77399
-0.780938
-0.798354
-0.813265
-0.801974
-0.778921
-0.793118
-0.819338
-0.833141
-0.819574
-0.811004
-0.830927
-0.852314
-0.871213
-0.868837
-0.844769
-0.86442
-0.882969
-0.881011
-0.860474
-0.858743
-0.882411
-0.898721
-0.916329
-0.928322
-0.912018
-0.9365
-0.945187
-0.931951
-0.916159
-0.921477
-0.940898
-0.944561
-0.954838
-0.981081
375.776
375.7
375.706
375.832
376.09
376.464
376.922
377.416
377.855
378.177
326.592
326.467
326.461
326.574
326.841
327.246
327.761
328.331
328.843
329.219
277.231
277.014
276.993
277.091
277.37
277.828
278.462
279.197
279.868
280.368
227.542
227.229
227.211
227.321
227.622
228.15
228.966
229.987
230.947
231.692
177.245
176.994
177.037
177.103
177.388
177.958
179.122
180.646
182.052
183.167
124.753
125.291
126.054
126.26
126.494
127.45
129.134
131.378
133.42
134.939
69.9524
71.9273
73.6522
73.7396
74.3948
74.8461
76.9281
80.591
84.0984
86.422
12.0604
16.9535
20.7811
20.4561
19.4902
18.9072
21.4639
27.8679
34.2054
38.4645
-0.112982
0.0497722
0.581615
0.517063
0.0816581
-0.0425175
0.372769
2.09872
4.93842
7.35007
-0.330575
-0.365733
-0.373031
-0.412002
-0.458887
-0.467583
-0.450506
-0.420873
-0.431651
-0.435365
-0.418581
-0.433974
-0.445624
-0.464504
-0.491146
-0.498989
-0.495189
-0.486915
-0.493953
-0.50242
-0.497522
-0.509531
-0.510342
-0.526456
-0.550774
-0.545272
-0.533696
-0.52451
-0.537705
-0.557027
-0.558157
-0.568283
-0.56463
-0.588331
-0.619498
-0.603023
-0.583089
-0.571439
-0.585904
-0.602264
-0.604579
-0.607907
-0.602421
-0.638955
-0.668508
-0.654595
-0.636524
-0.622546
-0.632201
-0.642685
-0.6459
-0.640291
-0.648512
-0.688562
-0.709022
-0.700397
-0.683892
-0.671209
-0.679027
-0.682163
-0.68789
-0.688026
-0.70538
-0.739198
-0.750222
-0.737946
-0.72357
-0.716751
-0.730563
-0.72705
-0.740886
-0.747205
-0.765893
-0.786683
-0.784481
-0.766707
-0.759152
-0.762469
-0.788631
-0.782743
-0.804958
-0.81657
-0.8292
-0.832343
-0.815141
-0.797162
-0.800356
-0.815007
-0.844509
-0.852117
-0.879007
-0.897166
-0.900622
-0.887996
-0.861842
-0.850904
-0.864255
-0.882238
-0.900022
-0.913922
-0.950319
-0.979046
-0.974657
-0.952178
-0.932112
-0.930779
-0.948047
-0.957427
-0.957386
-0.963447
375.653
375.673
375.812
376.094
376.514
377.047
377.642
378.238
378.733
379.064
326.395
326.393
326.544
326.85
327.318
327.911
328.589
329.281
329.857
330.251
276.906
276.877
277.057
277.409
277.959
278.669
279.521
280.413
281.175
281.689
226.98
226.945
227.257
227.739
228.391
229.265
230.407
231.653
232.751
233.514
176.078
176.304
176.948
177.621
178.511
179.656
181.252
183.052
184.634
185.774
122.815
123.93
125.566
126.834
128.18
129.646
131.882
134.663
137.097
138.805
69.5122
70.4479
73.0416
75.0308
76.0552
77.7185
81.1324
85.549
89.4628
92.2011
11.9175
16.2872
21.2575
22.9201
23.9436
25.6008
29.9185
36.2922
42.6809
47.5779
-0.242177
-0.194617
0.449807
1.03998
1.02178
1.29535
2.89165
6.60286
11.1934
14.7678
-0.349617
-0.384236
-0.415799
-0.426617
-0.449048
-0.463726
-0.450608
-0.421438
-0.425661
-0.422139
-0.426496
-0.43432
-0.458642
-0.486623
-0.505307
-0.515961
-0.529137
-0.514517
-0.499869
-0.511
-0.497942
-0.505893
-0.514665
-0.540857
-0.560823
-0.557316
-0.565546
-0.56975
-0.566222
-0.587764
-0.560716
-0.569161
-0.56741
-0.602742
-0.624702
-0.607213
-0.611538
-0.613795
-0.60757
-0.62737
-0.61184
-0.613463
-0.614916
-0.653335
-0.668903
-0.65946
-0.661302
-0.648828
-0.636022
-0.648909
-0.65862
-0.657063
-0.665665
-0.697066
-0.70959
-0.705648
-0.697039
-0.67254
-0.663537
-0.673192
-0.708621
-0.711857
-0.721346
-0.742634
-0.750488
-0.739085
-0.71828
-0.691252
-0.696648
-0.706963
-0.767454
-0.772554
-0.779287
-0.787561
-0.781913
-0.760049
-0.735228
-0.716688
-0.73581
-0.762027
-0.836426
-0.845139
-0.84351
-0.838457
-0.820027
-0.793136
-0.7758
-0.778001
-0.803605
-0.836327
-0.907584
-0.928255
-0.915347
-0.899665
-0.879914
-0.86206
-0.859609
-0.873015
-0.889157
-0.897311
-0.968448
-1.00375
-0.983956
-0.960287
-0.945601
-0.944337
-0.954414
-0.95621
-0.948343
-0.93814
375.622
375.715
375.971
376.391
376.953
377.62
378.336
379.022
379.564
379.909
326.317
326.404
326.696
327.171
327.803
328.555
329.377
330.175
330.818
331.248
276.726
276.817
277.186
277.77
278.538
279.458
280.506
281.541
282.399
282.947
226.73
226.792
227.36
228.144
229.099
230.281
231.734
233.184
234.416
235.211
175.53
175.937
177.027
178.194
179.379
180.917
183.04
185.184
186.98
188.169
122.684
123.639
125.768
127.573
129.054
131.023
134.103
137.488
140.333
142.265
67.3811
70.2995
73.223
75.3658
77.2344
80.2446
84.8743
89.9158
94.337
97.4319
12.2565
17.0867
22.4813
24.818
26.7412
30.6041
36.6337
43.6787
50.7422
55.2224
-0.238024
-0.188561
0.578304
1.55032
2.01736
3.28092
6.51915
11.5236
17.5251
21.2521
-0.359416
-0.387357
-0.411587
-0.406172
-0.427113
-0.454104
-0.451741
-0.418757
-0.329009
0.430737
-0.425259
-0.428985
-0.461236
-0.486818
-0.507497
-0.525089
-0.532683
-0.530682
-0.518026
-0.529267
-0.500872
-0.5068
-0.522469
-0.54651
-0.564172
-0.562632
-0.576583
-0.594508
-0.596007
-0.604456
-0.567319
-0.574367
-0.578928
-0.607064
-0.616511
-0.605243
-0.617469
-0.625988
-0.621127
-0.63943
-0.62356
-0.625731
-0.629208
-0.653929
-0.658337
-0.652172
-0.658338
-0.64232
-0.626138
-0.650796
-0.675838
-0.676246
-0.681075
-0.697141
-0.701866
-0.694908
-0.684496
-0.6497
-0.629435
-0.66175
-0.73104
-0.733135
-0.73437
-0.741551
-0.742915
-0.727221
-0.699363
-0.654584
-0.641353
-0.689371
-0.790761
-0.794544
-0.790485
-0.788001
-0.778911
-0.752574
-0.712087
-0.679841
-0.685328
-0.746003
-0.854849
-0.865273
-0.853106
-0.842909
-0.826161
-0.799343
-0.765693
-0.75218
-0.778009
-0.824169
-0.916015
-0.938066
-0.919443
-0.903653
-0.885572
-0.868438
-0.854824
-0.854716
-0.868818
-0.863214
-0.972649
-0.996446
-0.981228
-0.963318
-0.949429
-0.946361
-0.944741
-0.929028
-0.91007
-0.889987
375.677
375.82
376.162
376.686
377.356
378.127
378.935
379.694
380.285
380.638
326.362
326.502
326.888
327.486
328.246
329.119
330.055
330.936
331.629
332.079
276.75
276.873
277.36
278.108
279.045
280.137
281.347
282.492
283.408
284.018
226.7
226.799
227.507
228.494
229.654
231.115
232.846
234.47
235.819
236.651
175.538
175.829
177.198
178.53
179.826
181.87
184.549
186.982
188.957
190.184
122.936
123.791
126.099
127.851
129.469
132.421
136.383
140.117
143.129
145.064
67.3278
70.0578
73.5046
75.7638
78.5289
83.1234
88.729
94.075
98.5151
101.349
14.5867
19.8306
24.1037
26.03
28.9976
34.714
42.1221
49.8319
56.3526
59.9686
-0.160841
0.166786
1.24946
1.98434
2.84021
5.3091
10.0294
15.7125
21.6564
24.4442
-0.35196
-0.38317
-0.387764
-0.39891
-0.427745
-0.462699
-0.465615
-0.391824
0.787571
2.36066
-0.43395
-0.443737
-0.461143
-0.487738
-0.514865
-0.528052
-0.535903
-0.544743
-0.549422
-0.514296
-0.509612
-0.515575
-0.527975
-0.54968
-0.565412
-0.563338
-0.574521
-0.601481
-0.615242
-0.588274
-0.57591
-0.583937
-0.587633
-0.604623
-0.609378
-0.599463
-0.599732
-0.611588
-0.623699
-0.625392
-0.635668
-0.638363
-0.639871
-0.65191
-0.652487
-0.639214
-0.629678
-0.613515
-0.602785
-0.626556
-0.691936
-0.691508
-0.691457
-0.697305
-0.695776
-0.681106
-0.658506
-0.619788
-0.584066
-0.625334
-0.746923
-0.746574
-0.742547
-0.741574
-0.736772
-0.719066
-0.675036
-0.615984
-0.592001
-0.663303
-0.801302
-0.804028
-0.796983
-0.790537
-0.779889
-0.757569
-0.707063
-0.65818
-0.677393
-0.75028
-0.857839
-0.866875
-0.856588
-0.849009
-0.836001
-0.816753
-0.785556
-0.771751
-0.795663
-0.814494
-0.915446
-0.927251
-0.917598
-0.910033
-0.898878
-0.893503
-0.884221
-0.879703
-0.86748
-0.85305
-0.974441
-0.982747
-0.976737
-0.970122
-0.965793
-0.979007
-0.985381
-0.953583
-0.927633
-0.922453
375.787
375.954
376.344
376.931
377.669
378.51
379.374
380.18
380.811
381.18
326.485
326.641
327.075
327.745
328.588
329.552
330.561
331.495
332.279
332.703
276.91
277.018
277.541
278.389
279.448
280.687
282
283.191
284.298
284.804
226.846
226.918
227.645
228.793
230.157
231.887
233.774
235.436
236.976
237.713
175.796
175.871
177.344
178.7
180.466
183.067
185.983
188.5
190.501
191.642
123.453
124.093
126.294
127.943
130.333
134.345
138.782
142.495
145.319
146.976
69.1872
71.2651
74.234
76.3317
80.3616
86.3173
92.4326
97.688
101.712
104.072
19.2318
22.4833
25.6772
27.1121
31.6687
39.064
47.3497
55.1147
60.4974
63.5028
0.200509
0.76195
1.84371
2.28863
3.78395
7.60455
13.408
20.5363
25.0759
27.9105
-0.377801
-0.381882
-0.383422
-0.401037
-0.440785
-0.482128
-0.451281
0.0388163
2.7995
5.00542
-0.448753
-0.450391
-0.46192
-0.496829
-0.526799
-0.533751
-0.545539
-0.560178
-0.540339
-0.472723
-0.518858
-0.522984
-0.532547
-0.555284
-0.569615
-0.56846
-0.580754
-0.609787
-0.597549
-0.543036
-0.585016
-0.59072
-0.59351
-0.605237
-0.608652
-0.59544
-0.589254
-0.603235
-0.599504
-0.578901
-0.646112
-0.647494
-0.647729
-0.648658
-0.646859
-0.628802
-0.612439
-0.597934
-0.581437
-0.594648
-0.704098
-0.701354
-0.699261
-0.698334
-0.68877
-0.671777
-0.647267
-0.613
-0.594512
-0.631955
-0.757617
-0.754596
-0.749845
-0.744812
-0.733027
-0.716627
-0.686299
-0.650961
-0.651453
-0.695247
-0.80884
-0.808764
-0.803397
-0.79604
-0.785419
-0.7707
-0.746035
-0.737641
-0.755039
-0.776631
-0.861994
-0.86525
-0.861069
-0.857942
-0.847394
-0.843365
-0.843895
-0.857564
-0.854546
-0.849451
-0.918221
-0.923014
-0.920351
-0.918422
-0.91339
-0.929465
-0.956175
-0.951356
-0.920486
-0.898918
-0.976415
-0.980109
-0.978942
-0.979023
-0.980289
-1.01445
-1.0513
-1.02097
-0.971927
-0.963856
375.9
376.072
376.481
377.098
377.871
378.748
379.635
380.446
381.09
381.447
326.634
326.786
327.231
327.934
328.819
329.837
330.886
331.834
332.59
333.19
277.147
277.231
277.741
278.623
279.756
281.071
282.432
283.668
284.654
285.249
227.171
227.196
227.902
229.091
230.655
232.512
234.429
236.141
237.498
238.279
176.314
176.2
177.504
179.11
181.367
184.219
187.031
189.492
191.357
192.665
124.204
124.438
126.393
128.476
131.776
136.198
140.508
144.069
146.64
148.459
71.0496
72.2758
74.6133
77.2282
82.4197
88.7004
94.7827
99.8966
103.603
105.849
22.4325
24.106
26.2525
27.9977
34.1868
42.2739
50.7372
58.0635
62.927
66.0322
0.857382
1.12396
2.01846
2.46359
4.9855
9.745
15.6728
23.1252
27.7245
31.1653
-0.381726
-0.37382
-0.374077
-0.400677
-0.452272
-0.507024
-0.451463
1.30458
5.34984
8.95314
-0.455409
-0.450783
-0.460781
-0.507033
-0.541036
-0.548045
-0.556696
-0.56159
-0.507997
-0.459616
-0.525556
-0.528977
-0.534598
-0.568426
-0.579624
-0.580477
-0.593935
-0.611339
-0.561133
-0.519395
-0.591747
-0.596905
-0.600909
-0.613892
-0.609632
-0.592722
-0.588839
-0.600346
-0.577866
-0.559515
-0.654063
-0.656426
-0.656293
-0.653856
-0.641596
-0.623624
-0.611045
-0.60662
-0.592427
-0.595075
-0.712558
-0.712366
-0.710748
-0.700716
-0.684492
-0.666176
-0.654727
-0.643843
-0.640692
-0.65074
-0.766268
-0.765433
-0.764878
-0.752669
-0.734269
-0.716283
-0.708037
-0.709036
-0.721845
-0.725657
-0.81691
-0.817076
-0.817441
-0.810665
-0.792008
-0.781973
-0.779361
-0.802312
-0.811137
-0.796838
-0.867923
-0.870364
-0.87153
-0.86903
-0.857224
-0.864351
-0.887689
-0.910629
-0.886555
-0.858963
-0.920644
-0.925422
-0.927286
-0.926745
-0.922525
-0.945335
-0.996117
-0.993859
-0.943638
-0.914044
-0.974078
-0.979939
-0.983069
-0.985286
-0.984951
-1.01769
-1.05763
-1.04151
-0.990139
-0.978553
375.959
376.125
376.525
377.137
377.911
378.787
379.666
380.471
381.096
381.469
326.735
326.878
327.301
327.999
328.886
329.903
330.941
331.874
332.625
333.149
277.347
277.424
277.873
278.741
279.875
281.18
282.532
283.746
284.712
285.177
227.505
227.507
228.102
229.289
230.874
232.712
234.616
236.295
237.633
238.372
176.839
176.645
177.713
179.441
181.814
184.53
187.315
189.677
191.549
192.802
124.981
124.875
126.576
129.111
132.777
136.834
140.896
144.294
146.824
148.498
72.579
72.7343
74.6438
77.8647
83.3877
89.4498
95.3142
100.373
103.955
106.145
24.5162
24.2989
25.4346
27.9494
35.0859
43.3108
51.7834
58.946
63.4566
66.3609
1.26913
1.19221
1.7392
2.38767
5.49021
10.5463
16.9558
24.149
28.6964
31.938
-0.37498
-0.353829
-0.359367
-0.397828
-0.453375
-0.500179
-0.409441
2.30271
7.13899
11.3829
-0.455848
-0.447131
-0.469895
-0.520955
-0.552003
-0.560814
-0.563186
-0.557339
-0.492993
-0.472941
-0.531863
-0.532888
-0.557438
-0.580044
-0.58833
-0.589414
-0.605612
-0.600934
-0.543337
-0.525651
-0.599838
-0.607231
-0.614979
-0.628565
-0.610708
-0.594819
-0.59562
-0.598041
-0.576163
-0.574578
-0.662763
-0.669891
-0.666702
-0.667467
-0.641214
-0.625376
-0.615499
-0.616657
-0.611412
-0.620927
-0.720915
-0.728128
-0.723631
-0.712494
-0.688384
-0.670122
-0.660729
-0.665906
-0.669761
-0.673496
-0.773549
-0.779746
-0.783151
-0.767421
-0.74306
-0.718809
-0.717395
-0.737348
-0.750781
-0.738901
-0.822091
-0.826314
-0.834524
-0.823962
-0.803735
-0.785114
-0.796418
-0.838693
-0.842891
-0.815711
-0.86946
-0.873522
-0.884734
-0.877569
-0.865752
-0.862998
-0.896411
-0.933737
-0.919176
-0.876697
-0.917893
-0.924091
-0.934118
-0.934847
-0.923239
-0.933524
-0.973083
-0.987588
-0.959502
-0.919843
-0.967446
-0.975653
-0.985198
-0.988372
-0.97749
-0.98946
-1.01816
-1.0185
-0.991494
-0.97789
375.922
376.072
376.441
377.023
377.768
378.614
379.46
380.229
380.826
381.139
326.723
326.853
327.242
327.904
328.761
329.738
330.725
331.594
332.341
332.68
277.407
277.465
277.864
278.693
279.781
281.032
282.311
283.41
284.403
284.799
227.736
227.739
228.155
229.338
230.816
232.569
234.371
235.936
237.212
237.794
177.221
177.027
177.848
179.534
181.79
184.377
186.954
189.144
190.897
191.868
125.701
125.335
126.705
129.233
132.715
136.507
140.168
143.357
145.69
147.21
73.7336
73.0015
74.497
77.8633
83.1699
88.7971
94.1973
99.002
102.354
104.489
25.1693
23.7495
24.0947
26.8374
33.999
41.963
50.0768
57.3055
61.6999
64.4143
1.30597
0.937117
1.27837
1.98407
4.82873
9.35562
15.5671
23.2512
27.4264
30.0359
-0.363052
-0.354739
-0.376755
-0.40937
-0.454605
-0.509225
-0.423845
1.81285
6.47049
10.1364
-0.454924
-0.463339
-0.491767
-0.533176
-0.562988
-0.57344
-0.571652
-0.554764
-0.50064
-0.500124
-0.537775
-0.555236
-0.581682
-0.596461
-0.599447
-0.600196
-0.615847
-0.603749
-0.54899
-0.546612
-0.612631
-0.623504
-0.634452
-0.644623
-0.632648
-0.609052
-0.609773
-0.607264
-0.590958
-0.599626
-0.676184
-0.685609
-0.678556
-0.678378
-0.65781
-0.629608
-0.624647
-0.628644
-0.636099
-0.650919
-0.73287
-0.744252
-0.732384
-0.71644
-0.697133
-0.681178
-0.674807
-0.683827
-0.70389
-0.703859
-0.781383
-0.792133
-0.790696
-0.779759
-0.753567
-0.734539
-0.73262
-0.763152
-0.794739
-0.776599
-0.824232
-0.830745
-0.839994
-0.840801
-0.817826
-0.796373
-0.803911
-0.848666
-0.882441
-0.85271
-0.866267
-0.870751
-0.886561
-0.890666
-0.874908
-0.864557
-0.881852
-0.915837
-0.930046
-0.900791
-0.910142
-0.915973
-0.934144
-0.939811
-0.925855
-0.921543
-0.934747
-0.950637
-0.947171
-0.924396
-0.956787
-0.96459
-0.98107
-0.988814
-0.97657
-0.973758
-0.980105
-0.983368
-0.975914
-0.969363
375.787
375.914
376.234
376.758
377.445
378.231
379.024
379.732
380.251
380.525
326.6
326.713
327.049
327.64
328.429
329.335
330.254
331.063
331.656
331.993
277.291
277.362
277.724
278.443
279.435
280.588
281.769
282.806
283.602
283.969
227.791
227.793
228.138
229.089
230.437
232.027
233.668
235.116
236.234
236.705
177.401
177.324
177.936
179.345
181.355
183.663
185.977
188.029
189.542
190.383
126.236
125.856
126.813
129.034
132.176
135.524
138.82
141.751
143.769
145.14
74.4968
73.3716
74.5083
77.7363
82.4327
87.4084
92.2204
96.4898
99.4317
101.504
24.6102
22.9733
22.8634
25.6088
32.2802
39.6156
47.0409
53.9572
58.1259
60.832
0.92892
0.587016
0.820154
1.44755
3.74031
7.37056
13.0689
20.9556
24.6416
26.876
-0.368528
-0.381216
-0.406005
-0.429685
-0.461517
-0.511997
-0.458524
0.336797
3.58846
6.11214
-0.467539
-0.49106
-0.504548
-0.527313
-0.561356
-0.586508
-0.59286
-0.555914
-0.518934
-0.519816
-0.551713
-0.578564
-0.58505
-0.604651
-0.610356
-0.618995
-0.638758
-0.624755
-0.566107
-0.561162
-0.628144
-0.638655
-0.637489
-0.658567
-0.658356
-0.637621
-0.639045
-0.634225
-0.611468
-0.613428
-0.692552
-0.693116
-0.684888
-0.692533
-0.691573
-0.65804
-0.649251
-0.656022
-0.665012
-0.6702
-0.743555
-0.747803
-0.743048
-0.727203
-0.710757
-0.703914
-0.701809
-0.713938
-0.737051
-0.734074
-0.782921
-0.789698
-0.797746
-0.792108
-0.765089
-0.755468
-0.75966
-0.781537
-0.818607
-0.813332
-0.820632
-0.821086
-0.838247
-0.849555
-0.834047
-0.818126
-0.818938
-0.843589
-0.880021
-0.87877
-0.856563
-0.857348
-0.873619
-0.894445
-0.889048
-0.878787
-0.879606
-0.895336
-0.912921
-0.910102
-0.89608
-0.896254
-0.914809
-0.938271
-0.936867
-0.931024
-0.93163
-0.936351
-0.93682
-0.930868
-0.940849
-0.943593
-0.965354
-0.98677
-0.987532
-0.982823
-0.980554
-0.97933
-0.972238
-0.970303
375.576
375.667
375.919
376.357
376.952
377.646
378.352
378.983
379.434
379.678
326.401
326.475
326.729
327.22
327.9
328.694
329.504
330.224
330.748
331.042
277.117
277.167
277.445
278.009
278.843
279.84
280.867
281.781
282.46
282.785
227.646
227.655
227.932
228.653
229.755
231.095
232.488
233.752
234.665
235.111
177.395
177.394
177.865
178.904
180.514
182.427
184.378
186.182
187.392
188.068
126.114
125.957
126.765
128.474
131.082
133.827
136.586
139.175
140.883
141.916
74.5366
73.72
74.7289
77.566
81.0545
85.0736
89.1041
92.7527
95.2172
96.9837
21.7005
20.7843
21.7232
24.6925
30.477
36.5978
42.7006
48.3149
52.4914
55.1469
0.290828
0.303045
0.576329
0.95282
2.67593
5.47204
9.4814
14.574
20.0426
22.8447
-0.384629
-0.392596
-0.430459
-0.450744
-0.465124
-0.505978
-0.479481
-0.335028
0.0844577
1.43766
-0.484851
-0.500105
-0.518299
-0.53437
-0.559341
-0.586592
-0.602974
-0.564146
-0.499989
-0.507687
-0.573303
-0.589518
-0.593911
-0.611103
-0.622509
-0.637778
-0.665421
-0.651034
-0.579128
-0.565293
-0.654203
-0.661383
-0.654242
-0.668864
-0.679597
-0.673189
-0.681042
-0.679276
-0.635717
-0.619331
-0.72586
-0.730099
-0.71551
-0.714625
-0.724451
-0.707862
-0.693237
-0.700071
-0.693829
-0.681827
-0.772308
-0.786463
-0.78077
-0.771843
-0.751982
-0.738409
-0.733611
-0.746748
-0.758452
-0.748217
-0.795893
-0.810627
-0.82627
-0.836537
-0.814052
-0.794156
-0.793166
-0.805918
-0.821499
-0.819943
-0.816885
-0.81793
-0.845178
-0.875981
-0.882658
-0.863428
-0.855746
-0.862159
-0.873761
-0.87658
-0.843048
-0.834849
-0.861693
-0.901135
-0.920137
-0.914862
-0.909659
-0.910011
-0.916115
-0.920157
-0.880166
-0.870149
-0.892957
-0.932368
-0.955633
-0.958425
-0.953132
-0.951183
-0.951523
-0.953195
-0.924185
-0.917323
-0.940265
-0.977753
-1.00022
-1.00038
-0.99159
-0.987212
-0.982153
-0.984051
375.312
375.351
375.519
375.853
376.336
376.915
377.515
378.061
378.465
378.694
326.153
326.17
326.333
326.688
327.223
327.878
328.556
329.171
329.621
329.876
276.883
276.876
277.034
277.422
278.055
278.857
279.697
280.458
281.013
281.306
227.406
227.372
227.532
227.995
228.804
229.84
230.941
231.952
232.651
233.047
177.155
177.201
177.515
178.183
179.3
180.726
182.247
183.662
184.561
185.131
125.707
125.858
126.569
127.737
129.472
131.493
133.533
135.541
136.893
137.887
72.8485
73.1466
74.4841
76.2552
78.9697
81.7174
84.689
87.5688
89.6439
91.3433
17.5515
18.5917
21.3786
24.5503
29.0752
33.146
37.0933
40.945
44.3661
47.1973
0.184606
0.395911
0.744335
1.04517
2.00189
3.71098
5.79051
8.44986
12.2306
15.5287
-0.395333
-0.397103
-0.443829
-0.479751
-0.469449
-0.488414
-0.480887
-0.397414
-0.321067
-0.389061
-0.5089
-0.530267
-0.552462
-0.560865
-0.563538
-0.584678
-0.598242
-0.5623
-0.496024
-0.482092
-0.602528
-0.614036
-0.614836
-0.621365
-0.637127
-0.657942
-0.692212
-0.670967
-0.584073
-0.552918
-0.685352
-0.687863
-0.676863
-0.674323
-0.68788
-0.706789
-0.738021
-0.737648
-0.665997
-0.620409
-0.755443
-0.75653
-0.744344
-0.731393
-0.730341
-0.743383
-0.752182
-0.758509
-0.731817
-0.692711
-0.797038
-0.808785
-0.812537
-0.812436
-0.787905
-0.779515
-0.775508
-0.784411
-0.785108
-0.75974
-0.806518
-0.828397
-0.8589
-0.894999
-0.890398
-0.854892
-0.839716
-0.839709
-0.838497
-0.824476
-0.810336
-0.825969
-0.870757
-0.933781
-0.969556
-0.948017
-0.916684
-0.901837
-0.895107
-0.885492
-0.831813
-0.831162
-0.868309
-0.933363
-0.984979
-0.990822
-0.971406
-0.95328
-0.942585
-0.941726
-0.869438
-0.857783
-0.881573
-0.937735
-0.988368
-1.00731
-0.995397
-0.982648
-0.977654
-0.982733
-0.913999
-0.900725
-0.919046
-0.966748
-1.00843
-1.01962
-1.00831
-1.00149
-1.00294
-1.00705
375.014
374.986
375.061
375.284
375.651
376.115
376.609
377.074
377.435
377.66
325.871
325.801
325.858
326.074
326.463
326.973
327.522
328.039
328.431
328.67
276.58
276.461
276.493
276.7
277.138
277.743
278.403
279.018
279.473
279.742
227.077
226.896
226.881
227.107
227.637
228.386
229.216
229.989
230.537
230.911
176.853
176.729
176.78
177.075
177.776
178.733
179.83
180.883
181.62
182.264
125.688
125.742
126.097
126.525
127.476
128.712
130.087
131.508
132.67
133.591
72.3302
73.0885
74.1928
74.6714
75.8829
77.6663
79.629
81.7336
83.6104
85.131
15.8762
18.5589
22.2076
24.445
27.1338
29.622
31.5049
33.5465
35.9826
38.1786
0.578786
0.712229
1.03262
1.38376
1.88393
2.33415
2.92417
4.01837
5.98616
8.37003
-0.380529
-0.409718
-0.4706
-0.482725
-0.453308
-0.461743
-0.451699
-0.394362
-0.356923
-0.407897
-0.542607
-0.566189
-0.581448
-0.57584
-0.555796
-0.56878
-0.573629
-0.530589
-0.479583
-0.47162
-0.626717
-0.637129
-0.638081
-0.644861
-0.64605
-0.667
-0.698079
-0.664922
-0.576907
-0.539167
-0.703067
-0.703833
-0.697153
-0.694165
-0.708279
-0.745595
-0.789331
-0.779341
-0.688759
-0.621455
-0.763708
-0.765218
-0.753399
-0.7414
-0.73998
-0.775077
-0.812962
-0.81687
-0.770467
-0.70691
-0.796524
-0.813043
-0.810359
-0.808217
-0.789932
-0.799084
-0.816414
-0.826183
-0.814241
-0.773874
-0.7962
-0.831273
-0.85747
-0.889569
-0.88755
-0.869156
-0.860367
-0.860828
-0.855856
-0.834619
-0.789029
-0.825345
-0.877665
-0.942273
-0.97962
-0.974981
-0.949929
-0.933622
-0.919508
-0.902016
-0.808559
-0.828434
-0.882854
-0.958263
-1.02249
-1.0486
-1.03145
-1.00677
-0.982683
-0.967727
-0.859163
-0.857547
-0.891294
-0.957677
-1.02042
-1.05319
-1.05163
-1.03438
-1.01915
-1.01658
-0.910006
-0.897872
-0.916598
-0.966977
-1.01332
-1.03278
-1.03347
-1.03535
-1.04127
-1.04102
374.704
374.603
374.598
374.72
374.982
375.343
375.746
376.139
376.47
376.706
325.552
325.377
325.36
325.451
325.711
326.093
326.519
326.963
327.323
327.575
276.169
275.922
275.897
275.941
276.203
276.64
277.14
277.651
278.063
278.35
226.626
226.249
226.06
226.075
226.381
226.912
227.555
228.139
228.633
229.026
176.66
176.173
175.822
175.647
175.99
176.652
177.416
178.213
178.863
179.419
126.551
125.825
125.402
124.821
124.939
125.658
126.575
127.578
128.514
129.29
74.6511
74
73.5433
72.3992
72.2312
73.1616
74.5669
75.9763
77.4194
78.5986
20.9495
21.2391
23.0286
23.4897
23.947
25.1512
26.5575
27.3321
28.3549
29.5307
1.4425
1.25632
1.33914
1.62016
1.6792
1.55196
1.43396
1.73984
2.31179
3.0507
-0.384367
-0.42213
-0.444753
-0.397718
-0.401844
-0.425817
-0.407946
-0.366689
-0.339109
-0.355903
-0.556164
-0.575194
-0.565926
-0.536484
-0.519866
-0.535243
-0.525198
-0.482329
-0.449096
-0.448671
-0.624648
-0.636949
-0.633131
-0.618579
-0.618002
-0.64726
-0.65817
-0.616027
-0.548614
-0.517176
-0.6939
-0.697877
-0.690146
-0.686197
-0.707194
-0.751937
-0.782752
-0.761206
-0.677549
-0.611481
-0.749666
-0.759003
-0.745717
-0.748242
-0.773564
-0.816307
-0.842531
-0.834023
-0.778994
-0.708851
-0.774456
-0.808153
-0.796559
-0.805494
-0.815885
-0.84098
-0.85772
-0.858432
-0.832408
-0.783941
-0.766414
-0.825279
-0.83751
-0.858397
-0.862285
-0.869671
-0.873658
-0.875576
-0.866741
-0.840246
-0.758352
-0.819771
-0.861528
-0.901282
-0.925681
-0.933314
-0.931256
-0.927786
-0.920921
-0.903405
-0.784572
-0.825084
-0.875958
-0.930798
-0.977656
-0.996692
-1.00322
-0.999565
-0.990883
-0.978363
-0.844093
-0.857903
-0.895098
-0.949319
-1.00221
-1.03325
-1.04577
-1.04705
-1.0433
-1.0376
-0.906515
-0.901577
-0.922346
-0.964757
-1.0053
-1.02939
-1.0448
-1.0586
-1.06558
-1.05976
374.412
374.261
374.205
374.254
374.429
374.699
375.02
375.357
375.662
375.906
325.192
324.941
324.899
324.922
325.084
325.361
325.7
326.067
326.397
326.663
275.649
275.352
275.327
275.221
275.391
275.711
276.107
276.522
276.891
277.21
226.092
225.63
225.525
224.919
225.171
225.619
226.13
226.646
227.114
227.519
176.618
175.77
174.942
173.967
174.149
174.755
175.444
176.116
176.645
177.189
127.708
126.227
124.965
122.832
122.334
122.828
123.683
124.612
125.339
125.971
78.2669
75.7584
73.0687
69.7558
68.6961
69.2699
70.568
72.058
73.1225
73.6787
29.7712
25.9668
23.6257
21.7095
20.9712
21.8051
23.2614
24.5249
24.2634
23.714
2.63912
2.0172
1.73461
1.6256
1.44009
1.3997
1.4705
1.45602
1.29043
1.13605
-0.429768
-0.360627
-0.284599
-0.250044
-0.313273
-0.35941
-0.355831
-0.335518
-0.320581
-0.32561
-0.511066
-0.500063
-0.471974
-0.464983
-0.481591
-0.489883
-0.474978
-0.439348
-0.414348
-0.412492
-0.577427
-0.584338
-0.568016
-0.565178
-0.581233
-0.5942
-0.589748
-0.552662
-0.506318
-0.483295
-0.641888
-0.656909
-0.647868
-0.65076
-0.674142
-0.698848
-0.713464
-0.691617
-0.633896
-0.57967
-0.694121
-0.717492
-0.713632
-0.728724
-0.755358
-0.781652
-0.799344
-0.790167
-0.745065
-0.681887
-0.72295
-0.770999
-0.768894
-0.791553
-0.814984
-0.836512
-0.848367
-0.84437
-0.815942
-0.769029
-0.730961
-0.800951
-0.811477
-0.83954
-0.863252
-0.877359
-0.880725
-0.877978
-0.861092
-0.829849
-0.740879
-0.805658
-0.839195
-0.87436
-0.906555
-0.918906
-0.91941
-0.917195
-0.907859
-0.8891
-0.778595
-0.820104
-0.858886
-0.900454
-0.941434
-0.962528
-0.966286
-0.967346
-0.963865
-0.953213
-0.839896
-0.860032
-0.88542
-0.921784
-0.964797
-0.99149
-0.998807
-1.0058
-1.00941
-1.00415
-0.905426
-0.906501
-0.920327
-0.945982
-0.977215
-0.998413
-1.01006
-1.0195
-1.0294
-1.03121
374.202
374.021
373.93
373.945
374.064
374.264
374.522
374.812
375.092
375.336
324.914
324.586
324.47
324.51
324.649
324.858
325.133
325.445
325.744
326.015
275.237
274.585
274.501
274.545
274.775
275.047
275.375
275.722
276.006
276.399
225.672
224.411
223.784
223.806
224.2
224.62
225.097
225.612
226.166
226.4
176.584
175.448
173.46
172.333
172.641
173.184
173.889
174.457
174.689
175.133
128.656
127.317
123.661
120.676
120.043
120.44
121.404
122.299
122.918
123.824
80.7563
77.5013
71.8645
66.8945
65.3356
65.8796
67.6421
69.5824
71.0634
71.6091
35.3405
29.7242
22.8702
18.431
17.3013
18.3258
20.3265
22.1489
22.6515
22.6523
5.55712
3.20949
2.0723
1.52731
1.22079
1.16467
1.2575
1.27357
1.15233
1.08786
-0.319312
-0.17313
-0.100177
-0.156102
-0.223354
-0.277421
-0.301865
-0.305836
-0.307969
-0.3193
-0.338666
-0.367262
-0.403734
-0.453724
-0.468806
-0.454317
-0.433942
-0.408381
-0.389795
-0.386258
-0.474954
-0.518713
-0.533908
-0.551146
-0.554032
-0.547529
-0.53155
-0.498837
-0.464659
-0.44828
-0.573994
-0.608244
-0.611614
-0.621121
-0.633401
-0.644258
-0.64411
-0.61833
-0.573974
-0.533964
-0.636512
-0.668792
-0.674929
-0.695213
-0.717802
-0.737212
-0.745605
-0.730184
-0.688842
-0.635022
-0.683025
-0.721603
-0.731872
-0.758213
-0.784455
-0.806227
-0.817173
-0.8094
-0.779653
-0.732652
-0.715972
-0.761831
-0.779127
-0.805438
-0.834435
-0.855617
-0.867271
-0.863667
-0.841759
-0.808458
-0.746332
-0.787741
-0.814784
-0.841178
-0.875347
-0.898236
-0.907813
-0.905991
-0.890734
-0.868346
-0.790436
-0.819026
-0.843289
-0.870552
-0.907756
-0.93315
-0.943382
-0.943438
-0.935052
-0.923667
-0.850406
-0.864219
-0.878053
-0.900943
-0.932708
-0.958521
-0.969254
-0.972783
-0.973306
-0.972479
-0.910533
-0.913287
-0.919701
-0.934339
-0.955359
-0.97372
-0.982495
-0.987982
-0.997316
-1.00753
374.161
374
373.894
373.874
373.932
374.074
374.292
374.557
374.828
375.077
324.959
324.626
324.482
324.475
324.523
324.654
324.881
325.17
325.465
325.734
275.413
274.761
274.487
274.512
274.605
274.772
275.05
275.401
275.77
276.192
225.844
224.847
224.233
223.936
223.957
224.193
224.636
225.187
225.751
226.068
176.577
175.075
173.559
172.611
172.111
172.393
173.063
173.712
174.365
175.199
128.167
125.321
122.181
119.934
118.742
118.994
120.069
121.201
122.303
123.361
81.308
76.4693
69.6894
64.5141
62.2873
63.1063
65.4603
67.8476
70.2491
71.7738
40.6982
31.5224
22.0827
14.9757
12.6581
14.1041
17.11
19.885
21.3824
24.0003
12.3951
4.73458
2.40158
1.6687
1.17363
0.8084
0.8289
1.06122
1.5057
2.09662
0.44814
0.10626
0.057295
0.0109577
-0.0940253
-0.197152
-0.257824
-0.286258
-0.297665
-0.313209
-0.153817
-0.193557
-0.310529
-0.372665
-0.404521
-0.416371
-0.405058
-0.385984
-0.37714
-0.380992
-0.350213
-0.394635
-0.450669
-0.481027
-0.496607
-0.499343
-0.48739
-0.463797
-0.439317
-0.429765
-0.513369
-0.533039
-0.550712
-0.565912
-0.582495
-0.593468
-0.590806
-0.567993
-0.530323
-0.501515
-0.600721
-0.622559
-0.635785
-0.654275
-0.675702
-0.692982
-0.695764
-0.679359
-0.639024
-0.596454
-0.660608
-0.686475
-0.705347
-0.72598
-0.749682
-0.770347
-0.7788
-0.771055
-0.741094
-0.698098
-0.715407
-0.735947
-0.759048
-0.779364
-0.804145
-0.82614
-0.838726
-0.836088
-0.816685
-0.785421
-0.764449
-0.780694
-0.801747
-0.822845
-0.847153
-0.869357
-0.883087
-0.883418
-0.871051
-0.850739
-0.812291
-0.82447
-0.841365
-0.860307
-0.882409
-0.904297
-0.918962
-0.921707
-0.915692
-0.905239
-0.863164
-0.871863
-0.88283
-0.896922
-0.914844
-0.933377
-0.946455
-0.950647
-0.949835
-0.947944
-0.916356
-0.919949
-0.925924
-0.935686
-0.947306
-0.958394
-0.965474
-0.968871
-0.973923
-0.98062
-0.945433
-0.95041
-0.957238
-0.947808
-0.948349
-0.961348
-0.987622
-1.0055
-1.00933
-1.01869
-1.00394
-1.00521
-1.00894
-1.0041
-1.00482
-1.02207
-1.05537
-1.07486
-1.06999
-1.07199
-1.06227
-1.0626
-1.06467
-1.06277
-1.05773
-1.07306
-1.11797
-1.1416
-1.12781
-1.12013
-1.12084
-1.12265
-1.12455
-1.12407
-1.11597
-1.12311
-1.16696
-1.19383
-1.17432
-1.16206
-1.17746
-1.18128
-1.18438
-1.18533
-1.18126
-1.18405
-1.21346
-1.23385
-1.21742
-1.20601
-1.23388
-1.23585
-1.2403
-1.24376
-1.24844
-1.25524
-1.27145
-1.28054
-1.26548
-1.25662
-1.2905
-1.29075
-1.29415
-1.29945
-1.30782
-1.32065
-1.33552
-1.34014
-1.32311
-1.31225
-1.34608
-1.34616
-1.3477
-1.35457
-1.36528
-1.37913
-1.39246
-1.39601
-1.38194
-1.37095
-1.39962
-1.39958
-1.40009
-1.40622
-1.41592
-1.42734
-1.43698
-1.43747
-1.42998
-1.42837
-1.45153
-1.45152
-1.45032
-1.45268
-1.45711
-1.4646
-1.47092
-1.47666
-1.47567
-1.48991
-1.50272
-1.50362
-1.50416
-1.50572
-1.50825
-1.5132
-1.51984
-1.53017
-1.5336
-1.55566
-1.55369
-1.55531
-1.55801
-1.55713
-1.55979
-1.56574
-1.57492
-1.58514
-1.59536
-1.61106
-1.60397
-1.60521
-1.60712
-1.60683
-1.60884
-1.61387
-1.62605
-1.63188
-1.64149
-1.64883
-1.65337
-1.65402
-1.65582
-1.65604
-1.65703
-1.66094
-1.66887
-1.67363
-1.67775
-1.68893
-1.70237
-1.70276
-1.70468
-1.70529
-1.70607
-1.70763
-1.71188
-1.71699
-1.72092
-1.73332
-1.7513
-1.75174
-1.75332
-1.7541
-1.75478
-1.75566
-1.75656
-1.76
-1.7681
-1.77976
-1.8001
-1.80048
-1.80172
-1.80263
-1.80318
-1.80354
-1.80387
-1.80449
-1.80976
-1.81948
-1.84881
-1.8491
-1.85007
-1.85098
-1.85151
-1.85153
-1.85154
-1.85186
-1.8533
-1.85887
-1.89742
-1.89758
-1.89834
-1.89913
-1.89958
-1.89966
-1.89972
-1.9001
-1.901
-1.90409
-1.94586
-1.94591
-1.94639
-1.94692
-1.94731
-1.94757
-1.94789
-1.9485
-1.94955
-1.95147
-0.945819
-0.960777
-0.976076
-0.966472
-0.966104
-0.981355
-0.986849
-0.990394
-1.01671
-1.05677
-1.00369
-1.01449
-1.02326
-1.01567
-1.02109
-1.0368
-1.04585
-1.05391
-1.07247
-1.10333
-1.05985
-1.06766
-1.07243
-1.06898
-1.07249
-1.09385
-1.12335
-1.13339
-1.12918
-1.14716
-1.11566
-1.12254
-1.12712
-1.1262
-1.12754
-1.15168
-1.20199
-1.21225
-1.18393
-1.18887
-1.17291
-1.17741
-1.18388
-1.18417
-1.18462
-1.20671
-1.26314
-1.27627
-1.23608
-1.22972
-1.23225
-1.23403
-1.23981
-1.24326
-1.24275
-1.25881
-1.31059
-1.33473
-1.29117
-1.27691
-1.29161
-1.29125
-1.29501
-1.30174
-1.30786
-1.31702
-1.35105
-1.3808
-1.35386
-1.33445
-1.34786
-1.34705
-1.3497
-1.35901
-1.37478
-1.38987
-1.4064
-1.42676
-1.41311
-1.40425
-1.40084
-1.40171
-1.40416
-1.41212
-1.42589
-1.44496
-1.45805
-1.46936
-1.46384
-1.46702
-1.45226
-1.45362
-1.45377
-1.45663
-1.45989
-1.47066
-1.48331
-1.49864
-1.50667
-1.5253
-1.50293
-1.50513
-1.50434
-1.50518
-1.50842
-1.51524
-1.52657
-1.54606
-1.5657
-1.58066
-1.55388
-1.55785
-1.55785
-1.5579
-1.56182
-1.57803
-1.59289
-1.61258
-1.62899
-1.62273
-1.60449
-1.60806
-1.60893
-1.60843
-1.61131
-1.62543
-1.64319
-1.65672
-1.66316
-1.6506
-1.6538
-1.65626
-1.65746
-1.6582
-1.66066
-1.66388
-1.67503
-1.68264
-1.68719
-1.6917
-1.7026
-1.70446
-1.70623
-1.70689
-1.70982
-1.71037
-1.70967
-1.71525
-1.72395
-1.73983
-1.75137
-1.75266
-1.75444
-1.7554
-1.75749
-1.75887
-1.7569
-1.7556
-1.7665
-1.78446
-1.80008
-1.8007
-1.80262
-1.80383
-1.80475
-1.8056
-1.80554
-1.80451
-1.80719
-1.82148
-1.84871
-1.84894
-1.85043
-1.85161
-1.85213
-1.85214
-1.85223
-1.85286
-1.85358
-1.86025
-1.89729
-1.89736
-1.89813
-1.89899
-1.89953
-1.89955
-1.8996
-1.90035
-1.90154
-1.90487
-1.94579
-1.94577
-1.94606
-1.94659
-1.94712
-1.94736
-1.9476
-1.94826
-1.94943
-1.95133
-0.946683
-0.972109
-0.986607
-0.976587
-0.975692
-0.98799
-0.981777
-0.97463
-1.01241
-1.07157
-1.00226
-1.02515
-1.03598
-1.02721
-1.0326
-1.03868
-1.01964
-1.02001
-1.06888
-1.12666
-1.05604
-1.07408
-1.08332
-1.07912
-1.08519
-1.09086
-1.08231
-1.0895
-1.12821
-1.1746
-1.11036
-1.12319
-1.13221
-1.13234
-1.13768
-1.14912
-1.1676
-1.18228
-1.19231
-1.22375
-1.16652
-1.17513
-1.18335
-1.18613
-1.19107
-1.2112
-1.25862
-1.28247
-1.26646
-1.27611
-1.22758
-1.2302
-1.23667
-1.23998
-1.24722
-1.26745
-1.32526
-1.36848
-1.34966
-1.33789
-1.28961
-1.28874
-1.29339
-1.29574
-1.30679
-1.32818
-1.37444
-1.42767
-1.42997
-1.41183
-1.34982
-1.35137
-1.35408
-1.35721
-1.36825
-1.39084
-1.42408
-1.46952
-1.49084
-1.48913
-1.40443
-1.40844
-1.41036
-1.41209
-1.41973
-1.43485
-1.45683
-1.49481
-1.52637
-1.53932
-1.45548
-1.45958
-1.45539
-1.45138
-1.4511
-1.45868
-1.47023
-1.49947
-1.53583
-1.56259
-1.50443
-1.50773
-1.503
-1.49905
-1.5011
-1.50464
-1.5114
-1.53211
-1.5631
-1.58518
-1.55441
-1.55834
-1.55675
-1.55885
-1.56271
-1.57286
-1.5856
-1.60268
-1.61736
-1.61532
-1.60466
-1.6093
-1.60952
-1.61449
-1.61501
-1.61969
-1.63447
-1.65077
-1.65641
-1.64049
-1.6537
-1.65699
-1.65805
-1.66255
-1.66355
-1.65983
-1.66428
-1.67569
-1.68188
-1.67997
-1.70208
-1.70292
-1.70586
-1.70859
-1.71228
-1.70992
-1.70349
-1.70564
-1.71565
-1.73238
-1.75088
-1.75123
-1.75505
-1.75642
-1.76009
-1.76049
-1.75521
-1.74967
-1.75614
-1.77763
-1.79987
-1.80079
-1.80394
-1.8052
-1.80709
-1.80783
-1.8058
-1.80303
-1.80143
-1.8172
-1.84876
-1.85046
-1.85203
-1.85287
-1.85351
-1.85329
-1.85261
-1.85277
-1.85289
-1.8607
-1.89743
-1.89829
-1.89912
-1.89958
-1.89994
-1.89964
-1.89932
-1.90009
-1.90219
-1.90674
-1.94594
-1.94613
-1.94629
-1.94641
-1.94687
-1.94701
-1.9471
-1.94778
-1.94955
-1.95178
-0.972206
-1.00149
-1.00543
-0.986861
-0.97702
-0.990512
-1.00002
-0.983741
-0.992214
-1.03614
-1.02401
-1.05491
-1.063
-1.04453
-1.03894
-1.05389
-1.04973
-1.02148
-1.04127
-1.10598
-1.07175
-1.0981
-1.11118
-1.10054
-1.09821
-1.10775
-1.09508
-1.06944
-1.10447
-1.17231
-1.11929
-1.139
-1.15412
-1.15252
-1.15394
-1.15787
-1.15365
-1.14264
-1.17192
-1.23256
-1.1724
-1.18384
-1.19667
-1.20248
-1.20833
-1.21468
-1.22892
-1.24029
-1.25179
-1.29117
-1.23465
-1.23695
-1.24317
-1.24987
-1.26163
-1.27589
-1.30282
-1.34115
-1.35337
-1.36828
-1.29664
-1.29757
-1.29802
-1.30023
-1.31332
-1.33478
-1.3637
-1.41672
-1.44754
-1.45536
-1.3564
-1.35895
-1.35706
-1.35642
-1.364
-1.38376
-1.41274
-1.45611
-1.50246
-1.52243
-1.41047
-1.41717
-1.41059
-1.40304
-1.39979
-1.41493
-1.44236
-1.47891
-1.52429
-1.55175
-1.46082
-1.46895
-1.45522
-1.44259
-1.43272
-1.43792
-1.46089
-1.49566
-1.53614
-1.5651
-1.50896
-1.51482
-1.50561
-1.4962
-1.48884
-1.48686
-1.50328
-1.5279
-1.55807
-1.58123
-1.55766
-1.56134
-1.56091
-1.5628
-1.5594
-1.55718
-1.56798
-1.5845
-1.6018
-1.61056
-1.60547
-1.60933
-1.61358
-1.61914
-1.61439
-1.60933
-1.61893
-1.63738
-1.64849
-1.64664
-1.65307
-1.65596
-1.66165
-1.66399
-1.66366
-1.6558
-1.65744
-1.67083
-1.68212
-1.68416
-1.70035
-1.70247
-1.7073
-1.70919
-1.71175
-1.70634
-1.70195
-1.70304
-1.7128
-1.7273
-1.7491
-1.7508
-1.75506
-1.75834
-1.76134
-1.75948
-1.75395
-1.7479
-1.74988
-1.77012
-1.79949
-1.80034
-1.80543
-1.8083
-1.80998
-1.80899
-1.80508
-1.80074
-1.7958
-1.81258
-1.84786
-1.85045
-1.85309
-1.85495
-1.85532
-1.85417
-1.8522
-1.85127
-1.85034
-1.86267
-1.89649
-1.89772
-1.89918
-1.89968
-1.90016
-1.89969
-1.89885
-1.89913
-1.90181
-1.90975
-1.9453
-1.9455
-1.94564
-1.94535
-1.94612
-1.94645
-1.94638
-1.94691
-1.94947
-1.95351
-1.0076
-1.04392
-1.03976
-1.01177
-1.00114
-1.01358
-1.02839
-1.01927
-0.999971
-1.00164
-1.0537
-1.09161
-1.08896
-1.06366
-1.0597
-1.07925
-1.08361
-1.04864
-1.02789
-1.05724
-1.09961
-1.12888
-1.13238
-1.11355
-1.10986
-1.12292
-1.11084
-1.06963
-1.0734
-1.12831
-1.14203
-1.16554
-1.17584
-1.16521
-1.1575
-1.1598
-1.14283
-1.11149
-1.12719
-1.19108
-1.18929
-1.20427
-1.21793
-1.21791
-1.21203
-1.20751
-1.19521
-1.18027
-1.18812
-1.2473
-1.24866
-1.252
-1.26011
-1.26721
-1.27192
-1.27183
-1.27208
-1.27642
-1.28803
-1.32933
-1.31236
-1.31149
-1.31005
-1.31409
-1.3267
-1.34052
-1.35657
-1.37677
-1.39828
-1.4256
-1.36709
-1.37282
-1.36651
-1.3619
-1.36687
-1.39045
-1.41824
-1.44272
-1.4673
-1.48889
-1.41521
-1.42387
-1.41548
-1.40039
-1.38765
-1.40812
-1.44608
-1.47757
-1.50439
-1.52454
-1.45926
-1.46967
-1.46057
-1.44359
-1.42645
-1.43272
-1.465
-1.50075
-1.53136
-1.55374
-1.50669
-1.51774
-1.51509
-1.50632
-1.49599
-1.49194
-1.50947
-1.53432
-1.56003
-1.58089
-1.5593
-1.56519
-1.56952
-1.5745
-1.5666
-1.55684
-1.56397
-1.58464
-1.60455
-1.61783
-1.60808
-1.61023
-1.61516
-1.62278
-1.61656
-1.6072
-1.61216
-1.63435
-1.6511
-1.65911
-1.654
-1.65458
-1.6574
-1.6608
-1.65994
-1.65496
-1.6567
-1.66929
-1.68547
-1.69634
-1.70047
-1.70087
-1.70213
-1.70458
-1.70487
-1.70606
-1.70245
-1.7043
-1.71474
-1.73209
-1.74859
-1.75017
-1.75352
-1.75611
-1.7584
-1.75865
-1.75421
-1.74872
-1.74821
-1.76782
-1.79744
-1.80131
-1.8052
-1.80885
-1.81104
-1.80847
-1.80461
-1.80097
-1.79344
-1.81064
-1.84632
-1.85073
-1.85303
-1.85669
-1.8567
-1.85413
-1.85139
-1.84998
-1.84684
-1.86034
-1.89536
-1.89765
-1.90022
-1.90065
-1.90024
-1.89927
-1.89798
-1.89745
-1.89881
-1.90716
-1.94455
-1.94508
-1.94555
-1.94511
-1.94536
-1.94552
-1.94521
-1.94519
-1.94738
-1.94957
-1.022
-1.05294
-1.03707
-1.01289
-1.00589
-1.01486
-1.02044
-1.00324
-0.98186
-0.969585
-1.07184
-1.09168
-1.081
-1.06158
-1.06115
-1.07173
-1.05829
-1.02148
-1.00716
-1.02807
-1.1185
-1.13484
-1.12585
-1.11369
-1.11319
-1.11498
-1.08528
-1.04657
-1.05551
-1.11419
-1.15942
-1.17782
-1.17616
-1.17165
-1.16545
-1.15615
-1.11784
-1.08835
-1.11313
-1.18957
-1.20263
-1.21729
-1.22473
-1.22954
-1.22281
-1.20841
-1.17547
-1.15243
-1.17115
-1.24787
-1.25277
-1.26098
-1.2694
-1.27984
-1.28327
-1.27637
-1.25834
-1.24806
-1.2639
-1.31988
-1.30922
-1.31442
-1.31738
-1.32508
-1.34027
-1.35455
-1.35671
-1.35965
-1.37221
-1.39893
-1.36339
-1.36951
-1.36967
-1.36858
-1.37884
-1.40626
-1.42945
-1.43725
-1.43511
-1.44441
-1.40921
-1.41638
-1.41719
-1.40856
-1.40161
-1.42486
-1.45938
-1.48119
-1.48563
-1.49029
-1.45172
-1.46269
-1.46743
-1.46143
-1.44865
-1.4559
-1.48411
-1.51496
-1.53542
-1.54589
-1.50025
-1.51436
-1.52391
-1.52549
-1.5203
-1.51571
-1.52521
-1.5467
-1.57241
-1.58987
-1.55508
-1.56404
-1.57265
-1.58297
-1.58012
-1.56704
-1.5691
-1.58868
-1.61388
-1.63179
-1.60689
-1.60805
-1.61196
-1.61953
-1.6175
-1.6105
-1.6134
-1.63154
-1.65429
-1.67101
-1.65332
-1.65198
-1.65082
-1.65299
-1.6549
-1.6547
-1.65763
-1.66923
-1.68679
-1.70513
-1.69931
-1.69887
-1.69669
-1.69803
-1.70133
-1.70515
-1.70505
-1.70883
-1.71949
-1.74003
-1.74762
-1.75032
-1.7515
-1.75428
-1.75523
-1.75686
-1.75479
-1.75443
-1.75565
-1.77362
-1.79693
-1.80257
-1.80684
-1.80777
-1.8083
-1.80689
-1.8039
-1.80277
-1.79767
-1.81035
-1.84582
-1.851
-1.85375
-1.85471
-1.85539
-1.8531
-1.85065
-1.84928
-1.84557
-1.85236
-1.89478
-1.89756
-1.90004
-1.90035
-1.89941
-1.89819
-1.89675
-1.89554
-1.89561
-1.89577
-1.94404
-1.94475
-1.94544
-1.94513
-1.94481
-1.94444
-1.94368
-1.94276
-1.944
-1.93933
-1.02668
-1.03978
-1.03329
-1.01736
-1.0142
-1.02332
-1.01347
-0.974738
-0.955413
-0.959304
-1.07865
-1.0823
-1.0774
-1.06843
-1.07319
-1.08335
-1.05934
-1.00193
-1.00911
-1.05258
-1.12571
-1.12989
-1.12453
-1.12083
-1.12706
-1.12986
-1.09632
-1.04746
-1.07928
-1.15872
-1.1674
-1.17719
-1.17512
-1.17556
-1.17849
-1.17375
-1.1403
-1.11033
-1.15821
-1.25687
-1.20848
-1.21975
-1.22279
-1.22821
-1.22807
-1.2197
-1.198
-1.18798
-1.22609
-1.34471
-1.25432
-1.26251
-1.26637
-1.27352
-1.27544
-1.27414
-1.27423
-1.28914
-1.33445
-1.41823
-1.3032
-1.31098
-1.31508
-1.32215
-1.33089
-1.34142
-1.36238
-1.39166
-1.42664
-1.44606
-1.35
-1.36006
-1.36899
-1.37396
-1.38151
-1.39622
-1.41973
-1.44719
-1.45865
-1.44783
-1.39418
-1.40596
-1.42032
-1.42337
-1.42215
-1.43248
-1.45568
-1.47864
-1.48982
-1.48836
-1.44104
-1.45488
-1.47173
-1.47742
-1.47396
-1.48018
-1.4969
-1.51581
-1.53194
-1.54366
-1.49392
-1.50608
-1.52176
-1.53216
-1.53646
-1.54026
-1.54143
-1.55002
-1.56956
-1.58915
-1.55017
-1.55471
-1.56466
-1.57455
-1.58121
-1.57977
-1.57668
-1.58836
-1.6117
-1.63264
-1.60421
-1.60269
-1.60343
-1.60686
-1.61108
-1.61015
-1.61449
-1.62832
-1.64827
-1.66749
-1.65243
-1.64986
-1.64458
-1.64472
-1.6489
-1.65218
-1.65945
-1.6692
-1.68507
-1.70117
-1.69911
-1.69929
-1.6943
-1.69381
-1.69747
-1.70398
-1.70748
-1.71329
-1.72577
-1.74288
-1.74736
-1.75266
-1.75286
-1.75363
-1.75327
-1.75585
-1.75631
-1.75908
-1.76474
-1.78141
-1.79639
-1.80396
-1.80863
-1.80728
-1.80619
-1.80629
-1.80419
-1.80439
-1.80461
-1.81514
-1.84555
-1.85059
-1.85467
-1.85443
-1.85419
-1.85235
-1.85009
-1.84881
-1.84863
-1.84942
-1.89488
-1.8968
-1.89969
-1.9
-1.89885
-1.89747
-1.89574
-1.89398
-1.89428
-1.88724
-1.94417
-1.94446
-1.94522
-1.94528
-1.94466
-1.94379
-1.94246
-1.94063
-1.94
-1.93093
-1.03087
-1.03291
-1.02989
-1.02575
-1.03215
-1.05677
-1.06531
-1.01988
-1.00386
-1.01941
-1.08238
-1.07951
-1.07717
-1.07757
-1.0922
-1.11921
-1.12168
-1.07844
-1.08547
-1.12985
-1.12767
-1.12564
-1.12505
-1.12823
-1.14623
-1.16812
-1.16047
-1.13497
-1.17401
-1.24721
-1.17014
-1.17199
-1.17406
-1.17767
-1.19593
-1.21109
-1.20329
-1.1997
-1.2588
-1.35939
-1.21273
-1.21672
-1.22035
-1.22412
-1.23892
-1.2466
-1.24713
-1.26381
-1.33179
-1.4625
-1.25603
-1.26133
-1.26399
-1.26531
-1.27458
-1.28672
-1.3032
-1.342
-1.42404
-1.53544
-1.2989
-1.30938
-1.3178
-1.31922
-1.32759
-1.34986
-1.38377
-1.43222
-1.49001
-1.50727
-1.34233
-1.35858
-1.37826
-1.3832
-1.39031
-1.41054
-1.4374
-1.46985
-1.48075
-1.46842
-1.38774
-1.40588
-1.43144
-1.43772
-1.4383
-1.44828
-1.46598
-1.48382
-1.49385
-1.49214
-1.43791
-1.45285
-1.47684
-1.48285
-1.4837
-1.49396
-1.51038
-1.52371
-1.53066
-1.53596
-1.49243
-1.49959
-1.51725
-1.52572
-1.53168
-1.54261
-1.55053
-1.55384
-1.56489
-1.58017
-1.54772
-1.54834
-1.55794
-1.56503
-1.57074
-1.57475
-1.57569
-1.58456
-1.60342
-1.62159
-1.60145
-1.59997
-1.60182
-1.60303
-1.60669
-1.60767
-1.6113
-1.62465
-1.64148
-1.65568
-1.6517
-1.65051
-1.64788
-1.64572
-1.64952
-1.65177
-1.65993
-1.66904
-1.68197
-1.69387
-1.6995
-1.70062
-1.6984
-1.69735
-1.69938
-1.70537
-1.70934
-1.71528
-1.72552
-1.73821
-1.74767
-1.75195
-1.75368
-1.75649
-1.75604
-1.7577
-1.75865
-1.76121
-1.76781
-1.78011
-1.79684
-1.80166
-1.80794
-1.80931
-1.80916
-1.80808
-1.80594
-1.80548
-1.80918
-1.81603
-1.84639
-1.84921
-1.85455
-1.85574
-1.8547
-1.85328
-1.85071
-1.84872
-1.8513
-1.84781
-1.8957
-1.89643
-1.89862
-1.89937
-1.89875
-1.8975
-1.89555
-1.89321
-1.89342
-1.88461
-1.94441
-1.94404
-1.94456
-1.94486
-1.94444
-1.94359
-1.94193
-1.93955
-1.93784
-1.9304
-1.03145
-1.03268
-1.03364
-1.03607
-1.04443
-1.08543
-1.11278
-1.06838
-1.03896
-1.05615
-1.08101
-1.08003
-1.08443
-1.0892
-1.10419
-1.14554
-1.158
-1.11926
-1.12637
-1.16941
-1.12667
-1.12556
-1.13418
-1.14126
-1.16124
-1.20017
-1.2021
-1.18139
-1.22321
-1.28822
-1.17087
-1.17218
-1.18199
-1.19315
-1.21548
-1.25134
-1.25206
-1.25282
-1.31791
-1.40302
-1.21353
-1.21769
-1.22552
-1.23921
-1.26322
-1.2893
-1.29919
-1.32622
-1.396
-1.50969
-1.25452
-1.26247
-1.2661
-1.27442
-1.2913
-1.31998
-1.34616
-1.39386
-1.48417
-1.56996
-1.29638
-1.3117
-1.32104
-1.32545
-1.3414
-1.37889
-1.42246
-1.47991
-1.53636
-1.53806
-1.3415
-1.36321
-1.38839
-1.39633
-1.41948
-1.46007
-1.49706
-1.51577
-1.51636
-1.49542
-1.38934
-1.40809
-1.44203
-1.452
-1.46433
-1.48599
-1.50373
-1.51131
-1.51453
-1.50653
-1.44099
-1.45179
-1.47767
-1.48785
-1.49379
-1.5058
-1.5203
-1.53154
-1.53443
-1.53352
-1.49458
-1.49682
-1.51281
-1.52282
-1.52917
-1.53718
-1.54427
-1.54906
-1.557
-1.56765
-1.54809
-1.54713
-1.55539
-1.56298
-1.56801
-1.57015
-1.57032
-1.57685
-1.59252
-1.60658
-1.60057
-1.59974
-1.60294
-1.60605
-1.60925
-1.60916
-1.6097
-1.62079
-1.63519
-1.64426
-1.65111
-1.65086
-1.65148
-1.65203
-1.65524
-1.65586
-1.66023
-1.66825
-1.67891
-1.68538
-1.70003
-1.70069
-1.70184
-1.70332
-1.70666
-1.70876
-1.71234
-1.71598
-1.72389
-1.72918
-1.7489
-1.75064
-1.75421
-1.75826
-1.7599
-1.76165
-1.76156
-1.7626
-1.7673
-1.77113
-1.79822
-1.7999
-1.80414
-1.80827
-1.80958
-1.80977
-1.80818
-1.80722
-1.80897
-1.80951
-1.84738
-1.848
-1.85048
-1.85311
-1.85423
-1.85399
-1.85215
-1.85032
-1.85015
-1.8463
-1.896
-1.89569
-1.89662
-1.89782
-1.89837
-1.89801
-1.89669
-1.89465
-1.89277
-1.8868
-1.94435
-1.94376
-1.94396
-1.94424
-1.94427
-1.94383
-1.94279
-1.94099
-1.93929
-1.93378
-1.02613
-1.03126
-1.0363
-1.04158
-1.04358
-1.0772
-1.1034
-1.0804
-1.05391
-1.06994
-1.07514
-1.07955
-1.08694
-1.09575
-1.10119
-1.13413
-1.14688
-1.13071
-1.14291
-1.17641
-1.12188
-1.12691
-1.13647
-1.14891
-1.16205
-1.19306
-1.20123
-1.1988
-1.24076
-1.29125
-1.16687
-1.17451
-1.18519
-1.20428
-1.22558
-1.25942
-1.26496
-1.2795
-1.33908
-1.40579
-1.21002
-1.22056
-1.22836
-1.25454
-1.28624
-1.3157
-1.32172
-1.35331
-1.42311
-1.49802
-1.25141
-1.26349
-1.26447
-1.28244
-1.31181
-1.34172
-1.36516
-1.41433
-1.49674
-1.5392
-1.29501
-1.30975
-1.31278
-1.32488
-1.35812
-1.40301
-1.44161
-1.49374
-1.54153
-1.53446
-1.34349
-1.36147
-1.37946
-1.4008
-1.44295
-1.48797
-1.51334
-1.53419
-1.53286
-1.50484
-1.39516
-1.40836
-1.43456
-1.45585
-1.48966
-1.51821
-1.53037
-1.52869
-1.52004
-1.50692
-1.44759
-1.45297
-1.47315
-1.48869
-1.50609
-1.52055
-1.52729
-1.52759
-1.52686
-1.52413
-1.49955
-1.50042
-1.51204
-1.52224
-1.53193
-1.53919
-1.54168
-1.54361
-1.54975
-1.5566
-1.55105
-1.55084
-1.55705
-1.56361
-1.56934
-1.5719
-1.57209
-1.5768
-1.58934
-1.59648
-1.60192
-1.60184
-1.60519
-1.609
-1.6125
-1.61351
-1.61399
-1.62206
-1.63289
-1.63729
-1.65182
-1.65198
-1.65392
-1.6562
-1.65957
-1.66061
-1.66335
-1.66944
-1.67785
-1.68104
-1.70095
-1.70138
-1.70303
-1.70563
-1.70913
-1.71185
-1.71436
-1.71769
-1.72362
-1.72547
-1.74998
-1.75059
-1.75255
-1.75588
-1.75888
-1.76226
-1.76387
-1.76454
-1.76801
-1.76843
-1.79899
-1.79939
-1.80126
-1.80416
-1.80625
-1.80836
-1.80943
-1.81038
-1.81125
-1.8089
-1.84773
-1.84771
-1.84895
-1.85073
-1.85168
-1.8528
-1.85375
-1.855
-1.85422
-1.84961
-1.89618
-1.89588
-1.8964
-1.89716
-1.89749
-1.89788
-1.89863
-1.8989
-1.8984
-1.89372
-1.9445
-1.94414
-1.94412
-1.94412
-1.94411
-1.94458
-1.94457
-1.94466
-1.94485
-1.94126
-1.01703
-1.02578
-1.03508
-1.03877
-1.03247
-1.04416
-1.05813
-1.0559
-1.04816
-1.06411
-1.0656
-1.07427
-1.08321
-1.08782
-1.08657
-1.09736
-1.10386
-1.11245
-1.13549
-1.15993
-1.11283
-1.12189
-1.13128
-1.13865
-1.14517
-1.15764
-1.16988
-1.18937
-1.23342
-1.26789
-1.15839
-1.16905
-1.1807
-1.19597
-1.2138
-1.23833
-1.24924
-1.27977
-1.33577
-1.38077
-1.20308
-1.21259
-1.2274
-1.25667
-1.29057
-1.31325
-1.32185
-1.35868
-1.4233
-1.47052
-1.24573
-1.25126
-1.26414
-1.2884
-1.32557
-1.35029
-1.37361
-1.42386
-1.49027
-1.50591
-1.29161
-1.29292
-1.30677
-1.32374
-1.37066
-1.40641
-1.4369
-1.48444
-1.52333
-1.50978
-1.34468
-1.34879
-1.36962
-1.40229
-1.45865
-1.4891
-1.50375
-1.52564
-1.52834
-1.4997
-1.40022
-1.40518
-1.4289
-1.46327
-1.50732
-1.53207
-1.53429
-1.53212
-1.52142
-1.50315
-1.45345
-1.45667
-1.47346
-1.49371
-1.51666
-1.52944
-1.53398
-1.53252
-1.52821
-1.52015
-1.50402
-1.50542
-1.51439
-1.52472
-1.53621
-1.54448
-1.54726
-1.54818
-1.55086
-1.55325
-1.5537
-1.55428
-1.55947
-1.56506
-1.57153
-1.57543
-1.57645
-1.58037
-1.58967
-1.59574
-1.60347
-1.60405
-1.60736
-1.6111
-1.61457
-1.61637
-1.618
-1.62483
-1.63606
-1.64055
-1.65301
-1.6536
-1.65586
-1.65833
-1.66108
-1.66422
-1.66793
-1.67421
-1.68376
-1.68771
-1.70204
-1.70255
-1.70438
-1.70673
-1.70995
-1.71486
-1.719
-1.7248
-1.73182
-1.73468
-1.75085
-1.75132
-1.75308
-1.75571
-1.75876
-1.76386
-1.76822
-1.77316
-1.77803
-1.77934
-1.79959
-1.79992
-1.80148
-1.80383
-1.80605
-1.80968
-1.81346
-1.81734
-1.82115
-1.82097
-1.84817
-1.84825
-1.84931
-1.85096
-1.85227
-1.85446
-1.8567
-1.85934
-1.86168
-1.86073
-1.89657
-1.89636
-1.89682
-1.89773
-1.89846
-1.89956
-1.90067
-1.90193
-1.90288
-1.9027
-1.94483
-1.9445
-1.94454
-1.94489
-1.94514
-1.94551
-1.94576
-1.94636
-1.94678
-1.94917
-1.00481
-1.01348
-1.02858
-1.03529
-1.02602
-1.02272
-1.02511
-1.029
-1.03757
-1.04869
-1.05256
-1.06056
-1.07316
-1.07779
-1.07142
-1.06764
-1.07208
-1.09376
-1.11749
-1.13151
-1.09952
-1.10606
-1.11749
-1.1215
-1.12091
-1.12308
-1.14078
-1.17614
-1.2148
-1.23326
-1.14629
-1.15127
-1.16569
-1.17537
-1.18698
-1.20273
-1.22714
-1.27103
-1.32032
-1.34636
-1.19315
-1.19616
-1.21849
-1.24655
-1.27462
-1.29115
-1.30869
-1.35552
-1.41615
-1.43624
-1.23915
-1.23867
-1.26196
-1.29037
-1.32733
-1.34838
-1.37587
-1.4271
-1.48573
-1.47951
-1.28825
-1.28429
-1.30563
-1.33181
-1.37519
-1.40088
-1.43755
-1.48535
-1.51387
-1.49109
-1.34387
-1.3446
-1.36694
-1.40736
-1.46266
-1.48678
-1.49982
-1.52148
-1.52337
-1.49349
-1.4013
-1.40578
-1.43009
-1.47234
-1.5221
-1.53717
-1.53374
-1.53434
-1.52692
-1.50217
-1.45436
-1.45922
-1.47707
-1.50148
-1.52888
-1.54085
-1.54242
-1.54205
-1.53717
-1.52177
-1.50591
-1.50708
-1.51695
-1.5299
-1.5434
-1.55226
-1.55611
-1.55842
-1.55901
-1.55427
-1.55552
-1.55605
-1.56118
-1.56833
-1.57587
-1.58041
-1.58354
-1.58864
-1.59507
-1.5968
-1.60483
-1.60593
-1.60845
-1.61248
-1.61716
-1.61952
-1.62335
-1.63114
-1.63972
-1.64383
-1.65411
-1.65535
-1.65697
-1.65972
-1.66294
-1.66602
-1.67179
-1.67977
-1.68886
-1.69196
-1.703
-1.70385
-1.70576
-1.70821
-1.71102
-1.71595
-1.72265
-1.72976
-1.73741
-1.73853
-1.75166
-1.75217
-1.75379
-1.75617
-1.75937
-1.76459
-1.77117
-1.77783
-1.78286
-1.78193
-1.80025
-1.80055
-1.8019
-1.80398
-1.8067
-1.81089
-1.81589
-1.82088
-1.82374
-1.82148
-1.84875
-1.8488
-1.84976
-1.85124
-1.85326
-1.85582
-1.85872
-1.86145
-1.86249
-1.86101
-1.89709
-1.89702
-1.89756
-1.89847
-1.89947
-1.9008
-1.90207
-1.90316
-1.9037
-1.9041
-1.94536
-1.94515
-1.94526
-1.94559
-1.94599
-1.94643
-1.94686
-1.94735
-1.94814
-1.95125
-0.988484
-0.993739
-1.01518
-1.03325
-1.03425
-1.02743
-1.02332
-1.02451
-1.03023
-1.03338
-1.03677
-1.04162
-1.05888
-1.07084
-1.06915
-1.06117
-1.06358
-1.08141
-1.09547
-1.09878
-1.08459
-1.08679
-1.09887
-1.10494
-1.10191
-1.10603
-1.12564
-1.15991
-1.18554
-1.1928
-1.13285
-1.13291
-1.14447
-1.14996
-1.1579
-1.1761
-1.21068
-1.25538
-1.29436
-1.3113
-1.18241
-1.18231
-1.20202
-1.22295
-1.24193
-1.26153
-1.29246
-1.34443
-1.39795
-1.40513
-1.2324
-1.23134
-1.25318
-1.28216
-1.31225
-1.33475
-1.3718
-1.42937
-1.47227
-1.45604
-1.28467
-1.28205
-1.30349
-1.33465
-1.36769
-1.39644
-1.43695
-1.48917
-1.50734
-1.47738
-1.34218
-1.34268
-1.36459
-1.4127
-1.45647
-1.48375
-1.49895
-1.52454
-1.52517
-1.48834
-1.40095
-1.40732
-1.43014
-1.48049
-1.53194
-1.54106
-1.54233
-1.54678
-1.53647
-1.50036
-1.45662
-1.46281
-1.48004
-1.51093
-1.54468
-1.55639
-1.55836
-1.55821
-1.5485
-1.51983
-1.508
-1.51152
-1.52123
-1.53602
-1.5539
-1.56529
-1.57206
-1.5749
-1.56928
-1.54946
-1.55732
-1.55926
-1.56471
-1.57221
-1.58173
-1.59013
-1.59781
-1.60283
-1.60146
-1.58847
-1.60636
-1.60759
-1.61076
-1.61529
-1.6209
-1.62703
-1.63497
-1.64157
-1.6422
-1.6334
-1.65521
-1.65599
-1.65788
-1.66074
-1.66485
-1.67114
-1.67984
-1.68637
-1.68727
-1.68075
-1.70383
-1.70436
-1.70571
-1.70773
-1.71154
-1.71877
-1.72783
-1.73342
-1.73337
-1.72732
-1.75244
-1.753
-1.75419
-1.75601
-1.75985
-1.76739
-1.77512
-1.77873
-1.77735
-1.77177
-1.80111
-1.80164
-1.80298
-1.8049
-1.80849
-1.81445
-1.81936
-1.82049
-1.81811
-1.8139
-1.84971
-1.85012
-1.85141
-1.85333
-1.85615
-1.85949
-1.86155
-1.86106
-1.85903
-1.85712
-1.89811
-1.89827
-1.89916
-1.90051
-1.90219
-1.90361
-1.9041
-1.90341
-1.9024
-1.90243
-1.94629
-1.94613
-1.94641
-1.94695
-1.94761
-1.9481
-1.9481
-1.94778
-1.94784
-1.94978
-0.973434
-0.971452
-0.995563
-1.03046
-1.04719
-1.03598
-1.02255
-1.02126
-1.02331
-1.01972
-1.02383
-1.02442
-1.04561
-1.07219
-1.07767
-1.05961
-1.0532
-1.06385
-1.0655
-1.05983
-1.07323
-1.07259
-1.0858
-1.09809
-1.09938
-1.09622
-1.10807
-1.13113
-1.13828
-1.13281
-1.12262
-1.12044
-1.12661
-1.1317
-1.14129
-1.15999
-1.19143
-1.22191
-1.24584
-1.25745
-1.17393
-1.17271
-1.18315
-1.1953
-1.20849
-1.23343
-1.26922
-1.31837
-1.36333
-1.37189
-1.22588
-1.22525
-1.23872
-1.26192
-1.28168
-1.31307
-1.35954
-1.41654
-1.44745
-1.42853
-1.28076
-1.2786
-1.2974
-1.32591
-1.35273
-1.38984
-1.43482
-1.47969
-1.49348
-1.4572
-1.34011
-1.34107
-1.36472
-1.4157
-1.44668
-1.47514
-1.49771
-1.5245
-1.52286
-1.47889
-1.40104
-1.40783
-1.43249
-1.48792
-1.53428
-1.54158
-1.55091
-1.56048
-1.5454
-1.49497
-1.4581
-1.46525
-1.48324
-1.52101
-1.55756
-1.5706
-1.58016
-1.58312
-1.56253
-1.51243
-1.50997
-1.51389
-1.52317
-1.54217
-1.56477
-1.58267
-1.59808
-1.60221
-1.58246
-1.53737
-1.55928
-1.56096
-1.5654
-1.57495
-1.58835
-1.60497
-1.62307
-1.6281
-1.60998
-1.57134
-1.60801
-1.60896
-1.61109
-1.61668
-1.62558
-1.64088
-1.65908
-1.66266
-1.64549
-1.613
-1.65657
-1.65738
-1.65816
-1.66176
-1.66962
-1.68578
-1.70308
-1.70426
-1.68722
-1.66059
-1.70493
-1.70579
-1.706
-1.70863
-1.71708
-1.73428
-1.74965
-1.7485
-1.73233
-1.71179
-1.75327
-1.75432
-1.75485
-1.75743
-1.76632
-1.78229
-1.7936
-1.79067
-1.77667
-1.76191
-1.80176
-1.80297
-1.80438
-1.80724
-1.81511
-1.82682
-1.83311
-1.82882
-1.8183
-1.80895
-1.85031
-1.85148
-1.85341
-1.85608
-1.8614
-1.86783
-1.87006
-1.86606
-1.85956
-1.85456
-1.89872
-1.89954
-1.90109
-1.90293
-1.90581
-1.90842
-1.90848
-1.90596
-1.9028
-1.90072
-1.94692
-1.94723
-1.94778
-1.94845
-1.94957
-1.95045
-1.95022
-1.94909
-1.94787
-1.94762
-0.964155
-0.957129
-0.977513
-1.02267
-1.04701
-1.03104
-1.01678
-1.02042
-1.02597
-1.01972
-1.01701
-1.01669
-1.0386
-1.07729
-1.07371
-1.03882
-1.03132
-1.04485
-1.04136
-1.03019
-1.06809
-1.06818
-1.08434
-1.10362
-1.094
-1.07334
-1.07702
-1.09108
-1.08261
-1.06308
-1.11762
-1.11535
-1.12184
-1.12578
-1.13003
-1.13712
-1.15828
-1.16944
-1.17048
-1.16018
-1.16877
-1.16674
-1.17055
-1.17311
-1.18138
-1.20036
-1.2282
-1.27048
-1.30492
-1.3045
-1.22111
-1.21991
-1.22785
-1.23596
-1.24502
-1.281
-1.33494
-1.38923
-1.41737
-1.39926
-1.27609
-1.27632
-1.29161
-1.31007
-1.32993
-1.37796
-1.4239
-1.4637
-1.47222
-1.44015
-1.33777
-1.34063
-1.36722
-1.41116
-1.43542
-1.46505
-1.49099
-1.51478
-1.50921
-1.46638
-1.4011
-1.40827
-1.43558
-1.48747
-1.52297
-1.53551
-1.55035
-1.56132
-1.54147
-1.48495
-1.45911
-1.46672
-1.4862
-1.52455
-1.55869
-1.57743
-1.593
-1.59621
-1.56579
-1.50141
-1.51124
-1.51573
-1.52484
-1.54575
-1.57069
-1.59749
-1.61992
-1.62068
-1.58771
-1.5236
-1.56051
-1.5625
-1.5659
-1.57641
-1.59329
-1.6206
-1.64687
-1.64781
-1.61406
-1.5548
-1.60909
-1.61013
-1.61116
-1.61691
-1.62936
-1.6558
-1.68301
-1.68186
-1.64865
-1.59491
-1.65748
-1.65843
-1.6582
-1.66195
-1.67446
-1.70171
-1.72718
-1.72249
-1.68992
-1.64544
-1.7059
-1.70707
-1.70619
-1.70985
-1.72456
-1.75327
-1.77532
-1.76756
-1.7362
-1.70263
-1.75451
-1.75615
-1.75572
-1.76084
-1.77738
-1.80489
-1.821
-1.81041
-1.78212
-1.7577
-1.80307
-1.80518
-1.80667
-1.81306
-1.82929
-1.85036
-1.85844
-1.84544
-1.82368
-1.80717
-1.85118
-1.85358
-1.85666
-1.86269
-1.87458
-1.88644
-1.88711
-1.87695
-1.86317
-1.85337
-1.89914
-1.90077
-1.9038
-1.90759
-1.91326
-1.91803
-1.91761
-1.91185
-1.90465
-1.89943
-1.9471
-1.94768
-1.94941
-1.95072
-1.95275
-1.95393
-1.9544
-1.9521
-1.94857
-1.94604
-0.959586
-0.949385
-0.9669
-1.00425
-1.02216
-1.01714
-1.02
-1.03402
-1.04515
-1.03853
-1.01358
-1.01429
-1.03331
-1.0584
-1.04347
-1.01576
-1.01544
-1.03739
-1.04003
-1.03309
-1.06635
-1.07158
-1.08856
-1.10065
-1.0699
-1.04556
-1.0489
-1.0606
-1.05305
-1.04107
-1.11489
-1.11839
-1.12616
-1.12478
-1.10857
-1.10485
-1.11469
-1.1159
-1.10482
-1.09435
-1.16467
-1.16622
-1.16913
-1.16008
-1.15397
-1.16247
-1.18107
-1.20254
-1.20985
-1.20568
-1.21633
-1.21834
-1.22224
-1.21406
-1.21182
-1.24153
-1.28938
-1.332
-1.34645
-1.33137
-1.27146
-1.27489
-1.28779
-1.29546
-1.30984
-1.35629
-1.39744
-1.42942
-1.43353
-1.41079
-1.33495
-1.3411
-1.3679
-1.40046
-1.42151
-1.44925
-1.47202
-1.48911
-1.48189
-1.44942
-1.4
-1.40817
-1.43508
-1.47505
-1.50221
-1.52161
-1.5339
-1.53939
-1.52134
-1.47356
-1.4588
-1.46574
-1.48357
-1.51559
-1.54842
-1.57247
-1.58381
-1.58026
-1.55366
-1.49444
-1.51102
-1.51542
-1.52347
-1.54269
-1.57065
-1.60408
-1.62032
-1.6128
-1.5834
-1.52569
-1.56041
-1.56266
-1.56548
-1.57523
-1.5964
-1.63238
-1.65422
-1.64295
-1.61263
-1.56686
-1.60918
-1.61043
-1.61119
-1.6158
-1.63257
-1.66728
-1.69303
-1.68018
-1.64753
-1.60705
-1.65797
-1.65881
-1.65885
-1.66125
-1.67724
-1.71159
-1.74004
-1.72667
-1.69146
-1.65592
-1.70676
-1.70759
-1.7074
-1.71103
-1.72821
-1.7655
-1.79166
-1.77879
-1.74019
-1.71086
-1.75569
-1.75697
-1.75773
-1.76497
-1.78581
-1.82192
-1.84056
-1.82375
-1.78733
-1.76273
-1.80504
-1.80693
-1.80952
-1.82028
-1.8436
-1.87128
-1.8782
-1.85745
-1.82871
-1.80893
-1.85319
-1.85619
-1.86004
-1.87116
-1.89038
-1.90567
-1.90396
-1.88683
-1.86679
-1.85304
-1.90043
-1.90265
-1.90658
-1.91308
-1.92304
-1.93017
-1.92827
-1.91821
-1.90649
-1.89793
-1.94764
-1.94795
-1.95037
-1.95337
-1.95732
-1.96055
-1.96005
-1.9553
-1.94908
-1.94405
-0.95829
-0.945759
-0.962767
-0.98825
-1.00313
-1.01261
-1.02335
-1.04126
-1.05616
-1.05237
-1.0117
-1.00551
-1.02268
-1.02796
-1.01881
-1.00905
-1.01385
-1.03482
-1.04723
-1.04824
-1.06513
-1.07299
-1.08237
-1.07495
-1.04914
-1.03604
-1.0403
-1.05338
-1.05812
-1.05967
-1.11417
-1.12292
-1.12603
-1.11463
-1.09162
-1.08638
-1.09171
-1.09426
-1.0902
-1.09242
-1.1624
-1.16776
-1.17041
-1.15554
-1.1354
-1.1368
-1.14885
-1.15828
-1.15955
-1.17021
-1.21361
-1.21806
-1.22071
-1.20511
-1.19379
-1.21102
-1.23952
-1.2585
-1.26591
-1.28306
-1.26933
-1.27457
-1.28656
-1.28979
-1.29745
-1.32918
-1.35508
-1.37203
-1.3734
-1.3856
-1.33312
-1.34096
-1.3648
-1.39313
-1.41053
-1.4284
-1.44216
-1.45215
-1.44945
-1.45132
-1.39805
-1.40617
-1.42772
-1.4595
-1.48473
-1.50055
-1.50842
-1.50956
-1.50538
-1.49495
-1.45717
-1.46287
-1.47532
-1.49979
-1.5282
-1.5567
-1.5626
-1.55614
-1.54526
-1.52796
-1.51032
-1.51359
-1.51896
-1.53487
-1.56404
-1.59829
-1.60727
-1.59604
-1.58021
-1.55891
-1.56025
-1.56199
-1.56434
-1.57238
-1.59648
-1.63332
-1.64737
-1.63353
-1.61454
-1.59528
-1.60929
-1.61058
-1.6116
-1.61456
-1.63392
-1.67023
-1.68904
-1.67632
-1.65325
-1.63446
-1.65837
-1.65972
-1.66017
-1.66158
-1.67854
-1.71369
-1.73762
-1.72649
-1.6983
-1.67992
-1.70783
-1.70936
-1.71025
-1.71367
-1.73178
-1.76745
-1.79232
-1.77825
-1.74587
-1.72759
-1.75758
-1.75923
-1.76211
-1.77072
-1.79362
-1.82881
-1.84404
-1.82428
-1.79144
-1.77104
-1.80681
-1.80896
-1.81465
-1.82931
-1.85693
-1.88463
-1.88635
-1.8609
-1.83113
-1.81114
-1.85525
-1.85792
-1.86419
-1.88032
-1.9041
-1.92042
-1.91526
-1.89161
-1.8677
-1.85221
-1.90242
-1.90415
-1.90912
-1.92009
-1.93399
-1.94203
-1.93699
-1.92218
-1.90676
-1.89567
-1.94937
-1.95081
-1.95295
-1.95762
-1.96331
-1.96695
-1.96461
-1.95759
-1.94877
-1.94133
-0.959186
-0.946691
-0.958978
-0.974335
-0.989827
-0.999381
-1.00379
-1.01558
-1.03425
-1.04479
-1.01113
-1.00188
-1.01108
-1.01437
-1.01494
-1.0136
-1.01522
-1.0316
-1.0496
-1.06016
-1.06379
-1.06752
-1.07
-1.06076
-1.05207
-1.04731
-1.05052
-1.06399
-1.07701
-1.08698
-1.1142
-1.12273
-1.12142
-1.10998
-1.09613
-1.09272
-1.09517
-1.10284
-1.10822
-1.12077
-1.16233
-1.16916
-1.17141
-1.16032
-1.13999
-1.13632
-1.14588
-1.15642
-1.16575
-1.18657
-1.21383
-1.21895
-1.22165
-1.21107
-1.20046
-1.21109
-1.2277
-1.2398
-1.25019
-1.27844
-1.27052
-1.27536
-1.28479
-1.29418
-1.30785
-1.32563
-1.33409
-1.33813
-1.34498
-1.37635
-1.33367
-1.3401
-1.35725
-1.38615
-1.40998
-1.41563
-1.41515
-1.41812
-1.42855
-1.45297
-1.39707
-1.40325
-1.41794
-1.44272
-1.46498
-1.47535
-1.47833
-1.4781
-1.48953
-1.50433
-1.45543
-1.45978
-1.46816
-1.48489
-1.50724
-1.52844
-1.531
-1.52777
-1.53268
-1.53698
-1.50904
-1.5119
-1.5161
-1.52691
-1.54666
-1.5748
-1.57988
-1.57341
-1.57013
-1.56521
-1.56014
-1.56213
-1.56433
-1.56971
-1.58807
-1.61635
-1.62742
-1.6174
-1.60595
-1.59345
-1.61042
-1.61187
-1.61303
-1.61505
-1.62966
-1.65893
-1.67507
-1.66357
-1.64607
-1.62974
-1.66046
-1.66182
-1.66292
-1.66378
-1.67637
-1.7056
-1.72572
-1.7147
-1.69218
-1.67424
-1.71052
-1.71233
-1.7147
-1.71773
-1.73137
-1.76039
-1.78146
-1.76962
-1.74156
-1.72264
-1.76061
-1.7635
-1.7684
-1.77695
-1.79512
-1.82373
-1.84029
-1.82341
-1.79121
-1.76866
-1.81009
-1.81474
-1.82252
-1.83759
-1.86114
-1.88647
-1.89272
-1.86889
-1.83513
-1.8121
-1.85788
-1.864
-1.87274
-1.89006
-1.91249
-1.92893
-1.92545
-1.90134
-1.87282
-1.85297
-1.90441
-1.90941
-1.91712
-1.92967
-1.94419
-1.95151
-1.94526
-1.92796
-1.90864
-1.89402
-1.951
-1.95371
-1.95823
-1.96453
-1.97083
-1.97292
-1.96926
-1.95987
-1.94836
-1.93837
-0.961484
-0.955132
-0.962923
-0.970651
-0.982257
-0.990753
-0.994184
-1.00128
-1.01571
-1.0308
-1.01179
-1.00522
-1.0119
-1.01408
-1.0196
-1.02252
-1.02528
-1.03521
-1.04988
-1.06279
-1.06446
-1.06524
-1.06521
-1.06395
-1.0634
-1.06284
-1.06633
-1.07719
-1.09151
-1.10394
-1.11549
-1.11995
-1.11869
-1.11488
-1.10962
-1.10847
-1.11237
-1.12105
-1.13215
-1.14801
-1.16523
-1.16921
-1.17095
-1.16785
-1.16149
-1.15833
-1.16516
-1.17663
-1.18924
-1.20627
-1.21753
-1.22089
-1.22332
-1.22206
-1.22207
-1.22975
-1.24112
-1.25243
-1.26611
-1.28806
-1.27441
-1.27827
-1.28372
-1.29346
-1.30902
-1.31932
-1.325
-1.33343
-1.34838
-1.37416
-1.3358
-1.34112
-1.35052
-1.3674
-1.38848
-1.39651
-1.40215
-1.40655
-1.42272
-1.44633
-1.39742
-1.40303
-1.41189
-1.42517
-1.44276
-1.45783
-1.46737
-1.46906
-1.48551
-1.50322
-1.45552
-1.46019
-1.46624
-1.47429
-1.4885
-1.50576
-1.51298
-1.51793
-1.53439
-1.54403
-1.50983
-1.51337
-1.51704
-1.52135
-1.5306
-1.54465
-1.55254
-1.55902
-1.56965
-1.57261
-1.56176
-1.56444
-1.56658
-1.56812
-1.57399
-1.5885
-1.59833
-1.59903
-1.59814
-1.59375
-1.61249
-1.61472
-1.61608
-1.61596
-1.6206
-1.63583
-1.64843
-1.64309
-1.63135
-1.61932
-1.66282
-1.66507
-1.66656
-1.66651
-1.67069
-1.68664
-1.70123
-1.69465
-1.67479
-1.65514
-1.71289
-1.716
-1.71886
-1.72111
-1.72602
-1.74062
-1.75781
-1.75444
-1.72991
-1.70435
-1.76253
-1.76708
-1.77264
-1.77927
-1.78637
-1.80068
-1.81886
-1.8179
-1.79286
-1.76402
-1.81138
-1.81719
-1.82616
-1.83792
-1.84983
-1.86431
-1.87657
-1.8707
-1.84876
-1.82239
-1.85924
-1.86497
-1.87578
-1.89045
-1.90534
-1.91603
-1.9169
-1.90346
-1.88333
-1.86515
-1.90632
-1.91026
-1.91926
-1.93137
-1.9433
-1.94886
-1.94371
-1.929
-1.91114
-1.89729
-1.953
-1.95469
-1.95975
-1.96651
-1.97227
-1.97357
-1.9703
-1.96096
-1.94819
-1.93661
-0.96495
-0.964052
-0.969817
-0.976855
-0.983825
-0.988908
-0.992137
-0.995494
-1.00219
-1.01097
-1.01436
-1.01268
-1.01608
-1.0211
-1.02653
-1.02909
-1.03065
-1.03642
-1.04649
-1.05651
-1.06557
-1.06579
-1.06628
-1.06757
-1.06834
-1.06882
-1.07301
-1.08193
-1.0934
-1.10567
-1.11655
-1.118
-1.11785
-1.11648
-1.11478
-1.11515
-1.11953
-1.1277
-1.13909
-1.15422
-1.16766
-1.16912
-1.16936
-1.16841
-1.1667
-1.16621
-1.17062
-1.17897
-1.19044
-1.20667
-1.22083
-1.22213
-1.22199
-1.22153
-1.22282
-1.22867
-1.23765
-1.24773
-1.26016
-1.27613
-1.27776
-1.27991
-1.28186
-1.28648
-1.29606
-1.31007
-1.32232
-1.33063
-1.34152
-1.35437
-1.33793
-1.34197
-1.34682
-1.35587
-1.37077
-1.38844
-1.40055
-1.40767
-1.41744
-1.42558
-1.39839
-1.4031
-1.4089
-1.41759
-1.43047
-1.44528
-1.45601
-1.46497
-1.47653
-1.4792
-1.45599
-1.46012
-1.46519
-1.47112
-1.47953
-1.48855
-1.49387
-1.50271
-1.51696
-1.51984
-1.51033
-1.51339
-1.51727
-1.52024
-1.52432
-1.5273
-1.5268
-1.53476
-1.54743
-1.55006
-1.56241
-1.5645
-1.56718
-1.56857
-1.56981
-1.56949
-1.56908
-1.57165
-1.57869
-1.57913
-1.6133
-1.61495
-1.61706
-1.61763
-1.6178
-1.62014
-1.62142
-1.61818
-1.61513
-1.61285
-1.66367
-1.66542
-1.66776
-1.66865
-1.66898
-1.67458
-1.68073
-1.67773
-1.66419
-1.65315
-1.71367
-1.71605
-1.71959
-1.72203
-1.72327
-1.72919
-1.73742
-1.73789
-1.72536
-1.70624
-1.76317
-1.76638
-1.77178
-1.77682
-1.77959
-1.78527
-1.79294
-1.79471
-1.78567
-1.76755
-1.81195
-1.81561
-1.8227
-1.83066
-1.8362
-1.84125
-1.84466
-1.84186
-1.83262
-1.81942
-1.85982
-1.86312
-1.87051
-1.88032
-1.88808
-1.89238
-1.89075
-1.88097
-1.86703
-1.85459
-1.9068
-1.90899
-1.91473
-1.92315
-1.93058
-1.93294
-1.92883
-1.91724
-1.90228
-1.88884
-1.95326
-1.95422
-1.95747
-1.96243
-1.96645
-1.96768
-1.96427
-1.95579
-1.94397
-1.93236
)
;

boundaryField
{
    lowerSideWalls
    {
        type            calculated;
        value           nonuniform List<scalar> 
800
(
376.687
327.874
279.217
231.11
184.378
140.96
101.053
64.6774
29.4228
3.48841
-0.492465
-0.519329
-0.578997
-0.61622
-0.643475
-0.6766
-0.719886
-0.771824
-0.82868
-0.887251
376.388
327.33
278.165
229.466
182.228
137.448
94.0931
52.4077
17.0573
0.481509
-0.528378
-0.52475
-0.570214
-0.600792
-0.622611
-0.660947
-0.712647
-0.77198
-0.834533
-0.89465
376.042
326.89
277.45
228.048
179.165
131.053
81.5217
32.6388
4.32272
-0.176634
-0.439663
-0.523843
-0.564858
-0.589327
-0.614236
-0.655553
-0.716596
-0.78367
-0.847735
-0.905039
375.701
326.484
276.866
226.819
176.356
125.496
71.4541
20.0114
1.39307
-0.247824
-0.448048
-0.513379
-0.559057
-0.587435
-0.616261
-0.665696
-0.729186
-0.790925
-0.846866
-0.894931
375.418
326.102
276.34
225.88
174.3
121.446
64.2212
12.6529
0.396063
-0.316459
-0.458081
-0.505772
-0.548808
-0.582662
-0.619135
-0.668607
-0.722838
-0.774565
-0.828323
-0.888649
375.259
325.861
275.982
225.322
173.28
119.661
61.4953
10.7197
0.0815766
-0.379229
-0.46117
-0.493778
-0.533699
-0.570128
-0.607715
-0.653386
-0.705501
-0.76735
-0.832527
-0.898498
375.263
325.835
275.926
225.295
173.34
119.967
62.827
13.1147
0.290017
-0.414349
-0.448133
-0.475977
-0.513917
-0.552523
-0.594194
-0.644936
-0.710063
-0.783291
-0.853425
-0.919887
375.421
326.014
276.161
225.712
174.103
121.565
66.4391
18.6293
1.51415
-0.401371
-0.415741
-0.45592
-0.498032
-0.542459
-0.595214
-0.662676
-0.738441
-0.811251
-0.87649
-0.939029
375.679
326.321
276.597
226.378
175.162
123.786
70.9574
24.546
3.10211
-0.366593
-0.392989
-0.443827
-0.494379
-0.549227
-0.615728
-0.691952
-0.763809
-0.831196
-0.892716
-0.9508
375.969
326.674
277.117
227.197
176.659
126.035
75.0182
29.3331
4.33986
-0.336445
-0.395911
-0.43916
-0.500619
-0.563543
-0.635975
-0.706539
-0.775484
-0.843372
-0.906403
-0.964838
374.161
324.959
275.413
225.844
176.577
128.167
81.308
40.6982
12.3951
0.44814
-0.153817
-0.350213
-0.513369
-0.600721
-0.660608
-0.715407
-0.764449
-0.812291
-0.863164
-0.916356
374
324.626
274.761
224.847
175.075
125.321
76.4693
31.5224
4.73458
0.10626
-0.193557
-0.394635
-0.533039
-0.622559
-0.686475
-0.735947
-0.780694
-0.82447
-0.871863
-0.919949
373.894
324.482
274.487
224.233
173.559
122.181
69.6894
22.0827
2.40158
0.057295
-0.310529
-0.450669
-0.550712
-0.635785
-0.705347
-0.759048
-0.801747
-0.841365
-0.88283
-0.925924
373.874
324.475
274.512
223.936
172.611
119.934
64.5141
14.9757
1.6687
0.0109577
-0.372665
-0.481027
-0.565912
-0.654275
-0.72598
-0.779364
-0.822845
-0.860307
-0.896922
-0.935686
373.932
324.523
274.605
223.957
172.111
118.742
62.2873
12.6581
1.17363
-0.0940253
-0.404521
-0.496607
-0.582495
-0.675702
-0.749682
-0.804145
-0.847153
-0.882409
-0.914844
-0.947306
374.074
324.654
274.772
224.193
172.393
118.994
63.1063
14.1041
0.8084
-0.197152
-0.416371
-0.499343
-0.593468
-0.692982
-0.770347
-0.82614
-0.869357
-0.904297
-0.933377
-0.958394
374.292
324.881
275.05
224.636
173.063
120.069
65.4603
17.11
0.8289
-0.257824
-0.405058
-0.48739
-0.590806
-0.695764
-0.7788
-0.838726
-0.883087
-0.918962
-0.946455
-0.965474
374.557
325.17
275.401
225.187
173.712
121.201
67.8476
19.885
1.06122
-0.286258
-0.385984
-0.463797
-0.567993
-0.679359
-0.771055
-0.836088
-0.883418
-0.921707
-0.950647
-0.968871
374.828
325.465
275.77
225.751
174.365
122.303
70.2491
21.3824
1.5057
-0.297665
-0.37714
-0.439317
-0.530323
-0.639024
-0.741094
-0.816685
-0.871051
-0.915692
-0.949835
-0.973923
375.077
325.734
276.192
226.068
175.199
123.361
71.7738
24.0003
2.09662
-0.313209
-0.380992
-0.429765
-0.501515
-0.596454
-0.698098
-0.785421
-0.850739
-0.905239
-0.947944
-0.98062
376.687
327.874
279.217
231.11
184.378
140.96
101.053
64.6774
29.4228
3.48841
-0.492465
-0.519329
-0.578997
-0.61622
-0.643475
-0.6766
-0.719886
-0.771824
-0.82868
-0.887251
376.448
327.435
278.494
230.116
183.151
138.849
94.5899
48.3117
9.26541
0.0159909
-0.481283
-0.575727
-0.610697
-0.622841
-0.640561
-0.670382
-0.713867
-0.768977
-0.827905
-0.887105
376.202
327.129
277.978
229.164
180.963
133.378
84.5206
30.6417
1.93105
-0.247741
-0.441735
-0.539148
-0.593576
-0.619738
-0.640297
-0.670107
-0.714277
-0.768192
-0.827764
-0.888417
375.971
326.862
277.608
228.275
178.893
128.46
75.4758
17.1604
0.299427
-0.306176
-0.420676
-0.509661
-0.568966
-0.607898
-0.640385
-0.676203
-0.722084
-0.778921
-0.844769
-0.912018
375.776
326.592
277.231
227.542
177.245
124.753
69.9524
12.0604
-0.112982
-0.330575
-0.418581
-0.497522
-0.558157
-0.604579
-0.6459
-0.68789
-0.740886
-0.804958
-0.879007
-0.950319
375.653
326.395
276.906
226.98
176.078
122.815
69.5122
11.9175
-0.242177
-0.349617
-0.426496
-0.497942
-0.560716
-0.61184
-0.65862
-0.708621
-0.767454
-0.836426
-0.907584
-0.968448
375.622
326.317
276.726
226.73
175.53
122.684
67.3811
12.2565
-0.238024
-0.359416
-0.425259
-0.500872
-0.567319
-0.62356
-0.675838
-0.73104
-0.790761
-0.854849
-0.916015
-0.972649
375.677
326.362
276.75
226.7
175.538
122.936
67.3278
14.5867
-0.160841
-0.35196
-0.43395
-0.509612
-0.57591
-0.635668
-0.691936
-0.746923
-0.801302
-0.857839
-0.915446
-0.974441
375.787
326.485
276.91
226.846
175.796
123.453
69.1872
19.2318
0.200509
-0.377801
-0.448753
-0.518858
-0.585016
-0.646112
-0.704098
-0.757617
-0.80884
-0.861994
-0.918221
-0.976415
375.9
326.634
277.147
227.171
176.314
124.204
71.0496
22.4325
0.857382
-0.381726
-0.455409
-0.525556
-0.591747
-0.654063
-0.712558
-0.766268
-0.81691
-0.867923
-0.920644
-0.974078
375.959
326.735
277.347
227.505
176.839
124.981
72.579
24.5162
1.26913
-0.37498
-0.455848
-0.531863
-0.599838
-0.662763
-0.720915
-0.773549
-0.822091
-0.86946
-0.917893
-0.967446
375.922
326.723
277.407
227.736
177.221
125.701
73.7336
25.1693
1.30597
-0.363052
-0.454924
-0.537775
-0.612631
-0.676184
-0.73287
-0.781383
-0.824232
-0.866267
-0.910142
-0.956787
375.787
326.6
277.291
227.791
177.401
126.236
74.4968
24.6102
0.92892
-0.368528
-0.467539
-0.551713
-0.628144
-0.692552
-0.743555
-0.782921
-0.820632
-0.856563
-0.89608
-0.940849
375.576
326.401
277.117
227.646
177.395
126.114
74.5366
21.7005
0.290828
-0.384629
-0.484851
-0.573303
-0.654203
-0.72586
-0.772308
-0.795893
-0.816885
-0.843048
-0.880166
-0.924185
375.312
326.153
276.883
227.406
177.155
125.707
72.8485
17.5515
0.184606
-0.395333
-0.5089
-0.602528
-0.685352
-0.755443
-0.797038
-0.806518
-0.810336
-0.831813
-0.869438
-0.913999
375.014
325.871
276.58
227.077
176.853
125.688
72.3302
15.8762
0.578786
-0.380529
-0.542607
-0.626717
-0.703067
-0.763708
-0.796524
-0.7962
-0.789029
-0.808559
-0.859163
-0.910006
374.704
325.552
276.169
226.626
176.66
126.551
74.6511
20.9495
1.4425
-0.384367
-0.556164
-0.624648
-0.6939
-0.749666
-0.774456
-0.766414
-0.758352
-0.784572
-0.844093
-0.906515
374.412
325.192
275.649
226.092
176.618
127.708
78.2669
29.7712
2.63912
-0.429768
-0.511066
-0.577427
-0.641888
-0.694121
-0.72295
-0.730961
-0.740879
-0.778595
-0.839896
-0.905426
374.202
324.914
275.237
225.672
176.584
128.656
80.7563
35.3405
5.55712
-0.319312
-0.338666
-0.474954
-0.573994
-0.636512
-0.683025
-0.715972
-0.746332
-0.790436
-0.850406
-0.910533
374.161
324.959
275.413
225.844
176.577
128.167
81.308
40.6982
12.3951
0.44814
-0.153817
-0.350213
-0.513369
-0.600721
-0.660608
-0.715407
-0.764449
-0.812291
-0.863164
-0.916356
)
;
    }
    upperSideWalls
    {
        type            calculated;
        value           nonuniform List<scalar> 
800
(
-0.945433
-1.00394
-1.06227
-1.12084
-1.17746
-1.23388
-1.2905
-1.34608
-1.39962
-1.45153
-1.50272
-1.55369
-1.60397
-1.65337
-1.70237
-1.7513
-1.8001
-1.84881
-1.89742
-1.94586
-0.95041
-1.00521
-1.0626
-1.12265
-1.18128
-1.23585
-1.29075
-1.34616
-1.39958
-1.45152
-1.50362
-1.55531
-1.60521
-1.65402
-1.70276
-1.75174
-1.80048
-1.8491
-1.89758
-1.94591
-0.957238
-1.00894
-1.06467
-1.12455
-1.18438
-1.2403
-1.29415
-1.3477
-1.40009
-1.45032
-1.50416
-1.55801
-1.60712
-1.65582
-1.70468
-1.75332
-1.80172
-1.85007
-1.89834
-1.94639
-0.947808
-1.0041
-1.06277
-1.12407
-1.18533
-1.24376
-1.29945
-1.35457
-1.40622
-1.45268
-1.50572
-1.55713
-1.60683
-1.65604
-1.70529
-1.7541
-1.80263
-1.85098
-1.89913
-1.94692
-0.948349
-1.00482
-1.05773
-1.11597
-1.18126
-1.24844
-1.30782
-1.36528
-1.41592
-1.45711
-1.50825
-1.55979
-1.60884
-1.65703
-1.70607
-1.75478
-1.80318
-1.85151
-1.89958
-1.94731
-0.961348
-1.02207
-1.07306
-1.12311
-1.18405
-1.25524
-1.32065
-1.37913
-1.42734
-1.4646
-1.5132
-1.56574
-1.61387
-1.66094
-1.70763
-1.75566
-1.80354
-1.85153
-1.89966
-1.94757
-0.987622
-1.05537
-1.11797
-1.16696
-1.21346
-1.27145
-1.33552
-1.39246
-1.43698
-1.47092
-1.51984
-1.57492
-1.62605
-1.66887
-1.71188
-1.75656
-1.80387
-1.85154
-1.89972
-1.94789
-1.0055
-1.07486
-1.1416
-1.19383
-1.23385
-1.28054
-1.34014
-1.39601
-1.43747
-1.47666
-1.53017
-1.58514
-1.63188
-1.67363
-1.71699
-1.76
-1.80449
-1.85186
-1.9001
-1.9485
-1.00933
-1.06999
-1.12781
-1.17432
-1.21742
-1.26548
-1.32311
-1.38194
-1.42998
-1.47567
-1.5336
-1.59536
-1.64149
-1.67775
-1.72092
-1.7681
-1.80976
-1.8533
-1.901
-1.94955
-1.01869
-1.07199
-1.12013
-1.16206
-1.20601
-1.25662
-1.31225
-1.37095
-1.42837
-1.48991
-1.55566
-1.61106
-1.64883
-1.68893
-1.73332
-1.77976
-1.81948
-1.85887
-1.90409
-1.95147
-0.96495
-1.01436
-1.06557
-1.11655
-1.16766
-1.22083
-1.27776
-1.33793
-1.39839
-1.45599
-1.51033
-1.56241
-1.6133
-1.66367
-1.71367
-1.76317
-1.81195
-1.85982
-1.9068
-1.95326
-0.964052
-1.01268
-1.06579
-1.118
-1.16912
-1.22213
-1.27991
-1.34197
-1.4031
-1.46012
-1.51339
-1.5645
-1.61495
-1.66542
-1.71605
-1.76638
-1.81561
-1.86312
-1.90899
-1.95422
-0.969817
-1.01608
-1.06628
-1.11785
-1.16936
-1.22199
-1.28186
-1.34682
-1.4089
-1.46519
-1.51727
-1.56718
-1.61706
-1.66776
-1.71959
-1.77178
-1.8227
-1.87051
-1.91473
-1.95747
-0.976855
-1.0211
-1.06757
-1.11648
-1.16841
-1.22153
-1.28648
-1.35587
-1.41759
-1.47112
-1.52024
-1.56857
-1.61763
-1.66865
-1.72203
-1.77682
-1.83066
-1.88032
-1.92315
-1.96243
-0.983825
-1.02653
-1.06834
-1.11478
-1.1667
-1.22282
-1.29606
-1.37077
-1.43047
-1.47953
-1.52432
-1.56981
-1.6178
-1.66898
-1.72327
-1.77959
-1.8362
-1.88808
-1.93058
-1.96645
-0.988908
-1.02909
-1.06882
-1.11515
-1.16621
-1.22867
-1.31007
-1.38844
-1.44528
-1.48855
-1.5273
-1.56949
-1.62014
-1.67458
-1.72919
-1.78527
-1.84125
-1.89238
-1.93294
-1.96768
-0.992137
-1.03065
-1.07301
-1.11953
-1.17062
-1.23765
-1.32232
-1.40055
-1.45601
-1.49387
-1.5268
-1.56908
-1.62142
-1.68073
-1.73742
-1.79294
-1.84466
-1.89075
-1.92883
-1.96427
-0.995494
-1.03642
-1.08193
-1.1277
-1.17897
-1.24773
-1.33063
-1.40767
-1.46497
-1.50271
-1.53476
-1.57165
-1.61818
-1.67773
-1.73789
-1.79471
-1.84186
-1.88097
-1.91724
-1.95579
-1.00219
-1.04649
-1.0934
-1.13909
-1.19044
-1.26016
-1.34152
-1.41744
-1.47653
-1.51696
-1.54743
-1.57869
-1.61513
-1.66419
-1.72536
-1.78567
-1.83262
-1.86703
-1.90228
-1.94397
-1.01097
-1.05651
-1.10567
-1.15422
-1.20667
-1.27613
-1.35437
-1.42558
-1.4792
-1.51984
-1.55006
-1.57913
-1.61285
-1.65315
-1.70624
-1.76755
-1.81942
-1.85459
-1.88884
-1.93236
-0.945433
-1.00394
-1.06227
-1.12084
-1.17746
-1.23388
-1.2905
-1.34608
-1.39962
-1.45153
-1.50272
-1.55369
-1.60397
-1.65337
-1.70237
-1.7513
-1.8001
-1.84881
-1.89742
-1.94586
-0.945819
-1.00369
-1.05985
-1.11566
-1.17291
-1.23225
-1.29161
-1.34786
-1.40084
-1.45226
-1.50293
-1.55388
-1.60449
-1.6538
-1.7026
-1.75137
-1.80008
-1.84871
-1.89729
-1.94579
-0.946683
-1.00226
-1.05604
-1.11036
-1.16652
-1.22758
-1.28961
-1.34982
-1.40443
-1.45548
-1.50443
-1.55441
-1.60466
-1.6537
-1.70208
-1.75088
-1.79987
-1.84876
-1.89743
-1.94594
-0.972206
-1.02401
-1.07175
-1.11929
-1.1724
-1.23465
-1.29664
-1.3564
-1.41047
-1.46082
-1.50896
-1.55766
-1.60547
-1.65307
-1.70035
-1.7491
-1.79949
-1.84786
-1.89649
-1.9453
-1.0076
-1.0537
-1.09961
-1.14203
-1.18929
-1.24866
-1.31236
-1.36709
-1.41521
-1.45926
-1.50669
-1.5593
-1.60808
-1.654
-1.70047
-1.74859
-1.79744
-1.84632
-1.89536
-1.94455
-1.022
-1.07184
-1.1185
-1.15942
-1.20263
-1.25277
-1.30922
-1.36339
-1.40921
-1.45172
-1.50025
-1.55508
-1.60689
-1.65332
-1.69931
-1.74762
-1.79693
-1.84582
-1.89478
-1.94404
-1.02668
-1.07865
-1.12571
-1.1674
-1.20848
-1.25432
-1.3032
-1.35
-1.39418
-1.44104
-1.49392
-1.55017
-1.60421
-1.65243
-1.69911
-1.74736
-1.79639
-1.84555
-1.89488
-1.94417
-1.03087
-1.08238
-1.12767
-1.17014
-1.21273
-1.25603
-1.2989
-1.34233
-1.38774
-1.43791
-1.49243
-1.54772
-1.60145
-1.6517
-1.6995
-1.74767
-1.79684
-1.84639
-1.8957
-1.94441
-1.03145
-1.08101
-1.12667
-1.17087
-1.21353
-1.25452
-1.29638
-1.3415
-1.38934
-1.44099
-1.49458
-1.54809
-1.60057
-1.65111
-1.70003
-1.7489
-1.79822
-1.84738
-1.896
-1.94435
-1.02613
-1.07514
-1.12188
-1.16687
-1.21002
-1.25141
-1.29501
-1.34349
-1.39516
-1.44759
-1.49955
-1.55105
-1.60192
-1.65182
-1.70095
-1.74998
-1.79899
-1.84773
-1.89618
-1.9445
-1.01703
-1.0656
-1.11283
-1.15839
-1.20308
-1.24573
-1.29161
-1.34468
-1.40022
-1.45345
-1.50402
-1.5537
-1.60347
-1.65301
-1.70204
-1.75085
-1.79959
-1.84817
-1.89657
-1.94483
-1.00481
-1.05256
-1.09952
-1.14629
-1.19315
-1.23915
-1.28825
-1.34387
-1.4013
-1.45436
-1.50591
-1.55552
-1.60483
-1.65411
-1.703
-1.75166
-1.80025
-1.84875
-1.89709
-1.94536
-0.988484
-1.03677
-1.08459
-1.13285
-1.18241
-1.2324
-1.28467
-1.34218
-1.40095
-1.45662
-1.508
-1.55732
-1.60636
-1.65521
-1.70383
-1.75244
-1.80111
-1.84971
-1.89811
-1.94629
-0.973434
-1.02383
-1.07323
-1.12262
-1.17393
-1.22588
-1.28076
-1.34011
-1.40104
-1.4581
-1.50997
-1.55928
-1.60801
-1.65657
-1.70493
-1.75327
-1.80176
-1.85031
-1.89872
-1.94692
-0.964155
-1.01701
-1.06809
-1.11762
-1.16877
-1.22111
-1.27609
-1.33777
-1.4011
-1.45911
-1.51124
-1.56051
-1.60909
-1.65748
-1.7059
-1.75451
-1.80307
-1.85118
-1.89914
-1.9471
-0.959586
-1.01358
-1.06635
-1.11489
-1.16467
-1.21633
-1.27146
-1.33495
-1.4
-1.4588
-1.51102
-1.56041
-1.60918
-1.65797
-1.70676
-1.75569
-1.80504
-1.85319
-1.90043
-1.94764
-0.95829
-1.0117
-1.06513
-1.11417
-1.1624
-1.21361
-1.26933
-1.33312
-1.39805
-1.45717
-1.51032
-1.56025
-1.60929
-1.65837
-1.70783
-1.75758
-1.80681
-1.85525
-1.90242
-1.94937
-0.959186
-1.01113
-1.06379
-1.1142
-1.16233
-1.21383
-1.27052
-1.33367
-1.39707
-1.45543
-1.50904
-1.56014
-1.61042
-1.66046
-1.71052
-1.76061
-1.81009
-1.85788
-1.90441
-1.951
-0.961484
-1.01179
-1.06446
-1.11549
-1.16523
-1.21753
-1.27441
-1.3358
-1.39742
-1.45552
-1.50983
-1.56176
-1.61249
-1.66282
-1.71289
-1.76253
-1.81138
-1.85924
-1.90632
-1.953
-0.96495
-1.01436
-1.06557
-1.11655
-1.16766
-1.22083
-1.27776
-1.33793
-1.39839
-1.45599
-1.51033
-1.56241
-1.6133
-1.66367
-1.71367
-1.76317
-1.81195
-1.85982
-1.9068
-1.95326
)
;
    }
    lowerWall
    {
        type            calculated;
        value           nonuniform List<scalar> 
200
(
401.212
400.973
400.727
400.496
400.301
400.178
400.147
400.202
400.312
400.425
400.484
400.447
400.312
400.101
399.837
399.539
399.229
398.937
398.727
398.686
400.913
400.671
400.481
400.317
400.225
400.198
400.24
400.345
400.479
400.597
400.65
400.597
400.439
400.192
399.876
399.511
399.128
398.786
398.546
398.525
400.567
400.372
400.274
400.197
400.231
400.337
400.496
400.687
400.869
401.006
401.05
400.966
400.759
400.444
400.044
399.586
399.123
398.73
398.455
398.419
400.226
400.105
400.095
400.168
400.357
400.619
400.916
401.211
401.456
401.623
401.662
401.548
401.283
400.882
400.378
399.809
399.245
398.779
398.47
398.399
399.943
399.923
400.027
400.261
400.615
401.039
401.478
401.881
402.194
402.396
402.436
402.293
401.97
401.477
400.861
400.176
399.507
398.954
398.589
398.457
399.784
399.857
400.084
400.473
400.989
401.572
402.145
402.652
403.035
403.273
403.312
403.139
402.756
402.171
401.44
400.64
399.868
399.224
398.789
398.599
399.788
399.929
400.265
400.787
401.447
402.167
402.861
403.46
403.899
404.16
404.191
403.985
403.549
402.877
402.04
401.134
400.271
399.545
399.047
398.817
399.946
400.134
400.549
401.173
401.941
402.763
403.547
404.219
404.705
404.971
404.996
404.754
404.257
403.508
402.586
401.599
400.664
399.882
399.337
399.082
400.204
400.415
400.876
401.557
402.38
403.258
404.089
404.81
405.336
405.615
405.621
405.351
404.776
403.959
402.99
401.96
400.995
400.187
399.617
399.353
400.494
400.71
401.183
401.874
402.702
403.589
404.434
405.163
405.705
405.784
405.792
405.664
405.05
404.203
403.219
402.185
401.231
400.431
399.861
399.602
)
;
    }
    atmosphere
    {
        type            calculated;
        value           nonuniform List<scalar> 0();
    }
    procBoundary0to1
    {
        type            processor;
        value           nonuniform List<scalar> 
800
(
376.207
326.977
277.559
227.891
177.834
127.853
77.8294
31.9702
4.57456
-0.306611
-0.39519
-0.436705
-0.503998
-0.572397
-0.639703
-0.706881
-0.773366
-0.843092
-0.913436
-0.977728
376.413
327.2
277.785
228.257
178.162
127.814
76.2982
26.8536
1.2904
-0.391286
-0.433945
-0.459027
-0.532892
-0.606705
-0.677134
-0.739728
-0.802823
-0.877602
-0.953996
-1.02178
376.862
327.707
278.42
229.052
179.238
128.948
77.2196
25.1864
0.711478
-0.404569
-0.454244
-0.489158
-0.561343
-0.623247
-0.680354
-0.734703
-0.795321
-0.869652
-0.949001
-1.02893
377.518
328.473
279.421
230.394
181.265
131.945
81.9375
31.9455
3.18809
-0.413993
-0.468835
-0.512409
-0.566589
-0.6146
-0.666336
-0.721969
-0.782438
-0.856844
-0.932877
-1.00336
378.312
329.394
280.607
232.041
183.707
135.699
87.6045
40.549
8.59821
-0.421265
-0.488431
-0.538255
-0.578629
-0.62078
-0.663158
-0.707366
-0.763081
-0.835647
-0.906682
-0.960794
379.169
330.402
281.87
233.791
186.207
139.407
93.203
49.4939
16.474
-0.352616
-0.48236
-0.553176
-0.593462
-0.626575
-0.654684
-0.687376
-0.747154
-0.820015
-0.874775
-0.914122
379.98
331.439
283.072
235.481
188.58
142.802
98.273
56.6168
22.8608
1.12455
-0.490053
-0.557602
-0.602944
-0.629926
-0.654109
-0.694439
-0.752916
-0.802603
-0.830408
-0.876939
380.707
332.186
284.17
236.919
190.556
145.513
101.948
60.9701
25.8665
3.15305
-0.461937
-0.535009
-0.592452
-0.62446
-0.655683
-0.707951
-0.765052
-0.802943
-0.845212
-0.922845
381.22
332.768
284.941
237.972
192.012
147.256
104.252
63.9435
28.6951
5.59561
-0.436702
-0.505093
-0.5573
-0.603407
-0.658856
-0.722874
-0.787923
-0.8423
-0.891354
-0.9646
381.507
333.176
285.339
238.61
193.101
148.902
106.17
66.4692
31.6059
9.28487
-0.462686
-0.51551
-0.558117
-0.603072
-0.66129
-0.7293
-0.792848
-0.849243
-0.904418
-0.979863
381.445
333.269
285.558
238.625
192.906
148.662
106.569
66.9917
32.4028
11.6006
-0.491265
-0.53951
-0.583799
-0.629788
-0.678464
-0.736151
-0.796742
-0.852543
-0.905871
-0.976788
381.14
332.667
284.792
237.801
191.897
147.466
105.021
65.206
30.5014
10.3538
-0.515548
-0.561029
-0.603938
-0.651161
-0.692422
-0.743363
-0.804805
-0.861382
-0.906272
-0.968017
380.528
332.029
283.902
236.646
190.345
145.329
102.113
61.7049
27.3195
6.51036
-0.522934
-0.569625
-0.612002
-0.660548
-0.70361
-0.759037
-0.830103
-0.886223
-0.921155
-0.970535
379.699
331.084
282.756
235.073
188.153
142.175
97.7071
56.1907
23.405
2.07914
-0.507218
-0.570344
-0.616909
-0.667991
-0.715544
-0.782316
-0.858021
-0.918607
-0.954879
-0.982612
378.716
329.909
281.319
233.105
185.396
138.209
92.1226
48.322
16.812
-0.380495
-0.476361
-0.554972
-0.615638
-0.674737
-0.730424
-0.799777
-0.874384
-0.947202
-0.989118
-1.00622
377.726
328.751
279.828
231.037
182.433
133.957
85.8908
39.2857
9.96352
-0.417675
-0.47576
-0.543562
-0.610365
-0.676727
-0.740278
-0.806652
-0.883415
-0.966247
-1.02216
-1.03389
376.811
327.696
278.489
229.186
179.666
129.673
79.2408
30.3817
3.69668
-0.369817
-0.453533
-0.517688
-0.589992
-0.664896
-0.738509
-0.80609
-0.882634
-0.96379
-1.03178
-1.0416
376.045
326.821
277.397
227.737
177.534
126.507
74.1479
23.5987
1.10437
-0.340736
-0.413014
-0.475204
-0.549823
-0.631484
-0.71692
-0.793047
-0.864647
-0.937244
-0.991164
-1.02207
375.504
326.211
276.656
226.728
175.898
124.73
72.4292
23.0544
1.20914
-0.335472
-0.388165
-0.442246
-0.50812
-0.592234
-0.685278
-0.772556
-0.845577
-0.911913
-0.968027
-1.00932
375.254
325.94
276.415
226.354
175.641
124.134
73.3171
26.4704
2.77881
-0.32977
-0.386175
-0.431273
-0.487591
-0.566476
-0.660763
-0.753645
-0.830678
-0.895313
-0.946295
-0.984391
-1.03
-1.08494
-1.13553
-1.18169
-1.22713
-1.27825
-1.3341
-1.39856
-1.47011
-1.53668
-1.5876
-1.61979
-1.65684
-1.70729
-1.75756
-1.79706
-1.83169
-1.86681
-1.90882
-1.95414
-1.08099
-1.12989
-1.17859
-1.22572
-1.27016
-1.31694
-1.37288
-1.44858
-1.52819
-1.58056
-1.60455
-1.62395
-1.652
-1.70792
-1.76286
-1.80523
-1.83912
-1.87088
-1.9103
-1.95442
-1.09851
-1.15112
-1.2028
-1.25804
-1.31315
-1.37594
-1.45047
-1.52504
-1.58101
-1.60389
-1.61089
-1.61355
-1.62701
-1.68643
-1.75627
-1.80545
-1.84189
-1.87632
-1.91509
-1.95648
-1.07155
-1.14143
-1.21176
-1.27846
-1.33639
-1.40529
-1.48525
-1.54399
-1.56916
-1.58136
-1.59559
-1.61433
-1.64358
-1.68924
-1.74694
-1.79726
-1.84191
-1.88416
-1.92444
-1.96288
-1.013
-1.09697
-1.19531
-1.26972
-1.32495
-1.38861
-1.46034
-1.50683
-1.53475
-1.56337
-1.59118
-1.62291
-1.66176
-1.70809
-1.75675
-1.79695
-1.83485
-1.87922
-1.92458
-1.96413
-0.96812
-1.07748
-1.21225
-1.30908
-1.35172
-1.39254
-1.43285
-1.46368
-1.50268
-1.55116
-1.59398
-1.63451
-1.67533
-1.7179
-1.76362
-1.80562
-1.83679
-1.86818
-1.90941
-1.95246
-0.970384
-1.11413
-1.27632
-1.40325
-1.47399
-1.47604
-1.44465
-1.4365
-1.48493
-1.54692
-1.59526
-1.63819
-1.67482
-1.71189
-1.75909
-1.80423
-1.83848
-1.86626
-1.89782
-1.93738
-1.03368
-1.17208
-1.33345
-1.47606
-1.56206
-1.55143
-1.47286
-1.4444
-1.48345
-1.53666
-1.58638
-1.62782
-1.6607
-1.69786
-1.74513
-1.79234
-1.83078
-1.863
-1.89387
-1.92942
-1.06683
-1.19553
-1.3413
-1.47135
-1.55051
-1.54648
-1.48141
-1.46266
-1.49078
-1.52895
-1.57022
-1.60781
-1.64353
-1.68408
-1.72935
-1.77426
-1.81537
-1.85249
-1.88862
-1.92865
-1.07966
-1.19439
-1.31678
-1.42747
-1.48972
-1.49794
-1.47303
-1.46924
-1.48802
-1.51855
-1.55559
-1.59278
-1.63316
-1.67761
-1.72296
-1.76676
-1.80752
-1.84819
-1.89173
-1.93944
-1.06969
-1.17201
-1.27888
-1.37762
-1.43611
-1.45607
-1.45514
-1.46116
-1.48007
-1.51103
-1.55094
-1.59264
-1.63766
-1.68572
-1.73333
-1.77703
-1.81841
-1.86011
-1.90341
-1.95199
-1.05008
-1.1344
-1.23304
-1.33386
-1.4009
-1.42841
-1.43784
-1.44863
-1.47007
-1.50336
-1.54649
-1.59284
-1.64072
-1.68866
-1.73434
-1.77673
-1.81768
-1.86047
-1.90647
-1.95653
-1.03177
-1.09682
-1.18913
-1.29867
-1.37394
-1.4061
-1.42114
-1.43407
-1.4543
-1.48574
-1.52717
-1.57366
-1.62237
-1.67156
-1.71929
-1.76588
-1.81092
-1.85654
-1.90376
-1.95277
-1.01758
-1.0568
-1.1234
-1.25004
-1.35078
-1.38823
-1.40396
-1.41612
-1.43309
-1.4589
-1.49402
-1.53651
-1.58588
-1.63959
-1.69778
-1.75344
-1.80444
-1.85256
-1.90033
-1.94834
-1.01783
-1.03334
-1.06053
-1.15162
-1.27691
-1.36389
-1.39653
-1.41054
-1.42208
-1.44026
-1.46894
-1.50806
-1.56058
-1.62082
-1.68337
-1.7444
-1.79959
-1.849
-1.89708
-1.94491
-1.03121
-1.04463
-1.05866
-1.11821
-1.2263
-1.34463
-1.41189
-1.43592
-1.44255
-1.45868
-1.49061
-1.54039
-1.58754
-1.6392
-1.69768
-1.75501
-1.80367
-1.84699
-1.89301
-1.94081
-1.0401
-1.05477
-1.08126
-1.12184
-1.2026
-1.32197
-1.4182
-1.46951
-1.49452
-1.51495
-1.54099
-1.57604
-1.61967
-1.66628
-1.71812
-1.76677
-1.80623
-1.84415
-1.88825
-1.93569
-1.04015
-1.06562
-1.10201
-1.15017
-1.21888
-1.31264
-1.40523
-1.46497
-1.50017
-1.52653
-1.55337
-1.58218
-1.61451
-1.65408
-1.70419
-1.75607
-1.79985
-1.84021
-1.88368
-1.93038
-1.03791
-1.06977
-1.11453
-1.1681
-1.23152
-1.30964
-1.39
-1.45124
-1.49441
-1.52755
-1.5563
-1.58203
-1.60724
-1.63741
-1.67908
-1.73722
-1.80007
-1.85098
-1.88846
-1.92841
-1.01801
-1.06347
-1.11557
-1.16939
-1.22712
-1.29175
-1.36076
-1.42209
-1.46899
-1.50699
-1.53849
-1.56981
-1.60521
-1.64537
-1.69279
-1.74807
-1.80349
-1.84586
-1.8793
-1.92307
)
;
    }
    procBoundary0to2
    {
        type            processor;
        value           nonuniform List<scalar> 
200
(
-1.99418
-1.99415
-1.99432
-1.99461
-1.99498
-1.99539
-1.99585
-1.9965
-1.99746
-1.99884
-1.99414
-1.99407
-1.99415
-1.99443
-1.99487
-1.99524
-1.99563
-1.99625
-1.99722
-1.9985
-1.9941
-1.99402
-1.99378
-1.99366
-1.99419
-1.99469
-1.99511
-1.99581
-1.99703
-1.99852
-1.99381
-1.9936
-1.99305
-1.99246
-1.99319
-1.99391
-1.99429
-1.99487
-1.9963
-1.99817
-1.99341
-1.9933
-1.99279
-1.99202
-1.99241
-1.99296
-1.99312
-1.99328
-1.99439
-1.99484
-1.99306
-1.99304
-1.99276
-1.99222
-1.99215
-1.99209
-1.9917
-1.99113
-1.99104
-1.98693
-1.99295
-1.99278
-1.9928
-1.99255
-1.99205
-1.99146
-1.99049
-1.989
-1.98713
-1.98161
-1.99282
-1.99234
-1.99235
-1.99224
-1.99179
-1.99121
-1.9899
-1.98817
-1.98587
-1.98129
-1.99273
-1.99228
-1.99214
-1.9919
-1.99165
-1.99113
-1.99011
-1.98915
-1.9882
-1.9839
-1.99286
-1.99253
-1.99224
-1.99172
-1.99176
-1.99188
-1.99185
-1.99185
-1.99242
-1.99253
-1.99313
-1.9928
-1.99256
-1.99245
-1.99239
-1.99234
-1.99215
-1.99253
-1.99417
-2.00045
-1.99359
-1.99329
-1.99303
-1.99288
-1.99287
-1.9929
-1.99297
-1.99354
-1.9947
-2.00207
-1.9943
-1.99395
-1.99366
-1.99351
-1.99359
-1.99376
-1.99364
-1.99367
-1.99436
-1.99841
-1.99499
-1.99485
-1.99445
-1.99431
-1.99461
-1.99487
-1.99482
-1.99427
-1.99385
-1.99458
-1.99536
-1.99564
-1.99567
-1.99535
-1.99555
-1.99678
-1.99756
-1.99585
-1.99395
-1.99279
-1.99573
-1.99619
-1.99674
-1.99733
-1.99853
-1.99955
-2.00016
-1.99732
-1.99376
-1.99075
-1.99697
-1.99813
-1.99909
-1.99995
-2.00211
-2.00354
-2.00223
-1.99804
-1.99301
-1.9883
-1.99835
-1.9996
-2.0016
-2.00399
-2.00602
-2.00621
-2.00368
-1.99867
-1.99203
-1.98545
-1.99974
-2.00008
-2.00203
-2.00461
-2.00685
-2.0072
-2.00475
-1.99905
-1.99135
-1.98335
-1.99986
-2.00008
-2.00166
-2.0041
-2.00613
-2.00617
-2.00314
-1.99711
-1.98924
-1.98099
)
;
    }
}


// ************************************************************************* //
