/*--------------------------------*- C++ -*----------------------------------*\
| =========                 |                                                 |
| \\      /  F ield         | OpenFOAM: The Open Source CFD Toolbox           |
|  \\    /   O peration     | Version:  2312                                  |
|   \\  /    A nd           | Website:  www.openfoam.com                      |
|    \\/     M anipulation  |                                                 |
\*---------------------------------------------------------------------------*/
FoamFile
{
    version     2.0;
    format      ascii;
    arch        "LSB;label=32;scalar=64";
    class       volScalarField;
    location    "0.38";
    object      p;
}
// * * * * * * * * * * * * * * * * * * * * * * * * * * * * * * * * * * * * * //

dimensions      [1 -1 -2 0 0 0 0];

internalField   nonuniform List<scalar> 
8000
(
357.616
356.252
353.696
350.211
346.019
341.325
336.991
333.177
330.762
329.274
309.055
307.574
304.745
300.854
296.188
291.277
286.344
281.984
279.12
277.397
260.998
259.257
255.949
251.327
245.508
239.66
233.91
228.632
224.339
222.096
213.697
211.588
207.542
201.288
194.284
186.882
179.535
172.694
166.049
162.51
167.003
164.359
158.971
151.094
141.81
132.032
122.809
115.481
108.451
105.54
121.913
118.518
111.589
101.328
88.7332
75.7
62.4743
47.0143
31.6504
25.8957
79.3811
75.1486
66.2277
52.8733
37.0951
21.0464
10.8837
5.88034
2.41142
1.5129
40.6515
36.6299
28.0204
15.7702
4.83053
0.599776
0.0502908
0.0342063
0.0958738
0.118524
9.64925
7.85944
4.44571
0.929787
-0.0784887
-0.0942219
-0.0940893
-0.11686
-0.0848767
-0.0627659
-0.240942
-0.309139
-0.382598
-0.448007
-0.420179
-0.36297
-0.309307
-0.28086
-0.248315
-0.230857
-0.548164
-0.54465
-0.539399
-0.5357
-0.525425
-0.482926
-0.437044
-0.405863
-0.376469
-0.364481
-0.628293
-0.621461
-0.608442
-0.592639
-0.56531
-0.534684
-0.512867
-0.496051
-0.470448
-0.456891
-0.639677
-0.635933
-0.626189
-0.612129
-0.591633
-0.580022
-0.571128
-0.560729
-0.543525
-0.528891
-0.643887
-0.642869
-0.638636
-0.632167
-0.625524
-0.624151
-0.620561
-0.61325
-0.60378
-0.590492
-0.673575
-0.673998
-0.67268
-0.670347
-0.668893
-0.668854
-0.669051
-0.664802
-0.660026
-0.647988
-0.720765
-0.720918
-0.720507
-0.720082
-0.720238
-0.721235
-0.72239
-0.719311
-0.716117
-0.706817
-0.771577
-0.771957
-0.772362
-0.773529
-0.775412
-0.77861
-0.783398
-0.777818
-0.773848
-0.766806
-0.822649
-0.823458
-0.824379
-0.827062
-0.831755
-0.842866
-0.851643
-0.838718
-0.832812
-0.825273
-0.873961
-0.874964
-0.876712
-0.879498
-0.884114
-0.897676
-0.907977
-0.894813
-0.884434
-0.87457
-0.924894
-0.925684
-0.927003
-0.929097
-0.933339
-0.943154
-0.947612
-0.935823
-0.927581
-0.922265
358.371
357.022
354.485
351.002
346.851
342.429
338.202
334.626
332.194
330.732
309.822
308.424
305.553
301.728
297.164
292.313
287.636
283.59
280.767
279.134
261.834
260.103
256.85
252.26
246.741
240.801
235.367
230.417
226.563
224.319
214.611
212.518
208.504
202.663
195.82
188.739
181.258
174.682
169.271
165.981
167.976
165.363
160.184
152.653
143.537
133.803
124.47
116.854
110.562
108.333
122.814
119.587
112.959
103.043
90.8462
77.948
65.8205
51.8966
36.3022
31.1982
79.4736
75.6393
67.1384
53.9286
37.7525
22.1222
11.0235
5.98005
3.02464
2.38779
37.4028
34.232
26.699
15.3303
5.41042
0.803874
-0.0237635
-0.026666
0.0686772
0.117176
5.35585
4.66509
2.83016
0.60234
-0.271563
-0.276684
-0.188127
-0.182808
-0.143835
-0.0951769
-0.431945
-0.469671
-0.498525
-0.521439
-0.505207
-0.46419
-0.386936
-0.34414
-0.303448
-0.270915
-0.631602
-0.634709
-0.630016
-0.622761
-0.603826
-0.551144
-0.476443
-0.442929
-0.409958
-0.388568
-0.710903
-0.712848
-0.698623
-0.678841
-0.643661
-0.580305
-0.53231
-0.512786
-0.487994
-0.472868
-0.721177
-0.717584
-0.700117
-0.671264
-0.634494
-0.600821
-0.582205
-0.569682
-0.552732
-0.540609
-0.689135
-0.68567
-0.673333
-0.653119
-0.634112
-0.626298
-0.624018
-0.617974
-0.60932
-0.598281
-0.691494
-0.689223
-0.682152
-0.673123
-0.666288
-0.665902
-0.669815
-0.666765
-0.662764
-0.653379
-0.729456
-0.72759
-0.723905
-0.72009
-0.718093
-0.720717
-0.725784
-0.720945
-0.71715
-0.710827
-0.775144
-0.774848
-0.773799
-0.773823
-0.776039
-0.782187
-0.787784
-0.780116
-0.774694
-0.772489
-0.823907
-0.824808
-0.825798
-0.828466
-0.833362
-0.845113
-0.852382
-0.843765
-0.837485
-0.83488
-0.874697
-0.875837
-0.877395
-0.880258
-0.887074
-0.901078
-0.910586
-0.901789
-0.897328
-0.88949
-0.92514
-0.926082
-0.927361
-0.929607
-0.935711
-0.947984
-0.955356
-0.94721
-0.94277
-0.932395
359.794
358.441
356.038
352.682
348.668
344.428
340.262
336.822
334.688
333.27
311.257
309.867
307.239
303.59
299.213
294.636
290.036
286.074
283.589
282.029
263.402
261.785
258.784
254.367
249.026
243.559
238.226
233.655
230.408
228.548
216.298
214.373
210.796
205.078
198.593
191.738
184.763
179.013
174.722
172.342
169.979
167.52
162.711
155.717
147.167
137.886
128.538
122.189
116.927
115.377
124.817
121.84
115.792
106.729
95.4107
83.4399
73.4802
62.3158
51.465
47.3653
80.7471
77.4634
69.8844
57.836
42.6042
27.6509
15.2489
9.38695
5.89741
5.89109
37.3527
34.6523
27.9412
17.7973
7.41038
1.95841
0.173085
-0.073903
-0.0375787
0.0627887
4.33507
4.0197
2.82753
1.10905
-0.225761
-0.371083
-0.267044
-0.219775
-0.19061
-0.127188
-0.464357
-0.482411
-0.495574
-0.511089
-0.527487
-0.49783
-0.441895
-0.391615
-0.346585
-0.298674
-0.585111
-0.590492
-0.59251
-0.59533
-0.583825
-0.544442
-0.492794
-0.460189
-0.433635
-0.409878
-0.651233
-0.652498
-0.648188
-0.639665
-0.622258
-0.585903
-0.544659
-0.519927
-0.499366
-0.486088
-0.685371
-0.686724
-0.680613
-0.667086
-0.641607
-0.615245
-0.590965
-0.571381
-0.557492
-0.549144
-0.689451
-0.687179
-0.677668
-0.660714
-0.646962
-0.636407
-0.626018
-0.610961
-0.607099
-0.602691
-0.705035
-0.702071
-0.694648
-0.685599
-0.677151
-0.673356
-0.668351
-0.655059
-0.657472
-0.656925
-0.739378
-0.737687
-0.733603
-0.729058
-0.726279
-0.726041
-0.722237
-0.707726
-0.714941
-0.715888
-0.781238
-0.781166
-0.779998
-0.779504
-0.780684
-0.784895
-0.782729
-0.770611
-0.780838
-0.782607
-0.827487
-0.828692
-0.82957
-0.831304
-0.835078
-0.842962
-0.843549
-0.837208
-0.850209
-0.852758
-0.876463
-0.877961
-0.879335
-0.881913
-0.887865
-0.898546
-0.902296
-0.900045
-0.909034
-0.909411
-0.925708
-0.927121
-0.928322
-0.930619
-0.936432
-0.947304
-0.953573
-0.951767
-0.952242
-0.94653
361.714
360.581
358.266
355.038
351.235
347.252
343.539
340.325
338.178
336.954
313.345
312.042
309.563
306.111
302.025
297.727
293.582
289.97
287.564
286.231
265.713
264.209
261.352
257.309
252.494
247.391
242.472
238.181
235.311
233.803
218.911
217.12
213.67
208.673
202.726
196.413
190.263
184.666
181.207
179.389
173.053
170.833
166.502
160.207
152.462
143.835
135.518
128.36
124.472
122.782
128.29
125.458
120.192
112.311
101.89
90.9172
80.4272
72.807
65.1038
62.4509
83.9458
81.3015
74.7596
64.4051
50.8592
35.7142
22.5532
14.2377
10.7114
11.1084
41.6432
39.0963
32.6033
23.1744
12.0865
4.21902
1.15546
0.115819
-0.0661362
0.0572172
7.73653
7.15507
5.01911
2.1754
0.0924075
-0.358085
-0.331562
-0.267842
-0.216208
-0.127206
-0.450842
-0.471339
-0.478329
-0.481874
-0.503585
-0.48084
-0.464096
-0.43832
-0.408794
-0.334462
-0.556737
-0.561826
-0.562748
-0.564225
-0.559976
-0.536468
-0.506779
-0.482564
-0.480979
-0.443942
-0.607203
-0.611278
-0.613326
-0.611624
-0.602956
-0.583716
-0.559524
-0.541038
-0.530857
-0.507054
-0.64731
-0.649685
-0.648559
-0.64345
-0.632951
-0.616804
-0.598117
-0.583907
-0.577567
-0.562685
-0.674941
-0.676177
-0.671593
-0.663638
-0.654834
-0.642982
-0.629807
-0.621804
-0.620522
-0.614309
-0.707352
-0.707768
-0.702545
-0.695689
-0.689147
-0.680661
-0.670204
-0.665297
-0.667558
-0.66122
-0.745414
-0.745568
-0.741985
-0.737782
-0.734059
-0.729469
-0.721241
-0.718628
-0.722175
-0.719441
-0.78638
-0.787206
-0.786155
-0.784979
-0.783633
-0.781854
-0.77817
-0.779061
-0.782773
-0.781875
-0.830457
-0.832602
-0.833178
-0.834105
-0.835384
-0.837479
-0.837022
-0.842743
-0.850222
-0.848249
-0.877583
-0.880033
-0.881184
-0.883306
-0.887086
-0.894024
-0.896964
-0.90363
-0.912063
-0.907692
-0.925614
-0.928196
-0.929256
-0.93143
-0.935534
-0.94345
-0.950213
-0.955968
-0.958179
-0.949474
363.944
362.91
360.84
357.705
354.303
350.671
347.33
344.338
342.277
341.151
315.824
314.637
312.347
309.122
305.371
301.419
297.661
294.317
292.096
290.874
268.559
267.175
264.535
260.831
256.447
251.796
247.339
243.304
240.659
239.473
222.323
220.636
217.452
212.934
207.533
201.803
196.407
191.799
188.768
186.772
177.267
175.187
171.241
165.561
158.622
151.055
143.488
137.586
133.281
131.97
133.509
130.945
126.046
118.876
109.887
100.141
90.6421
82.7829
77.3185
75.7325
90.3321
87.5854
81.6382
72.5504
61.1243
47.975
34.9866
25.8436
20.9284
21.1006
48.7305
46.1466
40.0052
30.7199
19.9072
9.26181
3.99485
1.65575
0.880187
0.917326
12.9417
12.27
9.51132
4.93909
1.13425
-0.20072
-0.356846
-0.335044
-0.289921
-0.130764
-0.407705
-0.469709
-0.474841
-0.470062
-0.482493
-0.459392
-0.458474
-0.463094
-0.464796
-0.386223
-0.533725
-0.540741
-0.542166
-0.540057
-0.539564
-0.520953
-0.518216
-0.514433
-0.54493
-0.491003
-0.576854
-0.581964
-0.583833
-0.582967
-0.580712
-0.573944
-0.569484
-0.569975
-0.59229
-0.537105
-0.62819
-0.62992
-0.628081
-0.624598
-0.620341
-0.613096
-0.608837
-0.610439
-0.617662
-0.582618
-0.670549
-0.671895
-0.666418
-0.660768
-0.654976
-0.646387
-0.641155
-0.641486
-0.639442
-0.625386
-0.712407
-0.713063
-0.706417
-0.700743
-0.694726
-0.686763
-0.681545
-0.679269
-0.67495
-0.665752
-0.75032
-0.751559
-0.747737
-0.743846
-0.739339
-0.733717
-0.730283
-0.727573
-0.723237
-0.718793
-0.787502
-0.791222
-0.790554
-0.789402
-0.787286
-0.784719
-0.783018
-0.783123
-0.778905
-0.775633
-0.829877
-0.834851
-0.835672
-0.836612
-0.836904
-0.837555
-0.837636
-0.840876
-0.840314
-0.836165
-0.876496
-0.881348
-0.882503
-0.884513
-0.886511
-0.889792
-0.892665
-0.895684
-0.895908
-0.889946
-0.924039
-0.928934
-0.9299
-0.932143
-0.934436
-0.938231
-0.942751
-0.945663
-0.945064
-0.939095
366.695
365.74
363.717
360.621
357.5
354.222
351.219
348.506
346.574
345.537
318.651
317.496
315.387
312.373
308.92
305.318
301.921
298.998
296.924
295.883
271.72
270.402
267.98
264.582
260.587
256.378
252.374
248.9
246.514
245.284
226.077
224.455
221.563
217.464
212.601
207.462
202.663
198.478
195.602
194.053
181.95
179.904
176.34
171.235
165.082
158.527
152.432
146.842
143.09
141.431
139.364
136.815
132.375
125.986
118.169
109.743
101.657
94.9595
90.2618
88.2399
97.754
94.9614
89.4929
81.3017
71.3931
60.8186
50.4001
41.5025
36.5204
36.2811
58.2355
55.4856
49.4426
40.0271
29.4003
19.4073
11.2653
6.52375
4.89851
5.28583
20.934
19.2751
16.1099
10.3773
4.38432
0.964304
-0.0623577
-0.266634
-0.285698
-0.125424
0.110835
-0.18163
-0.396462
-0.469292
-0.471939
-0.478561
-0.478637
-0.480878
-0.482136
-0.420331
-0.473041
-0.494574
-0.525249
-0.531783
-0.534473
-0.534689
-0.535901
-0.54386
-0.582807
-0.522555
-0.575914
-0.576006
-0.571289
-0.574051
-0.575477
-0.576216
-0.585895
-0.598413
-0.649971
-0.566648
-0.627789
-0.631404
-0.624896
-0.621574
-0.619151
-0.617095
-0.623566
-0.639605
-0.659429
-0.602263
-0.685169
-0.683399
-0.671568
-0.6641
-0.658579
-0.653054
-0.654142
-0.6593
-0.657693
-0.634533
-0.736465
-0.726907
-0.715222
-0.707079
-0.700524
-0.693809
-0.690769
-0.687025
-0.677383
-0.670438
-0.76561
-0.761295
-0.755259
-0.749965
-0.744687
-0.738999
-0.734624
-0.728952
-0.720674
-0.717014
-0.787845
-0.795104
-0.794877
-0.793685
-0.79091
-0.787449
-0.783945
-0.779833
-0.774068
-0.772387
-0.826184
-0.835968
-0.837921
-0.839106
-0.838539
-0.837359
-0.83569
-0.834139
-0.831023
-0.828589
-0.872545
-0.882408
-0.883893
-0.88588
-0.886583
-0.88699
-0.887016
-0.886658
-0.884544
-0.882161
-0.91744
-0.929708
-0.930588
-0.933075
-0.934144
-0.935032
-0.935746
-0.935807
-0.934179
-0.932194
369.14
368.342
366.425
363.855
360.883
357.863
354.904
352.42
350.647
349.665
321.558
320.363
318.328
315.569
312.361
309.042
305.919
303.311
301.403
300.481
274.74
273.471
271.272
268.159
264.508
260.675
257.06
253.982
251.84
250.666
229.585
228.033
225.518
221.775
217.367
212.745
208.417
204.769
202.251
200.894
186.308
184.342
181.233
176.61
171.116
165.318
159.865
155.244
152.069
150.511
144.97
142.475
138.544
132.716
125.839
118.564
111.865
106.127
102.279
100.529
105.464
102.567
97.5422
89.9645
81.0597
72.0637
63.7928
56.9194
52.6263
51.6887
68.8877
65.569
59.5425
50.3824
39.6882
29.9527
22.2851
16.643
13.7884
14.657
35.1968
31.4051
26.0664
16.8913
10.0057
4.47786
1.76458
0.811098
0.308466
0.536194
5.66666
4.51387
2.25725
-0.233477
-0.470773
-0.467968
-0.468825
-0.482396
-0.494755
-0.441544
-0.354989
-0.533023
-0.530283
-0.512949
-0.529751
-0.534954
-0.547048
-0.565372
-0.601346
-0.532584
-0.566316
-0.591734
-0.586717
-0.572966
-0.572966
-0.57855
-0.596884
-0.620383
-0.677899
-0.596014
-0.632336
-0.633238
-0.631385
-0.624562
-0.621642
-0.622298
-0.63642
-0.663098
-0.697238
-0.622577
-0.71166
-0.688405
-0.68287
-0.671081
-0.663849
-0.659395
-0.664193
-0.674155
-0.677037
-0.641192
-0.760759
-0.737311
-0.726867
-0.714781
-0.706187
-0.69931
-0.697073
-0.692787
-0.680719
-0.671853
-0.765201
-0.768876
-0.76376
-0.7566
-0.749661
-0.742898
-0.737811
-0.730657
-0.719902
-0.716103
-0.770158
-0.79816
-0.798536
-0.798362
-0.794738
-0.789775
-0.784921
-0.778703
-0.771887
-0.770532
-0.81981
-0.837432
-0.840889
-0.842432
-0.840892
-0.838095
-0.83477
-0.830682
-0.826449
-0.825005
-0.87353
-0.887781
-0.887189
-0.888168
-0.887715
-0.886406
-0.884458
-0.882006
-0.879408
-0.878199
-0.921162
-0.935894
-0.933893
-0.934896
-0.93484
-0.934241
-0.933081
-0.931569
-0.929991
-0.929244
371.066
370.39
368.755
366.428
363.523
360.685
357.985
355.723
354.118
353.338
323.383
322.613
320.906
318.283
315.231
312.138
309.265
306.953
305.191
304.345
277.096
276.059
274.327
271.157
267.825
264.288
260.98
258.257
256.355
255.436
232.407
231.09
229.009
225.451
221.393
217.157
213.239
210.12
207.883
206.711
189.696
188.092
185.45
181.182
176.146
170.885
165.989
162.056
159.427
158.085
149.341
147.343
143.941
138.497
132.159
125.632
119.652
114.999
111.999
110.587
111.49
109.056
104.567
97.4339
89.1772
81.0771
74.0612
68.8493
65.7061
64.8302
76.2201
73.4896
67.9309
59.413
49.0615
39.2955
31.682
26.8298
25.0568
26.2994
45.0559
40.9271
34.0367
25.9882
15.6901
9.04513
4.58365
2.49605
2.23278
3.45369
19.2923
14.0915
7.80696
2.2666
-0.39795
-0.471042
-0.463348
-0.469422
-0.475586
-0.373304
1.51915
0.0819459
-0.51855
-0.534259
-0.526077
-0.537681
-0.54753
-0.568656
-0.605124
-0.529742
-0.817431
-0.567097
-0.591572
-0.58925
-0.570363
-0.580875
-0.603752
-0.636192
-0.687571
-0.610851
-0.262164
-0.637047
-0.633769
-0.629604
-0.622574
-0.626407
-0.646514
-0.680687
-0.722356
-0.636397
-0.521676
-0.705258
-0.697903
-0.678856
-0.668234
-0.664431
-0.672933
-0.687193
-0.694923
-0.646458
-0.799225
-0.776307
-0.744275
-0.724548
-0.711997
-0.703741
-0.702605
-0.698483
-0.68711
-0.673386
-0.784698
-0.799544
-0.779324
-0.767578
-0.755735
-0.746465
-0.741294
-0.733082
-0.721744
-0.717405
-0.791386
-0.819396
-0.806938
-0.806596
-0.799953
-0.792374
-0.786575
-0.779413
-0.772266
-0.770536
-0.832578
-0.851484
-0.843953
-0.847093
-0.844396
-0.839844
-0.835304
-0.829858
-0.824492
-0.823817
-0.902149
-0.903169
-0.892388
-0.891351
-0.88989
-0.887218
-0.884198
-0.880783
-0.877824
-0.876456
-0.953881
-0.950068
-0.938142
-0.937469
-0.93632
-0.934707
-0.932744
-0.930571
-0.928703
-0.92789
372.91
372.083
370.282
368.125
365.364
362.637
360.124
358.036
356.571
355.869
325.346
324.396
322.582
320.281
317.186
314.326
311.599
309.451
307.871
307.099
278.606
277.972
276.086
273.397
270.23
266.866
263.735
261.288
259.56
258.76
233.735
233.328
231.201
228.038
224.26
220.265
216.644
213.919
211.885
210.894
190.674
190.782
188.233
184.408
179.711
174.773
170.262
166.707
164.563
163.461
150.147
150.579
147.614
142.594
136.629
130.511
124.941
121.02
118.651
117.527
112.574
113.273
109.485
102.649
94.7169
87.0999
80.5815
76.5774
74.6622
73.9261
76.9428
78.4214
74.1956
65.593
55.1901
45.5809
38.2663
33.8228
33.1533
35.3588
44.2014
46.6644
42.2322
31.4163
19.1324
12.1707
6.96881
3.85663
4.22788
6.93158
20.8454
20.2108
14.7482
4.43558
-0.178383
-0.473933
-0.461008
-0.463695
-0.446775
-0.279279
13.0962
2.60094
0.134324
-0.542573
-0.496973
-0.540627
-0.551402
-0.571893
-0.609259
-0.526598
13.9718
-0.604931
-0.582732
-0.602632
-0.579957
-0.583465
-0.608125
-0.645836
-0.697767
-0.618354
12.9437
-0.13724
-0.689525
-0.644303
-0.634173
-0.631506
-0.652691
-0.690264
-0.735056
-0.641827
5.79761
-0.378352
-0.733914
-0.701681
-0.682984
-0.668746
-0.678154
-0.694488
-0.702796
-0.648425
-0.680052
-0.710465
-0.76634
-0.746544
-0.724733
-0.705974
-0.704742
-0.702811
-0.692989
-0.675177
-0.810656
-0.839763
-0.806419
-0.788832
-0.768617
-0.748724
-0.741807
-0.734913
-0.725622
-0.720799
-0.702844
-0.875034
-0.841948
-0.828037
-0.813057
-0.79621
-0.787917
-0.780197
-0.773623
-0.771687
-0.596294
-0.871254
-0.86787
-0.861815
-0.853784
-0.843312
-0.8368
-0.830343
-0.824768
-0.823834
-0.666634
-0.922027
-0.91285
-0.899227
-0.89529
-0.889312
-0.88505
-0.880737
-0.876942
-0.875846
-0.705391
-0.958848
-0.955304
-0.941503
-0.939558
-0.935962
-0.933224
-0.930501
-0.928286
-0.927462
374.54
373.286
371.141
369.176
366.517
363.639
361.284
359.254
357.842
357.162
328.533
325.411
323.665
321.387
318.489
315.526
312.943
310.762
309.265
308.512
281.908
278.946
277.42
274.801
271.676
268.319
265.297
262.898
261.224
260.422
236.916
234.37
232.859
229.721
225.785
221.844
218.368
215.716
213.936
213.062
194.557
191.848
190.417
186.578
181.769
176.825
172.392
169.223
167.209
166.289
155.082
152.032
150.263
145.309
139.213
133.046
127.72
124.014
121.956
120.985
118.989
115.611
112.576
105.746
97.6159
89.9285
83.3664
79.8635
78.4272
78.2387
81.7958
82.2532
77.9678
68.8971
58.1245
48.3812
40.9423
36.6366
36.4973
39.4957
46.9612
51.0266
47.9643
34.6412
20.8975
13.2076
7.80374
4.321
5.04798
8.79101
28.3771
24.3253
20.7934
5.47184
0.0188665
-0.420962
-0.437772
-0.450122
-0.414243
-0.229976
22.6275
9.72088
1.38552
-0.387065
-0.482798
-0.534753
-0.549058
-0.573681
-0.613136
-0.522237
21.1075
9.33802
-1.0746
-0.594462
-0.574437
-0.581073
-0.60549
-0.649476
-0.704568
-0.620376
22.5854
11.2919
-0.464221
-0.635791
-0.61795
-0.625289
-0.647564
-0.69044
-0.734104
-0.641027
16.4043
7.53805
-0.507999
-0.687758
-0.666416
-0.658325
-0.670452
-0.689637
-0.697539
-0.646287
10.6494
1.41791
-0.645582
-0.745049
-0.714255
-0.697297
-0.69792
-0.699076
-0.690328
-0.674467
9.16221
-0.727378
-0.807623
-0.792577
-0.766328
-0.743671
-0.738049
-0.734619
-0.726957
-0.721769
10.0315
-0.66637
-0.85115
-0.831462
-0.823579
-0.796057
-0.787042
-0.781702
-0.775602
-0.772833
11.2328
-0.446429
-0.851485
-0.855363
-0.863574
-0.848055
-0.838896
-0.832251
-0.826284
-0.82429
9.14691
-0.944089
-0.90456
-0.898095
-0.89697
-0.890178
-0.886058
-0.881503
-0.877504
-0.876161
5.00558
-0.95662
-0.946497
-0.941041
-0.939962
-0.936558
-0.933867
-0.930949
-0.928608
-0.927681
374.265
372.719
370.986
369.093
366.363
363.589
361.274
359.222
357.794
357.05
328.67
325.338
323.395
321.314
318.385
315.447
312.858
310.705
309.245
308.454
282.18
278.954
277.197
274.686
271.539
268.176
265.2
262.829
261.194
260.358
237.209
234.387
232.725
229.616
225.757
221.861
218.328
215.675
213.912
213.005
194.559
191.828
190.337
186.553
181.779
176.824
172.312
169.203
167.182
166.224
154.743
151.919
150.246
145.409
139.316
133.083
127.793
124.02
121.918
120.975
118.277
115.463
112.781
106.104
97.9153
90.0191
83.3233
79.802
78.3793
78.2564
80.7108
82.2651
78.5566
69.8208
58.8778
48.7481
41.0684
36.5742
36.4067
39.4928
48.4204
51.6245
49.3721
36.7506
22.635
13.5009
7.81965
4.34217
5.10096
8.89057
34.4068
26.6546
23.526
7.3877
0.320532
-0.386298
-0.431443
-0.448205
-0.412215
-0.231696
29.1196
14.322
2.4981
-0.241606
-0.477966
-0.534352
-0.551349
-0.578952
-0.619406
-0.524335
26.5812
12.2282
-0.769312
-0.570915
-0.581675
-0.581744
-0.606342
-0.651793
-0.706774
-0.618814
18.6691
10.2229
-0.50772
-0.632663
-0.619357
-0.627735
-0.646944
-0.688824
-0.725323
-0.637145
12.2394
5.10787
-0.600545
-0.667389
-0.659117
-0.66205
-0.67126
-0.685311
-0.688559
-0.643129
6.87656
2.04193
-0.614227
-0.698219
-0.695078
-0.69511
-0.698424
-0.696895
-0.686821
-0.673142
3.90951
-0.947231
-0.311548
-0.773494
-0.74837
-0.738062
-0.735695
-0.733934
-0.726868
-0.721271
5.16526
-0.970091
-0.856249
-0.762079
-0.80016
-0.793947
-0.784358
-0.780708
-0.776176
-0.773059
5.5846
-0.878931
-0.887085
-0.912835
-0.856799
-0.849339
-0.839634
-0.832567
-0.827041
-0.82485
6.00257
-0.878162
-0.897463
-0.909452
-0.907568
-0.895804
-0.887856
-0.882538
-0.878349
-0.876808
10.0036
-0.909549
-0.934009
-0.937661
-0.94135
-0.937125
-0.9345
-0.931469
-0.929119
-0.928153
372.857
372.146
370.185
368.116
365.312
362.48
359.994
357.904
356.432
355.676
325.346
324.285
322.478
320.142
317.145
314.222
311.536
309.315
307.732
306.952
278.812
277.877
275.96
273.264
270.112
266.766
263.71
261.313
259.479
258.623
234.013
233.274
231.093
227.825
224.155
220.198
216.581
213.938
211.842
210.961
191.265
190.813
188.267
184.31
179.679
174.735
170.197
166.686
164.559
163.626
151.149
150.804
147.802
142.656
136.703
130.515
124.952
121
118.661
117.567
114.252
113.681
109.756
102.896
94.8925
87.032
80.3133
76.3133
74.4541
74.007
79.735
79.3147
74.6788
66.1348
55.7369
45.7591
38.1679
33.5783
33.0715
35.4593
47.4686
48.3595
42.8737
32.1848
19.9932
12.2266
6.91488
3.83826
4.33048
7.22873
23.2424
21.6842
15.1844
5.0638
-0.144738
-0.455033
-0.455382
-0.470491
-0.456571
-0.297268
13.8861
2.70436
0.0817305
-0.516973
-0.494201
-0.53513
-0.554797
-0.583411
-0.624304
-0.530944
11.6275
-0.250678
-0.575241
-0.582588
-0.574039
-0.578718
-0.609362
-0.650776
-0.702606
-0.613158
9.62936
0.245988
-0.645923
-0.625957
-0.622203
-0.625806
-0.646393
-0.684081
-0.714101
-0.629971
2.72927
-0.0246721
-0.710438
-0.679048
-0.667969
-0.663402
-0.669396
-0.678527
-0.679639
-0.639623
0.462491
-0.838522
-0.770937
-0.733849
-0.710165
-0.701826
-0.699296
-0.694071
-0.683781
-0.673036
0.808714
-0.802741
-0.749108
-0.781001
-0.746684
-0.743623
-0.738999
-0.733843
-0.726237
-0.721884
1.31208
-0.721685
-0.81612
-0.831514
-0.79396
-0.791714
-0.78642
-0.781293
-0.776071
-0.773469
-0.594096
-0.886221
-0.886897
-0.876677
-0.857539
-0.847818
-0.839019
-0.832437
-0.827282
-0.825452
-0.775103
-0.939119
-0.915479
-0.908191
-0.901589
-0.892417
-0.887425
-0.882767
-0.879011
-0.877497
-0.537379
-0.984571
-0.957416
-0.944269
-0.941948
-0.937787
-0.934789
-0.931853
-0.929518
-0.928669
370.951
370.18
368.613
366.277
363.38
360.496
357.786
355.508
353.921
353.162
323.461
322.502
320.767
318.148
315.082
311.965
309.077
306.68
304.973
304.14
277.082
275.997
274.184
271.087
267.679
264.124
260.815
258.075
256.175
255.282
232.481
231.152
229.02
225.338
221.252
216.998
213.046
209.888
207.697
206.505
189.97
188.267
185.52
181.111
176.041
170.753
165.782
161.933
159.321
157.913
149.757
147.642
144.115
138.518
132.124
125.556
119.629
114.944
112.021
110.565
111.975
109.517
104.7
97.4209
89.0582
80.8257
73.7115
68.6812
65.9943
65.0636
76.9556
74.3627
68.1949
59.5376
49.1369
39.1624
31.374
26.6161
25.3295
26.6875
46.5715
42.4879
34.2886
26.0142
15.6523
8.9077
4.55161
2.50945
2.41134
3.78762
20.3509
15.2101
7.58613
2.42328
-0.388364
-0.461538
-0.463924
-0.482368
-0.489971
-0.388066
1.52042
0.166874
-0.499636
-0.515107
-0.517136
-0.531943
-0.552778
-0.582789
-0.62295
-0.531261
-0.864871
-0.537585
-0.581372
-0.57738
-0.565589
-0.577976
-0.60751
-0.637816
-0.692404
-0.598661
-0.551119
-0.618857
-0.624733
-0.620711
-0.617908
-0.622778
-0.641479
-0.67179
-0.69141
-0.6184
-0.721857
-0.708888
-0.689238
-0.670494
-0.662559
-0.660491
-0.664169
-0.667119
-0.665484
-0.63548
-0.759445
-0.758149
-0.732659
-0.715272
-0.706228
-0.700837
-0.696731
-0.688935
-0.679829
-0.67329
-0.739773
-0.780811
-0.763832
-0.763948
-0.752725
-0.745366
-0.738998
-0.732479
-0.724672
-0.72243
-0.70722
-0.810144
-0.813697
-0.814261
-0.803703
-0.793902
-0.786982
-0.780689
-0.775287
-0.773813
-0.457914
-0.865475
-0.867143
-0.860009
-0.852358
-0.843779
-0.837629
-0.832077
-0.827169
-0.825958
-0.86291
-0.906391
-0.9047
-0.899982
-0.896124
-0.890894
-0.886803
-0.882885
-0.879595
-0.878181
-0.978892
-0.950444
-0.94945
-0.942411
-0.94058
-0.937488
-0.934832
-0.932235
-0.930122
-0.929307
369.149
368.215
366.291
363.816
360.475
357.506
354.64
352.168
350.425
349.642
321.459
320.205
318.152
315.397
312.113
308.777
305.658
303.068
301.134
300.221
274.375
273.248
271.064
267.97
264.291
260.437
256.798
253.695
251.572
250.474
229.385
227.826
225.332
221.576
217.152
212.505
208.133
204.449
201.948
200.557
186.235
184.241
181.09
176.436
170.917
165.102
159.653
155.021
151.843
150.205
144.968
142.474
138.46
132.574
125.666
118.36
111.778
105.96
102.191
100.301
105.428
102.636
97.3662
89.6469
80.6671
71.6404
63.4024
56.81
52.9671
51.7948
68.6381
65.8483
59.4796
50.3809
39.6044
29.6082
21.878
16.6471
14.2456
14.7238
34.9653
31.933
25.7209
16.5238
9.71109
4.3503
1.74631
0.829054
0.386902
0.622924
6.3027
4.78153
2.35412
-0.206568
-0.461081
-0.463575
-0.476695
-0.503474
-0.515345
-0.45023
-0.35255
-0.505822
-0.529176
-0.501046
-0.524902
-0.532986
-0.554589
-0.583409
-0.617608
-0.5295
-0.58076
-0.587854
-0.584687
-0.567875
-0.568269
-0.576608
-0.598001
-0.624699
-0.668997
-0.582013
-0.651288
-0.63605
-0.623407
-0.618588
-0.616043
-0.618442
-0.631119
-0.652166
-0.658833
-0.604074
-0.702056
-0.68814
-0.675233
-0.664908
-0.658924
-0.655808
-0.655607
-0.650279
-0.647185
-0.630861
-0.717042
-0.727497
-0.717387
-0.708681
-0.702275
-0.697248
-0.692238
-0.684436
-0.674939
-0.67238
-0.739809
-0.762442
-0.756507
-0.753699
-0.747276
-0.742276
-0.736631
-0.729661
-0.722751
-0.722283
-0.781602
-0.803556
-0.798564
-0.800787
-0.795591
-0.790858
-0.785922
-0.780104
-0.774929
-0.774483
-0.839056
-0.861556
-0.848793
-0.848705
-0.845303
-0.840904
-0.836961
-0.832664
-0.828457
-0.827374
-0.730741
-0.905289
-0.895478
-0.894932
-0.892716
-0.889566
-0.886772
-0.883789
-0.881049
-0.880041
-0.945476
-0.930426
-0.93918
-0.940506
-0.938967
-0.937071
-0.93508
-0.932954
-0.931111
-0.930374
366.469
365.496
363.443
360.454
357.228
353.878
350.917
348.158
346.204
345.139
318.491
317.246
315.132
312.132
308.634
304.988
301.587
298.706
296.554
295.551
271.383
270.116
267.712
264.319
260.306
256.068
252.027
248.533
246.1
244.849
225.735
224.169
221.292
217.187
212.309
207.139
202.276
198.046
195.151
193.548
181.678
179.662
176.078
170.957
164.79
158.214
152.077
146.489
142.693
140.879
139.073
136.611
132.122
125.702
117.853
109.372
101.175
94.6244
89.9346
87.3879
97.4803
94.7367
89.0507
80.7071
70.757
60.3132
50.0535
41.6578
36.887
36.1084
58.1014
55.4996
49.1705
39.7937
28.9175
18.9157
11.1242
6.76685
5.04206
4.68889
21.3871
19.5115
15.3358
9.73707
4.12786
0.913631
-0.0665403
-0.289775
-0.273933
-0.102419
0.113845
-0.156145
-0.394147
-0.475197
-0.480106
-0.484109
-0.493603
-0.505609
-0.499676
-0.419673
-0.485907
-0.494844
-0.52222
-0.532422
-0.536905
-0.536617
-0.544654
-0.560669
-0.595092
-0.51406
-0.576497
-0.568721
-0.568144
-0.569167
-0.572311
-0.573101
-0.584328
-0.603729
-0.62413
-0.550186
-0.627364
-0.621078
-0.618776
-0.616508
-0.61449
-0.613145
-0.617371
-0.625309
-0.620895
-0.585331
-0.679871
-0.671374
-0.665984
-0.660304
-0.655203
-0.650493
-0.646613
-0.638803
-0.633098
-0.627046
-0.716602
-0.713823
-0.709213
-0.703572
-0.698367
-0.692926
-0.686785
-0.678896
-0.671393
-0.671859
-0.749455
-0.753125
-0.751311
-0.748229
-0.743962
-0.739323
-0.733833
-0.727687
-0.721854
-0.72225
-0.789117
-0.796392
-0.796611
-0.795288
-0.792235
-0.788893
-0.785312
-0.781339
-0.776894
-0.776294
-0.846148
-0.850899
-0.846338
-0.84397
-0.841699
-0.83947
-0.837558
-0.835348
-0.832651
-0.830663
-0.892945
-0.899105
-0.893549
-0.891717
-0.890297
-0.889041
-0.888148
-0.886972
-0.88503
-0.882726
-0.926292
-0.943012
-0.939652
-0.938773
-0.937839
-0.936967
-0.936196
-0.93526
-0.933831
-0.932395
363.746
362.594
360.558
357.491
353.941
350.299
346.808
343.833
341.766
340.623
315.565
314.341
312.048
308.827
305.025
301.01
297.214
293.857
291.58
290.373
268.233
266.855
264.218
260.51
256.113
251.442
246.906
242.871
240.052
238.884
221.967
220.296
217.11
212.595
207.193
201.414
195.927
191.199
188.145
186.117
176.937
174.839
170.884
165.208
158.295
150.674
143.126
137.122
132.745
131.259
132.985
130.55
125.655
118.456
109.479
99.7675
90.4419
82.3796
76.6322
75.0412
89.8609
87.0654
80.9514
71.7272
60.3453
47.6321
35.2543
26.5635
21.1507
20.4394
48.4981
45.8974
39.5919
30.1399
19.2892
9.22817
4.02368
1.79384
0.875683
0.615541
13.2083
12.1665
9.00517
4.68273
1.06993
-0.207851
-0.36635
-0.342802
-0.258909
-0.111055
-0.425736
-0.458197
-0.475187
-0.481076
-0.495107
-0.478902
-0.472576
-0.46344
-0.463104
-0.368356
-0.53853
-0.536789
-0.540145
-0.536434
-0.541008
-0.522968
-0.518459
-0.51301
-0.535928
-0.469733
-0.583004
-0.581664
-0.581431
-0.576789
-0.573641
-0.566273
-0.564424
-0.571799
-0.565992
-0.518579
-0.63332
-0.628636
-0.625323
-0.619469
-0.613598
-0.606463
-0.602445
-0.602458
-0.594382
-0.572016
-0.673653
-0.667469
-0.663706
-0.657783
-0.651388
-0.644217
-0.637343
-0.630476
-0.627156
-0.622389
-0.709511
-0.707078
-0.703787
-0.699086
-0.693755
-0.687707
-0.681442
-0.676189
-0.671439
-0.670278
-0.745161
-0.747226
-0.745751
-0.743267
-0.739781
-0.735551
-0.73111
-0.728241
-0.724006
-0.724013
-0.786214
-0.791405
-0.791234
-0.790489
-0.788886
-0.786901
-0.785507
-0.785328
-0.783603
-0.781325
-0.836612
-0.840003
-0.839961
-0.839387
-0.839106
-0.839129
-0.840357
-0.841322
-0.841985
-0.838904
-0.886585
-0.887274
-0.8883
-0.888056
-0.888592
-0.889984
-0.893016
-0.895207
-0.895523
-0.891191
-0.934728
-0.936088
-0.936451
-0.936369
-0.936693
-0.937785
-0.940265
-0.942272
-0.941988
-0.938012
361.45
360.186
357.904
354.752
350.937
346.841
343.016
339.657
337.549
336.321
313.031
311.695
309.214
305.766
301.663
297.268
293.047
289.359
286.932
285.57
265.364
263.86
260.989
256.933
252.125
246.97
241.946
237.559
234.618
233.079
218.524
216.75
213.272
208.298
202.381
195.979
189.52
184.088
180.463
178.562
172.634
170.447
166.096
159.85
152.288
143.279
135.011
127.739
123.513
121.672
127.806
125.11
119.767
111.814
101.534
90.568
80.1742
72.3581
64.1785
61.0227
83.4119
80.5559
73.9332
63.4988
50.2424
35.7135
23.2153
14.9353
10.2972
10.2682
41.2872
38.7385
32.1498
22.5766
11.9034
4.15035
1.16892
0.206613
-0.0232299
0.0616741
7.79619
7.06762
4.8631
2.15856
0.160171
-0.363386
-0.33114
-0.231602
-0.175972
-0.100072
-0.457286
-0.465664
-0.473692
-0.479537
-0.511407
-0.482834
-0.458215
-0.410012
-0.371772
-0.305851
-0.564163
-0.562306
-0.556903
-0.554128
-0.551307
-0.519173
-0.486187
-0.45766
-0.447008
-0.415444
-0.615704
-0.613028
-0.604454
-0.593856
-0.582687
-0.563262
-0.540601
-0.534626
-0.512301
-0.486957
-0.652874
-0.648406
-0.640869
-0.629991
-0.616757
-0.600834
-0.586444
-0.581342
-0.576887
-0.555247
-0.677746
-0.672775
-0.666908
-0.6586
-0.648913
-0.637602
-0.625446
-0.62161
-0.623397
-0.611458
-0.706623
-0.70419
-0.700317
-0.695194
-0.688954
-0.681595
-0.67288
-0.670638
-0.672905
-0.669871
-0.741316
-0.742464
-0.740862
-0.738434
-0.735211
-0.730989
-0.725981
-0.726476
-0.727755
-0.727645
-0.782487
-0.786149
-0.786418
-0.786276
-0.785822
-0.785102
-0.782812
-0.787382
-0.790642
-0.789539
-0.829593
-0.83422
-0.835298
-0.836189
-0.837409
-0.840073
-0.844023
-0.848095
-0.853939
-0.853819
-0.878319
-0.883508
-0.884548
-0.885746
-0.887745
-0.892842
-0.901785
-0.906069
-0.909589
-0.905504
-0.932006
-0.933731
-0.934034
-0.934562
-0.935912
-0.940125
-0.947922
-0.951841
-0.951379
-0.943976
359.428
358.096
355.666
352.305
348.265
343.915
339.681
336.222
333.994
332.581
310.91
309.498
306.857
303.189
298.867
294.013
289.369
285.418
282.929
281.331
263.043
261.451
258.388
253.861
248.687
243.054
237.595
232.965
229.639
227.739
215.916
214.034
210.299
204.651
198.198
191.234
184.124
178.275
173.842
171.418
169.565
167.119
162.326
155.359
146.826
137.424
127.928
121.303
115.661
113.874
124.352
121.404
115.381
106.366
95.0859
83.0689
72.9078
61.348
50.0075
45.5718
80.2814
76.9086
69.3409
57.3596
42.4314
27.7187
15.4957
9.27427
5.4746
5.41499
37.0493
34.2926
27.4846
17.3681
7.4524
1.9842
0.213118
0.0040002
0.0067092
0.0848289
4.38467
4.01464
2.77695
1.09505
-0.205479
-0.34485
-0.217418
-0.170763
-0.146151
-0.0900596
-0.478335
-0.488252
-0.489325
-0.499701
-0.526204
-0.470529
-0.40595
-0.353719
-0.304669
-0.267717
-0.59362
-0.591835
-0.584228
-0.579717
-0.562478
-0.50376
-0.460018
-0.429266
-0.403421
-0.382889
-0.653872
-0.645917
-0.632597
-0.617824
-0.5941
-0.551684
-0.514204
-0.497057
-0.482773
-0.465257
-0.688925
-0.680925
-0.667943
-0.649744
-0.625524
-0.59636
-0.571486
-0.55381
-0.554978
-0.538893
-0.683414
-0.676856
-0.670506
-0.660594
-0.647578
-0.633634
-0.620363
-0.607968
-0.614007
-0.598425
-0.698561
-0.695962
-0.69307
-0.689306
-0.684085
-0.67842
-0.669999
-0.662486
-0.66855
-0.668991
-0.735135
-0.735832
-0.734098
-0.732252
-0.730615
-0.729541
-0.726015
-0.71964
-0.725877
-0.728404
-0.778343
-0.780349
-0.780382
-0.780895
-0.782606
-0.785552
-0.787453
-0.782359
-0.788677
-0.790113
-0.827178
-0.829558
-0.830743
-0.83256
-0.835605
-0.84113
-0.848155
-0.844442
-0.851152
-0.852682
-0.877603
-0.880615
-0.881547
-0.88333
-0.886743
-0.894749
-0.905792
-0.901026
-0.903347
-0.901438
-0.930552
-0.931319
-0.931851
-0.932761
-0.93509
-0.941895
-0.951236
-0.948062
-0.943432
-0.937034
358.01
356.636
354.1
350.594
346.345
341.872
337.599
334.005
331.492
329.996
309.481
307.953
305.173
301.316
296.703
291.722
286.988
282.956
280.039
278.332
261.451
259.72
256.443
251.818
246.276
240.205
234.681
229.658
225.74
223.399
214.21
212.127
208.069
202.254
195.37
188.195
180.53
173.862
168.279
165.066
167.572
164.969
159.794
152.297
143.122
133.235
123.668
115.669
108.924
106.274
122.397
119.172
112.632
102.834
90.5553
77.1772
64.5127
50.0968
33.7062
29.0129
79.0628
75.1796
66.8852
53.9287
37.706
21.518
10.3403
5.5207
2.53891
1.94951
37.095
33.8287
26.2271
14.9691
5.25101
0.759731
0.00372882
0.0204696
0.0943531
0.117728
5.27598
4.52335
2.64623
0.521148
-0.272944
-0.239809
-0.151606
-0.13918
-0.099814
-0.0584008
-0.444652
-0.47463
-0.493328
-0.514922
-0.496621
-0.436959
-0.360005
-0.308667
-0.271111
-0.234421
-0.634133
-0.633435
-0.624417
-0.613582
-0.585823
-0.52797
-0.450612
-0.412479
-0.389882
-0.36378
-0.70929
-0.702656
-0.687908
-0.66791
-0.628089
-0.558391
-0.502942
-0.484996
-0.475541
-0.454826
-0.708722
-0.701802
-0.688686
-0.666234
-0.632166
-0.589941
-0.561355
-0.549725
-0.544662
-0.525241
-0.678807
-0.673901
-0.668322
-0.656665
-0.64125
-0.628285
-0.619592
-0.608907
-0.60588
-0.595068
-0.685761
-0.684448
-0.683464
-0.680215
-0.676679
-0.674408
-0.67257
-0.668115
-0.665115
-0.66499
-0.726932
-0.727092
-0.72608
-0.725441
-0.725174
-0.726099
-0.727159
-0.726909
-0.723173
-0.723946
-0.774483
-0.775325
-0.775103
-0.775683
-0.778932
-0.783656
-0.789222
-0.790044
-0.783411
-0.783271
-0.824549
-0.825858
-0.826631
-0.829237
-0.833253
-0.841205
-0.852886
-0.853067
-0.846369
-0.839803
-0.876412
-0.878145
-0.879223
-0.881178
-0.885009
-0.894455
-0.908354
-0.905796
-0.89907
-0.887529
-0.928923
-0.929515
-0.930189
-0.931303
-0.933819
-0.941169
-0.950804
-0.945799
-0.937686
-0.927753
357.255
355.878
353.328
349.845
345.315
340.747
336.377
332.593
330.013
328.495
308.688
307.177
304.352
300.421
295.674
290.603
285.617
281.336
278.356
276.57
260.624
258.874
255.539
250.844
244.992
239.028
233.153
227.767
223.41
221.124
213.318
211.22
206.996
200.904
193.789
186.255
178.654
171.457
165.098
161.539
166.613
163.989
158.515
150.706
141.279
131.447
121.816
113.896
106.221
102.958
121.505
118.129
111.253
101.01
87.9921
75.3391
61.3021
45.5413
29.0005
23.8493
78.9838
74.7645
65.9786
52.6993
36.7459
20.5643
10.3394
5.39204
1.94573
1.19924
40.2071
36.1302
27.4135
15.2705
4.69225
0.562381
0.0721863
0.0768651
0.111178
0.116525
9.3058
7.4646
4.02664
0.758676
-0.080514
-0.0815524
-0.0804816
-0.0866238
-0.0633097
-0.0326282
-0.256089
-0.317337
-0.389819
-0.454906
-0.422725
-0.361708
-0.298198
-0.265829
-0.237398
-0.204377
-0.544849
-0.543641
-0.538453
-0.53529
-0.52161
-0.47701
-0.422271
-0.397933
-0.37139
-0.34182
-0.614285
-0.60944
-0.599821
-0.585442
-0.556279
-0.521352
-0.493071
-0.480172
-0.465958
-0.439348
-0.626968
-0.62359
-0.618582
-0.607993
-0.588291
-0.56829
-0.553294
-0.544412
-0.536092
-0.516646
-0.63996
-0.638599
-0.637341
-0.632407
-0.624292
-0.616573
-0.611119
-0.605217
-0.599506
-0.586779
-0.675479
-0.675271
-0.675329
-0.671816
-0.668093
-0.666955
-0.666123
-0.666249
-0.659675
-0.658145
-0.723371
-0.723618
-0.723597
-0.723068
-0.722902
-0.722757
-0.724128
-0.725225
-0.722669
-0.720547
-0.773279
-0.773799
-0.774203
-0.775329
-0.777401
-0.780524
-0.786816
-0.790256
-0.784511
-0.776442
-0.824261
-0.825105
-0.825965
-0.827887
-0.831272
-0.837736
-0.851819
-0.855298
-0.841684
-0.829908
-0.876291
-0.877216
-0.87835
-0.88037
-0.883031
-0.889781
-0.904002
-0.904732
-0.889955
-0.87866
-0.928375
-0.928872
-0.929481
-0.930728
-0.932649
-0.937258
-0.943935
-0.940624
-0.929329
-0.924806
-0.97531
-0.975808
-0.976532
-0.977597
-0.979739
-0.983871
-0.983217
-0.97335
-0.970614
-0.970627
-1.02555
-1.02576
-1.02595
-1.02614
-1.02635
-1.02635
-1.02413
-1.01857
-1.01803
-1.02041
-1.07585
-1.07586
-1.0757
-1.07535
-1.07463
-1.07323
-1.07069
-1.06839
-1.06779
-1.07022
-1.12636
-1.12625
-1.12591
-1.12534
-1.12439
-1.12292
-1.12097
-1.11944
-1.11913
-1.12046
-1.1771
-1.17693
-1.17653
-1.17595
-1.17508
-1.17387
-1.17252
-1.17146
-1.1712
-1.17186
-1.22805
-1.22787
-1.22747
-1.22696
-1.22627
-1.2254
-1.22446
-1.22376
-1.22352
-1.22375
-1.27919
-1.27902
-1.27863
-1.27822
-1.2777
-1.27708
-1.27646
-1.27599
-1.27578
-1.27581
-1.33053
-1.33036
-1.33
-1.32967
-1.32928
-1.32884
-1.32841
-1.32809
-1.32792
-1.32788
-1.3821
-1.38191
-1.38155
-1.38127
-1.38096
-1.38063
-1.38033
-1.38008
-1.37994
-1.37988
-1.43397
-1.43371
-1.43332
-1.43304
-1.43275
-1.43247
-1.43222
-1.43201
-1.43189
-1.43182
-1.4862
-1.48581
-1.48534
-1.48499
-1.48467
-1.48437
-1.48412
-1.48391
-1.48378
-1.48371
-1.5388
-1.53821
-1.53761
-1.53713
-1.53671
-1.53634
-1.53604
-1.53581
-1.53566
-1.53558
-1.59167
-1.59087
-1.59008
-1.58941
-1.58884
-1.58836
-1.58798
-1.5877
-1.58752
-1.58742
-1.64464
-1.64364
-1.64263
-1.64175
-1.64101
-1.64041
-1.63993
-1.63959
-1.63937
-1.63926
-1.69756
-1.69632
-1.69511
-1.69403
-1.69314
-1.69241
-1.69185
-1.69146
-1.6912
-1.69107
-1.75008
-1.74869
-1.74734
-1.74614
-1.74514
-1.74431
-1.74371
-1.74327
-1.743
-1.74285
-1.80198
-1.80054
-1.79916
-1.79794
-1.79691
-1.79608
-1.79546
-1.79501
-1.79473
-1.79459
-1.85304
-1.85174
-1.8505
-1.84937
-1.84843
-1.84766
-1.84708
-1.84667
-1.84641
-1.84627
-1.9034
-1.90235
-1.90136
-1.90046
-1.89969
-1.89906
-1.89858
-1.89823
-1.89801
-1.89789
-1.95328
-1.95254
-1.95189
-1.95128
-1.95075
-1.95031
-1.94996
-1.9497
-1.94953
-1.94944
-0.975262
-0.975903
-0.976524
-0.977514
-0.980354
-0.986432
-0.989489
-0.981008
-0.978849
-0.972737
-1.02532
-1.02569
-1.02577
-1.0257
-1.02544
-1.02484
-1.02276
-1.01738
-1.01907
-1.02002
-1.07556
-1.07574
-1.07551
-1.07495
-1.07369
-1.07077
-1.06604
-1.06232
-1.0646
-1.06933
-1.12606
-1.12614
-1.12576
-1.12511
-1.12383
-1.12162
-1.11832
-1.11548
-1.1161
-1.11935
-1.17682
-1.17685
-1.17642
-1.17584
-1.17484
-1.17335
-1.17153
-1.17011
-1.17006
-1.17141
-1.22777
-1.2278
-1.22736
-1.2269
-1.22619
-1.22522
-1.22415
-1.22336
-1.22321
-1.22367
-1.27887
-1.27893
-1.2785
-1.27817
-1.27767
-1.27705
-1.2764
-1.27592
-1.27576
-1.27586
-1.33013
-1.33023
-1.32981
-1.32958
-1.32923
-1.32882
-1.32841
-1.3281
-1.32795
-1.32794
-1.3816
-1.38171
-1.3813
-1.38113
-1.38088
-1.3806
-1.38032
-1.3801
-1.37997
-1.37993
-1.43339
-1.43344
-1.43302
-1.43286
-1.43264
-1.43241
-1.43219
-1.432
-1.43189
-1.43184
-1.48562
-1.4855
-1.48503
-1.48479
-1.48454
-1.48429
-1.48406
-1.48388
-1.48376
-1.4837
-1.53835
-1.53795
-1.53734
-1.53694
-1.53657
-1.53624
-1.53596
-1.53575
-1.53561
-1.53554
-1.59143
-1.59074
-1.58991
-1.58927
-1.58872
-1.58827
-1.5879
-1.58763
-1.58746
-1.58736
-1.6446
-1.64376
-1.64262
-1.6417
-1.64094
-1.64032
-1.63985
-1.63951
-1.63929
-1.63918
-1.69797
-1.69663
-1.69525
-1.69408
-1.69312
-1.69236
-1.69178
-1.69137
-1.69112
-1.69099
-1.75078
-1.74919
-1.74763
-1.74627
-1.74517
-1.74429
-1.74365
-1.74319
-1.74291
-1.74277
-1.80279
-1.80113
-1.79954
-1.79813
-1.79698
-1.79608
-1.79541
-1.79494
-1.79466
-1.79451
-1.85377
-1.8523
-1.85086
-1.84957
-1.8485
-1.84767
-1.84705
-1.84661
-1.84634
-1.8462
-1.90389
-1.90272
-1.90163
-1.90061
-1.89976
-1.89907
-1.89856
-1.89819
-1.89796
-1.89784
-1.95347
-1.95269
-1.95201
-1.95137
-1.9508
-1.95032
-1.94996
-1.94969
-1.94951
-1.94942
-0.97514
-0.976317
-0.976936
-0.978022
-0.980675
-0.985775
-0.988959
-0.986523
-0.986766
-0.982291
-1.02486
-1.0258
-1.02591
-1.02596
-1.02559
-1.02418
-1.02043
-1.01678
-1.02165
-1.0248
-1.07501
-1.07576
-1.07554
-1.07515
-1.07395
-1.07103
-1.06566
-1.06139
-1.06456
-1.07071
-1.12552
-1.12615
-1.12575
-1.12527
-1.12411
-1.12201
-1.1189
-1.11625
-1.11716
-1.12029
-1.17633
-1.17688
-1.17636
-1.17596
-1.17505
-1.17368
-1.17199
-1.17072
-1.17082
-1.17208
-1.22721
-1.22781
-1.22723
-1.22697
-1.22636
-1.22546
-1.22447
-1.22376
-1.22366
-1.22413
-1.27815
-1.27888
-1.27826
-1.27816
-1.27774
-1.27719
-1.27662
-1.27619
-1.27606
-1.27618
-1.32918
-1.33007
-1.32942
-1.32948
-1.32921
-1.32888
-1.32853
-1.32826
-1.32814
-1.32815
-1.38036
-1.3814
-1.38075
-1.38093
-1.38077
-1.38057
-1.38035
-1.38017
-1.38007
-1.38004
-1.43188
-1.43295
-1.43234
-1.43255
-1.43245
-1.43231
-1.43214
-1.432
-1.43191
-1.43187
-1.48404
-1.4849
-1.48431
-1.48441
-1.48429
-1.48413
-1.48396
-1.48381
-1.48371
-1.48366
-1.53713
-1.53742
-1.53672
-1.53656
-1.53631
-1.53605
-1.53582
-1.53563
-1.53551
-1.53545
-1.59071
-1.59045
-1.58949
-1.58897
-1.58849
-1.58807
-1.58773
-1.58747
-1.58731
-1.58723
-1.64454
-1.6439
-1.64249
-1.64154
-1.64077
-1.64015
-1.63967
-1.63933
-1.63912
-1.63902
-1.69863
-1.69716
-1.69542
-1.6941
-1.69305
-1.69222
-1.69161
-1.69119
-1.69093
-1.6908
-1.75213
-1.75013
-1.74813
-1.74647
-1.74519
-1.74421
-1.7435
-1.74302
-1.74273
-1.74258
-1.80449
-1.80233
-1.80022
-1.79844
-1.79707
-1.79602
-1.79529
-1.79478
-1.79448
-1.79433
-1.8555
-1.85346
-1.85153
-1.8499
-1.84861
-1.84764
-1.84695
-1.84648
-1.84619
-1.84605
-1.90499
-1.90355
-1.90211
-1.90086
-1.89984
-1.89906
-1.89849
-1.89809
-1.89785
-1.89773
-1.95381
-1.95303
-1.95225
-1.9515
-1.95085
-1.95033
-1.94993
-1.94965
-1.94946
-1.94937
-0.974236
-0.976776
-0.97742
-0.978738
-0.980578
-0.9839
-0.987962
-0.991129
-0.991865
-0.987371
-1.02363
-1.02598
-1.02615
-1.0267
-1.02656
-1.02539
-1.02317
-1.02237
-1.02491
-1.02783
-1.07383
-1.07588
-1.07564
-1.0758
-1.07503
-1.07315
-1.06978
-1.06701
-1.06876
-1.07276
-1.12444
-1.12631
-1.12575
-1.12579
-1.12501
-1.12351
-1.12139
-1.11967
-1.12014
-1.12247
-1.17538
-1.1771
-1.17628
-1.17635
-1.1757
-1.17466
-1.17338
-1.17245
-1.1725
-1.17345
-1.22617
-1.22801
-1.22702
-1.22722
-1.22673
-1.22606
-1.22529
-1.22474
-1.22466
-1.22502
-1.27694
-1.27899
-1.27787
-1.27828
-1.27792
-1.27753
-1.27708
-1.27676
-1.27666
-1.27675
-1.32768
-1.33001
-1.32881
-1.32946
-1.32923
-1.32902
-1.32877
-1.32857
-1.32849
-1.3285
-1.37836
-1.38111
-1.37988
-1.38075
-1.38064
-1.38057
-1.38043
-1.38031
-1.38024
-1.38022
-1.42928
-1.43228
-1.43121
-1.4322
-1.4322
-1.43219
-1.4321
-1.43201
-1.43195
-1.43193
-1.48094
-1.48403
-1.48307
-1.48392
-1.48395
-1.48392
-1.48383
-1.48372
-1.48365
-1.48362
-1.53489
-1.53665
-1.53564
-1.53604
-1.53595
-1.53579
-1.53562
-1.53546
-1.53537
-1.53531
-1.58932
-1.59004
-1.58874
-1.58855
-1.58816
-1.58778
-1.58748
-1.58724
-1.5871
-1.58703
-1.6443
-1.64415
-1.64224
-1.64134
-1.64054
-1.63988
-1.6394
-1.63906
-1.63886
-1.63876
-1.70001
-1.69826
-1.6957
-1.69419
-1.69296
-1.692
-1.69134
-1.69089
-1.69064
-1.69051
-1.75512
-1.752
-1.74903
-1.74684
-1.74525
-1.74405
-1.74325
-1.74272
-1.74243
-1.74228
-1.8087
-1.80477
-1.80147
-1.79899
-1.79723
-1.79592
-1.79507
-1.79451
-1.7942
-1.79404
-1.85876
-1.85582
-1.85279
-1.85045
-1.84878
-1.84756
-1.84676
-1.84624
-1.84594
-1.8458
-1.90672
-1.90511
-1.90306
-1.90128
-1.89996
-1.899
-1.89835
-1.89792
-1.89767
-1.89754
-1.95405
-1.95363
-1.95274
-1.95174
-1.95093
-1.9503
-1.94987
-1.94956
-1.94938
-1.94928
-0.971728
-0.976974
-0.977758
-0.979579
-0.980769
-0.982196
-0.984175
-0.986254
-0.985881
-0.983411
-1.02095
-1.02599
-1.02632
-1.02767
-1.02785
-1.02728
-1.02605
-1.02556
-1.02605
-1.02774
-1.07158
-1.07598
-1.0757
-1.07673
-1.07642
-1.07542
-1.07378
-1.07242
-1.0729
-1.07482
-1.12256
-1.12661
-1.1257
-1.12658
-1.12613
-1.12527
-1.12402
-1.12306
-1.12321
-1.12437
-1.17422
-1.17764
-1.17617
-1.17698
-1.1765
-1.17588
-1.17503
-1.17442
-1.1744
-1.17492
-1.22474
-1.22857
-1.22677
-1.22769
-1.22723
-1.22683
-1.22631
-1.22593
-1.22586
-1.22606
-1.2749
-1.27944
-1.27741
-1.27858
-1.27817
-1.27797
-1.27768
-1.27746
-1.27739
-1.27745
-1.3249
-1.33023
-1.32805
-1.3296
-1.32925
-1.32923
-1.32909
-1.32897
-1.32892
-1.32893
-1.37474
-1.38095
-1.37865
-1.38068
-1.38047
-1.38059
-1.38055
-1.38049
-1.38046
-1.38045
-1.42449
-1.43148
-1.42954
-1.4319
-1.43186
-1.43205
-1.43207
-1.43204
-1.43201
-1.43199
-1.47626
-1.48295
-1.48102
-1.48337
-1.48351
-1.48367
-1.48367
-1.48362
-1.48357
-1.48355
-1.53031
-1.53564
-1.53381
-1.53536
-1.53544
-1.53543
-1.53534
-1.53524
-1.53517
-1.53513
-1.58571
-1.58949
-1.58739
-1.58792
-1.58765
-1.58735
-1.58711
-1.58691
-1.5868
-1.58674
-1.64227
-1.64439
-1.64158
-1.64096
-1.6401
-1.63942
-1.63896
-1.63864
-1.63847
-1.63839
-1.70048
-1.69988
-1.69602
-1.69422
-1.6927
-1.69158
-1.69088
-1.69043
-1.6902
-1.69009
-1.75792
-1.75472
-1.75023
-1.74729
-1.7452
-1.7437
-1.74281
-1.74225
-1.74197
-1.74183
-1.81169
-1.80797
-1.80325
-1.79967
-1.79733
-1.79564
-1.79466
-1.79406
-1.79375
-1.7936
-1.86421
-1.85899
-1.85466
-1.85115
-1.84887
-1.84731
-1.84641
-1.84584
-1.84555
-1.84541
-1.91148
-1.90762
-1.90455
-1.9018
-1.9
-1.89879
-1.89807
-1.89761
-1.89737
-1.89725
-1.95571
-1.95481
-1.95368
-1.95205
-1.95094
-1.95018
-1.94972
-1.9494
-1.94922
-1.94913
-0.963781
-0.977133
-0.978315
-0.980617
-0.981284
-0.98154
-0.981453
-0.981323
-0.980531
-0.980054
-1.01274
-1.02614
-1.02671
-1.02882
-1.02901
-1.02868
-1.02779
-1.02703
-1.02693
-1.02762
-1.06465
-1.07657
-1.07599
-1.07788
-1.07769
-1.07717
-1.07623
-1.07546
-1.07539
-1.07616
-1.11648
-1.12781
-1.12568
-1.12759
-1.12721
-1.12674
-1.126
-1.12542
-1.12539
-1.12582
-1.16969
-1.17916
-1.17608
-1.17782
-1.17731
-1.17697
-1.17645
-1.17605
-1.17601
-1.1762
-1.22158
-1.23019
-1.22665
-1.22835
-1.22777
-1.22758
-1.22725
-1.22701
-1.22695
-1.22703
-1.27192
-1.28097
-1.27722
-1.27908
-1.27847
-1.27845
-1.27827
-1.27814
-1.2781
-1.27812
-1.32121
-1.33144
-1.32778
-1.32995
-1.32936
-1.3295
-1.32943
-1.32937
-1.32935
-1.32936
-1.3691
-1.38148
-1.37806
-1.38084
-1.38042
-1.3807
-1.38071
-1.38069
-1.38068
-1.38068
-1.41327
-1.43084
-1.42812
-1.43178
-1.43167
-1.43204
-1.4321
-1.43207
-1.43206
-1.43205
-1.45943
-1.48161
-1.47863
-1.483
-1.48321
-1.48354
-1.48357
-1.48351
-1.48347
-1.48345
-1.51901
-1.5345
-1.53154
-1.53475
-1.53505
-1.53518
-1.53511
-1.53499
-1.53492
-1.53489
-1.57866
-1.58889
-1.5855
-1.58723
-1.58715
-1.58694
-1.58672
-1.58651
-1.58641
-1.58636
-1.63788
-1.64512
-1.64047
-1.64048
-1.63961
-1.63889
-1.63844
-1.63811
-1.63796
-1.63788
-1.70274
-1.70294
-1.69655
-1.69432
-1.6924
-1.69105
-1.69029
-1.68981
-1.6896
-1.6895
-1.7691
-1.7602
-1.75214
-1.74801
-1.74515
-1.74323
-1.7422
-1.74158
-1.74132
-1.74121
-1.8311
-1.81575
-1.80587
-1.80071
-1.7974
-1.79521
-1.79406
-1.79339
-1.79312
-1.79299
-1.88492
-1.86755
-1.85724
-1.85196
-1.84892
-1.84687
-1.84582
-1.84522
-1.84497
-1.84486
-1.92538
-1.9141
-1.9064
-1.90221
-1.89991
-1.89837
-1.89756
-1.8971
-1.89691
-1.89682
-1.96095
-1.95834
-1.9551
-1.9524
-1.95087
-1.9499
-1.9494
-1.94909
-1.94896
-1.94889
-0.967795
-0.982795
-0.981194
-0.982244
-0.982202
-0.981737
-0.980773
-0.97969
-0.978871
-0.978703
-1.01661
-1.03086
-1.02924
-1.03038
-1.03017
-1.0297
-1.02882
-1.02798
-1.02759
-1.02776
-1.06542
-1.08081
-1.07779
-1.07927
-1.07885
-1.07843
-1.07771
-1.07709
-1.07686
-1.07708
-1.11424
-1.13194
-1.12702
-1.12874
-1.12817
-1.12787
-1.12734
-1.12692
-1.12678
-1.12692
-1.17166
-1.18243
-1.17711
-1.17866
-1.17799
-1.17782
-1.17748
-1.17723
-1.17714
-1.17721
-1.22559
-1.23237
-1.22742
-1.22887
-1.22816
-1.22816
-1.22797
-1.22784
-1.2278
-1.22784
-1.27875
-1.28268
-1.2779
-1.27938
-1.2786
-1.27877
-1.27871
-1.27868
-1.27868
-1.27871
-1.3307
-1.33343
-1.32818
-1.33007
-1.32925
-1.32961
-1.32964
-1.32968
-1.32971
-1.32974
-1.38082
-1.38399
-1.37817
-1.38081
-1.38008
-1.38062
-1.38073
-1.3808
-1.38085
-1.38087
-1.42496
-1.4326
-1.42768
-1.43154
-1.43113
-1.43181
-1.43194
-1.43201
-1.43205
-1.43207
-1.45725
-1.48106
-1.47684
-1.48255
-1.48256
-1.48316
-1.48324
-1.48325
-1.48329
-1.4833
-1.50715
-1.5335
-1.52993
-1.53425
-1.5344
-1.53462
-1.53455
-1.53449
-1.53453
-1.53455
-1.56711
-1.5871
-1.58382
-1.58662
-1.58636
-1.58606
-1.58585
-1.58573
-1.5858
-1.58582
-1.63099
-1.6443
-1.63925
-1.64001
-1.63868
-1.63769
-1.63728
-1.63708
-1.63714
-1.63717
-1.70562
-1.70691
-1.69685
-1.69463
-1.69167
-1.68973
-1.68897
-1.68862
-1.68866
-1.68868
-1.77857
-1.76991
-1.75424
-1.7493
-1.74482
-1.742
-1.74088
-1.74036
-1.74036
-1.74038
-1.84382
-1.82948
-1.80878
-1.80255
-1.79727
-1.79406
-1.79283
-1.79226
-1.79219
-1.79218
-1.9036
-1.88376
-1.86106
-1.85334
-1.84852
-1.84569
-1.84465
-1.84419
-1.84412
-1.84411
-1.93447
-1.92855
-1.91103
-1.90244
-1.89938
-1.89727
-1.89653
-1.89625
-1.89623
-1.89623
-1.96819
-1.9738
-1.96127
-1.95307
-1.95057
-1.94918
-1.94869
-1.94854
-1.94854
-1.94854
-0.999431
-0.994458
-0.98488
-0.984367
-0.983512
-0.982441
-0.981075
-0.979665
-0.9786
-0.978205
-1.03981
-1.03995
-1.03227
-1.03227
-1.03146
-1.03068
-1.02968
-1.02875
-1.02813
-1.02799
-1.07752
-1.08913
-1.07963
-1.08075
-1.07999
-1.07947
-1.07876
-1.07815
-1.07779
-1.07775
-1.1282
-1.13869
-1.12848
-1.12975
-1.12907
-1.12877
-1.12832
-1.12794
-1.12773
-1.12773
-1.18917
-1.18605
-1.17848
-1.17913
-1.17865
-1.17853
-1.17828
-1.17808
-1.17797
-1.17798
-1.23909
-1.23274
-1.22881
-1.22891
-1.22863
-1.22868
-1.22858
-1.2285
-1.22846
-1.22848
-1.29382
-1.28095
-1.27938
-1.27919
-1.27903
-1.27917
-1.27919
-1.27918
-1.27918
-1.2792
-1.35009
-1.32952
-1.33036
-1.32997
-1.32982
-1.33001
-1.33006
-1.33007
-1.33008
-1.33009
-1.40602
-1.37699
-1.38122
-1.38103
-1.38103
-1.38118
-1.38117
-1.38114
-1.38112
-1.38112
-1.45154
-1.41556
-1.43095
-1.43222
-1.43261
-1.43265
-1.43248
-1.43233
-1.43226
-1.43223
-1.48057
-1.45846
-1.47976
-1.48412
-1.48442
-1.48419
-1.48379
-1.48354
-1.48343
-1.48338
-1.52668
-1.52369
-1.53185
-1.53662
-1.5362
-1.53541
-1.53486
-1.53461
-1.53457
-1.53456
-1.57584
-1.58113
-1.58516
-1.58887
-1.58726
-1.58601
-1.58566
-1.58551
-1.58569
-1.58574
-1.64401
-1.64228
-1.6402
-1.64153
-1.63874
-1.6368
-1.63658
-1.63653
-1.6368
-1.63692
-1.7287
-1.71216
-1.69939
-1.6961
-1.69161
-1.68842
-1.68794
-1.68782
-1.68814
-1.68824
-1.7739
-1.77903
-1.75921
-1.75144
-1.74493
-1.74067
-1.73974
-1.73943
-1.7397
-1.73977
-1.83723
-1.83814
-1.81755
-1.80512
-1.79712
-1.79265
-1.79174
-1.79134
-1.79133
-1.79135
-1.89709
-1.89527
-1.86702
-1.853
-1.84678
-1.84384
-1.84324
-1.84308
-1.84316
-1.84322
-1.92049
-1.94632
-1.91616
-1.89959
-1.89669
-1.89517
-1.89504
-1.89514
-1.89535
-1.89547
-1.98498
-2.00684
-1.97203
-1.95094
-1.94915
-1.94775
-1.94764
-1.94778
-1.94797
-1.94807
-0.660991
-1.00028
-1.0005
-0.987061
-0.985835
-0.983464
-0.981658
-0.979959
-0.978658
-0.978121
-0.538608
-1.04783
-1.04677
-1.03489
-1.03341
-1.03166
-1.03041
-1.02932
-1.02855
-1.02826
-0.922332
-1.09126
-1.09019
-1.08276
-1.08149
-1.08034
-1.07951
-1.07884
-1.07839
-1.07825
-1.1521
-1.13365
-1.13512
-1.13074
-1.13006
-1.12944
-1.12897
-1.12859
-1.12835
-1.1283
-1.16926
-1.18233
-1.18274
-1.17935
-1.17917
-1.17895
-1.17876
-1.1786
-1.17851
-1.17851
-1.10887
-1.22832
-1.23144
-1.22872
-1.22881
-1.22884
-1.22885
-1.22885
-1.22886
-1.2289
-1.05016
-1.27607
-1.28089
-1.27878
-1.27886
-1.27897
-1.2792
-1.27931
-1.27941
-1.27947
-1.02635
-1.32418
-1.33084
-1.3293
-1.32903
-1.32944
-1.3298
-1.32997
-1.33012
-1.33018
-0.944245
-1.36744
-1.38075
-1.38016
-1.37968
-1.38041
-1.38066
-1.38082
-1.38095
-1.381
-0.886616
-1.39848
-1.43001
-1.43157
-1.43131
-1.43203
-1.43182
-1.4318
-1.43184
-1.43184
-1.14368
-1.43814
-1.47715
-1.48434
-1.48345
-1.48389
-1.48312
-1.48278
-1.48269
-1.48264
-1.5428
-1.54314
-1.53207
-1.53854
-1.53625
-1.53525
-1.53409
-1.53354
-1.53345
-1.53334
-1.60236
-1.59752
-1.58542
-1.58979
-1.5873
-1.58515
-1.58428
-1.58403
-1.5841
-1.58416
-1.66975
-1.645
-1.64032
-1.64087
-1.63733
-1.63452
-1.63433
-1.63452
-1.63489
-1.63509
-1.79974
-1.71711
-1.70265
-1.69604
-1.68837
-1.68488
-1.68503
-1.68539
-1.68587
-1.68606
-1.6086
-1.77356
-1.76017
-1.75398
-1.7421
-1.73694
-1.73658
-1.73674
-1.73717
-1.73731
-1.57894
-1.82031
-1.82077
-1.81191
-1.79549
-1.78894
-1.78802
-1.78816
-1.78873
-1.78923
-1.86021
-1.85824
-1.8534
-1.8526
-1.84335
-1.8391
-1.83938
-1.84004
-1.84098
-1.84159
-1.9064
-1.90023
-1.89506
-1.89313
-1.89143
-1.89051
-1.8914
-1.89269
-1.89374
-1.89433
-1.99559
-2.01415
-1.98283
-1.95345
-1.9467
-1.94487
-1.94531
-1.94627
-1.94699
-1.94741
5.36652
-0.991764
-0.987002
-0.985905
-0.985703
-0.983902
-0.982215
-0.980392
-0.978972
-0.978351
5.65687
-1.0407
-1.03621
-1.03409
-1.03347
-1.03207
-1.03097
-1.02981
-1.02895
-1.0286
1.44861
-1.07875
-1.08387
-1.08206
-1.08169
-1.08071
-1.08005
-1.07934
-1.07885
-1.07867
0.67776
-1.11905
-1.13494
-1.13006
-1.13015
-1.1297
-1.12944
-1.12907
-1.12882
-1.12875
0.791719
-1.16924
-1.18186
-1.17854
-1.17912
-1.17912
-1.17918
-1.17904
-1.17895
-1.17895
1.02906
-1.22164
-1.23044
-1.22824
-1.22908
-1.22914
-1.22932
-1.22929
-1.22929
-1.22932
3.94691
-1.27887
-1.27874
-1.27877
-1.28004
-1.27961
-1.27981
-1.27981
-1.27985
-1.27988
5.93391
-1.34289
-1.32798
-1.32999
-1.33208
-1.33062
-1.33062
-1.33058
-1.3306
-1.33062
5.61166
-1.39341
-1.38172
-1.38315
-1.38557
-1.38239
-1.38183
-1.38157
-1.38152
-1.38149
6.42328
-1.44426
-1.43466
-1.44018
-1.44179
-1.43531
-1.43351
-1.43273
-1.43249
-1.4324
2.93959
-1.5149
-1.49193
-1.50372
-1.50074
-1.48885
-1.48505
-1.48372
-1.48336
-1.48323
-0.576495
-1.58966
-1.56013
-1.5653
-1.5563
-1.54049
-1.53543
-1.53409
-1.53389
-1.53391
-1.27039
-1.61074
-1.615
-1.61424
-1.60209
-1.5872
-1.58396
-1.58365
-1.58411
-1.58434
-0.964912
-1.63164
-1.66217
-1.66037
-1.64749
-1.63229
-1.63224
-1.63321
-1.63443
-1.63493
3.1726
-1.71258
-1.71211
-1.708
-1.69437
-1.6802
-1.6819
-1.68357
-1.6852
-1.68596
1.47131
-1.79627
-1.74231
-1.76116
-1.75079
-1.73322
-1.73366
-1.73491
-1.73652
-1.73739
-1.73627
-1.80152
-1.84209
-1.84097
-1.80607
-1.78548
-1.78532
-1.78661
-1.78839
-1.78918
-1.88426
-1.90746
-1.87762
-1.86646
-1.84068
-1.83287
-1.83578
-1.83854
-1.84042
-1.84132
-2.01931
-1.94664
-1.86519
-1.87474
-1.88274
-1.88385
-1.88851
-1.89138
-1.8932
-1.89401
-2.17007
-1.97891
-1.95453
-1.9466
-1.93955
-1.94052
-1.94327
-1.94544
-1.94664
-1.94719
9.57326
-0.917278
-0.982219
-0.979678
-0.984702
-0.984348
-0.982725
-0.980841
-0.979378
-0.978727
3.11358
-1.04545
-1.03763
-1.03271
-1.03293
-1.03246
-1.03136
-1.0302
-1.0293
-1.02892
2.74293
-1.09116
-1.0839
-1.08119
-1.08124
-1.08105
-1.08039
-1.0797
-1.07917
-1.07896
7.98634
-1.09962
-1.12358
-1.12722
-1.12943
-1.12975
-1.12968
-1.12936
-1.1291
-1.12901
8.94348
-1.04175
-1.16974
-1.17505
-1.17853
-1.17847
-1.1792
-1.1792
-1.17916
-1.17916
9.07287
-0.863971
-1.22086
-1.22518
-1.22819
-1.22712
-1.22895
-1.22919
-1.22937
-1.22944
7.6881
-0.566935
-1.27238
-1.27522
-1.277
-1.27582
-1.27899
-1.27928
-1.27973
-1.27985
7.05967
-0.461218
-1.32866
-1.32362
-1.32352
-1.32533
-1.32909
-1.32958
-1.33029
-1.33042
7.29593
-0.292768
-1.38373
-1.37162
-1.37137
-1.37651
-1.37928
-1.3804
-1.38095
-1.38108
6.75681
0.466501
-1.43284
-1.43398
-1.42806
-1.43102
-1.43065
-1.43151
-1.43169
-1.43177
7.24135
0.718478
-1.48927
-1.50214
-1.49038
-1.48769
-1.48242
-1.4823
-1.48229
-1.48237
6.48943
0.555982
-1.5556
-1.56137
-1.54555
-1.54017
-1.5324
-1.53186
-1.53238
-1.53271
2.69718
-0.375378
-1.63337
-1.61717
-1.58945
-1.58109
-1.57749
-1.58006
-1.58202
-1.58287
2.4526
-0.398923
-1.70528
-1.66028
-1.62513
-1.61495
-1.62137
-1.62859
-1.63187
-1.63323
1.78218
1.60204
-1.71694
-1.69994
-1.66683
-1.65439
-1.669
-1.67855
-1.68243
-1.68408
0.446488
3.00889
-1.12644
-1.75438
-1.72504
-1.70546
-1.72177
-1.73008
-1.73381
-1.73547
-1.53139
1.64914
3.24493
-1.62664
-1.77994
-1.76421
-1.77469
-1.78202
-1.7857
-1.78725
-1.8352
0.990121
1.3607
-1.17725
-1.80592
-1.81005
-1.82598
-1.83409
-1.83797
-1.83955
-2.04974
-2.16336
-2.12501
-1.50355
-1.84278
-1.85988
-1.88061
-1.8877
-1.89095
-1.89252
-2.03143
-2.04294
-2.016
-1.97985
-1.92051
-1.92808
-1.93845
-1.94297
-1.94505
-1.94621
-0.437457
-1.00904
-1.0003
-0.989726
-0.988138
-0.98524
-0.983118
-0.98118
-0.979722
-0.979109
-0.731392
-1.04788
-1.04373
-1.03675
-1.03514
-1.03321
-1.03174
-1.03047
-1.02955
-1.02918
-1.03306
-1.0936
-1.08847
-1.0841
-1.08285
-1.08169
-1.08074
-1.07994
-1.07937
-1.07916
-1.18942
-1.13903
-1.1353
-1.13208
-1.13109
-1.13059
-1.13009
-1.12964
-1.12931
-1.12921
-1.20007
-1.19824
-1.18685
-1.18202
-1.18022
-1.1801
-1.17984
-1.1796
-1.17944
-1.1794
-1.19033
-1.25845
-1.24342
-1.23443
-1.23011
-1.23008
-1.22996
-1.22984
-1.22977
-1.22978
-1.16095
-1.3427
-1.30818
-1.28834
-1.28049
-1.28057
-1.28037
-1.28029
-1.28031
-1.28032
-0.87294
-1.411
-1.36772
-1.34263
-1.33117
-1.33144
-1.33111
-1.33101
-1.33099
-1.33099
-0.178659
-1.50695
-1.42586
-1.39957
-1.38283
-1.383
-1.3823
-1.38196
-1.38183
-1.38178
-0.344259
-1.54181
-1.47501
-1.46042
-1.43778
-1.43518
-1.43367
-1.43293
-1.43269
-1.43257
-0.962123
-1.42107
-1.51812
-1.51327
-1.49434
-1.48703
-1.48482
-1.48372
-1.4834
-1.48327
-1.60252
-1.4691
-1.47441
-1.55225
-1.54427
-1.53701
-1.53469
-1.53386
-1.53378
-1.53378
-1.64521
-1.56965
-1.5339
-1.59194
-1.58653
-1.58322
-1.58272
-1.58329
-1.58391
-1.58418
-1.67568
-1.65077
-1.63737
-1.63846
-1.62896
-1.62899
-1.63067
-1.63275
-1.63419
-1.63469
-1.72642
-1.67204
-1.67989
-1.68167
-1.67333
-1.67829
-1.68006
-1.68318
-1.68487
-1.68557
-1.76836
-1.76014
-1.77373
-1.75789
-1.72969
-1.73091
-1.73179
-1.73423
-1.73605
-1.73687
-1.85002
-1.81646
-1.8853
-1.81966
-1.78424
-1.78238
-1.78318
-1.78563
-1.78762
-1.78855
-1.93698
-1.81192
-1.78941
-1.79648
-1.81971
-1.82593
-1.83316
-1.83702
-1.83959
-1.8407
-2.01225
-1.89927
-1.55387
-1.7995
-1.85709
-1.87203
-1.88469
-1.88983
-1.89235
-1.89347
-2.05382
-2.03725
-1.95276
-1.90491
-1.92088
-1.93216
-1.94038
-1.94437
-1.94609
-1.9469
-1.00598
-0.983616
-0.994884
-0.989409
-0.98759
-0.985217
-0.983188
-0.981348
-0.979982
-0.97947
-1.06229
-1.05356
-1.04111
-1.03711
-1.03503
-1.03335
-1.03179
-1.03049
-1.02958
-1.02928
-1.10898
-1.09889
-1.08666
-1.08487
-1.08298
-1.08193
-1.08079
-1.0799
-1.0793
-1.07913
-1.1641
-1.14415
-1.13325
-1.13305
-1.1314
-1.13095
-1.13017
-1.12961
-1.12924
-1.12913
-1.20906
-1.19452
-1.17989
-1.18221
-1.18038
-1.1804
-1.17991
-1.1796
-1.17939
-1.17933
-1.26788
-1.25071
-1.23104
-1.23249
-1.23003
-1.2302
-1.22995
-1.22981
-1.22973
-1.22972
-1.32597
-1.31351
-1.28288
-1.28345
-1.28006
-1.28024
-1.28022
-1.2802
-1.28022
-1.28024
-1.39247
-1.37734
-1.33497
-1.33426
-1.33018
-1.33059
-1.33071
-1.33077
-1.33085
-1.33089
-1.44747
-1.43234
-1.38429
-1.38367
-1.3807
-1.38135
-1.3814
-1.38151
-1.38159
-1.38162
-1.42908
-1.45464
-1.43381
-1.43346
-1.4324
-1.43287
-1.43259
-1.43246
-1.43242
-1.43243
-1.41021
-1.48264
-1.48504
-1.48951
-1.48614
-1.4848
-1.48376
-1.48335
-1.48325
-1.48323
-1.5245
-1.54021
-1.54586
-1.54554
-1.5391
-1.53548
-1.53421
-1.53382
-1.53385
-1.5339
-1.59287
-1.58993
-1.59443
-1.59613
-1.58804
-1.5843
-1.58372
-1.58395
-1.58434
-1.58455
-1.65129
-1.64285
-1.64509
-1.64416
-1.63587
-1.63302
-1.6332
-1.63416
-1.63494
-1.63531
-1.7009
-1.68495
-1.68722
-1.68851
-1.68448
-1.68315
-1.6836
-1.6849
-1.68588
-1.68635
-1.75608
-1.74579
-1.76468
-1.7503
-1.74042
-1.73599
-1.73528
-1.73624
-1.73721
-1.73773
-1.83529
-1.81981
-1.84516
-1.82401
-1.79688
-1.78846
-1.787
-1.78783
-1.78886
-1.78945
-1.91241
-1.87062
-1.88001
-1.85769
-1.84023
-1.83656
-1.8378
-1.83951
-1.84086
-1.84157
-1.97744
-1.91936
-1.89272
-1.88583
-1.88352
-1.88577
-1.88941
-1.89196
-1.89346
-1.8942
-2.024
-1.96971
-1.92879
-1.93672
-1.93577
-1.93975
-1.94322
-1.94542
-1.94671
-1.94733
-0.993288
-1.00387
-0.993098
-0.988933
-0.986854
-0.984937
-0.983129
-0.981404
-0.980155
-0.979863
-1.03394
-1.04977
-1.03865
-1.03653
-1.03465
-1.03309
-1.03155
-1.03018
-1.0293
-1.02922
-1.08374
-1.09287
-1.08487
-1.08445
-1.0829
-1.08177
-1.08055
-1.07953
-1.0789
-1.07884
-1.13741
-1.13881
-1.13311
-1.13304
-1.13174
-1.13098
-1.13007
-1.12935
-1.1289
-1.12883
-1.18479
-1.18668
-1.18236
-1.18242
-1.18121
-1.18068
-1.18002
-1.17952
-1.1792
-1.17913
-1.24039
-1.23971
-1.23388
-1.23273
-1.23129
-1.23078
-1.23029
-1.22994
-1.22972
-1.22966
-1.29315
-1.29277
-1.28599
-1.28349
-1.28174
-1.2812
-1.28081
-1.28055
-1.2804
-1.28035
-1.34514
-1.34189
-1.33725
-1.33414
-1.33233
-1.33186
-1.33154
-1.33133
-1.33121
-1.33117
-1.38778
-1.38306
-1.38604
-1.38434
-1.38306
-1.38272
-1.38243
-1.38223
-1.38212
-1.38208
-1.40323
-1.4216
-1.43394
-1.43469
-1.43414
-1.43379
-1.43343
-1.43319
-1.43306
-1.43301
-1.43676
-1.48032
-1.48581
-1.48603
-1.48547
-1.48479
-1.48431
-1.48403
-1.4839
-1.48386
-1.53026
-1.53759
-1.53842
-1.53746
-1.53595
-1.53528
-1.53485
-1.53467
-1.53464
-1.53465
-1.59106
-1.59072
-1.58909
-1.58724
-1.58557
-1.58517
-1.58511
-1.58522
-1.58539
-1.58549
-1.64515
-1.64166
-1.63965
-1.63717
-1.63522
-1.63515
-1.63547
-1.63588
-1.63625
-1.63644
-1.69837
-1.69159
-1.6896
-1.68805
-1.68586
-1.68598
-1.68638
-1.6869
-1.68737
-1.68761
-1.75556
-1.7497
-1.75015
-1.74449
-1.7393
-1.7381
-1.73796
-1.73832
-1.73879
-1.73905
-1.82126
-1.81238
-1.81231
-1.8014
-1.79263
-1.7901
-1.78965
-1.78998
-1.79049
-1.7908
-1.885
-1.86404
-1.85474
-1.84624
-1.84184
-1.84067
-1.84112
-1.84186
-1.84251
-1.84288
-1.93703
-1.91608
-1.89699
-1.88962
-1.89073
-1.89195
-1.89331
-1.8944
-1.89509
-1.89542
-1.97301
-1.96169
-1.94823
-1.94446
-1.94437
-1.94552
-1.94675
-1.94762
-1.94815
-1.94841
-0.974278
-0.991083
-0.987315
-0.986727
-0.985598
-0.984401
-0.983044
-0.981691
-0.980667
-0.980511
-1.02514
-1.03841
-1.03485
-1.03483
-1.03364
-1.03235
-1.03081
-1.02932
-1.02847
-1.02891
-1.07931
-1.08625
-1.08336
-1.08346
-1.08224
-1.0811
-1.07976
-1.07856
-1.07792
-1.07818
-1.1327
-1.13478
-1.13249
-1.13263
-1.13143
-1.13054
-1.12948
-1.12856
-1.12806
-1.12815
-1.18243
-1.18445
-1.18206
-1.18236
-1.18115
-1.18046
-1.17967
-1.17904
-1.17866
-1.17864
-1.23358
-1.23623
-1.23241
-1.23262
-1.23132
-1.23074
-1.23014
-1.22968
-1.22941
-1.22935
-1.28304
-1.28792
-1.28299
-1.2831
-1.28177
-1.28125
-1.28079
-1.28047
-1.28027
-1.28021
-1.32971
-1.33822
-1.33344
-1.3335
-1.33234
-1.33192
-1.33158
-1.33134
-1.3312
-1.33115
-1.37245
-1.38537
-1.38311
-1.38368
-1.38302
-1.38274
-1.38247
-1.38228
-1.38217
-1.38212
-1.41326
-1.43095
-1.43262
-1.43411
-1.43397
-1.43374
-1.43345
-1.43325
-1.43315
-1.4331
-1.46945
-1.48265
-1.4845
-1.48553
-1.48524
-1.48483
-1.48445
-1.48422
-1.48411
-1.48407
-1.53372
-1.53626
-1.53729
-1.53731
-1.53649
-1.53579
-1.53539
-1.53519
-1.53512
-1.53509
-1.58946
-1.58929
-1.58919
-1.58848
-1.58722
-1.58653
-1.58623
-1.58615
-1.58615
-1.58619
-1.64317
-1.6417
-1.64091
-1.63952
-1.63804
-1.63738
-1.63719
-1.6372
-1.63729
-1.63735
-1.69721
-1.69457
-1.69327
-1.69133
-1.6897
-1.68873
-1.68845
-1.68847
-1.68859
-1.68868
-1.7532
-1.75009
-1.74887
-1.74534
-1.74227
-1.74061
-1.74004
-1.73999
-1.74011
-1.74021
-1.81067
-1.80604
-1.80363
-1.79901
-1.79462
-1.79244
-1.7917
-1.79168
-1.79184
-1.79197
-1.8667
-1.85916
-1.85342
-1.8489
-1.84525
-1.84376
-1.84341
-1.84352
-1.84376
-1.84399
-1.91902
-1.91086
-1.90223
-1.89784
-1.8959
-1.89528
-1.89541
-1.89575
-1.89609
-1.89633
-1.96625
-1.96091
-1.95317
-1.94976
-1.94845
-1.94819
-1.94841
-1.94868
-1.94889
-1.94901
-0.982815
-0.986597
-0.985041
-0.984754
-0.984317
-0.983844
-0.983396
-0.983036
-0.982756
-0.982193
-1.03156
-1.03497
-1.03355
-1.03332
-1.03243
-1.03118
-1.02936
-1.02744
-1.02668
-1.02822
-1.08159
-1.08391
-1.08254
-1.08236
-1.08132
-1.08002
-1.07834
-1.07665
-1.07585
-1.07701
-1.13176
-1.13319
-1.132
-1.13189
-1.13086
-1.12977
-1.12843
-1.12722
-1.12659
-1.12702
-1.1817
-1.18305
-1.18188
-1.18186
-1.18088
-1.18001
-1.17902
-1.17818
-1.17773
-1.1779
-1.23221
-1.23373
-1.23219
-1.23218
-1.23125
-1.23055
-1.22982
-1.22923
-1.2289
-1.22888
-1.28193
-1.28427
-1.28258
-1.28266
-1.28182
-1.28126
-1.28072
-1.2803
-1.28005
-1.27997
-1.33021
-1.33418
-1.33275
-1.33312
-1.3325
-1.33209
-1.33169
-1.33137
-1.33118
-1.3311
-1.37727
-1.38311
-1.3827
-1.38355
-1.38328
-1.38302
-1.38272
-1.38247
-1.38231
-1.38224
-1.42562
-1.43226
-1.43315
-1.43423
-1.43425
-1.43407
-1.43382
-1.43359
-1.43345
-1.43338
-1.47739
-1.48364
-1.48479
-1.48546
-1.48544
-1.48522
-1.48495
-1.48474
-1.4846
-1.48455
-1.53476
-1.53626
-1.53689
-1.53701
-1.53673
-1.53638
-1.5361
-1.5359
-1.53578
-1.53575
-1.58932
-1.58923
-1.589
-1.58858
-1.588
-1.58756
-1.58724
-1.58705
-1.58697
-1.58693
-1.64293
-1.64199
-1.64116
-1.64027
-1.63942
-1.63885
-1.63849
-1.63832
-1.63825
-1.63821
-1.69694
-1.69521
-1.6938
-1.69242
-1.69123
-1.69042
-1.68997
-1.68976
-1.68969
-1.68965
-1.75159
-1.74924
-1.7473
-1.74522
-1.74343
-1.74228
-1.74167
-1.74138
-1.7413
-1.74126
-1.80616
-1.80308
-1.80043
-1.79777
-1.79554
-1.79416
-1.79353
-1.79317
-1.79308
-1.79308
-1.85944
-1.85583
-1.8521
-1.8492
-1.84711
-1.8459
-1.84536
-1.84516
-1.84511
-1.84506
-1.91103
-1.90715
-1.90311
-1.90037
-1.89869
-1.89778
-1.8974
-1.89726
-1.89724
-1.89725
-1.96031
-1.95768
-1.95433
-1.95228
-1.95098
-1.95027
-1.94992
-1.94975
-1.94968
-1.94965
-0.981294
-0.983597
-0.983166
-0.983086
-0.983002
-0.983366
-0.984267
-0.984474
-0.984642
-0.982192
-1.03118
-1.03299
-1.0323
-1.03192
-1.03102
-1.02947
-1.02663
-1.02318
-1.02312
-1.02639
-1.08133
-1.0826
-1.08174
-1.08129
-1.0802
-1.07855
-1.07606
-1.07322
-1.07208
-1.07505
-1.13156
-1.13246
-1.13152
-1.13113
-1.13009
-1.12872
-1.12695
-1.12524
-1.12442
-1.12559
-1.18183
-1.18263
-1.18162
-1.18133
-1.18041
-1.17935
-1.17813
-1.17704
-1.17649
-1.17686
-1.2323
-1.23314
-1.23197
-1.23177
-1.23099
-1.23019
-1.22934
-1.22862
-1.22823
-1.22827
-1.28238
-1.28365
-1.28242
-1.28234
-1.2817
-1.28111
-1.28051
-1.28002
-1.27973
-1.27966
-1.33196
-1.33386
-1.33283
-1.33294
-1.33251
-1.33209
-1.33166
-1.33131
-1.33108
-1.331
-1.38126
-1.38381
-1.38328
-1.38361
-1.3834
-1.38312
-1.38281
-1.38255
-1.38237
-1.38229
-1.43106
-1.43403
-1.43411
-1.4345
-1.43445
-1.43425
-1.43399
-1.43378
-1.43363
-1.43356
-1.48311
-1.4851
-1.48554
-1.48576
-1.48567
-1.48546
-1.48522
-1.48502
-1.48489
-1.48483
-1.53673
-1.5372
-1.53736
-1.5373
-1.53705
-1.53675
-1.53648
-1.53628
-1.53616
-1.53611
-1.59002
-1.58973
-1.58941
-1.589
-1.58853
-1.58812
-1.58779
-1.58758
-1.58747
-1.58742
-1.64324
-1.64242
-1.64166
-1.64089
-1.64018
-1.63963
-1.63922
-1.63898
-1.63887
-1.63884
-1.69674
-1.69541
-1.69419
-1.69305
-1.69206
-1.69132
-1.69082
-1.69052
-1.69039
-1.69037
-1.75052
-1.74867
-1.74699
-1.74543
-1.74412
-1.74318
-1.74257
-1.74222
-1.74206
-1.74203
-1.80412
-1.80177
-1.79959
-1.7977
-1.79616
-1.79509
-1.79444
-1.79406
-1.79389
-1.79382
-1.85696
-1.85425
-1.85165
-1.84958
-1.84803
-1.84699
-1.84638
-1.84604
-1.84588
-1.8458
-1.90862
-1.90598
-1.90331
-1.90133
-1.89993
-1.89901
-1.89846
-1.89815
-1.89798
-1.89791
-1.95911
-1.95717
-1.95493
-1.9533
-1.95212
-1.95131
-1.95077
-1.95043
-1.95023
-1.95013
-0.980568
-0.981543
-0.981584
-0.981594
-0.981795
-0.983028
-0.984353
-0.979965
-0.97809
-0.975983
-1.03087
-1.03154
-1.03123
-1.03074
-1.02973
-1.02774
-1.02343
-1.01745
-1.0183
-1.02268
-1.08115
-1.08159
-1.08106
-1.08043
-1.07921
-1.07711
-1.07354
-1.06908
-1.06805
-1.07263
-1.13147
-1.13178
-1.13113
-1.13052
-1.1294
-1.12777
-1.12554
-1.12326
-1.12216
-1.12409
-1.18187
-1.18214
-1.18143
-1.18092
-1.17999
-1.17878
-1.17734
-1.17602
-1.17537
-1.17594
-1.23234
-1.23265
-1.23191
-1.2315
-1.23076
-1.22988
-1.22892
-1.22809
-1.22765
-1.22775
-1.28274
-1.2832
-1.28248
-1.28219
-1.28162
-1.28098
-1.28033
-1.27978
-1.27945
-1.27937
-1.33301
-1.3337
-1.33312
-1.33296
-1.33255
-1.33209
-1.33163
-1.33123
-1.33099
-1.3309
-1.38333
-1.3842
-1.38387
-1.38382
-1.38356
-1.38324
-1.38289
-1.3826
-1.38241
-1.38232
-1.43415
-1.43495
-1.43488
-1.43488
-1.4347
-1.43444
-1.43417
-1.43393
-1.43377
-1.4337
-1.48584
-1.48623
-1.48624
-1.48619
-1.48599
-1.48574
-1.48548
-1.48526
-1.48512
-1.48505
-1.5382
-1.5381
-1.53795
-1.53773
-1.53744
-1.53713
-1.53685
-1.53663
-1.53649
-1.53643
-1.59079
-1.59033
-1.58991
-1.58948
-1.58903
-1.58863
-1.58829
-1.58805
-1.58791
-1.58784
-1.64357
-1.64281
-1.64209
-1.6414
-1.64077
-1.64025
-1.63984
-1.63956
-1.6394
-1.63934
-1.69655
-1.69548
-1.69445
-1.6935
-1.69267
-1.692
-1.69151
-1.69118
-1.691
-1.69093
-1.74962
-1.74825
-1.74692
-1.7457
-1.74467
-1.74387
-1.74329
-1.74292
-1.74272
-1.74263
-1.80247
-1.80087
-1.79929
-1.79786
-1.79668
-1.79579
-1.79517
-1.79477
-1.79454
-1.79444
-1.85492
-1.85313
-1.85138
-1.84986
-1.84865
-1.84774
-1.84711
-1.84671
-1.84648
-1.84637
-1.90663
-1.9049
-1.90323
-1.90177
-1.90062
-1.89975
-1.89914
-1.89874
-1.89851
-1.89839
-1.95761
-1.95634
-1.95495
-1.95371
-1.95268
-1.95188
-1.95128
-1.95086
-1.95059
-1.95046
-0.979829
-0.980297
-0.980474
-0.980617
-0.981009
-0.98284
-0.985223
-0.980725
-0.974639
-0.971319
-1.03046
-1.03068
-1.03049
-1.03006
-1.02913
-1.02733
-1.02409
-1.01958
-1.01837
-1.02038
-1.08092
-1.08099
-1.08059
-1.07994
-1.07876
-1.07664
-1.07304
-1.06883
-1.06762
-1.07155
-1.13136
-1.13135
-1.13085
-1.13017
-1.12904
-1.12738
-1.12508
-1.1226
-1.12129
-1.12339
-1.18185
-1.18182
-1.18128
-1.18068
-1.17979
-1.17855
-1.17704
-1.17565
-1.17492
-1.1755
-1.23241
-1.23239
-1.23186
-1.23135
-1.23063
-1.22974
-1.22875
-1.22788
-1.2274
-1.22748
-1.28298
-1.28301
-1.28253
-1.28213
-1.28157
-1.28093
-1.28025
-1.27967
-1.27932
-1.27923
-1.33358
-1.33368
-1.3333
-1.333
-1.33259
-1.33211
-1.33163
-1.33121
-1.33095
-1.33084
-1.38431
-1.38445
-1.3842
-1.38398
-1.38368
-1.38332
-1.38296
-1.38265
-1.38244
-1.38235
-1.43541
-1.43547
-1.4353
-1.43513
-1.43488
-1.43459
-1.4343
-1.43404
-1.43387
-1.43379
-1.487
-1.48686
-1.48668
-1.48648
-1.48622
-1.48594
-1.48567
-1.48544
-1.48529
-1.48521
-1.539
-1.53865
-1.53834
-1.53804
-1.53771
-1.53739
-1.5371
-1.53687
-1.53672
-1.53665
-1.59129
-1.59074
-1.59025
-1.58979
-1.58935
-1.58895
-1.58861
-1.58836
-1.5882
-1.58812
-1.6438
-1.64305
-1.64236
-1.64171
-1.64112
-1.64062
-1.64022
-1.63993
-1.63975
-1.63967
-1.69647
-1.69552
-1.69461
-1.69376
-1.69302
-1.69241
-1.69193
-1.6916
-1.69139
-1.6913
-1.74918
-1.74803
-1.74691
-1.74588
-1.745
-1.74428
-1.74374
-1.74336
-1.74313
-1.74303
-1.80171
-1.80041
-1.79914
-1.79798
-1.79699
-1.7962
-1.79561
-1.79521
-1.79496
-1.79484
-1.85389
-1.85254
-1.85121
-1.84999
-1.84897
-1.84815
-1.84754
-1.84712
-1.84687
-1.84674
-1.90559
-1.90434
-1.90309
-1.90192
-1.90093
-1.90013
-1.89953
-1.8991
-1.89883
-1.8987
-1.95683
-1.95587
-1.95483
-1.95381
-1.95291
-1.95215
-1.95154
-1.9511
-1.95082
-1.95067
-0.979483
-0.979798
-0.980063
-0.980442
-0.981013
-0.982471
-0.983602
-0.979314
-0.972553
-0.972953
-1.03026
-1.03036
-1.03027
-1.03006
-1.02965
-1.02897
-1.0275
-1.02485
-1.02159
-1.02297
-1.08083
-1.08078
-1.08046
-1.07994
-1.07909
-1.0778
-1.07581
-1.07344
-1.07205
-1.07327
-1.13134
-1.13122
-1.13078
-1.13015
-1.1292
-1.12785
-1.12629
-1.12463
-1.12366
-1.12428
-1.18188
-1.18173
-1.18125
-1.18065
-1.17983
-1.17882
-1.17751
-1.17635
-1.17569
-1.17585
-1.23248
-1.23232
-1.23186
-1.23133
-1.23064
-1.22981
-1.22889
-1.2281
-1.22763
-1.2276
-1.28314
-1.283
-1.28258
-1.28214
-1.28158
-1.28094
-1.28028
-1.2797
-1.27934
-1.27919
-1.3339
-1.33376
-1.33341
-1.33305
-1.33262
-1.33214
-1.33165
-1.33123
-1.33096
-1.33083
-1.38481
-1.38466
-1.38438
-1.38409
-1.38375
-1.38337
-1.383
-1.38268
-1.38247
-1.38236
-1.436
-1.43579
-1.43554
-1.43528
-1.43498
-1.43467
-1.43436
-1.4341
-1.43392
-1.43384
-1.48754
-1.48723
-1.48694
-1.48665
-1.48635
-1.48605
-1.48576
-1.48552
-1.48536
-1.48529
-1.53942
-1.53898
-1.53859
-1.53823
-1.53786
-1.53752
-1.53722
-1.53698
-1.53683
-1.53675
-1.59158
-1.591
-1.59047
-1.58998
-1.58952
-1.58911
-1.58877
-1.58851
-1.58834
-1.58826
-1.64396
-1.64323
-1.64253
-1.64189
-1.64131
-1.64081
-1.6404
-1.64011
-1.63992
-1.63983
-1.69647
-1.69558
-1.69471
-1.69391
-1.6932
-1.6926
-1.69213
-1.69179
-1.69158
-1.69148
-1.74899
-1.74796
-1.74693
-1.74599
-1.74516
-1.74447
-1.74394
-1.74356
-1.74333
-1.74321
-1.80136
-1.80022
-1.7991
-1.79805
-1.79714
-1.79639
-1.79582
-1.79541
-1.79516
-1.79503
-1.85343
-1.85229
-1.85113
-1.85005
-1.84911
-1.84834
-1.84774
-1.84732
-1.84705
-1.84692
-1.90513
-1.90409
-1.90301
-1.90197
-1.90106
-1.9003
-1.8997
-1.89926
-1.89898
-1.89884
-1.95647
-1.95564
-1.95473
-1.95382
-1.95298
-1.95225
-1.95165
-1.95121
-1.95091
-1.95076
)
;

boundaryField
{
    lowerSideWalls
    {
        type            calculated;
        value           nonuniform List<scalar> 
800
(
357.616
309.055
260.998
213.697
167.003
121.913
79.3811
40.6515
9.64925
-0.240942
-0.548164
-0.628293
-0.639677
-0.643887
-0.673575
-0.720765
-0.771577
-0.822649
-0.873961
-0.924894
356.252
307.574
259.257
211.588
164.359
118.518
75.1486
36.6299
7.85944
-0.309139
-0.54465
-0.621461
-0.635933
-0.642869
-0.673998
-0.720918
-0.771957
-0.823458
-0.874964
-0.925684
353.696
304.745
255.949
207.542
158.971
111.589
66.2277
28.0204
4.44571
-0.382598
-0.539399
-0.608442
-0.626189
-0.638636
-0.67268
-0.720507
-0.772362
-0.824379
-0.876712
-0.927003
350.211
300.854
251.327
201.288
151.094
101.328
52.8733
15.7702
0.929787
-0.448007
-0.5357
-0.592639
-0.612129
-0.632167
-0.670347
-0.720082
-0.773529
-0.827062
-0.879498
-0.929097
346.019
296.188
245.508
194.284
141.81
88.7332
37.0951
4.83053
-0.0784887
-0.420179
-0.525425
-0.56531
-0.591633
-0.625524
-0.668893
-0.720238
-0.775412
-0.831755
-0.884114
-0.933339
341.325
291.277
239.66
186.882
132.032
75.7
21.0464
0.599776
-0.0942219
-0.36297
-0.482926
-0.534684
-0.580022
-0.624151
-0.668854
-0.721235
-0.77861
-0.842866
-0.897676
-0.943154
336.991
286.344
233.91
179.535
122.809
62.4743
10.8837
0.0502908
-0.0940893
-0.309307
-0.437044
-0.512867
-0.571128
-0.620561
-0.669051
-0.72239
-0.783398
-0.851643
-0.907977
-0.947612
333.177
281.984
228.632
172.694
115.481
47.0143
5.88034
0.0342063
-0.11686
-0.28086
-0.405863
-0.496051
-0.560729
-0.61325
-0.664802
-0.719311
-0.777818
-0.838718
-0.894813
-0.935823
330.762
279.12
224.339
166.049
108.451
31.6504
2.41142
0.0958738
-0.0848767
-0.248315
-0.376469
-0.470448
-0.543525
-0.60378
-0.660026
-0.716117
-0.773848
-0.832812
-0.884434
-0.927581
329.274
277.397
222.096
162.51
105.54
25.8957
1.5129
0.118524
-0.0627659
-0.230857
-0.364481
-0.456891
-0.528891
-0.590492
-0.647988
-0.706817
-0.766806
-0.825273
-0.87457
-0.922265
329.274
277.397
222.096
162.51
105.54
25.8957
1.5129
0.118524
-0.0627659
-0.230857
-0.364481
-0.456891
-0.528891
-0.590492
-0.647988
-0.706817
-0.766806
-0.825273
-0.87457
-0.922265
330.732
279.134
224.319
165.981
108.333
31.1982
2.38779
0.117176
-0.0951769
-0.270915
-0.388568
-0.472868
-0.540609
-0.598281
-0.653379
-0.710827
-0.772489
-0.83488
-0.88949
-0.932395
333.27
282.029
228.548
172.342
115.377
47.3653
5.89109
0.0627887
-0.127188
-0.298674
-0.409878
-0.486088
-0.549144
-0.602691
-0.656925
-0.715888
-0.782607
-0.852758
-0.909411
-0.94653
336.954
286.231
233.803
179.389
122.782
62.4509
11.1084
0.0572172
-0.127206
-0.334462
-0.443942
-0.507054
-0.562685
-0.614309
-0.66122
-0.719441
-0.781875
-0.848249
-0.907692
-0.949474
341.151
290.874
239.473
186.772
131.97
75.7325
21.1006
0.917326
-0.130764
-0.386223
-0.491003
-0.537105
-0.582618
-0.625386
-0.665752
-0.718793
-0.775633
-0.836165
-0.889946
-0.939095
345.537
295.883
245.284
194.053
141.431
88.2399
36.2811
5.28583
-0.125424
-0.420331
-0.522555
-0.566648
-0.602263
-0.634533
-0.670438
-0.717014
-0.772387
-0.828589
-0.882161
-0.932194
349.665
300.481
250.666
200.894
150.511
100.529
51.6887
14.657
0.536194
-0.441544
-0.532584
-0.596014
-0.622577
-0.641192
-0.671853
-0.716103
-0.770532
-0.825005
-0.878199
-0.929244
353.338
304.345
255.436
206.711
158.085
110.587
64.8302
26.2994
3.45369
-0.373304
-0.529742
-0.610851
-0.636397
-0.646458
-0.673386
-0.717405
-0.770536
-0.823817
-0.876456
-0.92789
355.869
307.099
258.76
210.894
163.461
117.527
73.9261
35.3588
6.93158
-0.279279
-0.526598
-0.618354
-0.641827
-0.648425
-0.675177
-0.720799
-0.771687
-0.823834
-0.875846
-0.927462
357.162
308.512
260.422
213.062
166.289
120.985
78.2387
39.4957
8.79101
-0.229976
-0.522237
-0.620376
-0.641027
-0.646287
-0.674467
-0.721769
-0.772833
-0.82429
-0.876161
-0.927681
357.05
308.454
260.358
213.005
166.224
120.975
78.2564
39.4928
8.89057
-0.231696
-0.524335
-0.618814
-0.637145
-0.643129
-0.673142
-0.721271
-0.773059
-0.82485
-0.876808
-0.928153
355.676
306.952
258.623
210.961
163.626
117.567
74.007
35.4593
7.22873
-0.297268
-0.530944
-0.613158
-0.629971
-0.639623
-0.673036
-0.721884
-0.773469
-0.825452
-0.877497
-0.928669
353.162
304.14
255.282
206.505
157.913
110.565
65.0636
26.6875
3.78762
-0.388066
-0.531261
-0.598661
-0.6184
-0.63548
-0.67329
-0.72243
-0.773813
-0.825958
-0.878181
-0.929307
349.642
300.221
250.474
200.557
150.205
100.301
51.7948
14.7238
0.622924
-0.45023
-0.5295
-0.582013
-0.604074
-0.630861
-0.67238
-0.722283
-0.774483
-0.827374
-0.880041
-0.930374
345.139
295.551
244.849
193.548
140.879
87.3879
36.1084
4.68889
-0.102419
-0.419673
-0.51406
-0.550186
-0.585331
-0.627046
-0.671859
-0.72225
-0.776294
-0.830663
-0.882726
-0.932395
340.623
290.373
238.884
186.117
131.259
75.0412
20.4394
0.615541
-0.111055
-0.368356
-0.469733
-0.518579
-0.572016
-0.622389
-0.670278
-0.724013
-0.781325
-0.838904
-0.891191
-0.938012
336.321
285.57
233.079
178.562
121.672
61.0227
10.2682
0.0616741
-0.100072
-0.305851
-0.415444
-0.486957
-0.555247
-0.611458
-0.669871
-0.727645
-0.789539
-0.853819
-0.905504
-0.943976
332.581
281.331
227.739
171.418
113.874
45.5718
5.41499
0.0848289
-0.0900596
-0.267717
-0.382889
-0.465257
-0.538893
-0.598425
-0.668991
-0.728404
-0.790113
-0.852682
-0.901438
-0.937034
329.996
278.332
223.399
165.066
106.274
29.0129
1.94951
0.117728
-0.0584008
-0.234421
-0.36378
-0.454826
-0.525241
-0.595068
-0.66499
-0.723946
-0.783271
-0.839803
-0.887529
-0.927753
328.495
276.57
221.124
161.539
102.958
23.8493
1.19924
0.116525
-0.0326282
-0.204377
-0.34182
-0.439348
-0.516646
-0.586779
-0.658145
-0.720547
-0.776442
-0.829908
-0.87866
-0.924806
357.255
308.688
260.624
213.318
166.613
121.505
78.9838
40.2071
9.3058
-0.256089
-0.544849
-0.614285
-0.626968
-0.63996
-0.675479
-0.723371
-0.773279
-0.824261
-0.876291
-0.928375
355.878
307.177
258.874
211.22
163.989
118.129
74.7645
36.1302
7.4646
-0.317337
-0.543641
-0.60944
-0.62359
-0.638599
-0.675271
-0.723618
-0.773799
-0.825105
-0.877216
-0.928872
353.328
304.352
255.539
206.996
158.515
111.253
65.9786
27.4135
4.02664
-0.389819
-0.538453
-0.599821
-0.618582
-0.637341
-0.675329
-0.723597
-0.774203
-0.825965
-0.87835
-0.929481
349.845
300.421
250.844
200.904
150.706
101.01
52.6993
15.2705
0.758676
-0.454906
-0.53529
-0.585442
-0.607993
-0.632407
-0.671816
-0.723068
-0.775329
-0.827887
-0.88037
-0.930728
345.315
295.674
244.992
193.789
141.279
87.9921
36.7459
4.69225
-0.080514
-0.422725
-0.52161
-0.556279
-0.588291
-0.624292
-0.668093
-0.722902
-0.777401
-0.831272
-0.883031
-0.932649
340.747
290.603
239.028
186.255
131.447
75.3391
20.5643
0.562381
-0.0815524
-0.361708
-0.47701
-0.521352
-0.56829
-0.616573
-0.666955
-0.722757
-0.780524
-0.837736
-0.889781
-0.937258
336.377
285.617
233.153
178.654
121.816
61.3021
10.3394
0.0721863
-0.0804816
-0.298198
-0.422271
-0.493071
-0.553294
-0.611119
-0.666123
-0.724128
-0.786816
-0.851819
-0.904002
-0.943935
332.593
281.336
227.767
171.457
113.896
45.5413
5.39204
0.0768651
-0.0866238
-0.265829
-0.397933
-0.480172
-0.544412
-0.605217
-0.666249
-0.725225
-0.790256
-0.855298
-0.904732
-0.940624
330.013
278.356
223.41
165.098
106.221
29.0005
1.94573
0.111178
-0.0633097
-0.237398
-0.37139
-0.465958
-0.536092
-0.599506
-0.659675
-0.722669
-0.784511
-0.841684
-0.889955
-0.929329
328.495
276.57
221.124
161.539
102.958
23.8493
1.19924
0.116525
-0.0326282
-0.204377
-0.34182
-0.439348
-0.516646
-0.586779
-0.658145
-0.720547
-0.776442
-0.829908
-0.87866
-0.924806
)
;
    }
    upperSideWalls
    {
        type            calculated;
        value           nonuniform List<scalar> 
800
(
-0.97531
-1.02555
-1.07585
-1.12636
-1.1771
-1.22805
-1.27919
-1.33053
-1.3821
-1.43397
-1.4862
-1.5388
-1.59167
-1.64464
-1.69756
-1.75008
-1.80198
-1.85304
-1.9034
-1.95328
-0.975808
-1.02576
-1.07586
-1.12625
-1.17693
-1.22787
-1.27902
-1.33036
-1.38191
-1.43371
-1.48581
-1.53821
-1.59087
-1.64364
-1.69632
-1.74869
-1.80054
-1.85174
-1.90235
-1.95254
-0.976532
-1.02595
-1.0757
-1.12591
-1.17653
-1.22747
-1.27863
-1.33
-1.38155
-1.43332
-1.48534
-1.53761
-1.59008
-1.64263
-1.69511
-1.74734
-1.79916
-1.8505
-1.90136
-1.95189
-0.977597
-1.02614
-1.07535
-1.12534
-1.17595
-1.22696
-1.27822
-1.32967
-1.38127
-1.43304
-1.48499
-1.53713
-1.58941
-1.64175
-1.69403
-1.74614
-1.79794
-1.84937
-1.90046
-1.95128
-0.979739
-1.02635
-1.07463
-1.12439
-1.17508
-1.22627
-1.2777
-1.32928
-1.38096
-1.43275
-1.48467
-1.53671
-1.58884
-1.64101
-1.69314
-1.74514
-1.79691
-1.84843
-1.89969
-1.95075
-0.983871
-1.02635
-1.07323
-1.12292
-1.17387
-1.2254
-1.27708
-1.32884
-1.38063
-1.43247
-1.48437
-1.53634
-1.58836
-1.64041
-1.69241
-1.74431
-1.79608
-1.84766
-1.89906
-1.95031
-0.983217
-1.02413
-1.07069
-1.12097
-1.17252
-1.22446
-1.27646
-1.32841
-1.38033
-1.43222
-1.48412
-1.53604
-1.58798
-1.63993
-1.69185
-1.74371
-1.79546
-1.84708
-1.89858
-1.94996
-0.97335
-1.01857
-1.06839
-1.11944
-1.17146
-1.22376
-1.27599
-1.32809
-1.38008
-1.43201
-1.48391
-1.53581
-1.5877
-1.63959
-1.69146
-1.74327
-1.79501
-1.84667
-1.89823
-1.9497
-0.970614
-1.01803
-1.06779
-1.11913
-1.1712
-1.22352
-1.27578
-1.32792
-1.37994
-1.43189
-1.48378
-1.53566
-1.58752
-1.63937
-1.6912
-1.743
-1.79473
-1.84641
-1.89801
-1.94953
-0.970627
-1.02041
-1.07022
-1.12046
-1.17186
-1.22375
-1.27581
-1.32788
-1.37988
-1.43182
-1.48371
-1.53558
-1.58742
-1.63926
-1.69107
-1.74285
-1.79459
-1.84627
-1.89789
-1.94944
-0.970627
-1.02041
-1.07022
-1.12046
-1.17186
-1.22375
-1.27581
-1.32788
-1.37988
-1.43182
-1.48371
-1.53558
-1.58742
-1.63926
-1.69107
-1.74285
-1.79459
-1.84627
-1.89789
-1.94944
-0.972737
-1.02002
-1.06933
-1.11935
-1.17141
-1.22367
-1.27586
-1.32794
-1.37993
-1.43184
-1.4837
-1.53554
-1.58736
-1.63918
-1.69099
-1.74277
-1.79451
-1.8462
-1.89784
-1.94942
-0.982291
-1.0248
-1.07071
-1.12029
-1.17208
-1.22413
-1.27618
-1.32815
-1.38004
-1.43187
-1.48366
-1.53545
-1.58723
-1.63902
-1.6908
-1.74258
-1.79433
-1.84605
-1.89773
-1.94937
-0.987371
-1.02783
-1.07276
-1.12247
-1.17345
-1.22502
-1.27675
-1.3285
-1.38022
-1.43193
-1.48362
-1.53531
-1.58703
-1.63876
-1.69051
-1.74228
-1.79404
-1.8458
-1.89754
-1.94928
-0.983411
-1.02774
-1.07482
-1.12437
-1.17492
-1.22606
-1.27745
-1.32893
-1.38045
-1.43199
-1.48355
-1.53513
-1.58674
-1.63839
-1.69009
-1.74183
-1.7936
-1.84541
-1.89725
-1.94913
-0.980054
-1.02762
-1.07616
-1.12582
-1.1762
-1.22703
-1.27812
-1.32936
-1.38068
-1.43205
-1.48345
-1.53489
-1.58636
-1.63788
-1.6895
-1.74121
-1.79299
-1.84486
-1.89682
-1.94889
-0.978703
-1.02776
-1.07708
-1.12692
-1.17721
-1.22784
-1.27871
-1.32974
-1.38087
-1.43207
-1.4833
-1.53455
-1.58582
-1.63717
-1.68868
-1.74038
-1.79218
-1.84411
-1.89623
-1.94854
-0.978205
-1.02799
-1.07775
-1.12773
-1.17798
-1.22848
-1.2792
-1.33009
-1.38112
-1.43223
-1.48338
-1.53456
-1.58574
-1.63692
-1.68824
-1.73977
-1.79135
-1.84322
-1.89547
-1.94807
-0.978121
-1.02826
-1.07825
-1.1283
-1.17851
-1.2289
-1.27947
-1.33018
-1.381
-1.43184
-1.48264
-1.53334
-1.58416
-1.63509
-1.68606
-1.73731
-1.78923
-1.84159
-1.89433
-1.94741
-0.978351
-1.0286
-1.07867
-1.12875
-1.17895
-1.22932
-1.27988
-1.33062
-1.38149
-1.4324
-1.48323
-1.53391
-1.58434
-1.63493
-1.68596
-1.73739
-1.78918
-1.84132
-1.89401
-1.94719
-0.978727
-1.02892
-1.07896
-1.12901
-1.17916
-1.22944
-1.27985
-1.33042
-1.38108
-1.43177
-1.48237
-1.53271
-1.58287
-1.63323
-1.68408
-1.73547
-1.78725
-1.83955
-1.89252
-1.94621
-0.979109
-1.02918
-1.07916
-1.12921
-1.1794
-1.22978
-1.28032
-1.33099
-1.38178
-1.43257
-1.48327
-1.53378
-1.58418
-1.63469
-1.68557
-1.73687
-1.78855
-1.8407
-1.89347
-1.9469
-0.97947
-1.02928
-1.07913
-1.12913
-1.17933
-1.22972
-1.28024
-1.33089
-1.38162
-1.43243
-1.48323
-1.5339
-1.58455
-1.63531
-1.68635
-1.73773
-1.78945
-1.84157
-1.8942
-1.94733
-0.979863
-1.02922
-1.07884
-1.12883
-1.17913
-1.22966
-1.28035
-1.33117
-1.38208
-1.43301
-1.48386
-1.53465
-1.58549
-1.63644
-1.68761
-1.73905
-1.7908
-1.84288
-1.89542
-1.94841
-0.980511
-1.02891
-1.07818
-1.12815
-1.17864
-1.22935
-1.28021
-1.33115
-1.38212
-1.4331
-1.48407
-1.53509
-1.58619
-1.63735
-1.68868
-1.74021
-1.79197
-1.84399
-1.89633
-1.94901
-0.982193
-1.02822
-1.07701
-1.12702
-1.1779
-1.22888
-1.27997
-1.3311
-1.38224
-1.43338
-1.48455
-1.53575
-1.58693
-1.63821
-1.68965
-1.74126
-1.79308
-1.84506
-1.89725
-1.94965
-0.982192
-1.02639
-1.07505
-1.12559
-1.17686
-1.22827
-1.27966
-1.331
-1.38229
-1.43356
-1.48483
-1.53611
-1.58742
-1.63884
-1.69037
-1.74203
-1.79382
-1.8458
-1.89791
-1.95013
-0.975983
-1.02268
-1.07263
-1.12409
-1.17594
-1.22775
-1.27937
-1.3309
-1.38232
-1.4337
-1.48505
-1.53643
-1.58784
-1.63934
-1.69093
-1.74263
-1.79444
-1.84637
-1.89839
-1.95046
-0.971319
-1.02038
-1.07155
-1.12339
-1.1755
-1.22748
-1.27923
-1.33084
-1.38235
-1.43379
-1.48521
-1.53665
-1.58812
-1.63967
-1.6913
-1.74303
-1.79484
-1.84674
-1.8987
-1.95067
-0.972953
-1.02297
-1.07327
-1.12428
-1.17585
-1.2276
-1.27919
-1.33083
-1.38236
-1.43384
-1.48529
-1.53675
-1.58826
-1.63983
-1.69148
-1.74321
-1.79503
-1.84692
-1.89884
-1.95076
-0.979483
-1.03026
-1.08083
-1.13134
-1.18188
-1.23248
-1.28314
-1.3339
-1.38481
-1.436
-1.48754
-1.53942
-1.59158
-1.64396
-1.69647
-1.74899
-1.80136
-1.85343
-1.90513
-1.95647
-0.979798
-1.03036
-1.08078
-1.13122
-1.18173
-1.23232
-1.283
-1.33376
-1.38466
-1.43579
-1.48723
-1.53898
-1.591
-1.64323
-1.69558
-1.74796
-1.80022
-1.85229
-1.90409
-1.95564
-0.980063
-1.03027
-1.08046
-1.13078
-1.18125
-1.23186
-1.28258
-1.33341
-1.38438
-1.43554
-1.48694
-1.53859
-1.59047
-1.64253
-1.69471
-1.74693
-1.7991
-1.85113
-1.90301
-1.95473
-0.980442
-1.03006
-1.07994
-1.13015
-1.18065
-1.23133
-1.28214
-1.33305
-1.38409
-1.43528
-1.48665
-1.53823
-1.58998
-1.64189
-1.69391
-1.74599
-1.79805
-1.85005
-1.90197
-1.95382
-0.981013
-1.02965
-1.07909
-1.1292
-1.17983
-1.23064
-1.28158
-1.33262
-1.38375
-1.43498
-1.48635
-1.53786
-1.58952
-1.64131
-1.6932
-1.74516
-1.79714
-1.84911
-1.90106
-1.95298
-0.982471
-1.02897
-1.0778
-1.12785
-1.17882
-1.22981
-1.28094
-1.33214
-1.38337
-1.43467
-1.48605
-1.53752
-1.58911
-1.64081
-1.6926
-1.74447
-1.79639
-1.84834
-1.9003
-1.95225
-0.983602
-1.0275
-1.07581
-1.12629
-1.17751
-1.22889
-1.28028
-1.33165
-1.383
-1.43436
-1.48576
-1.53722
-1.58877
-1.6404
-1.69213
-1.74394
-1.79582
-1.84774
-1.8997
-1.95165
-0.979314
-1.02485
-1.07344
-1.12463
-1.17635
-1.2281
-1.2797
-1.33123
-1.38268
-1.4341
-1.48552
-1.53698
-1.58851
-1.64011
-1.69179
-1.74356
-1.79541
-1.84732
-1.89926
-1.95121
-0.972553
-1.02159
-1.07205
-1.12366
-1.17569
-1.22763
-1.27934
-1.33096
-1.38247
-1.43392
-1.48536
-1.53683
-1.58834
-1.63992
-1.69158
-1.74333
-1.79516
-1.84705
-1.89898
-1.95091
-0.972953
-1.02297
-1.07327
-1.12428
-1.17585
-1.2276
-1.27919
-1.33083
-1.38236
-1.43384
-1.48529
-1.53675
-1.58826
-1.63983
-1.69148
-1.74321
-1.79503
-1.84692
-1.89884
-1.95076
)
;
    }
    lowerWall
    {
        type            calculated;
        value           nonuniform List<scalar> 
200
(
382.141
382.896
384.319
386.239
388.469
391.22
393.665
395.591
396.671
394.185
393.894
396.449
395.476
393.674
390.994
388.271
385.975
383.953
382.535
381.78
380.777
381.547
382.966
385.106
387.435
390.265
392.867
394.915
396.608
397.5
396.039
396.671
394.705
392.74
390.021
387.119
384.711
382.621
381.161
380.403
378.221
379.01
380.563
382.791
385.365
388.242
390.95
393.28
394.807
395.666
395.511
394.71
393.138
390.816
387.968
385.083
382.429
380.191
378.625
377.853
374.736
375.527
377.207
379.563
382.23
385.146
388.38
390.953
392.65
393.701
393.618
392.641
390.802
388.341
384.979
382.016
379.277
376.83
375.119
374.37
370.544
371.376
373.193
375.76
378.828
382.025
385.408
388.048
389.889
391.042
390.888
389.837
387.905
385
381.753
378.466
375.462
372.79
370.87
369.84
365.85
366.954
368.953
371.777
375.196
378.747
382.388
385.21
387.162
388.164
388.114
387.005
385.021
382.031
378.404
374.824
371.366
368.44
366.397
365.272
361.516
362.727
364.787
368.064
371.855
375.744
379.429
382.51
384.649
385.809
385.799
384.519
382.311
379.165
375.442
371.333
367.541
364.206
362.124
360.902
357.702
359.151
361.347
364.85
368.863
373.031
376.945
380.248
382.561
383.779
383.747
382.429
380.033
376.693
372.683
368.358
364.182
360.747
358.53
357.118
355.287
356.719
359.213
362.703
366.802
371.099
375.172
378.643
381.096
382.367
382.319
380.957
378.446
374.95
370.729
366.291
362.074
358.519
356.017
354.538
353.799
355.257
357.795
361.479
365.676
370.062
374.19
377.863
380.394
381.687
381.575
380.201
377.687
374.167
369.664
365.148
360.846
357.106
354.521
353.02
)
;
    }
    atmosphere
    {
        type            calculated;
        value           nonuniform List<scalar> 0();
    }
    procBoundary1to0
    {
        type            processor;
        value           nonuniform List<scalar> 
800
(
357.673
309.11
261.058
213.787
167.061
121.948
79.3996
40.6818
9.57224
-0.238852
-0.545435
-0.627334
-0.639707
-0.645493
-0.675017
-0.720898
-0.770812
-0.821923
-0.873445
-0.924656
358.414
309.868
261.884
214.677
168.037
122.909
79.4902
37.3627
5.25552
-0.433645
-0.624138
-0.705639
-0.725941
-0.694569
-0.693433
-0.728473
-0.77376
-0.822863
-0.874228
-0.925002
359.81
311.324
263.537
216.413
170.03
124.865
80.7682
37.3005
4.30044
-0.468601
-0.581433
-0.651414
-0.691645
-0.695865
-0.708851
-0.738876
-0.780079
-0.826782
-0.876318
-0.925988
361.767
313.454
265.849
219.019
173.126
128.338
83.9367
41.3665
7.66532
-0.467851
-0.555963
-0.608546
-0.651817
-0.681664
-0.711865
-0.745694
-0.785549
-0.830425
-0.878261
-0.926875
363.993
315.91
268.684
222.467
177.326
133.504
90.115
48.0564
12.5489
-0.46548
-0.535573
-0.579231
-0.630406
-0.673539
-0.713161
-0.748086
-0.786635
-0.831228
-0.878913
-0.926945
366.88
318.757
271.87
226.248
182.064
139.318
97.3471
57.0317
19.073
0.0156923
-0.475135
-0.565994
-0.63074
-0.698772
-0.739288
-0.754046
-0.786204
-0.831497
-0.880761
-0.92798
369.277
321.546
274.911
229.835
186.545
145.05
105.155
67.8282
33.5199
4.52707
-0.258843
-0.558427
-0.644575
-0.738656
-0.750459
-0.730841
-0.769725
-0.824598
-0.880818
-0.926385
371.279
323.731
277.457
232.83
190.073
149.62
111.467
75.9264
44.2833
16.0511
0.58028
-1.22917
0.130865
-0.292362
-0.861638
-0.724492
-0.765102
-0.836016
-0.905042
-0.941933
373.217
325.462
278.846
234.007
191.139
150.885
113.686
78.9808
45.8022
19.0466
7.35176
9.12459
11.191
3.83974
-0.650477
-0.591624
-0.411194
-0.701853
-1.02854
-1.02515
374.998
328.784
281.906
236.687
194.446
155.177
119.302
81.8029
46.056
21.8268
12.4911
11.9423
14.1509
11.2683
7.57999
12.546
8.27218
2.94007
-0.414975
-1.41197
374.648
328.509
281.791
236.674
194.373
155.126
119.19
83.6489
47.4943
24.4999
15.908
14.9059
14.2253
13.4346
11.5948
13.2227
15.121
15.7186
15.419
10.9372
373.51
325.47
278.961
234.223
191.509
151.557
114.907
80.9417
48.9193
21.1469
6.06923
5.18769
6.94432
1.8954
-0.533959
-0.45419
-0.214761
-0.593513
-1.02448
-0.993887
371.244
323.76
277.447
232.78
190.169
149.783
111.602
76.0394
44.544
16.1947
0.540686
-1.2382
-0.152828
-0.612204
-0.746781
-0.70548
-0.774532
-0.860622
-0.895736
-0.976517
369.25
321.426
274.74
229.654
186.366
144.843
104.759
66.8625
31.7813
3.96585
-0.377451
-0.571928
-0.64733
-0.731816
-0.7121
-0.708678
-0.775758
-0.830769
-0.865183
-0.94486
366.609
318.593
271.62
225.943
181.713
138.896
96.8104
56.2319
18.557
-0.121102
-0.481363
-0.558544
-0.631993
-0.693864
-0.719731
-0.734095
-0.780542
-0.840579
-0.897124
-0.941952
363.868
315.688
268.399
222.079
176.915
132.974
89.5205
47.4545
12.538
-0.480251
-0.53709
-0.577915
-0.629941
-0.672958
-0.709001
-0.740669
-0.783687
-0.834936
-0.885461
-0.935988
361.502
313.161
265.517
218.604
172.594
127.862
83.3126
40.8413
7.54721
-0.476821
-0.563976
-0.617651
-0.655722
-0.679647
-0.706527
-0.739685
-0.782004
-0.831263
-0.881744
-0.93296
359.481
310.986
263.169
216.028
169.562
124.323
80.1826
36.9168
4.26743
-0.483707
-0.589275
-0.654127
-0.692544
-0.687868
-0.699424
-0.732432
-0.776506
-0.826983
-0.878781
-0.930556
358.069
309.514
261.51
214.273
167.6
122.4
78.9882
37.0843
5.19178
-0.443191
-0.624121
-0.70101
-0.714714
-0.685474
-0.68785
-0.725949
-0.773241
-0.823622
-0.876298
-0.928799
357.332
308.755
260.697
213.441
166.671
121.515
78.9591
40.2484
9.25772
-0.245332
-0.539876
-0.615051
-0.627556
-0.639888
-0.675997
-0.724333
-0.773598
-0.824018
-0.87598
-0.928235
-0.975314
-1.02571
-1.07613
-1.1267
-1.17748
-1.22848
-1.27968
-1.33109
-1.38274
-1.43469
-1.48699
-1.53968
-1.59268
-1.64579
-1.69882
-1.75143
-1.80335
-1.85435
-1.90454
-1.95418
-0.975415
-1.02567
-1.07603
-1.1266
-1.17739
-1.22837
-1.27956
-1.33092
-1.3825
-1.43439
-1.48665
-1.53944
-1.59266
-1.64615
-1.69947
-1.75231
-1.80428
-1.85521
-1.90515
-1.95448
-0.975742
-1.02567
-1.07592
-1.12647
-1.17728
-1.22827
-1.27939
-1.33065
-1.382
-1.43367
-1.48587
-1.53884
-1.59248
-1.64659
-1.70073
-1.75412
-1.80643
-1.85717
-1.90637
-1.95496
-0.97591
-1.02552
-1.07568
-1.12631
-1.17728
-1.22829
-1.27934
-1.33045
-1.38162
-1.43298
-1.48496
-1.53821
-1.59257
-1.64793
-1.70371
-1.758
-1.8104
-1.86019
-1.90776
-1.95506
-0.975471
-1.02503
-1.07534
-1.12619
-1.17751
-1.22848
-1.27926
-1.32996
-1.38058
-1.43131
-1.48295
-1.53647
-1.59183
-1.64944
-1.70814
-1.7635
-1.81692
-1.86815
-1.91369
-1.95684
-0.975859
-1.02479
-1.07413
-1.12524
-1.17781
-1.22992
-1.28156
-1.33295
-1.38383
-1.43348
-1.48273
-1.53546
-1.59165
-1.65262
-1.71953
-1.78848
-1.83968
-1.88921
-1.92939
-1.9618
-0.970876
-1.01881
-1.07273
-1.12674
-1.18171
-1.23532
-1.28888
-1.34145
-1.39183
-1.43727
-1.47795
-1.53035
-1.5925
-1.66062
-1.7333
-1.79669
-1.8432
-1.89675
-1.92992
-1.94195
-0.982299
-1.04424
-1.08269
-1.12453
-1.19365
-1.25949
-1.32051
-1.37736
-1.42988
-1.47477
-1.51542
-1.5555
-1.60689
-1.66372
-1.72723
-1.77906
-1.81849
-1.86447
-1.54216
-1.70664
-1.01997
-1.07559
-1.10508
-1.17291
-1.23293
-1.30232
-1.371
-1.43537
-1.4884
-1.51133
-1.50383
-1.52397
-1.56926
-1.58603
-1.69406
-1.76769
-1.79794
-1.65539
-1.59998
-1.7015
-0.835357
-1.14425
-1.22454
-1.30871
-0.74577
-0.912344
-1.02319
-1.00061
-1.10488
-1.26839
-1.40627
-1.56076
-1.59366
-1.64022
-1.69172
-1.75113
-1.81182
-1.92052
-2.01846
-2.00891
2.88951
-0.196834
-0.0731438
0.708822
3.31296
-1.41918
-1.33441
-1.34211
-1.41528
-1.45332
-1.50177
-1.55174
-1.58353
-1.61179
-1.6776
-1.66166
-1.84114
-1.9344
-2.02375
-2.05991
-1.01851
-1.05738
-1.10358
-1.15924
-0.56524
-1.30873
-1.34565
-1.37031
-1.42269
-1.48987
-1.49081
-1.5541
-1.59575
-1.63915
-1.6997
-1.76249
-1.85571
-1.95051
-2.02735
-2.06003
-1.0098
-1.05547
-1.092
-1.12925
-1.15869
-1.2639
-1.3105
-1.36098
-1.41075
-1.45003
-1.47468
-1.53742
-1.58873
-1.64166
-1.70094
-1.76894
-1.8549
-1.94468
-2.01682
-2.04571
-0.985831
-1.03213
-1.0818
-1.12401
-1.16435
-1.24028
-1.29114
-1.33843
-1.38281
-1.42108
-1.47042
-1.5342
-1.58926
-1.64345
-1.70078
-1.76456
-1.83567
-1.90457
-1.95386
-1.98783
-0.986573
-1.03525
-1.08363
-1.13133
-1.17981
-1.23756
-1.28902
-1.33833
-1.38533
-1.43063
-1.47983
-1.53552
-1.58969
-1.64361
-1.69891
-1.75696
-1.81699
-1.87586
-1.92753
-1.97091
-0.984025
-1.03339
-1.08276
-1.13202
-1.18181
-1.23429
-1.28489
-1.33436
-1.38294
-1.43195
-1.48302
-1.53662
-1.59023
-1.644
-1.69863
-1.75422
-1.80998
-1.86445
-1.91555
-1.96313
-0.982438
-1.03234
-1.08228
-1.1323
-1.18263
-1.23362
-1.28419
-1.33426
-1.38398
-1.43409
-1.48534
-1.5379
-1.59089
-1.64425
-1.69809
-1.75237
-1.80653
-1.85965
-1.91101
-1.96083
-0.980976
-1.03134
-1.08164
-1.132
-1.18249
-1.23317
-1.28379
-1.33427
-1.38467
-1.43543
-1.48685
-1.539
-1.59154
-1.64444
-1.69764
-1.751
-1.8042
-1.85662
-1.90811
-1.95869
-0.979916
-1.03064
-1.08118
-1.1317
-1.18228
-1.23293
-1.28362
-1.33431
-1.3851
-1.43617
-1.48768
-1.53964
-1.59198
-1.6446
-1.69742
-1.75029
-1.80295
-1.85511
-1.90665
-1.9576
-0.979486
-1.03036
-1.08101
-1.13159
-1.1822
-1.23287
-1.2836
-1.3344
-1.38534
-1.43654
-1.48809
-1.54001
-1.59224
-1.64472
-1.69734
-1.74996
-1.80239
-1.85443
-1.906
-1.95711
)
;
    }
    procBoundary1to3
    {
        type            processor;
        value           nonuniform List<scalar> 
200
(
-2.00297
-2.00255
-2.00224
-2.00196
-2.00169
-2.00146
-2.00125
-2.00109
-2.00097
-2.00091
-2.00288
-2.00249
-2.00223
-2.00197
-2.00172
-2.00148
-2.00128
-2.00111
-2.00099
-2.00093
-2.0026
-2.00234
-2.00221
-2.00199
-2.00176
-2.00152
-2.00132
-2.00115
-2.00102
-2.00096
-2.00181
-2.00204
-2.00223
-2.00205
-2.00181
-2.00156
-2.00136
-2.00119
-2.00107
-2.001
-2.00126
-2.0019
-2.00249
-2.00216
-2.00184
-2.00158
-2.00139
-2.00121
-2.0011
-2.00103
-2.00421
-2.00427
-2.00364
-2.00252
-2.00189
-2.00155
-2.00135
-2.00118
-2.0011
-2.00104
-2.01977
-2.01825
-2.01027
-2.00363
-2.00183
-2.00129
-2.00111
-2.00104
-2.00103
-2.00101
-2.04142
-2.04427
-2.02181
-2.00297
-2.00149
-2.00088
-2.00079
-2.00083
-2.00089
-2.00092
-1.32426
-2.09639
-2.05572
-2.01256
-2.00259
-2.00003
-1.99979
-2.00021
-2.00054
-2.00074
1.14495
-2.05297
-2.04297
-2.00561
-1.99883
-1.99791
-1.99901
-2.00005
-2.00057
-2.00082
-1.95375
-2.05752
-2.03949
-2.01029
-1.99293
-1.99464
-1.9972
-1.99908
-1.99981
-2.00035
-2.04079
-2.05847
-2.01474
-1.9897
-1.99254
-1.9947
-1.99786
-1.99984
-2.00049
-2.00085
-2.04241
-2.02026
-1.99115
-1.99025
-1.99283
-1.99663
-1.99886
-2.00014
-2.00072
-2.00099
-2.00652
-2.00448
-2.00118
-2.00053
-2.00014
-2.00065
-2.00108
-2.00141
-2.00153
-2.00157
-2.0117
-2.01012
-2.00552
-2.00318
-2.0025
-2.00215
-2.00205
-2.00199
-2.00193
-2.00189
-2.00854
-2.0078
-2.00636
-2.00501
-2.00405
-2.00335
-2.00287
-2.00253
-2.0023
-2.00218
-2.00903
-2.00824
-2.00675
-2.00563
-2.00467
-2.00388
-2.00328
-2.00283
-2.00254
-2.00238
-2.00828
-2.00764
-2.0067
-2.00576
-2.00488
-2.0041
-2.00347
-2.003
-2.00268
-2.00252
-2.00782
-2.00725
-2.0065
-2.00569
-2.00489
-2.00416
-2.00355
-2.00307
-2.00276
-2.00259
-2.00756
-2.00703
-2.00636
-2.00561
-2.00485
-2.00416
-2.00356
-2.0031
-2.00278
-2.00262
)
;
    }
}


// ************************************************************************* //
