/*--------------------------------*- C++ -*----------------------------------*\
| =========                 |                                                 |
| \\      /  F ield         | OpenFOAM: The Open Source CFD Toolbox           |
|  \\    /   O peration     | Version:  2312                                  |
|   \\  /    A nd           | Website:  www.openfoam.com                      |
|    \\/     M anipulation  |                                                 |
\*---------------------------------------------------------------------------*/
FoamFile
{
    version     2.0;
    format      ascii;
    arch        "LSB;label=32;scalar=64";
    class       volScalarField;
    location    "0.12";
    object      p;
}
// * * * * * * * * * * * * * * * * * * * * * * * * * * * * * * * * * * * * * //

dimensions      [1 -1 -2 0 0 0 0];

internalField   nonuniform List<scalar> 
8000
(
386.518
386.898
387.632
388.667
389.92
391.282
392.619
393.785
394.638
395.066
336.701
337.073
337.792
338.808
340.041
341.386
342.711
343.871
344.723
345.152
286.134
286.487
287.172
288.142
289.327
290.627
291.917
293.055
293.896
294.322
234.854
235.174
235.797
236.685
237.777
238.986
240.197
241.275
242.08
242.491
182.926
183.196
183.724
184.48
185.416
186.464
187.525
188.483
189.206
189.578
130.453
130.653
131.046
131.613
132.321
133.12
133.941
134.692
135.267
135.566
77.5764
77.69
77.913
78.2364
78.6439
79.1097
79.5947
80.0456
80.3969
80.5826
24.0341
24.0375
24.0448
24.0568
24.0742
24.0978
24.1278
24.1622
24.1949
24.215
-0.578514
-0.576738
-0.572506
-0.565079
-0.553297
-0.535859
-0.512043
-0.483144
-0.45447
-0.436344
-0.66265
-0.661018
-0.657306
-0.650684
-0.639954
-0.623735
-0.601121
-0.573113
-0.544734
-0.526347
-0.713174
-0.711529
-0.707908
-0.701625
-0.691742
-0.677253
-0.65768
-0.634239
-0.611349
-0.597077
-0.768097
-0.766674
-0.763594
-0.75837
-0.75039
-0.739081
-0.724377
-0.707504
-0.691768
-0.6824
-0.826682
-0.825569
-0.823186
-0.81921
-0.813281
-0.805132
-0.794911
-0.78364
-0.773552
-0.767762
-0.888052
-0.887249
-0.885531
-0.882681
-0.878487
-0.872841
-0.865944
-0.858561
-0.852147
-0.848543
-0.951414
-0.950895
-0.949767
-0.947862
-0.945039
-0.94124
-0.936634
-0.931766
-0.92759
-0.925255
-1.01607
-1.01583
-1.01526
-1.01421
-1.01255
-1.01022
-1.00732
-1.00419
-1.00148
-0.999946
-1.08138
-1.08143
-1.08145
-1.08128
-1.08079
-1.07987
-1.07852
-1.0769
-1.07539
-1.07451
-1.14669
-1.14707
-1.14774
-1.14857
-1.14937
-1.14999
-1.1503
-1.15029
-1.15006
-1.14988
-1.21128
-1.21202
-1.21342
-1.21532
-1.21754
-1.21985
-1.222
-1.22378
-1.22501
-1.22567
-1.27443
-1.27552
-1.27763
-1.2806
-1.28423
-1.28824
-1.29226
-1.29588
-1.29866
-1.30021
386.905
387.32
388.122
389.258
390.641
392.153
393.648
394.96
395.926
396.414
337.08
337.487
338.276
339.396
340.764
342.268
343.762
345.08
346.056
346.551
286.493
286.882
287.639
288.719
290.047
291.519
292.996
294.313
295.297
295.8
235.18
235.536
236.231
237.23
238.471
239.862
241.277
242.558
243.528
244.03
183.201
183.504
184.099
184.959
186.04
187.269
188.539
189.71
190.612
191.086
130.657
130.884
131.331
131.983
132.811
133.767
134.774
135.72
136.465
136.863
77.6918
77.8208
78.0762
78.4515
78.9335
79.4984
80.1051
80.6897
81.1628
81.4217
24.0374
24.0408
24.0483
24.0606
24.0788
24.1046
24.1396
24.1831
24.2288
24.2602
-0.576908
-0.575379
-0.57162
-0.5648
-0.55342
-0.53533
-0.508313
-0.471956
-0.431666
-0.402923
-0.661193
-0.659784
-0.656478
-0.650345
-0.639833
-0.62272
-0.596569
-0.560537
-0.519543
-0.489398
-0.711688
-0.710239
-0.706977
-0.701156
-0.691596
-0.676712
-0.655027
-0.626699
-0.596311
-0.575395
-0.766812
-0.765582
-0.762868
-0.758167
-0.750736
-0.739685
-0.724416
-0.705658
-0.686906
-0.674966
-0.825685
-0.824749
-0.822703
-0.819224
-0.813885
-0.806244
-0.796166
-0.784425
-0.773343
-0.766666
-0.88734
-0.886677
-0.885217
-0.882743
-0.878996
-0.873758
-0.867069
-0.859567
-0.852753
-0.848739
-0.950963
-0.950537
-0.949569
-0.947883
-0.945291
-0.941659
-0.937058
-0.931969
-0.927408
-0.92469
-1.01587
-1.01569
-1.01519
-1.01423
-1.01264
-1.01026
-1.00715
-1.00362
-1.00039
-0.998373
-1.08146
-1.08155
-1.08161
-1.08149
-1.081
-1.07996
-1.07833
-1.07625
-1.07418
-1.07276
-1.14708
-1.14751
-1.14826
-1.14918
-1.15006
-1.15068
-1.15087
-1.15059
-1.14997
-1.14936
-1.21203
-1.21285
-1.2144
-1.21652
-1.21901
-1.22161
-1.22402
-1.22597
-1.22724
-1.22774
-1.27553
-1.27675
-1.27911
-1.28247
-1.28662
-1.29126
-1.29601
-1.30037
-1.30377
-1.30558
387.653
388.136
389.075
390.414
392.058
393.877
395.695
397.31
398.513
399.126
337.813
338.29
339.22
340.55
342.194
344.024
345.867
347.518
348.757
349.393
287.191
287.652
288.555
289.857
291.482
293.313
295.186
296.889
298.185
298.859
235.814
236.243
237.087
238.315
239.869
241.652
243.512
245.24
246.584
247.295
183.738
184.108
184.843
185.923
187.313
188.939
190.679
192.34
193.668
194.387
131.057
131.338
131.899
132.734
133.826
135.132
136.568
137.983
139.152
139.804
77.9186
78.0801
78.4041
78.8913
79.5385
80.3305
81.2277
82.1464
82.9391
83.3993
24.0445
24.048
24.0558
24.0684
24.0881
24.1182
24.1636
24.2286
24.3099
24.3788
-0.573023
-0.571988
-0.569252
-0.563937
-0.553977
-0.535348
-0.50188
-0.447739
-0.373343
-0.30391
-0.657837
-0.656853
-0.654414
-0.649488
-0.639962
-0.621862
-0.588957
-0.535184
-0.461792
-0.39312
-0.708384
-0.707313
-0.704835
-0.700178
-0.691832
-0.677124
-0.652309
-0.614654
-0.567694
-0.529532
-0.764009
-0.763159
-0.76125
-0.757818
-0.751991
-0.742334
-0.727127
-0.705847
-0.681847
-0.66457
-0.823531
-0.822943
-0.821627
-0.819301
-0.815478
-0.809423
-0.800407
-0.788581
-0.77622
-0.767939
-0.885803
-0.885405
-0.884488
-0.882842
-0.880149
-0.875994
-0.870071
-0.862688
-0.855353
-0.850509
-0.949966
-0.949705
-0.949056
-0.947816
-0.945718
-0.942469
-0.93792
-0.932397
-0.927015
-0.923343
-1.01539
-1.01528
-1.01493
-1.01413
-1.01259
-1.01004
-1.00637
-1.00181
-0.997261
-0.993939
-1.08153
-1.08167
-1.0818
-1.08172
-1.08113
-1.07972
-1.07732
-1.07401
-1.07042
-1.06746
-1.14778
-1.14829
-1.14918
-1.15024
-1.15119
-1.1517
-1.15148
-1.1504
-1.14867
-1.14665
-1.21344
-1.21441
-1.21626
-1.21882
-1.22183
-1.22498
-1.22786
-1.23009
-1.23136
-1.23117
-1.27764
-1.27912
-1.282
-1.28616
-1.2914
-1.29742
-1.30375
-1.30979
-1.31473
-1.31702
388.71
389.294
390.436
392.078
394.118
396.405
398.725
400.816
402.394
403.208
338.849
339.431
340.572
342.221
344.286
346.623
349.02
351.207
352.876
353.745
288.181
288.752
289.878
291.522
293.611
296.017
298.538
300.888
302.721
303.694
236.72
237.26
238.334
239.923
241.983
244.414
247.034
249.555
251.581
252.684
184.508
184.984
185.939
187.375
189.278
191.591
194.173
196.755
198.914
200.133
131.634
132.001
132.745
133.883
135.427
137.362
139.609
141.961
144.026
145.244
78.2481
78.4616
78.8978
79.5743
80.5127
81.7281
83.2036
84.8398
86.3742
87.3336
24.0561
24.0599
24.0679
24.0811
24.1022
24.1373
24.1994
24.3165
24.5056
24.6325
-0.566107
-0.565768
-0.56466
-0.562238
-0.556081
-0.53922
-0.496671
-0.396033
-0.194945
0.00202466
-0.651736
-0.651323
-0.650205
-0.647569
-0.640995
-0.624166
-0.583905
-0.497399
-0.337224
-0.157996
-0.702566
-0.702027
-0.700809
-0.698441
-0.69345
-0.682046
-0.656737
-0.608051
-0.534199
-0.464086
-0.75919
-0.758917
-0.75835
-0.757343
-0.755235
-0.750195
-0.738877
-0.718225
-0.6904
-0.667294
-0.81989
-0.819839
-0.819726
-0.819486
-0.818766
-0.816602
-0.811375
-0.801971
-0.79006
-0.779948
-0.883212
-0.883215
-0.88316
-0.882918
-0.882175
-0.880301
-0.876442
-0.870225
-0.863004
-0.856617
-0.948246
-0.948217
-0.948034
-0.947469
-0.946154
-0.943567
-0.939197
-0.933017
-0.926326
-0.920353
-1.01446
-1.01445
-1.01426
-1.01358
-1.01198
-1.00893
-1.004
-0.997277
-0.990029
-0.983318
-1.08142
-1.08161
-1.08179
-1.08163
-1.08065
-1.0783
-1.07411
-1.06805
-1.06111
-1.05396
-1.14863
-1.14923
-1.15026
-1.15143
-1.1523
-1.15232
-1.15095
-1.14791
-1.14359
-1.13758
-1.21534
-1.21654
-1.21882
-1.22199
-1.22575
-1.22964
-1.23313
-1.23565
-1.23681
-1.23429
-1.28062
-1.28248
-1.28616
-1.29158
-1.29859
-1.30693
-1.3161
-1.32534
-1.33371
-1.33659
389.992
390.707
392.112
394.151
396.716
399.633
402.643
405.4
407.511
408.614
340.111
340.829
342.247
344.319
346.953
349.987
353.166
356.127
358.433
359.653
289.393
290.108
291.532
293.642
296.377
299.605
303.082
306.421
309.103
310.564
237.836
238.526
239.915
242.012
244.801
248.205
252.016
255.831
259.018
260.815
185.466
186.086
187.352
189.303
191.981
195.378
199.366
203.573
207.289
209.503
132.357
132.846
133.855
135.446
137.7
140.686
144.386
148.541
152.46
154.942
78.6644
78.9528
79.555
80.5236
81.9394
83.9036
86.4994
89.6701
92.9407
95.2036
24.0731
24.0775
24.0866
24.1008
24.1224
24.1603
24.2523
24.4628
24.5197
23.9165
-0.554928
-0.555209
-0.555942
-0.55782
-0.559592
-0.551672
-0.490307
-0.268283
0.0593722
0.17697
-0.641622
-0.641632
-0.641888
-0.64265
-0.642948
-0.636806
-0.59947
-0.4692
-0.205153
0.0338205
-0.693234
-0.693191
-0.693508
-0.694845
-0.697327
-0.697956
-0.685341
-0.644072
-0.576759
-0.522247
-0.751694
-0.752105
-0.753382
-0.756341
-0.7616
-0.768149
-0.771073
-0.764431
-0.751964
-0.742375
-0.814364
-0.814996
-0.816563
-0.819584
-0.824373
-0.83022
-0.834378
-0.833373
-0.828394
-0.818629
-0.879328
-0.879837
-0.880935
-0.882736
-0.885111
-0.887326
-0.887733
-0.884575
-0.879512
-0.869576
-0.945636
-0.945872
-0.946237
-0.946502
-0.946186
-0.944478
-0.940308
-0.93286
-0.924172
-0.912165
-1.01293
-1.01299
-1.01288
-1.01216
-1.01009
-1.00572
-0.998132
-0.986926
-0.974285
-0.9587
-1.08099
-1.08117
-1.08126
-1.08071
-1.07871
-1.07419
-1.06615
-1.05416
-1.03998
-1.02148
-1.14945
-1.15011
-1.15121
-1.15229
-1.15261
-1.15123
-1.14707
-1.13949
-1.12917
-1.11196
-1.21756
-1.21902
-1.22182
-1.22572
-1.23031
-1.23504
-1.23905
-1.24155
-1.24222
-1.23314
-1.28425
-1.28663
-1.2914
-1.29858
-1.3082
-1.3202
-1.33415
-1.34925
-1.36511
-1.36992
391.391
392.258
393.972
396.482
399.68
403.374
407.25
410.872
413.695
415.19
341.493
342.371
344.117
346.699
350.035
353.951
358.146
362.147
365.343
367.07
290.728
291.617
293.403
296.092
299.652
303.965
308.754
313.507
317.466
319.69
239.077
239.951
241.735
244.484
248.251
253.015
258.578
264.407
269.488
272.475
186.54
187.344
189.011
191.654
195.421
200.437
206.663
213.645
220.222
224.44
133.177
133.824
135.187
137.411
140.721
145.39
151.617
159.189
166.941
172.322
79.142
79.5307
80.362
81.7568
83.9241
87.1877
91.9674
98.524
106.232
112.559
24.0965
24.1028
24.1153
24.133
24.1555
24.2041
24.3479
24.2094
22.2224
18.5065
-0.537975
-0.537988
-0.539054
-0.544289
-0.556966
-0.550675
-0.397125
-0.141095
-0.0641007
-0.259197
-0.625913
-0.625402
-0.625529
-0.629104
-0.642218
-0.666976
-0.665267
-0.60668
-0.59001
-0.694723
-0.679216
-0.679096
-0.680293
-0.686093
-0.702034
-0.73294
-0.7768
-0.844896
-0.952895
-1.05088
-0.740826
-0.741741
-0.744929
-0.753281
-0.77096
-0.801027
-0.839978
-0.883697
-0.935913
-0.971385
-0.806601
-0.80791
-0.811403
-0.818783
-0.832028
-0.851821
-0.874169
-0.890802
-0.903798
-0.90026
-0.873983
-0.875005
-0.877389
-0.881729
-0.88841
-0.896883
-0.904387
-0.90512
-0.901631
-0.886321
-0.942037
-0.942498
-0.943354
-0.944403
-0.94505
-0.944109
-0.939648
-0.928001
-0.912099
-0.889021
-1.0107
-1.01074
-1.01051
-1.00931
-1.00593
-0.998656
-0.985632
-0.964381
-0.939025
-0.903721
-1.0801
-1.08016
-1.07988
-1.07837
-1.07415
-1.06521
-1.04936
-1.02432
-0.994677
-0.946114
-1.15005
-1.1507
-1.15167
-1.15221
-1.15107
-1.14647
-1.13623
-1.11793
-1.09514
-1.04745
-1.21983
-1.22157
-1.22489
-1.22951
-1.23488
-1.2403
-1.24453
-1.2459
-1.24797
-1.22628
-1.28824
-1.29125
-1.29738
-1.30687
-1.32013
-1.33783
-1.36025
-1.38633
-1.42263
-1.44478
392.772
393.799
395.842
398.859
402.753
407.318
412.202
416.843
420.518
422.491
342.861
343.911
346.012
349.155
353.278
358.217
363.631
368.938
373.272
375.664
292.06
293.138
295.326
298.671
303.196
308.829
315.277
321.978
327.752
331.108
240.326
241.409
243.644
247.164
252.131
258.657
266.629
275.38
283.574
288.715
187.636
188.652
190.795
194.291
199.476
206.743
216.322
227.811
239.422
247.644
134.024
134.859
136.658
139.704
144.48
151.69
162.119
175.964
191.597
204.168
79.6427
80.1551
81.2814
83.2617
86.5595
92.0177
101.05
115.583
136.165
156.726
24.1269
24.1378
24.1596
24.1913
24.2402
24.3314
24.0908
22.7996
27.5181
48.2774
-0.514098
-0.511334
-0.507046
-0.505889
-0.50436
-0.40798
-0.196301
-0.131722
-0.476321
0.148878
-0.603295
-0.599709
-0.594388
-0.593901
-0.617515
-0.687539
-0.822267
-1.18071
-2.00087
-2.72146
-0.65971
-0.657895
-0.657067
-0.664767
-0.69819
-0.792108
-0.987188
-1.27011
-1.57905
-1.71347
-0.7263
-0.726983
-0.731049
-0.744836
-0.779291
-0.848355
-0.95508
-1.07139
-1.23345
-1.23037
-0.796604
-0.79829
-0.803376
-0.815439
-0.839327
-0.878671
-0.928925
-0.97083
-1.03631
-1.01099
-0.867284
-0.868662
-0.872127
-0.879011
-0.890556
-0.906813
-0.925069
-0.930804
-0.946244
-0.893629
-0.937561
-0.938106
-0.939178
-0.940631
-0.941711
-0.940772
-0.935941
-0.917419
-0.904474
-0.844488
-1.00784
-1.0077
-1.00696
-1.00456
-0.998523
-0.985841
-0.963333
-0.92326
-0.889389
-0.805916
-1.07871
-1.0785
-1.07742
-1.07406
-1.06584
-1.0489
-1.0181
-0.965518
-0.925179
-0.798998
-1.15029
-1.15081
-1.15131
-1.15059
-1.14645
-1.13549
-1.11198
-1.06772
-1.0389
-0.899412
-1.22192
-1.22388
-1.22763
-1.23276
-1.2385
-1.24395
-1.24621
-1.24096
-1.26817
-1.1765
-1.29222
-1.29594
-1.30364
-1.31592
-1.33394
-1.3601
-1.39635
-1.44132
-1.54579
-1.56312
393.987
395.164
397.516
401.02
405.592
411.034
416.945
422.65
427.239
429.737
344.07
345.282
347.723
351.413
356.324
362.317
369.048
375.793
381.43
384.609
293.245
294.507
297.09
301.096
306.627
313.689
322.103
331.113
339.176
344.034
241.449
242.738
245.432
249.761
256.045
264.61
275.526
288.335
300.909
309.271
188.632
189.867
192.513
196.948
203.786
213.861
227.973
246.24
266.464
281.902
134.806
135.842
138.121
142.124
148.732
159.401
176.159
200.709
232.347
262.258
80.1129
80.7629
82.2321
84.9461
89.8036
98.6927
115.81
148.636
198.19
250.166
24.1629
24.1829
24.2262
24.3134
24.4422
24.1325
22.8063
36.7404
103.62
207.706
-0.483988
-0.473761
-0.451595
-0.402965
-0.282453
-0.164539
-0.151733
1.19044
11.0047
23.0585
-0.574188
-0.562742
-0.540535
-0.511026
-0.508394
-0.680524
-1.23167
-1.8923
-1.53708
0.566695
-0.635497
-0.629057
-0.619878
-0.619624
-0.670585
-0.891748
-1.30007
-1.6063
-1.59992
-1.35393
-0.709053
-0.708135
-0.71052
-0.726923
-0.779665
-0.905739
-1.08656
-1.19866
-1.27758
-1.16924
-0.785216
-0.786656
-0.792237
-0.807854
-0.842
-0.902052
-0.979424
-1.04218
-1.07895
-1.05875
-0.859891
-0.861297
-0.865238
-0.873916
-0.8894
-0.911358
-0.936458
-0.953301
-0.960753
-0.946752
-0.932687
-0.933093
-0.933917
-0.935025
-0.935213
-0.930955
-0.919649
-0.897145
-0.881293
-0.84116
-1.00467
-1.00415
-1.00243
-0.997925
-0.987369
-0.964772
-0.923107
-0.852724
-0.808811
-0.695105
-1.07699
-1.0763
-1.07395
-1.0677
-1.05318
-1.02251
-0.962701
-0.843828
-0.765617
-0.527201
-1.15014
-1.15036
-1.14997
-1.14707
-1.13788
-1.11525
-1.06371
-0.940962
-0.880904
-0.496069
-1.22358
-1.22568
-1.22961
-1.23485
-1.24025
-1.24399
-1.23771
-1.19057
-1.22225
-0.852831
-1.29577
-1.3002
-1.30952
-1.32496
-1.34882
-1.38608
-1.43977
-1.49141
-1.65332
-1.5325
394.892
396.186
398.783
402.675
407.798
413.972
420.755
427.388
432.799
435.78
344.973
346.313
349.027
353.162
358.731
365.64
373.535
381.601
388.49
392.457
294.136
295.547
298.454
303.016
309.424
317.801
328.065
339.395
349.866
356.402
242.302
243.763
246.845
251.879
259.36
269.865
283.955
301.2
318.918
331.294
189.398
190.819
193.907
199.203
207.643
220.645
239.863
266.852
298.581
324.193
135.415
136.629
139.349
144.279
152.794
167.382
192.195
232.895
290.613
343.678
80.4862
81.2639
83.0675
86.551
93.1928
106.643
136.992
198.808
293.376
423.044
24.1988
24.2329
24.3168
24.515
24.4213
21.8374
28.4944
106.829
296.699
564.71
-0.452548
-0.429493
-0.367979
-0.176517
0.0559399
-0.102163
-0.428479
11.9161
68.969
149.608
-0.543224
-0.518323
-0.46138
-0.343408
-0.26038
-0.725477
-1.97827
-1.1257
7.68054
19.1731
-0.610736
-0.596463
-0.570268
-0.544987
-0.619658
-1.02986
-1.5743
-1.47859
-0.846556
-0.441829
-0.692244
-0.688311
-0.685742
-0.699759
-0.772998
-0.969304
-1.23834
-1.25115
-1.27519
-1.23592
-0.774586
-0.775122
-0.779767
-0.796621
-0.838817
-0.919357
-1.04994
-1.08943
-1.05238
-0.923345
-0.853207
-0.854296
-0.857971
-0.867241
-0.885204
-0.910957
-0.957536
-0.972789
-0.930951
-0.695603
-0.928344
-0.928412
-0.928557
-0.928606
-0.926938
-0.917504
-0.910656
-0.890374
-0.908951
-0.679232
-1.0018
-1.00077
-0.99775
-0.990514
-0.974288
-0.939663
-0.89126
-0.807778
-0.921888
-0.599409
-1.07531
-1.07403
-1.07006
-1.06018
-1.03768
-0.990499
-0.918966
-0.758184
-0.99837
-0.498663
-1.14974
-1.14951
-1.14784
-1.14198
-1.12587
-1.08913
-1.0282
-0.872773
-1.20479
-0.528665
-1.22467
-1.22674
-1.2305
-1.23533
-1.23963
-1.24404
-1.2597
-1.22982
-1.48986
-0.73728
-1.29845
-1.30344
-1.31418
-1.33292
-1.3643
-1.42342
-1.54535
-1.66747
-1.68039
-0.798769
395.369
396.728
399.46
403.568
409.004
415.595
422.885
430.073
435.987
439.269
345.451
346.862
349.728
354.113
360.056
367.511
376.112
385.01
392.718
397.222
294.61
296.104
299.195
304.08
311.013
320.205
331.669
344.573
356.78
364.602
242.759
244.318
247.626
253.083
261.31
273.096
289.446
310.036
331.87
347.849
189.812
191.343
194.696
200.529
210.031
225.136
248.588
282.956
325.006
360.71
135.748
137.069
140.065
145.603
155.462
173.074
205.315
263.452
344.048
422.675
80.6938
81.5523
83.5767
87.5971
95.6292
113.417
158.381
250.291
422.739
692.932
24.2228
24.271
24.4056
24.6439
23.5733
17.7108
51.4444
215.602
567.96
941.888
-0.430807
-0.394407
-0.278916
0.056654
0.185183
-0.340527
-0.00109948
25.0311
161.316
346.391
-0.521428
-0.482536
-0.379422
-0.137912
0.00645065
-0.826556
-2.62049
1.25015
19.4007
58.7333
-0.594006
-0.571952
-0.525687
-0.467704
-0.570349
-1.12235
-1.64127
-1.16243
-0.444965
6.61451
-0.681424
-0.674553
-0.666067
-0.67507
-0.769392
-1.01325
-1.23357
-1.11942
-1.22001
2.2337
-0.768006
-0.767572
-0.770606
-0.786298
-0.832039
-0.924934
-1.02437
-1.0575
-0.923581
2.75089
-0.849172
-0.849851
-0.852802
-0.861031
-0.877233
-0.901203
-0.913321
-0.966201
-0.703538
3.17985
-0.925742
-0.925441
-0.924715
-0.922745
-0.91585
-0.896624
-0.854118
-0.862146
-0.673601
3.19065
-1.00005
-0.998544
-0.994225
-0.983639
-0.958546
-0.903295
-0.803604
-0.68845
-0.583029
3.26314
-1.07424
-1.0724
-1.0668
-1.05253
-1.01787
-0.93721
-0.784146
-0.492265
-0.47493
3.28305
-1.14939
-1.14867
-1.14544
-1.13523
-1.10672
-1.03528
-0.878085
-0.442125
-0.489416
3.03912
-1.22517
-1.22701
-1.2299
-1.23203
-1.22871
-1.21758
-1.16329
-0.825782
-0.673878
2.46661
-1.29991
-1.30506
-1.31609
-1.33512
-1.3678
-1.44257
-1.56256
-1.54981
-0.7763
1.69563
395.354
396.712
399.44
403.544
408.972
415.554
422.832
430.005
435.902
439.169
345.436
346.846
349.708
354.088
360.023
367.465
376.05
384.925
392.605
397.081
294.596
296.088
299.176
304.053
310.975
320.15
331.586
344.447
356.594
364.345
242.746
244.302
247.606
253.054
261.266
273.023
289.324
309.823
331.507
347.277
189.8
191.329
194.677
200.499
209.978
225.041
248.398
282.567
324.243
359.385
135.739
137.058
140.047
145.573
155.401
172.944
205.019
262.723
342.384
419.378
80.6878
81.5445
83.5638
87.57
95.5597
113.222
157.819
248.788
419.161
684.161
24.2216
24.2692
24.4027
24.6352
23.5306
17.5818
51.1007
216.331
572.915
950.454
-0.431902
-0.396028
-0.281659
0.0534522
0.176751
-0.31148
-0.0482018
24.6247
162.182
347.238
-0.522521
-0.484433
-0.383899
-0.149
-0.0147404
-0.839246
-2.51955
1.36234
18.8998
57.7405
-0.594876
-0.573309
-0.528364
-0.473405
-0.580966
-1.13198
-1.62213
-1.13083
-0.456549
6.44729
-0.682015
-0.675364
-0.667405
-0.677308
-0.772933
-1.01722
-1.22519
-1.11111
-1.2112
2.23603
-0.768372
-0.768016
-0.77123
-0.787208
-0.833365
-0.926865
-1.02265
-1.0558
-0.919864
2.74473
-0.849389
-0.850081
-0.853061
-0.8613
-0.877417
-0.901635
-0.911909
-0.962983
-0.695254
3.19867
-0.925873
-0.925554
-0.924778
-0.922647
-0.915179
-0.894518
-0.845773
-0.839561
-0.649782
3.22343
-1.00015
-0.998611
-0.994191
-0.983278
-0.956952
-0.897135
-0.7843
-0.622051
-0.540608
3.30626
-1.07435
-1.07247
-1.06676
-1.05208
-1.01572
-0.928647
-0.758124
-0.404173
-0.417999
3.3185
-1.14954
-1.1488
-1.1455
-1.13496
-1.10514
-1.03071
-0.86713
-0.410048
-0.432205
3.04756
-1.22538
-1.22723
-1.23014
-1.23227
-1.22906
-1.22132
-1.18226
-0.900829
-0.630805
2.4711
-1.30017
-1.30537
-1.31653
-1.33594
-1.37025
-1.45225
-1.5958
-1.65404
-0.807807
1.68828
394.848
396.139
398.727
402.606
407.71
413.858
420.606
427.201
432.571
435.517
344.93
346.266
348.971
353.091
358.638
365.515
373.366
381.379
388.207
392.119
294.095
295.501
298.397
302.941
309.321
317.655
327.854
339.094
349.454
355.875
242.264
243.719
246.789
251.801
259.244
269.687
283.674
300.757
318.255
330.379
189.364
190.78
193.854
199.122
207.513
220.424
239.494
266.183
297.475
322.556
135.389
136.597
139.303
144.203
152.656
167.119
191.672
231.901
288.813
341.215
80.4696
81.2429
83.0349
86.491
93.0656
106.353
136.277
197.16
290.359
418.7
24.1958
24.2287
24.31
24.5024
24.3837
21.8123
28.2661
105.387
294.921
563.2
-0.455202
-0.43317
-0.374117
-0.18841
0.0346153
-0.112866
-0.310294
11.4442
66.7094
142.487
-0.545755
-0.522102
-0.468389
-0.358753
-0.293461
-0.759504
-1.87613
-0.893053
7.33547
18.6512
-0.61281
-0.599339
-0.575054
-0.55316
-0.632834
-1.04175
-1.54759
-1.4153
-0.916859
-0.566937
-0.693708
-0.690153
-0.688384
-0.703461
-0.777613
-0.975563
-1.21905
-1.21863
-1.27888
-1.24826
-0.775528
-0.776196
-0.781087
-0.79814
-0.840215
-0.921408
-1.04578
-1.08655
-1.06251
-0.920858
-0.853785
-0.854877
-0.858527
-0.86756
-0.884565
-0.909593
-0.956335
-0.97384
-0.93504
-0.680974
-0.928711
-0.92872
-0.928704
-0.928309
-0.925431
-0.915107
-0.906525
-0.886151
-0.910857
-0.665649
-1.00209
-1.00098
-0.997746
-0.989954
-0.972257
-0.93507
-0.882888
-0.792488
-0.920885
-0.576474
-1.07564
-1.07429
-1.07015
-1.05979
-1.03594
-0.985593
-0.905783
-0.727958
-0.994356
-0.475089
-1.1502
-1.14996
-1.14826
-1.14232
-1.12587
-1.08879
-1.02525
-0.861082
-1.21006
-0.549899
-1.22529
-1.22743
-1.23138
-1.2367
-1.24216
-1.25005
-1.26886
-1.25871
-1.512
-0.759192
-1.29924
-1.30435
-1.31545
-1.33512
-1.36878
-1.43397
-1.56422
-1.7192
-1.76985
-0.758246
393.918
395.089
397.429
400.914
405.458
410.863
416.729
422.382
426.919
429.376
344.002
345.208
347.636
351.304
356.184
362.134
368.809
375.486
381.051
384.169
293.18
294.435
297.003
300.984
306.477
313.485
321.817
330.722
338.665
343.407
241.39
242.671
245.348
249.647
255.882
264.368
275.165
287.806
300.162
308.294
188.581
189.808
192.435
196.836
203.613
213.584
227.526
245.511
265.341
280.323
134.766
135.794
138.056
142.023
148.563
159.104
175.626
199.75
230.674
259.734
80.0882
80.7328
82.1885
84.8735
89.6683
98.4172
115.207
147.287
195.68
246.583
24.1592
24.1782
24.2192
24.302
24.4239
24.1102
22.789
35.9414
99.721
200.979
-0.487194
-0.477833
-0.457586
-0.412903
-0.300033
-0.18383
-0.142425
1.20093
10.2525
21.6118
-0.57714
-0.566643
-0.546641
-0.52127
-0.526219
-0.699992
-1.21215
-1.80056
-1.5971
0.258842
-0.637983
-0.632174
-0.624347
-0.626092
-0.678698
-0.896862
-1.29065
-1.58905
-1.63154
-1.4566
-0.710882
-0.710265
-0.713223
-0.73025
-0.78311
-0.907807
-1.08412
-1.19254
-1.28369
-1.19024
-0.786451
-0.787979
-0.793697
-0.809327
-0.843124
-0.902495
-0.977235
-1.04416
-1.08382
-1.05464
-0.860693
-0.862071
-0.86592
-0.874291
-0.889043
-0.91004
-0.933456
-0.952527
-0.956276
-0.931903
-0.933238
-0.933562
-0.934186
-0.934832
-0.934065
-0.928409
-0.914486
-0.889274
-0.870013
-0.818095
-1.00514
-1.00454
-1.0026
-0.99759
-0.985935
-0.961259
-0.915405
-0.837524
-0.790375
-0.658965
-1.07754
-1.0768
-1.0743
-1.06769
-1.05229
-1.01961
-0.954923
-0.827743
-0.745242
-0.485075
-1.15088
-1.15112
-1.15075
-1.1479
-1.13868
-1.11594
-1.06332
-0.940124
-0.883576
-0.485125
-1.22456
-1.22676
-1.23094
-1.23672
-1.24327
-1.24956
-1.24766
-1.21322
-1.26617
-0.912348
-1.29698
-1.30156
-1.31129
-1.32764
-1.35344
-1.39498
-1.45673
-1.52859
-1.71733
-1.64034
392.683
393.703
395.73
398.726
402.588
407.113
411.948
416.534
420.156
422.088
342.774
343.816
345.902
349.02
353.108
358.001
363.357
368.596
372.862
375.198
291.977
293.047
295.218
298.535
303.019
308.594
314.966
321.57
327.237
330.5
240.25
241.324
243.541
247.029
251.946
258.396
266.26
274.864
282.888
287.865
187.571
188.579
190.702
194.163
199.29
206.464
215.898
227.177
238.489
246.421
133.975
134.802
136.583
139.596
144.311
151.416
161.665
175.225
190.454
202.497
79.6128
80.1199
81.2336
83.189
86.4383
91.8009
100.638
114.762
134.61
154.234
24.1232
24.1334
24.1539
24.1835
24.2293
24.3208
24.0983
22.7956
26.6669
45.4342
-0.517148
-0.514886
-0.511609
-0.511902
-0.512476
-0.419989
-0.210193
-0.129689
-0.393248
0.337073
-0.606011
-0.60293
-0.598648
-0.599579
-0.624073
-0.691229
-0.810937
-1.13474
-1.92806
-2.66501
-0.662055
-0.660578
-0.660373
-0.668717
-0.701948
-0.792016
-0.975977
-1.24898
-1.5701
-1.74083
-0.728098
-0.728923
-0.7332
-0.747009
-0.780775
-0.847398
-0.948441
-1.05999
-1.22778
-1.22269
-0.797883
-0.799574
-0.804616
-0.816405
-0.839501
-0.877157
-0.924161
-0.961951
-1.03216
-1.00328
-0.868172
-0.869482
-0.872771
-0.879236
-0.889927
-0.904702
-0.920385
-0.922773
-0.940758
-0.88313
-0.938227
-0.938678
-0.939524
-0.940509
-0.940699
-0.938261
-0.930757
-0.909175
-0.896101
-0.830694
-1.00846
-1.00824
-1.0073
-1.00448
-0.997602
-0.98345
-0.958328
-0.915016
-0.878301
-0.788061
-1.07945
-1.07919
-1.07802
-1.07442
-1.06567
-1.0477
-1.0149
-0.959887
-0.916659
-0.782325
-1.15125
-1.15181
-1.15237
-1.15175
-1.14773
-1.13698
-1.1136
-1.07061
-1.04261
-0.899047
-1.22317
-1.22524
-1.22923
-1.23483
-1.24151
-1.24872
-1.25392
-1.25509
-1.28917
-1.20589
-1.29374
-1.29761
-1.30566
-1.3187
-1.33818
-1.36702
-1.40781
-1.4621
-1.57832
-1.60835
391.286
392.145
393.844
396.331
399.498
403.152
406.981
410.553
413.329
414.788
341.39
342.261
343.991
346.549
349.85
353.722
357.863
361.804
364.943
366.626
290.631
291.512
293.281
295.943
299.464
303.725
308.448
313.125
316.999
319.154
238.989
239.855
241.621
244.341
248.062
252.762
258.239
263.959
268.929
271.807
186.466
187.262
188.911
191.523
195.241
200.183
206.302
213.139
219.541
223.597
133.122
133.761
135.108
137.305
140.567
145.16
151.267
158.666
166.199
171.349
79.1091
79.4931
80.314
81.6894
83.8224
87.0254
91.6985
98.0739
105.51
111.471
24.0932
24.0991
24.111
24.1279
24.1502
24.199
24.3471
24.2394
22.4578
19.0486
-0.540572
-0.540788
-0.542187
-0.547624
-0.559692
-0.551996
-0.401265
-0.146637
-0.0428921
-0.120775
-0.628137
-0.627811
-0.628231
-0.631935
-0.644169
-0.664926
-0.654335
-0.578193
-0.529936
-0.602413
-0.681183
-0.681171
-0.682494
-0.688165
-0.703112
-0.730853
-0.767207
-0.822962
-0.919679
-1.0195
-0.7424
-0.743322
-0.746452
-0.754456
-0.771091
-0.798801
-0.833387
-0.871253
-0.917919
-0.950961
-0.807785
-0.809033
-0.812349
-0.819287
-0.831592
-0.84966
-0.869289
-0.882746
-0.893343
-0.886747
-0.874868
-0.875797
-0.877955
-0.881834
-0.887677
-0.894786
-0.900293
-0.898803
-0.893723
-0.876599
-0.942765
-0.943132
-0.943764
-0.944388
-0.944294
-0.942183
-0.936011
-0.922494
-0.904776
-0.880016
-1.01143
-1.0114
-1.011
-1.00947
-1.0055
-0.997278
-0.982817
-0.959867
-0.932637
-0.895134
-1.08096
-1.08101
-1.08067
-1.07901
-1.07449
-1.06504
-1.04834
-1.02226
-0.99119
-0.940604
-1.15116
-1.15187
-1.15292
-1.15357
-1.15258
-1.14823
-1.13832
-1.12063
-1.09814
-1.05025
-1.22125
-1.22309
-1.22663
-1.23162
-1.23766
-1.2442
-1.25014
-1.25421
-1.25913
-1.24041
-1.28994
-1.29309
-1.29952
-1.30957
-1.32383
-1.34318
-1.36806
-1.39804
-1.43895
-1.46556
389.876
390.584
391.974
393.991
396.527
399.408
402.376
405.091
407.163
408.235
339.999
340.709
342.112
344.16
346.763
349.759
352.891
355.804
358.065
359.254
289.287
289.995
291.403
293.488
296.189
299.372
302.795
306.075
308.698
310.111
237.742
238.424
239.797
241.867
244.619
247.972
251.718
255.457
258.567
260.299
185.387
186
187.25
189.176
191.815
195.157
199.07
203.184
206.797
208.92
132.298
132.781
133.777
135.346
137.565
140.499
144.122
148.177
151.976
154.344
78.6301
78.9148
79.5087
80.4628
81.8549
83.7815
86.3183
89.4009
92.5564
94.699
24.0702
24.0745
24.0833
24.0973
24.1191
24.1582
24.2508
24.461
24.5467
24.1077
-0.557047
-0.557358
-0.558076
-0.55969
-0.560549
-0.550588
-0.487533
-0.270979
0.0506136
0.179361
-0.643356
-0.643378
-0.643583
-0.644033
-0.643358
-0.6348
-0.593101
-0.458394
-0.193825
0.0414187
-0.694807
-0.694745
-0.694954
-0.695915
-0.697434
-0.696073
-0.680187
-0.634733
-0.562948
-0.505121
-0.753008
-0.753356
-0.754451
-0.756969
-0.76131
-0.766223
-0.766768
-0.757567
-0.74289
-0.731377
-0.815415
-0.815956
-0.817297
-0.819865
-0.823846
-0.828418
-0.830886
-0.828283
-0.822499
-0.811822
-0.880181
-0.880591
-0.881461
-0.882841
-0.884526
-0.88573
-0.884865
-0.880532
-0.874886
-0.864053
-0.946401
-0.946551
-0.946719
-0.946632
-0.945749
-0.943222
-0.93801
-0.929541
-0.920108
-0.90717
-1.01373
-1.01374
-1.01351
-1.01254
-1.01006
-1.00508
-0.99668
-0.984601
-0.971112
-0.954606
-1.08195
-1.08212
-1.08218
-1.08156
-1.07937
-1.07456
-1.0661
-1.05363
-1.03878
-1.01943
-1.15065
-1.15137
-1.15255
-1.15374
-1.15419
-1.15298
-1.14904
-1.14172
-1.13136
-1.11361
-1.21906
-1.22061
-1.2236
-1.22779
-1.23283
-1.23822
-1.24316
-1.24683
-1.24839
-1.23949
-1.28603
-1.28853
-1.29354
-1.30114
-1.31142
-1.32441
-1.33973
-1.35658
-1.37405
-1.37977
388.586
389.164
390.293
391.914
393.928
396.183
398.468
400.524
402.07
402.861
338.73
339.305
340.432
342.061
344.098
346.401
348.761
350.909
352.543
353.387
288.07
288.633
289.746
291.368
293.428
295.798
298.277
300.582
302.373
303.315
236.621
237.154
238.214
239.782
241.811
244.203
246.776
249.245
251.219
252.282
184.427
184.896
185.838
187.254
189.127
191.4
193.931
196.454
198.552
199.721
131.574
131.936
132.67
133.791
135.309
137.208
139.407
141.701
143.701
144.862
78.2134
78.4239
78.8537
79.5195
80.4416
81.6331
83.0747
84.6651
86.1445
87.0529
24.0536
24.0574
24.0653
24.0785
24.0997
24.1352
24.1973
24.3103
24.4899
24.6114
-0.567841
-0.567461
-0.566221
-0.563474
-0.556667
-0.538811
-0.495597
-0.39816
-0.211805
-0.0331174
-0.653086
-0.652616
-0.651338
-0.648346
-0.641094
-0.623195
-0.58182
-0.496097
-0.343437
-0.176332
-0.703826
-0.70322
-0.701824
-0.699085
-0.693425
-0.680999
-0.654565
-0.605586
-0.533534
-0.46655
-0.760293
-0.759936
-0.759163
-0.757761
-0.754995
-0.748998
-0.736562
-0.71511
-0.687293
-0.664644
-0.820832
-0.820686
-0.820355
-0.819727
-0.818402
-0.815406
-0.809218
-0.799011
-0.786742
-0.776488
-0.88404
-0.883951
-0.883691
-0.883101
-0.881833
-0.87926
-0.874595
-0.867654
-0.859955
-0.853187
-0.949041
-0.948938
-0.948591
-0.947747
-0.946008
-0.942852
-0.937811
-0.930973
-0.923746
-0.917315
-1.01531
-1.01526
-1.01498
-1.01413
-1.01223
-1.00877
-1.00333
-0.996073
-0.988309
-0.98112
-1.08244
-1.08262
-1.0828
-1.08259
-1.0815
-1.07896
-1.07451
-1.06815
-1.06082
-1.0532
-1.14988
-1.15052
-1.15164
-1.1529
-1.15386
-1.15398
-1.15272
-1.14975
-1.14532
-1.13891
-1.21686
-1.21814
-1.22059
-1.22398
-1.22803
-1.23233
-1.2363
-1.23933
-1.24078
-1.23807
-1.2824
-1.28437
-1.28825
-1.29399
-1.30146
-1.31041
-1.32032
-1.33041
-1.33939
-1.34237
387.526
388.003
388.93
390.25
391.871
393.662
395.451
397.037
398.213
398.809
337.69
338.161
339.078
340.39
342.01
343.812
345.624
347.244
348.456
349.072
287.076
287.532
288.423
289.706
291.306
293.108
294.947
296.616
297.882
298.534
235.713
236.136
236.968
238.178
239.708
241.46
243.285
244.976
246.286
246.971
183.655
184.02
184.744
185.808
187.174
188.771
190.476
192.099
193.389
194.079
130.996
131.273
131.826
132.647
133.72
135.002
136.407
137.786
138.919
139.542
77.884
78.043
78.362
78.8412
79.4768
80.2529
81.1295
82.0229
82.788
83.2248
24.0422
24.0458
24.0535
24.0662
24.0859
24.1159
24.1609
24.2241
24.3008
24.363
-0.574497
-0.573402
-0.570523
-0.564952
-0.554619
-0.535621
-0.502224
-0.449554
-0.379719
-0.317915
-0.658929
-0.657873
-0.655264
-0.650048
-0.64011
-0.62157
-0.588572
-0.535871
-0.465947
-0.402703
-0.709434
-0.708286
-0.705633
-0.70068
-0.691913
-0.676725
-0.651611
-0.614334
-0.568913
-0.532777
-0.764972
-0.764038
-0.761942
-0.758196
-0.751928
-0.741743
-0.726059
-0.704606
-0.680914
-0.664093
-0.824407
-0.823731
-0.822223
-0.819586
-0.815331
-0.808752
-0.799207
-0.786993
-0.774472
-0.766112
-0.886625
-0.886144
-0.885051
-0.883123
-0.880038
-0.875404
-0.868973
-0.861148
-0.853496
-0.848416
-0.950794
-0.950466
-0.949677
-0.948213
-0.945796
-0.942144
-0.93715
-0.931198
-0.925454
-0.921498
-1.01629
-1.01615
-1.01572
-1.01477
-1.01302
-1.01019
-1.00617
-1.00126
-0.996366
-0.992744
-1.08258
-1.08272
-1.08285
-1.08273
-1.08206
-1.08052
-1.07794
-1.07441
-1.07056
-1.06731
-1.14904
-1.14959
-1.15055
-1.15169
-1.15271
-1.15328
-1.15309
-1.15201
-1.15017
-1.1479
-1.21494
-1.21598
-1.21797
-1.22071
-1.22394
-1.22734
-1.23048
-1.23295
-1.2343
-1.23396
-1.27938
-1.28095
-1.28401
-1.28843
-1.29401
-1.30043
-1.30721
-1.31367
-1.31887
-1.32113
386.776
387.185
387.976
389.095
390.457
391.945
393.414
394.701
395.646
396.119
336.955
337.356
338.134
339.237
340.585
342.064
343.531
344.824
345.777
346.257
286.378
286.761
287.507
288.57
289.877
291.324
292.774
294.064
295.024
295.511
235.078
235.429
236.114
237.097
238.317
239.684
241.072
242.324
243.269
243.753
183.118
183.416
184.002
184.848
185.911
187.117
188.361
189.504
190.381
190.837
130.596
130.82
131.26
131.901
132.715
133.652
134.637
135.559
136.282
136.664
77.6574
77.7844
78.0356
78.4045
78.8777
79.4311
80.024
80.593
81.0505
81.2975
24.0353
24.0387
24.0462
24.0586
24.0767
24.1024
24.1368
24.1791
24.2229
24.2524
-0.578229
-0.576639
-0.572756
-0.565753
-0.554169
-0.535971
-0.509181
-0.473716
-0.43513
-0.408106
-0.662135
-0.660655
-0.657198
-0.650844
-0.640083
-0.622804
-0.596799
-0.561565
-0.522162
-0.493595
-0.712615
-0.711093
-0.707678
-0.701628
-0.691801
-0.676698
-0.655004
-0.627095
-0.5976
-0.577485
-0.767698
-0.76639
-0.763511
-0.758564
-0.750831
-0.739482
-0.72402
-0.705296
-0.686806
-0.675067
-0.82653
-0.825514
-0.823298
-0.819566
-0.81391
-0.805926
-0.795545
-0.783617
-0.772471
-0.765727
-0.88817
-0.88743
-0.885812
-0.883102
-0.879053
-0.873474
-0.866449
-0.858666
-0.851647
-0.847469
-0.951821
-0.951332
-0.950236
-0.948359
-0.945517
-0.941587
-0.936672
-0.931287
-0.926469
-0.923544
-1.01681
-1.01658
-1.01602
-1.01494
-1.01317
-1.01059
-1.00723
-1.00344
-0.999951
-0.997711
-1.08253
-1.08261
-1.08267
-1.08252
-1.08196
-1.08083
-1.07906
-1.07682
-1.07454
-1.07291
-1.14834
-1.14879
-1.14961
-1.15059
-1.15153
-1.15219
-1.1524
-1.15208
-1.15136
-1.15056
-1.2135
-1.21438
-1.21605
-1.21834
-1.221
-1.22378
-1.22635
-1.22842
-1.22971
-1.23008
-1.27722
-1.27852
-1.28105
-1.28464
-1.28906
-1.294
-1.29904
-1.30365
-1.30718
-1.30895
386.388
386.763
387.486
388.505
389.738
391.077
392.391
393.533
394.367
394.782
336.576
336.942
337.651
338.65
339.864
341.186
342.487
343.624
344.456
344.872
286.018
286.366
287.04
287.995
289.161
290.438
291.704
292.818
293.639
294.051
234.751
235.067
235.681
236.554
237.628
238.814
240.001
241.056
241.841
242.237
182.843
183.109
183.628
184.371
185.291
186.319
187.359
188.294
188.997
189.356
130.392
130.59
130.976
131.533
132.228
133.012
133.815
134.548
135.106
135.393
77.5421
77.6539
77.8732
78.1909
78.5909
79.0472
79.5213
79.9605
80.3008
80.4785
24.0321
24.0355
24.0429
24.0548
24.0722
24.0955
24.125
24.1585
24.19
24.2092
-0.579767
-0.577933
-0.57359
-0.566019
-0.554111
-0.536663
-0.513103
-0.484868
-0.457191
-0.439785
-0.663524
-0.661822
-0.657975
-0.65117
-0.640266
-0.62398
-0.60156
-0.57416
-0.546742
-0.529055
-0.714046
-0.712331
-0.70857
-0.702095
-0.692017
-0.677409
-0.657909
-0.634838
-0.61255
-0.598673
-0.768948
-0.767451
-0.76422
-0.758785
-0.75057
-0.739059
-0.724266
-0.707475
-0.691957
-0.682699
-0.827516
-0.826326
-0.823785
-0.819586
-0.813397
-0.804988
-0.79456
-0.783175
-0.77306
-0.767221
-0.888889
-0.888011
-0.886144
-0.883082
-0.878632
-0.872711
-0.865555
-0.857959
-0.85139
-0.847655
-0.952289
-0.951707
-0.950456
-0.948378
-0.945338
-0.941294
-0.936435
-0.931325
-0.926936
-0.92442
-1.01703
-1.01674
-1.01609
-1.01493
-1.01314
-1.01063
-1.00753
-1.00418
-1.00124
-0.999502
-1.08246
-1.0825
-1.0825
-1.08231
-1.08178
-1.08078
-1.0793
-1.07753
-1.07584
-1.07476
-1.14794
-1.14834
-1.14907
-1.14996
-1.15082
-1.15147
-1.15178
-1.15172
-1.15138
-1.15104
-1.21274
-1.21353
-1.21504
-1.21709
-1.21947
-1.22193
-1.2242
-1.22605
-1.22728
-1.22783
-1.27609
-1.27726
-1.27953
-1.28272
-1.28659
-1.29085
-1.29511
-1.29891
-1.30178
-1.3033
-1.33538
-1.33679
-1.33951
-1.34341
-1.34826
-1.35373
-1.35936
-1.3646
-1.36875
-1.37113
-1.39351
-1.39514
-1.39831
-1.40287
-1.40857
-1.41504
-1.42179
-1.42814
-1.43325
-1.4362
-1.44833
-1.4501
-1.4535
-1.45838
-1.46448
-1.47141
-1.47863
-1.48546
-1.49101
-1.49418
-1.49964
-1.50144
-1.50487
-1.50976
-1.51583
-1.52267
-1.52978
-1.53655
-1.54199
-1.54503
-1.5474
-1.54916
-1.55247
-1.55718
-1.56298
-1.56943
-1.57603
-1.58208
-1.58692
-1.58971
-1.59173
-1.59339
-1.59648
-1.60087
-1.60622
-1.61213
-1.61804
-1.62335
-1.62752
-1.62989
-1.63285
-1.63438
-1.6372
-1.64119
-1.64604
-1.65134
-1.65659
-1.66122
-1.66477
-1.66675
-1.67104
-1.67241
-1.67494
-1.67852
-1.68285
-1.68756
-1.69219
-1.69623
-1.69926
-1.70089
-1.70661
-1.70781
-1.71003
-1.71317
-1.71697
-1.72109
-1.72513
-1.72864
-1.73121
-1.73255
-1.73992
-1.74093
-1.74281
-1.74546
-1.74868
-1.75217
-1.75559
-1.75855
-1.76069
-1.76174
-1.77134
-1.77215
-1.77363
-1.77574
-1.77829
-1.78107
-1.78379
-1.78613
-1.78779
-1.78854
-1.80131
-1.80188
-1.80292
-1.80441
-1.80621
-1.80816
-1.81007
-1.81169
-1.8128
-1.81323
-1.83028
-1.8306
-1.83117
-1.83198
-1.83294
-1.83398
-1.83498
-1.83579
-1.83629
-1.83639
-1.85875
-1.85881
-1.85889
-1.85901
-1.85912
-1.8592
-1.85924
-1.85921
-1.85908
-1.85885
-1.88723
-1.88704
-1.88665
-1.8861
-1.88538
-1.88456
-1.88369
-1.88285
-1.88212
-1.88161
-1.91617
-1.91576
-1.91497
-1.91382
-1.91239
-1.91077
-1.90911
-1.90757
-1.90634
-1.90558
-1.94599
-1.94541
-1.94428
-1.94267
-1.94068
-1.93844
-1.93617
-1.93409
-1.93247
-1.93154
-1.97701
-1.9763
-1.97495
-1.97302
-1.97064
-1.96799
-1.9653
-1.96288
-1.96101
-1.95996
-2.00946
-2.00868
-2.0072
-2.00509
-2.0025
-1.99963
-1.99674
-1.99415
-1.99216
-1.99106
-2.04348
-2.04268
-2.04115
-2.03899
-2.03636
-2.03344
-2.03053
-2.02791
-2.02593
-2.02483
-1.3368
-1.33837
-1.34144
-1.34586
-1.35144
-1.35785
-1.36461
-1.37106
-1.37637
-1.37941
-1.39516
-1.39698
-1.40054
-1.40571
-1.41225
-1.41982
-1.42788
-1.43568
-1.44228
-1.44613
-1.45013
-1.45209
-1.45589
-1.46138
-1.46832
-1.47632
-1.48483
-1.49304
-1.50018
-1.50426
-1.50148
-1.50347
-1.50725
-1.5127
-1.51949
-1.5273
-1.53555
-1.54326
-1.55015
-1.55403
-1.54921
-1.55114
-1.55476
-1.55994
-1.56635
-1.57355
-1.58097
-1.58779
-1.5935
-1.59694
-1.59344
-1.59525
-1.59861
-1.60339
-1.60925
-1.61573
-1.62226
-1.62812
-1.63283
-1.63565
-1.63442
-1.63608
-1.63914
-1.64348
-1.64876
-1.65456
-1.66032
-1.66538
-1.6693
-1.6716
-1.67246
-1.67395
-1.6767
-1.68059
-1.68533
-1.69051
-1.69564
-1.7001
-1.70343
-1.70532
-1.70786
-1.70917
-1.71159
-1.71503
-1.71922
-1.72382
-1.72837
-1.73233
-1.73522
-1.73677
-1.74097
-1.74209
-1.74415
-1.74708
-1.75068
-1.75463
-1.75857
-1.76202
-1.76449
-1.76573
-1.77218
-1.77307
-1.77471
-1.77706
-1.77995
-1.78315
-1.78635
-1.78915
-1.79115
-1.79207
-1.8019
-1.80253
-1.8037
-1.80536
-1.80742
-1.8097
-1.81198
-1.81398
-1.81538
-1.81595
-1.83061
-1.83096
-1.8316
-1.8325
-1.83361
-1.83484
-1.83605
-1.83709
-1.83776
-1.83794
-1.85882
-1.85888
-1.85896
-1.85908
-1.8592
-1.8593
-1.85937
-1.85937
-1.85924
-1.85902
-1.88704
-1.88682
-1.88637
-1.88573
-1.88489
-1.88392
-1.88288
-1.88186
-1.88098
-1.88038
-1.91576
-1.91529
-1.91438
-1.91307
-1.91141
-1.9095
-1.9075
-1.90562
-1.90411
-1.90318
-1.9454
-1.94474
-1.94346
-1.94163
-1.93932
-1.9367
-1.93398
-1.93146
-1.92947
-1.92832
-1.97629
-1.9755
-1.97397
-1.97178
-1.96905
-1.96597
-1.96279
-1.95988
-1.9576
-1.95632
-2.00867
-2.00781
-2.00614
-2.00377
-2.00083
-1.99752
-1.99414
-1.99106
-1.98867
-1.98735
-2.04267
-2.04178
-2.04008
-2.03768
-2.0347
-2.03138
-2.028
-2.02494
-2.02259
-2.02129
-1.33954
-1.34145
-1.34522
-1.35077
-1.35792
-1.36638
-1.37565
-1.38495
-1.3932
-1.39786
-1.39836
-1.40058
-1.40495
-1.41139
-1.41974
-1.42967
-1.44064
-1.45178
-1.4621
-1.46825
-1.45358
-1.45594
-1.46055
-1.46731
-1.47599
-1.48624
-1.49748
-1.50873
-1.51974
-1.52617
-1.50498
-1.50733
-1.51186
-1.51843
-1.52674
-1.53635
-1.54667
-1.55652
-1.56672
-1.57231
-1.55259
-1.55484
-1.55909
-1.5652
-1.57281
-1.58142
-1.59039
-1.59869
-1.60611
-1.61101
-1.59662
-1.5987
-1.60258
-1.60812
-1.61493
-1.62252
-1.63021
-1.63706
-1.64263
-1.64647
-1.63734
-1.63923
-1.64275
-1.64774
-1.65386
-1.66061
-1.66738
-1.67325
-1.6777
-1.68072
-1.67509
-1.67679
-1.67996
-1.68446
-1.68999
-1.69612
-1.70227
-1.70761
-1.71145
-1.71388
-1.71017
-1.71169
-1.7145
-1.71853
-1.72353
-1.72911
-1.73477
-1.73975
-1.74327
-1.74526
-1.74293
-1.74423
-1.74665
-1.75016
-1.75454
-1.7595
-1.7646
-1.76917
-1.7724
-1.77403
-1.77374
-1.77478
-1.77674
-1.77959
-1.78319
-1.78732
-1.79162
-1.79554
-1.79833
-1.79962
-1.803
-1.80375
-1.80515
-1.8072
-1.80981
-1.81283
-1.81602
-1.81896
-1.82105
-1.82193
-1.83122
-1.83163
-1.8324
-1.83352
-1.83496
-1.83662
-1.8384
-1.84004
-1.84116
-1.84153
-1.85892
-1.85898
-1.85907
-1.85921
-1.85938
-1.85956
-1.85975
-1.85991
-1.85987
-1.85964
-1.88665
-1.88637
-1.88582
-1.88501
-1.88395
-1.88268
-1.88133
-1.88001
-1.87883
-1.87801
-1.91495
-1.91437
-1.91325
-1.9116
-1.90948
-1.90698
-1.90431
-1.90175
-1.89962
-1.89831
-1.94425
-1.94344
-1.94188
-1.93959
-1.93666
-1.93324
-1.92962
-1.92617
-1.92338
-1.92174
-1.97491
-1.97395
-1.97209
-1.96938
-1.96594
-1.96197
-1.95778
-1.95384
-1.95069
-1.94889
-2.00717
-2.00612
-2.00411
-2.00121
-1.99754
-1.99334
-1.98895
-1.98486
-1.98162
-1.97978
-2.04113
-2.04007
-2.03804
-2.03512
-2.03147
-2.02731
-2.02301
-2.01902
-2.01589
-2.01413
-1.34346
-1.3459
-1.35079
-1.35813
-1.3679
-1.37994
-1.39381
-1.40859
-1.42335
-1.43146
-1.40296
-1.40579
-1.41144
-1.41994
-1.43127
-1.44528
-1.46151
-1.47879
-1.49722
-1.50842
-1.45854
-1.46152
-1.46739
-1.47615
-1.48766
-1.50168
-1.51776
-1.53409
-1.55328
-1.56511
-1.50998
-1.5129
-1.51855
-1.52685
-1.53752
-1.55011
-1.56404
-1.57708
-1.59255
-1.60351
-1.55742
-1.56016
-1.56533
-1.57282
-1.58222
-1.59297
-1.60431
-1.61458
-1.6241
-1.63291
-1.60113
-1.60362
-1.60826
-1.6149
-1.62312
-1.63229
-1.64166
-1.64973
-1.65593
-1.66238
-1.64148
-1.64372
-1.64789
-1.65385
-1.66119
-1.66936
-1.67764
-1.68468
-1.6894
-1.69422
-1.67881
-1.68083
-1.68461
-1.69004
-1.69681
-1.70442
-1.71226
-1.71912
-1.72357
-1.72724
-1.71344
-1.71527
-1.71868
-1.72364
-1.72992
-1.73714
-1.74475
-1.75168
-1.75628
-1.75924
-1.74571
-1.74729
-1.75028
-1.7547
-1.76038
-1.76706
-1.77425
-1.78105
-1.78576
-1.78832
-1.77594
-1.77723
-1.77969
-1.78336
-1.78816
-1.79391
-1.80024
-1.80643
-1.81091
-1.81314
-1.80457
-1.8055
-1.80728
-1.80996
-1.81352
-1.81785
-1.82273
-1.82764
-1.83129
-1.83302
-1.83209
-1.83259
-1.83357
-1.83506
-1.83706
-1.83952
-1.84235
-1.8453
-1.84749
-1.84844
-1.85906
-1.85912
-1.85924
-1.85943
-1.85969
-1.86002
-1.86046
-1.86101
-1.8613
-1.86121
-1.8861
-1.88573
-1.885
-1.88392
-1.88249
-1.88074
-1.87882
-1.87698
-1.87536
-1.87422
-1.91379
-1.91304
-1.91158
-1.9094
-1.90651
-1.90301
-1.89913
-1.89534
-1.89214
-1.89015
-1.94262
-1.94158
-1.93956
-1.93655
-1.9326
-1.92784
-1.92262
-1.9175
-1.91326
-1.91075
-1.97296
-1.97174
-1.96936
-1.96584
-1.96125
-1.95578
-1.94985
-1.94408
-1.93936
-1.93661
-2.00503
-2.00373
-2.00118
-1.99745
-1.99263
-1.98696
-1.98087
-1.97501
-1.97025
-1.96752
-2.03895
-2.03764
-2.0351
-2.0314
-2.02668
-2.02117
-2.01533
-2.00978
-2.00531
-2.00272
-1.34833
-1.35151
-1.35797
-1.36793
-1.3817
-1.39959
-1.42146
-1.44619
-1.47507
-1.49333
-1.40872
-1.4124
-1.41986
-1.43135
-1.4472
-1.46777
-1.49297
-1.52058
-1.55571
-1.57979
-1.46474
-1.46857
-1.4762
-1.48779
-1.50343
-1.52315
-1.54732
-1.57105
-1.60381
-1.6251
-1.51621
-1.51988
-1.52704
-1.5377
-1.55164
-1.56843
-1.58786
-1.60512
-1.62656
-1.64582
-1.56339
-1.56675
-1.57313
-1.58242
-1.59416
-1.6076
-1.62202
-1.63411
-1.64354
-1.66016
-1.60667
-1.60967
-1.61528
-1.62334
-1.6333
-1.64433
-1.65567
-1.66483
-1.66907
-1.67989
-1.64652
-1.6492
-1.65422
-1.66142
-1.67034
-1.68027
-1.69051
-1.69927
-1.70243
-1.70944
-1.68333
-1.68577
-1.69036
-1.69704
-1.70549
-1.71519
-1.72553
-1.73519
-1.73969
-1.74431
-1.71743
-1.71965
-1.72388
-1.73014
-1.73829
-1.74797
-1.75868
-1.76931
-1.7755
-1.77898
-1.74909
-1.75106
-1.75485
-1.76057
-1.76819
-1.77755
-1.7882
-1.79926
-1.8067
-1.80994
-1.77864
-1.78027
-1.78344
-1.78831
-1.79493
-1.80326
-1.81302
-1.82356
-1.83139
-1.83465
-1.80649
-1.80766
-1.80999
-1.81362
-1.81864
-1.82509
-1.83286
-1.84159
-1.84847
-1.85126
-1.83314
-1.83378
-1.83507
-1.83712
-1.83998
-1.84374
-1.84839
-1.85389
-1.85832
-1.85975
-1.85922
-1.85928
-1.85943
-1.8597
-1.86011
-1.86069
-1.86151
-1.86284
-1.86375
-1.86329
-1.8854
-1.8849
-1.88394
-1.88247
-1.88046
-1.87791
-1.87498
-1.87216
-1.86953
-1.8672
-1.91235
-1.91136
-1.90943
-1.90648
-1.90243
-1.89731
-1.89136
-1.88529
-1.8799
-1.87617
-1.9406
-1.93925
-1.93659
-1.93255
-1.92706
-1.9202
-1.9123
-1.90423
-1.89719
-1.89267
-1.97054
-1.96897
-1.96587
-1.9612
-1.95493
-1.94719
-1.9384
-1.92951
-1.92187
-1.91711
-2.00241
-2.00074
-1.99747
-1.99259
-1.98611
-1.97823
-1.96943
-1.96065
-1.95322
-1.94859
-2.03627
-2.03463
-2.0314
-2.02663
-2.02039
-2.01291
-2.00469
-1.99661
-1.98989
-1.98561
-1.35382
-1.35794
-1.36646
-1.38001
-1.39964
-1.42698
-1.46332
-1.50589
-1.56635
-1.62866
-1.41527
-1.42004
-1.42988
-1.44547
-1.46791
-1.49881
-1.53994
-1.58343
-1.64458
-1.72821
-1.47178
-1.47668
-1.48659
-1.502
-1.52336
-1.55076
-1.5872
-1.61974
-1.67351
-1.74625
-1.52322
-1.52781
-1.53687
-1.55054
-1.56871
-1.59074
-1.61703
-1.64011
-1.66211
-1.7248
-1.57005
-1.57415
-1.58199
-1.59345
-1.6079
-1.62408
-1.64141
-1.6547
-1.6522
-1.69618
-1.61279
-1.61638
-1.62314
-1.63282
-1.64467
-1.65735
-1.67007
-1.68091
-1.67266
-1.69894
-1.65205
-1.65525
-1.66126
-1.66992
-1.68064
-1.69243
-1.7045
-1.71707
-1.71433
-1.72776
-1.68828
-1.69121
-1.69678
-1.705
-1.71557
-1.72798
-1.74164
-1.75734
-1.76221
-1.76861
-1.72179
-1.7245
-1.72974
-1.73769
-1.74834
-1.76157
-1.77701
-1.79515
-1.80554
-1.80997
-1.7528
-1.75525
-1.76006
-1.76753
-1.77785
-1.79123
-1.80748
-1.82693
-1.84119
-1.84648
-1.78161
-1.78366
-1.78777
-1.79427
-1.80348
-1.81581
-1.83127
-1.85038
-1.86701
-1.87363
-1.80859
-1.81009
-1.81315
-1.81808
-1.82522
-1.83503
-1.84775
-1.86415
-1.8802
-1.88628
-1.83428
-1.8351
-1.83682
-1.83964
-1.84379
-1.84965
-1.85752
-1.86826
-1.8797
-1.88253
-1.85937
-1.85944
-1.85964
-1.86004
-1.86067
-1.86169
-1.86328
-1.86618
-1.86996
-1.86852
-1.88461
-1.88394
-1.88267
-1.88069
-1.87785
-1.87412
-1.86957
-1.86488
-1.86102
-1.85574
-1.91072
-1.90943
-1.90689
-1.90291
-1.89722
-1.88969
-1.8804
-1.87015
-1.8608
-1.8528
-1.93833
-1.93658
-1.93312
-1.92772
-1.9201
-1.91014
-1.89802
-1.88469
-1.87244
-1.86303
-1.96784
-1.96583
-1.96183
-1.95566
-1.94709
-1.93606
-1.92289
-1.90865
-1.89568
-1.886
-1.99949
-1.99738
-1.99321
-1.98684
-1.97815
-1.96715
-1.9543
-1.94069
-1.92855
-1.91935
-2.03332
-2.03126
-2.02719
-2.02107
-2.01283
-2.00262
-1.99094
-1.97884
-1.96833
-1.96004
-1.35947
-1.3647
-1.37573
-1.3939
-1.42161
-1.46357
-1.5263
-1.60214
-1.7529
-1.87019
-1.42208
-1.42816
-1.44095
-1.46185
-1.49338
-1.54056
-1.61483
-1.68949
-1.83525
-1.98847
-1.47911
-1.4853
-1.498
-1.51834
-1.54791
-1.58854
-1.65682
-1.7136
-1.78454
-1.93133
-1.53045
-1.53611
-1.54742
-1.56481
-1.58854
-1.61784
-1.65656
-1.68749
-1.68309
-1.8085
-1.57684
-1.58178
-1.59125
-1.60519
-1.62278
-1.64193
-1.66192
-1.67366
-1.60739
-1.71272
-1.61896
-1.6232
-1.63118
-1.64263
-1.65649
-1.67057
-1.68205
-1.69381
-1.64685
-1.69759
-1.65758
-1.66133
-1.66841
-1.67867
-1.69144
-1.70527
-1.71758
-1.73646
-1.72798
-1.73486
-1.6932
-1.69666
-1.70332
-1.71332
-1.72653
-1.74256
-1.7603
-1.78657
-1.79968
-1.78858
-1.72612
-1.72937
-1.73578
-1.74577
-1.75966
-1.77792
-1.80034
-1.83188
-1.85266
-1.84142
-1.7565
-1.75948
-1.7655
-1.77514
-1.78905
-1.80825
-1.83298
-1.86763
-1.89462
-1.88977
-1.78456
-1.78711
-1.79235
-1.80093
-1.81364
-1.83184
-1.856
-1.8907
-1.92377
-1.92787
-1.81068
-1.81257
-1.81654
-1.82317
-1.83321
-1.84808
-1.86853
-1.89949
-1.93526
-1.9425
-1.83542
-1.83645
-1.8387
-1.84256
-1.8485
-1.85762
-1.87059
-1.89187
-1.9215
-1.92362
-1.8595
-1.85958
-1.85987
-1.86048
-1.86145
-1.86323
-1.86585
-1.87213
-1.88535
-1.88159
-1.88378
-1.88292
-1.8813
-1.87871
-1.87481
-1.86943
-1.86211
-1.85438
-1.85092
-1.84162
-1.90905
-1.90741
-1.90417
-1.89894
-1.89112
-1.88022
-1.86565
-1.84842
-1.83358
-1.8199
-1.93601
-1.93381
-1.92942
-1.92238
-1.91204
-1.89782
-1.87928
-1.85739
-1.83675
-1.82066
-1.96511
-1.96259
-1.95756
-1.9496
-1.93815
-1.9227
-1.90306
-1.88032
-1.85836
-1.84196
-1.99655
-1.99394
-1.98874
-1.98064
-1.96921
-1.95414
-1.93547
-1.91442
-1.89426
-1.87906
-2.03035
-2.02783
-2.02282
-2.01513
-2.0045
-1.99081
-1.9743
-1.95618
-1.93929
-1.92605
-1.36469
-1.37113
-1.385
-1.40868
-1.4465
-1.50682
-1.60132
-1.71276
-1.93172
-2.11301
-1.42848
-1.43603
-1.45216
-1.4793
-1.52125
-1.58474
-1.68857
-1.80632
-2.00167
-2.35771
-1.48604
-1.49365
-1.50943
-1.53502
-1.57187
-1.62163
-1.71345
-1.8211
-1.93208
-2.27346
-1.53723
-1.54404
-1.55745
-1.57851
-1.60664
-1.64207
-1.68945
-1.7475
-1.75818
-1.97556
-1.58311
-1.58889
-1.59993
-1.61604
-1.63559
-1.65584
-1.67368
-1.67755
-1.59525
-1.73022
-1.62457
-1.62942
-1.63847
-1.65129
-1.66633
-1.68194
-1.69283
-1.68692
-1.57224
-1.67871
-1.66254
-1.66679
-1.67478
-1.68637
-1.70097
-1.71886
-1.73734
-1.75619
-1.73162
-1.71502
-1.69758
-1.70152
-1.70916
-1.72085
-1.73701
-1.75936
-1.7879
-1.82319
-1.85269
-1.7811
-1.72995
-1.73371
-1.74124
-1.75331
-1.77106
-1.79712
-1.83334
-1.88027
-1.92865
-1.85806
-1.75976
-1.76327
-1.77049
-1.78248
-1.80076
-1.82862
-1.86895
-1.92243
-1.99004
-1.92084
-1.78717
-1.79021
-1.79661
-1.80753
-1.82466
-1.85163
-1.89176
-1.9444
-2.01213
-1.97023
-1.81253
-1.8148
-1.81972
-1.82834
-1.84219
-1.8648
-1.90001
-1.94835
-2.01301
-1.99333
-1.8364
-1.83765
-1.84048
-1.84561
-1.85401
-1.86829
-1.89176
-1.92615
-1.98158
-1.96159
-1.85958
-1.85966
-1.86007
-1.86101
-1.86261
-1.8658
-1.87166
-1.87896
-1.9012
-1.88695
-1.88299
-1.88194
-1.87996
-1.87678
-1.87174
-1.8643
-1.85378
-1.83776
-1.82839
-1.81594
-1.90752
-1.90552
-1.90155
-1.89501
-1.88478
-1.86949
-1.84781
-1.81766
-1.78846
-1.77381
-1.9339
-1.93124
-1.92588
-1.91711
-1.90369
-1.88403
-1.8568
-1.8207
-1.78331
-1.76514
-1.96263
-1.9596
-1.95351
-1.94368
-1.929
-1.90805
-1.87977
-1.84344
-1.805
-1.78606
-1.9939
-1.99079
-1.98455
-1.97464
-1.96021
-1.94019
-1.91396
-1.88114
-1.84705
-1.82916
-2.02769
-2.02471
-2.01875
-2.00946
-1.99624
-1.97844
-1.95585
-1.92841
-1.90103
-1.88503
-1.36882
-1.37637
-1.3931
-1.42331
-1.47562
-1.57027
-1.75477
-1.93238
-1.73744
-0.381897
-1.43365
-1.44265
-1.4625
-1.49786
-1.55655
-1.64846
-1.83596
-1.99551
-1.70821
0.0690067
-1.49176
-1.50094
-1.52063
-1.55491
-1.60654
-1.67652
-1.78646
-1.92792
-1.58233
0.869847
-1.54309
-1.55137
-1.56799
-1.59423
-1.62883
-1.66676
-1.69297
-1.75489
-1.28022
0.57102
-1.58825
-1.59496
-1.60777
-1.62626
-1.64622
-1.6562
-1.6151
-1.59798
-1.18793
-1.6066
-1.62904
-1.63449
-1.64457
-1.65832
-1.67183
-1.6764
-1.6536
-1.58182
-1.48371
-1.94391
-1.66643
-1.67113
-1.67984
-1.69206
-1.70574
-1.71928
-1.7371
-1.73569
-1.60936
-1.84579
-1.70097
-1.70532
-1.71367
-1.7263
-1.74316
-1.76724
-1.80731
-1.86297
-1.21179
-1.75416
-1.73288
-1.73705
-1.74538
-1.75884
-1.77874
-1.81001
-1.85869
-1.94011
-1.26118
-1.81282
-1.76223
-1.76615
-1.77425
-1.78797
-1.80943
-1.84486
-1.89905
-1.99807
-1.38507
-1.8743
-1.78913
-1.79255
-1.79983
-1.81261
-1.83339
-1.86965
-1.92688
-2.01848
-1.59694
-1.96096
-1.8139
-1.81647
-1.82213
-1.83241
-1.84961
-1.88155
-1.93657
-2.01673
-2.15573
-2.05354
-1.83711
-1.83852
-1.84181
-1.84802
-1.85862
-1.87974
-1.92066
-1.98085
-2.1113
-2.01257
-1.8596
-1.85967
-1.86014
-1.86136
-1.86346
-1.8692
-1.88371
-1.89956
-1.94507
-1.901
-1.88235
-1.88111
-1.8788
-1.8751
-1.86889
-1.85989
-1.84917
-1.8276
-1.81849
-1.80002
-1.90631
-1.904
-1.89937
-1.89169
-1.8791
-1.8595
-1.83171
-1.78855
-1.75069
-1.73808
-1.93227
-1.92921
-1.92301
-1.91272
-1.89635
-1.87114
-1.83495
-1.78325
-1.73301
-1.71877
-1.96072
-1.95727
-1.95027
-1.9388
-1.9211
-1.89454
-1.85682
-1.80484
-1.7539
-1.73823
-1.99187
-1.98834
-1.98122
-1.96976
-1.95256
-1.92761
-1.89308
-1.84645
-1.80187
-1.7865
-2.02566
-2.0223
-2.01555
-2.00489
-1.98933
-1.96757
-1.93843
-1.89994
-1.86458
-1.8501
-1.37114
-1.37926
-1.39746
-1.43091
-1.49318
-1.62999
-1.87173
-2.11855
-0.48105
1.01668
-1.43659
-1.44642
-1.46843
-1.50865
-1.58062
-1.73033
-1.98307
-2.33147
-0.026752
0.961642
-1.49498
-1.50503
-1.52698
-1.56614
-1.62687
-1.7496
-1.92789
-2.2593
0.820665
-0.220988
-1.54623
-1.5553
-1.57382
-1.60594
-1.64715
-1.72911
-1.81494
-1.97165
0.488787
-1.39404
-1.59118
-1.59851
-1.61283
-1.63524
-1.66297
-1.70132
-1.72052
-1.72565
-1.67218
-1.79929
-1.63162
-1.63754
-1.64873
-1.66523
-1.68375
-1.7058
-1.70841
-1.68307
-1.94219
-1.8803
-1.66867
-1.67375
-1.68332
-1.69759
-1.71414
-1.73619
-1.7468
-1.72714
-1.85462
-1.82547
-1.70291
-1.70759
-1.71664
-1.73082
-1.7491
-1.77658
-1.79807
-1.79214
-1.76269
-1.79641
-1.73453
-1.73899
-1.74793
-1.76268
-1.78351
-1.81694
-1.84994
-1.86923
-1.81345
-1.83776
-1.76358
-1.76775
-1.77641
-1.79134
-1.81393
-1.85256
-1.89862
-1.93372
-1.88144
-1.88415
-1.79016
-1.7938
-1.80156
-1.81551
-1.83779
-1.87842
-1.93565
-1.98362
-1.98434
-1.94054
-1.81458
-1.81732
-1.82336
-1.83462
-1.85324
-1.88912
-1.94702
-2.00313
-2.07374
-1.98355
-1.83743
-1.83892
-1.84241
-1.84925
-1.86052
-1.88334
-1.9244
-1.965
-2.01856
-1.95412
-1.85954
-1.8596
-1.86005
-1.86141
-1.86321
-1.86816
-1.88101
-1.8881
-1.90234
-1.87571
-1.88193
-1.88059
-1.87804
-1.87399
-1.86663
-1.8548
-1.84074
-1.81677
-1.80095
-1.78841
-1.9056
-1.9031
-1.89807
-1.88966
-1.87533
-1.85153
-1.81831
-1.77326
-1.73663
-1.727
-1.93134
-1.92805
-1.92134
-1.91012
-1.89175
-1.86174
-1.81882
-1.76381
-1.7162
-1.70644
-1.95965
-1.95596
-1.94842
-1.93598
-1.91628
-1.88498
-1.84059
-1.78517
-1.73652
-1.72572
-1.99075
-1.98698
-1.97935
-1.96696
-1.94795
-1.91874
-1.87835
-1.82886
-1.78565
-1.77444
-2.02455
-2.02098
-2.01376
-2.00228
-1.98518
-1.9598
-1.92587
-1.88502
-1.84959
-1.83913
-1.37145
-1.37962
-1.398
-1.43198
-1.49638
-1.64048
-1.89152
-2.16384
-0.463034
0.98608
-1.43692
-1.4468
-1.46901
-1.50977
-1.5833
-1.73762
-1.98483
-2.31894
0.204348
0.915221
-1.4953
-1.50541
-1.52756
-1.56734
-1.62901
-1.75614
-1.93459
-2.20582
0.941355
-0.176739
-1.54652
-1.55566
-1.57433
-1.60677
-1.64942
-1.73347
-1.8182
-1.94422
-0.0105372
-1.32742
-1.59147
-1.59891
-1.6135
-1.63644
-1.66566
-1.70676
-1.73133
-1.73657
-1.76856
-1.78092
-1.63191
-1.63796
-1.64935
-1.66641
-1.68602
-1.71067
-1.71729
-1.69955
-1.97467
-1.89295
-1.66891
-1.67409
-1.68383
-1.69855
-1.71582
-1.73956
-1.75226
-1.73973
-1.85538
-1.82655
-1.70308
-1.70781
-1.71697
-1.73142
-1.75012
-1.77862
-1.80194
-1.80097
-1.76143
-1.79578
-1.73461
-1.73908
-1.74805
-1.76286
-1.78367
-1.81696
-1.8495
-1.86474
-1.80895
-1.83545
-1.76357
-1.76773
-1.77633
-1.79113
-1.81332
-1.85086
-1.89507
-1.92345
-1.8716
-1.88385
-1.79008
-1.79368
-1.80133
-1.81502
-1.83669
-1.87573
-1.93061
-1.9713
-1.98023
-1.93939
-1.81446
-1.81714
-1.82305
-1.83401
-1.85199
-1.88644
-1.94274
-1.99583
-2.08417
-1.98236
-1.83728
-1.83873
-1.84209
-1.84868
-1.85947
-1.88136
-1.92187
-1.96385
-2.03018
-1.95685
-1.8594
-1.85942
-1.85977
-1.86094
-1.86241
-1.86687
-1.87967
-1.88915
-1.9105
-1.87849
-1.8818
-1.88043
-1.87781
-1.87364
-1.86605
-1.85392
-1.83991
-1.81749
-1.80694
-1.79246
-1.90549
-1.90297
-1.89789
-1.88941
-1.87494
-1.85101
-1.81803
-1.7739
-1.74071
-1.73177
-1.93125
-1.92795
-1.92121
-1.90996
-1.89153
-1.86159
-1.8193
-1.76519
-1.7198
-1.71184
-1.95959
-1.95589
-1.94834
-1.93589
-1.91619
-1.8851
-1.8415
-1.7872
-1.74034
-1.73136
-1.9907
-1.98694
-1.97929
-1.96691
-1.94793
-1.91897
-1.87916
-1.83071
-1.78931
-1.77994
-2.02452
-2.02095
-2.01372
-2.00226
-1.98518
-1.96002
-1.92646
-1.88609
-1.85294
-1.8448
-1.36971
-1.3774
-1.39455
-1.42571
-1.48012
-1.58053
-1.76752
-1.9608
-1.80182
-0.229883
-1.43457
-1.44371
-1.46391
-1.49995
-1.55915
-1.65506
-1.83222
-1.99332
-1.71979
0.186823
-1.49265
-1.50196
-1.52193
-1.55679
-1.60668
-1.67409
-1.7714
-1.90693
-1.51622
0.915608
-1.54384
-1.55222
-1.56896
-1.59544
-1.6295
-1.66556
-1.67823
-1.74616
-1.2936
0.520994
-1.58905
-1.59591
-1.60902
-1.6281
-1.649
-1.66438
-1.63356
-1.61495
-1.31502
-1.56711
-1.62978
-1.63541
-1.64589
-1.66055
-1.67609
-1.68882
-1.68
-1.62122
-1.48749
-1.95598
-1.66703
-1.6719
-1.68099
-1.69413
-1.70977
-1.72965
-1.75463
-1.7906
-1.49317
-1.85134
-1.70139
-1.70584
-1.71443
-1.7277
-1.74587
-1.77435
-1.8208
-1.90606
-1.31758
-1.76255
-1.73308
-1.73726
-1.74565
-1.75927
-1.77933
-1.81164
-1.85961
-1.93721
-1.37639
-1.83893
-1.7622
-1.76606
-1.77402
-1.78744
-1.80799
-1.84178
-1.89134
-1.97038
-1.38521
-1.87706
-1.78891
-1.79222
-1.79921
-1.81137
-1.83061
-1.86349
-1.91327
-1.97908
-1.60902
-1.92546
-1.81355
-1.81599
-1.82131
-1.83085
-1.84642
-1.87471
-1.92226
-1.982
-2.11493
-2.01372
-1.8367
-1.83798
-1.84095
-1.84652
-1.85578
-1.87415
-1.91012
-1.96416
-2.08455
-1.99991
-1.85919
-1.85916
-1.85937
-1.86011
-1.86126
-1.86525
-1.87672
-1.89252
-1.93853
-1.90352
-1.88197
-1.88067
-1.87817
-1.87414
-1.8673
-1.85721
-1.84432
-1.82309
-1.81797
-1.80401
-1.90599
-1.90363
-1.89889
-1.89099
-1.87801
-1.85781
-1.82865
-1.7854
-1.75123
-1.74082
-1.93202
-1.92893
-1.92266
-1.91225
-1.89568
-1.87024
-1.83358
-1.782
-1.73477
-1.72185
-1.96053
-1.95707
-1.95003
-1.93851
-1.92072
-1.89412
-1.85652
-1.80559
-1.7565
-1.74057
-1.99173
-1.9882
-1.98106
-1.96957
-1.95233
-1.92735
-1.89292
-1.84787
-1.8039
-1.78744
-2.02557
-2.02221
-2.01545
-2.00478
-1.98917
-1.96729
-1.93799
-1.90061
-1.86536
-1.85129
-1.36606
-1.37266
-1.38697
-1.41159
-1.45124
-1.51538
-1.61565
-1.7372
-1.97035
-2.19318
-1.42991
-1.43761
-1.45413
-1.48197
-1.52491
-1.59049
-1.69496
-1.81244
-1.99415
-2.35726
-1.48747
-1.49523
-1.51135
-1.53746
-1.57442
-1.62452
-1.71231
-1.8206
-1.91184
-2.24333
-1.53865
-1.54563
-1.55955
-1.58123
-1.60997
-1.64599
-1.69322
-1.74773
-1.75152
-1.97762
-1.58438
-1.59038
-1.60188
-1.61881
-1.63972
-1.66328
-1.68417
-1.6864
-1.61416
-1.74576
-1.62568
-1.63075
-1.6403
-1.65409
-1.67091
-1.69029
-1.70649
-1.69959
-1.62329
-1.7013
-1.66343
-1.66787
-1.67631
-1.6888
-1.70505
-1.72636
-1.75163
-1.77754
-1.79719
-1.73735
-1.69819
-1.70225
-1.71016
-1.72242
-1.73958
-1.76421
-1.79831
-1.84097
-1.89517
-1.79587
-1.73022
-1.734
-1.74157
-1.75371
-1.7714
-1.79737
-1.83353
-1.87713
-1.9225
-1.85107
-1.7597
-1.76314
-1.77016
-1.78171
-1.79897
-1.82469
-1.86077
-1.90406
-1.95701
-1.89321
-1.78684
-1.78974
-1.79577
-1.80592
-1.82144
-1.84512
-1.87897
-1.91801
-1.96209
-1.92877
-1.81201
-1.81411
-1.8186
-1.82635
-1.83851
-1.85786
-1.88726
-1.92385
-1.96635
-1.95764
-1.8358
-1.83688
-1.83932
-1.84368
-1.85071
-1.86259
-1.88255
-1.91216
-1.96132
-1.94472
-1.85897
-1.85891
-1.85901
-1.85938
-1.86003
-1.86174
-1.86597
-1.87271
-1.89578
-1.88152
-1.88242
-1.88127
-1.87907
-1.8755
-1.86987
-1.86158
-1.8502
-1.8338
-1.82754
-1.81208
-1.90704
-1.90497
-1.90085
-1.89407
-1.88349
-1.8678
-1.84564
-1.81488
-1.78961
-1.77064
-1.93352
-1.93082
-1.92536
-1.91646
-1.90287
-1.8831
-1.85574
-1.81924
-1.78527
-1.76353
-1.96234
-1.95929
-1.95315
-1.94326
-1.92852
-1.9076
-1.87938
-1.84288
-1.80738
-1.78426
-1.99368
-1.99057
-1.98431
-1.97438
-1.95993
-1.93996
-1.91375
-1.88064
-1.8484
-1.82602
-2.02754
-2.02456
-2.0186
-2.0093
-1.99608
-1.97829
-1.95563
-1.92752
-1.90138
-1.88188
-1.36117
-1.36656
-1.37799
-1.39693
-1.42605
-1.47032
-1.53599
-1.61818
-1.77605
-1.90012
-1.42386
-1.43011
-1.44324
-1.46478
-1.49724
-1.54571
-1.6193
-1.69625
-1.83739
-1.99033
-1.4809
-1.48725
-1.50028
-1.52109
-1.55103
-1.59318
-1.65745
-1.71445
-1.77585
-1.93757
-1.5322
-1.53807
-1.54972
-1.56762
-1.59185
-1.62224
-1.66036
-1.69325
-1.67938
-1.82334
-1.57841
-1.58357
-1.59347
-1.6081
-1.62667
-1.64759
-1.66851
-1.68534
-1.63148
-1.73339
-1.62032
-1.62477
-1.6332
-1.64544
-1.66058
-1.67696
-1.69094
-1.70764
-1.68049
-1.71528
-1.65866
-1.66258
-1.67005
-1.68103
-1.69501
-1.71127
-1.72758
-1.7516
-1.75494
-1.74763
-1.69393
-1.6975
-1.7044
-1.71484
-1.72879
-1.74643
-1.76682
-1.79594
-1.81303
-1.79679
-1.72645
-1.72972
-1.73615
-1.74616
-1.76002
-1.77834
-1.80049
-1.83044
-1.85094
-1.83906
-1.75644
-1.75935
-1.76518
-1.77442
-1.78755
-1.80539
-1.82748
-1.85689
-1.88007
-1.87216
-1.78419
-1.78659
-1.79149
-1.79939
-1.81087
-1.82687
-1.84721
-1.87471
-1.90073
-1.90039
-1.81009
-1.8118
-1.81537
-1.82124
-1.82996
-1.84257
-1.85941
-1.8838
-1.91249
-1.91814
-1.83471
-1.83557
-1.83745
-1.84064
-1.84546
-1.85282
-1.8634
-1.88082
-1.90636
-1.91017
-1.85877
-1.8587
-1.8587
-1.85879
-1.85896
-1.85961
-1.86097
-1.86566
-1.87691
-1.87559
-1.88309
-1.88213
-1.88029
-1.87735
-1.87292
-1.86689
-1.85894
-1.85057
-1.84585
-1.83762
-1.90846
-1.90675
-1.90336
-1.89791
-1.88979
-1.87854
-1.86366
-1.84616
-1.83045
-1.81677
-1.93553
-1.93329
-1.9288
-1.92164
-1.91115
-1.8968
-1.87817
-1.85624
-1.83522
-1.81859
-1.96473
-1.9622
-1.95712
-1.9491
-1.93759
-1.92212
-1.90251
-1.87985
-1.85778
-1.83992
-1.99627
-1.99366
-1.98844
-1.98031
-1.96887
-1.95382
-1.93519
-1.91422
-1.89405
-1.87635
-2.03016
-2.02764
-2.02262
-2.01494
-2.0043
-1.99065
-1.97414
-1.95612
-1.93943
-1.9234
-1.35572
-1.35998
-1.36883
-1.38298
-1.40362
-1.4325
-1.4708
-1.51648
-1.58055
-1.64626
-1.41726
-1.42218
-1.43233
-1.44847
-1.47172
-1.50371
-1.54562
-1.59077
-1.65285
-1.7393
-1.47378
-1.47883
-1.48904
-1.50493
-1.52694
-1.55535
-1.59191
-1.62632
-1.67804
-1.75846
-1.52515
-1.52992
-1.5393
-1.55348
-1.57233
-1.59533
-1.62231
-1.6473
-1.66839
-1.73825
-1.57179
-1.57608
-1.58428
-1.59634
-1.61167
-1.6292
-1.64799
-1.66471
-1.66674
-1.71156
-1.6143
-1.61806
-1.62518
-1.6355
-1.64834
-1.66261
-1.67725
-1.69132
-1.69053
-1.71225
-1.65324
-1.65658
-1.6629
-1.67211
-1.68372
-1.69699
-1.71111
-1.7262
-1.72952
-1.73729
-1.68909
-1.6921
-1.69785
-1.70639
-1.71747
-1.73077
-1.7457
-1.76236
-1.77079
-1.77311
-1.72217
-1.72489
-1.73014
-1.73808
-1.7487
-1.7619
-1.77719
-1.79435
-1.80567
-1.80753
-1.75278
-1.75515
-1.7598
-1.76695
-1.77672
-1.7892
-1.804
-1.82079
-1.83364
-1.83614
-1.78124
-1.78317
-1.78699
-1.79297
-1.80129
-1.81218
-1.82546
-1.84101
-1.85466
-1.85857
-1.80797
-1.80933
-1.81206
-1.8164
-1.82256
-1.83085
-1.8414
-1.85446
-1.86749
-1.87211
-1.83353
-1.8342
-1.83561
-1.83789
-1.84118
-1.84579
-1.85205
-1.86049
-1.86997
-1.87278
-1.85857
-1.85852
-1.85847
-1.85843
-1.85842
-1.85857
-1.85918
-1.86081
-1.86356
-1.86261
-1.88385
-1.88309
-1.88162
-1.87933
-1.87606
-1.87179
-1.86671
-1.86138
-1.8569
-1.85187
-1.91005
-1.9087
-1.90603
-1.90184
-1.89589
-1.88806
-1.87851
-1.86796
-1.85818
-1.85017
-1.93777
-1.93599
-1.93244
-1.92692
-1.91916
-1.90906
-1.89685
-1.88343
-1.87088
-1.86121
-1.9674
-1.96537
-1.96132
-1.95509
-1.94646
-1.93538
-1.92221
-1.90798
-1.89479
-1.88438
-1.99916
-1.99704
-1.99285
-1.98646
-1.97774
-1.96675
-1.95393
-1.94037
-1.9281
-1.91751
-2.03309
-2.03103
-2.02696
-2.02083
-2.0126
-2.00241
-1.99076
-1.97874
-1.96831
-1.95817
-1.35031
-1.35362
-1.36035
-1.37077
-1.38526
-1.40417
-1.42734
-1.45373
-1.48411
-1.50358
-1.41081
-1.41462
-1.42234
-1.43428
-1.4508
-1.47223
-1.49837
-1.52727
-1.56306
-1.58859
-1.46684
-1.47079
-1.47869
-1.49071
-1.50696
-1.52747
-1.5523
-1.57751
-1.6093
-1.63357
-1.51824
-1.52204
-1.52948
-1.54058
-1.55513
-1.57272
-1.59285
-1.61165
-1.63329
-1.65536
-1.56523
-1.56872
-1.57539
-1.58516
-1.5976
-1.612
-1.62747
-1.64124
-1.6517
-1.67048
-1.60826
-1.61138
-1.61727
-1.6258
-1.63648
-1.64855
-1.66109
-1.67204
-1.67814
-1.68866
-1.64777
-1.65056
-1.6558
-1.66339
-1.67292
-1.68374
-1.69505
-1.70523
-1.71012
-1.71575
-1.68418
-1.68668
-1.6914
-1.6983
-1.70708
-1.71729
-1.7282
-1.73849
-1.74405
-1.74724
-1.71785
-1.72008
-1.7243
-1.73056
-1.73868
-1.74833
-1.75888
-1.76917
-1.77551
-1.7779
-1.74911
-1.75102
-1.75468
-1.76018
-1.76744
-1.77624
-1.78607
-1.79593
-1.8026
-1.8048
-1.77831
-1.77984
-1.78279
-1.78729
-1.79332
-1.80077
-1.80929
-1.81814
-1.82462
-1.82686
-1.80589
-1.80695
-1.80903
-1.81223
-1.81659
-1.82208
-1.82855
-1.8356
-1.84113
-1.84316
-1.83238
-1.83291
-1.83396
-1.8356
-1.83786
-1.84078
-1.84438
-1.8486
-1.85206
-1.85318
-1.8584
-1.85836
-1.85831
-1.85825
-1.85817
-1.85813
-1.85825
-1.85876
-1.85912
-1.85868
-1.88461
-1.88403
-1.88291
-1.88119
-1.87883
-1.87588
-1.87252
-1.86925
-1.86632
-1.86413
-1.91163
-1.91059
-1.90855
-1.90542
-1.90115
-1.89579
-1.88962
-1.88331
-1.87774
-1.87411
-1.93999
-1.93861
-1.93587
-1.93173
-1.92612
-1.91913
-1.91112
-1.90293
-1.89577
-1.89123
-1.97005
-1.96846
-1.96532
-1.96059
-1.95425
-1.94646
-1.93764
-1.9287
-1.92095
-1.91597
-2.00203
-2.00036
-1.99707
-1.99216
-1.98566
-1.97776
-1.96896
-1.96017
-1.95267
-1.94756
-2.03601
-2.03436
-2.03113
-2.02636
-2.02011
-2.01264
-2.00443
-1.99639
-1.98968
-1.98464
-1.34544
-1.348
-1.35311
-1.36082
-1.37111
-1.38383
-1.39852
-1.41421
-1.42968
-1.43812
-1.40506
-1.408
-1.41388
-1.42275
-1.43461
-1.44928
-1.46626
-1.48441
-1.50343
-1.51525
-1.46065
-1.46374
-1.46984
-1.47897
-1.49099
-1.50566
-1.52245
-1.5397
-1.55926
-1.57215
-1.51203
-1.51506
-1.52093
-1.52959
-1.54077
-1.55403
-1.56871
-1.58258
-1.59861
-1.61026
-1.5593
-1.56214
-1.56753
-1.57538
-1.58533
-1.59679
-1.60892
-1.62011
-1.63008
-1.64037
-1.60275
-1.60533
-1.61018
-1.61717
-1.6259
-1.63577
-1.64594
-1.65497
-1.66195
-1.66881
-1.64275
-1.64507
-1.64941
-1.65564
-1.6634
-1.67214
-1.68107
-1.68889
-1.69432
-1.69892
-1.67968
-1.68175
-1.68562
-1.6912
-1.69821
-1.70614
-1.71433
-1.72158
-1.72643
-1.72967
-1.7139
-1.71572
-1.71913
-1.7241
-1.73038
-1.73759
-1.74514
-1.75198
-1.75659
-1.75914
-1.74577
-1.74731
-1.75021
-1.75448
-1.75995
-1.7663
-1.77305
-1.77932
-1.78368
-1.7858
-1.77566
-1.77687
-1.77918
-1.7826
-1.78703
-1.79225
-1.79789
-1.80327
-1.80714
-1.80891
-1.80402
-1.80485
-1.80645
-1.80885
-1.81197
-1.8157
-1.81982
-1.82388
-1.8269
-1.82825
-1.83136
-1.83177
-1.83257
-1.83378
-1.83536
-1.83728
-1.83946
-1.84171
-1.84341
-1.84413
-1.85825
-1.85823
-1.85819
-1.85814
-1.85805
-1.85796
-1.85792
-1.858
-1.858
-1.85786
-1.8853
-1.88487
-1.88401
-1.88274
-1.88104
-1.879
-1.87678
-1.87465
-1.87289
-1.87179
-1.91305
-1.91226
-1.9107
-1.90838
-1.90532
-1.90163
-1.89758
-1.89362
-1.89036
-1.88844
-1.94197
-1.94091
-1.93882
-1.93573
-1.93167
-1.9268
-1.92148
-1.91628
-1.912
-1.90952
-1.97243
-1.97119
-1.96877
-1.9652
-1.96055
-1.95504
-1.94906
-1.94325
-1.93848
-1.9357
-2.00462
-2.0033
-2.00074
-1.99698
-1.99214
-1.98645
-1.98034
-1.97446
-1.96966
-1.96681
-2.03865
-2.03734
-2.0348
-2.03109
-2.02636
-2.02086
-2.01502
-2.00947
-2.00497
-2.00221
-1.34147
-1.34348
-1.34746
-1.35331
-1.36087
-1.36982
-1.37962
-1.38944
-1.39805
-1.40281
-1.40041
-1.40273
-1.40731
-1.41408
-1.42285
-1.4333
-1.44483
-1.45652
-1.46724
-1.47363
-1.45566
-1.45812
-1.46294
-1.47001
-1.47913
-1.4899
-1.50173
-1.51357
-1.52494
-1.53178
-1.507
-1.50945
-1.51417
-1.52105
-1.52978
-1.53988
-1.55092
-1.56134
-1.57184
-1.57787
-1.55446
-1.5568
-1.56123
-1.56763
-1.57566
-1.5848
-1.59437
-1.60324
-1.61096
-1.61656
-1.59823
-1.6004
-1.60444
-1.61024
-1.61744
-1.62551
-1.63374
-1.64113
-1.64711
-1.65124
-1.63862
-1.64058
-1.64422
-1.64941
-1.65583
-1.66296
-1.67014
-1.67645
-1.6812
-1.68429
-1.67598
-1.67772
-1.68095
-1.68557
-1.69127
-1.69762
-1.70399
-1.70955
-1.71355
-1.71589
-1.71067
-1.71218
-1.71499
-1.71903
-1.72404
-1.72964
-1.73529
-1.74024
-1.74373
-1.74555
-1.74304
-1.7443
-1.74666
-1.75007
-1.75433
-1.75911
-1.76398
-1.76829
-1.77131
-1.77273
-1.7735
-1.77449
-1.77634
-1.77903
-1.7824
-1.7862
-1.79012
-1.79363
-1.7961
-1.79717
-1.8025
-1.80317
-1.80444
-1.8063
-1.80863
-1.81128
-1.81403
-1.81652
-1.81828
-1.81898
-1.83053
-1.83087
-1.83151
-1.83243
-1.83359
-1.8349
-1.83628
-1.83753
-1.83838
-1.83865
-1.85814
-1.85813
-1.85811
-1.85807
-1.858
-1.85789
-1.85778
-1.85765
-1.85745
-1.8572
-1.88585
-1.88553
-1.88488
-1.88392
-1.88267
-1.8812
-1.87963
-1.87814
-1.87688
-1.8761
-1.91419
-1.91358
-1.91238
-1.91063
-1.90838
-1.90574
-1.90294
-1.90027
-1.89812
-1.89685
-1.94358
-1.94275
-1.94113
-1.93877
-1.93576
-1.93226
-1.92855
-1.92505
-1.92224
-1.92064
-1.97435
-1.97337
-1.97148
-1.96873
-1.96524
-1.96122
-1.95699
-1.95301
-1.94984
-1.94805
-2.00672
-2.00567
-2.00364
-2.00072
-1.99703
-1.9928
-1.9884
-1.98428
-1.98102
-1.97916
-2.04081
-2.03975
-2.03771
-2.03479
-2.03112
-2.02696
-2.02265
-2.01867
-2.01552
-2.01371
-1.33867
-1.34034
-1.3436
-1.3483
-1.35422
-1.36101
-1.36814
-1.37493
-1.38047
-1.38354
-1.39715
-1.39908
-1.40284
-1.4083
-1.41522
-1.42321
-1.4317
-1.43988
-1.44675
-1.45072
-1.45216
-1.45422
-1.45822
-1.464
-1.47134
-1.47978
-1.48875
-1.49737
-1.50478
-1.50906
-1.50346
-1.50554
-1.50951
-1.5152
-1.52244
-1.53072
-1.53942
-1.54751
-1.55461
-1.55876
-1.55104
-1.55306
-1.55685
-1.56229
-1.56906
-1.57668
-1.58454
-1.59174
-1.59775
-1.60142
-1.59504
-1.59692
-1.60042
-1.60542
-1.61159
-1.61844
-1.62535
-1.63157
-1.63653
-1.63952
-1.6357
-1.63741
-1.64058
-1.64508
-1.6506
-1.65667
-1.66272
-1.66805
-1.67215
-1.67452
-1.67337
-1.67488
-1.67769
-1.68167
-1.68654
-1.69189
-1.69717
-1.70176
-1.70517
-1.70705
-1.70839
-1.70969
-1.71211
-1.71556
-1.71978
-1.7244
-1.72896
-1.73291
-1.73576
-1.73722
-1.74113
-1.74221
-1.74422
-1.7471
-1.75061
-1.75446
-1.75827
-1.76158
-1.76391
-1.76502
-1.77199
-1.77283
-1.7744
-1.77663
-1.77936
-1.78236
-1.78533
-1.78792
-1.78973
-1.79052
-1.80144
-1.80202
-1.80308
-1.80461
-1.80647
-1.80851
-1.81053
-1.81228
-1.81349
-1.81398
-1.82997
-1.83026
-1.83079
-1.83155
-1.83246
-1.83345
-1.83442
-1.83523
-1.83577
-1.83592
-1.85807
-1.85808
-1.85807
-1.85804
-1.85799
-1.85789
-1.85777
-1.85759
-1.85739
-1.85719
-1.88625
-1.88599
-1.88547
-1.88471
-1.88374
-1.88261
-1.88143
-1.88031
-1.87939
-1.87883
-1.915
-1.9145
-1.91353
-1.91214
-1.91038
-1.90836
-1.90627
-1.90433
-1.9028
-1.90191
-1.94471
-1.94403
-1.94271
-1.94082
-1.93845
-1.93576
-1.93298
-1.93042
-1.92842
-1.9273
-1.97571
-1.9749
-1.97334
-1.97112
-1.96835
-1.96522
-1.96202
-1.95907
-1.95679
-1.95553
-2.00821
-2.00733
-2.00565
-2.00326
-2.00029
-1.99696
-1.99357
-1.99047
-1.98808
-1.98676
-2.04234
-2.04145
-2.03974
-2.03732
-2.03434
-2.031
-2.02763
-2.02457
-2.02221
-2.02091
-1.33722
-1.33872
-1.34164
-1.34579
-1.35094
-1.35674
-1.3627
-1.3682
-1.37252
-1.37493
-1.39547
-1.3972
-1.40057
-1.4054
-1.41145
-1.4183
-1.42542
-1.43208
-1.43741
-1.44046
-1.45033
-1.4522
-1.45579
-1.46095
-1.46741
-1.47474
-1.48238
-1.48952
-1.49531
-1.49862
-1.50159
-1.50349
-1.50708
-1.51223
-1.51865
-1.5259
-1.53356
-1.54051
-1.54614
-1.54938
-1.54922
-1.55106
-1.55453
-1.55947
-1.56559
-1.57242
-1.5794
-1.58574
-1.59081
-1.59375
-1.59332
-1.59504
-1.59827
-1.60285
-1.60848
-1.61469
-1.62092
-1.6265
-1.63087
-1.63334
-1.63413
-1.6357
-1.63862
-1.64276
-1.64781
-1.65334
-1.65882
-1.66364
-1.66733
-1.66935
-1.67196
-1.67335
-1.67593
-1.67959
-1.68404
-1.68888
-1.69364
-1.69777
-1.70085
-1.70247
-1.70715
-1.70835
-1.71058
-1.71373
-1.71755
-1.72169
-1.72575
-1.72925
-1.73178
-1.73305
-1.74009
-1.74108
-1.74292
-1.74553
-1.74869
-1.7521
-1.75544
-1.7583
-1.76034
-1.76129
-1.77118
-1.77195
-1.77337
-1.77538
-1.77781
-1.78044
-1.783
-1.7852
-1.78673
-1.7874
-1.80088
-1.8014
-1.80237
-1.80373
-1.80538
-1.80715
-1.80887
-1.81032
-1.81132
-1.81171
-1.82966
-1.82993
-1.83042
-1.83109
-1.8319
-1.83276
-1.83358
-1.83424
-1.83467
-1.83477
-1.85803
-1.85804
-1.85804
-1.85803
-1.858
-1.85793
-1.85783
-1.85768
-1.85751
-1.85732
-1.88646
-1.88623
-1.88578
-1.88513
-1.8843
-1.88336
-1.88238
-1.88146
-1.88071
-1.88024
-1.91542
-1.91498
-1.91413
-1.91292
-1.91141
-1.9097
-1.90796
-1.90637
-1.90513
-1.90441
-1.9453
-1.94469
-1.94353
-1.94187
-1.93983
-1.93753
-1.93521
-1.93309
-1.93147
-1.93056
-1.97641
-1.97569
-1.97431
-1.97235
-1.96994
-1.96725
-1.96454
-1.96208
-1.96021
-1.95917
-2.00899
-2.0082
-2.0067
-2.00458
-2.00197
-1.99908
-1.99617
-1.99356
-1.99157
-1.99048
-2.04314
-2.04234
-2.0408
-2.03864
-2.03599
-2.03307
-2.03014
-2.02753
-2.02555
-2.02447
)
;

boundaryField
{
    lowerSideWalls
    {
        type            calculated;
        value           nonuniform List<scalar> 
800
(
386.518
336.701
286.134
234.854
182.926
130.453
77.5764
24.0341
-0.578514
-0.66265
-0.713174
-0.768097
-0.826682
-0.888052
-0.951414
-1.01607
-1.08138
-1.14669
-1.21128
-1.27443
386.898
337.073
286.487
235.174
183.196
130.653
77.69
24.0375
-0.576738
-0.661018
-0.711529
-0.766674
-0.825569
-0.887249
-0.950895
-1.01583
-1.08143
-1.14707
-1.21202
-1.27552
387.632
337.792
287.172
235.797
183.724
131.046
77.913
24.0448
-0.572506
-0.657306
-0.707908
-0.763594
-0.823186
-0.885531
-0.949767
-1.01526
-1.08145
-1.14774
-1.21342
-1.27763
388.667
338.808
288.142
236.685
184.48
131.613
78.2364
24.0568
-0.565079
-0.650684
-0.701625
-0.75837
-0.81921
-0.882681
-0.947862
-1.01421
-1.08128
-1.14857
-1.21532
-1.2806
389.92
340.041
289.327
237.777
185.416
132.321
78.6439
24.0742
-0.553297
-0.639954
-0.691742
-0.75039
-0.813281
-0.878487
-0.945039
-1.01255
-1.08079
-1.14937
-1.21754
-1.28423
391.282
341.386
290.627
238.986
186.464
133.12
79.1097
24.0978
-0.535859
-0.623735
-0.677253
-0.739081
-0.805132
-0.872841
-0.94124
-1.01022
-1.07987
-1.14999
-1.21985
-1.28824
392.619
342.711
291.917
240.197
187.525
133.941
79.5947
24.1278
-0.512043
-0.601121
-0.65768
-0.724377
-0.794911
-0.865944
-0.936634
-1.00732
-1.07852
-1.1503
-1.222
-1.29226
393.785
343.871
293.055
241.275
188.483
134.692
80.0456
24.1622
-0.483144
-0.573113
-0.634239
-0.707504
-0.78364
-0.858561
-0.931766
-1.00419
-1.0769
-1.15029
-1.22378
-1.29588
394.638
344.723
293.896
242.08
189.206
135.267
80.3969
24.1949
-0.45447
-0.544734
-0.611349
-0.691768
-0.773552
-0.852147
-0.92759
-1.00148
-1.07539
-1.15006
-1.22501
-1.29866
395.066
345.152
294.322
242.491
189.578
135.566
80.5826
24.215
-0.436344
-0.526347
-0.597077
-0.6824
-0.767762
-0.848543
-0.925255
-0.999946
-1.07451
-1.14988
-1.22567
-1.30021
386.388
336.576
286.018
234.751
182.843
130.392
77.5421
24.0321
-0.579767
-0.663524
-0.714046
-0.768948
-0.827516
-0.888889
-0.952289
-1.01703
-1.08246
-1.14794
-1.21274
-1.27609
386.763
336.942
286.366
235.067
183.109
130.59
77.6539
24.0355
-0.577933
-0.661822
-0.712331
-0.767451
-0.826326
-0.888011
-0.951707
-1.01674
-1.0825
-1.14834
-1.21353
-1.27726
387.486
337.651
287.04
235.681
183.628
130.976
77.8732
24.0429
-0.57359
-0.657975
-0.70857
-0.76422
-0.823785
-0.886144
-0.950456
-1.01609
-1.0825
-1.14907
-1.21504
-1.27953
388.505
338.65
287.995
236.554
184.371
131.533
78.1909
24.0548
-0.566019
-0.65117
-0.702095
-0.758785
-0.819586
-0.883082
-0.948378
-1.01493
-1.08231
-1.14996
-1.21709
-1.28272
389.738
339.864
289.161
237.628
185.291
132.228
78.5909
24.0722
-0.554111
-0.640266
-0.692017
-0.75057
-0.813397
-0.878632
-0.945338
-1.01314
-1.08178
-1.15082
-1.21947
-1.28659
391.077
341.186
290.438
238.814
186.319
133.012
79.0472
24.0955
-0.536663
-0.62398
-0.677409
-0.739059
-0.804988
-0.872711
-0.941294
-1.01063
-1.08078
-1.15147
-1.22193
-1.29085
392.391
342.487
291.704
240.001
187.359
133.815
79.5213
24.125
-0.513103
-0.60156
-0.657909
-0.724266
-0.79456
-0.865555
-0.936435
-1.00753
-1.0793
-1.15178
-1.2242
-1.29511
393.533
343.624
292.818
241.056
188.294
134.548
79.9605
24.1585
-0.484868
-0.57416
-0.634838
-0.707475
-0.783175
-0.857959
-0.931325
-1.00418
-1.07753
-1.15172
-1.22605
-1.29891
394.367
344.456
293.639
241.841
188.997
135.106
80.3008
24.19
-0.457191
-0.546742
-0.61255
-0.691957
-0.77306
-0.85139
-0.926936
-1.00124
-1.07584
-1.15138
-1.22728
-1.30178
394.782
344.872
294.051
242.237
189.356
135.393
80.4785
24.2092
-0.439785
-0.529055
-0.598673
-0.682699
-0.767221
-0.847655
-0.92442
-0.999502
-1.07476
-1.15104
-1.22783
-1.3033
386.518
336.701
286.134
234.854
182.926
130.453
77.5764
24.0341
-0.578514
-0.66265
-0.713174
-0.768097
-0.826682
-0.888052
-0.951414
-1.01607
-1.08138
-1.14669
-1.21128
-1.27443
386.905
337.08
286.493
235.18
183.201
130.657
77.6918
24.0374
-0.576908
-0.661193
-0.711688
-0.766812
-0.825685
-0.88734
-0.950963
-1.01587
-1.08146
-1.14708
-1.21203
-1.27553
387.653
337.813
287.191
235.814
183.738
131.057
77.9186
24.0445
-0.573023
-0.657837
-0.708384
-0.764009
-0.823531
-0.885803
-0.949966
-1.01539
-1.08153
-1.14778
-1.21344
-1.27764
388.71
338.849
288.181
236.72
184.508
131.634
78.2481
24.0561
-0.566107
-0.651736
-0.702566
-0.75919
-0.81989
-0.883212
-0.948246
-1.01446
-1.08142
-1.14863
-1.21534
-1.28062
389.992
340.111
289.393
237.836
185.466
132.357
78.6644
24.0731
-0.554928
-0.641622
-0.693234
-0.751694
-0.814364
-0.879328
-0.945636
-1.01293
-1.08099
-1.14945
-1.21756
-1.28425
391.391
341.493
290.728
239.077
186.54
133.177
79.142
24.0965
-0.537975
-0.625913
-0.679216
-0.740826
-0.806601
-0.873983
-0.942037
-1.0107
-1.0801
-1.15005
-1.21983
-1.28824
392.772
342.861
292.06
240.326
187.636
134.024
79.6427
24.1269
-0.514098
-0.603295
-0.65971
-0.7263
-0.796604
-0.867284
-0.937561
-1.00784
-1.07871
-1.15029
-1.22192
-1.29222
393.987
344.07
293.245
241.449
188.632
134.806
80.1129
24.1629
-0.483988
-0.574188
-0.635497
-0.709053
-0.785216
-0.859891
-0.932687
-1.00467
-1.07699
-1.15014
-1.22358
-1.29577
394.892
344.973
294.136
242.302
189.398
135.415
80.4862
24.1988
-0.452548
-0.543224
-0.610736
-0.692244
-0.774586
-0.853207
-0.928344
-1.0018
-1.07531
-1.14974
-1.22467
-1.29845
395.369
345.451
294.61
242.759
189.812
135.748
80.6938
24.2228
-0.430807
-0.521428
-0.594006
-0.681424
-0.768006
-0.849172
-0.925742
-1.00005
-1.07424
-1.14939
-1.22517
-1.29991
395.354
345.436
294.596
242.746
189.8
135.739
80.6878
24.2216
-0.431902
-0.522521
-0.594876
-0.682015
-0.768372
-0.849389
-0.925873
-1.00015
-1.07435
-1.14954
-1.22538
-1.30017
394.848
344.93
294.095
242.264
189.364
135.389
80.4696
24.1958
-0.455202
-0.545755
-0.61281
-0.693708
-0.775528
-0.853785
-0.928711
-1.00209
-1.07564
-1.1502
-1.22529
-1.29924
393.918
344.002
293.18
241.39
188.581
134.766
80.0882
24.1592
-0.487194
-0.57714
-0.637983
-0.710882
-0.786451
-0.860693
-0.933238
-1.00514
-1.07754
-1.15088
-1.22456
-1.29698
392.683
342.774
291.977
240.25
187.571
133.975
79.6128
24.1232
-0.517148
-0.606011
-0.662055
-0.728098
-0.797883
-0.868172
-0.938227
-1.00846
-1.07945
-1.15125
-1.22317
-1.29374
391.286
341.39
290.631
238.989
186.466
133.122
79.1091
24.0932
-0.540572
-0.628137
-0.681183
-0.7424
-0.807785
-0.874868
-0.942765
-1.01143
-1.08096
-1.15116
-1.22125
-1.28994
389.876
339.999
289.287
237.742
185.387
132.298
78.6301
24.0702
-0.557047
-0.643356
-0.694807
-0.753008
-0.815415
-0.880181
-0.946401
-1.01373
-1.08195
-1.15065
-1.21906
-1.28603
388.586
338.73
288.07
236.621
184.427
131.574
78.2134
24.0536
-0.567841
-0.653086
-0.703826
-0.760293
-0.820832
-0.88404
-0.949041
-1.01531
-1.08244
-1.14988
-1.21686
-1.2824
387.526
337.69
287.076
235.713
183.655
130.996
77.884
24.0422
-0.574497
-0.658929
-0.709434
-0.764972
-0.824407
-0.886625
-0.950794
-1.01629
-1.08258
-1.14904
-1.21494
-1.27938
386.776
336.955
286.378
235.078
183.118
130.596
77.6574
24.0353
-0.578229
-0.662135
-0.712615
-0.767698
-0.82653
-0.88817
-0.951821
-1.01681
-1.08253
-1.14834
-1.2135
-1.27722
386.388
336.576
286.018
234.751
182.843
130.392
77.5421
24.0321
-0.579767
-0.663524
-0.714046
-0.768948
-0.827516
-0.888889
-0.952289
-1.01703
-1.08246
-1.14794
-1.21274
-1.27609
)
;
    }
    upperSideWalls
    {
        type            calculated;
        value           nonuniform List<scalar> 
800
(
-1.33538
-1.39351
-1.44833
-1.49964
-1.5474
-1.59173
-1.63285
-1.67104
-1.70661
-1.73992
-1.77134
-1.80131
-1.83028
-1.85875
-1.88723
-1.91617
-1.94599
-1.97701
-2.00946
-2.04348
-1.33679
-1.39514
-1.4501
-1.50144
-1.54916
-1.59339
-1.63438
-1.67241
-1.70781
-1.74093
-1.77215
-1.80188
-1.8306
-1.85881
-1.88704
-1.91576
-1.94541
-1.9763
-2.00868
-2.04268
-1.33951
-1.39831
-1.4535
-1.50487
-1.55247
-1.59648
-1.6372
-1.67494
-1.71003
-1.74281
-1.77363
-1.80292
-1.83117
-1.85889
-1.88665
-1.91497
-1.94428
-1.97495
-2.0072
-2.04115
-1.34341
-1.40287
-1.45838
-1.50976
-1.55718
-1.60087
-1.64119
-1.67852
-1.71317
-1.74546
-1.77574
-1.80441
-1.83198
-1.85901
-1.8861
-1.91382
-1.94267
-1.97302
-2.00509
-2.03899
-1.34826
-1.40857
-1.46448
-1.51583
-1.56298
-1.60622
-1.64604
-1.68285
-1.71697
-1.74868
-1.77829
-1.80621
-1.83294
-1.85912
-1.88538
-1.91239
-1.94068
-1.97064
-2.0025
-2.03636
-1.35373
-1.41504
-1.47141
-1.52267
-1.56943
-1.61213
-1.65134
-1.68756
-1.72109
-1.75217
-1.78107
-1.80816
-1.83398
-1.8592
-1.88456
-1.91077
-1.93844
-1.96799
-1.99963
-2.03344
-1.35936
-1.42179
-1.47863
-1.52978
-1.57603
-1.61804
-1.65659
-1.69219
-1.72513
-1.75559
-1.78379
-1.81007
-1.83498
-1.85924
-1.88369
-1.90911
-1.93617
-1.9653
-1.99674
-2.03053
-1.3646
-1.42814
-1.48546
-1.53655
-1.58208
-1.62335
-1.66122
-1.69623
-1.72864
-1.75855
-1.78613
-1.81169
-1.83579
-1.85921
-1.88285
-1.90757
-1.93409
-1.96288
-1.99415
-2.02791
-1.36875
-1.43325
-1.49101
-1.54199
-1.58692
-1.62752
-1.66477
-1.69926
-1.73121
-1.76069
-1.78779
-1.8128
-1.83629
-1.85908
-1.88212
-1.90634
-1.93247
-1.96101
-1.99216
-2.02593
-1.37113
-1.4362
-1.49418
-1.54503
-1.58971
-1.62989
-1.66675
-1.70089
-1.73255
-1.76174
-1.78854
-1.81323
-1.83639
-1.85885
-1.88161
-1.90558
-1.93154
-1.95996
-1.99106
-2.02483
-1.33722
-1.39547
-1.45033
-1.50159
-1.54922
-1.59332
-1.63413
-1.67196
-1.70715
-1.74009
-1.77118
-1.80088
-1.82966
-1.85803
-1.88646
-1.91542
-1.9453
-1.97641
-2.00899
-2.04314
-1.33872
-1.3972
-1.4522
-1.50349
-1.55106
-1.59504
-1.6357
-1.67335
-1.70835
-1.74108
-1.77195
-1.8014
-1.82993
-1.85804
-1.88623
-1.91498
-1.94469
-1.97569
-2.0082
-2.04234
-1.34164
-1.40057
-1.45579
-1.50708
-1.55453
-1.59827
-1.63862
-1.67593
-1.71058
-1.74292
-1.77337
-1.80237
-1.83042
-1.85804
-1.88578
-1.91413
-1.94353
-1.97431
-2.0067
-2.0408
-1.34579
-1.4054
-1.46095
-1.51223
-1.55947
-1.60285
-1.64276
-1.67959
-1.71373
-1.74553
-1.77538
-1.80373
-1.83109
-1.85803
-1.88513
-1.91292
-1.94187
-1.97235
-2.00458
-2.03864
-1.35094
-1.41145
-1.46741
-1.51865
-1.56559
-1.60848
-1.64781
-1.68404
-1.71755
-1.74869
-1.77781
-1.80538
-1.8319
-1.858
-1.8843
-1.91141
-1.93983
-1.96994
-2.00197
-2.03599
-1.35674
-1.4183
-1.47474
-1.5259
-1.57242
-1.61469
-1.65334
-1.68888
-1.72169
-1.7521
-1.78044
-1.80715
-1.83276
-1.85793
-1.88336
-1.9097
-1.93753
-1.96725
-1.99908
-2.03307
-1.3627
-1.42542
-1.48238
-1.53356
-1.5794
-1.62092
-1.65882
-1.69364
-1.72575
-1.75544
-1.783
-1.80887
-1.83358
-1.85783
-1.88238
-1.90796
-1.93521
-1.96454
-1.99617
-2.03014
-1.3682
-1.43208
-1.48952
-1.54051
-1.58574
-1.6265
-1.66364
-1.69777
-1.72925
-1.7583
-1.7852
-1.81032
-1.83424
-1.85768
-1.88146
-1.90637
-1.93309
-1.96208
-1.99356
-2.02753
-1.37252
-1.43741
-1.49531
-1.54614
-1.59081
-1.63087
-1.66733
-1.70085
-1.73178
-1.76034
-1.78673
-1.81132
-1.83467
-1.85751
-1.88071
-1.90513
-1.93147
-1.96021
-1.99157
-2.02555
-1.37493
-1.44046
-1.49862
-1.54938
-1.59375
-1.63334
-1.66935
-1.70247
-1.73305
-1.76129
-1.7874
-1.81171
-1.83477
-1.85732
-1.88024
-1.90441
-1.93056
-1.95917
-1.99048
-2.02447
-1.33538
-1.39351
-1.44833
-1.49964
-1.5474
-1.59173
-1.63285
-1.67104
-1.70661
-1.73992
-1.77134
-1.80131
-1.83028
-1.85875
-1.88723
-1.91617
-1.94599
-1.97701
-2.00946
-2.04348
-1.3368
-1.39516
-1.45013
-1.50148
-1.54921
-1.59344
-1.63442
-1.67246
-1.70786
-1.74097
-1.77218
-1.8019
-1.83061
-1.85882
-1.88704
-1.91576
-1.9454
-1.97629
-2.00867
-2.04267
-1.33954
-1.39836
-1.45358
-1.50498
-1.55259
-1.59662
-1.63734
-1.67509
-1.71017
-1.74293
-1.77374
-1.803
-1.83122
-1.85892
-1.88665
-1.91495
-1.94425
-1.97491
-2.00717
-2.04113
-1.34346
-1.40296
-1.45854
-1.50998
-1.55742
-1.60113
-1.64148
-1.67881
-1.71344
-1.74571
-1.77594
-1.80457
-1.83209
-1.85906
-1.8861
-1.91379
-1.94262
-1.97296
-2.00503
-2.03895
-1.34833
-1.40872
-1.46474
-1.51621
-1.56339
-1.60667
-1.64652
-1.68333
-1.71743
-1.74909
-1.77864
-1.80649
-1.83314
-1.85922
-1.8854
-1.91235
-1.9406
-1.97054
-2.00241
-2.03627
-1.35382
-1.41527
-1.47178
-1.52322
-1.57005
-1.61279
-1.65205
-1.68828
-1.72179
-1.7528
-1.78161
-1.80859
-1.83428
-1.85937
-1.88461
-1.91072
-1.93833
-1.96784
-1.99949
-2.03332
-1.35947
-1.42208
-1.47911
-1.53045
-1.57684
-1.61896
-1.65758
-1.6932
-1.72612
-1.7565
-1.78456
-1.81068
-1.83542
-1.8595
-1.88378
-1.90905
-1.93601
-1.96511
-1.99655
-2.03035
-1.36469
-1.42848
-1.48604
-1.53723
-1.58311
-1.62457
-1.66254
-1.69758
-1.72995
-1.75976
-1.78717
-1.81253
-1.8364
-1.85958
-1.88299
-1.90752
-1.9339
-1.96263
-1.9939
-2.02769
-1.36882
-1.43365
-1.49176
-1.54309
-1.58825
-1.62904
-1.66643
-1.70097
-1.73288
-1.76223
-1.78913
-1.8139
-1.83711
-1.8596
-1.88235
-1.90631
-1.93227
-1.96072
-1.99187
-2.02566
-1.37114
-1.43659
-1.49498
-1.54623
-1.59118
-1.63162
-1.66867
-1.70291
-1.73453
-1.76358
-1.79016
-1.81458
-1.83743
-1.85954
-1.88193
-1.9056
-1.93134
-1.95965
-1.99075
-2.02455
-1.37145
-1.43692
-1.4953
-1.54652
-1.59147
-1.63191
-1.66891
-1.70308
-1.73461
-1.76357
-1.79008
-1.81446
-1.83728
-1.8594
-1.8818
-1.90549
-1.93125
-1.95959
-1.9907
-2.02452
-1.36971
-1.43457
-1.49265
-1.54384
-1.58905
-1.62978
-1.66703
-1.70139
-1.73308
-1.7622
-1.78891
-1.81355
-1.8367
-1.85919
-1.88197
-1.90599
-1.93202
-1.96053
-1.99173
-2.02557
-1.36606
-1.42991
-1.48747
-1.53865
-1.58438
-1.62568
-1.66343
-1.69819
-1.73022
-1.7597
-1.78684
-1.81201
-1.8358
-1.85897
-1.88242
-1.90704
-1.93352
-1.96234
-1.99368
-2.02754
-1.36117
-1.42386
-1.4809
-1.5322
-1.57841
-1.62032
-1.65866
-1.69393
-1.72645
-1.75644
-1.78419
-1.81009
-1.83471
-1.85877
-1.88309
-1.90846
-1.93553
-1.96473
-1.99627
-2.03016
-1.35572
-1.41726
-1.47378
-1.52515
-1.57179
-1.6143
-1.65324
-1.68909
-1.72217
-1.75278
-1.78124
-1.80797
-1.83353
-1.85857
-1.88385
-1.91005
-1.93777
-1.9674
-1.99916
-2.03309
-1.35031
-1.41081
-1.46684
-1.51824
-1.56523
-1.60826
-1.64777
-1.68418
-1.71785
-1.74911
-1.77831
-1.80589
-1.83238
-1.8584
-1.88461
-1.91163
-1.93999
-1.97005
-2.00203
-2.03601
-1.34544
-1.40506
-1.46065
-1.51203
-1.5593
-1.60275
-1.64275
-1.67968
-1.7139
-1.74577
-1.77566
-1.80402
-1.83136
-1.85825
-1.8853
-1.91305
-1.94197
-1.97243
-2.00462
-2.03865
-1.34147
-1.40041
-1.45566
-1.507
-1.55446
-1.59823
-1.63862
-1.67598
-1.71067
-1.74304
-1.7735
-1.8025
-1.83053
-1.85814
-1.88585
-1.91419
-1.94358
-1.97435
-2.00672
-2.04081
-1.33867
-1.39715
-1.45216
-1.50346
-1.55104
-1.59504
-1.6357
-1.67337
-1.70839
-1.74113
-1.77199
-1.80144
-1.82997
-1.85807
-1.88625
-1.915
-1.94471
-1.97571
-2.00821
-2.04234
-1.33722
-1.39547
-1.45033
-1.50159
-1.54922
-1.59332
-1.63413
-1.67196
-1.70715
-1.74009
-1.77118
-1.80088
-1.82966
-1.85803
-1.88646
-1.91542
-1.9453
-1.97641
-2.00899
-2.04314
)
;
    }
    lowerWall
    {
        type            calculated;
        value           nonuniform List<scalar> 
200
(
411.043
411.43
412.178
413.235
414.517
415.916
417.297
418.512
419.417
419.894
419.879
419.373
418.443
417.208
415.811
414.401
413.111
412.051
411.301
410.913
411.423
411.845
412.661
413.819
415.232
416.783
418.324
419.689
420.711
421.253
421.237
420.664
419.614
418.228
416.67
415.109
413.689
412.528
411.71
411.288
412.157
412.647
413.6
414.961
416.637
418.497
420.367
422.041
423.308
423.985
423.965
423.252
421.954
420.256
418.369
416.499
414.818
413.455
412.501
412.011
413.192
413.783
414.939
416.603
418.676
421.007
423.384
425.545
427.2
428.093
428.069
427.131
425.439
423.251
420.856
418.516
416.439
414.775
413.62
413.03
414.445
415.166
416.583
418.643
421.241
424.205
427.278
430.117
432.323
433.529
433.497
432.235
429.983
427.113
424.023
421.052
418.453
416.396
414.982
414.263
415.807
416.678
418.402
420.93
424.158
427.899
431.843
435.559
438.497
440.12
440.079
438.383
435.388
431.638
427.677
423.933
420.708
418.187
416.47
415.602
417.144
418.173
420.22
423.25
427.168
431.775
436.727
441.47
445.28
447.41
447.357
445.131
441.254
436.473
431.506
426.901
422.993
419.976
417.939
416.916
418.31
419.485
421.835
425.341
429.925
435.397
441.368
447.175
451.913
454.598
454.53
451.726
446.907
441.059
435.078
429.616
425.049
421.562
419.226
418.058
419.163
420.451
423.038
426.919
432.036
438.22
445.043
451.764
457.324
460.512
460.427
457.096
451.444
444.681
437.854
431.688
426.595
422.738
420.171
418.892
419.591
420.939
423.651
427.733
433.139
439.715
447.016
454.262
460.305
463.794
463.694
460.042
453.901
446.613
439.313
432.76
427.386
423.334
420.644
419.307
)
;
    }
    atmosphere
    {
        type            calculated;
        value           nonuniform List<scalar> 0();
    }
    procBoundary0to1
    {
        type            processor;
        value           nonuniform List<scalar> 
800
(
395.009
345.095
294.267
242.439
189.532
135.529
80.5593
24.2113
-0.43956
-0.529462
-0.599505
-0.684026
-0.768771
-0.849146
-0.92563
-1.00021
-1.07476
-1.15016
-1.22601
-1.30061
396.351
346.488
295.738
243.969
191.03
136.817
81.3904
24.2543
-0.408039
-0.494975
-0.579296
-0.677267
-0.767961
-0.849462
-0.925109
-0.99866
-1.07303
-1.14967
-1.22813
-1.30606
399.05
349.316
298.781
247.215
194.308
139.732
83.3454
24.3671
-0.315265
-0.40689
-0.537443
-0.668543
-0.769912
-0.851511
-0.923877
-0.994259
-1.06772
-1.14698
-1.23168
-1.31774
403.113
353.647
303.588
252.567
200.005
145.113
87.219
24.6229
-0.015406
-0.192594
-0.480473
-0.674203
-0.783203
-0.858125
-0.921095
-0.983634
-1.05403
-1.13771
-1.23487
-1.3378
408.491
359.524
310.412
260.632
209.276
154.671
94.8974
23.9367
0.175541
-0.0236249
-0.550745
-0.753236
-0.824012
-0.872025
-0.913214
-0.958556
-1.0202
-1.11067
-1.23346
-1.37272
415.031
366.891
319.463
272.17
224.005
171.724
111.617
18.5201
-0.2402
-0.734085
-1.07839
-0.984899
-0.908296
-0.89108
-0.890596
-0.90072
-0.938555
-1.04122
-1.22801
-1.45559
422.284
375.418
330.766
288.182
246.751
202.689
153.729
43.7605
-0.409755
-2.48447
-1.65693
-1.2314
-1.01574
-0.899298
-0.842778
-0.792007
-0.771095
-0.876384
-1.1851
-1.59849
429.476
384.278
343.523
308.355
280.111
258.645
243.5
198.435
20.7891
0.831122
-1.2525
-1.16008
-1.04908
-0.94708
-0.832668
-0.641911
-0.429023
-0.416538
-0.8783
-1.63147
435.463
392.03
355.668
329.793
320.84
336.381
404.269
568.551
146.213
17.8192
-0.2764
-1.23237
-0.923855
-0.674194
-0.649861
-0.556775
-0.439315
-0.466349
-0.638393
-0.732348
438.91
396.712
363.644
345.633
355.282
408.397
648.689
980.675
338.248
48.9145
5.87897
2.31504
2.71629
3.18175
3.19567
3.26691
3.27052
2.98352
2.40939
1.69996
438.803
396.557
363.342
344.893
353.362
403.302
627.475
996.831
335.145
45.1931
5.57696
2.36054
2.71446
3.17192
3.16048
3.23941
3.24015
2.88499
2.30148
1.67828
435.185
391.664
355.07
328.67
318.562
332.356
394.151
550.38
134.896
17.5678
-0.428297
-1.25603
-0.932145
-0.652618
-0.652289
-0.552792
-0.440074
-0.524225
-0.661312
-0.492915
429.097
383.809
342.832
307.211
278.062
254.705
236.856
180.626
18.6049
0.463568
-1.35291
-1.18508
-1.05388
-0.947224
-0.839867
-0.63498
-0.406626
-0.383675
-0.880174
-1.68876
421.866
374.927
330.11
287.231
245.3
200.489
150.171
38.7957
-0.406075
-2.45962
-1.70222
-1.23362
-1.02085
-0.896974
-0.833291
-0.778461
-0.754409
-0.863597
-1.19337
-1.6254
414.615
366.427
318.895
271.439
223.069
170.565
110.198
18.7624
-0.126181
-0.618979
-1.04826
-0.963422
-0.893684
-0.88125
-0.882039
-0.893245
-0.933534
-1.04103
-1.23616
-1.4701
408.102
359.11
309.939
260.085
208.648
154.004
94.3054
24.1527
0.231439
0.00365486
-0.532882
-0.740526
-0.816413
-0.866536
-0.908485
-0.954734
-1.01806
-1.11131
-1.23778
-1.38007
402.759
353.279
303.196
252.148
199.571
144.705
86.9143
24.6171
-0.0344761
-0.203451
-0.480287
-0.670442
-0.779301
-0.854586
-0.91803
-0.981372
-1.05302
-1.13847
-1.23773
-1.3425
398.727
348.988
298.447
246.881
193.989
139.458
83.1625
24.3555
-0.324488
-0.413221
-0.539268
-0.667407
-0.767782
-0.84926
-0.92192
-0.992935
-1.06736
-1.14789
-1.23402
-1.32137
396.05
346.188
295.442
243.686
190.775
136.611
81.2623
24.2477
-0.411833
-0.497978
-0.580658
-0.676957
-0.766789
-0.848043
-0.923847
-0.997874
-1.07301
-1.15065
-1.23022
-1.30917
394.719
344.81
293.99
242.18
189.305
135.352
80.4527
24.2061
-0.442388
-0.531548
-0.600621
-0.683991
-0.768003
-0.848106
-0.924674
-0.999651
-1.07486
-1.15115
-1.22797
-1.30349
-1.37154
-1.43659
-1.49452
-1.54529
-1.58989
-1.63002
-1.66679
-1.70082
-1.73237
-1.76147
-1.78823
-1.8129
-1.83607
-1.85858
-1.88138
-1.90541
-1.93141
-1.95986
-1.991
-2.0248
-1.37994
-1.44664
-1.5047
-1.55436
-1.59718
-1.63584
-1.67169
-1.70528
-1.73658
-1.76541
-1.79167
-1.81553
-1.83756
-1.85869
-1.88012
-1.90299
-1.92819
-1.95623
-1.98729
-2.02126
-1.39871
-1.46909
-1.52692
-1.57282
-1.61142
-1.64682
-1.68095
-1.71392
-1.74504
-1.77357
-1.79903
-1.82132
-1.84096
-1.85919
-1.87767
-1.89807
-1.92159
-1.9488
-1.97974
-2.0141
-1.43303
-1.51003
-1.56671
-1.60504
-1.63388
-1.66328
-1.69492
-1.72754
-1.75902
-1.78762
-1.81215
-1.83199
-1.84754
-1.86054
-1.87376
-1.88987
-1.91059
-1.93655
-1.9675
-2.00274
-1.49747
-1.58332
-1.62775
-1.64732
-1.66221
-1.68213
-1.71113
-1.74491
-1.77848
-1.80852
-1.83272
-1.84932
-1.8582
-1.86225
-1.86657
-1.87582
-1.89254
-1.91714
-1.94871
-1.98574
-1.64263
-1.73886
-1.75484
-1.73035
-1.70267
-1.70474
-1.73208
-1.77055
-1.80908
-1.84343
-1.8695
-1.88235
-1.87981
-1.86711
-1.85504
-1.85253
-1.8632
-1.88655
-1.92003
-1.96064
-1.90239
-1.99641
-1.93721
-1.8171
-1.73051
-1.71325
-1.74376
-1.79093
-1.83779
-1.88283
-1.91963
-1.9354
-1.91956
-1.88041
-1.84161
-1.82053
-1.82211
-1.84388
-1.88069
-1.92708
-2.17726
-2.34071
-2.20417
-1.93542
-1.73245
-1.70008
-1.7356
-1.7881
-1.84904
-1.907
-1.95469
-1.98157
-1.95803
-1.88937
-1.81903
-1.77672
-1.76876
-1.79031
-1.83256
-1.88656
-0.367802
0.230917
1.02744
0.215727
-1.72266
-1.98734
-1.85944
-1.74926
-1.80348
-1.86122
-1.94777
-2.05149
-2.02338
-1.91268
-1.80876
-1.74489
-1.72518
-1.74475
-1.79191
-1.85345
1.07727
1.02049
-0.0408571
-1.21424
-1.76752
-1.89861
-1.83163
-1.79107
-1.8329
-1.8829
-1.93558
-1.97662
-1.95222
-1.87383
-1.78994
-1.73179
-1.71341
-1.73307
-1.78071
-1.84405
1.08514
1.06467
0.0899361
-1.04833
-1.71392
-1.88941
-1.82945
-1.78731
-1.82765
-1.88148
-1.93184
-1.9703
-1.94931
-1.87054
-1.78739
-1.73043
-1.71364
-1.73391
-1.78132
-1.84629
-0.00224
0.254926
1.06518
1.29633
-1.51246
-1.94584
-1.85936
-1.77943
-1.83104
-1.87733
-1.90992
-1.98297
-1.99535
-1.90583
-1.80238
-1.73995
-1.72381
-1.74324
-1.78776
-1.84787
-2.22439
-2.33783
-2.20604
-1.95466
-1.7503
-1.71766
-1.74596
-1.79717
-1.84878
-1.88557
-1.91673
-1.94256
-1.9341
-1.87749
-1.80909
-1.76802
-1.76259
-1.7849
-1.82642
-1.88084
-1.9189
-1.99888
-1.95142
-1.8397
-1.75284
-1.72917
-1.75248
-1.79768
-1.83919
-1.8684
-1.89211
-1.90954
-1.90492
-1.87405
-1.83759
-1.81744
-1.81995
-1.84152
-1.87759
-1.92423
-1.65604
-1.74969
-1.76958
-1.74562
-1.7184
-1.71737
-1.73975
-1.77393
-1.80716
-1.83418
-1.85506
-1.86848
-1.87041
-1.86178
-1.85185
-1.85044
-1.86168
-1.88498
-1.9182
-1.95891
-1.50567
-1.59135
-1.63667
-1.65648
-1.67195
-1.69024
-1.7163
-1.74693
-1.77704
-1.80347
-1.82515
-1.84147
-1.85194
-1.85804
-1.86392
-1.87413
-1.89136
-1.91615
-1.94776
-1.98492
-1.43876
-1.51631
-1.57357
-1.61253
-1.6412
-1.6694
-1.69908
-1.72943
-1.75858
-1.78503
-1.80803
-1.82739
-1.84346
-1.85744
-1.8716
-1.88839
-1.90954
-1.93574
-1.96686
-2.00226
-1.40325
-1.47423
-1.53247
-1.57859
-1.61694
-1.6515
-1.68431
-1.71568
-1.74516
-1.77222
-1.79662
-1.81845
-1.83821
-1.85689
-1.87591
-1.89676
-1.9206
-1.94803
-1.97916
-2.01373
-1.38385
-1.45109
-1.50945
-1.55916
-1.60168
-1.63966
-1.67452
-1.7069
-1.73695
-1.76468
-1.79015
-1.81362
-1.83561
-1.85695
-1.87866
-1.90181
-1.92725
-1.9555
-1.98675
-2.02092
-1.37518
-1.44075
-1.49892
-1.54965
-1.59392
-1.63343
-1.66933
-1.70235
-1.73284
-1.76102
-1.7871
-1.81142
-1.83452
-1.85711
-1.88008
-1.9043
-1.93049
-1.95913
-1.99046
-2.02445
)
;
    }
    procBoundary0to2
    {
        type            processor;
        value           nonuniform List<scalar> 
200
(
-2.07912
-2.07833
-2.07684
-2.07473
-2.07216
-2.06934
-2.06653
-2.06403
-2.06213
-2.0611
-2.07832
-2.07746
-2.07581
-2.07347
-2.07061
-2.06742
-2.06421
-2.06131
-2.0591
-2.05788
-2.07681
-2.07579
-2.07384
-2.07105
-2.06758
-2.06366
-2.05964
-2.05594
-2.05306
-2.05143
-2.07469
-2.07344
-2.07103
-2.06754
-2.06313
-2.05804
-2.05271
-2.04769
-2.04369
-2.04135
-2.07209
-2.07054
-2.06752
-2.06309
-2.05737
-2.0506
-2.04328
-2.0362
-2.0304
-2.02656
-2.06924
-2.06732
-2.06356
-2.05795
-2.05053
-2.04149
-2.03136
-2.02109
-2.01243
-2.00522
-2.06638
-2.06406
-2.05948
-2.05254
-2.04311
-2.03125
-2.01729
-2.00236
-1.98891
-1.97781
-2.06383
-2.06111
-2.05571
-2.04742
-2.03589
-2.02077
-2.00215
-1.98019
-1.95949
-1.9455
-2.0619
-2.05885
-2.05277
-2.04334
-2.02992
-2.01177
-1.98823
-1.95826
-1.93063
-1.91805
-2.06085
-2.05762
-2.05113
-2.04102
-2.02633
-2.00522
-1.97789
-1.94557
-1.91743
-1.9084
-2.06083
-2.0576
-2.05111
-2.04102
-2.02635
-2.00541
-1.97844
-1.946
-1.92057
-1.9138
-2.06185
-2.0588
-2.05272
-2.04328
-2.02979
-2.0115
-1.98773
-1.95761
-1.93116
-1.92065
-2.06375
-2.06103
-2.05563
-2.04735
-2.03581
-2.02072
-2.00207
-1.97927
-1.95961
-1.94364
-2.06627
-2.06395
-2.05938
-2.05245
-2.04304
-2.03123
-2.01727
-2.00243
-1.98951
-1.97628
-2.0691
-2.06719
-2.06343
-2.05784
-2.05044
-2.04143
-2.03132
-2.02109
-2.01245
-2.00418
-2.07194
-2.07039
-2.06738
-2.06295
-2.05724
-2.05049
-2.04319
-2.03615
-2.03053
-2.02582
-2.07451
-2.07327
-2.07086
-2.06738
-2.06297
-2.0579
-2.05257
-2.04757
-2.04358
-2.04102
-2.07663
-2.07561
-2.07365
-2.07086
-2.06739
-2.06348
-2.05947
-2.05578
-2.0529
-2.05121
-2.07812
-2.07726
-2.07561
-2.07327
-2.0704
-2.06722
-2.06402
-2.06113
-2.05892
-2.05771
-2.07891
-2.07813
-2.07663
-2.07452
-2.07196
-2.06914
-2.06633
-2.06383
-2.06194
-2.06092
)
;
    }
}


// ************************************************************************* //
