/*--------------------------------*- C++ -*----------------------------------*\
| =========                 |                                                 |
| \\      /  F ield         | OpenFOAM: The Open Source CFD Toolbox           |
|  \\    /   O peration     | Version:  2312                                  |
|   \\  /    A nd           | Website:  www.openfoam.com                      |
|    \\/     M anipulation  |                                                 |
\*---------------------------------------------------------------------------*/
FoamFile
{
    version     2.0;
    format      ascii;
    arch        "LSB;label=32;scalar=64";
    class       volScalarField;
    location    "1.5";
    object      p;
}
// * * * * * * * * * * * * * * * * * * * * * * * * * * * * * * * * * * * * * //

dimensions      [1 -1 -2 0 0 0 0];

internalField   nonuniform List<scalar> 
8000
(
375.045
374.654
374.439
374.367
374.382
374.423
374.409
374.476
374.591
374.673
326.17
325.756
325.536
325.465
325.465
325.488
325.473
325.675
325.87
325.822
277.454
277.016
276.795
276.72
276.714
276.756
276.74
276.978
277.24
277.352
228.94
228.48
228.26
228.199
228.203
228.268
228.254
228.357
228.788
228.894
180.765
180.258
180.059
179.966
179.981
180.068
180.161
180.391
180.593
180.486
133.151
132.522
132.142
132.018
131.987
132.073
132.274
132.523
132.559
132.09
86.4234
85.6799
85.2359
84.9337
84.753
84.6966
84.6229
84.4148
83.9
83.0147
42.0668
41.0301
40.386
39.942
39.5974
39.2426
38.4383
37.0198
35.5044
34.5618
10.9826
9.96241
9.50146
9.16152
8.90789
8.58603
7.8654
6.69309
5.69978
5.1521
-0.394645
-0.414053
-0.415176
-0.408006
-0.3926
-0.376815
-0.361201
-0.344983
-0.339044
-0.320781
-0.473653
-0.470183
-0.469725
-0.468486
-0.463215
-0.453198
-0.440582
-0.431309
-0.428744
-0.41495
-0.51664
-0.513505
-0.510571
-0.507699
-0.502326
-0.494141
-0.487535
-0.48933
-0.490025
-0.477083
-0.564593
-0.560321
-0.556141
-0.551549
-0.545714
-0.539319
-0.536507
-0.540813
-0.539688
-0.53003
-0.614483
-0.608554
-0.603127
-0.59848
-0.595141
-0.5917
-0.589277
-0.588156
-0.583606
-0.578877
-0.664405
-0.660376
-0.65476
-0.649957
-0.646352
-0.643797
-0.642801
-0.639275
-0.634234
-0.630625
-0.712763
-0.709225
-0.704895
-0.700376
-0.697848
-0.698942
-0.698606
-0.695001
-0.69015
-0.687126
-0.761779
-0.757706
-0.754084
-0.750475
-0.747551
-0.74884
-0.750491
-0.749895
-0.74583
-0.74115
-0.812107
-0.807734
-0.804528
-0.801597
-0.79865
-0.798958
-0.800326
-0.800297
-0.799287
-0.794435
-0.863136
-0.858783
-0.855591
-0.85272
-0.850339
-0.850049
-0.850312
-0.85012
-0.84827
-0.846679
-0.918259
-0.912838
-0.90795
-0.903337
-0.901496
-0.900996
-0.900983
-0.900205
-0.898163
-0.895468
374.648
374.288
374.108
374.068
374.096
374.109
374.047
374.288
374.471
374.596
325.714
325.34
325.163
325.124
325.121
325.064
324.932
325.462
325.668
325.789
276.868
276.494
276.334
276.309
276.324
276.311
276.139
276.548
277.007
277.226
228.126
227.744
227.646
227.681
227.753
227.821
227.816
228.124
228.61
228.738
179.624
179.22
179.135
179.244
179.407
179.597
179.873
180.271
180.409
180.26
131.549
131.096
130.979
131.044
131.198
131.465
131.928
132.327
132.237
131.913
83.6935
83.1821
83.1126
83.1521
83.3474
83.694
84.097
84.2522
83.8287
83.1572
37.7926
37.1554
36.8034
36.8311
37.052
37.3893
37.4617
36.9482
36.0459
35.3996
6.85331
6.5134
6.44297
6.61658
6.85108
7.11511
7.15461
6.72967
6.14227
5.67705
-0.423403
-0.42859
-0.424129
-0.421116
-0.4116
-0.402009
-0.386904
-0.366026
-0.359589
-0.341068
-0.467697
-0.470631
-0.47496
-0.477944
-0.477109
-0.472261
-0.461188
-0.448822
-0.44756
-0.430627
-0.513162
-0.512813
-0.510607
-0.509419
-0.507774
-0.502917
-0.49635
-0.495815
-0.500421
-0.483949
-0.562469
-0.560086
-0.556255
-0.552114
-0.549991
-0.549248
-0.548005
-0.548763
-0.545875
-0.531535
-0.613406
-0.610879
-0.605789
-0.600284
-0.597739
-0.598574
-0.597545
-0.593715
-0.585993
-0.577965
-0.664544
-0.66161
-0.656216
-0.650211
-0.646822
-0.648491
-0.649011
-0.644924
-0.637364
-0.631218
-0.714676
-0.710779
-0.706207
-0.701229
-0.697342
-0.699494
-0.701128
-0.700194
-0.695348
-0.689683
-0.765272
-0.760257
-0.756518
-0.753058
-0.7489
-0.750285
-0.752472
-0.752719
-0.750349
-0.746189
-0.816932
-0.81122
-0.807509
-0.805047
-0.801201
-0.801909
-0.803636
-0.803727
-0.801271
-0.797506
-0.870486
-0.864125
-0.859539
-0.856609
-0.853141
-0.85346
-0.854554
-0.854173
-0.851527
-0.846763
-0.926545
-0.919441
-0.912847
-0.908341
-0.904716
-0.904666
-0.905025
-0.90461
-0.902267
-0.897171
373.921
373.619
373.505
373.538
373.622
373.696
373.811
374.248
374.312
374.467
324.899
324.598
324.496
324.531
324.577
324.524
324.71
325.353
325.388
325.65
275.91
275.61
275.533
275.597
275.682
275.818
275.916
276.457
276.772
277.081
226.924
226.648
226.644
226.799
227.002
227.275
227.557
228.075
228.433
228.617
177.959
177.722
177.794
178.07
178.431
178.842
179.377
180.02
180.205
180.236
129.193
128.985
129.11
129.478
129.922
130.45
131.197
131.824
131.909
131.964
80.2
79.965
80.1841
80.7238
81.4062
82.2255
83.1223
83.6838
83.6863
83.6761
32.4194
32.2611
32.3928
33.0231
33.9916
35.101
36.1143
36.7162
36.9247
37.0486
3.43034
3.34427
3.37426
3.86649
4.68375
5.55026
6.24693
6.66653
6.85643
6.82476
-0.419992
-0.428313
-0.430704
-0.429406
-0.411707
-0.395095
-0.395166
-0.384588
-0.371394
-0.347692
-0.459564
-0.464377
-0.468089
-0.470476
-0.468148
-0.465435
-0.467733
-0.461669
-0.457493
-0.441193
-0.506042
-0.508046
-0.508607
-0.508233
-0.508377
-0.50552
-0.506619
-0.506698
-0.505481
-0.491494
-0.555715
-0.555489
-0.553715
-0.550646
-0.552019
-0.557953
-0.559143
-0.558107
-0.549711
-0.537434
-0.609478
-0.606933
-0.602876
-0.596986
-0.595367
-0.601048
-0.60197
-0.599002
-0.591798
-0.583795
-0.662624
-0.659239
-0.65461
-0.647552
-0.641954
-0.646244
-0.64999
-0.648264
-0.642567
-0.635923
-0.715839
-0.711803
-0.708352
-0.702308
-0.69522
-0.698624
-0.703668
-0.704613
-0.700895
-0.693897
-0.768242
-0.76344
-0.761534
-0.757444
-0.749849
-0.752518
-0.755569
-0.756658
-0.754602
-0.750034
-0.818984
-0.814031
-0.81281
-0.811544
-0.805081
-0.806838
-0.808244
-0.807753
-0.80511
-0.800418
-0.870053
-0.865094
-0.86325
-0.86285
-0.858727
-0.859923
-0.860614
-0.859343
-0.856215
-0.850609
-0.924549
-0.917873
-0.915364
-0.913283
-0.910264
-0.911448
-0.911898
-0.910717
-0.907266
-0.901183
372.948
372.716
372.691
372.825
373.007
373.269
373.659
374.062
374.062
374.313
323.828
323.607
323.599
323.739
323.894
324.092
324.441
325
325.022
325.357
274.634
274.431
274.469
274.66
274.879
275.175
275.618
276.257
276.429
276.826
225.34
225.177
225.304
225.624
226.017
226.479
227.08
227.803
228.045
228.451
175.892
175.786
176.011
176.493
177.104
177.784
178.642
179.506
179.798
180.131
126.287
126.272
126.642
127.322
128.159
129.074
130.163
131.087
131.478
131.9
76.1909
76.3471
76.8908
77.7804
78.988
80.347
81.7243
82.7805
83.3858
84.0455
27.1394
27.5217
28.1515
29.1749
30.8656
32.7144
34.4181
35.9224
37.2671
38.5174
1.68933
1.72279
1.73758
2.12327
2.97356
4.11123
5.17022
6.14098
7.17413
8.17444
-0.409824
-0.41744
-0.424697
-0.428144
-0.423924
-0.405404
-0.412703
-0.409995
-0.399909
-0.376291
-0.453121
-0.45791
-0.461735
-0.462612
-0.460369
-0.460237
-0.472777
-0.472552
-0.46936
-0.4552
-0.501235
-0.504225
-0.506069
-0.506846
-0.508405
-0.513402
-0.524641
-0.517492
-0.512973
-0.500427
-0.55608
-0.553378
-0.551535
-0.550115
-0.553882
-0.564746
-0.573002
-0.5657
-0.557347
-0.54615
-0.607901
-0.604074
-0.600369
-0.595624
-0.595014
-0.605445
-0.608282
-0.605024
-0.598785
-0.592889
-0.660817
-0.657322
-0.653299
-0.646186
-0.638221
-0.643913
-0.648613
-0.648653
-0.646567
-0.642355
-0.714514
-0.711722
-0.709653
-0.702747
-0.692244
-0.696948
-0.701603
-0.703087
-0.701489
-0.697802
-0.769038
-0.7649
-0.765373
-0.759051
-0.751865
-0.755815
-0.75769
-0.758677
-0.756384
-0.751496
-0.821431
-0.815652
-0.817226
-0.815344
-0.809829
-0.813049
-0.812514
-0.809714
-0.806939
-0.802224
-0.872115
-0.866201
-0.866378
-0.868207
-0.865728
-0.867592
-0.866787
-0.863447
-0.858574
-0.853159
-0.923449
-0.919012
-0.915922
-0.916842
-0.91672
-0.918927
-0.919396
-0.916899
-0.909803
-0.903567
371.805
371.656
371.728
371.972
372.301
372.671
373.153
373.615
373.771
374.078
322.573
322.446
322.55
322.823
323.148
323.388
323.822
324.362
324.702
325.064
273.143
273.058
273.24
273.594
273.996
274.37
274.883
275.55
276.004
276.42
223.47
223.448
223.749
224.275
224.891
225.521
226.281
227.083
227.585
228.046
173.464
173.533
173.979
174.707
175.602
176.568
177.675
178.702
179.269
179.789
123.068
123.28
123.919
124.901
126.117
127.514
128.958
130.193
130.923
131.638
71.6546
72.2693
73.2831
74.5863
76.2986
78.236
80.1349
81.7443
82.9671
84.1612
22.0723
23.0027
24.1646
25.4603
27.4551
30.1363
32.5868
34.8526
37.1547
39.3304
0.594709
0.775178
0.940645
1.13917
1.72622
2.76324
4.01606
5.35257
7.05075
8.9944
-0.403209
-0.410762
-0.416984
-0.418879
-0.422264
-0.425403
-0.431659
-0.429187
-0.415094
-0.386396
-0.449982
-0.45414
-0.457284
-0.458607
-0.460193
-0.46679
-0.477016
-0.477907
-0.476311
-0.46709
-0.501878
-0.501713
-0.502931
-0.50548
-0.510772
-0.521745
-0.532181
-0.524515
-0.519725
-0.50957
-0.554409
-0.551278
-0.549668
-0.550473
-0.555845
-0.56774
-0.575159
-0.569752
-0.563432
-0.554621
-0.606433
-0.602422
-0.599441
-0.597092
-0.596816
-0.607134
-0.609138
-0.607795
-0.604503
-0.600213
-0.660241
-0.656126
-0.652908
-0.648716
-0.640683
-0.644214
-0.646284
-0.647074
-0.647222
-0.645883
-0.715023
-0.711231
-0.709367
-0.705249
-0.699395
-0.699784
-0.697494
-0.697386
-0.697496
-0.697553
-0.770798
-0.765039
-0.764004
-0.762288
-0.762098
-0.761113
-0.758246
-0.75675
-0.754611
-0.752369
-0.823155
-0.815778
-0.815233
-0.815187
-0.818001
-0.818329
-0.814005
-0.808543
-0.805394
-0.80272
-0.872123
-0.867069
-0.865302
-0.86651
-0.869456
-0.869686
-0.867882
-0.861566
-0.856502
-0.852679
-0.921683
-0.919145
-0.915281
-0.918703
-0.919882
-0.920206
-0.921387
-0.915633
-0.907936
-0.903416
370.587
370.529
370.707
371.065
371.537
372.043
372.556
373.085
373.44
373.718
321.238
321.216
321.446
321.855
322.364
322.882
323.317
323.88
324.411
324.772
271.559
271.602
271.942
272.482
273.102
273.705
274.295
274.985
275.642
276.066
221.472
221.611
222.117
222.876
223.743
224.615
225.519
226.404
227.133
227.654
170.866
171.141
171.865
172.901
174.102
175.365
176.686
177.895
178.745
179.436
119.665
120.158
121.168
122.543
124.156
125.925
127.768
129.345
130.438
131.329
66.5185
67.6458
69.3858
71.4045
73.6072
76.1127
78.5701
80.7873
82.6077
84.1968
17.5399
18.7845
20.4663
22.3037
24.4648
27.446
30.7118
33.7856
36.9083
39.7251
-0.1529
-0.00367433
0.27678
0.590345
0.969154
1.70129
2.91034
4.60807
6.9425
9.41678
-0.377525
-0.391976
-0.404702
-0.413563
-0.417256
-0.4258
-0.437134
-0.444527
-0.439197
-0.395354
-0.435976
-0.44268
-0.449487
-0.454925
-0.459053
-0.468062
-0.476333
-0.480395
-0.48147
-0.47549
-0.493104
-0.49447
-0.497543
-0.502111
-0.507142
-0.516048
-0.5258
-0.525798
-0.521962
-0.515085
-0.550328
-0.547284
-0.547988
-0.550455
-0.554465
-0.561418
-0.568099
-0.56758
-0.56387
-0.557517
-0.605691
-0.600826
-0.600479
-0.600601
-0.600106
-0.606585
-0.6084
-0.605554
-0.603097
-0.600613
-0.661686
-0.656433
-0.656747
-0.656617
-0.649887
-0.649144
-0.646401
-0.643999
-0.643199
-0.644385
-0.716021
-0.7105
-0.713192
-0.716987
-0.714411
-0.707092
-0.697247
-0.692523
-0.691039
-0.693455
-0.769676
-0.76214
-0.764356
-0.767932
-0.772585
-0.766296
-0.756938
-0.752611
-0.750427
-0.74798
-0.82016
-0.812573
-0.81211
-0.814554
-0.820174
-0.819457
-0.81176
-0.805173
-0.803432
-0.80145
-0.868476
-0.865243
-0.86234
-0.862428
-0.867032
-0.866144
-0.864912
-0.856951
-0.853803
-0.85368
-0.919966
-0.919855
-0.916282
-0.914025
-0.916691
-0.9147
-0.916188
-0.908698
-0.905287
-0.904645
369.398
369.43
369.71
370.176
370.762
371.402
372.024
372.607
373.05
373.317
319.934
320.013
320.364
320.906
321.556
322.251
322.914
323.551
324.088
324.418
270.016
270.18
270.67
271.381
272.197
273.031
273.836
274.619
275.298
275.727
219.518
219.804
220.511
221.507
222.618
223.745
224.851
225.876
226.712
227.288
168.319
168.783
169.79
171.175
172.706
174.27
175.823
177.222
178.269
179.129
116.154
116.935
118.391
120.292
122.362
124.531
126.71
128.614
130
131.009
60.9904
62.6443
65.2421
68.1601
71.1299
74.1275
77.1629
79.9756
82.3372
84.284
13.5039
14.8368
17.2345
19.622
22.2964
25.4734
29.0525
32.8418
36.7121
40.2035
-0.222644
-0.215718
-0.193564
0.11726
0.591413
1.14816
2.13697
3.97265
6.93401
10.3186
-0.337486
-0.349763
-0.37375
-0.401149
-0.414204
-0.424807
-0.438105
-0.444536
-0.430958
-0.396857
-0.412943
-0.421388
-0.434564
-0.447184
-0.455243
-0.464659
-0.475387
-0.482652
-0.485881
-0.481354
-0.480796
-0.482464
-0.48921
-0.496419
-0.503196
-0.512006
-0.520287
-0.523036
-0.523089
-0.519306
-0.545214
-0.542464
-0.54529
-0.549039
-0.553639
-0.56104
-0.566082
-0.564988
-0.564863
-0.560199
-0.604981
-0.601118
-0.603297
-0.604434
-0.604601
-0.607791
-0.611016
-0.607392
-0.602296
-0.601143
-0.662469
-0.659188
-0.664513
-0.665906
-0.661197
-0.655867
-0.64993
-0.644803
-0.642046
-0.644861
-0.71481
-0.710257
-0.718674
-0.726045
-0.725488
-0.712725
-0.700357
-0.691768
-0.691175
-0.694893
-0.764625
-0.75931
-0.766412
-0.774789
-0.777771
-0.768427
-0.75773
-0.749432
-0.749564
-0.75013
-0.812235
-0.807772
-0.813037
-0.818782
-0.82184
-0.817558
-0.81131
-0.803094
-0.804057
-0.804751
-0.863316
-0.861992
-0.863932
-0.864264
-0.864252
-0.861194
-0.860599
-0.854804
-0.854208
-0.854327
-0.919152
-0.919794
-0.919193
-0.916014
-0.913251
-0.907147
-0.908276
-0.904422
-0.903859
-0.90411
368.341
368.449
368.817
369.373
370.057
370.799
371.531
372.183
372.667
372.951
318.768
318.93
319.384
320.037
320.806
321.626
322.432
323.166
323.723
324.061
268.619
268.886
269.511
270.369
271.335
272.336
273.316
274.209
274.917
275.369
217.749
218.167
219.055
220.262
221.584
222.907
224.199
225.366
226.263
226.885
166.029
166.653
167.896
169.605
171.46
173.285
175.028
176.591
177.772
178.689
113.005
113.991
115.755
118.176
120.751
123.291
125.774
127.932
129.608
130.917
56.5791
58.3053
61.227
65.1232
68.8972
72.5082
75.9798
79.1907
82.058
84.3155
11.5807
12.5097
14.1861
17.5244
20.6732
24.1663
28.0433
32.3078
36.6792
40.056
-0.239714
-0.232254
-0.222771
-0.160512
0.304542
0.918235
1.76284
3.62662
7.1308
11.3298
-0.323164
-0.329019
-0.342909
-0.376523
-0.405372
-0.420117
-0.428929
-0.435334
-0.430786
-0.389431
-0.395781
-0.404041
-0.417173
-0.434547
-0.449956
-0.462269
-0.471155
-0.476553
-0.483496
-0.485611
-0.470031
-0.473322
-0.480069
-0.489047
-0.498944
-0.509978
-0.518426
-0.520723
-0.52375
-0.521015
-0.54082
-0.539671
-0.541788
-0.546135
-0.551613
-0.559102
-0.566171
-0.567956
-0.566978
-0.56171
-0.605504
-0.603443
-0.60364
-0.60519
-0.605566
-0.606916
-0.610051
-0.609728
-0.606102
-0.603317
-0.660667
-0.662211
-0.665805
-0.66825
-0.663456
-0.656998
-0.65227
-0.649049
-0.647651
-0.648156
-0.711492
-0.713669
-0.72154
-0.727517
-0.723972
-0.713785
-0.705058
-0.69719
-0.697079
-0.698543
-0.760117
-0.761832
-0.768996
-0.776123
-0.774824
-0.766336
-0.759384
-0.752414
-0.751887
-0.75228
-0.810532
-0.811657
-0.816867
-0.822184
-0.820016
-0.812556
-0.808693
-0.803773
-0.80294
-0.80323
-0.865397
-0.865025
-0.867256
-0.869749
-0.864566
-0.855578
-0.854723
-0.851414
-0.850755
-0.852402
-0.922329
-0.920506
-0.920312
-0.921122
-0.915066
-0.900487
-0.90103
-0.900438
-0.900508
-0.902945
367.496
367.654
368.083
368.717
369.485
370.309
371.116
371.828
372.361
372.666
317.812
318.045
318.578
319.322
320.187
321.102
322.001
322.799
323.403
323.771
267.472
267.834
268.559
269.524
270.607
271.733
272.839
273.82
274.571
275.062
216.319
216.859
217.878
219.216
220.683
222.165
223.622
224.91
225.843
226.546
164.201
164.969
166.383
168.282
170.352
172.388
174.32
176.041
177.317
178.358
110.642
111.771
113.728
116.415
119.355
122.204
124.938
127.364
129.266
130.794
53.8253
55.5755
58.4638
62.6893
67.0601
71.1669
75.0116
78.4797
81.745
84.5252
10.577
11.5388
12.9279
15.9158
19.4617
23.1815
27.3266
31.9555
36.6081
39.5824
-0.248984
-0.24456
-0.232176
-0.211807
0.0940386
0.747092
1.60564
3.37794
7.19774
12.1642
-0.31854
-0.323088
-0.330533
-0.352887
-0.390933
-0.407371
-0.414647
-0.422411
-0.424607
-0.352471
-0.390138
-0.395498
-0.405018
-0.421522
-0.441263
-0.453818
-0.460844
-0.467487
-0.476783
-0.48255
-0.467049
-0.468392
-0.473072
-0.481804
-0.493083
-0.503531
-0.511354
-0.516211
-0.5195
-0.522113
-0.541695
-0.537666
-0.53735
-0.541405
-0.547665
-0.554269
-0.560936
-0.563759
-0.563845
-0.56062
-0.604174
-0.602131
-0.599727
-0.601206
-0.60265
-0.605654
-0.606599
-0.606385
-0.60661
-0.60406
-0.662066
-0.662413
-0.660838
-0.661435
-0.659827
-0.656782
-0.653515
-0.64955
-0.650796
-0.651091
-0.716917
-0.718338
-0.715521
-0.717415
-0.715148
-0.709714
-0.70526
-0.699224
-0.700228
-0.702193
-0.769036
-0.768336
-0.767181
-0.768422
-0.76458
-0.75907
-0.755713
-0.749877
-0.750463
-0.753437
-0.820605
-0.81781
-0.818098
-0.819331
-0.813323
-0.804797
-0.802417
-0.798366
-0.79785
-0.802084
-0.873384
-0.869666
-0.871916
-0.87363
-0.86511
-0.8518
-0.849896
-0.848896
-0.847998
-0.850626
-0.926936
-0.92397
-0.924695
-0.926302
-0.917517
-0.90214
-0.897989
-0.90063
-0.899738
-0.901184
366.906
367.094
367.584
368.276
369.105
369.99
370.853
371.61
372.176
372.499
317.185
317.435
318.037
318.846
319.777
320.756
321.721
322.569
323.203
323.592
266.757
267.115
267.907
268.95
270.119
271.335
272.526
273.573
274.358
274.852
215.473
215.995
217.072
218.48
220.052
221.681
223.269
224.627
225.595
226.319
163.139
163.923
165.39
167.333
169.508
171.731
173.862
175.679
176.986
178.092
109.311
110.497
112.49
115.195
118.286
121.363
124.337
126.944
128.964
130.59
52.3271
54.1648
56.9332
61.0408
65.7701
70.1386
74.2806
77.9869
81.4455
84.2797
9.9527
11.0507
12.31
14.6528
18.6225
22.3669
26.6124
31.3897
36.2587
39.8821
-0.253419
-0.252011
-0.241148
-0.215075
-0.0701257
0.563962
1.39659
2.99399
6.79881
12.3496
-0.318501
-0.32143
-0.324815
-0.337975
-0.378118
-0.3968
-0.40345
-0.410914
-0.41771
-0.341227
-0.389634
-0.39117
-0.397516
-0.411081
-0.4321
-0.444424
-0.450432
-0.457113
-0.468659
-0.476065
-0.46634
-0.464389
-0.466873
-0.474782
-0.48633
-0.49437
-0.502178
-0.506954
-0.512125
-0.516834
-0.541327
-0.534487
-0.531951
-0.535553
-0.542989
-0.547275
-0.552275
-0.555258
-0.558215
-0.55639
-0.606243
-0.599913
-0.593213
-0.594975
-0.598482
-0.602563
-0.601674
-0.600353
-0.60393
-0.601648
-0.664442
-0.660874
-0.652429
-0.651772
-0.653349
-0.654351
-0.652001
-0.646537
-0.649753
-0.649632
-0.720107
-0.716521
-0.706729
-0.705896
-0.704913
-0.704093
-0.702621
-0.696599
-0.697712
-0.701759
-0.773631
-0.766991
-0.761404
-0.759517
-0.75494
-0.751119
-0.752106
-0.748048
-0.751752
-0.756129
-0.826439
-0.8184
-0.817676
-0.817095
-0.809552
-0.80102
-0.80182
-0.799435
-0.801506
-0.805311
-0.877849
-0.872355
-0.876073
-0.876574
-0.867064
-0.853593
-0.851326
-0.84718
-0.850931
-0.849794
-0.928859
-0.926259
-0.930721
-0.931239
-0.920437
-0.906305
-0.900287
-0.898
-0.900458
-0.898272
366.632
366.861
367.363
368.084
368.947
369.871
370.771
371.554
372.14
372.474
316.938
317.186
317.791
318.621
319.586
320.618
321.628
322.504
323.16
323.564
266.46
266.805
267.609
268.674
269.882
271.159
272.405
273.49
274.294
274.806
215.088
215.614
216.713
218.146
219.762
221.46
223.111
224.513
225.473
226.275
162.639
163.476
164.975
166.904
169.098
171.385
173.624
175.542
176.896
177.986
108.581
109.922
111.993
114.663
117.729
120.844
123.918
126.699
128.822
130.448
51.3189
53.4207
56.3044
60.4036
65.1274
69.4612
73.6831
77.6217
81.152
84.1094
9.40638
10.58
11.9381
14.2568
18.0696
21.6108
25.7419
30.5502
35.4457
38.9888
-0.255538
-0.253956
-0.246986
-0.226115
-0.145481
0.390081
1.16355
2.61564
6.10584
11.5336
-0.320195
-0.319989
-0.322325
-0.330324
-0.364297
-0.387683
-0.393443
-0.40082
-0.410433
-0.363952
-0.390826
-0.388834
-0.392544
-0.403627
-0.423629
-0.436658
-0.441256
-0.446438
-0.458922
-0.469987
-0.465872
-0.461069
-0.461046
-0.46862
-0.480408
-0.48894
-0.494473
-0.497807
-0.501758
-0.504317
-0.539718
-0.531163
-0.5262
-0.530375
-0.539237
-0.54494
-0.545336
-0.548054
-0.549243
-0.546948
-0.602486
-0.596332
-0.587853
-0.58856
-0.595804
-0.602605
-0.600345
-0.597538
-0.601964
-0.598435
-0.659931
-0.657134
-0.645855
-0.643999
-0.6506
-0.656282
-0.656312
-0.651233
-0.655522
-0.65394
-0.714118
-0.71118
-0.703137
-0.700294
-0.702311
-0.708396
-0.709394
-0.706774
-0.708712
-0.708918
-0.7691
-0.765969
-0.760395
-0.758999
-0.754824
-0.75671
-0.76123
-0.760593
-0.76053
-0.762046
-0.825183
-0.822565
-0.82117
-0.821717
-0.813047
-0.809483
-0.812792
-0.809839
-0.809087
-0.809407
-0.878728
-0.87841
-0.882918
-0.881458
-0.870995
-0.859271
-0.857688
-0.859831
-0.855973
-0.852684
-0.929544
-0.93085
-0.935228
-0.934549
-0.923152
-0.911424
-0.906082
-0.906065
-0.904107
-0.901075
366.784
366.976
367.463
368.175
369.039
369.97
370.878
371.672
372.269
372.605
317.039
317.302
317.884
318.708
319.68
320.721
321.739
322.628
323.295
323.696
266.546
266.935
267.699
268.748
269.967
271.251
272.499
273.598
274.416
274.941
215.168
215.757
216.803
218.202
219.819
221.514
223.162
224.584
225.578
226.361
162.724
163.63
165.074
166.953
169.134
171.407
173.624
175.574
176.975
178.016
108.524
110.029
112.115
114.723
117.745
120.813
123.807
126.58
128.725
130.239
50.9913
53.3989
56.4735
60.4816
65.0737
69.3234
73.4072
77.4144
80.8256
83.3823
8.9845
10.2439
11.8321
14.1168
17.6558
20.926
24.8739
29.7217
34.6513
38.6415
-0.259572
-0.254504
-0.247821
-0.230847
-0.180982
0.251575
0.968732
2.37848
5.42186
9.95985
-0.327809
-0.321567
-0.320597
-0.326752
-0.354826
-0.381976
-0.387228
-0.39298
-0.401669
-0.383364
-0.400529
-0.392768
-0.39032
-0.398536
-0.418158
-0.432925
-0.435723
-0.437513
-0.448935
-0.455636
-0.471838
-0.465577
-0.459607
-0.464008
-0.478077
-0.488324
-0.492892
-0.494041
-0.495028
-0.496719
-0.542126
-0.534935
-0.526346
-0.526561
-0.53903
-0.548051
-0.549627
-0.549201
-0.547951
-0.545393
-0.60367
-0.599358
-0.58899
-0.587237
-0.59862
-0.608082
-0.60984
-0.60777
-0.610034
-0.60288
-0.65786
-0.655199
-0.647382
-0.647307
-0.654519
-0.664556
-0.667278
-0.665382
-0.668875
-0.662838
-0.710613
-0.709699
-0.705169
-0.704817
-0.706941
-0.718455
-0.721712
-0.720438
-0.721642
-0.718707
-0.766703
-0.768742
-0.76788
-0.764401
-0.762087
-0.769322
-0.774191
-0.773635
-0.772852
-0.770141
-0.825398
-0.829923
-0.832724
-0.829453
-0.819707
-0.81611
-0.820898
-0.824582
-0.820249
-0.816966
-0.880531
-0.885717
-0.889623
-0.885829
-0.874654
-0.863711
-0.864394
-0.868752
-0.865079
-0.86271
-0.931152
-0.936956
-0.93965
-0.936639
-0.926213
-0.915956
-0.911985
-0.912985
-0.911007
-0.908851
367.233
367.402
367.858
368.539
369.376
370.289
371.186
371.97
372.561
372.896
317.562
317.78
318.319
319.099
320.04
321.057
322.061
322.943
323.606
323.995
267.196
267.51
268.208
269.195
270.365
271.611
272.833
273.92
274.747
275.249
215.99
216.464
217.411
218.726
220.272
221.905
223.506
224.925
225.973
226.663
163.762
164.518
165.809
167.57
169.643
171.815
173.967
175.905
177.332
178.317
109.82
111.194
113.089
115.517
118.367
121.246
124.097
126.841
128.936
130.338
52.3581
54.7785
57.8181
61.5411
65.8569
69.9635
73.7133
77.6231
80.9099
83.2685
9.3039
10.6379
12.371
14.5419
17.6724
20.47
24.1159
29.4077
34.3396
38.2493
-0.266354
-0.257819
-0.248036
-0.231751
-0.186196
0.172162
0.894185
2.37529
5.02443
8.52632
-0.342086
-0.329497
-0.322863
-0.327009
-0.352875
-0.380408
-0.386033
-0.387639
-0.389752
-0.378442
-0.420531
-0.405722
-0.395735
-0.399652
-0.418135
-0.4331
-0.435052
-0.435483
-0.445994
-0.449085
-0.493082
-0.481767
-0.468773
-0.467722
-0.481088
-0.491968
-0.497587
-0.497549
-0.497592
-0.497545
-0.556762
-0.549081
-0.535944
-0.536261
-0.544635
-0.554135
-0.558332
-0.558955
-0.557662
-0.553097
-0.611213
-0.604569
-0.595725
-0.602147
-0.606184
-0.614732
-0.619247
-0.620465
-0.623646
-0.614436
-0.660609
-0.656193
-0.652656
-0.661146
-0.662907
-0.669955
-0.675223
-0.680071
-0.683754
-0.673907
-0.712644
-0.713133
-0.711927
-0.716995
-0.717136
-0.722881
-0.72797
-0.733655
-0.733156
-0.726584
-0.771473
-0.77691
-0.777278
-0.774994
-0.770394
-0.771508
-0.775826
-0.780682
-0.776136
-0.773306
-0.831351
-0.83902
-0.838573
-0.833129
-0.823708
-0.815741
-0.822596
-0.82782
-0.821675
-0.820637
-0.885721
-0.893083
-0.893155
-0.887661
-0.875651
-0.863717
-0.867242
-0.873899
-0.870013
-0.86871
-0.938115
-0.943247
-0.943654
-0.938737
-0.928124
-0.916656
-0.915166
-0.919562
-0.916976
-0.915894
367.975
368.094
368.5
369.134
369.931
370.805
371.665
372.42
372.996
373.331
318.397
318.557
319.033
319.753
320.634
321.599
322.55
323.405
324.051
324.449
268.223
268.451
269.06
269.957
271.036
272.195
273.345
274.403
275.226
275.729
217.318
217.66
218.476
219.665
221.079
222.586
224.108
225.493
226.57
227.215
165.524
166.062
167.156
168.731
170.592
172.561
174.677
176.591
178.044
178.942
112.31
113.355
114.94
117.065
119.539
121.982
124.878
127.582
129.636
130.957
55.7252
57.7741
60.4531
63.732
67.5976
71.381
74.8013
78.5865
81.6777
83.7726
10.6724
11.9878
13.6422
15.5649
18.1307
20.5999
24.6968
30.1736
34.8936
38.2922
-0.265214
-0.257442
-0.245718
-0.231056
-0.161979
0.200512
1.08796
2.74604
5.16911
7.76428
-0.350857
-0.337594
-0.328711
-0.33306
-0.35862
-0.380193
-0.387767
-0.38735
-0.384274
-0.36737
-0.43316
-0.418232
-0.404758
-0.406703
-0.422256
-0.434188
-0.43745
-0.442513
-0.453725
-0.451794
-0.50701
-0.497176
-0.479757
-0.477034
-0.487567
-0.497388
-0.504898
-0.50676
-0.504675
-0.50315
-0.563225
-0.558374
-0.547658
-0.547054
-0.552088
-0.559513
-0.566731
-0.569877
-0.569251
-0.560993
-0.613198
-0.607081
-0.607145
-0.612873
-0.613247
-0.618351
-0.626461
-0.631757
-0.629661
-0.61935
-0.660809
-0.657995
-0.661885
-0.671958
-0.670124
-0.671247
-0.681234
-0.685566
-0.68288
-0.675073
-0.716281
-0.717043
-0.720423
-0.72411
-0.722231
-0.722448
-0.727835
-0.730782
-0.728129
-0.725625
-0.779045
-0.783744
-0.783364
-0.776959
-0.77036
-0.769193
-0.772704
-0.773205
-0.768584
-0.770365
-0.840612
-0.846459
-0.84393
-0.834324
-0.820951
-0.809931
-0.818841
-0.820897
-0.814207
-0.817225
-0.894928
-0.900762
-0.898133
-0.889488
-0.873695
-0.85843
-0.86631
-0.86958
-0.866308
-0.867047
-0.946889
-0.949509
-0.947367
-0.940834
-0.927694
-0.914641
-0.91567
-0.919193
-0.916098
-0.91636
368.941
368.999
369.337
369.912
370.643
371.455
372.265
372.961
373.512
373.861
319.472
319.563
319.958
320.591
321.39
322.255
323.134
323.893
324.545
324.992
269.525
269.668
270.168
270.931
271.884
272.885
273.924
274.939
275.797
276.334
219.02
219.231
219.898
220.932
222.143
223.497
224.928
226.259
227.319
227.978
167.79
168.117
168.992
170.327
171.916
173.793
175.793
177.649
179.068
179.905
115.642
116.277
117.449
119.153
121.059
123.556
126.318
128.921
130.905
132.13
60.9464
62.2557
64.3191
67.0107
70.0246
72.9201
76.6147
80.3391
83.2948
85.2387
13.2386
14.2781
15.6556
17.5158
19.1465
21.7614
26.5581
32.0182
36.5871
39.8506
-0.254516
-0.245228
-0.222449
-0.205967
-0.054731
0.44875
1.59
3.4814
5.89065
8.41947
-0.353745
-0.344759
-0.339059
-0.34819
-0.370511
-0.384045
-0.388821
-0.384171
-0.385652
-0.355064
-0.42817
-0.42075
-0.4139
-0.417606
-0.429142
-0.435383
-0.443714
-0.454583
-0.46556
-0.458985
-0.504281
-0.498013
-0.488002
-0.486719
-0.494617
-0.502762
-0.514893
-0.516909
-0.51501
-0.512137
-0.56733
-0.563675
-0.557663
-0.555633
-0.56035
-0.565629
-0.577301
-0.57853
-0.573029
-0.565894
-0.616879
-0.615675
-0.619116
-0.620882
-0.618814
-0.621287
-0.631037
-0.631211
-0.625193
-0.619724
-0.663545
-0.665034
-0.671085
-0.675998
-0.672519
-0.672919
-0.678278
-0.677854
-0.673889
-0.671395
-0.72096
-0.723768
-0.726041
-0.723943
-0.719331
-0.720008
-0.723613
-0.723211
-0.720331
-0.719632
-0.7873
-0.792983
-0.788422
-0.776607
-0.764072
-0.761754
-0.767821
-0.768859
-0.766986
-0.770456
-0.850493
-0.858798
-0.851908
-0.835533
-0.817363
-0.804863
-0.815687
-0.819202
-0.817359
-0.82244
-0.904041
-0.912683
-0.906373
-0.892107
-0.871828
-0.856475
-0.865834
-0.869691
-0.867466
-0.871339
-0.954597
-0.958262
-0.953401
-0.942449
-0.926014
-0.915257
-0.91836
-0.920337
-0.917506
-0.917954
370.029
370.023
370.295
370.796
371.449
372.208
372.963
373.534
374.001
374.403
320.682
320.7
321.007
321.552
322.225
322.978
323.81
324.529
325.062
325.581
271.002
271.052
271.432
272.073
272.833
273.665
274.684
275.674
276.454
277.104
220.947
221.035
221.543
222.379
223.41
224.636
226.034
227.312
228.224
228.932
170.361
170.507
171.137
172.251
173.639
175.36
177.333
179.121
180.371
181.155
119.23
119.48
120.111
121.554
123.338
125.683
128.384
130.868
132.742
133.877
66.925
67.5584
69.0295
70.3451
72.5213
75.5957
79.2805
82.852
85.7306
87.5814
17.2602
17.8801
18.7985
19.9054
21.3844
24.8203
29.7591
34.9228
39.471
42.7536
-0.16742
-0.163238
-0.107949
0.0570932
0.339225
1.10925
2.59201
4.7266
7.45168
10.3489
-0.371949
-0.37095
-0.371923
-0.372819
-0.381861
-0.38872
-0.387197
-0.386543
-0.37832
-0.313599
-0.435051
-0.431043
-0.428979
-0.432282
-0.438317
-0.444121
-0.454827
-0.466445
-0.479233
-0.475053
-0.504964
-0.500727
-0.49637
-0.49767
-0.505787
-0.516982
-0.523301
-0.525177
-0.526659
-0.523487
-0.570114
-0.567733
-0.564898
-0.563773
-0.567139
-0.57755
-0.580385
-0.578636
-0.573689
-0.56899
-0.625082
-0.625954
-0.627881
-0.627232
-0.624036
-0.625214
-0.628454
-0.626661
-0.620166
-0.616014
-0.672804
-0.675386
-0.678747
-0.678399
-0.671949
-0.670945
-0.675465
-0.675709
-0.673524
-0.673236
-0.728781
-0.733725
-0.731239
-0.723257
-0.71274
-0.712737
-0.72055
-0.724334
-0.723893
-0.722749
-0.795662
-0.802053
-0.793347
-0.774789
-0.75796
-0.753205
-0.764723
-0.770269
-0.772419
-0.772012
-0.860651
-0.872009
-0.858331
-0.83571
-0.816178
-0.804189
-0.813794
-0.818688
-0.822922
-0.824216
-0.914053
-0.924526
-0.913467
-0.892985
-0.872238
-0.860111
-0.867915
-0.869853
-0.873309
-0.875372
-0.960754
-0.96504
-0.956845
-0.941625
-0.924815
-0.92083
-0.923863
-0.92205
-0.920847
-0.921602
371.119
371.054
371.259
371.686
372.253
372.921
373.624
374.217
374.605
374.901
321.899
321.848
322.078
322.529
323.061
323.725
324.514
325.397
325.747
326.228
272.496
272.457
272.736
273.253
273.878
274.688
275.708
276.662
277.225
277.902
222.901
222.88
223.245
223.922
224.807
225.941
227.3
228.514
229.195
229.805
172.984
173.021
173.468
174.346
175.552
177.132
179.072
180.762
181.795
182.41
122.919
122.858
123.343
124.431
126.052
128.217
130.767
133.11
134.866
135.887
72.4346
72.3379
72.8946
74.0879
76.1142
79.0231
82.4458
85.7908
88.5823
90.3397
22.8395
22.8375
23.211
23.8883
25.8896
29.4272
33.8488
38.5789
43.0662
46.2603
0.650512
0.598208
0.613228
0.778011
1.31791
2.44771
4.20939
6.61669
9.87516
13.3074
-0.389324
-0.386849
-0.387741
-0.391552
-0.394316
-0.389266
-0.388135
-0.381282
-0.339171
-0.179156
-0.447618
-0.444147
-0.443136
-0.445456
-0.452087
-0.458944
-0.46646
-0.475148
-0.491763
-0.499548
-0.51112
-0.507547
-0.506258
-0.510703
-0.521312
-0.527845
-0.529052
-0.532515
-0.537007
-0.534726
-0.575559
-0.57418
-0.572185
-0.571842
-0.575319
-0.580914
-0.580441
-0.578694
-0.576748
-0.574867
-0.632456
-0.634784
-0.635997
-0.632353
-0.627002
-0.626347
-0.627375
-0.621129
-0.617957
-0.619885
-0.680596
-0.684391
-0.685406
-0.679524
-0.669844
-0.669975
-0.676367
-0.674285
-0.672576
-0.670774
-0.733244
-0.739294
-0.735897
-0.7226
-0.709845
-0.70962
-0.721618
-0.727392
-0.729642
-0.724722
-0.798134
-0.804761
-0.793278
-0.771733
-0.755981
-0.751528
-0.762371
-0.771573
-0.77558
-0.765668
-0.868177
-0.876987
-0.857197
-0.831835
-0.815595
-0.805814
-0.811627
-0.817067
-0.827009
-0.819416
-0.925031
-0.932278
-0.912836
-0.889089
-0.873822
-0.867174
-0.869926
-0.869339
-0.880153
-0.87713
-0.96481
-0.968161
-0.955426
-0.937213
-0.924536
-0.929198
-0.929691
-0.925242
-0.927353
-0.925474
372.09
371.977
372.123
372.484
372.979
373.512
374.069
374.72
375.191
375.376
322.985
322.877
323.044
323.426
323.899
324.38
324.903
325.762
326.486
326.909
273.836
273.728
273.928
274.369
274.933
275.623
276.332
277.26
278.043
278.78
224.646
224.538
224.811
225.388
226.169
227.158
228.305
229.455
230.185
230.763
175.39
175.287
175.624
176.372
177.445
178.832
180.558
182.214
183.221
183.698
126.258
126.067
126.433
127.37
128.789
130.666
132.925
135.191
136.914
137.846
77.0688
76.7515
77.1108
78.178
80.0179
82.5389
85.5109
88.6587
91.3429
92.9424
29.4669
28.9048
28.9157
29.7238
31.6502
34.6062
38.2798
42.5265
46.6114
49.1689
2.5477
2.32489
2.28131
2.54464
3.3089
4.651
6.53065
9.12237
12.6019
15.4829
-0.392332
-0.396534
-0.402138
-0.405443
-0.40465
-0.396684
-0.380278
-0.343113
-0.224493
0.0768159
-0.455462
-0.453407
-0.454794
-0.46131
-0.467739
-0.471521
-0.475016
-0.482193
-0.501397
-0.507094
-0.517309
-0.514579
-0.515394
-0.523334
-0.531188
-0.533879
-0.534755
-0.537745
-0.542206
-0.540887
-0.578711
-0.578615
-0.576871
-0.577588
-0.583021
-0.585282
-0.583251
-0.579846
-0.580263
-0.5825
-0.632519
-0.63634
-0.638053
-0.633963
-0.629195
-0.629252
-0.626144
-0.616334
-0.617884
-0.623827
-0.680664
-0.685129
-0.6858
-0.678763
-0.670354
-0.671414
-0.6725
-0.664397
-0.664258
-0.667642
-0.73196
-0.736433
-0.733871
-0.721936
-0.711293
-0.712804
-0.722054
-0.725399
-0.725922
-0.713948
-0.793819
-0.795512
-0.783897
-0.767606
-0.758854
-0.758264
-0.765
-0.773097
-0.774568
-0.757156
-0.867132
-0.865784
-0.842476
-0.821916
-0.813729
-0.811172
-0.814372
-0.817517
-0.828468
-0.812437
-0.932088
-0.927348
-0.900326
-0.879211
-0.873118
-0.871369
-0.87147
-0.8693
-0.885388
-0.876225
-0.968599
-0.965542
-0.946931
-0.929608
-0.924225
-0.931431
-0.929181
-0.926313
-0.931718
-0.928157
372.834
372.683
372.787
373.108
373.573
374.079
374.528
375.037
375.613
375.771
323.824
323.673
323.793
324.137
324.6
325.09
325.498
326.078
326.945
327.346
274.885
274.72
274.863
275.262
275.817
276.436
276.974
277.579
278.704
279.301
226.017
225.832
226.038
226.554
227.295
228.194
229.038
230.03
231.113
231.796
177.316
177.126
177.36
178.002
178.974
180.24
181.621
183.145
184.412
185.029
128.965
128.674
128.922
129.675
130.89
132.553
134.553
136.683
138.453
139.36
80.9006
80.3819
80.6089
81.5624
83.1412
85.3268
87.9457
90.8542
93.2801
94.6398
35.4296
34.585
34.3909
35.0602
36.7346
39.2527
42.4577
46.1332
49.1387
50.7311
6.11597
5.61125
5.42574
5.69352
6.49575
7.83518
9.7856
12.3312
14.7735
16.0837
-0.396292
-0.401911
-0.408974
-0.414199
-0.407904
-0.3863
-0.336314
-0.222194
0.038599
0.306389
-0.463874
-0.464645
-0.466118
-0.469411
-0.472403
-0.475999
-0.482082
-0.491186
-0.496459
-0.489429
-0.520622
-0.521286
-0.525681
-0.530573
-0.533909
-0.536148
-0.537451
-0.537918
-0.539696
-0.540067
-0.579311
-0.578843
-0.581433
-0.584423
-0.586636
-0.587066
-0.584205
-0.579812
-0.58141
-0.584407
-0.631934
-0.633768
-0.634309
-0.632112
-0.629129
-0.627603
-0.623932
-0.617237
-0.619689
-0.623223
-0.680736
-0.684269
-0.683381
-0.675238
-0.667848
-0.66488
-0.663295
-0.658761
-0.662771
-0.662725
-0.730498
-0.731671
-0.727729
-0.720143
-0.712977
-0.711103
-0.713858
-0.716408
-0.718866
-0.705145
-0.786685
-0.779888
-0.769799
-0.762051
-0.762909
-0.768999
-0.768265
-0.772852
-0.770162
-0.748364
-0.8567
-0.841178
-0.818185
-0.80538
-0.809013
-0.814636
-0.817645
-0.818641
-0.823251
-0.805019
-0.923869
-0.902216
-0.87897
-0.865858
-0.865236
-0.866576
-0.866299
-0.866522
-0.880927
-0.8727
-0.962626
-0.949873
-0.93187
-0.921043
-0.919274
-0.92417
-0.919491
-0.918242
-0.92593
-0.926347
373.246
373.074
373.156
373.462
373.926
374.463
374.976
375.337
375.845
376.016
324.304
324.121
324.214
324.547
325.038
325.603
326.179
326.601
327.285
327.481
275.478
275.279
275.391
275.774
276.335
277.015
277.704
278.266
279.183
279.694
226.818
226.572
226.728
227.203
227.916
228.815
229.721
230.534
231.657
232.325
178.497
178.193
178.357
178.921
179.832
181.028
182.298
183.596
184.981
185.71
130.642
130.229
130.334
130.976
132.129
133.709
135.542
137.495
139.293
140.138
83.5288
82.8485
82.8051
83.5816
85.108
87.2407
89.7548
92.3734
94.4697
95.417
39.3205
38.3968
37.9529
38.7315
40.5203
43.0223
46.1562
49.1705
50.8917
51.3075
10.508
9.64793
9.17326
9.22965
9.93821
11.4733
13.9322
16.1535
16.6481
16.0813
-0.356292
-0.391181
-0.398707
-0.394714
-0.37057
-0.287809
-0.0709126
0.285815
0.461624
0.448362
-0.481675
-0.474519
-0.471522
-0.470412
-0.470264
-0.477107
-0.488634
-0.490842
-0.482569
-0.464814
-0.528842
-0.526903
-0.529766
-0.530876
-0.529297
-0.528631
-0.528535
-0.528491
-0.529469
-0.529057
-0.579873
-0.579678
-0.583111
-0.585008
-0.583755
-0.581834
-0.579926
-0.577966
-0.577777
-0.576489
-0.629404
-0.630631
-0.632784
-0.632182
-0.62898
-0.625288
-0.621359
-0.618661
-0.62015
-0.619799
-0.678501
-0.678729
-0.678239
-0.674256
-0.669573
-0.66524
-0.661247
-0.659294
-0.661587
-0.66063
-0.728748
-0.726237
-0.720094
-0.714152
-0.711101
-0.709485
-0.704857
-0.707668
-0.709663
-0.702537
-0.782539
-0.772984
-0.761426
-0.755138
-0.755931
-0.759432
-0.758556
-0.762495
-0.759339
-0.747834
-0.844777
-0.826971
-0.808681
-0.799712
-0.801887
-0.806785
-0.811364
-0.814817
-0.814873
-0.80466
-0.905981
-0.882929
-0.86452
-0.855498
-0.854453
-0.858462
-0.859609
-0.86326
-0.871719
-0.870237
-0.94676
-0.935435
-0.922717
-0.915982
-0.915178
-0.91633
-0.912941
-0.912732
-0.918959
-0.923365
-0.974527
-0.967781
-0.961473
-0.955944
-0.951871
-0.950595
-0.950127
-0.951837
-0.950091
-0.947204
-1.03078
-1.02402
-1.01628
-1.00857
-1.00329
-1.00102
-1.00127
-1.00459
-1.00445
-0.999213
-1.0878
-1.08195
-1.0717
-1.06275
-1.05605
-1.05279
-1.05435
-1.05833
-1.05708
-1.05155
-1.14092
-1.13849
-1.1293
-1.11795
-1.10992
-1.10622
-1.10898
-1.1109
-1.10935
-1.10498
-1.19295
-1.19297
-1.18506
-1.17354
-1.16406
-1.1597
-1.16236
-1.16342
-1.16228
-1.159
-1.2442
-1.24573
-1.23793
-1.22635
-1.21753
-1.21333
-1.21503
-1.21609
-1.21474
-1.21284
-1.29432
-1.29667
-1.28989
-1.27915
-1.27015
-1.26633
-1.26736
-1.26876
-1.26808
-1.2651
-1.34349
-1.34617
-1.34131
-1.33135
-1.32307
-1.31901
-1.31948
-1.32131
-1.32052
-1.31703
-1.39259
-1.39494
-1.39165
-1.38353
-1.37451
-1.37056
-1.37096
-1.37297
-1.37202
-1.36842
-1.44238
-1.44442
-1.44264
-1.43494
-1.42633
-1.42201
-1.4227
-1.42459
-1.42308
-1.41942
-1.4922
-1.49394
-1.4927
-1.48642
-1.47824
-1.47409
-1.475
-1.47656
-1.47428
-1.47028
-1.54061
-1.54177
-1.54085
-1.53598
-1.52884
-1.52624
-1.52743
-1.52808
-1.52479
-1.52143
-1.58798
-1.58855
-1.5877
-1.58367
-1.57844
-1.57848
-1.57958
-1.57887
-1.57458
-1.57234
-1.6346
-1.6346
-1.63391
-1.63079
-1.62837
-1.63038
-1.631
-1.62891
-1.62585
-1.62482
-1.68142
-1.68101
-1.68
-1.67836
-1.67889
-1.68076
-1.68081
-1.6789
-1.67808
-1.67841
-1.72995
-1.72908
-1.72772
-1.7272
-1.72894
-1.73034
-1.72876
-1.73002
-1.73154
-1.73057
-1.77949
-1.7783
-1.77756
-1.77798
-1.77855
-1.77939
-1.77968
-1.78059
-1.78152
-1.78081
-1.83029
-1.82908
-1.82875
-1.82992
-1.83068
-1.82997
-1.82992
-1.83034
-1.83049
-1.8302
-1.88244
-1.88121
-1.88144
-1.88216
-1.88131
-1.88009
-1.87985
-1.87974
-1.87961
-1.8795
-1.93249
-1.932
-1.93308
-1.93271
-1.93175
-1.93006
-1.92942
-1.92902
-1.92882
-1.92874
-0.983867
-0.975187
-0.968519
-0.960655
-0.956344
-0.9558
-0.955753
-0.95575
-0.954562
-0.948595
-1.04253
-1.03203
-1.02399
-1.01489
-1.00942
-1.00784
-1.00827
-1.01092
-1.00897
-1.00101
-1.09986
-1.09003
-1.07935
-1.07138
-1.06386
-1.06111
-1.06311
-1.06639
-1.0634
-1.05496
-1.15319
-1.14658
-1.13584
-1.12501
-1.1185
-1.11514
-1.11796
-1.12096
-1.11705
-1.10832
-1.20357
-1.20204
-1.19129
-1.17793
-1.17051
-1.16882
-1.17176
-1.17405
-1.16996
-1.1614
-1.25332
-1.25534
-1.24482
-1.23114
-1.22356
-1.22153
-1.22488
-1.22628
-1.22254
-1.21448
-1.30161
-1.30552
-1.29654
-1.28354
-1.27664
-1.27423
-1.2772
-1.27945
-1.27498
-1.26776
-1.34817
-1.3528
-1.34606
-1.33581
-1.32844
-1.32696
-1.32889
-1.33224
-1.32764
-1.31985
-1.39562
-1.40019
-1.39511
-1.38622
-1.37945
-1.37842
-1.38007
-1.38248
-1.37863
-1.37084
-1.44617
-1.44969
-1.4466
-1.43846
-1.43207
-1.43021
-1.43136
-1.43335
-1.42899
-1.42158
-1.49631
-1.49874
-1.49823
-1.49138
-1.48483
-1.48181
-1.48268
-1.48464
-1.47969
-1.47209
-1.54385
-1.54587
-1.54728
-1.54226
-1.5361
-1.53327
-1.53392
-1.53531
-1.52954
-1.52247
-1.58999
-1.5916
-1.59383
-1.59015
-1.5858
-1.58541
-1.58558
-1.58633
-1.5797
-1.5732
-1.63594
-1.63706
-1.63884
-1.63679
-1.63591
-1.63823
-1.63837
-1.63657
-1.63031
-1.62551
-1.6826
-1.68313
-1.6835
-1.68387
-1.68696
-1.68968
-1.68893
-1.68535
-1.68167
-1.67892
-1.73031
-1.72996
-1.72987
-1.73128
-1.7363
-1.73689
-1.73504
-1.73374
-1.73348
-1.73116
-1.77973
-1.77866
-1.77855
-1.77999
-1.78327
-1.78228
-1.78183
-1.78258
-1.78263
-1.78123
-1.83193
-1.83063
-1.83067
-1.83297
-1.83259
-1.83079
-1.83071
-1.83103
-1.8308
-1.83038
-1.88397
-1.88308
-1.88457
-1.88431
-1.88196
-1.88037
-1.88017
-1.88002
-1.87964
-1.87954
-1.93338
-1.93303
-1.93502
-1.93411
-1.93193
-1.93016
-1.9296
-1.92914
-1.9288
-1.92871
-0.980798
-0.972032
-0.968678
-0.964572
-0.961865
-0.96245
-0.962877
-0.962714
-0.960146
-0.95266
-1.03721
-1.02786
-1.02257
-1.01604
-1.01409
-1.01355
-1.01412
-1.0171
-1.0145
-1.00612
-1.09226
-1.08461
-1.07702
-1.07157
-1.06651
-1.06509
-1.06798
-1.07268
-1.06962
-1.06052
-1.14478
-1.14017
-1.13183
-1.12346
-1.11799
-1.1177
-1.12319
-1.12901
-1.12453
-1.11485
-1.19616
-1.19439
-1.18617
-1.17747
-1.17107
-1.1715
-1.17847
-1.1845
-1.17921
-1.16886
-1.24664
-1.24688
-1.23709
-1.22922
-1.22495
-1.22614
-1.23368
-1.23892
-1.2333
-1.22284
-1.29558
-1.29616
-1.28895
-1.28138
-1.2784
-1.28043
-1.28711
-1.293
-1.28619
-1.27625
-1.34306
-1.34422
-1.3403
-1.33278
-1.32961
-1.33293
-1.33917
-1.34631
-1.33778
-1.32679
-1.39239
-1.39278
-1.38882
-1.38323
-1.38074
-1.384
-1.38985
-1.39589
-1.38929
-1.3769
-1.44632
-1.44471
-1.44082
-1.43515
-1.43312
-1.43517
-1.43955
-1.44489
-1.43836
-1.42633
-1.49934
-1.49695
-1.49412
-1.48839
-1.48574
-1.48613
-1.48857
-1.49335
-1.48735
-1.47648
-1.54656
-1.54571
-1.5449
-1.54004
-1.53769
-1.53586
-1.53749
-1.54186
-1.53652
-1.52615
-1.59094
-1.59173
-1.59294
-1.58996
-1.58792
-1.58567
-1.58685
-1.59114
-1.58575
-1.57753
-1.63581
-1.6378
-1.63951
-1.63862
-1.63657
-1.63708
-1.63737
-1.63971
-1.63602
-1.62958
-1.68301
-1.68518
-1.68588
-1.68756
-1.68789
-1.68891
-1.68806
-1.68824
-1.68566
-1.68082
-1.73055
-1.73144
-1.73129
-1.73539
-1.73863
-1.73755
-1.73693
-1.73666
-1.73531
-1.73203
-1.7808
-1.77785
-1.77697
-1.78175
-1.7848
-1.78368
-1.78378
-1.78421
-1.78344
-1.78197
-1.83369
-1.83136
-1.83059
-1.83264
-1.83312
-1.83166
-1.83177
-1.83178
-1.83118
-1.83079
-1.88552
-1.88451
-1.88518
-1.8842
-1.8822
-1.88108
-1.88044
-1.88037
-1.87983
-1.8797
-1.93359
-1.93335
-1.93414
-1.93328
-1.9318
-1.93044
-1.92963
-1.92925
-1.92887
-1.92869
-0.975809
-0.971778
-0.96736
-0.966429
-0.967143
-0.968743
-0.97022
-0.972009
-0.962464
-0.95551
-1.02896
-1.02595
-1.02267
-1.01836
-1.01747
-1.01831
-1.02019
-1.0232
-1.01698
-1.00858
-1.08351
-1.08076
-1.07695
-1.07142
-1.06821
-1.06823
-1.0704
-1.07504
-1.07184
-1.06342
-1.13748
-1.13477
-1.13042
-1.12425
-1.11936
-1.11951
-1.12225
-1.12856
-1.12686
-1.11827
-1.18946
-1.18706
-1.1825
-1.17634
-1.17034
-1.1722
-1.17641
-1.18371
-1.18142
-1.17284
-1.23983
-1.23765
-1.23276
-1.22682
-1.22356
-1.22594
-1.23183
-1.23791
-1.23442
-1.22606
-1.28942
-1.28765
-1.28341
-1.27819
-1.27642
-1.27903
-1.28751
-1.29163
-1.28615
-1.27766
-1.33951
-1.33851
-1.33595
-1.33012
-1.32776
-1.33108
-1.34004
-1.3454
-1.33689
-1.32806
-1.39055
-1.389
-1.38548
-1.38164
-1.37896
-1.38234
-1.39094
-1.39784
-1.38767
-1.37864
-1.44417
-1.44131
-1.43657
-1.43293
-1.43127
-1.4336
-1.44039
-1.44772
-1.43912
-1.42989
-1.49847
-1.49475
-1.49049
-1.4874
-1.48476
-1.48497
-1.48916
-1.49647
-1.4887
-1.48033
-1.54636
-1.54476
-1.54405
-1.53998
-1.53756
-1.53572
-1.53796
-1.54444
-1.538
-1.53049
-1.59145
-1.59182
-1.59313
-1.58953
-1.58783
-1.5857
-1.58671
-1.5914
-1.58784
-1.58172
-1.63785
-1.63903
-1.64007
-1.63842
-1.63665
-1.63564
-1.63555
-1.63855
-1.63648
-1.63208
-1.6866
-1.68763
-1.68772
-1.68889
-1.68723
-1.68599
-1.68516
-1.68645
-1.68527
-1.68241
-1.73398
-1.73432
-1.73448
-1.73807
-1.73789
-1.73602
-1.73533
-1.73552
-1.73497
-1.73298
-1.78113
-1.77873
-1.77951
-1.78474
-1.78581
-1.78395
-1.78425
-1.78398
-1.78335
-1.78253
-1.83301
-1.83107
-1.82977
-1.83239
-1.83318
-1.83238
-1.83241
-1.8316
-1.83124
-1.83104
-1.88314
-1.88245
-1.88219
-1.88258
-1.88229
-1.8819
-1.88152
-1.88032
-1.87983
-1.87972
-1.93257
-1.9323
-1.93211
-1.93193
-1.93195
-1.93119
-1.9303
-1.92927
-1.92865
-1.92855
-0.974456
-0.972485
-0.967931
-0.967715
-0.971035
-0.970263
-0.973019
-0.969938
-0.960832
-0.954552
-1.03046
-1.02804
-1.0235
-1.019
-1.02153
-1.02008
-1.02269
-1.02283
-1.01535
-1.00957
-1.08791
-1.08356
-1.07827
-1.07289
-1.07186
-1.07036
-1.07156
-1.0731
-1.06994
-1.06329
-1.14324
-1.13728
-1.1322
-1.12636
-1.12298
-1.12182
-1.1216
-1.12449
-1.12318
-1.11714
-1.1946
-1.18849
-1.18355
-1.17837
-1.17366
-1.17293
-1.17363
-1.1771
-1.17541
-1.17013
-1.24285
-1.23735
-1.23278
-1.22732
-1.22429
-1.22446
-1.22745
-1.2292
-1.22634
-1.22238
-1.29007
-1.28526
-1.28119
-1.27518
-1.27475
-1.27642
-1.28107
-1.28062
-1.27669
-1.27453
-1.33935
-1.33497
-1.33144
-1.32594
-1.3257
-1.32699
-1.33236
-1.33172
-1.3273
-1.32612
-1.38891
-1.38565
-1.38215
-1.37877
-1.37692
-1.37784
-1.38348
-1.38388
-1.37886
-1.37763
-1.44357
-1.43861
-1.43317
-1.43014
-1.42833
-1.42907
-1.43448
-1.43713
-1.43172
-1.42884
-1.49847
-1.4944
-1.48837
-1.48437
-1.48069
-1.48104
-1.48511
-1.48882
-1.48485
-1.48147
-1.54594
-1.54421
-1.54294
-1.53882
-1.5333
-1.53354
-1.53589
-1.53862
-1.53543
-1.53243
-1.59188
-1.59208
-1.59335
-1.59015
-1.58522
-1.58559
-1.58652
-1.58804
-1.58476
-1.58235
-1.64002
-1.6403
-1.64186
-1.63963
-1.63632
-1.6366
-1.63676
-1.63749
-1.63443
-1.63239
-1.68882
-1.68905
-1.69041
-1.68966
-1.68734
-1.68677
-1.68618
-1.6867
-1.68503
-1.68332
-1.73552
-1.73565
-1.7368
-1.73847
-1.73786
-1.73635
-1.7355
-1.73549
-1.73491
-1.73376
-1.78169
-1.78081
-1.782
-1.78546
-1.78591
-1.78472
-1.78432
-1.78362
-1.78308
-1.78267
-1.8302
-1.82978
-1.82998
-1.83266
-1.83337
-1.83332
-1.83308
-1.83175
-1.83094
-1.83097
-1.88087
-1.87989
-1.8799
-1.8818
-1.88264
-1.88269
-1.88214
-1.88033
-1.87941
-1.87948
-1.93188
-1.93037
-1.93045
-1.93154
-1.93245
-1.93162
-1.93042
-1.92897
-1.9279
-1.92812
-0.976018
-0.977073
-0.971106
-0.969572
-0.970419
-0.966634
-0.967887
-0.961985
-0.959262
-0.956012
-1.03552
-1.03546
-1.02735
-1.02197
-1.02262
-1.01845
-1.0194
-1.01587
-1.01397
-1.00937
-1.09537
-1.09154
-1.08198
-1.07507
-1.07589
-1.06924
-1.07005
-1.06796
-1.06794
-1.06332
-1.15023
-1.14303
-1.13475
-1.12896
-1.12681
-1.12204
-1.12125
-1.12003
-1.12074
-1.11685
-1.2001
-1.19157
-1.18471
-1.18002
-1.17708
-1.17569
-1.17407
-1.17234
-1.17202
-1.16993
-1.24692
-1.23818
-1.23227
-1.22849
-1.22723
-1.22785
-1.22704
-1.22492
-1.2236
-1.22283
-1.29136
-1.28366
-1.27935
-1.2762
-1.27639
-1.27728
-1.27881
-1.27716
-1.27585
-1.27622
-1.33729
-1.33127
-1.32815
-1.32477
-1.32586
-1.32641
-1.32928
-1.32833
-1.32686
-1.32825
-1.38598
-1.38083
-1.3779
-1.37692
-1.37681
-1.37693
-1.37978
-1.37936
-1.37774
-1.37854
-1.44152
-1.43521
-1.42927
-1.42753
-1.42708
-1.4277
-1.43067
-1.43088
-1.42935
-1.42912
-1.49731
-1.49189
-1.48538
-1.48133
-1.47673
-1.47924
-1.48196
-1.48178
-1.48032
-1.47961
-1.54535
-1.54221
-1.53964
-1.53616
-1.5281
-1.5322
-1.53393
-1.53297
-1.53018
-1.52939
-1.59169
-1.5911
-1.59226
-1.58996
-1.58119
-1.58521
-1.58646
-1.58534
-1.58114
-1.5799
-1.64142
-1.64127
-1.64456
-1.64028
-1.63473
-1.63732
-1.63845
-1.63819
-1.6339
-1.63195
-1.69044
-1.69138
-1.69419
-1.6899
-1.68694
-1.6876
-1.68837
-1.68901
-1.68602
-1.68392
-1.73639
-1.73682
-1.73834
-1.73786
-1.73781
-1.73717
-1.73713
-1.73747
-1.73628
-1.73459
-1.78225
-1.78162
-1.78216
-1.78459
-1.78594
-1.78545
-1.78484
-1.78427
-1.78407
-1.78336
-1.83004
-1.82892
-1.82944
-1.83184
-1.83373
-1.83414
-1.83328
-1.83183
-1.83134
-1.8313
-1.88049
-1.87868
-1.87903
-1.88176
-1.88337
-1.88339
-1.88215
-1.88017
-1.87915
-1.87947
-1.93275
-1.93007
-1.92995
-1.93224
-1.93351
-1.93214
-1.9299
-1.9282
-1.92723
-1.92776
-0.975727
-0.976219
-0.975209
-0.971704
-0.972437
-0.962193
-0.959385
-0.955603
-0.955793
-0.956025
-1.03172
-1.0326
-1.02785
-1.02774
-1.02753
-1.02101
-1.0164
-1.00996
-1.01043
-1.01032
-1.09058
-1.09118
-1.08176
-1.07867
-1.07816
-1.07316
-1.07022
-1.06538
-1.06634
-1.06547
-1.14854
-1.14543
-1.13531
-1.13123
-1.1299
-1.12215
-1.12151
-1.11879
-1.11947
-1.11884
-1.20043
-1.19419
-1.18609
-1.1821
-1.17987
-1.17595
-1.17355
-1.17148
-1.16997
-1.16993
-1.24895
-1.24058
-1.23411
-1.23019
-1.22943
-1.22893
-1.2275
-1.22495
-1.22309
-1.22268
-1.2932
-1.28534
-1.2804
-1.2774
-1.27722
-1.27848
-1.27997
-1.27887
-1.27797
-1.27702
-1.33736
-1.33046
-1.32783
-1.32611
-1.32648
-1.328
-1.33046
-1.33053
-1.33059
-1.33009
-1.38502
-1.37795
-1.37564
-1.37664
-1.3772
-1.37821
-1.38027
-1.37975
-1.37899
-1.37941
-1.44179
-1.43205
-1.4267
-1.42679
-1.42815
-1.42817
-1.4305
-1.42925
-1.42711
-1.42767
-1.49634
-1.4884
-1.48245
-1.47946
-1.47702
-1.4786
-1.48162
-1.48043
-1.47756
-1.47756
-1.54414
-1.53913
-1.53812
-1.5347
-1.52679
-1.53152
-1.53371
-1.53305
-1.52959
-1.52871
-1.5919
-1.58886
-1.59352
-1.58983
-1.57914
-1.58661
-1.58806
-1.58605
-1.58223
-1.58065
-1.64244
-1.6413
-1.64838
-1.64204
-1.63375
-1.63898
-1.64035
-1.63925
-1.63504
-1.63279
-1.69179
-1.69485
-1.69801
-1.69138
-1.68725
-1.68898
-1.69007
-1.69052
-1.68815
-1.68511
-1.73764
-1.73859
-1.73973
-1.73815
-1.73827
-1.73814
-1.73826
-1.73854
-1.73789
-1.73593
-1.78387
-1.78193
-1.78106
-1.78318
-1.78636
-1.78624
-1.78549
-1.78485
-1.78529
-1.78424
-1.83259
-1.83017
-1.82848
-1.82994
-1.83346
-1.83428
-1.83344
-1.832
-1.83202
-1.83193
-1.88312
-1.881
-1.87959
-1.88154
-1.88375
-1.88342
-1.88184
-1.87988
-1.87885
-1.87955
-1.93457
-1.93266
-1.93131
-1.93249
-1.93456
-1.93274
-1.92987
-1.92736
-1.92617
-1.92739
-0.977164
-0.974127
-0.971724
-0.974332
-0.971795
-0.959142
-0.954045
-0.953337
-0.953703
-0.955489
-1.02932
-1.02575
-1.02215
-1.02806
-1.03143
-1.02647
-1.01615
-1.01051
-1.00954
-1.00988
-1.08227
-1.07896
-1.0767
-1.08119
-1.0826
-1.08132
-1.07446
-1.068
-1.06561
-1.06483
-1.13938
-1.13715
-1.13163
-1.13232
-1.13273
-1.12679
-1.12401
-1.12137
-1.11964
-1.11791
-1.19559
-1.1908
-1.18325
-1.183
-1.18172
-1.17696
-1.17448
-1.17229
-1.17036
-1.16966
-1.24598
-1.24023
-1.23188
-1.23171
-1.231
-1.22969
-1.22652
-1.22393
-1.22289
-1.22309
-1.29187
-1.28577
-1.27921
-1.27883
-1.27845
-1.2796
-1.28016
-1.27884
-1.2782
-1.2773
-1.33585
-1.3301
-1.32808
-1.32743
-1.3279
-1.32947
-1.3314
-1.33095
-1.33075
-1.33014
-1.38434
-1.37622
-1.37585
-1.37818
-1.37854
-1.38006
-1.38178
-1.38084
-1.37973
-1.37985
-1.44028
-1.43002
-1.42679
-1.42958
-1.43048
-1.43125
-1.43317
-1.43149
-1.42892
-1.42842
-1.49508
-1.48656
-1.48452
-1.48274
-1.48114
-1.48341
-1.48532
-1.48348
-1.47994
-1.47848
-1.54438
-1.53957
-1.54248
-1.53935
-1.53115
-1.53595
-1.53785
-1.53617
-1.53233
-1.5296
-1.59376
-1.59191
-1.59902
-1.59491
-1.58204
-1.5894
-1.5897
-1.5883
-1.58494
-1.58134
-1.64365
-1.64419
-1.65252
-1.64625
-1.63538
-1.6416
-1.6397
-1.63906
-1.63715
-1.63382
-1.69243
-1.69617
-1.69977
-1.69366
-1.68863
-1.69035
-1.68841
-1.68838
-1.68781
-1.68556
-1.73897
-1.74043
-1.74133
-1.73871
-1.73843
-1.7384
-1.73718
-1.73654
-1.73674
-1.73457
-1.78618
-1.78368
-1.7816
-1.7817
-1.78565
-1.78617
-1.7854
-1.78411
-1.785
-1.78294
-1.83587
-1.83291
-1.82892
-1.82815
-1.83265
-1.83363
-1.83318
-1.83186
-1.8324
-1.83086
-1.8868
-1.88454
-1.88168
-1.88109
-1.88303
-1.88319
-1.88196
-1.87994
-1.87893
-1.87905
-1.93745
-1.93599
-1.93409
-1.93313
-1.93458
-1.93281
-1.93039
-1.92762
-1.92583
-1.92768
-0.9789
-0.975863
-0.973517
-0.975462
-0.972109
-0.96017
-0.952469
-0.953804
-0.953606
-0.954274
-1.02813
-1.02387
-1.02145
-1.02616
-1.0304
-1.02889
-1.01868
-1.01204
-1.00986
-1.00966
-1.07689
-1.07333
-1.07299
-1.07976
-1.08515
-1.08871
-1.08039
-1.07143
-1.06695
-1.06573
-1.13074
-1.12825
-1.12851
-1.13293
-1.13439
-1.13489
-1.13031
-1.12473
-1.12076
-1.11882
-1.18933
-1.18315
-1.18125
-1.1841
-1.18274
-1.17848
-1.17658
-1.17444
-1.17191
-1.17001
-1.23931
-1.23486
-1.23055
-1.23242
-1.2313
-1.22968
-1.2272
-1.22497
-1.22347
-1.22285
-1.28541
-1.28235
-1.27816
-1.27943
-1.27903
-1.27979
-1.27906
-1.27815
-1.27813
-1.27738
-1.33051
-1.32757
-1.32716
-1.32778
-1.32885
-1.33044
-1.33238
-1.33146
-1.33079
-1.32985
-1.38086
-1.37452
-1.37663
-1.37825
-1.3801
-1.38253
-1.38416
-1.38263
-1.38068
-1.38021
-1.43749
-1.43027
-1.42871
-1.43266
-1.43303
-1.43549
-1.4373
-1.43462
-1.43129
-1.4296
-1.4939
-1.49034
-1.48871
-1.4872
-1.48605
-1.48918
-1.49046
-1.48705
-1.48319
-1.48004
-1.54718
-1.54721
-1.54814
-1.5436
-1.53652
-1.53999
-1.542
-1.53857
-1.53523
-1.53104
-1.59799
-1.60076
-1.60397
-1.59687
-1.58801
-1.59065
-1.59119
-1.58855
-1.58639
-1.58239
-1.64575
-1.64891
-1.65399
-1.64601
-1.63905
-1.64009
-1.63767
-1.63682
-1.63661
-1.63417
-1.69245
-1.6947
-1.69804
-1.69341
-1.68835
-1.68675
-1.68447
-1.6848
-1.68586
-1.68445
-1.73956
-1.74029
-1.74156
-1.73979
-1.73608
-1.73513
-1.73428
-1.73347
-1.73431
-1.73234
-1.78806
-1.78606
-1.78379
-1.78333
-1.78407
-1.78471
-1.78353
-1.78239
-1.78334
-1.78004
-1.83857
-1.8358
-1.83147
-1.83006
-1.83162
-1.83255
-1.83246
-1.83187
-1.83251
-1.82953
-1.89016
-1.88775
-1.88368
-1.88128
-1.8819
-1.88213
-1.88184
-1.88053
-1.87946
-1.87844
-1.94061
-1.93939
-1.93669
-1.93393
-1.93289
-1.932
-1.93056
-1.92867
-1.92646
-1.9279
-0.979166
-0.977798
-0.978157
-0.979136
-0.973239
-0.96324
-0.956303
-0.955436
-0.953736
-0.952655
-1.02746
-1.025
-1.02506
-1.02809
-1.03025
-1.02928
-1.02313
-1.01581
-1.01072
-1.0111
-1.07487
-1.07361
-1.07629
-1.08082
-1.08659
-1.09069
-1.08393
-1.07531
-1.06764
-1.06769
-1.12807
-1.12591
-1.12794
-1.13107
-1.13613
-1.13931
-1.13522
-1.12699
-1.1209
-1.12037
-1.18172
-1.17917
-1.17826
-1.18219
-1.18289
-1.18013
-1.17927
-1.17772
-1.17435
-1.17061
-1.23097
-1.22866
-1.22828
-1.23151
-1.22883
-1.22702
-1.22647
-1.22644
-1.2242
-1.22283
-1.27695
-1.27676
-1.27667
-1.27905
-1.27867
-1.27828
-1.27849
-1.27815
-1.27818
-1.27693
-1.32363
-1.32333
-1.32619
-1.32674
-1.32838
-1.33009
-1.33297
-1.33218
-1.33128
-1.33032
-1.37557
-1.3726
-1.37672
-1.37808
-1.38117
-1.38422
-1.38641
-1.38448
-1.38218
-1.3806
-1.43499
-1.43101
-1.43094
-1.43298
-1.43372
-1.43761
-1.44009
-1.43692
-1.43336
-1.43064
-1.49417
-1.49414
-1.49099
-1.48786
-1.48696
-1.49006
-1.49216
-1.48882
-1.48481
-1.48123
-1.54907
-1.55274
-1.55079
-1.54326
-1.53846
-1.53938
-1.54169
-1.53869
-1.53539
-1.53159
-1.6003
-1.60533
-1.60576
-1.59547
-1.5892
-1.58761
-1.58729
-1.58612
-1.58513
-1.58162
-1.64773
-1.65248
-1.6541
-1.64503
-1.63777
-1.6342
-1.63214
-1.63295
-1.6348
-1.63362
-1.69245
-1.69479
-1.69648
-1.69334
-1.6863
-1.68196
-1.68012
-1.68143
-1.68433
-1.68419
-1.73943
-1.73895
-1.74048
-1.74083
-1.736
-1.73281
-1.73158
-1.73129
-1.7332
-1.73244
-1.7889
-1.78716
-1.78654
-1.78702
-1.78501
-1.78281
-1.782
-1.7816
-1.78213
-1.78012
-1.83948
-1.83751
-1.83443
-1.83278
-1.83242
-1.8315
-1.83209
-1.83201
-1.83216
-1.82848
-1.88995
-1.88821
-1.88471
-1.88189
-1.88157
-1.88144
-1.88173
-1.88158
-1.88081
-1.87774
-1.9401
-1.93923
-1.93623
-1.93319
-1.93149
-1.93096
-1.93022
-1.92982
-1.92847
-1.92833
-0.97731
-0.980283
-0.981144
-0.982145
-0.975153
-0.967621
-0.962439
-0.959932
-0.956245
-0.952811
-1.02841
-1.02612
-1.02824
-1.02999
-1.03111
-1.03028
-1.02665
-1.02006
-1.01341
-1.01177
-1.07447
-1.07447
-1.07705
-1.08283
-1.08679
-1.08824
-1.08632
-1.07825
-1.06878
-1.07049
-1.12448
-1.125
-1.12995
-1.13359
-1.1375
-1.13855
-1.13642
-1.1287
-1.12213
-1.12284
-1.17365
-1.17652
-1.17868
-1.18087
-1.18335
-1.18384
-1.18216
-1.17939
-1.17532
-1.17201
-1.22397
-1.22359
-1.22547
-1.22744
-1.22657
-1.22614
-1.22877
-1.22906
-1.22607
-1.22301
-1.26952
-1.27008
-1.27344
-1.27656
-1.27396
-1.2742
-1.27793
-1.2798
-1.27792
-1.27564
-1.31751
-1.31789
-1.32222
-1.32733
-1.32754
-1.32787
-1.33092
-1.33172
-1.33104
-1.3295
-1.37079
-1.36905
-1.3726
-1.37776
-1.38168
-1.38426
-1.38626
-1.38471
-1.38249
-1.38004
-1.43055
-1.42801
-1.42785
-1.4306
-1.43428
-1.43756
-1.43908
-1.43662
-1.43367
-1.43047
-1.48908
-1.49153
-1.48869
-1.48561
-1.48568
-1.48834
-1.48987
-1.48753
-1.48452
-1.48123
-1.54626
-1.55016
-1.54901
-1.54085
-1.5361
-1.53717
-1.53807
-1.53648
-1.53408
-1.53039
-1.59998
-1.60571
-1.60311
-1.59362
-1.58563
-1.58421
-1.58305
-1.58334
-1.58315
-1.58
-1.64802
-1.65494
-1.65133
-1.64251
-1.63312
-1.62843
-1.62814
-1.63068
-1.63278
-1.63231
-1.69251
-1.69505
-1.69233
-1.68593
-1.67969
-1.67722
-1.67832
-1.68015
-1.68292
-1.68313
-1.7384
-1.73852
-1.73773
-1.73594
-1.7321
-1.73059
-1.73062
-1.7305
-1.733
-1.73297
-1.78803
-1.78723
-1.78755
-1.78702
-1.78373
-1.78145
-1.78097
-1.78127
-1.78244
-1.78163
-1.8374
-1.83597
-1.83437
-1.83352
-1.83167
-1.83065
-1.83114
-1.83258
-1.83171
-1.82957
-1.88714
-1.8855
-1.88289
-1.88112
-1.88104
-1.88037
-1.88135
-1.88349
-1.88227
-1.87871
-1.93687
-1.93539
-1.9328
-1.93065
-1.93
-1.93072
-1.93027
-1.93133
-1.93082
-1.92838
-0.982986
-0.985793
-0.98656
-0.984668
-0.977894
-0.971113
-0.96803
-0.965008
-0.962731
-0.95867
-1.0322
-1.03055
-1.03255
-1.03212
-1.03314
-1.03188
-1.02822
-1.02242
-1.01634
-1.01388
-1.07599
-1.07627
-1.07713
-1.08193
-1.08768
-1.08891
-1.08645
-1.07831
-1.06947
-1.07335
-1.12273
-1.12238
-1.12559
-1.13081
-1.13602
-1.13929
-1.1367
-1.12917
-1.12451
-1.12517
-1.16857
-1.17308
-1.17636
-1.1782
-1.18144
-1.18346
-1.18337
-1.1798
-1.17589
-1.1735
-1.21662
-1.21879
-1.22194
-1.22521
-1.22691
-1.22861
-1.23285
-1.23265
-1.22668
-1.22346
-1.26225
-1.26423
-1.26905
-1.27302
-1.2741
-1.2772
-1.28284
-1.28272
-1.27712
-1.27484
-1.31022
-1.31091
-1.31667
-1.32319
-1.32595
-1.3286
-1.33217
-1.33149
-1.33008
-1.32751
-1.36589
-1.36146
-1.3646
-1.37545
-1.38203
-1.38378
-1.3851
-1.3839
-1.38166
-1.37817
-1.42359
-1.42177
-1.42
-1.42774
-1.43626
-1.43923
-1.43827
-1.43513
-1.43287
-1.42922
-1.48291
-1.48552
-1.48239
-1.48309
-1.48729
-1.48928
-1.48867
-1.48545
-1.4832
-1.47967
-1.54249
-1.54548
-1.54389
-1.53738
-1.5372
-1.53768
-1.5367
-1.53398
-1.53244
-1.52992
-1.59881
-1.60243
-1.59869
-1.59019
-1.58543
-1.58342
-1.58145
-1.58134
-1.58107
-1.5799
-1.64778
-1.65248
-1.64609
-1.63714
-1.62993
-1.62607
-1.62685
-1.62943
-1.63155
-1.63136
-1.69267
-1.69367
-1.68702
-1.6784
-1.67498
-1.67476
-1.67741
-1.68016
-1.68281
-1.68232
-1.73809
-1.73775
-1.73321
-1.72908
-1.72836
-1.73003
-1.73036
-1.73125
-1.73383
-1.7329
-1.78609
-1.78541
-1.78426
-1.7828
-1.78293
-1.78188
-1.78014
-1.7809
-1.78252
-1.78199
-1.834
-1.83277
-1.83198
-1.83194
-1.83213
-1.83088
-1.8295
-1.83036
-1.83135
-1.83053
-1.88343
-1.88146
-1.87998
-1.87938
-1.87985
-1.87997
-1.87951
-1.88138
-1.88159
-1.87978
-1.93406
-1.93212
-1.92999
-1.92851
-1.92844
-1.92917
-1.92935
-1.931
-1.93122
-1.92903
-0.990691
-0.99279
-0.992393
-0.98792
-0.980455
-0.973455
-0.970955
-0.969354
-0.966031
-0.964667
-1.03721
-1.03839
-1.03819
-1.03624
-1.03516
-1.03294
-1.03032
-1.02404
-1.01915
-1.01734
-1.07984
-1.08089
-1.08314
-1.08457
-1.09057
-1.09187
-1.08636
-1.07483
-1.0703
-1.07363
-1.12339
-1.12377
-1.12751
-1.13031
-1.13851
-1.14145
-1.13725
-1.12518
-1.1231
-1.12642
-1.16313
-1.17002
-1.17273
-1.17601
-1.1824
-1.18576
-1.18225
-1.17618
-1.17444
-1.17439
-1.20995
-1.21504
-1.21818
-1.22204
-1.22649
-1.23084
-1.23392
-1.23185
-1.22602
-1.22373
-1.2585
-1.26178
-1.26622
-1.27059
-1.27531
-1.28221
-1.28707
-1.28299
-1.27661
-1.27492
-1.30766
-1.3092
-1.31517
-1.32196
-1.3283
-1.3337
-1.33508
-1.33153
-1.32867
-1.32563
-1.3613
-1.3596
-1.36612
-1.37484
-1.3831
-1.38584
-1.38526
-1.38318
-1.38001
-1.37624
-1.41794
-1.41403
-1.42008
-1.42879
-1.43711
-1.43949
-1.43774
-1.43421
-1.43129
-1.42696
-1.47623
-1.47597
-1.47687
-1.4826
-1.48778
-1.48958
-1.48802
-1.48416
-1.482
-1.47954
-1.53757
-1.53725
-1.53406
-1.53597
-1.53766
-1.53839
-1.53643
-1.53325
-1.53194
-1.53038
-1.59684
-1.59467
-1.58973
-1.587
-1.58588
-1.58492
-1.58287
-1.58202
-1.58267
-1.581
-1.64576
-1.64546
-1.63922
-1.63334
-1.62938
-1.62791
-1.62917
-1.63211
-1.63247
-1.6314
-1.69138
-1.69121
-1.68382
-1.67667
-1.67424
-1.67663
-1.68119
-1.68355
-1.68248
-1.68081
-1.73734
-1.73613
-1.73101
-1.72716
-1.72964
-1.73269
-1.73367
-1.73293
-1.73163
-1.73076
-1.78392
-1.78289
-1.78158
-1.78269
-1.78465
-1.784
-1.78212
-1.78026
-1.7803
-1.78065
-1.8321
-1.83159
-1.83162
-1.83233
-1.83211
-1.83164
-1.83037
-1.82793
-1.82919
-1.82989
-1.88318
-1.88163
-1.88032
-1.87951
-1.87909
-1.87944
-1.87983
-1.87848
-1.87944
-1.87935
-1.93452
-1.93238
-1.93011
-1.92878
-1.92871
-1.92891
-1.92946
-1.92936
-1.92977
-1.92843
-0.997172
-0.997756
-0.994004
-0.989515
-0.980548
-0.974436
-0.973104
-0.970506
-0.968409
-0.967682
-1.04039
-1.04175
-1.04176
-1.03812
-1.03563
-1.03489
-1.03335
-1.02433
-1.02151
-1.01847
-1.08542
-1.08587
-1.08608
-1.08785
-1.09296
-1.09509
-1.08928
-1.07406
-1.07154
-1.07083
-1.12521
-1.12483
-1.12887
-1.13472
-1.14487
-1.1439
-1.13573
-1.1212
-1.11846
-1.12249
-1.15693
-1.16394
-1.17071
-1.17881
-1.18509
-1.18765
-1.17856
-1.16981
-1.16923
-1.17415
-1.20178
-1.21111
-1.21612
-1.22183
-1.22802
-1.23032
-1.22854
-1.22541
-1.22368
-1.22342
-1.2577
-1.26372
-1.26748
-1.27201
-1.27723
-1.28198
-1.28381
-1.27932
-1.27562
-1.27369
-1.31027
-1.3161
-1.32073
-1.3262
-1.33103
-1.33463
-1.33402
-1.32962
-1.32716
-1.32394
-1.3623
-1.36719
-1.37361
-1.37958
-1.38475
-1.38655
-1.38427
-1.38143
-1.3782
-1.37444
-1.4169
-1.41933
-1.42612
-1.43287
-1.43622
-1.43728
-1.43628
-1.43295
-1.42952
-1.42526
-1.47269
-1.47363
-1.47879
-1.48428
-1.48755
-1.48871
-1.48653
-1.48283
-1.48101
-1.47861
-1.53119
-1.53045
-1.53184
-1.53575
-1.53788
-1.5381
-1.53486
-1.53267
-1.53145
-1.53006
-1.58876
-1.58464
-1.58365
-1.58558
-1.58609
-1.5852
-1.58305
-1.58246
-1.58305
-1.5807
-1.63949
-1.63753
-1.63572
-1.63445
-1.63215
-1.63062
-1.63217
-1.63408
-1.63321
-1.63161
-1.68842
-1.68933
-1.68592
-1.68211
-1.67912
-1.68057
-1.68517
-1.68535
-1.68232
-1.6808
-1.73455
-1.73384
-1.73182
-1.73062
-1.73206
-1.73543
-1.7362
-1.73343
-1.7303
-1.72915
-1.78169
-1.78098
-1.78045
-1.78272
-1.7852
-1.78497
-1.78324
-1.77827
-1.77729
-1.77824
-1.8318
-1.83139
-1.83189
-1.83323
-1.83346
-1.83213
-1.82925
-1.82481
-1.82567
-1.82785
-1.88362
-1.88157
-1.88081
-1.88103
-1.88161
-1.8812
-1.87837
-1.87569
-1.87595
-1.87752
-1.93754
-1.93378
-1.93185
-1.93133
-1.93201
-1.93147
-1.92948
-1.92843
-1.92754
-1.92715
-1.00092
-1.00028
-0.994279
-0.987684
-0.977906
-0.975882
-0.97689
-0.972729
-0.969423
-0.966519
-1.04258
-1.04177
-1.03689
-1.03399
-1.0324
-1.03624
-1.03665
-1.02587
-1.02274
-1.0174
-1.08713
-1.08309
-1.08026
-1.08323
-1.09227
-1.09924
-1.09121
-1.07535
-1.07049
-1.06646
-1.12291
-1.11583
-1.12002
-1.13213
-1.14787
-1.14997
-1.13664
-1.1199
-1.11404
-1.11821
-1.14618
-1.15122
-1.16396
-1.17557
-1.18657
-1.18664
-1.17582
-1.16607
-1.1642
-1.17113
-1.1888
-1.2023
-1.21303
-1.2192
-1.22516
-1.22573
-1.22196
-1.21853
-1.22073
-1.22192
-1.25205
-1.26116
-1.26954
-1.27269
-1.27471
-1.27573
-1.27511
-1.27331
-1.27341
-1.27215
-1.31245
-1.31912
-1.32493
-1.32832
-1.32964
-1.32965
-1.32803
-1.32581
-1.32495
-1.32224
-1.36435
-1.37102
-1.37575
-1.38074
-1.38291
-1.38245
-1.38016
-1.37851
-1.37612
-1.37246
-1.41764
-1.42241
-1.427
-1.43012
-1.43302
-1.43318
-1.43231
-1.43028
-1.42736
-1.42309
-1.47192
-1.475
-1.47987
-1.48255
-1.48243
-1.48333
-1.48326
-1.48093
-1.47991
-1.47694
-1.52658
-1.527
-1.53063
-1.5345
-1.53598
-1.53551
-1.53306
-1.53233
-1.53253
-1.52939
-1.57919
-1.57807
-1.5807
-1.58471
-1.58625
-1.58527
-1.58268
-1.58238
-1.58377
-1.58003
-1.63084
-1.63163
-1.63464
-1.63728
-1.63625
-1.63333
-1.63242
-1.63243
-1.6338
-1.62986
-1.6816
-1.68452
-1.6864
-1.68567
-1.68319
-1.68249
-1.68341
-1.68327
-1.68202
-1.68033
-1.73081
-1.73103
-1.73075
-1.73054
-1.73132
-1.73331
-1.73446
-1.73269
-1.72951
-1.72827
-1.77993
-1.77904
-1.77783
-1.77931
-1.78259
-1.7845
-1.78438
-1.77958
-1.77653
-1.77712
-1.83131
-1.83039
-1.83037
-1.83237
-1.83493
-1.83593
-1.83345
-1.82608
-1.82468
-1.82685
-1.88426
-1.88182
-1.88179
-1.88403
-1.88718
-1.8879
-1.88238
-1.87621
-1.87512
-1.87659
-1.93777
-1.93449
-1.93381
-1.93574
-1.93804
-1.93753
-1.93189
-1.92856
-1.92616
-1.92626
-1.00092
-0.999815
-0.992862
-0.983311
-0.973956
-0.97986
-0.982717
-0.975432
-0.970492
-0.970264
-1.04071
-1.03733
-1.02922
-1.02472
-1.02701
-1.03946
-1.04067
-1.02862
-1.02105
-1.0183
-1.08252
-1.07391
-1.06623
-1.07097
-1.08763
-1.10384
-1.09559
-1.07842
-1.06742
-1.06413
-1.11553
-1.10199
-1.10326
-1.12033
-1.14462
-1.15373
-1.14148
-1.12143
-1.11245
-1.11429
-1.13797
-1.13716
-1.15123
-1.16646
-1.18129
-1.18524
-1.17584
-1.1657
-1.16247
-1.16892
-1.18243
-1.19562
-1.2072
-1.21385
-1.21808
-1.21939
-1.21777
-1.21583
-1.21897
-1.22058
-1.2509
-1.25934
-1.26608
-1.26988
-1.27036
-1.26999
-1.26946
-1.26986
-1.27126
-1.27065
-1.31274
-1.31876
-1.32251
-1.32413
-1.32503
-1.32413
-1.32284
-1.32273
-1.32199
-1.32024
-1.36521
-1.37019
-1.37364
-1.37584
-1.37737
-1.37648
-1.37522
-1.37478
-1.37179
-1.36948
-1.4176
-1.4211
-1.42426
-1.42729
-1.42935
-1.42944
-1.42801
-1.42748
-1.42359
-1.41997
-1.47166
-1.47319
-1.47602
-1.47926
-1.48172
-1.48241
-1.48244
-1.48056
-1.47797
-1.47385
-1.52352
-1.52421
-1.52702
-1.5314
-1.53465
-1.53582
-1.53429
-1.5332
-1.53202
-1.52776
-1.57432
-1.57582
-1.57989
-1.58511
-1.58749
-1.58628
-1.58367
-1.58281
-1.58272
-1.58012
-1.62746
-1.62955
-1.63316
-1.63691
-1.63702
-1.63257
-1.63056
-1.62981
-1.63102
-1.63147
-1.67914
-1.6805
-1.6819
-1.6823
-1.68011
-1.67849
-1.67815
-1.67637
-1.68049
-1.68089
-1.72859
-1.72829
-1.7268
-1.72624
-1.72597
-1.72809
-1.72775
-1.72785
-1.7292
-1.72919
-1.77898
-1.77808
-1.77688
-1.77789
-1.78079
-1.78442
-1.7846
-1.78157
-1.77806
-1.77821
-1.83105
-1.82963
-1.82997
-1.83344
-1.84096
-1.84354
-1.83935
-1.83152
-1.82705
-1.82759
-1.88359
-1.88204
-1.88343
-1.88854
-1.8968
-1.89766
-1.88913
-1.87986
-1.87699
-1.87713
-1.93528
-1.93391
-1.93607
-1.94253
-1.94872
-1.9465
-1.93623
-1.93018
-1.92748
-1.92647
-0.99708
-0.997793
-0.990816
-0.977615
-0.971616
-0.984737
-0.986832
-0.98
-0.974934
-0.972573
-1.0344
-1.03264
-1.0252
-1.01713
-1.02322
-1.04274
-1.04649
-1.03504
-1.02403
-1.01844
-1.07438
-1.06904
-1.05946
-1.06086
-1.08122
-1.10412
-1.10558
-1.08676
-1.06949
-1.06333
-1.11242
-1.1023
-1.09831
-1.10781
-1.13332
-1.15253
-1.14879
-1.12883
-1.11468
-1.11149
-1.14635
-1.14319
-1.14852
-1.15779
-1.17047
-1.17864
-1.17739
-1.16974
-1.16431
-1.16685
-1.19145
-1.19902
-1.20739
-1.21229
-1.21368
-1.21529
-1.21643
-1.21719
-1.2196
-1.21999
-1.25343
-1.25897
-1.26342
-1.26812
-1.26878
-1.26835
-1.26848
-1.2692
-1.27027
-1.26985
-1.31382
-1.31646
-1.31817
-1.32154
-1.32324
-1.32223
-1.32073
-1.32031
-1.32018
-1.31939
-1.3661
-1.36912
-1.3712
-1.37328
-1.3756
-1.37475
-1.37231
-1.37101
-1.36975
-1.36881
-1.41775
-1.42076
-1.42409
-1.42486
-1.42637
-1.42622
-1.42424
-1.42296
-1.42133
-1.41962
-1.47065
-1.47252
-1.47504
-1.47602
-1.47832
-1.47934
-1.47831
-1.47648
-1.47606
-1.47394
-1.52293
-1.52435
-1.5259
-1.52829
-1.53187
-1.53417
-1.53227
-1.53058
-1.53189
-1.52975
-1.57582
-1.57682
-1.57792
-1.58129
-1.58524
-1.58461
-1.58176
-1.58095
-1.58468
-1.58423
-1.62802
-1.6286
-1.63
-1.63405
-1.63369
-1.62973
-1.62711
-1.62975
-1.63319
-1.63392
-1.67858
-1.67891
-1.67952
-1.68009
-1.67752
-1.67397
-1.67699
-1.68013
-1.68079
-1.68147
-1.72876
-1.72824
-1.72732
-1.72665
-1.72776
-1.72786
-1.73134
-1.73101
-1.72956
-1.72968
-1.77953
-1.77855
-1.77762
-1.77875
-1.7839
-1.78652
-1.78591
-1.78224
-1.77886
-1.77868
-1.83076
-1.82946
-1.82997
-1.83338
-1.84146
-1.84338
-1.83922
-1.83203
-1.82823
-1.82809
-1.88225
-1.88122
-1.88332
-1.88909
-1.89753
-1.89808
-1.88923
-1.88125
-1.8782
-1.87764
-1.93256
-1.93286
-1.93663
-1.94439
-1.95225
-1.9486
-1.93726
-1.93103
-1.92842
-1.9272
-0.995014
-0.997325
-0.986746
-0.973548
-0.972308
-0.983554
-0.983285
-0.981041
-0.978819
-0.974074
-1.03052
-1.03425
-1.02492
-1.01672
-1.02264
-1.03837
-1.04428
-1.04114
-1.03268
-1.0237
-1.07501
-1.07422
-1.06422
-1.06221
-1.07399
-1.09349
-1.10527
-1.09465
-1.07807
-1.06906
-1.12113
-1.11501
-1.10659
-1.11032
-1.12101
-1.13445
-1.13962
-1.13014
-1.11931
-1.11432
-1.16366
-1.15485
-1.15513
-1.16145
-1.16629
-1.17217
-1.17474
-1.17185
-1.16835
-1.16774
-1.20676
-1.20605
-1.21165
-1.2146
-1.21575
-1.217
-1.21884
-1.22003
-1.22026
-1.21942
-1.26091
-1.26257
-1.26555
-1.26734
-1.26757
-1.26815
-1.2688
-1.26954
-1.26975
-1.2685
-1.31477
-1.31602
-1.3164
-1.31752
-1.31897
-1.31975
-1.3198
-1.31985
-1.31952
-1.3181
-1.36642
-1.36704
-1.36548
-1.36677
-1.3688
-1.37153
-1.37119
-1.37076
-1.3698
-1.36925
-1.41621
-1.41656
-1.41592
-1.41803
-1.42215
-1.42432
-1.42426
-1.42339
-1.42208
-1.42076
-1.46818
-1.46865
-1.46964
-1.47373
-1.47716
-1.47787
-1.47842
-1.47778
-1.47727
-1.47519
-1.52278
-1.52323
-1.52565
-1.52788
-1.52984
-1.53118
-1.53211
-1.53228
-1.53319
-1.53076
-1.57669
-1.57699
-1.57895
-1.58064
-1.58165
-1.58177
-1.58187
-1.58295
-1.58453
-1.58345
-1.62881
-1.6287
-1.62986
-1.63206
-1.63166
-1.63118
-1.63052
-1.63111
-1.63202
-1.63198
-1.67954
-1.679
-1.67912
-1.68046
-1.68135
-1.68102
-1.68011
-1.67987
-1.68
-1.68014
-1.72999
-1.72872
-1.72809
-1.72831
-1.73025
-1.73083
-1.73035
-1.72952
-1.72899
-1.72909
-1.78025
-1.77872
-1.77811
-1.77872
-1.78128
-1.78194
-1.78122
-1.7796
-1.77858
-1.77858
-1.83039
-1.8289
-1.82908
-1.83104
-1.83504
-1.83492
-1.83265
-1.82987
-1.82831
-1.8282
-1.88048
-1.87957
-1.88073
-1.88468
-1.88961
-1.88825
-1.88355
-1.88003
-1.87834
-1.87783
-1.93023
-1.93058
-1.9333
-1.93846
-1.94284
-1.94013
-1.93343
-1.92982
-1.92821
-1.92734
-0.989223
-0.986827
-0.978793
-0.970851
-0.969795
-0.9748
-0.973066
-0.969505
-0.973814
-0.974066
-1.02263
-1.02866
-1.0237
-1.01844
-1.01944
-1.02544
-1.03142
-1.0293
-1.03134
-1.02985
-1.06873
-1.07544
-1.06729
-1.06512
-1.06835
-1.0756
-1.0837
-1.08386
-1.07998
-1.0736
-1.12256
-1.11831
-1.10961
-1.11156
-1.11589
-1.12151
-1.12593
-1.12517
-1.12034
-1.11897
-1.16922
-1.15552
-1.15355
-1.1604
-1.16473
-1.16824
-1.17099
-1.17104
-1.16967
-1.16928
-1.20787
-1.20209
-1.20679
-1.21309
-1.21642
-1.21822
-1.21922
-1.21969
-1.21928
-1.21838
-1.25715
-1.25815
-1.26382
-1.26657
-1.26859
-1.26919
-1.2692
-1.26915
-1.26865
-1.26696
-1.31146
-1.31472
-1.31769
-1.31853
-1.3199
-1.32009
-1.3197
-1.31911
-1.31835
-1.31668
-1.36653
-1.36808
-1.36915
-1.36983
-1.3718
-1.37154
-1.37137
-1.37005
-1.36888
-1.36777
-1.41852
-1.41996
-1.41999
-1.42298
-1.42455
-1.4244
-1.42426
-1.42299
-1.42159
-1.42037
-1.471
-1.47196
-1.47267
-1.47594
-1.47721
-1.478
-1.47789
-1.47791
-1.47652
-1.47477
-1.5249
-1.52549
-1.52702
-1.52849
-1.52948
-1.53036
-1.53062
-1.53171
-1.53189
-1.52951
-1.57869
-1.57797
-1.57935
-1.58018
-1.58084
-1.58098
-1.581
-1.5823
-1.58349
-1.58214
-1.63154
-1.62966
-1.62981
-1.6314
-1.63145
-1.63091
-1.63023
-1.63057
-1.63138
-1.63174
-1.68283
-1.68083
-1.6798
-1.68034
-1.68088
-1.68036
-1.67969
-1.67949
-1.67956
-1.68006
-1.73262
-1.73113
-1.7297
-1.7295
-1.73002
-1.72971
-1.7292
-1.7291
-1.72903
-1.72902
-1.78159
-1.78027
-1.77937
-1.77932
-1.77999
-1.7795
-1.77883
-1.77875
-1.77871
-1.7785
-1.83058
-1.82917
-1.82896
-1.82956
-1.83061
-1.82973
-1.82873
-1.82848
-1.82857
-1.82823
-1.87975
-1.87883
-1.87915
-1.88024
-1.88139
-1.88021
-1.87878
-1.87844
-1.87841
-1.87786
-1.9288
-1.92898
-1.92993
-1.93126
-1.93201
-1.93038
-1.92839
-1.92809
-1.92752
-1.92711
-0.978808
-0.979005
-0.971819
-0.967807
-0.968078
-0.970199
-0.96871
-0.963594
-0.972751
-0.974455
-1.01893
-1.02276
-1.0184
-1.01633
-1.01721
-1.02009
-1.0213
-1.02215
-1.02573
-1.02487
-1.06519
-1.06676
-1.06405
-1.06302
-1.0651
-1.06812
-1.07035
-1.07058
-1.07045
-1.07041
-1.11183
-1.11045
-1.11021
-1.11093
-1.11324
-1.11678
-1.11873
-1.11861
-1.11776
-1.11812
-1.1568
-1.1556
-1.1585
-1.16138
-1.16364
-1.1663
-1.16791
-1.16837
-1.16832
-1.16845
-1.20559
-1.20773
-1.21032
-1.21303
-1.21492
-1.21655
-1.21762
-1.21802
-1.21786
-1.21779
-1.25973
-1.2611
-1.26273
-1.265
-1.26626
-1.26708
-1.26748
-1.2675
-1.26706
-1.26672
-1.31287
-1.31391
-1.31572
-1.31694
-1.31804
-1.3182
-1.31749
-1.3171
-1.31643
-1.31618
-1.36526
-1.36632
-1.36904
-1.36913
-1.36993
-1.37004
-1.36916
-1.36772
-1.36663
-1.36665
-1.41842
-1.41992
-1.42169
-1.42221
-1.42324
-1.42297
-1.42222
-1.42047
-1.41907
-1.41884
-1.47168
-1.4735
-1.47484
-1.4754
-1.47646
-1.47655
-1.47603
-1.47512
-1.474
-1.47288
-1.52497
-1.52603
-1.52731
-1.52779
-1.52839
-1.52927
-1.52939
-1.52978
-1.52961
-1.5281
-1.5777
-1.57797
-1.57876
-1.57939
-1.57966
-1.58012
-1.58045
-1.5813
-1.58188
-1.5813
-1.6296
-1.62922
-1.62945
-1.63017
-1.63038
-1.63022
-1.62997
-1.62996
-1.63025
-1.63087
-1.68084
-1.67997
-1.67962
-1.68001
-1.68035
-1.6801
-1.67952
-1.67893
-1.67882
-1.67932
-1.73117
-1.73012
-1.72961
-1.72962
-1.72982
-1.72956
-1.7291
-1.72872
-1.72856
-1.72858
-1.78079
-1.77974
-1.77946
-1.77945
-1.77945
-1.77896
-1.77838
-1.77827
-1.77852
-1.77843
-1.83028
-1.82933
-1.82929
-1.82937
-1.8293
-1.82846
-1.82779
-1.82795
-1.82827
-1.8282
-1.87962
-1.87906
-1.87918
-1.87929
-1.87916
-1.87797
-1.87728
-1.87777
-1.87788
-1.87766
-1.929
-1.929
-1.9292
-1.92932
-1.92898
-1.92718
-1.92663
-1.92707
-1.92695
-1.92681
)
;

boundaryField
{
    lowerSideWalls
    {
        type            calculated;
        value           nonuniform List<scalar> 
800
(
375.045
326.17
277.454
228.94
180.765
133.151
86.4234
42.0668
10.9826
-0.394645
-0.473653
-0.51664
-0.564593
-0.614483
-0.664405
-0.712763
-0.761779
-0.812107
-0.863136
-0.918259
374.654
325.756
277.016
228.48
180.258
132.522
85.6799
41.0301
9.96241
-0.414053
-0.470183
-0.513505
-0.560321
-0.608554
-0.660376
-0.709225
-0.757706
-0.807734
-0.858783
-0.912838
374.439
325.536
276.795
228.26
180.059
132.142
85.2359
40.386
9.50146
-0.415176
-0.469725
-0.510571
-0.556141
-0.603127
-0.65476
-0.704895
-0.754084
-0.804528
-0.855591
-0.90795
374.367
325.465
276.72
228.199
179.966
132.018
84.9337
39.942
9.16152
-0.408006
-0.468486
-0.507699
-0.551549
-0.59848
-0.649957
-0.700376
-0.750475
-0.801597
-0.85272
-0.903337
374.382
325.465
276.714
228.203
179.981
131.987
84.753
39.5974
8.90789
-0.3926
-0.463215
-0.502326
-0.545714
-0.595141
-0.646352
-0.697848
-0.747551
-0.79865
-0.850339
-0.901496
374.423
325.488
276.756
228.268
180.068
132.073
84.6966
39.2426
8.58603
-0.376815
-0.453198
-0.494141
-0.539319
-0.5917
-0.643797
-0.698942
-0.74884
-0.798958
-0.850049
-0.900996
374.409
325.473
276.74
228.254
180.161
132.274
84.6229
38.4383
7.8654
-0.361201
-0.440582
-0.487535
-0.536507
-0.589277
-0.642801
-0.698606
-0.750491
-0.800326
-0.850312
-0.900983
374.476
325.675
276.978
228.357
180.391
132.523
84.4148
37.0198
6.69309
-0.344983
-0.431309
-0.48933
-0.540813
-0.588156
-0.639275
-0.695001
-0.749895
-0.800297
-0.85012
-0.900205
374.591
325.87
277.24
228.788
180.593
132.559
83.9
35.5044
5.69978
-0.339044
-0.428744
-0.490025
-0.539688
-0.583606
-0.634234
-0.69015
-0.74583
-0.799287
-0.84827
-0.898163
374.673
325.822
277.352
228.894
180.486
132.09
83.0147
34.5618
5.1521
-0.320781
-0.41495
-0.477083
-0.53003
-0.578877
-0.630625
-0.687126
-0.74115
-0.794435
-0.846679
-0.895468
374.673
325.822
277.352
228.894
180.486
132.09
83.0147
34.5618
5.1521
-0.320781
-0.41495
-0.477083
-0.53003
-0.578877
-0.630625
-0.687126
-0.74115
-0.794435
-0.846679
-0.895468
374.596
325.789
277.226
228.738
180.26
131.913
83.1572
35.3996
5.67705
-0.341068
-0.430627
-0.483949
-0.531535
-0.577965
-0.631218
-0.689683
-0.746189
-0.797506
-0.846763
-0.897171
374.467
325.65
277.081
228.617
180.236
131.964
83.6761
37.0486
6.82476
-0.347692
-0.441193
-0.491494
-0.537434
-0.583795
-0.635923
-0.693897
-0.750034
-0.800418
-0.850609
-0.901183
374.313
325.357
276.826
228.451
180.131
131.9
84.0455
38.5174
8.17444
-0.376291
-0.4552
-0.500427
-0.54615
-0.592889
-0.642355
-0.697802
-0.751496
-0.802224
-0.853159
-0.903567
374.078
325.064
276.42
228.046
179.789
131.638
84.1612
39.3304
8.9944
-0.386396
-0.46709
-0.50957
-0.554621
-0.600213
-0.645883
-0.697553
-0.752369
-0.80272
-0.852679
-0.903416
373.718
324.772
276.066
227.654
179.436
131.329
84.1968
39.7251
9.41678
-0.395354
-0.47549
-0.515085
-0.557517
-0.600613
-0.644385
-0.693455
-0.74798
-0.80145
-0.85368
-0.904645
373.317
324.418
275.727
227.288
179.129
131.009
84.284
40.2035
10.3186
-0.396857
-0.481354
-0.519306
-0.560199
-0.601143
-0.644861
-0.694893
-0.75013
-0.804751
-0.854327
-0.90411
372.951
324.061
275.369
226.885
178.689
130.917
84.3155
40.056
11.3298
-0.389431
-0.485611
-0.521015
-0.56171
-0.603317
-0.648156
-0.698543
-0.75228
-0.80323
-0.852402
-0.902945
372.666
323.771
275.062
226.546
178.358
130.794
84.5252
39.5824
12.1642
-0.352471
-0.48255
-0.522113
-0.56062
-0.60406
-0.651091
-0.702193
-0.753437
-0.802084
-0.850626
-0.901184
372.499
323.592
274.852
226.319
178.092
130.59
84.2797
39.8821
12.3496
-0.341227
-0.476065
-0.516834
-0.55639
-0.601648
-0.649632
-0.701759
-0.756129
-0.805311
-0.849794
-0.898272
372.474
323.564
274.806
226.275
177.986
130.448
84.1094
38.9888
11.5336
-0.363952
-0.469987
-0.504317
-0.546948
-0.598435
-0.65394
-0.708918
-0.762046
-0.809407
-0.852684
-0.901075
372.605
323.696
274.941
226.361
178.016
130.239
83.3823
38.6415
9.95985
-0.383364
-0.455636
-0.496719
-0.545393
-0.60288
-0.662838
-0.718707
-0.770141
-0.816966
-0.86271
-0.908851
372.896
323.995
275.249
226.663
178.317
130.338
83.2685
38.2493
8.52632
-0.378442
-0.449085
-0.497545
-0.553097
-0.614436
-0.673907
-0.726584
-0.773306
-0.820637
-0.86871
-0.915894
373.331
324.449
275.729
227.215
178.942
130.957
83.7726
38.2922
7.76428
-0.36737
-0.451794
-0.50315
-0.560993
-0.61935
-0.675073
-0.725625
-0.770365
-0.817225
-0.867047
-0.91636
373.861
324.992
276.334
227.978
179.905
132.13
85.2387
39.8506
8.41947
-0.355064
-0.458985
-0.512137
-0.565894
-0.619724
-0.671395
-0.719632
-0.770456
-0.82244
-0.871339
-0.917954
374.403
325.581
277.104
228.932
181.155
133.877
87.5814
42.7536
10.3489
-0.313599
-0.475053
-0.523487
-0.56899
-0.616014
-0.673236
-0.722749
-0.772012
-0.824216
-0.875372
-0.921602
374.901
326.228
277.902
229.805
182.41
135.887
90.3397
46.2603
13.3074
-0.179156
-0.499548
-0.534726
-0.574867
-0.619885
-0.670774
-0.724722
-0.765668
-0.819416
-0.87713
-0.925474
375.376
326.909
278.78
230.763
183.698
137.846
92.9424
49.1689
15.4829
0.0768159
-0.507094
-0.540887
-0.5825
-0.623827
-0.667642
-0.713948
-0.757156
-0.812437
-0.876225
-0.928157
375.771
327.346
279.301
231.796
185.029
139.36
94.6398
50.7311
16.0837
0.306389
-0.489429
-0.540067
-0.584407
-0.623223
-0.662725
-0.705145
-0.748364
-0.805019
-0.8727
-0.926347
376.016
327.481
279.694
232.325
185.71
140.138
95.417
51.3075
16.0813
0.448362
-0.464814
-0.529057
-0.576489
-0.619799
-0.66063
-0.702537
-0.747834
-0.80466
-0.870237
-0.923365
373.246
324.304
275.478
226.818
178.497
130.642
83.5288
39.3205
10.508
-0.356292
-0.481675
-0.528842
-0.579873
-0.629404
-0.678501
-0.728748
-0.782539
-0.844777
-0.905981
-0.94676
373.074
324.121
275.279
226.572
178.193
130.229
82.8485
38.3968
9.64793
-0.391181
-0.474519
-0.526903
-0.579678
-0.630631
-0.678729
-0.726237
-0.772984
-0.826971
-0.882929
-0.935435
373.156
324.214
275.391
226.728
178.357
130.334
82.8051
37.9529
9.17326
-0.398707
-0.471522
-0.529766
-0.583111
-0.632784
-0.678239
-0.720094
-0.761426
-0.808681
-0.86452
-0.922717
373.462
324.547
275.774
227.203
178.921
130.976
83.5816
38.7315
9.22965
-0.394714
-0.470412
-0.530876
-0.585008
-0.632182
-0.674256
-0.714152
-0.755138
-0.799712
-0.855498
-0.915982
373.926
325.038
276.335
227.916
179.832
132.129
85.108
40.5203
9.93821
-0.37057
-0.470264
-0.529297
-0.583755
-0.62898
-0.669573
-0.711101
-0.755931
-0.801887
-0.854453
-0.915178
374.463
325.603
277.015
228.815
181.028
133.709
87.2407
43.0223
11.4733
-0.287809
-0.477107
-0.528631
-0.581834
-0.625288
-0.66524
-0.709485
-0.759432
-0.806785
-0.858462
-0.91633
374.976
326.179
277.704
229.721
182.298
135.542
89.7548
46.1562
13.9322
-0.0709126
-0.488634
-0.528535
-0.579926
-0.621359
-0.661247
-0.704857
-0.758556
-0.811364
-0.859609
-0.912941
375.337
326.601
278.266
230.534
183.596
137.495
92.3734
49.1705
16.1535
0.285815
-0.490842
-0.528491
-0.577966
-0.618661
-0.659294
-0.707668
-0.762495
-0.814817
-0.86326
-0.912732
375.845
327.285
279.183
231.657
184.981
139.293
94.4697
50.8917
16.6481
0.461624
-0.482569
-0.529469
-0.577777
-0.62015
-0.661587
-0.709663
-0.759339
-0.814873
-0.871719
-0.918959
376.016
327.481
279.694
232.325
185.71
140.138
95.417
51.3075
16.0813
0.448362
-0.464814
-0.529057
-0.576489
-0.619799
-0.66063
-0.702537
-0.747834
-0.80466
-0.870237
-0.923365
)
;
    }
    upperSideWalls
    {
        type            calculated;
        value           nonuniform List<scalar> 
800
(
-0.974527
-1.03078
-1.0878
-1.14092
-1.19295
-1.2442
-1.29432
-1.34349
-1.39259
-1.44238
-1.4922
-1.54061
-1.58798
-1.6346
-1.68142
-1.72995
-1.77949
-1.83029
-1.88244
-1.93249
-0.967781
-1.02402
-1.08195
-1.13849
-1.19297
-1.24573
-1.29667
-1.34617
-1.39494
-1.44442
-1.49394
-1.54177
-1.58855
-1.6346
-1.68101
-1.72908
-1.7783
-1.82908
-1.88121
-1.932
-0.961473
-1.01628
-1.0717
-1.1293
-1.18506
-1.23793
-1.28989
-1.34131
-1.39165
-1.44264
-1.4927
-1.54085
-1.5877
-1.63391
-1.68
-1.72772
-1.77756
-1.82875
-1.88144
-1.93308
-0.955944
-1.00857
-1.06275
-1.11795
-1.17354
-1.22635
-1.27915
-1.33135
-1.38353
-1.43494
-1.48642
-1.53598
-1.58367
-1.63079
-1.67836
-1.7272
-1.77798
-1.82992
-1.88216
-1.93271
-0.951871
-1.00329
-1.05605
-1.10992
-1.16406
-1.21753
-1.27015
-1.32307
-1.37451
-1.42633
-1.47824
-1.52884
-1.57844
-1.62837
-1.67889
-1.72894
-1.77855
-1.83068
-1.88131
-1.93175
-0.950595
-1.00102
-1.05279
-1.10622
-1.1597
-1.21333
-1.26633
-1.31901
-1.37056
-1.42201
-1.47409
-1.52624
-1.57848
-1.63038
-1.68076
-1.73034
-1.77939
-1.82997
-1.88009
-1.93006
-0.950127
-1.00127
-1.05435
-1.10898
-1.16236
-1.21503
-1.26736
-1.31948
-1.37096
-1.4227
-1.475
-1.52743
-1.57958
-1.631
-1.68081
-1.72876
-1.77968
-1.82992
-1.87985
-1.92942
-0.951837
-1.00459
-1.05833
-1.1109
-1.16342
-1.21609
-1.26876
-1.32131
-1.37297
-1.42459
-1.47656
-1.52808
-1.57887
-1.62891
-1.6789
-1.73002
-1.78059
-1.83034
-1.87974
-1.92902
-0.950091
-1.00445
-1.05708
-1.10935
-1.16228
-1.21474
-1.26808
-1.32052
-1.37202
-1.42308
-1.47428
-1.52479
-1.57458
-1.62585
-1.67808
-1.73154
-1.78152
-1.83049
-1.87961
-1.92882
-0.947204
-0.999213
-1.05155
-1.10498
-1.159
-1.21284
-1.2651
-1.31703
-1.36842
-1.41942
-1.47028
-1.52143
-1.57234
-1.62482
-1.67841
-1.73057
-1.78081
-1.8302
-1.8795
-1.92874
-0.947204
-0.999213
-1.05155
-1.10498
-1.159
-1.21284
-1.2651
-1.31703
-1.36842
-1.41942
-1.47028
-1.52143
-1.57234
-1.62482
-1.67841
-1.73057
-1.78081
-1.8302
-1.8795
-1.92874
-0.948595
-1.00101
-1.05496
-1.10832
-1.1614
-1.21448
-1.26776
-1.31985
-1.37084
-1.42158
-1.47209
-1.52247
-1.5732
-1.62551
-1.67892
-1.73116
-1.78123
-1.83038
-1.87954
-1.92871
-0.95266
-1.00612
-1.06052
-1.11485
-1.16886
-1.22284
-1.27625
-1.32679
-1.3769
-1.42633
-1.47648
-1.52615
-1.57753
-1.62958
-1.68082
-1.73203
-1.78197
-1.83079
-1.8797
-1.92869
-0.95551
-1.00858
-1.06342
-1.11827
-1.17284
-1.22606
-1.27766
-1.32806
-1.37864
-1.42989
-1.48033
-1.53049
-1.58172
-1.63208
-1.68241
-1.73298
-1.78253
-1.83104
-1.87972
-1.92855
-0.954552
-1.00957
-1.06329
-1.11714
-1.17013
-1.22238
-1.27453
-1.32612
-1.37763
-1.42884
-1.48147
-1.53243
-1.58235
-1.63239
-1.68332
-1.73376
-1.78267
-1.83097
-1.87948
-1.92812
-0.956012
-1.00937
-1.06332
-1.11685
-1.16993
-1.22283
-1.27622
-1.32825
-1.37854
-1.42912
-1.47961
-1.52939
-1.5799
-1.63195
-1.68392
-1.73459
-1.78336
-1.8313
-1.87947
-1.92776
-0.956025
-1.01032
-1.06547
-1.11884
-1.16993
-1.22268
-1.27702
-1.33009
-1.37941
-1.42767
-1.47756
-1.52871
-1.58065
-1.63279
-1.68511
-1.73593
-1.78424
-1.83193
-1.87955
-1.92739
-0.955489
-1.00988
-1.06483
-1.11791
-1.16966
-1.22309
-1.2773
-1.33014
-1.37985
-1.42842
-1.47848
-1.5296
-1.58134
-1.63382
-1.68556
-1.73457
-1.78294
-1.83086
-1.87905
-1.92768
-0.954274
-1.00966
-1.06573
-1.11882
-1.17001
-1.22285
-1.27738
-1.32985
-1.38021
-1.4296
-1.48004
-1.53104
-1.58239
-1.63417
-1.68445
-1.73234
-1.78004
-1.82953
-1.87844
-1.9279
-0.952655
-1.0111
-1.06769
-1.12037
-1.17061
-1.22283
-1.27693
-1.33032
-1.3806
-1.43064
-1.48123
-1.53159
-1.58162
-1.63362
-1.68419
-1.73244
-1.78012
-1.82848
-1.87774
-1.92833
-0.952811
-1.01177
-1.07049
-1.12284
-1.17201
-1.22301
-1.27564
-1.3295
-1.38004
-1.43047
-1.48123
-1.53039
-1.58
-1.63231
-1.68313
-1.73297
-1.78163
-1.82957
-1.87871
-1.92838
-0.95867
-1.01388
-1.07335
-1.12517
-1.1735
-1.22346
-1.27484
-1.32751
-1.37817
-1.42922
-1.47967
-1.52992
-1.5799
-1.63136
-1.68232
-1.7329
-1.78199
-1.83053
-1.87978
-1.92903
-0.964667
-1.01734
-1.07363
-1.12642
-1.17439
-1.22373
-1.27492
-1.32563
-1.37624
-1.42696
-1.47954
-1.53038
-1.581
-1.6314
-1.68081
-1.73076
-1.78065
-1.82989
-1.87935
-1.92843
-0.967682
-1.01847
-1.07083
-1.12249
-1.17415
-1.22342
-1.27369
-1.32394
-1.37444
-1.42526
-1.47861
-1.53006
-1.5807
-1.63161
-1.6808
-1.72915
-1.77824
-1.82785
-1.87752
-1.92715
-0.966519
-1.0174
-1.06646
-1.11821
-1.17113
-1.22192
-1.27215
-1.32224
-1.37246
-1.42309
-1.47694
-1.52939
-1.58003
-1.62986
-1.68033
-1.72827
-1.77712
-1.82685
-1.87659
-1.92626
-0.970264
-1.0183
-1.06413
-1.11429
-1.16892
-1.22058
-1.27065
-1.32024
-1.36948
-1.41997
-1.47385
-1.52776
-1.58012
-1.63147
-1.68089
-1.72919
-1.77821
-1.82759
-1.87713
-1.92647
-0.972573
-1.01844
-1.06333
-1.11149
-1.16685
-1.21999
-1.26985
-1.31939
-1.36881
-1.41962
-1.47394
-1.52975
-1.58423
-1.63392
-1.68147
-1.72968
-1.77868
-1.82809
-1.87764
-1.9272
-0.974074
-1.0237
-1.06906
-1.11432
-1.16774
-1.21942
-1.2685
-1.3181
-1.36925
-1.42076
-1.47519
-1.53076
-1.58345
-1.63198
-1.68014
-1.72909
-1.77858
-1.8282
-1.87783
-1.92734
-0.974066
-1.02985
-1.0736
-1.11897
-1.16928
-1.21838
-1.26696
-1.31668
-1.36777
-1.42037
-1.47477
-1.52951
-1.58214
-1.63174
-1.68006
-1.72902
-1.7785
-1.82823
-1.87786
-1.92711
-0.974455
-1.02487
-1.07041
-1.11812
-1.16845
-1.21779
-1.26672
-1.31618
-1.36665
-1.41884
-1.47288
-1.5281
-1.5813
-1.63087
-1.67932
-1.72858
-1.77843
-1.8282
-1.87766
-1.92681
-0.978808
-1.01893
-1.06519
-1.11183
-1.1568
-1.20559
-1.25973
-1.31287
-1.36526
-1.41842
-1.47168
-1.52497
-1.5777
-1.6296
-1.68084
-1.73117
-1.78079
-1.83028
-1.87962
-1.929
-0.979005
-1.02276
-1.06676
-1.11045
-1.1556
-1.20773
-1.2611
-1.31391
-1.36632
-1.41992
-1.4735
-1.52603
-1.57797
-1.62922
-1.67997
-1.73012
-1.77974
-1.82933
-1.87906
-1.929
-0.971819
-1.0184
-1.06405
-1.11021
-1.1585
-1.21032
-1.26273
-1.31572
-1.36904
-1.42169
-1.47484
-1.52731
-1.57876
-1.62945
-1.67962
-1.72961
-1.77946
-1.82929
-1.87918
-1.9292
-0.967807
-1.01633
-1.06302
-1.11093
-1.16138
-1.21303
-1.265
-1.31694
-1.36913
-1.42221
-1.4754
-1.52779
-1.57939
-1.63017
-1.68001
-1.72962
-1.77945
-1.82937
-1.87929
-1.92932
-0.968078
-1.01721
-1.0651
-1.11324
-1.16364
-1.21492
-1.26626
-1.31804
-1.36993
-1.42324
-1.47646
-1.52839
-1.57966
-1.63038
-1.68035
-1.72982
-1.77945
-1.8293
-1.87916
-1.92898
-0.970199
-1.02009
-1.06812
-1.11678
-1.1663
-1.21655
-1.26708
-1.3182
-1.37004
-1.42297
-1.47655
-1.52927
-1.58012
-1.63022
-1.6801
-1.72956
-1.77896
-1.82846
-1.87797
-1.92718
-0.96871
-1.0213
-1.07035
-1.11873
-1.16791
-1.21762
-1.26748
-1.31749
-1.36916
-1.42222
-1.47603
-1.52939
-1.58045
-1.62997
-1.67952
-1.7291
-1.77838
-1.82779
-1.87728
-1.92663
-0.963594
-1.02215
-1.07058
-1.11861
-1.16837
-1.21802
-1.2675
-1.3171
-1.36772
-1.42047
-1.47512
-1.52978
-1.5813
-1.62996
-1.67893
-1.72872
-1.77827
-1.82795
-1.87777
-1.92707
-0.972751
-1.02573
-1.07045
-1.11776
-1.16832
-1.21786
-1.26706
-1.31643
-1.36663
-1.41907
-1.474
-1.52961
-1.58188
-1.63025
-1.67882
-1.72856
-1.77852
-1.82827
-1.87788
-1.92695
-0.974455
-1.02487
-1.07041
-1.11812
-1.16845
-1.21779
-1.26672
-1.31618
-1.36665
-1.41884
-1.47288
-1.5281
-1.5813
-1.63087
-1.67932
-1.72858
-1.77843
-1.8282
-1.87766
-1.92681
)
;
    }
    lowerWall
    {
        type            calculated;
        value           nonuniform List<scalar> 
200
(
399.57
399.173
398.446
397.473
396.33
395.112
393.923
392.866
392.018
391.324
391.05
391.308
391.758
392.5
393.466
394.554
395.644
396.615
397.359
397.771
399.179
398.813
398.144
397.241
396.18
395.054
393.955
392.974
392.179
391.606
391.36
391.5
391.927
392.619
393.524
394.548
395.579
396.502
397.208
397.599
398.964
398.633
398.03
397.216
396.253
395.232
394.235
393.342
392.608
392.109
391.888
391.988
392.383
393.025
393.862
394.82
395.784
396.648
397.312
397.681
398.892
398.593
398.063
397.35
396.497
395.59
394.701
393.898
393.242
392.801
392.609
392.7
393.064
393.659
394.437
395.321
396.211
397.009
397.633
397.987
398.907
398.621
398.147
397.532
396.826
396.062
395.287
394.582
394.01
393.63
393.472
393.564
393.901
394.456
395.168
395.974
396.778
397.504
398.098
398.451
398.948
398.633
398.212
397.783
397.193
396.568
395.927
395.324
394.834
394.515
394.396
394.495
394.814
395.33
395.98
396.732
397.445
398.037
398.604
398.988
398.934
398.562
398.282
398.128
397.667
397.081
396.549
396.056
395.641
395.378
395.296
395.403
395.711
396.19
396.79
397.478
398.129
398.584
399.052
399.501
399.001
398.777
398.705
398.528
398.131
397.61
397.132
396.708
396.353
396.135
396.079
396.197
396.495
396.945
397.486
398.048
398.702
399.203
399.551
399.862
399.097
398.956
398.809
398.578
398.294
397.965
397.575
397.192
396.886
396.701
396.665
396.794
397.086
397.521
398.037
398.526
399.116
399.666
400.103
400.369
399.197
399.12
398.992
398.838
398.603
398.243
397.842
397.476
397.191
397.024
396.999
397.13
397.421
397.856
398.386
398.928
399.426
399.901
400.276
400.54
)
;
    }
    atmosphere
    {
        type            calculated;
        value           nonuniform List<scalar> 0();
    }
    procBoundary1to0
    {
        type            processor;
        value           nonuniform List<scalar> 
800
(
375.63
326.787
278.1
229.672
181.583
134.12
87.6137
43.3368
12.1553
-0.335033
-0.476606
-0.518052
-0.56806
-0.616947
-0.666385
-0.715875
-0.766338
-0.817665
-0.869753
-0.923891
375.208
326.308
277.499
228.775
180.338
132.4
84.7296
38.7845
7.26163
-0.411523
-0.463654
-0.51353
-0.564625
-0.615045
-0.66713
-0.719176
-0.771276
-0.823642
-0.877115
-0.933394
374.437
325.432
276.479
227.54
178.617
129.951
81.0379
33.0312
3.51679
-0.407991
-0.453922
-0.504831
-0.556543
-0.612388
-0.669004
-0.722833
-0.775321
-0.826142
-0.878041
-0.933075
373.407
324.296
275.126
225.865
176.448
126.889
76.7136
27.3811
1.71026
-0.402648
-0.450711
-0.502635
-0.558035
-0.612503
-0.667989
-0.726446
-0.781541
-0.831705
-0.878881
-0.928109
372.198
322.966
273.542
223.873
173.861
123.426
71.7957
21.9385
0.562024
-0.396517
-0.447406
-0.50265
-0.557432
-0.611503
-0.667487
-0.726596
-0.785451
-0.833129
-0.877881
-0.923695
370.911
321.552
271.861
221.748
171.09
119.76
66.3112
17.121
-0.170917
-0.369635
-0.431756
-0.49414
-0.555238
-0.61253
-0.669499
-0.726217
-0.783169
-0.828951
-0.872424
-0.918166
369.65
320.172
270.224
219.675
168.385
116.034
60.447
12.9666
-0.233705
-0.33428
-0.409936
-0.484393
-0.552958
-0.61397
-0.671412
-0.726634
-0.776944
-0.820116
-0.865923
-0.916555
368.529
318.935
268.737
217.793
165.951
112.694
55.7909
10.8621
-0.24487
-0.322438
-0.395881
-0.473418
-0.547323
-0.61207
-0.67199
-0.722374
-0.768174
-0.814047
-0.866203
-0.923147
367.639
317.925
267.513
216.255
164
110.148
52.702
9.53883
-0.248911
-0.317937
-0.391382
-0.470168
-0.543788
-0.609281
-0.665392
-0.718078
-0.769123
-0.821702
-0.876278
-0.931824
367.013
317.278
266.749
215.366
162.856
108.611
50.7516
8.69046
-0.252806
-0.318672
-0.390647
-0.467782
-0.541955
-0.604367
-0.661607
-0.716233
-0.771164
-0.827883
-0.883628
-0.936113
366.754
317.016
266.43
214.918
162.249
107.651
49.3538
8.00186
-0.257318
-0.32299
-0.393305
-0.467869
-0.540675
-0.602509
-0.657875
-0.710295
-0.765077
-0.825007
-0.883175
-0.936835
366.907
317.134
266.577
215.07
162.362
107.603
48.9527
7.59169
-0.264334
-0.335075
-0.405395
-0.473366
-0.543155
-0.603829
-0.656631
-0.705693
-0.757792
-0.818437
-0.878995
-0.936186
367.39
317.703
267.294
215.981
163.513
109.068
50.5654
8.01566
-0.272061
-0.35283
-0.427262
-0.493058
-0.553582
-0.611467
-0.661759
-0.709114
-0.760637
-0.817554
-0.876639
-0.935914
368.17
318.589
268.41
217.446
165.48
111.929
54.6093
9.67578
-0.267532
-0.361727
-0.438343
-0.502645
-0.562203
-0.617844
-0.665889
-0.714561
-0.768544
-0.824006
-0.881724
-0.940935
369.187
319.719
269.785
219.296
167.973
115.657
60.6582
12.7929
-0.252172
-0.363961
-0.430637
-0.504987
-0.567196
-0.618909
-0.666549
-0.717952
-0.775733
-0.831635
-0.888047
-0.946345
370.325
320.985
271.324
221.313
170.737
119.557
67.2032
17.3433
-0.136192
-0.37752
-0.438626
-0.506873
-0.57064
-0.623916
-0.671194
-0.722074
-0.780449
-0.837358
-0.892552
-0.94776
371.464
322.259
272.889
223.366
173.546
123.456
73.1456
23.4624
0.803928
-0.391795
-0.451099
-0.512345
-0.574981
-0.629324
-0.676385
-0.725391
-0.782775
-0.84289
-0.899081
-0.948395
372.478
323.396
274.291
225.187
176.015
127.002
78.104
30.6401
2.9908
-0.388807
-0.458113
-0.518352
-0.575799
-0.628326
-0.676962
-0.726318
-0.782916
-0.848031
-0.910105
-0.954565
373.252
324.279
275.366
226.558
177.949
129.835
82.1834
36.8935
6.99541
-0.393361
-0.467129
-0.524963
-0.58066
-0.630369
-0.678423
-0.728385
-0.784362
-0.84979
-0.916619
-0.958741
373.686
324.788
276.016
227.444
179.234
131.587
84.8376
40.8647
11.7313
-0.269079
-0.48679
-0.540506
-0.584125
-0.630681
-0.678756
-0.730962
-0.786026
-0.847629
-0.908301
-0.946237
-0.977676
-1.03142
-1.08423
-1.13573
-1.18523
-1.23491
-1.28533
-1.33562
-1.38633
-1.43804
-1.48904
-1.53834
-1.58677
-1.63442
-1.68172
-1.73023
-1.7804
-1.83249
-1.88429
-1.93393
-0.990431
-1.04575
-1.0948
-1.13976
-1.18884
-1.23793
-1.28736
-1.3362
-1.38705
-1.44158
-1.49362
-1.5418
-1.58896
-1.6359
-1.68265
-1.73066
-1.78116
-1.83346
-1.88593
-1.93488
-0.988382
-1.04196
-1.09233
-1.14086
-1.18947
-1.23866
-1.28849
-1.33704
-1.38855
-1.44421
-1.4989
-1.5463
-1.59031
-1.63441
-1.68139
-1.73082
-1.78234
-1.835
-1.88621
-1.93449
-0.978792
-1.02891
-1.08287
-1.13776
-1.19031
-1.24071
-1.29013
-1.34041
-1.39118
-1.44496
-1.49979
-1.54705
-1.59057
-1.63533
-1.68363
-1.73345
-1.78228
-1.83307
-1.88317
-1.93292
-0.973044
-1.02776
-1.08847
-1.14816
-1.20137
-1.25011
-1.29642
-1.34391
-1.39322
-1.44745
-1.50081
-1.54793
-1.59066
-1.63661
-1.68659
-1.73446
-1.78115
-1.8303
-1.88176
-1.93407
-0.968618
-1.02773
-1.09373
-1.15545
-1.20819
-1.25815
-1.30226
-1.34615
-1.39317
-1.44896
-1.50254
-1.54939
-1.59098
-1.63904
-1.68772
-1.73504
-1.78251
-1.83193
-1.88301
-1.93558
-0.971007
-1.02805
-1.08958
-1.15036
-1.20766
-1.2609
-1.3062
-1.3492
-1.39598
-1.45184
-1.50467
-1.54995
-1.59325
-1.64093
-1.68908
-1.73648
-1.78466
-1.83407
-1.88483
-1.93621
-0.978137
-1.03007
-1.08304
-1.13946
-1.19916
-1.25518
-1.3038
-1.34849
-1.39769
-1.45295
-1.50464
-1.54985
-1.59487
-1.64263
-1.69068
-1.73828
-1.78695
-1.83688
-1.88765
-1.93766
-0.983617
-1.03219
-1.08013
-1.13248
-1.19087
-1.24523
-1.29345
-1.34033
-1.39218
-1.44822
-1.50248
-1.54987
-1.59659
-1.64413
-1.69171
-1.73973
-1.78892
-1.8395
-1.89027
-1.93959
-0.98633
-1.03266
-1.07945
-1.13007
-1.18231
-1.23454
-1.28106
-1.33035
-1.38308
-1.44109
-1.49763
-1.54835
-1.59704
-1.64454
-1.69154
-1.74003
-1.78955
-1.8394
-1.88963
-1.93881
-0.98805
-1.03346
-1.0788
-1.12696
-1.17543
-1.22363
-1.27128
-1.32161
-1.3744
-1.43316
-1.4899
-1.54449
-1.59613
-1.64397
-1.6906
-1.73877
-1.78817
-1.83796
-1.88741
-1.93664
-0.989331
-1.03555
-1.07955
-1.12565
-1.16822
-1.21185
-1.26298
-1.31603
-1.36982
-1.42329
-1.48155
-1.54004
-1.59409
-1.64261
-1.68966
-1.73785
-1.78683
-1.83538
-1.88492
-1.93512
-0.991983
-1.03897
-1.08313
-1.12766
-1.16404
-1.20242
-1.25429
-1.30954
-1.36576
-1.41756
-1.47386
-1.53603
-1.59234
-1.64066
-1.68864
-1.73626
-1.78435
-1.83339
-1.88445
-1.93496
-0.996119
-1.0417
-1.0873
-1.13303
-1.16235
-1.19248
-1.24387
-1.30344
-1.35995
-1.41519
-1.46872
-1.53149
-1.59142
-1.63843
-1.68636
-1.73425
-1.78303
-1.83321
-1.88534
-1.9373
-0.998591
-1.04283
-1.0889
-1.13263
-1.16192
-1.18965
-1.24002
-1.3025
-1.35775
-1.41359
-1.46986
-1.52773
-1.58412
-1.63323
-1.68165
-1.73148
-1.78142
-1.83368
-1.88782
-1.94047
-0.997069
-1.04034
-1.08472
-1.12529
-1.15662
-1.19097
-1.24497
-1.30403
-1.36069
-1.41629
-1.47083
-1.52411
-1.57612
-1.62764
-1.67764
-1.72983
-1.78136
-1.8351
-1.88954
-1.94003
-0.991356
-1.0323
-1.07425
-1.11554
-1.15891
-1.20502
-1.25633
-1.30889
-1.36253
-1.41684
-1.47044
-1.52276
-1.57507
-1.62737
-1.6778
-1.73019
-1.7827
-1.83473
-1.88671
-1.93661
-0.98812
-1.02319
-1.06486
-1.11497
-1.16774
-1.21888
-1.26527
-1.31308
-1.36527
-1.41701
-1.46935
-1.52406
-1.57802
-1.6301
-1.68093
-1.73172
-1.78216
-1.83249
-1.88254
-1.9327
-0.984699
-1.01368
-1.05363
-1.10762
-1.17209
-1.22038
-1.26453
-1.31296
-1.36588
-1.41825
-1.47117
-1.52588
-1.58016
-1.63279
-1.68363
-1.73311
-1.78246
-1.83186
-1.88122
-1.9301
-0.971934
-1.0057
-1.05267
-1.1058
-1.15753
-1.20929
-1.26068
-1.31292
-1.36591
-1.41828
-1.47078
-1.52457
-1.57754
-1.62983
-1.68132
-1.7317
-1.7814
-1.83092
-1.88034
-1.92948
)
;
    }
    procBoundary1to3
    {
        type            processor;
        value           nonuniform List<scalar> 
200
(
-1.98176
-1.98133
-1.98193
-1.98195
-1.98059
-1.97942
-1.97861
-1.97812
-1.97796
-1.97794
-1.98197
-1.98167
-1.98245
-1.98185
-1.98031
-1.9793
-1.97868
-1.97814
-1.97789
-1.97785
-1.98229
-1.98181
-1.98196
-1.9813
-1.98021
-1.9794
-1.97862
-1.9781
-1.9778
-1.97769
-1.98273
-1.98122
-1.9809
-1.98085
-1.9807
-1.97977
-1.97845
-1.97757
-1.97734
-1.97729
-1.98367
-1.98102
-1.97984
-1.98085
-1.98152
-1.97984
-1.97782
-1.97643
-1.97661
-1.97684
-1.98503
-1.98184
-1.97997
-1.98046
-1.98245
-1.97991
-1.97701
-1.9748
-1.97598
-1.97669
-1.98512
-1.98327
-1.98141
-1.98087
-1.98282
-1.97995
-1.97731
-1.97452
-1.97527
-1.97643
-1.98674
-1.98579
-1.98444
-1.98258
-1.98117
-1.98002
-1.97817
-1.976
-1.97632
-1.97807
-1.98935
-1.98949
-1.98786
-1.98464
-1.98071
-1.97984
-1.97862
-1.97751
-1.97765
-1.97878
-1.98912
-1.99032
-1.9889
-1.98513
-1.98115
-1.97962
-1.97865
-1.97849
-1.97893
-1.9793
-1.98591
-1.98577
-1.98447
-1.98211
-1.97995
-1.97965
-1.97917
-1.97924
-1.98016
-1.97916
-1.98431
-1.98318
-1.98103
-1.97928
-1.97816
-1.97843
-1.97892
-1.97951
-1.97983
-1.97798
-1.9855
-1.98382
-1.98058
-1.97883
-1.97863
-1.97854
-1.97865
-1.97849
-1.97877
-1.97685
-1.98896
-1.9859
-1.98284
-1.9815
-1.98186
-1.98129
-1.97957
-1.97901
-1.97788
-1.97591
-1.98775
-1.9858
-1.98523
-1.98675
-1.98832
-1.98689
-1.98182
-1.97966
-1.97712
-1.97538
-1.9841
-1.98444
-1.98801
-1.99459
-1.99835
-1.9941
-1.98447
-1.98037
-1.97776
-1.97544
-1.98097
-1.98352
-1.98973
-1.99767
-2.00206
-1.99579
-1.98518
-1.98041
-1.97817
-1.97618
-1.97899
-1.98146
-1.98595
-1.99121
-1.99374
-1.98951
-1.98219
-1.97874
-1.97718
-1.97635
-1.97789
-1.97945
-1.98112
-1.98259
-1.9828
-1.98027
-1.97763
-1.9767
-1.976
-1.97586
-1.97833
-1.97941
-1.97981
-1.97972
-1.97895
-1.97703
-1.97566
-1.97555
-1.97541
-1.97548
)
;
    }
}


// ************************************************************************* //
