/*--------------------------------*- C++ -*----------------------------------*\
| =========                 |                                                 |
| \\      /  F ield         | OpenFOAM: The Open Source CFD Toolbox           |
|  \\    /   O peration     | Version:  2312                                  |
|   \\  /    A nd           | Website:  www.openfoam.com                      |
|    \\/     M anipulation  |                                                 |
\*---------------------------------------------------------------------------*/
FoamFile
{
    version     2.0;
    format      ascii;
    arch        "LSB;label=32;scalar=64";
    class       volScalarField;
    location    "0.745";
    object      p;
}
// * * * * * * * * * * * * * * * * * * * * * * * * * * * * * * * * * * * * * //

dimensions      [1 -1 -2 0 0 0 0];

internalField   nonuniform List<scalar> 
8000
(
364.826
365.52
366.539
367.783
369.137
370.498
371.747
372.779
373.51
373.979
315.711
316.476
317.612
319
320.512
322.031
323.434
324.594
325.383
325.93
266.497
267.427
268.823
270.535
272.384
274.23
275.927
277.359
278.285
279.02
217.003
218.174
220.029
222.285
224.675
227.125
229.323
231.164
232.301
233.298
167.203
168.563
171.265
174.484
177.834
181.107
183.97
186.384
188.303
189.674
115.966
118.001
122.283
126.819
131.414
136.017
140.218
143.864
146.501
147.895
61.6123
64.022
70.826
78.5147
85.9056
92.5619
98.3138
103.897
106.689
107.976
20.9012
24.1503
30.362
37.7633
46.3967
53.0363
58.4067
65.9158
70.578
73.4756
2.61625
3.86176
5.5203
8.30317
16.8181
25.8328
32.5856
39.9059
43.7148
52.3603
-0.122387
0.113401
0.313257
0.448262
1.02035
4.06723
10.1647
18.0948
22.6976
34.1334
-0.450332
-0.447735
-0.373808
-0.310332
-0.248198
-0.0963967
0.46164
5.91353
10.3844
20.9477
-0.57985
-0.603573
-0.587648
-0.549055
-0.49226
-0.419863
-0.480725
0.410465
6.83107
11.8822
-0.652582
-0.65943
-0.667108
-0.659196
-0.623586
-0.572043
-0.555685
-0.701943
0.513753
11.6343
-0.708381
-0.69084
-0.696723
-0.719338
-0.6968
-0.647798
-0.595824
-0.58967
0.0733601
13.1048
-0.742523
-0.721558
-0.714221
-0.742965
-0.729079
-0.682339
-0.650944
-0.69282
-0.822715
-0.738728
-0.76406
-0.759293
-0.755724
-0.77015
-0.750359
-0.69435
-0.682416
-0.726726
-0.799774
-0.822479
-0.804832
-0.807068
-0.813605
-0.818686
-0.782575
-0.704956
-0.710767
-0.764905
-0.835464
-0.809638
-0.863641
-0.859283
-0.867207
-0.877244
-0.836544
-0.747836
-0.770649
-0.836032
-0.893209
-0.852386
-0.930502
-0.923287
-0.928304
-0.944129
-0.898205
-0.824233
-0.85864
-0.932537
-0.970827
-0.917425
-1.02061
-1.02426
-1.02887
-1.02876
-0.96226
-0.919009
-0.963137
-1.03571
-1.04824
-0.979121
364.463
365.163
366.164
367.368
368.663
369.97
371.127
372.1
372.763
373.213
315.316
316.093
317.21
318.551
319.98
321.414
322.743
323.842
324.498
325.04
266.039
267.015
268.408
270.068
271.823
273.563
275.119
276.474
277.067
277.823
216.543
217.786
219.578
221.675
223.925
226.333
228.267
229.895
230.809
231.676
166.469
168.247
170.924
174.002
177.139
180.198
182.703
184.754
186.305
187.474
115.869
118.123
122.021
126.399
130.956
135.139
138.555
141.664
144.214
145.042
62.8882
66.8593
72.429
79.4121
86.4416
92.2812
96.6833
101.739
103.861
103.832
19.8922
26.0234
31.7267
38.8448
47.0568
53.5805
57.9534
61.9884
64.7214
65.1634
1.45532
2.74991
4.71142
7.96199
15.009
25.4288
31.1063
35.7113
35.6916
42.673
-0.435048
-0.341945
-0.232611
-0.127385
0.130937
1.94541
6.0734
11.9633
14.1502
22.4144
-0.770762
-0.752154
-0.666377
-0.567235
-0.481808
-0.40257
-0.30951
0.100535
1.08612
6.0975
-0.790323
-0.852855
-0.806976
-0.719554
-0.639913
-0.575118
-0.5625
-0.609254
-0.813931
0.0969586
-0.775617
-0.862786
-0.89061
-0.829285
-0.728759
-0.658532
-0.625444
-0.641065
-0.741185
-0.554773
-0.807787
-0.822652
-0.862116
-0.877456
-0.786353
-0.703989
-0.652923
-0.640085
-0.679164
-0.269494
-0.809122
-0.775347
-0.783321
-0.849918
-0.814624
-0.74627
-0.698868
-0.698004
-0.772367
-0.379552
-0.786241
-0.76985
-0.763125
-0.822628
-0.834102
-0.774836
-0.74618
-0.772278
-0.840539
-0.839853
-0.806137
-0.807576
-0.804747
-0.840929
-0.863966
-0.790854
-0.798496
-0.861258
-0.91213
-0.861635
-0.867735
-0.867096
-0.869855
-0.893429
-0.902945
-0.840925
-0.876846
-0.962742
-0.998021
-0.928117
-0.944053
-0.944463
-0.953117
-0.963833
-0.940688
-0.916677
-0.974953
-1.07113
-1.08803
-1.00694
-1.04551
-1.06353
-1.08134
-1.05294
-0.994852
-1.01275
-1.086
-1.17582
-1.16684
-1.06796
363.874
364.576
365.526
366.638
367.832
369.018
370.099
371.004
371.642
372.09
314.746
315.53
316.58
317.802
319.107
320.411
321.631
322.667
323.35
323.744
265.533
266.503
267.784
269.264
270.832
272.445
273.848
275.092
275.732
276.253
216.205
217.476
219.112
220.939
222.831
224.858
226.682
228.221
228.981
229.612
166.79
168.615
170.82
173.28
175.991
178.584
180.77
182.62
183.454
184.319
117.774
120.229
122.973
125.849
129.291
132.739
135.638
138.225
139.649
140.584
67.763
71.679
75.9661
79.4751
84.744
89.3437
92.6018
96.4202
98.3651
99.3994
25.6014
31.5733
36.0154
40.9397
46.2328
50.7064
53.3891
56.2601
56.3076
54.8587
1.37979
3.74889
5.78787
7.98219
12.6737
19.1391
23.6671
27.7379
27.5954
34.5793
-0.558261
-0.542698
-0.504982
-0.45831
-0.372221
-0.0141532
0.968026
3.30329
5.87086
11.121
-0.752648
-0.751577
-0.707781
-0.635839
-0.574078
-0.52476
-0.470077
-0.309482
-0.319963
0.30199
-0.765551
-0.802038
-0.784228
-0.727898
-0.661966
-0.597757
-0.551667
-0.507652
-0.573988
-0.450171
-0.836067
-0.893416
-0.902519
-0.839094
-0.738755
-0.659559
-0.61084
-0.582314
-0.646455
-0.456978
-0.872471
-0.894341
-0.910484
-0.888556
-0.802365
-0.726499
-0.673392
-0.648903
-0.689115
-0.538509
-0.850007
-0.830968
-0.836504
-0.869405
-0.836219
-0.772906
-0.73451
-0.745457
-0.803034
-0.689166
-0.809598
-0.796256
-0.794688
-0.832336
-0.836581
-0.779098
-0.786064
-0.856227
-0.919603
-0.849362
-0.826458
-0.827442
-0.823007
-0.829228
-0.829174
-0.787528
-0.854813
-0.958967
-1.00288
-0.915276
-0.895694
-0.897692
-0.88756
-0.866118
-0.842568
-0.85075
-0.936305
-1.05225
-1.06745
-0.965404
-0.979487
-0.982549
-0.967026
-0.922396
-0.872614
-0.935503
-1.02469
-1.13498
-1.12448
-1.02484
-1.09128
-1.10818
-1.08719
-0.993369
-0.943351
-1.03467
-1.13071
-1.22006
-1.17811
-1.07896
362.973
363.685
364.582
365.597
366.66
367.718
368.659
369.435
369.988
370.389
313.816
314.617
315.597
316.689
317.831
318.929
319.98
320.873
321.388
321.842
264.573
265.557
266.724
268.001
269.347
270.694
271.859
272.93
273.563
273.952
215.323
216.57
217.964
219.426
220.939
222.418
223.963
225.36
226.093
226.625
166.169
167.847
169.602
171.399
173.398
175.415
177.326
179.138
179.801
180.346
117.742
119.866
121.648
123.536
125.397
128.124
130.912
133.239
134.245
134.776
69.1652
71.8345
74.6226
76.385
78.7545
82.255
85.9452
89.2887
90.0807
91.0123
28.9899
33.1712
35.7451
37.6677
39.2592
40.9815
44.5674
48.7394
46.6573
47.6075
2.62838
5.0108
6.59019
7.0611
6.55209
7.63303
11.4685
15.8449
15.4286
23.5251
-0.613284
-0.630683
-0.584693
-0.509175
-0.452305
-0.36147
-0.221387
-0.0439981
0.14684
2.56563
-0.724818
-0.72762
-0.692171
-0.631258
-0.57236
-0.505485
-0.464203
-0.417957
-0.385855
-0.248479
-0.759912
-0.772523
-0.755638
-0.707298
-0.647859
-0.589492
-0.539505
-0.503082
-0.500969
-0.39528
-0.815556
-0.839627
-0.842392
-0.796427
-0.714233
-0.644258
-0.60281
-0.595811
-0.62995
-0.498581
-0.849015
-0.857282
-0.859935
-0.837497
-0.770916
-0.712282
-0.679702
-0.699826
-0.758489
-0.629932
-0.840878
-0.827588
-0.825097
-0.829118
-0.793332
-0.745922
-0.735896
-0.809425
-0.877303
-0.743246
-0.826168
-0.816396
-0.809152
-0.806311
-0.779414
-0.747261
-0.786528
-0.893952
-0.940319
-0.834801
-0.858786
-0.859555
-0.845455
-0.809249
-0.774968
-0.772259
-0.85464
-0.950081
-0.962816
-0.88701
-0.928779
-0.929091
-0.899098
-0.83387
-0.799036
-0.849808
-0.91652
-1.0031
-0.994373
-0.940739
-1.01693
-1.01532
-0.968186
-0.882811
-0.850251
-0.941723
-0.997442
-1.06015
-1.04474
-1.00663
-1.13855
-1.14254
-1.08112
-0.970762
-0.946354
-1.03706
-1.091
-1.12884
-1.09626
-1.06423
361.902
362.61
363.441
364.333
365.233
366.107
366.914
367.587
368.064
368.361
312.691
313.494
314.391
315.325
316.248
317.128
318.008
318.77
319.261
319.64
263.36
264.335
265.369
266.41
267.442
268.548
269.588
270.433
271.031
271.331
213.967
215.2
216.392
217.495
218.558
219.664
220.854
222.052
222.719
223.213
164.702
166.248
167.627
168.833
169.996
171.651
173.304
174.851
175.57
175.96
116.072
117.645
118.91
119.735
120.815
122.802
125.329
127.452
128.306
128.441
69.0614
70.0332
71.1665
71.605
71.9501
74.4323
78.2119
81.2123
81.3466
81.9574
29.6153
29.5947
29.4902
29.3651
28.6115
31.3547
35.7963
40.4788
37.4076
39.7012
3.31381
4.29725
3.73414
2.33672
0.898789
1.58672
3.89642
8.10203
7.4098
12.0691
-0.666492
-0.649802
-0.557843
-0.464676
-0.443435
-0.36253
-0.298395
-0.227797
-0.1608
0.166117
-0.704211
-0.687616
-0.623108
-0.553523
-0.502621
-0.460205
-0.43889
-0.40262
-0.391963
-0.341043
-0.737276
-0.726598
-0.685667
-0.638291
-0.596838
-0.562014
-0.520243
-0.487315
-0.494584
-0.41792
-0.772952
-0.771994
-0.748844
-0.704136
-0.651982
-0.617946
-0.592868
-0.611505
-0.659886
-0.549349
-0.803982
-0.796165
-0.78079
-0.750777
-0.697311
-0.675808
-0.670482
-0.727199
-0.803975
-0.677086
-0.820623
-0.805453
-0.790181
-0.768678
-0.726664
-0.709018
-0.722796
-0.811701
-0.857595
-0.748835
-0.83756
-0.828327
-0.81242
-0.776845
-0.73322
-0.719777
-0.770209
-0.840383
-0.844356
-0.777085
-0.884492
-0.883663
-0.856664
-0.792934
-0.755876
-0.756952
-0.818549
-0.868968
-0.855899
-0.818158
-0.960131
-0.96071
-0.910759
-0.816687
-0.778101
-0.848519
-0.889478
-0.922245
-0.906302
-0.885938
-1.06297
-1.05914
-0.985795
-0.877394
-0.833412
-0.946648
-0.977228
-0.997099
-0.976896
-0.959692
-1.19053
-1.18577
-1.09509
-0.985364
-0.966526
-1.04279
-1.07574
-1.08458
-1.06068
-1.03592
360.781
361.472
362.23
363
363.744
364.456
365.108
365.673
366.074
366.327
311.528
312.307
313.107
313.892
314.634
315.337
316.001
316.62
317.058
317.371
262.092
263.019
263.918
264.735
265.507
266.325
267.128
267.813
268.281
268.609
212.59
213.737
214.706
215.466
216.149
216.875
217.703
218.639
219.182
219.721
162.898
164.344
165.368
166.113
166.917
167.798
168.908
170.216
170.927
171.465
113.943
114.823
115.632
115.758
116.161
117.731
119.819
121.424
122.047
122.431
66.6638
66.3138
66.363
65.7701
64.7862
66.1813
69.6094
72.2794
72.1687
73.756
26.9561
22.5662
21.6296
21.2771
19.4311
22.4325
28.1568
32.255
30.752
32.2845
1.7503
0.957587
0.303762
0.233195
0.235367
0.312376
0.707959
1.49367
2.32244
5.50572
-0.668655
-0.583331
-0.456551
-0.336784
-0.318165
-0.3388
-0.3412
-0.349648
-0.281581
-0.0537995
-0.68923
-0.626841
-0.536036
-0.467222
-0.427371
-0.403613
-0.417904
-0.415357
-0.396477
-0.336188
-0.718269
-0.682884
-0.623646
-0.577991
-0.554302
-0.533425
-0.48974
-0.468457
-0.498031
-0.439291
-0.74711
-0.724847
-0.686134
-0.644139
-0.612431
-0.60499
-0.57681
-0.61437
-0.687208
-0.578026
-0.775872
-0.758739
-0.731317
-0.690466
-0.645845
-0.659305
-0.663792
-0.708014
-0.800414
-0.686877
-0.811136
-0.793535
-0.768389
-0.726041
-0.677385
-0.676674
-0.715798
-0.767636
-0.797616
-0.731963
-0.850717
-0.839462
-0.812071
-0.752764
-0.694675
-0.655319
-0.746945
-0.802882
-0.78966
-0.747803
-0.911836
-0.909352
-0.867228
-0.774303
-0.704857
-0.707521
-0.801541
-0.848512
-0.825586
-0.796001
-1.00054
-1.00137
-0.930767
-0.805739
-0.703958
-0.824006
-0.88961
-0.904952
-0.897225
-0.872707
-1.1111
-1.10908
-1.01057
-0.876473
-0.790284
-0.928815
-0.97904
-0.968643
-0.96718
-0.951253
-1.21826
-1.2164
-1.11018
-1.00425
-1.01789
-1.06283
-1.08018
-1.05732
-1.04097
-1.02299
359.712
360.372
361.052
361.7
362.296
362.877
363.382
363.863
364.168
364.313
310.427
311.173
311.864
312.495
313.05
313.578
314.086
314.609
314.955
315.232
260.916
261.771
262.511
263.095
263.584
264.172
264.776
265.31
265.707
266.031
211.308
212.482
213.098
213.466
213.672
214.05
214.57
215.309
215.809
216.37
161.325
162.7
163.292
163.329
163.223
163.741
164.46
165.456
166.554
167.173
111.953
112.454
112.814
111.686
110.461
111.326
113.498
115.171
115.61
116.55
62.6566
62.6277
62.5444
58.3015
53.6224
54.4716
56.8241
59.9486
62.22
66.4294
18.5325
18.2483
19.6956
15.0252
9.74716
11.2795
16.4659
22.5608
22.3781
25.9467
-0.252646
-0.123218
-0.00484709
0.0420282
0.0117963
-0.0649826
0.0392605
0.269109
0.226658
2.95866
-0.629811
-0.470081
-0.319678
-0.272236
-0.290662
-0.353907
-0.37502
-0.242837
-0.269317
-0.0831234
-0.66534
-0.555569
-0.45813
-0.419829
-0.417801
-0.428963
-0.434495
-0.401475
-0.399483
-0.341885
-0.697429
-0.63403
-0.570817
-0.538648
-0.532434
-0.514888
-0.45172
-0.453985
-0.502734
-0.475266
-0.727842
-0.686635
-0.64493
-0.61919
-0.604442
-0.592057
-0.54534
-0.58997
-0.664097
-0.604404
-0.759765
-0.732563
-0.700051
-0.668446
-0.637438
-0.62784
-0.649903
-0.694017
-0.774999
-0.697803
-0.805459
-0.783395
-0.752065
-0.706165
-0.656277
-0.596976
-0.70325
-0.781874
-0.807912
-0.738916
-0.859545
-0.846968
-0.811036
-0.73896
-0.664822
-0.600398
-0.739551
-0.830666
-0.813046
-0.755684
-0.935782
-0.935398
-0.880796
-0.765686
-0.648187
-0.696285
-0.818385
-0.845008
-0.828343
-0.795061
-1.03665
-1.03668
-0.957631
-0.817891
-0.675147
-0.823094
-0.899283
-0.8656
-0.883472
-0.86132
-1.138
-1.13489
-1.04254
-0.922054
-0.888055
-0.972406
-0.988415
-0.931835
-0.959792
-0.939249
-1.20222
-1.20265
-1.13936
-1.08404
-1.13749
-1.13778
-1.09974
-1.05263
-1.03613
-1.01572
358.81
359.443
360.046
360.606
361.106
361.568
361.96
362.331
362.584
362.762
309.475
310.177
310.787
311.316
311.774
312.182
312.542
312.937
313.21
313.494
259.876
260.662
261.287
261.735
262.103
262.476
262.917
263.197
263.49
263.931
210.125
211.246
211.741
211.851
211.852
211.995
212.175
212.443
212.897
213.539
160.152
161.119
161.344
160.96
160.506
160.558
160.681
161.247
162.485
163.213
110.968
110.398
109.715
108.16
106.648
106.691
106.801
107.734
108.339
110.377
58.6193
59.6343
56.9006
50.0898
45.7002
44.9971
43.0345
42.4544
47.0313
57.3416
14.0526
18.188
16.0935
8.16006
5.57992
5.13262
4.53493
6.30055
11.1673
18.6549
-0.366249
-0.185361
0.0204555
0.118198
0.16198
-0.0747467
-0.197945
0.1166
0.119705
1.38901
-0.53026
-0.372325
-0.264266
-0.188711
-0.145068
-0.242731
-0.348267
-0.25139
-0.237314
-0.188579
-0.622147
-0.489578
-0.419313
-0.39642
-0.400186
-0.438841
-0.455536
-0.437364
-0.449284
-0.364266
-0.662601
-0.585185
-0.534384
-0.507163
-0.504071
-0.49047
-0.462414
-0.490995
-0.532437
-0.510419
-0.709282
-0.66082
-0.626943
-0.597397
-0.590938
-0.553671
-0.549546
-0.62079
-0.66693
-0.639102
-0.749971
-0.720878
-0.693253
-0.655003
-0.64433
-0.61712
-0.656761
-0.76854
-0.811799
-0.732178
-0.799806
-0.784818
-0.752753
-0.692397
-0.654714
-0.663583
-0.751834
-0.875178
-0.876148
-0.773238
-0.869133
-0.866689
-0.823022
-0.744933
-0.663858
-0.702329
-0.811494
-0.86292
-0.837527
-0.774816
-0.961528
-0.962687
-0.905227
-0.812417
-0.753986
-0.782745
-0.85344
-0.815515
-0.831515
-0.79828
-1.05534
-1.05301
-0.997182
-0.893215
-0.928249
-0.915991
-0.921611
-0.828477
-0.895682
-0.861017
-1.11636
-1.12081
-1.10766
-1.03878
-1.09219
-1.07907
-1.02334
-0.940491
-0.975457
-0.94616
-1.13287
-1.15901
-1.21292
-1.24895
-1.2299
-1.21094
-1.13655
-1.08065
-1.04527
-1.02435
358.13
358.717
359.242
359.74
360.183
360.6
360.93
361.23
361.429
361.593
308.761
309.402
309.915
310.398
310.815
311.163
311.461
311.729
311.922
312.108
259.07
259.818
260.323
260.724
260.964
261.305
261.589
261.745
261.89
262.141
209.169
210.106
210.41
210.611
210.758
210.632
210.761
210.743
210.923
211.656
159.186
159.533
158.979
158.666
159.011
158.626
158.655
158.455
159.426
160.35
109.329
108.594
106.932
105.545
105.017
104.817
104.148
102.503
102.537
105.29
57.5064
57.1511
51.456
44.3588
43.1682
43.2285
39.719
34.9322
33.6026
48.2916
16.0906
19.3273
12.0969
6.01587
6.34387
6.66206
3.78395
1.82528
3.5727
12.1596
-0.264899
-0.0715825
0.0864019
0.27594
0.770793
1.07906
-0.0473238
-0.176443
0.00561605
1.14052
-0.421125
-0.273946
-0.133128
0.0581838
0.363119
0.296022
-0.183575
-0.273881
-0.224087
-0.0925273
-0.545671
-0.435635
-0.358244
-0.280078
-0.157891
-0.223579
-0.365594
-0.452824
-0.485135
-0.347028
-0.610826
-0.536466
-0.5138
-0.508354
-0.452105
-0.44919
-0.457202
-0.554974
-0.611542
-0.545107
-0.676305
-0.625578
-0.624006
-0.638494
-0.623289
-0.603005
-0.592951
-0.712134
-0.744251
-0.690262
-0.734638
-0.704166
-0.698037
-0.68315
-0.674454
-0.690497
-0.722046
-0.847221
-0.860224
-0.775683
-0.795609
-0.78856
-0.773293
-0.719336
-0.70377
-0.735441
-0.798877
-0.891089
-0.895634
-0.801134
-0.875484
-0.886254
-0.876949
-0.79933
-0.760712
-0.779914
-0.847721
-0.842614
-0.849663
-0.79409
-0.961214
-0.97567
-0.994533
-0.935154
-0.865931
-0.854207
-0.901176
-0.827423
-0.859354
-0.814462
-1.01474
-1.03282
-1.08564
-1.11199
-1.01995
-0.957814
-0.971943
-0.889515
-0.939129
-0.894431
-1.03636
-1.06954
-1.15358
-1.24603
-1.16126
-1.08192
-1.06505
-1.0219
-1.02419
-0.986305
-1.04723
-1.10646
-1.22291
-1.29687
-1.24958
-1.19258
-1.15722
-1.13425
-1.0953
-1.05956
357.775
358.232
358.69
359.201
359.731
360.119
360.4
360.657
360.822
360.98
308.459
308.881
309.309
309.825
310.448
310.828
310.953
311.144
311.282
311.463
258.825
259.168
259.64
260.135
260.837
261.191
261.256
261.165
261.18
261.4
209.11
209.431
209.815
210.288
210.827
210.976
210.852
210.371
210.115
210.637
159.171
158.838
158.709
159.075
159.995
160.302
159.279
158.3
158.599
159.241
109.124
108.046
106.384
106.556
107.727
108.349
105.318
102.511
100.98
103.2
58.552
56.5163
50.2971
46.8348
48.2803
48.7547
42.6549
37.4152
30.3406
43.3033
19.7436
18.4497
10.1255
7.38873
8.73848
10.0109
6.64269
3.3124
1.58949
9.10848
-0.184089
-0.0129666
0.116408
0.297214
0.859141
1.76241
0.50523
-0.397163
-0.1754
0.989233
-0.303936
-0.155571
0.000496123
0.211476
0.518469
0.62095
0.0441113
-0.239885
-0.198835
0.00290775
-0.463883
-0.361926
-0.213231
-0.0695912
0.0848859
0.0198898
-0.224547
-0.42102
-0.488155
-0.345882
-0.565811
-0.51691
-0.41981
-0.328029
-0.257072
-0.333124
-0.44724
-0.604443
-0.657921
-0.579969
-0.649047
-0.636314
-0.595562
-0.522058
-0.498355
-0.552732
-0.638554
-0.777264
-0.811401
-0.739768
-0.732634
-0.739185
-0.728701
-0.666826
-0.651918
-0.688781
-0.790749
-0.886535
-0.914118
-0.816167
-0.810906
-0.835725
-0.850952
-0.772671
-0.745554
-0.778123
-0.863145
-0.913321
-0.932007
-0.83434
-0.884703
-0.922638
-0.967451
-0.888487
-0.846821
-0.854323
-0.914367
-0.898892
-0.894055
-0.835234
-0.934329
-0.978269
-1.06054
-1.00757
-0.954733
-0.939285
-0.985327
-0.941055
-0.924957
-0.875906
-0.952064
-0.997073
-1.10057
-1.10718
-1.05582
-1.02726
-1.07108
-1.05744
-1.01628
-0.963771
-0.961679
-1.02047
-1.12447
-1.18816
-1.14143
-1.10872
-1.15903
-1.18096
-1.11344
-1.05914
-0.993158
-1.06519
-1.17816
-1.24222
-1.19672
-1.16429
-1.21681
-1.25996
-1.19254
-1.13199
357.745
358.052
358.467
358.978
359.518
359.96
360.295
360.582
360.765
360.937
308.604
308.662
309.053
309.602
310.233
310.655
310.891
311.102
311.25
311.455
258.761
258.832
259.255
259.86
260.796
261.238
261.26
261.23
261.277
261.48
208.553
208.506
209.061
209.849
210.978
211.434
211.219
210.709
210.323
210.84
157.961
157.496
157.823
158.852
160.51
161.632
160.742
159.229
159.155
159.548
107.602
106.255
104.959
105.144
107.709
110.202
108.339
104.065
101.585
103.548
58.1687
54.6662
47.6442
43.0146
44.9841
50.5705
48.8306
43.2202
33.8773
44.7342
20.1407
17.4896
9.72958
6.1389
7.1333
10.718
10.6416
7.18535
3.37669
9.65828
-0.135988
0.0204518
0.168391
0.397001
0.781367
1.15087
0.267677
-0.365833
-0.271309
0.82466
-0.206194
-0.0829947
0.0493521
0.256049
0.4842
0.519335
0.0861259
-0.208328
-0.195854
0.0169685
-0.349681
-0.269121
-0.166237
-0.0356936
0.103664
0.0716991
-0.15726
-0.366953
-0.434829
-0.31923
-0.508146
-0.469039
-0.378496
-0.297113
-0.271585
-0.327787
-0.476625
-0.618537
-0.675725
-0.601993
-0.636783
-0.646875
-0.581389
-0.515431
-0.545354
-0.590916
-0.724273
-0.808653
-0.858964
-0.784163
-0.741306
-0.781715
-0.754833
-0.686536
-0.721189
-0.759119
-0.873251
-0.92225
-0.969969
-0.856005
-0.827052
-0.874154
-0.88881
-0.816134
-0.856144
-0.868646
-0.949048
-0.970137
-0.985024
-0.873283
-0.8842
-0.933145
-0.982336
-0.941169
-0.981258
-0.971001
-1.03121
-0.992355
-0.957198
-0.88739
-0.904748
-0.948221
-1.02247
-1.04568
-1.09824
-1.08971
-1.15167
-1.07642
-1.0059
-0.948447
-0.903905
-0.937833
-1.02747
-1.10869
-1.17807
-1.19556
-1.25243
-1.21195
-1.11619
-1.05288
-0.915095
-0.950971
-1.07518
-1.15823
-1.21384
-1.26809
-1.32027
-1.3138
-1.22852
-1.16119
-0.962016
-1.03751
-1.16764
-1.22023
-1.22099
-1.26033
-1.33194
-1.36521
-1.2983
-1.22636
357.846
358.136
358.531
359.051
359.622
360.169
360.634
360.998
361.244
361.437
308.345
308.585
308.995
309.592
310.242
310.805
311.264
311.553
311.732
312.045
258.408
258.455
258.915
259.572
260.388
261.176
261.672
262.002
262.293
262.319
207.812
207.36
207.641
208.729
210.172
210.973
211.412
211.452
211.456
211.941
156.452
155.867
156.178
156.981
159.058
160.495
160.766
160.392
160.495
161.253
105.281
103.998
102.71
102.286
104.106
107.098
107.475
106.549
105.512
106.597
54.1679
50.2964
42.1624
34.3937
36.8533
44.2516
47.9951
48.1038
38.3999
48.4028
12.9552
12.2041
6.91781
3.57269
4.49953
7.44981
9.57177
9.18878
5.52907
11.5603
-0.117471
0.0495201
0.244252
0.518689
0.781174
0.623504
0.122562
-0.212362
-0.120257
1.02777
-0.160891
-0.071476
0.0884165
0.333064
0.476843
0.324514
0.036611
-0.134103
-0.154566
-0.00192544
-0.277809
-0.23267
-0.157838
-0.0132571
0.075705
-0.0099047
-0.186722
-0.36244
-0.456075
-0.331038
-0.457363
-0.432599
-0.395943
-0.308404
-0.289381
-0.373272
-0.522392
-0.642349
-0.712813
-0.62858
-0.620144
-0.63287
-0.606243
-0.559206
-0.584249
-0.652618
-0.783988
-0.836643
-0.91847
-0.821376
-0.742212
-0.77074
-0.758492
-0.729997
-0.781557
-0.830009
-0.932847
-0.951703
-1.02843
-0.898333
-0.826426
-0.85153
-0.871558
-0.869315
-0.910705
-0.957821
-1.01658
-1.01518
-1.04227
-0.91326
-0.864906
-0.885869
-0.946458
-0.998244
-1.0404
-1.08642
-1.11194
-1.05507
-1.01673
-0.93206
-0.86223
-0.89835
-1.02112
-1.11231
-1.1718
-1.22398
-1.23163
-1.14819
-1.07603
-1.01452
-0.861884
-0.921356
-1.09626
-1.18954
-1.26777
-1.3385
-1.32484
-1.28696
-1.22301
-1.15654
-0.904353
-0.997777
-1.16723
-1.2372
-1.31559
-1.37096
-1.37137
-1.37964
-1.34448
-1.2718
-1.00648
-1.10936
-1.21037
-1.26416
-1.29842
-1.32083
-1.37047
-1.39255
-1.35351
-1.30026
358.249
358.458
358.847
359.431
360.075
360.761
361.385
361.901
362.276
362.487
308.734
308.858
309.287
309.939
310.649
311.386
312.058
312.543
312.858
313.238
258.746
258.608
259.236
259.955
260.843
261.761
262.553
263.272
263.727
263.858
208.206
206.995
208.128
209.111
210.264
211.499
212.421
212.899
213.361
213.896
156.868
156.015
155.742
157.119
158.816
160.842
161.982
162.356
162.983
164.033
104.919
103.312
101.322
101.724
103.693
107.389
109.65
110.221
110.706
111.491
52.5816
47.0262
40.2621
33.5995
39.9899
48.8367
53.3564
51.488
48.425
56.5979
12.3215
9.30174
5.74382
3.29966
4.4777
8.33541
11.3159
9.46733
9.81733
16.6464
-0.00742733
0.140895
0.297211
0.538799
0.603949
0.402529
0.115921
-0.0620571
0.125534
1.59389
-0.131683
-0.0535478
0.125514
0.343384
0.371167
0.151131
-0.0684081
-0.13618
-0.132259
-0.018524
-0.252457
-0.232875
-0.120848
-0.0028065
-0.0403549
-0.180167
-0.311804
-0.432771
-0.479633
-0.318182
-0.442445
-0.438549
-0.388386
-0.33878
-0.414084
-0.510825
-0.608919
-0.690032
-0.743743
-0.62531
-0.609107
-0.625063
-0.634101
-0.612236
-0.708383
-0.783216
-0.843041
-0.872525
-0.941273
-0.826395
-0.735015
-0.763791
-0.78914
-0.79082
-0.88765
-0.960726
-0.972255
-0.970434
-1.06275
-0.926073
-0.81825
-0.852739
-0.877252
-0.914255
-1.0094
-1.07131
-1.03155
-1.03825
-1.0872
-0.951508
-0.866301
-0.915442
-0.970326
-1.03472
-1.13012
-1.15947
-1.11021
-1.0852
-1.07095
-0.972568
-0.905251
-0.993685
-1.08913
-1.16434
-1.25923
-1.24064
-1.21082
-1.18122
-1.13521
-1.06967
-0.966437
-1.08638
-1.17737
-1.27052
-1.34284
-1.30692
-1.29144
-1.31363
-1.30148
-1.24034
-1.06093
-1.15254
-1.20107
-1.30938
-1.37555
-1.34823
-1.33466
-1.3836
-1.39182
-1.32637
-1.13418
-1.16386
-1.19203
-1.29977
-1.36628
-1.36316
-1.35313
-1.38353
-1.37143
-1.32705
358.958
359.076
359.478
360.118
360.869
361.693
362.506
363.182
363.658
363.892
309.455
309.54
309.983
310.662
311.446
312.381
313.241
313.956
314.459
314.839
259.506
259.502
259.94
260.737
261.8
262.904
263.959
264.981
265.565
265.855
209.04
208.438
209.059
209.976
211.164
212.768
214.165
215.166
215.909
216.425
157.532
156.625
157.015
158.293
160.281
162.431
164.253
165.721
166.819
167.524
105.339
102.898
102.497
103.03
105.802
109.962
113.267
115.912
117.001
116.939
54.6993
46.7502
42.9483
39.5478
43.9452
52.885
58.0062
60.688
63.3375
65.8106
17.1735
9.64599
6.51797
4.56473
5.45016
11.1023
14.8129
18.0159
21.9618
24.6381
0.0640798
0.224852
0.404793
0.527358
0.503856
0.397968
0.247188
0.268308
0.247595
2.6764
-0.0801624
0.00313463
0.170435
0.284658
0.220855
0.0128457
-0.155212
-0.110623
-0.0953196
-0.0216358
-0.224915
-0.200145
-0.0767965
-0.0584371
-0.196905
-0.331191
-0.426114
-0.472198
-0.438741
-0.295059
-0.43781
-0.431897
-0.387877
-0.439727
-0.567267
-0.644818
-0.69488
-0.735889
-0.720577
-0.593111
-0.631376
-0.630269
-0.659015
-0.702564
-0.813012
-0.869004
-0.89405
-0.896733
-0.906503
-0.797882
-0.773033
-0.780211
-0.833419
-0.862391
-0.956897
-0.995969
-0.990807
-0.980358
-1.02411
-0.913757
-0.87338
-0.894167
-0.934161
-0.97929
-1.05272
-1.0719
-1.02896
-1.03491
-1.09129
-0.973464
-0.95126
-0.992441
-1.03501
-1.08764
-1.13903
-1.12079
-1.09015
-1.09391
-1.10851
-1.01067
-1.02878
-1.09664
-1.14446
-1.19684
-1.22265
-1.17541
-1.17156
-1.18337
-1.1645
-1.09857
-1.11649
-1.18134
-1.22046
-1.27574
-1.29521
-1.23985
-1.24527
-1.2979
-1.29924
-1.24918
-1.17541
-1.21093
-1.24078
-1.30566
-1.34543
-1.32205
-1.31722
-1.37512
-1.38717
-1.32778
-1.18018
-1.197
-1.23224
-1.30581
-1.36272
-1.39114
-1.39651
-1.41838
-1.39577
-1.34179
359.779
359.905
360.355
361.097
361.985
362.954
363.905
364.732
365.331
365.748
310.289
310.409
310.915
311.725
312.694
313.765
314.793
315.692
316.341
316.793
260.311
260.458
261.012
262.016
263.272
264.647
265.925
267.134
267.866
268.24
209.81
209.72
210.469
211.718
213.227
214.906
216.597
218.083
218.909
219.491
158.147
158.201
159.009
160.883
163.263
165.678
167.763
170.028
171.086
171.709
106.734
104.128
105.913
108.085
111.431
115.523
118.962
122.009
122.941
122.938
58.1269
50.4423
51.232
53.7653
56.9915
62.4243
67.4494
72.2166
73.2678
74.3425
20.7486
11.3003
9.55736
12.6278
16.447
22.5352
27.0336
31.0145
32.4772
34.3145
0.395043
0.405032
0.528
0.585237
0.541568
0.510374
0.869915
1.79626
2.57555
7.84215
0.08337
0.151326
0.264268
0.218655
0.0898113
-0.115709
-0.199143
-0.102065
-0.0746992
0.169341
-0.211396
-0.160806
-0.0997441
-0.202597
-0.34585
-0.426999
-0.463376
-0.435288
-0.376989
-0.266344
-0.495297
-0.464181
-0.481748
-0.602278
-0.697863
-0.731339
-0.741182
-0.731082
-0.669743
-0.538277
-0.719678
-0.696595
-0.738679
-0.803281
-0.872524
-0.907793
-0.916768
-0.902847
-0.861312
-0.750594
-0.875069
-0.862873
-0.890249
-0.912503
-0.971575
-0.997999
-0.999984
-0.98702
-0.987192
-0.892756
-0.974631
-0.973959
-0.99376
-1.00958
-1.04569
-1.05576
-1.04334
-1.03272
-1.07287
-0.980391
-1.05366
-1.07129
-1.09581
-1.11013
-1.11341
-1.10056
-1.09067
-1.09485
-1.12196
-1.04221
-1.13062
-1.15841
-1.18705
-1.20277
-1.19068
-1.14489
-1.15001
-1.17715
-1.17958
-1.11671
-1.18005
-1.21042
-1.23763
-1.26305
-1.27587
-1.22711
-1.23056
-1.27692
-1.2723
-1.22661
-1.18975
-1.21695
-1.23996
-1.28032
-1.34639
-1.37063
-1.35834
-1.38201
-1.36017
-1.31429
-1.17278
-1.19376
-1.21321
-1.25842
-1.3466
-1.44487
-1.48487
-1.47723
-1.42279
-1.36378
360.672
360.838
361.354
362.187
363.214
364.334
365.437
366.367
367.056
367.486
311.199
311.399
311.992
312.924
314.054
315.271
316.472
317.524
318.32
318.835
261.158
261.532
262.268
263.457
264.936
266.544
268.095
269.547
270.304
270.744
210.479
211.052
212.105
213.642
215.45
217.384
219.258
220.99
222.125
222.881
159.145
160.155
161.456
163.795
166.48
169.247
171.798
174.334
175.421
176.268
108.578
107.598
109.862
112.972
116.687
120.632
123.984
127.55
128.997
129.631
58.4738
55.6034
59.2677
65.2253
69.4187
73.2277
76.9221
81.6639
83.3336
84.1314
18.8563
13.8032
14.9542
22.0287
28.0974
32.3275
37.4548
42.8347
42.9348
44.325
0.761598
0.771421
0.745326
0.830014
0.713822
1.12912
4.13212
8.64298
10.9207
16.5852
0.258294
0.295875
0.296515
0.123147
-0.0549477
-0.202545
-0.0734347
0.143355
0.148386
0.729632
-0.251258
-0.218805
-0.280823
-0.405931
-0.469366
-0.474671
-0.432921
-0.351654
-0.351291
-0.262739
-0.626144
-0.576001
-0.650734
-0.734913
-0.775584
-0.775766
-0.746764
-0.673272
-0.601204
-0.466787
-0.837568
-0.788758
-0.821457
-0.857406
-0.892451
-0.915781
-0.912425
-0.863229
-0.792997
-0.697348
-0.98423
-0.942177
-0.941545
-0.943115
-0.971107
-0.991498
-0.992257
-0.966626
-0.931375
-0.856573
-1.08924
-1.07748
-1.06341
-1.04229
-1.04902
-1.05535
-1.05184
-1.02939
-1.03547
-0.971522
-1.15621
-1.17588
-1.17951
-1.15399
-1.13226
-1.11196
-1.10914
-1.09758
-1.12158
-1.05558
-1.19748
-1.23763
-1.26808
-1.26494
-1.23831
-1.17723
-1.16226
-1.16989
-1.1897
-1.1269
-1.20743
-1.2588
-1.30704
-1.34424
-1.36751
-1.30564
-1.25654
-1.25772
-1.26219
-1.20943
-1.19226
-1.23798
-1.28383
-1.34759
-1.44137
-1.47475
-1.41374
-1.3769
-1.34182
-1.28959
-1.16239
-1.19254
-1.2213
-1.27262
-1.37584
-1.48604
-1.507
-1.46385
-1.4038
-1.35236
361.589
361.787
362.362
363.282
364.43
365.684
366.915
367.956
368.714
369.192
312.192
312.433
313.089
314.126
315.408
316.778
318.14
319.369
320.193
320.785
262.373
262.745
263.574
264.897
266.546
268.356
270.099
271.564
272.599
273.126
212.136
212.636
213.764
215.465
217.543
219.738
221.893
223.944
225.171
226.089
161.252
162.088
163.751
166.247
169.237
172.544
175.448
178.442
179.358
180.474
109.7
110.703
113.18
116.513
120.402
124.796
128.934
132.755
134.712
136.022
58.4921
59.397
63.4097
68.7501
73.9367
79.1074
84.235
89.6107
92.0067
93.6566
15.7549
16.2653
19.1615
24.3603
29.5674
36.2302
44.5567
51.1845
52.5217
54.302
0.766148
0.814244
0.777849
0.99141
1.23655
4.53306
12.0309
18.3645
20.5711
29.0337
0.227881
0.261769
0.180065
0.0063151
-0.118358
-0.0436472
0.195327
0.547155
1.29458
7.29898
-0.385659
-0.368686
-0.456953
-0.509019
-0.507231
-0.438837
-0.389247
-0.400055
-0.399057
-0.136816
-0.765916
-0.712396
-0.747718
-0.783277
-0.800104
-0.775329
-0.717463
-0.643542
-0.591601
-0.491678
-0.954864
-0.889288
-0.859071
-0.865206
-0.886142
-0.901471
-0.876497
-0.81399
-0.759959
-0.652621
-1.09104
-1.04109
-0.974669
-0.952181
-0.954651
-0.96572
-0.955532
-0.916266
-0.880755
-0.798404
-1.2002
-1.18817
-1.13029
-1.07973
-1.05579
-1.04803
-1.03783
-1.01023
-1.00144
-0.948763
-1.26518
-1.29937
-1.29322
-1.24998
-1.19705
-1.1518
-1.13447
-1.11039
-1.11705
-1.0571
-1.27984
-1.34958
-1.40576
-1.42366
-1.3824
-1.28607
-1.22447
-1.19407
-1.20368
-1.12196
-1.25292
-1.3362
-1.43144
-1.51445
-1.53802
-1.46146
-1.33671
-1.27708
-1.25735
-1.18116
-1.19626
-1.25791
-1.34327
-1.44447
-1.52121
-1.52217
-1.43862
-1.35931
-1.30709
-1.24262
-1.14348
-1.17346
-1.21345
-1.27223
-1.34786
-1.42012
-1.42802
-1.38506
-1.34418
-1.29539
362.382
362.599
363.233
364.23
365.477
366.843
368.169
369.316
370.141
370.652
313.033
313.299
314.027
315.163
316.579
318.138
319.641
320.97
321.887
322.465
263.318
263.706
264.649
266.101
267.9
269.888
271.756
273.387
274.44
275.198
213.204
213.767
215.041
216.951
219.291
221.746
224.195
226.538
227.815
228.911
162.643
163.453
165.281
167.952
171.319
175.148
178.487
181.192
182.719
183.977
111.226
112.458
115.133
118.797
123.204
128.253
132.828
137.018
139.609
141.286
59.4796
60.9695
64.6734
69.4669
75.3394
82.8898
89.6135
95.4761
99.0344
101.214
13.6669
15.8254
19.2767
23.1118
29.7723
41.5237
51.1568
58.139
61.4662
63.9912
0.718934
0.793661
0.868537
1.03543
2.69012
9.61163
19.2855
27.6107
31.854
40.2282
0.131463
0.15601
0.104367
0.0622704
0.12738
0.380288
0.816227
4.74205
10.0068
17.7026
-0.485154
-0.464399
-0.481254
-0.476101
-0.404992
-0.289911
-0.304003
-0.191304
0.0017741
3.52905
-0.801994
-0.757087
-0.748288
-0.76033
-0.749322
-0.698911
-0.651503
-0.610029
-0.68672
-0.608428
-0.972155
-0.909
-0.856622
-0.843606
-0.855452
-0.845722
-0.811555
-0.759308
-0.732634
-0.626961
-1.13913
-1.0808
-0.998507
-0.949769
-0.925975
-0.915196
-0.896493
-0.85692
-0.837813
-0.783299
-1.30552
-1.28222
-1.20584
-1.12081
-1.0562
-1.01855
-1.00127
-0.976978
-0.969724
-0.952421
-1.40821
-1.45187
-1.4439
-1.37186
-1.26885
-1.17517
-1.13234
-1.10208
-1.08588
-1.03542
-1.41222
-1.52726
-1.60509
-1.58543
-1.49593
-1.34781
-1.25491
-1.20322
-1.18274
-1.08125
-1.30291
-1.42702
-1.5474
-1.61359
-1.58362
-1.45664
-1.34488
-1.27116
-1.2247
-1.12637
-1.17861
-1.24566
-1.34236
-1.42479
-1.45369
-1.42541
-1.34689
-1.27892
-1.22946
-1.15914
-1.10118
-1.12071
-1.15231
-1.1931
-1.23296
-1.26637
-1.26926
-1.23762
-1.22246
-1.18968
362.917
363.171
363.861
364.918
366.231
367.671
369.057
370.263
371.115
371.673
313.594
313.896
314.695
315.908
317.4
319.005
320.618
321.973
322.869
323.583
263.919
264.357
265.394
266.948
268.85
270.861
272.963
274.593
275.609
276.489
213.89
214.486
215.912
217.983
220.478
223.072
225.619
228.013
229.382
230.523
163.3
164.143
166.127
168.884
172.645
176.741
180.156
182.905
185.121
186.758
111.087
112.607
115.771
120.056
124.995
130.349
135.441
139.93
143.445
145.356
56.4501
57.1914
58.8241
63.5097
72.8087
83.3279
92.4387
99.0445
103.673
106.024
12.653
15.1449
17.2719
18.6693
24.4532
35.6378
50.3191
60.7095
67.5105
70.6325
0.913421
0.921777
1.15834
1.85937
6.31532
15.7421
24.0087
31.7469
38.7225
45.9505
-0.0181454
0.00832133
0.0910921
0.334587
0.795465
1.38279
3.57853
10.6167
16.3275
24.2264
-0.510164
-0.481019
-0.479538
-0.44148
-0.337776
-0.23211
-0.147597
0.0563734
5.64453
9.44129
-0.80426
-0.754431
-0.718591
-0.714964
-0.694155
-0.673592
-0.65371
-0.723105
-0.85801
0.358912
-1.00686
-0.937702
-0.871526
-0.845154
-0.825801
-0.788597
-0.759118
-0.73586
-0.770042
-0.423218
-1.22106
-1.1377
-1.0404
-0.967477
-0.920664
-0.887428
-0.863976
-0.839944
-0.861045
-0.62339
-1.4521
-1.39076
-1.27684
-1.16094
-1.06426
-1.00648
-0.990179
-0.975703
-0.969196
-1.02399
-1.54156
-1.58768
-1.54214
-1.43305
-1.29284
-1.17314
-1.1178
-1.08536
-1.02961
-0.999749
-1.4314
-1.55967
-1.63857
-1.62647
-1.51517
-1.35723
-1.24056
-1.17057
-1.0925
-1.01334
-1.2517
-1.36535
-1.47423
-1.53372
-1.51732
-1.42782
-1.31328
-1.22275
-1.14768
-1.05178
-1.10954
-1.16092
-1.21925
-1.27092
-1.29527
-1.28896
-1.25237
-1.19984
-1.16013
-1.07946
-1.04182
-1.04984
-1.06012
-1.08421
-1.10093
-1.10952
-1.12568
-1.12546
-1.135
-1.09016
363.278
363.55
364.291
365.426
366.827
368.289
369.756
370.99
371.905
372.479
314.035
314.355
315.199
316.471
318.015
319.699
321.35
322.756
323.769
324.451
264.571
265.005
266.107
267.729
269.763
271.717
273.741
275.484
276.731
277.63
214.718
215.316
216.796
218.929
221.41
224.185
226.873
229.089
230.703
232.035
164.857
165.787
167.907
170.783
174.194
178.06
181.449
184.5
186.895
188.624
112.698
114.077
117.207
121.765
127.024
132.367
137.221
141.859
144.887
147.17
59.6391
60.9297
64.2203
69.7536
78.4038
87.9166
95.9343
101.455
105.442
108.916
25.7709
28.6569
32.306
33.8859
40.6681
50.3194
57.7493
64.6392
71.7362
76.138
3.85371
4.51014
4.98647
11.4931
25.63
36.382
38.3085
40.1607
46.0306
52.808
0.0357961
0.131513
0.845395
2.76761
5.62889
9.32927
16.8162
20.7094
24.5318
32.2003
-0.372615
-0.354065
-0.401213
-0.270879
-0.0121303
0.423179
2.32678
6.28403
10.3997
18.4427
-0.716742
-0.666026
-0.600535
-0.539345
-0.509558
-0.579013
-0.588974
-0.221763
1.09336
12.0047
-0.923755
-0.863248
-0.8114
-0.772812
-0.723627
-0.647035
-0.546106
-0.51025
-0.170925
13.4151
-1.08299
-1.02966
-0.962689
-0.904453
-0.852916
-0.803988
-0.737152
-0.708136
-0.572185
4.13983
-1.20164
-1.19819
-1.14001
-1.05866
-0.988168
-0.952523
-0.9287
-0.927463
-0.883827
-1.10307
-1.24668
-1.29628
-1.29003
-1.23679
-1.15591
-1.09168
-1.05823
-1.03197
-1.0051
-0.992592
-1.19362
-1.2673
-1.31257
-1.29971
-1.24503
-1.1835
-1.12844
-1.07353
-1.00631
-0.992631
-1.10857
-1.15905
-1.20361
-1.21666
-1.19317
-1.15834
-1.12155
-1.08364
-1.04571
-1.02067
-1.04771
-1.0689
-1.0862
-1.0885
-1.06822
-1.04996
-1.05168
-1.05299
-1.05167
-1.02515
-1.02362
-1.03204
-1.03633
-1.03459
-1.0126
-0.986594
-0.98683
-1.0039
-1.02484
-1.02466
-1.14849
-1.18847
-1.1821
-1.13209
-1.0429
-1.02757
-1.08282
-1.13398
-1.10732
-1.01879
-1.26275
-1.34307
-1.32072
-1.22161
-1.14424
-1.1468
-1.20998
-1.21618
-1.14391
-1.03715
-1.31998
-1.3704
-1.33797
-1.26694
-1.2444
-1.2606
-1.31555
-1.27308
-1.16771
-1.07229
-1.31792
-1.29322
-1.24227
-1.26553
-1.31609
-1.33952
-1.36167
-1.32287
-1.24395
-1.15951
-1.31493
-1.23989
-1.14899
-1.20125
-1.31791
-1.34135
-1.36627
-1.36968
-1.36271
-1.30969
-1.33726
-1.27426
-1.16948
-1.17775
-1.27615
-1.31261
-1.35406
-1.40845
-1.4483
-1.44509
-1.36811
-1.34767
-1.28318
-1.24828
-1.29436
-1.33113
-1.37733
-1.45035
-1.50065
-1.5128
-1.40502
-1.41192
-1.40744
-1.39223
-1.40987
-1.44544
-1.48321
-1.52046
-1.55602
-1.55982
-1.44195
-1.4617
-1.48354
-1.51537
-1.54566
-1.57609
-1.60172
-1.6142
-1.62533
-1.61221
-1.47867
-1.49797
-1.52771
-1.56786
-1.61603
-1.65888
-1.68494
-1.68964
-1.66432
-1.64537
-1.51607
-1.52954
-1.55203
-1.58526
-1.62471
-1.66058
-1.68228
-1.6762
-1.66233
-1.65111
-1.55508
-1.56226
-1.57397
-1.59182
-1.6158
-1.63835
-1.6534
-1.65441
-1.65139
-1.64914
-1.59701
-1.59943
-1.60346
-1.60837
-1.61602
-1.62632
-1.63607
-1.64483
-1.65208
-1.6538
-1.64183
-1.64144
-1.64181
-1.64126
-1.64012
-1.6425
-1.64999
-1.66084
-1.66794
-1.67164
-1.68818
-1.68642
-1.68523
-1.6837
-1.68126
-1.68094
-1.68411
-1.69163
-1.69601
-1.69953
-1.73476
-1.73224
-1.73069
-1.72958
-1.72744
-1.72624
-1.7271
-1.73019
-1.73337
-1.73548
-1.7813
-1.77826
-1.77609
-1.77533
-1.77472
-1.77385
-1.77344
-1.77399
-1.77565
-1.77659
-1.82819
-1.82485
-1.82198
-1.82043
-1.82052
-1.82096
-1.8206
-1.82041
-1.82082
-1.82123
-1.876
-1.87263
-1.86948
-1.86725
-1.86675
-1.86747
-1.86775
-1.86777
-1.86795
-1.86814
-1.92514
-1.92195
-1.91884
-1.91637
-1.91534
-1.91564
-1.91634
-1.9167
-1.91699
-1.91714
-1.19648
-1.2669
-1.26812
-1.15976
-1.08734
-1.12969
-1.21482
-1.28017
-1.23555
-1.09757
-1.34203
-1.45561
-1.41816
-1.25681
-1.21256
-1.26293
-1.35317
-1.3785
-1.26714
-1.08885
-1.41805
-1.50171
-1.45059
-1.32589
-1.33388
-1.38759
-1.47263
-1.43153
-1.24049
-1.06004
-1.40193
-1.42051
-1.4066
-1.38849
-1.4182
-1.47695
-1.54594
-1.44689
-1.24647
-1.11026
-1.36725
-1.33594
-1.32996
-1.43904
-1.4634
-1.51084
-1.55031
-1.47519
-1.35478
-1.26898
-1.3652
-1.32367
-1.29143
-1.38745
-1.4341
-1.45901
-1.52353
-1.54389
-1.47811
-1.4408
-1.39471
-1.36996
-1.34046
-1.36655
-1.40467
-1.43093
-1.51957
-1.62583
-1.56678
-1.53832
-1.42577
-1.43741
-1.43108
-1.44741
-1.48146
-1.51415
-1.58229
-1.66306
-1.63142
-1.59058
-1.44912
-1.4842
-1.5156
-1.54784
-1.59518
-1.63878
-1.68282
-1.6983
-1.67726
-1.63478
-1.47699
-1.50579
-1.55334
-1.60898
-1.66574
-1.70151
-1.72147
-1.7153
-1.68745
-1.65526
-1.51171
-1.52687
-1.55929
-1.60856
-1.66601
-1.69807
-1.70568
-1.69533
-1.67135
-1.65273
-1.55056
-1.55622
-1.56973
-1.59416
-1.62792
-1.65608
-1.66552
-1.65983
-1.65091
-1.64487
-1.59362
-1.59394
-1.59683
-1.60374
-1.61329
-1.6233
-1.63103
-1.63815
-1.64502
-1.64665
-1.64003
-1.6378
-1.63636
-1.63735
-1.639
-1.63833
-1.63836
-1.64827
-1.65809
-1.66365
-1.68741
-1.68442
-1.68192
-1.68053
-1.67918
-1.67642
-1.67458
-1.6797
-1.68761
-1.69282
-1.7343
-1.73102
-1.72779
-1.72515
-1.723
-1.72253
-1.72124
-1.72286
-1.72718
-1.73039
-1.78063
-1.77708
-1.77329
-1.76947
-1.76888
-1.77114
-1.77093
-1.77044
-1.77191
-1.77323
-1.82719
-1.82356
-1.81986
-1.81616
-1.81554
-1.81863
-1.81946
-1.8182
-1.8182
-1.81878
-1.87476
-1.87117
-1.86768
-1.86479
-1.86393
-1.86585
-1.86679
-1.86612
-1.86599
-1.86621
-1.92391
-1.9205
-1.91708
-1.91441
-1.91345
-1.91423
-1.915
-1.91508
-1.91529
-1.91548
-1.2479
-1.30781
-1.25651
-1.09841
-1.06547
-1.15471
-1.2601
-1.33815
-1.25514
-1.1288
-1.39253
-1.47185
-1.37922
-1.22511
-1.22639
-1.29587
-1.40896
-1.46364
-1.31553
-1.14327
-1.45758
-1.50927
-1.42202
-1.33396
-1.37117
-1.43046
-1.51995
-1.48727
-1.26407
-1.11529
-1.43779
-1.4602
-1.4416
-1.42057
-1.46788
-1.52926
-1.57599
-1.44903
-1.21469
-1.14815
-1.40314
-1.41131
-1.45345
-1.4838
-1.51911
-1.59699
-1.63841
-1.50297
-1.31219
-1.27596
-1.39263
-1.39149
-1.44142
-1.49392
-1.51358
-1.62495
-1.74359
-1.68153
-1.48972
-1.43289
-1.40049
-1.41437
-1.43979
-1.48806
-1.5053
-1.62813
-1.84132
-1.86541
-1.62884
-1.55128
-1.41533
-1.45139
-1.4829
-1.5188
-1.54806
-1.64808
-1.85299
-1.90191
-1.70179
-1.62431
-1.43575
-1.47806
-1.53305
-1.58801
-1.62664
-1.68383
-1.80459
-1.83582
-1.73606
-1.66006
-1.4641
-1.4935
-1.54936
-1.62132
-1.67734
-1.70517
-1.74604
-1.75685
-1.72228
-1.66691
-1.49876
-1.51038
-1.54382
-1.59736
-1.64834
-1.67382
-1.69371
-1.69729
-1.68287
-1.65126
-1.53993
-1.53965
-1.54835
-1.5684
-1.5921
-1.60748
-1.6273
-1.64315
-1.64499
-1.63579
-1.58764
-1.58322
-1.57954
-1.5804
-1.58131
-1.58156
-1.59053
-1.61721
-1.63141
-1.63667
-1.638
-1.63271
-1.62732
-1.62283
-1.61829
-1.61372
-1.61458
-1.63272
-1.64521
-1.65496
-1.68797
-1.68322
-1.67846
-1.67259
-1.66665
-1.66269
-1.66139
-1.66886
-1.67781
-1.68596
-1.73544
-1.73126
-1.72698
-1.72078
-1.71484
-1.71234
-1.71174
-1.71479
-1.72058
-1.72499
-1.78091
-1.7767
-1.77236
-1.76695
-1.76305
-1.76372
-1.76473
-1.7652
-1.76711
-1.76876
-1.82591
-1.82161
-1.8168
-1.81252
-1.81068
-1.81396
-1.81622
-1.81541
-1.81456
-1.81496
-1.87234
-1.86806
-1.86307
-1.85871
-1.85796
-1.86163
-1.86483
-1.86359
-1.86255
-1.86259
-1.92128
-1.91729
-1.91272
-1.90843
-1.90726
-1.90951
-1.91179
-1.91192
-1.91195
-1.91214
-1.28253
-1.30759
-1.22712
-1.10584
-1.09047
-1.14701
-1.20172
-1.22387
-1.17052
-1.12151
-1.39012
-1.4298
-1.35334
-1.26396
-1.2541
-1.27264
-1.3137
-1.31319
-1.23574
-1.16474
-1.42649
-1.46106
-1.43779
-1.40093
-1.39771
-1.39583
-1.40731
-1.35459
-1.24146
-1.17041
-1.40653
-1.44924
-1.49477
-1.48464
-1.49158
-1.50079
-1.48901
-1.38332
-1.24681
-1.20004
-1.38343
-1.44499
-1.5319
-1.53504
-1.55452
-1.60234
-1.59615
-1.47233
-1.33281
-1.31268
-1.3658
-1.43581
-1.54283
-1.57886
-1.62185
-1.72277
-1.76486
-1.64419
-1.48348
-1.43909
-1.35343
-1.41465
-1.51917
-1.59356
-1.651
-1.8099
-1.95408
-1.85034
-1.61887
-1.55253
-1.36232
-1.40114
-1.48539
-1.56865
-1.64112
-1.81548
-2.02275
-1.96545
-1.71656
-1.62826
-1.39866
-1.41608
-1.48021
-1.55127
-1.61512
-1.74043
-1.91745
-1.90199
-1.76019
-1.657
-1.44311
-1.4483
-1.49008
-1.53955
-1.57624
-1.6253
-1.73987
-1.74697
-1.71997
-1.65219
-1.48222
-1.47865
-1.4918
-1.51373
-1.52249
-1.51871
-1.58255
-1.63704
-1.65587
-1.63126
-1.52539
-1.51873
-1.50769
-1.50839
-1.49879
-1.4874
-1.51222
-1.58671
-1.61796
-1.61776
-1.57921
-1.57198
-1.55854
-1.54664
-1.53133
-1.52208
-1.53598
-1.59018
-1.61517
-1.62652
-1.63689
-1.62924
-1.61985
-1.60755
-1.59473
-1.58792
-1.59676
-1.62436
-1.63539
-1.64759
-1.68953
-1.68231
-1.67588
-1.66511
-1.65511
-1.6506
-1.65353
-1.66234
-1.67158
-1.67989
-1.73759
-1.73046
-1.72422
-1.7152
-1.70766
-1.70455
-1.70449
-1.70778
-1.71492
-1.71936
-1.78252
-1.77583
-1.7689
-1.7614
-1.75701
-1.75591
-1.75684
-1.75869
-1.76152
-1.76329
-1.82567
-1.82011
-1.81315
-1.80579
-1.80397
-1.8059
-1.80902
-1.80999
-1.80908
-1.80956
-1.87014
-1.86548
-1.85931
-1.85247
-1.8503
-1.85322
-1.85722
-1.85846
-1.85722
-1.85726
-1.91835
-1.91414
-1.90875
-1.90329
-1.90016
-1.90172
-1.90559
-1.90675
-1.90689
-1.90717
-1.30409
-1.30883
-1.22535
-1.1425
-1.13814
-1.1572
-1.1807
-1.17258
-1.13865
-1.1099
-1.36277
-1.38856
-1.35599
-1.3137
-1.30325
-1.28247
-1.27726
-1.23673
-1.18261
-1.1549
-1.374
-1.41384
-1.45151
-1.45782
-1.43867
-1.39275
-1.3593
-1.28473
-1.20861
-1.18419
-1.36426
-1.41835
-1.50119
-1.53336
-1.52165
-1.48215
-1.44259
-1.35011
-1.26365
-1.24233
-1.36318
-1.43422
-1.53026
-1.56549
-1.57589
-1.57595
-1.54755
-1.44914
-1.35897
-1.34015
-1.35509
-1.44595
-1.55573
-1.60221
-1.63681
-1.70046
-1.69375
-1.57952
-1.47224
-1.44369
-1.33081
-1.41586
-1.548
-1.6297
-1.69446
-1.82497
-1.86186
-1.72832
-1.58374
-1.53733
-1.32582
-1.36465
-1.49047
-1.59436
-1.69243
-1.86959
-1.97294
-1.84966
-1.67828
-1.60504
-1.36409
-1.3525
-1.43569
-1.52099
-1.61548
-1.77117
-1.90822
-1.81416
-1.70595
-1.62943
-1.42352
-1.38377
-1.41182
-1.45425
-1.4996
-1.57606
-1.69848
-1.69305
-1.66368
-1.62338
-1.47053
-1.43527
-1.41412
-1.42366
-1.42218
-1.43606
-1.50655
-1.59161
-1.61427
-1.60744
-1.51727
-1.49194
-1.45752
-1.45163
-1.43254
-1.42991
-1.46569
-1.55495
-1.59342
-1.60253
-1.57959
-1.56668
-1.53616
-1.5233
-1.50265
-1.49622
-1.52138
-1.57566
-1.60337
-1.61754
-1.64414
-1.63675
-1.62005
-1.59944
-1.58112
-1.57545
-1.59044
-1.61488
-1.63084
-1.64159
-1.70142
-1.69357
-1.68178
-1.66096
-1.64579
-1.64119
-1.6469
-1.65546
-1.66777
-1.6747
-1.74339
-1.73609
-1.72664
-1.71078
-1.70007
-1.69667
-1.69739
-1.70178
-1.71002
-1.71387
-1.78449
-1.77715
-1.76808
-1.75678
-1.75017
-1.74811
-1.74967
-1.75211
-1.75524
-1.75713
-1.8253
-1.81905
-1.81055
-1.80172
-1.79813
-1.79801
-1.80045
-1.8021
-1.80192
-1.80268
-1.86804
-1.86281
-1.85581
-1.84769
-1.84449
-1.84543
-1.84792
-1.84996
-1.84971
-1.85011
-1.91559
-1.91096
-1.90484
-1.89813
-1.89393
-1.89413
-1.89696
-1.89879
-1.8998
-1.90045
-1.28533
-1.29258
-1.23175
-1.16783
-1.19982
-1.19137
-1.18655
-1.15336
-1.112
-1.09032
-1.30743
-1.33765
-1.36193
-1.35379
-1.34486
-1.30587
-1.28567
-1.23158
-1.16774
-1.14287
-1.31308
-1.3603
-1.45676
-1.4949
-1.45584
-1.40242
-1.36913
-1.29728
-1.22011
-1.1938
-1.32691
-1.37882
-1.49106
-1.5557
-1.52286
-1.47949
-1.44725
-1.37208
-1.29246
-1.26453
-1.34778
-1.41105
-1.50571
-1.57426
-1.57191
-1.55748
-1.53606
-1.46322
-1.38528
-1.35335
-1.35274
-1.43747
-1.53527
-1.59988
-1.62495
-1.66411
-1.64664
-1.56222
-1.47855
-1.44088
-1.33955
-1.42204
-1.54331
-1.62405
-1.685
-1.77517
-1.7642
-1.65419
-1.5585
-1.5156
-1.34213
-1.36846
-1.49902
-1.59424
-1.69199
-1.81551
-1.8315
-1.7046
-1.61158
-1.568
-1.38293
-1.35482
-1.43334
-1.51116
-1.60902
-1.72516
-1.77099
-1.69226
-1.62259
-1.59056
-1.42819
-1.38377
-1.39059
-1.43215
-1.48704
-1.55982
-1.61582
-1.62078
-1.60133
-1.59059
-1.46784
-1.43163
-1.39542
-1.41136
-1.4239
-1.4545
-1.5011
-1.56055
-1.58075
-1.58616
-1.51717
-1.49162
-1.45181
-1.45653
-1.44561
-1.45293
-1.49066
-1.54955
-1.57944
-1.59124
-1.57866
-1.56344
-1.54114
-1.52714
-1.5121
-1.51182
-1.53788
-1.5765
-1.59799
-1.60975
-1.64162
-1.63334
-1.62225
-1.59967
-1.58155
-1.5792
-1.59388
-1.614
-1.62786
-1.63705
-1.6959
-1.6915
-1.68261
-1.65911
-1.64198
-1.63855
-1.6451
-1.65488
-1.66462
-1.67043
-1.74155
-1.73606
-1.72621
-1.70725
-1.69439
-1.69112
-1.69279
-1.69895
-1.70523
-1.70855
-1.78287
-1.77621
-1.76574
-1.75179
-1.74359
-1.74099
-1.74201
-1.74507
-1.74837
-1.75022
-1.8231
-1.81655
-1.80764
-1.79715
-1.79157
-1.78977
-1.79019
-1.7919
-1.79328
-1.79449
-1.86546
-1.85939
-1.85193
-1.84304
-1.83791
-1.83632
-1.83697
-1.83864
-1.84017
-1.84125
-1.91304
-1.90784
-1.90143
-1.89398
-1.88816
-1.88568
-1.88612
-1.8882
-1.89057
-1.89186
-1.22077
-1.23907
-1.24933
-1.23755
-1.2709
-1.2511
-1.21004
-1.1627
-1.10416
-1.08247
-1.23115
-1.27106
-1.37045
-1.40112
-1.36982
-1.34273
-1.30236
-1.23774
-1.16331
-1.13887
-1.25693
-1.30368
-1.44685
-1.50446
-1.44339
-1.41625
-1.38131
-1.31038
-1.22963
-1.19753
-1.29565
-1.34296
-1.45735
-1.52751
-1.49426
-1.47824
-1.46057
-1.39765
-1.31902
-1.27233
-1.32784
-1.38106
-1.46013
-1.52935
-1.53251
-1.53962
-1.53752
-1.49111
-1.41773
-1.35721
-1.34733
-1.41215
-1.49039
-1.55325
-1.57782
-1.60966
-1.60839
-1.56823
-1.49592
-1.43505
-1.35785
-1.4151
-1.50938
-1.5741
-1.62399
-1.67141
-1.66344
-1.61451
-1.54536
-1.49459
-1.37931
-1.39303
-1.48687
-1.55217
-1.62774
-1.6938
-1.67445
-1.62329
-1.56939
-1.53342
-1.41028
-1.39597
-1.44428
-1.49826
-1.56834
-1.62782
-1.63179
-1.59644
-1.57089
-1.55301
-1.44042
-1.42154
-1.41251
-1.45128
-1.49303
-1.53523
-1.5561
-1.56148
-1.56264
-1.56075
-1.47503
-1.45464
-1.42577
-1.44705
-1.45822
-1.48038
-1.51358
-1.54375
-1.56022
-1.56724
-1.52427
-1.50699
-1.48338
-1.48413
-1.47922
-1.49076
-1.52102
-1.55367
-1.57315
-1.58351
-1.58537
-1.57222
-1.55638
-1.54252
-1.53012
-1.53546
-1.55706
-1.58166
-1.59691
-1.60536
-1.64378
-1.63354
-1.62363
-1.60345
-1.58753
-1.58877
-1.6017
-1.61691
-1.62777
-1.63379
-1.69332
-1.68591
-1.67761
-1.6567
-1.64143
-1.6402
-1.64661
-1.65519
-1.66279
-1.66685
-1.73609
-1.73005
-1.72054
-1.70246
-1.69018
-1.68777
-1.69045
-1.69536
-1.70063
-1.70332
-1.77741
-1.77108
-1.7612
-1.74572
-1.73606
-1.73302
-1.73419
-1.73703
-1.74079
-1.74266
-1.81845
-1.81177
-1.80273
-1.79069
-1.78233
-1.77844
-1.77782
-1.77987
-1.78317
-1.78485
-1.86145
-1.85495
-1.84721
-1.83769
-1.82909
-1.82374
-1.822
-1.82451
-1.82836
-1.83072
-1.90984
-1.90423
-1.89815
-1.88987
-1.88085
-1.87405
-1.87143
-1.8742
-1.87859
-1.88112
-1.1429
-1.19529
-1.28004
-1.37449
-1.32546
-1.30214
-1.23445
-1.1794
-1.10708
-1.08467
-1.17069
-1.24061
-1.34401
-1.40645
-1.38286
-1.37001
-1.31477
-1.24853
-1.16601
-1.13841
-1.21839
-1.28742
-1.39305
-1.43647
-1.42717
-1.42218
-1.38199
-1.32295
-1.24348
-1.19971
-1.27064
-1.33248
-1.42094
-1.46608
-1.46656
-1.46954
-1.45435
-1.41181
-1.35223
-1.27562
-1.30635
-1.36877
-1.44112
-1.48706
-1.50424
-1.52059
-1.52276
-1.50189
-1.45739
-1.35661
-1.33103
-1.39148
-1.4613
-1.50866
-1.53824
-1.56979
-1.58525
-1.57053
-1.52074
-1.42921
-1.35742
-1.39831
-1.47076
-1.52114
-1.56318
-1.6012
-1.61792
-1.60724
-1.54952
-1.4828
-1.38911
-1.40666
-1.46414
-1.51141
-1.56187
-1.60197
-1.61738
-1.60533
-1.55735
-1.51543
-1.42148
-1.42818
-1.44922
-1.48575
-1.53061
-1.56444
-1.5806
-1.57975
-1.55447
-1.53313
-1.45134
-1.45124
-1.44287
-1.46933
-1.49488
-1.52142
-1.54386
-1.55775
-1.55385
-1.54561
-1.48629
-1.47921
-1.46186
-1.47548
-1.48454
-1.50426
-1.53063
-1.55206
-1.56054
-1.55957
-1.52979
-1.52079
-1.50641
-1.50521
-1.50499
-1.51938
-1.54362
-1.5656
-1.57659
-1.5786
-1.58293
-1.57734
-1.56473
-1.55259
-1.54603
-1.55496
-1.57342
-1.5911
-1.60087
-1.60314
-1.64452
-1.63868
-1.62341
-1.60582
-1.59458
-1.59858
-1.61023
-1.62247
-1.6301
-1.63227
-1.6986
-1.69012
-1.6732
-1.65429
-1.64207
-1.64247
-1.64858
-1.65627
-1.66216
-1.66416
-1.73965
-1.72918
-1.7138
-1.69752
-1.68598
-1.68403
-1.68644
-1.69145
-1.69628
-1.69819
-1.77484
-1.76671
-1.75382
-1.73996
-1.72793
-1.72376
-1.72377
-1.72769
-1.73256
-1.73456
-1.81309
-1.80551
-1.79512
-1.78304
-1.77103
-1.76331
-1.76116
-1.76529
-1.77143
-1.77388
-1.85517
-1.84779
-1.83997
-1.82924
-1.81622
-1.80564
-1.80148
-1.80603
-1.81374
-1.81736
-1.90399
-1.8974
-1.89312
-1.88381
-1.8704
-1.85792
-1.85196
-1.85404
-1.86305
-1.86794
-1.07302
-1.15223
-1.27021
-1.3243
-1.29391
-1.28123
-1.22797
-1.21106
-1.14488
-1.1123
-1.13032
-1.20509
-1.31443
-1.35408
-1.34216
-1.34078
-1.29283
-1.26666
-1.18438
-1.15319
-1.1906
-1.27092
-1.36161
-1.38461
-1.39016
-1.38819
-1.35082
-1.31629
-1.24414
-1.20196
-1.24287
-1.3261
-1.39903
-1.41782
-1.4281
-1.4282
-1.40273
-1.37037
-1.33566
-1.26835
-1.27808
-1.35777
-1.42223
-1.44773
-1.46671
-1.47011
-1.45566
-1.4292
-1.43655
-1.33872
-1.29821
-1.36873
-1.43471
-1.47142
-1.49996
-1.51389
-1.51331
-1.49497
-1.49379
-1.40438
-1.31985
-1.36933
-1.43772
-1.48301
-1.52074
-1.55002
-1.56137
-1.55371
-1.52307
-1.45723
-1.35206
-1.38269
-1.43723
-1.48115
-1.52376
-1.56077
-1.58413
-1.58931
-1.548
-1.4949
-1.39501
-1.41212
-1.43861
-1.47438
-1.51273
-1.54885
-1.58162
-1.5944
-1.56008
-1.52107
-1.43764
-1.44533
-1.45014
-1.47516
-1.50243
-1.53296
-1.56806
-1.59152
-1.57194
-1.5423
-1.48035
-1.4819
-1.47616
-1.48929
-1.50615
-1.53001
-1.56257
-1.59058
-1.58325
-1.56226
-1.53182
-1.52964
-1.51789
-1.51831
-1.52705
-1.54437
-1.57145
-1.59662
-1.59708
-1.58335
-1.59197
-1.58611
-1.5693
-1.55999
-1.56144
-1.57244
-1.59219
-1.61162
-1.61477
-1.60666
-1.65018
-1.63958
-1.61925
-1.60727
-1.6029
-1.608
-1.62041
-1.63458
-1.63748
-1.63271
-1.69564
-1.68559
-1.66223
-1.65177
-1.64406
-1.6446
-1.65128
-1.66068
-1.66468
-1.66236
-1.73443
-1.72663
-1.70654
-1.69333
-1.68239
-1.67925
-1.68164
-1.68855
-1.69343
-1.69342
-1.77266
-1.76597
-1.74838
-1.73356
-1.71935
-1.71152
-1.71064
-1.71716
-1.72395
-1.72618
-1.8087
-1.79953
-1.78648
-1.77318
-1.75622
-1.74228
-1.73775
-1.74674
-1.75743
-1.76206
-1.84776
-1.83491
-1.82842
-1.81771
-1.79844
-1.78017
-1.76988
-1.78095
-1.79673
-1.80342
-1.89717
-1.88257
-1.88314
-1.87413
-1.85541
-1.83471
-1.8193
-1.82329
-1.84255
-1.85284
-1.04506
-1.13156
-1.24702
-1.28482
-1.24299
-1.21345
-1.25113
-1.29766
-1.23104
-1.17485
-1.1079
-1.20374
-1.30666
-1.32547
-1.28506
-1.27154
-1.28745
-1.30959
-1.22982
-1.19381
-1.17693
-1.27688
-1.36623
-1.36719
-1.33055
-1.3197
-1.31868
-1.30843
-1.22967
-1.20656
-1.23754
-1.33774
-1.40946
-1.40287
-1.3744
-1.36058
-1.34962
-1.32243
-1.2706
-1.23788
-1.28138
-1.37178
-1.42986
-1.42711
-1.41087
-1.39672
-1.38185
-1.35103
-1.33882
-1.28864
-1.30877
-1.38089
-1.43419
-1.4435
-1.44237
-1.43307
-1.41654
-1.38929
-1.38757
-1.33936
-1.33528
-1.38175
-1.43188
-1.45311
-1.4677
-1.47102
-1.46297
-1.44896
-1.42893
-1.38575
-1.37374
-1.39785
-1.4318
-1.45635
-1.48308
-1.50171
-1.51068
-1.51019
-1.4789
-1.43075
-1.41953
-1.43383
-1.44153
-1.46063
-1.49185
-1.52143
-1.54753
-1.55912
-1.52798
-1.47187
-1.46412
-1.47186
-1.46134
-1.47333
-1.50169
-1.53379
-1.56634
-1.59393
-1.57018
-1.51281
-1.50993
-1.5106
-1.49142
-1.49628
-1.51849
-1.5456
-1.57861
-1.61421
-1.60168
-1.55252
-1.56401
-1.55978
-1.5342
-1.52985
-1.54319
-1.56202
-1.591
-1.6277
-1.62294
-1.58637
-1.62568
-1.61589
-1.58421
-1.57335
-1.57587
-1.58581
-1.60757
-1.64022
-1.63787
-1.61281
-1.67683
-1.66146
-1.62422
-1.61912
-1.61331
-1.61548
-1.62988
-1.65387
-1.65161
-1.63663
-1.71007
-1.69414
-1.65448
-1.65866
-1.6477
-1.64572
-1.65483
-1.67068
-1.66942
-1.66147
-1.73643
-1.7255
-1.6964
-1.69485
-1.67789
-1.67326
-1.67795
-1.6897
-1.69253
-1.68859
-1.76601
-1.75866
-1.74151
-1.72824
-1.70934
-1.69649
-1.69485
-1.70793
-1.71706
-1.71837
-1.80161
-1.79156
-1.77861
-1.76378
-1.73931
-1.71481
-1.70365
-1.72434
-1.74326
-1.75068
-1.84716
-1.82847
-1.8215
-1.80681
-1.77799
-1.74579
-1.71648
-1.74336
-1.7757
-1.78969
-1.9003
-1.88034
-1.8829
-1.86781
-1.84172
-1.8025
-1.76356
-1.772
-1.81667
-1.83736
-1.0601
-1.16344
-1.27246
-1.29301
-1.22647
-1.21379
-1.29832
-1.35568
-1.30604
-1.24499
-1.17357
-1.28524
-1.36771
-1.33806
-1.24595
-1.20764
-1.26276
-1.31166
-1.28027
-1.23655
-1.25288
-1.37569
-1.4261
-1.36943
-1.28051
-1.23726
-1.26325
-1.27634
-1.24439
-1.21844
-1.30363
-1.43399
-1.45933
-1.39515
-1.31216
-1.27984
-1.28277
-1.26322
-1.22104
-1.20721
-1.34389
-1.46711
-1.47079
-1.40905
-1.33949
-1.30383
-1.29834
-1.26993
-1.24659
-1.21938
-1.38134
-1.48307
-1.4733
-1.41845
-1.36734
-1.33393
-1.31195
-1.28272
-1.27592
-1.24391
-1.41425
-1.4925
-1.4725
-1.42724
-1.39853
-1.37489
-1.35232
-1.3264
-1.31096
-1.27721
-1.44338
-1.51056
-1.47088
-1.43258
-1.42636
-1.4217
-1.41005
-1.39514
-1.36755
-1.32707
-1.47896
-1.52922
-1.47549
-1.44259
-1.45172
-1.46445
-1.46532
-1.46335
-1.43377
-1.3827
-1.52625
-1.54424
-1.48948
-1.4639
-1.47952
-1.50042
-1.51147
-1.52346
-1.50265
-1.44608
-1.57325
-1.56918
-1.51703
-1.49648
-1.51136
-1.52978
-1.54642
-1.5714
-1.56798
-1.51213
-1.62356
-1.6064
-1.55604
-1.53656
-1.54543
-1.55665
-1.57525
-1.61103
-1.6226
-1.57007
-1.67233
-1.6491
-1.59764
-1.58352
-1.58278
-1.58604
-1.6026
-1.6479
-1.65966
-1.61554
-1.70927
-1.68491
-1.62969
-1.63033
-1.62075
-1.61838
-1.63165
-1.67552
-1.67872
-1.64545
-1.73062
-1.70945
-1.65655
-1.67282
-1.6575
-1.64783
-1.65939
-1.69173
-1.68803
-1.66772
-1.74637
-1.73261
-1.69475
-1.71078
-1.68414
-1.67158
-1.67916
-1.70096
-1.69595
-1.68821
-1.77063
-1.75609
-1.7409
-1.74079
-1.70794
-1.68405
-1.68119
-1.70578
-1.71058
-1.71079
-1.804
-1.78594
-1.78126
-1.76974
-1.72609
-1.67652
-1.65329
-1.70254
-1.72932
-1.7396
-1.85021
-1.82861
-1.8305
-1.80753
-1.75535
-1.67378
-1.6384
-1.69228
-1.75173
-1.77568
-1.90362
-1.88035
-1.88657
-1.86886
-1.83468
-1.76187
-1.69616
-1.72253
-1.79918
-1.82711
-1.1322
-1.19753
-1.26662
-1.28301
-1.25472
-1.23448
-1.33198
-1.35347
-1.31358
-1.28017
-1.22908
-1.28394
-1.33529
-1.30237
-1.22022
-1.17941
-1.25218
-1.2955
-1.28073
-1.25154
-1.28629
-1.37264
-1.40974
-1.33764
-1.21772
-1.17116
-1.16895
-1.24648
-1.2661
-1.23227
-1.32068
-1.45202
-1.46907
-1.38139
-1.25265
-1.19111
-1.17294
-1.21241
-1.23894
-1.22002
-1.35004
-1.492
-1.47979
-1.39325
-1.2842
-1.2201
-1.1976
-1.18381
-1.19664
-1.20174
-1.3881
-1.51206
-1.47602
-1.38992
-1.3031
-1.24161
-1.18221
-1.15905
-1.17315
-1.18206
-1.42573
-1.51642
-1.46583
-1.38691
-1.32832
-1.28048
-1.22083
-1.17421
-1.18868
-1.18617
-1.44921
-1.51281
-1.45059
-1.37919
-1.35467
-1.33317
-1.29369
-1.25617
-1.24902
-1.23375
-1.48017
-1.5239
-1.44597
-1.37629
-1.3799
-1.38556
-1.36678
-1.34423
-1.32736
-1.30231
-1.52597
-1.54992
-1.46902
-1.40508
-1.41992
-1.43731
-1.43074
-1.42417
-1.40852
-1.37893
-1.58463
-1.57944
-1.50989
-1.45976
-1.48121
-1.4906
-1.48623
-1.4943
-1.49604
-1.45844
-1.64481
-1.6182
-1.55973
-1.53031
-1.54357
-1.53758
-1.53885
-1.55951
-1.57985
-1.53274
-1.70236
-1.66136
-1.60826
-1.59826
-1.59231
-1.58193
-1.58731
-1.62691
-1.65442
-1.59852
-1.74437
-1.69647
-1.64177
-1.64616
-1.63729
-1.62383
-1.63041
-1.68935
-1.71019
-1.65045
-1.76848
-1.72571
-1.67773
-1.69231
-1.67568
-1.65843
-1.6707
-1.72825
-1.73208
-1.68623
-1.78074
-1.75062
-1.71722
-1.73271
-1.70328
-1.68336
-1.69785
-1.74163
-1.73112
-1.70613
-1.79698
-1.76968
-1.76116
-1.75884
-1.72123
-1.68973
-1.69652
-1.73262
-1.727
-1.72076
-1.82286
-1.7964
-1.79644
-1.78115
-1.73627
-1.68339
-1.67035
-1.71912
-1.73262
-1.74273
-1.86241
-1.83378
-1.835
-1.81691
-1.78229
-1.72205
-1.6875
-1.72463
-1.76086
-1.78129
-1.90928
-1.88141
-1.88252
-1.86959
-1.8614
-1.81214
-1.77827
-1.7811
-1.82252
-1.83967
-1.16201
-1.17508
-1.1931
-1.25883
-1.30391
-1.33841
-1.35117
-1.36077
-1.31925
-1.29325
-1.194
-1.23889
-1.26206
-1.21319
-1.22145
-1.27727
-1.31475
-1.32121
-1.27975
-1.26545
-1.24548
-1.33683
-1.38771
-1.27353
-1.14985
-1.19157
-1.25363
-1.26712
-1.27493
-1.24642
-1.28961
-1.39425
-1.46544
-1.36901
-1.18445
-1.11711
-1.17488
-1.21775
-1.28997
-1.24914
-1.32562
-1.41146
-1.43867
-1.38363
-1.25877
-1.11321
-1.10134
-1.16604
-1.25784
-1.26384
-1.36037
-1.42223
-1.40766
-1.35242
-1.26221
-1.14871
-1.04677
-1.07858
-1.17442
-1.21399
-1.38478
-1.42496
-1.39972
-1.34933
-1.25678
-1.15367
-1.03909
-1.01994
-1.11877
-1.16403
-1.39914
-1.4178
-1.39567
-1.36317
-1.30116
-1.20785
-1.13031
-1.09535
-1.16383
-1.19808
-1.41956
-1.43453
-1.39068
-1.3782
-1.33829
-1.28809
-1.25295
-1.22277
-1.2556
-1.27239
-1.47339
-1.47362
-1.41103
-1.39636
-1.38148
-1.36579
-1.35421
-1.3403
-1.34435
-1.34515
-1.54625
-1.53221
-1.45048
-1.42917
-1.43614
-1.43273
-1.43218
-1.43314
-1.43558
-1.41526
-1.61723
-1.59846
-1.51126
-1.48759
-1.49692
-1.49455
-1.5002
-1.51153
-1.52601
-1.48804
-1.68569
-1.64957
-1.58812
-1.55924
-1.56193
-1.55736
-1.56365
-1.58786
-1.61416
-1.56358
-1.74673
-1.69186
-1.64608
-1.62836
-1.62527
-1.61594
-1.62395
-1.66849
-1.69604
-1.63486
-1.7967
-1.72988
-1.69163
-1.68748
-1.67687
-1.66639
-1.6821
-1.75057
-1.76081
-1.69244
-1.8241
-1.76436
-1.73622
-1.73372
-1.71621
-1.7049
-1.73194
-1.79873
-1.79178
-1.73235
-1.83809
-1.79034
-1.77485
-1.76582
-1.74396
-1.73063
-1.75729
-1.80096
-1.79024
-1.75469
-1.85636
-1.81728
-1.80513
-1.79008
-1.76776
-1.7511
-1.76121
-1.78416
-1.77854
-1.77246
-1.88608
-1.8508
-1.83897
-1.81888
-1.80705
-1.80293
-1.79722
-1.78816
-1.79417
-1.80391
-1.92342
-1.89754
-1.8875
-1.86956
-1.87411
-1.88327
-1.88847
-1.84652
-1.85259
-1.86185
-1.16905
-1.17957
-1.2213
-1.30255
-1.35154
-1.38128
-1.42182
-1.43518
-1.37349
-1.33058
-1.1638
-1.17987
-1.23507
-1.32399
-1.36015
-1.34784
-1.38065
-1.39916
-1.33695
-1.31725
-1.17651
-1.20849
-1.28184
-1.36338
-1.38204
-1.34183
-1.33688
-1.32672
-1.30137
-1.27271
-1.22154
-1.28299
-1.33842
-1.36709
-1.3686
-1.36575
-1.28885
-1.26275
-1.31296
-1.24886
-1.29361
-1.38162
-1.39087
-1.31754
-1.2848
-1.29328
-1.23981
-1.21811
-1.35562
-1.2966
-1.34745
-1.43521
-1.43023
-1.30688
-1.15294
-1.08186
-1.09604
-1.14516
-1.31672
-1.3341
-1.36941
-1.42907
-1.46153
-1.40874
-1.22028
-0.970079
-0.895165
-1.01759
-1.20874
-1.27003
-1.37549
-1.40926
-1.45175
-1.45933
-1.37808
-1.17034
-0.970801
-0.985045
-1.16432
-1.2224
-1.39053
-1.41001
-1.43045
-1.45162
-1.43265
-1.3538
-1.22128
-1.17025
-1.24612
-1.27931
-1.43438
-1.4299
-1.40917
-1.4213
-1.41307
-1.39049
-1.35309
-1.32125
-1.33788
-1.34426
-1.49746
-1.46433
-1.41134
-1.41267
-1.41009
-1.40541
-1.39941
-1.39998
-1.40946
-1.39831
-1.56878
-1.52592
-1.45273
-1.45226
-1.45383
-1.4573
-1.46753
-1.47191
-1.48084
-1.46046
-1.6444
-1.60498
-1.53619
-1.51961
-1.52016
-1.5214
-1.53277
-1.55147
-1.56213
-1.52985
-1.71643
-1.66512
-1.61583
-1.59291
-1.59067
-1.59008
-1.60032
-1.62963
-1.64525
-1.60074
-1.78176
-1.71976
-1.67705
-1.66236
-1.6586
-1.65777
-1.67761
-1.71932
-1.72892
-1.67144
-1.83366
-1.76865
-1.73421
-1.72041
-1.71623
-1.7192
-1.7521
-1.80734
-1.80665
-1.73716
-1.87257
-1.8083
-1.78305
-1.76855
-1.76469
-1.77272
-1.81236
-1.86579
-1.85195
-1.78623
-1.89802
-1.84566
-1.82641
-1.81202
-1.81193
-1.82403
-1.84892
-1.87737
-1.85873
-1.81683
-1.92049
-1.88254
-1.87032
-1.85978
-1.86888
-1.8865
-1.88369
-1.87191
-1.85691
-1.8444
-1.94758
-1.92607
-1.91975
-1.92053
-1.94401
-1.95985
-1.9409
-1.90096
-1.88953
-1.88882
-1.15383
-1.17006
-1.1918
-1.23831
-1.30723
-1.39065
-1.48949
-1.50674
-1.43489
-1.39191
-1.14954
-1.16794
-1.20762
-1.26616
-1.31606
-1.34121
-1.41053
-1.45791
-1.40916
-1.38708
-1.16502
-1.19683
-1.25642
-1.33502
-1.37959
-1.37925
-1.37731
-1.37916
-1.35645
-1.31987
-1.20048
-1.24665
-1.32427
-1.40719
-1.44714
-1.44773
-1.40104
-1.32702
-1.30922
-1.2202
-1.2511
-1.30786
-1.38902
-1.45722
-1.47704
-1.46664
-1.40459
-1.31936
-1.35185
-1.24482
-1.30329
-1.36451
-1.43809
-1.48371
-1.46311
-1.41041
-1.33334
-1.29621
-1.42339
-1.36086
-1.34075
-1.39034
-1.45302
-1.48528
-1.44401
-1.3394
-1.22914
-1.23579
-1.38525
-1.38161
-1.36603
-1.39565
-1.4356
-1.4593
-1.42726
-1.31697
-1.21067
-1.22575
-1.3186
-1.31358
-1.38941
-1.39594
-1.41005
-1.42526
-1.40687
-1.33049
-1.24982
-1.25578
-1.31912
-1.31392
-1.41707
-1.39966
-1.38959
-1.39199
-1.37754
-1.33814
-1.29301
-1.30351
-1.36556
-1.35798
-1.45936
-1.42295
-1.39014
-1.38618
-1.38089
-1.37192
-1.35237
-1.36509
-1.40499
-1.40979
-1.52359
-1.47757
-1.43209
-1.42504
-1.42494
-1.42687
-1.42752
-1.44098
-1.45833
-1.45864
-1.596
-1.54803
-1.49697
-1.48347
-1.47962
-1.48068
-1.49104
-1.51328
-1.52655
-1.51289
-1.66714
-1.62159
-1.57083
-1.55456
-1.54722
-1.5461
-1.55713
-1.57517
-1.58935
-1.56914
-1.73821
-1.69182
-1.64597
-1.63
-1.62378
-1.62697
-1.64527
-1.66982
-1.66909
-1.63602
-1.8115
-1.75927
-1.71892
-1.70058
-1.70152
-1.71079
-1.74434
-1.78021
-1.77155
-1.71743
-1.87537
-1.81891
-1.78556
-1.76802
-1.77322
-1.79159
-1.83929
-1.88409
-1.86325
-1.79472
-1.92308
-1.86965
-1.84575
-1.8307
-1.84295
-1.86661
-1.90549
-1.94431
-1.91085
-1.84876
-1.9542
-1.9129
-1.90109
-1.89845
-1.91289
-1.92986
-1.94416
-1.95343
-1.92178
-1.88386
-1.9786
-1.95515
-1.95572
-1.97024
-1.98349
-1.98583
-1.97408
-1.95693
-1.93402
-1.92021
-1.13618
-1.15202
-1.16764
-1.19549
-1.24785
-1.34924
-1.45592
-1.47225
-1.4313
-1.3978
-1.12769
-1.14019
-1.16414
-1.19749
-1.23107
-1.26906
-1.35523
-1.42696
-1.42154
-1.40097
-1.14338
-1.16522
-1.21393
-1.27445
-1.31988
-1.33432
-1.35237
-1.3834
-1.38051
-1.33372
-1.18228
-1.21379
-1.28779
-1.37905
-1.43741
-1.46035
-1.44977
-1.38428
-1.32207
-1.20991
-1.22985
-1.26022
-1.34427
-1.46283
-1.52939
-1.55628
-1.53882
-1.42309
-1.32687
-1.2195
-1.27713
-1.29942
-1.37345
-1.49011
-1.56444
-1.58152
-1.54813
-1.4591
-1.44416
-1.33674
-1.31891
-1.3332
-1.37809
-1.45847
-1.52308
-1.52367
-1.48822
-1.46058
-1.48706
-1.41624
-1.35379
-1.35984
-1.37419
-1.40569
-1.4331
-1.42719
-1.39598
-1.42558
-1.43085
-1.37805
-1.38572
-1.38352
-1.38008
-1.37307
-1.36227
-1.34133
-1.32856
-1.35806
-1.3799
-1.35643
-1.42016
-1.41003
-1.39464
-1.37666
-1.35099
-1.33109
-1.32704
-1.34312
-1.38314
-1.37914
-1.46056
-1.44016
-1.41433
-1.395
-1.37681
-1.36598
-1.37804
-1.39981
-1.42135
-1.42144
-1.50226
-1.46997
-1.43685
-1.41708
-1.40716
-1.40039
-1.41161
-1.44501
-1.47135
-1.46793
-1.55891
-1.51783
-1.4768
-1.45263
-1.44593
-1.43863
-1.4373
-1.46756
-1.50656
-1.51268
-1.62873
-1.58299
-1.53857
-1.51444
-1.50696
-1.49862
-1.50075
-1.52102
-1.54936
-1.55432
-1.70391
-1.65894
-1.61456
-1.59388
-1.58697
-1.5859
-1.5986
-1.6149
-1.62145
-1.60972
-1.78387
-1.73717
-1.69657
-1.67762
-1.67686
-1.68503
-1.71307
-1.7357
-1.72504
-1.68878
-1.86132
-1.81127
-1.77779
-1.76181
-1.76863
-1.79065
-1.83132
-1.86513
-1.83781
-1.77976
-1.92655
-1.8784
-1.85349
-1.84517
-1.85878
-1.89081
-1.93233
-1.9606
-1.92071
-1.85542
-1.97277
-1.93307
-1.92012
-1.92187
-1.9399
-1.96628
-1.991
-2.00261
-1.95599
-1.90644
-2.00466
-1.97641
-1.9769
-1.98925
-2.00501
-2.01469
-2.01788
-2.00604
-1.969
-1.94337
-1.1121
-1.12114
-1.12639
-1.13228
-1.1728
-1.24552
-1.33072
-1.35526
-1.35844
-1.33242
-1.10616
-1.10954
-1.11309
-1.11629
-1.13525
-1.17551
-1.24633
-1.32439
-1.35669
-1.34362
-1.12639
-1.13411
-1.15745
-1.19487
-1.22833
-1.25813
-1.29368
-1.33608
-1.34266
-1.30761
-1.17096
-1.18673
-1.23273
-1.30495
-1.36459
-1.4131
-1.44607
-1.41721
-1.33276
-1.24572
-1.22218
-1.24329
-1.29805
-1.40398
-1.48719
-1.5507
-1.59055
-1.51624
-1.36061
-1.25349
-1.27055
-1.28913
-1.34443
-1.45601
-1.56179
-1.62995
-1.65422
-1.57913
-1.45579
-1.33338
-1.31306
-1.32594
-1.35939
-1.44465
-1.55798
-1.62949
-1.63883
-1.58872
-1.50606
-1.41065
-1.34981
-1.35387
-1.36487
-1.40116
-1.47301
-1.54177
-1.56509
-1.54921
-1.47424
-1.41067
-1.38434
-1.38137
-1.37752
-1.37803
-1.38845
-1.41862
-1.44925
-1.45701
-1.42358
-1.39436
-1.41957
-1.41116
-1.39888
-1.38871
-1.37438
-1.36733
-1.38182
-1.39771
-1.40998
-1.40633
-1.4566
-1.44302
-1.42341
-1.40909
-1.3982
-1.38831
-1.39461
-1.4155
-1.43561
-1.43686
-1.49618
-1.4768
-1.4521
-1.43194
-1.42374
-1.42
-1.42686
-1.44902
-1.46945
-1.47405
-1.54447
-1.51578
-1.48118
-1.45478
-1.4431
-1.44043
-1.45277
-1.47975
-1.50588
-1.51249
-1.60488
-1.56364
-1.52071
-1.48916
-1.47668
-1.46752
-1.47449
-1.50906
-1.54487
-1.55246
-1.67602
-1.62804
-1.58634
-1.55941
-1.55117
-1.5461
-1.54778
-1.56896
-1.59738
-1.59959
-1.75777
-1.70787
-1.66839
-1.6504
-1.6491
-1.65761
-1.67563
-1.68766
-1.68561
-1.66812
-1.84536
-1.79834
-1.76134
-1.7465
-1.7535
-1.77424
-1.80767
-1.82762
-1.79935
-1.75741
-1.9248
-1.88359
-1.85302
-1.84298
-1.86095
-1.89421
-1.93214
-1.94283
-1.89718
-1.84373
-1.98403
-1.95335
-1.93117
-1.93209
-1.95899
-1.99322
-2.01915
-2.01032
-1.95363
-1.90823
-2.02136
-2.0039
-1.99363
-2.00447
-2.03071
-2.0493
-2.05285
-2.02645
-1.98186
-1.95381
-1.07341
-1.0694
-1.06281
-1.06139
-1.09054
-1.12722
-1.16855
-1.19553
-1.22664
-1.22135
-1.07989
-1.07337
-1.06378
-1.05534
-1.07179
-1.09871
-1.13501
-1.19274
-1.23745
-1.25018
-1.11099
-1.10911
-1.11303
-1.12682
-1.15349
-1.1849
-1.21898
-1.25425
-1.26276
-1.27943
-1.16179
-1.16784
-1.19374
-1.23441
-1.27737
-1.32803
-1.37638
-1.38207
-1.32863
-1.30663
-1.21652
-1.23181
-1.26274
-1.32541
-1.39223
-1.46123
-1.51459
-1.50208
-1.40163
-1.33216
-1.26624
-1.28218
-1.31689
-1.38749
-1.47728
-1.54882
-1.58467
-1.54993
-1.45007
-1.36415
-1.30922
-1.32033
-1.34572
-1.40717
-1.50157
-1.57891
-1.60078
-1.56312
-1.47893
-1.4087
-1.34708
-1.35122
-1.36068
-1.39103
-1.45364
-1.52577
-1.55621
-1.53534
-1.46596
-1.41991
-1.38305
-1.38148
-1.3791
-1.38256
-1.40197
-1.43965
-1.47009
-1.46699
-1.4349
-1.41615
-1.41962
-1.41418
-1.40576
-1.39773
-1.39361
-1.39787
-1.41175
-1.42244
-1.42831
-1.42742
-1.45768
-1.44876
-1.43641
-1.4245
-1.41619
-1.41317
-1.41927
-1.43408
-1.44933
-1.45078
-1.4969
-1.48416
-1.46746
-1.45186
-1.44257
-1.44049
-1.44809
-1.46577
-1.48228
-1.48284
-1.53917
-1.52086
-1.49665
-1.47357
-1.46131
-1.45904
-1.47186
-1.49666
-1.51643
-1.52003
-1.58947
-1.56241
-1.528
-1.49755
-1.4818
-1.47778
-1.49322
-1.52741
-1.5544
-1.55902
-1.65507
-1.61977
-1.57782
-1.54382
-1.52949
-1.52508
-1.53892
-1.57529
-1.60166
-1.60431
-1.73264
-1.69405
-1.65102
-1.62333
-1.61664
-1.61872
-1.63061
-1.65775
-1.67041
-1.66497
-1.81878
-1.78612
-1.74389
-1.72298
-1.72784
-1.74664
-1.77
-1.7769
-1.76137
-1.7428
-1.9052
-1.88725
-1.84894
-1.83408
-1.85259
-1.88323
-1.90959
-1.90031
-1.85518
-1.82714
-1.97296
-1.97371
-1.94573
-1.94328
-1.96909
-2.00241
-2.01325
-1.98222
-1.92617
-1.89885
-2.01722
-2.03291
-2.01894
-2.02648
-2.05117
-2.06815
-2.05779
-2.01499
-1.97312
-1.95333
-1.03068
-1.02475
-1.01777
-1.02776
-1.04392
-1.04246
-1.05417
-1.07723
-1.1103
-1.10931
-1.05342
-1.04717
-1.04011
-1.04174
-1.05697
-1.06154
-1.07142
-1.09671
-1.11791
-1.15784
-1.09902
-1.09533
-1.09575
-1.10156
-1.11964
-1.13997
-1.15879
-1.17625
-1.17978
-1.22581
-1.15561
-1.15806
-1.17123
-1.19502
-1.2231
-1.25169
-1.27689
-1.28349
-1.27471
-1.29585
-1.21194
-1.22177
-1.24217
-1.27713
-1.31656
-1.35306
-1.3785
-1.38401
-1.36295
-1.34464
-1.26284
-1.27567
-1.29928
-1.33761
-1.39003
-1.43196
-1.45209
-1.44798
-1.41164
-1.37195
-1.30725
-1.31835
-1.33659
-1.37005
-1.41939
-1.45965
-1.47745
-1.46292
-1.42937
-1.40275
-1.34663
-1.35276
-1.36077
-1.37761
-1.40991
-1.44739
-1.46531
-1.45526
-1.43008
-1.41697
-1.38369
-1.38461
-1.38385
-1.38535
-1.39429
-1.41161
-1.42692
-1.42964
-1.4245
-1.42231
-1.42055
-1.41718
-1.4121
-1.40521
-1.40106
-1.40317
-1.41102
-1.42129
-1.43111
-1.43365
-1.45813
-1.45177
-1.44362
-1.43403
-1.42617
-1.42475
-1.43045
-1.44096
-1.45238
-1.45576
-1.49698
-1.48757
-1.47667
-1.46547
-1.45663
-1.45385
-1.4595
-1.47019
-1.48257
-1.48626
-1.53808
-1.52438
-1.50918
-1.49517
-1.48609
-1.48401
-1.49151
-1.50602
-1.51818
-1.52174
-1.58378
-1.56394
-1.54155
-1.52187
-1.51123
-1.51136
-1.52582
-1.54588
-1.55883
-1.56118
-1.64073
-1.61732
-1.58736
-1.56086
-1.54812
-1.5496
-1.56744
-1.59176
-1.60517
-1.6075
-1.70995
-1.68643
-1.65156
-1.62319
-1.61277
-1.61935
-1.6384
-1.65755
-1.66526
-1.66582
-1.78781
-1.77072
-1.73567
-1.71255
-1.70985
-1.72495
-1.74475
-1.75008
-1.74318
-1.73863
-1.86734
-1.86639
-1.84237
-1.82573
-1.83386
-1.85526
-1.86569
-1.85042
-1.8285
-1.81802
-1.93832
-1.9561
-1.95083
-1.94247
-1.95576
-1.97407
-1.96403
-1.93111
-1.90336
-1.89028
-1.99234
-2.01749
-2.02824
-2.0355
-2.04716
-2.0436
-2.01807
-1.98318
-1.96122
-1.94965
-1.02729
-1.03285
-1.03788
-1.04278
-1.03153
-1.00965
-0.999015
-0.999158
-1.00965
-1.03977
-1.05339
-1.05599
-1.06096
-1.06962
-1.07207
-1.06394
-1.05898
-1.05374
-1.0451
-1.09382
-1.09917
-1.09921
-1.10362
-1.11432
-1.12688
-1.13368
-1.13935
-1.13933
-1.14579
-1.19344
-1.15527
-1.15836
-1.16972
-1.18832
-1.21027
-1.22641
-1.23681
-1.24781
-1.25781
-1.26513
-1.21021
-1.21787
-1.23356
-1.25964
-1.29087
-1.31339
-1.3254
-1.32953
-1.324
-1.31634
-1.26058
-1.2706
-1.28917
-1.31859
-1.35427
-1.38129
-1.39155
-1.38511
-1.37144
-1.35563
-1.30502
-1.31377
-1.32949
-1.35469
-1.3867
-1.41288
-1.4231
-1.41539
-1.4004
-1.38876
-1.34486
-1.34979
-1.3585
-1.37174
-1.39063
-1.41126
-1.42245
-1.41967
-1.40972
-1.40729
-1.38239
-1.38298
-1.3847
-1.38641
-1.38919
-1.39642
-1.40549
-1.41091
-1.41418
-1.4187
-1.41958
-1.4167
-1.41343
-1.40868
-1.40236
-1.39869
-1.40243
-1.41283
-1.42718
-1.43367
-1.4574
-1.45143
-1.44493
-1.43794
-1.43071
-1.42587
-1.42917
-1.43904
-1.45307
-1.45689
-1.49622
-1.48689
-1.4774
-1.46911
-1.46342
-1.46147
-1.46521
-1.47469
-1.48491
-1.48753
-1.53694
-1.52315
-1.50934
-1.49862
-1.49368
-1.49499
-1.50168
-1.51136
-1.51939
-1.523
-1.5817
-1.56232
-1.54199
-1.5262
-1.5197
-1.52352
-1.53628
-1.54906
-1.55811
-1.5613
-1.63476
-1.61151
-1.58487
-1.56308
-1.55346
-1.55747
-1.57384
-1.59219
-1.60406
-1.60843
-1.69788
-1.67565
-1.64739
-1.6239
-1.61475
-1.62066
-1.6358
-1.65206
-1.66264
-1.66637
-1.76886
-1.75246
-1.72734
-1.7068
-1.70235
-1.71441
-1.72593
-1.73304
-1.73623
-1.73625
-1.84275
-1.83695
-1.82235
-1.80981
-1.81253
-1.82467
-1.82837
-1.82304
-1.81664
-1.81205
-1.91265
-1.91718
-1.91777
-1.91614
-1.92179
-1.92455
-1.91737
-1.90316
-1.89093
-1.88385
-1.97349
-1.98381
-1.99203
-1.99868
-2.00144
-1.99624
-1.98194
-1.96581
-1.95353
-1.94636
)
;

boundaryField
{
    lowerSideWalls
    {
        type            calculated;
        value           nonuniform List<scalar> 
800
(
364.826
315.711
266.497
217.003
167.203
115.966
61.6123
20.9012
2.61625
-0.122387
-0.450332
-0.57985
-0.652582
-0.708381
-0.742523
-0.76406
-0.804832
-0.863641
-0.930502
-1.02061
365.52
316.476
267.427
218.174
168.563
118.001
64.022
24.1503
3.86176
0.113401
-0.447735
-0.603573
-0.65943
-0.69084
-0.721558
-0.759293
-0.807068
-0.859283
-0.923287
-1.02426
366.539
317.612
268.823
220.029
171.265
122.283
70.826
30.362
5.5203
0.313257
-0.373808
-0.587648
-0.667108
-0.696723
-0.714221
-0.755724
-0.813605
-0.867207
-0.928304
-1.02887
367.783
319
270.535
222.285
174.484
126.819
78.5147
37.7633
8.30317
0.448262
-0.310332
-0.549055
-0.659196
-0.719338
-0.742965
-0.77015
-0.818686
-0.877244
-0.944129
-1.02876
369.137
320.512
272.384
224.675
177.834
131.414
85.9056
46.3967
16.8181
1.02035
-0.248198
-0.49226
-0.623586
-0.6968
-0.729079
-0.750359
-0.782575
-0.836544
-0.898205
-0.96226
370.498
322.031
274.23
227.125
181.107
136.017
92.5619
53.0363
25.8328
4.06723
-0.0963967
-0.419863
-0.572043
-0.647798
-0.682339
-0.69435
-0.704956
-0.747836
-0.824233
-0.919009
371.747
323.434
275.927
229.323
183.97
140.218
98.3138
58.4067
32.5856
10.1647
0.46164
-0.480725
-0.555685
-0.595824
-0.650944
-0.682416
-0.710767
-0.770649
-0.85864
-0.963137
372.779
324.594
277.359
231.164
186.384
143.864
103.897
65.9158
39.9059
18.0948
5.91353
0.410465
-0.701943
-0.58967
-0.69282
-0.726726
-0.764905
-0.836032
-0.932537
-1.03571
373.51
325.383
278.285
232.301
188.303
146.501
106.689
70.578
43.7148
22.6976
10.3844
6.83107
0.513753
0.0733601
-0.822715
-0.799774
-0.835464
-0.893209
-0.970827
-1.04824
373.979
325.93
279.02
233.298
189.674
147.895
107.976
73.4756
52.3603
34.1334
20.9477
11.8822
11.6343
13.1048
-0.738728
-0.822479
-0.809638
-0.852386
-0.917425
-0.979121
373.979
325.93
279.02
233.298
189.674
147.895
107.976
73.4756
52.3603
34.1334
20.9477
11.8822
11.6343
13.1048
-0.738728
-0.822479
-0.809638
-0.852386
-0.917425
-0.979121
373.213
325.04
277.823
231.676
187.474
145.042
103.832
65.1634
42.673
22.4144
6.0975
0.0969586
-0.554773
-0.269494
-0.379552
-0.839853
-0.861635
-0.928117
-1.00694
-1.06796
372.09
323.744
276.253
229.612
184.319
140.584
99.3994
54.8587
34.5793
11.121
0.30199
-0.450171
-0.456978
-0.538509
-0.689166
-0.849362
-0.915276
-0.965404
-1.02484
-1.07896
370.389
321.842
273.952
226.625
180.346
134.776
91.0123
47.6075
23.5251
2.56563
-0.248479
-0.39528
-0.498581
-0.629932
-0.743246
-0.834801
-0.88701
-0.940739
-1.00663
-1.06423
368.361
319.64
271.331
223.213
175.96
128.441
81.9574
39.7012
12.0691
0.166117
-0.341043
-0.41792
-0.549349
-0.677086
-0.748835
-0.777085
-0.818158
-0.885938
-0.959692
-1.03592
366.327
317.371
268.609
219.721
171.465
122.431
73.756
32.2845
5.50572
-0.0537995
-0.336188
-0.439291
-0.578026
-0.686877
-0.731963
-0.747803
-0.796001
-0.872707
-0.951253
-1.02299
364.313
315.232
266.031
216.37
167.173
116.55
66.4294
25.9467
2.95866
-0.0831234
-0.341885
-0.475266
-0.604404
-0.697803
-0.738916
-0.755684
-0.795061
-0.86132
-0.939249
-1.01572
362.762
313.494
263.931
213.539
163.213
110.377
57.3416
18.6549
1.38901
-0.188579
-0.364266
-0.510419
-0.639102
-0.732178
-0.773238
-0.774816
-0.79828
-0.861017
-0.94616
-1.02435
361.593
312.108
262.141
211.656
160.35
105.29
48.2916
12.1596
1.14052
-0.0925273
-0.347028
-0.545107
-0.690262
-0.775683
-0.801134
-0.79409
-0.814462
-0.894431
-0.986305
-1.05956
360.98
311.463
261.4
210.637
159.241
103.2
43.3033
9.10848
0.989233
0.00290775
-0.345882
-0.579969
-0.739768
-0.816167
-0.83434
-0.835234
-0.875906
-0.963771
-1.05914
-1.13199
360.937
311.455
261.48
210.84
159.548
103.548
44.7342
9.65828
0.82466
0.0169685
-0.31923
-0.601993
-0.784163
-0.856005
-0.873283
-0.88739
-0.948447
-1.05288
-1.16119
-1.22636
361.437
312.045
262.319
211.941
161.253
106.597
48.4028
11.5603
1.02777
-0.00192544
-0.331038
-0.62858
-0.821376
-0.898333
-0.91326
-0.93206
-1.01452
-1.15654
-1.2718
-1.30026
362.487
313.238
263.858
213.896
164.033
111.491
56.5979
16.6464
1.59389
-0.018524
-0.318182
-0.62531
-0.826395
-0.926073
-0.951508
-0.972568
-1.06967
-1.24034
-1.32637
-1.32705
363.892
314.839
265.855
216.425
167.524
116.939
65.8106
24.6381
2.6764
-0.0216358
-0.295059
-0.593111
-0.797882
-0.913757
-0.973464
-1.01067
-1.09857
-1.24918
-1.32778
-1.34179
365.748
316.793
268.24
219.491
171.709
122.938
74.3425
34.3145
7.84215
0.169341
-0.266344
-0.538277
-0.750594
-0.892756
-0.980391
-1.04221
-1.11671
-1.22661
-1.31429
-1.36378
367.486
318.835
270.744
222.881
176.268
129.631
84.1314
44.325
16.5852
0.729632
-0.262739
-0.466787
-0.697348
-0.856573
-0.971522
-1.05558
-1.1269
-1.20943
-1.28959
-1.35236
369.192
320.785
273.126
226.089
180.474
136.022
93.6566
54.302
29.0337
7.29898
-0.136816
-0.491678
-0.652621
-0.798404
-0.948763
-1.0571
-1.12196
-1.18116
-1.24262
-1.29539
370.652
322.465
275.198
228.911
183.977
141.286
101.214
63.9912
40.2282
17.7026
3.52905
-0.608428
-0.626961
-0.783299
-0.952421
-1.03542
-1.08125
-1.12637
-1.15914
-1.18968
371.673
323.583
276.489
230.523
186.758
145.356
106.024
70.6325
45.9505
24.2264
9.44129
0.358912
-0.423218
-0.62339
-1.02399
-0.999749
-1.01334
-1.05178
-1.07946
-1.09016
372.479
324.451
277.63
232.035
188.624
147.17
108.916
76.138
52.808
32.2003
18.4427
12.0047
13.4151
4.13983
-1.10307
-0.992592
-0.992631
-1.02067
-1.02515
-1.02466
363.278
314.035
264.571
214.718
164.857
112.698
59.6391
25.7709
3.85371
0.0357961
-0.372615
-0.716742
-0.923755
-1.08299
-1.20164
-1.24668
-1.19362
-1.10857
-1.04771
-1.02362
363.55
314.355
265.005
215.316
165.787
114.077
60.9297
28.6569
4.51014
0.131513
-0.354065
-0.666026
-0.863248
-1.02966
-1.19819
-1.29628
-1.2673
-1.15905
-1.0689
-1.03204
364.291
315.199
266.107
216.796
167.907
117.207
64.2203
32.306
4.98647
0.845395
-0.401213
-0.600535
-0.8114
-0.962689
-1.14001
-1.29003
-1.31257
-1.20361
-1.0862
-1.03633
365.426
316.471
267.729
218.929
170.783
121.765
69.7536
33.8859
11.4931
2.76761
-0.270879
-0.539345
-0.772812
-0.904453
-1.05866
-1.23679
-1.29971
-1.21666
-1.0885
-1.03459
366.827
318.015
269.763
221.41
174.194
127.024
78.4038
40.6681
25.63
5.62889
-0.0121303
-0.509558
-0.723627
-0.852916
-0.988168
-1.15591
-1.24503
-1.19317
-1.06822
-1.0126
368.289
319.699
271.717
224.185
178.06
132.367
87.9166
50.3194
36.382
9.32927
0.423179
-0.579013
-0.647035
-0.803988
-0.952523
-1.09168
-1.1835
-1.15834
-1.04996
-0.986594
369.756
321.35
273.741
226.873
181.449
137.221
95.9343
57.7493
38.3085
16.8162
2.32678
-0.588974
-0.546106
-0.737152
-0.9287
-1.05823
-1.12844
-1.12155
-1.05168
-0.98683
370.99
322.756
275.484
229.089
184.5
141.859
101.455
64.6392
40.1607
20.7094
6.28403
-0.221763
-0.51025
-0.708136
-0.927463
-1.03197
-1.07353
-1.08364
-1.05299
-1.0039
371.905
323.769
276.731
230.703
186.895
144.887
105.442
71.7362
46.0306
24.5318
10.3997
1.09336
-0.170925
-0.572185
-0.883827
-1.0051
-1.00631
-1.04571
-1.05167
-1.02484
372.479
324.451
277.63
232.035
188.624
147.17
108.916
76.138
52.808
32.2003
18.4427
12.0047
13.4151
4.13983
-1.10307
-0.992592
-0.992631
-1.02067
-1.02515
-1.02466
)
;
    }
    upperSideWalls
    {
        type            calculated;
        value           nonuniform List<scalar> 
800
(
-1.14849
-1.26275
-1.31998
-1.31792
-1.31493
-1.33726
-1.36811
-1.40502
-1.44195
-1.47867
-1.51607
-1.55508
-1.59701
-1.64183
-1.68818
-1.73476
-1.7813
-1.82819
-1.876
-1.92514
-1.18847
-1.34307
-1.3704
-1.29322
-1.23989
-1.27426
-1.34767
-1.41192
-1.4617
-1.49797
-1.52954
-1.56226
-1.59943
-1.64144
-1.68642
-1.73224
-1.77826
-1.82485
-1.87263
-1.92195
-1.1821
-1.32072
-1.33797
-1.24227
-1.14899
-1.16948
-1.28318
-1.40744
-1.48354
-1.52771
-1.55203
-1.57397
-1.60346
-1.64181
-1.68523
-1.73069
-1.77609
-1.82198
-1.86948
-1.91884
-1.13209
-1.22161
-1.26694
-1.26553
-1.20125
-1.17775
-1.24828
-1.39223
-1.51537
-1.56786
-1.58526
-1.59182
-1.60837
-1.64126
-1.6837
-1.72958
-1.77533
-1.82043
-1.86725
-1.91637
-1.0429
-1.14424
-1.2444
-1.31609
-1.31791
-1.27615
-1.29436
-1.40987
-1.54566
-1.61603
-1.62471
-1.6158
-1.61602
-1.64012
-1.68126
-1.72744
-1.77472
-1.82052
-1.86675
-1.91534
-1.02757
-1.1468
-1.2606
-1.33952
-1.34135
-1.31261
-1.33113
-1.44544
-1.57609
-1.65888
-1.66058
-1.63835
-1.62632
-1.6425
-1.68094
-1.72624
-1.77385
-1.82096
-1.86747
-1.91564
-1.08282
-1.20998
-1.31555
-1.36167
-1.36627
-1.35406
-1.37733
-1.48321
-1.60172
-1.68494
-1.68228
-1.6534
-1.63607
-1.64999
-1.68411
-1.7271
-1.77344
-1.8206
-1.86775
-1.91634
-1.13398
-1.21618
-1.27308
-1.32287
-1.36968
-1.40845
-1.45035
-1.52046
-1.6142
-1.68964
-1.6762
-1.65441
-1.64483
-1.66084
-1.69163
-1.73019
-1.77399
-1.82041
-1.86777
-1.9167
-1.10732
-1.14391
-1.16771
-1.24395
-1.36271
-1.4483
-1.50065
-1.55602
-1.62533
-1.66432
-1.66233
-1.65139
-1.65208
-1.66794
-1.69601
-1.73337
-1.77565
-1.82082
-1.86795
-1.91699
-1.01879
-1.03715
-1.07229
-1.15951
-1.30969
-1.44509
-1.5128
-1.55982
-1.61221
-1.64537
-1.65111
-1.64914
-1.6538
-1.67164
-1.69953
-1.73548
-1.77659
-1.82123
-1.86814
-1.91714
-1.01879
-1.03715
-1.07229
-1.15951
-1.30969
-1.44509
-1.5128
-1.55982
-1.61221
-1.64537
-1.65111
-1.64914
-1.6538
-1.67164
-1.69953
-1.73548
-1.77659
-1.82123
-1.86814
-1.91714
-1.09757
-1.08885
-1.06004
-1.11026
-1.26898
-1.4408
-1.53832
-1.59058
-1.63478
-1.65526
-1.65273
-1.64487
-1.64665
-1.66365
-1.69282
-1.73039
-1.77323
-1.81878
-1.86621
-1.91548
-1.1288
-1.14327
-1.11529
-1.14815
-1.27596
-1.43289
-1.55128
-1.62431
-1.66006
-1.66691
-1.65126
-1.63579
-1.63667
-1.65496
-1.68596
-1.72499
-1.76876
-1.81496
-1.86259
-1.91214
-1.12151
-1.16474
-1.17041
-1.20004
-1.31268
-1.43909
-1.55253
-1.62826
-1.657
-1.65219
-1.63126
-1.61776
-1.62652
-1.64759
-1.67989
-1.71936
-1.76329
-1.80956
-1.85726
-1.90717
-1.1099
-1.1549
-1.18419
-1.24233
-1.34015
-1.44369
-1.53733
-1.60504
-1.62943
-1.62338
-1.60744
-1.60253
-1.61754
-1.64159
-1.6747
-1.71387
-1.75713
-1.80268
-1.85011
-1.90045
-1.09032
-1.14287
-1.1938
-1.26453
-1.35335
-1.44088
-1.5156
-1.568
-1.59056
-1.59059
-1.58616
-1.59124
-1.60975
-1.63705
-1.67043
-1.70855
-1.75022
-1.79449
-1.84125
-1.89186
-1.08247
-1.13887
-1.19753
-1.27233
-1.35721
-1.43505
-1.49459
-1.53342
-1.55301
-1.56075
-1.56724
-1.58351
-1.60536
-1.63379
-1.66685
-1.70332
-1.74266
-1.78485
-1.83072
-1.88112
-1.08467
-1.13841
-1.19971
-1.27562
-1.35661
-1.42921
-1.4828
-1.51543
-1.53313
-1.54561
-1.55957
-1.5786
-1.60314
-1.63227
-1.66416
-1.69819
-1.73456
-1.77388
-1.81736
-1.86794
-1.1123
-1.15319
-1.20196
-1.26835
-1.33872
-1.40438
-1.45723
-1.4949
-1.52107
-1.5423
-1.56226
-1.58335
-1.60666
-1.63271
-1.66236
-1.69342
-1.72618
-1.76206
-1.80342
-1.85284
-1.17485
-1.19381
-1.20656
-1.23788
-1.28864
-1.33936
-1.38575
-1.43075
-1.47187
-1.51281
-1.55252
-1.58637
-1.61281
-1.63663
-1.66147
-1.68859
-1.71837
-1.75068
-1.78969
-1.83736
-1.24499
-1.23655
-1.21844
-1.20721
-1.21938
-1.24391
-1.27721
-1.32707
-1.3827
-1.44608
-1.51213
-1.57007
-1.61554
-1.64545
-1.66772
-1.68821
-1.71079
-1.7396
-1.77568
-1.82711
-1.28017
-1.25154
-1.23227
-1.22002
-1.20174
-1.18206
-1.18617
-1.23375
-1.30231
-1.37893
-1.45844
-1.53274
-1.59852
-1.65045
-1.68623
-1.70613
-1.72076
-1.74273
-1.78129
-1.83967
-1.29325
-1.26545
-1.24642
-1.24914
-1.26384
-1.21399
-1.16403
-1.19808
-1.27239
-1.34515
-1.41526
-1.48804
-1.56358
-1.63486
-1.69244
-1.73235
-1.75469
-1.77246
-1.80391
-1.86185
-1.33058
-1.31725
-1.27271
-1.24886
-1.2966
-1.3341
-1.27003
-1.2224
-1.27931
-1.34426
-1.39831
-1.46046
-1.52985
-1.60074
-1.67144
-1.73716
-1.78623
-1.81683
-1.8444
-1.88882
-1.39191
-1.38708
-1.31987
-1.2202
-1.24482
-1.36086
-1.38161
-1.31358
-1.31392
-1.35798
-1.40979
-1.45864
-1.51289
-1.56914
-1.63602
-1.71743
-1.79472
-1.84876
-1.88386
-1.92021
-1.3978
-1.40097
-1.33372
-1.20991
-1.2195
-1.33674
-1.41624
-1.37805
-1.35643
-1.37914
-1.42144
-1.46793
-1.51268
-1.55432
-1.60972
-1.68878
-1.77976
-1.85542
-1.90644
-1.94337
-1.33242
-1.34362
-1.30761
-1.24572
-1.25349
-1.33338
-1.41065
-1.41067
-1.39436
-1.40633
-1.43686
-1.47405
-1.51249
-1.55246
-1.59959
-1.66812
-1.75741
-1.84373
-1.90823
-1.95381
-1.22135
-1.25018
-1.27943
-1.30663
-1.33216
-1.36415
-1.4087
-1.41991
-1.41615
-1.42742
-1.45078
-1.48284
-1.52003
-1.55902
-1.60431
-1.66497
-1.7428
-1.82714
-1.89885
-1.95333
-1.10931
-1.15784
-1.22581
-1.29585
-1.34464
-1.37195
-1.40275
-1.41697
-1.42231
-1.43365
-1.45576
-1.48626
-1.52174
-1.56118
-1.6075
-1.66582
-1.73863
-1.81802
-1.89028
-1.94965
-1.03977
-1.09382
-1.19344
-1.26513
-1.31634
-1.35563
-1.38876
-1.40729
-1.4187
-1.43367
-1.45689
-1.48753
-1.523
-1.5613
-1.60843
-1.66637
-1.73625
-1.81205
-1.88385
-1.94636
-1.02729
-1.05339
-1.09917
-1.15527
-1.21021
-1.26058
-1.30502
-1.34486
-1.38239
-1.41958
-1.4574
-1.49622
-1.53694
-1.5817
-1.63476
-1.69788
-1.76886
-1.84275
-1.91265
-1.97349
-1.03285
-1.05599
-1.09921
-1.15836
-1.21787
-1.2706
-1.31377
-1.34979
-1.38298
-1.4167
-1.45143
-1.48689
-1.52315
-1.56232
-1.61151
-1.67565
-1.75246
-1.83695
-1.91718
-1.98381
-1.03788
-1.06096
-1.10362
-1.16972
-1.23356
-1.28917
-1.32949
-1.3585
-1.3847
-1.41343
-1.44493
-1.4774
-1.50934
-1.54199
-1.58487
-1.64739
-1.72734
-1.82235
-1.91777
-1.99203
-1.04278
-1.06962
-1.11432
-1.18832
-1.25964
-1.31859
-1.35469
-1.37174
-1.38641
-1.40868
-1.43794
-1.46911
-1.49862
-1.5262
-1.56308
-1.6239
-1.7068
-1.80981
-1.91614
-1.99868
-1.03153
-1.07207
-1.12688
-1.21027
-1.29087
-1.35427
-1.3867
-1.39063
-1.38919
-1.40236
-1.43071
-1.46342
-1.49368
-1.5197
-1.55346
-1.61475
-1.70235
-1.81253
-1.92179
-2.00144
-1.00965
-1.06394
-1.13368
-1.22641
-1.31339
-1.38129
-1.41288
-1.41126
-1.39642
-1.39869
-1.42587
-1.46147
-1.49499
-1.52352
-1.55747
-1.62066
-1.71441
-1.82467
-1.92455
-1.99624
-0.999015
-1.05898
-1.13935
-1.23681
-1.3254
-1.39155
-1.4231
-1.42245
-1.40549
-1.40243
-1.42917
-1.46521
-1.50168
-1.53628
-1.57384
-1.6358
-1.72593
-1.82837
-1.91737
-1.98194
-0.999158
-1.05374
-1.13933
-1.24781
-1.32953
-1.38511
-1.41539
-1.41967
-1.41091
-1.41283
-1.43904
-1.47469
-1.51136
-1.54906
-1.59219
-1.65206
-1.73304
-1.82304
-1.90316
-1.96581
-1.00965
-1.0451
-1.14579
-1.25781
-1.324
-1.37144
-1.4004
-1.40972
-1.41418
-1.42718
-1.45307
-1.48491
-1.51939
-1.55811
-1.60406
-1.66264
-1.73623
-1.81664
-1.89093
-1.95353
-1.03977
-1.09382
-1.19344
-1.26513
-1.31634
-1.35563
-1.38876
-1.40729
-1.4187
-1.43367
-1.45689
-1.48753
-1.523
-1.5613
-1.60843
-1.66637
-1.73625
-1.81205
-1.88385
-1.94636
)
;
    }
    lowerWall
    {
        type            calculated;
        value           nonuniform List<scalar> 
200
(
389.351
388.988
388.399
387.498
386.427
385.306
384.237
383.335
382.655
381.946
381.77
382.362
382.774
383.483
384.304
385.197
386.114
386.907
387.442
387.803
390.045
389.688
389.101
388.21
387.135
385.997
384.897
383.968
383.242
382.752
382.531
382.661
382.983
383.601
384.43
385.363
386.312
387.124
387.696
388.075
391.064
390.689
390.051
389.107
387.966
386.755
385.577
384.571
383.767
383.215
382.992
383.056
383.372
384.003
384.88
385.879
386.887
387.758
388.386
388.816
392.308
391.893
391.163
390.122
388.858
387.525
386.225
385.131
384.265
383.726
383.503
383.576
383.956
384.643
385.622
386.712
387.807
388.755
389.443
389.951
393.662
393.188
392.357
391.185
389.758
388.269
386.821
385.631
384.708
384.256
384.043
384.147
384.6
385.394
386.51
387.739
388.955
390.002
390.756
391.352
395.023
394.495
393.543
392.243
390.632
388.981
387.402
386.093
385.125
384.644
384.485
384.694
385.286
386.218
387.479
388.859
390.209
391.368
392.196
392.814
396.272
395.652
394.624
393.184
391.439
389.633
387.907
386.485
385.455
384.925
384.82
385.159
385.91
387.031
388.43
389.962
391.44
392.694
393.582
394.281
397.304
396.625
395.529
393.96
392.112
390.198
388.388
386.856
385.755
385.182
385.107
385.523
386.426
387.707
389.257
390.892
392.481
393.841
394.788
395.515
398.035
397.288
396.167
394.513
392.589
390.599
388.693
387.109
385.954
385.347
385.29
385.769
386.801
388.183
389.856
391.581
393.239
394.666
395.64
396.43
398.504
397.738
396.615
394.914
392.886
390.852
388.838
387.287
386.118
385.505
385.462
385.962
387.012
388.417
390.273
392.011
393.717
395.177
396.198
397.004
)
;
    }
    atmosphere
    {
        type            calculated;
        value           nonuniform List<scalar> 0();
    }
    procBoundary1to0
    {
        type            processor;
        value           nonuniform List<scalar> 
800
(
364.533
315.401
266.15
216.656
166.98
115.996
62.5873
21.8115
2.0294
-0.208564
-0.378722
-0.544738
-0.650058
-0.718787
-0.754817
-0.764474
-0.794914
-0.856832
-0.928776
-1.01427
364.145
314.971
265.636
216.05
165.961
115.226
61.2396
16.2217
0.745509
-0.42411
-0.650046
-0.667775
-0.715553
-0.815544
-0.861716
-0.821708
-0.807941
-0.860481
-0.93855
-1.0313
363.496
314.318
265.004
215.474
165.67
115.933
63.9958
18.3471
0.354913
-0.51288
-0.694055
-0.708214
-0.779714
-0.845805
-0.871832
-0.837021
-0.831958
-0.889087
-0.967603
-1.06459
362.528
313.298
263.901
214.396
164.812
115.553
65.549
21.8873
0.614512
-0.568387
-0.699095
-0.731785
-0.792101
-0.838928
-0.855503
-0.843916
-0.861289
-0.920333
-0.998534
-1.10091
361.389
312.082
262.581
212.93
163.292
114.178
66.5259
24.8677
1.10259
-0.594595
-0.675532
-0.718659
-0.766085
-0.806631
-0.835411
-0.8509
-0.886074
-0.945303
-1.02723
-1.13505
360.218
310.861
261.283
211.537
161.715
112.536
64.5813
25.7883
1.07242
-0.612105
-0.671998
-0.704283
-0.749952
-0.784997
-0.825499
-0.860124
-0.905312
-0.969164
-1.05597
-1.15143
359.118
309.713
260.057
210.173
160.406
110.295
60.7025
17.4586
-0.26242
-0.632209
-0.681892
-0.695467
-0.740663
-0.776253
-0.820269
-0.864123
-0.917714
-0.987462
-1.06765
-1.135
358.233
308.762
258.97
208.773
159.004
108.46
55.2221
11.9105
-0.411752
-0.61598
-0.683329
-0.687258
-0.732298
-0.773627
-0.814355
-0.862626
-0.926395
-0.998376
-1.05335
-1.09103
357.602
308.063
258.18
207.545
157.109
107.115
53.8419
12.834
-0.364535
-0.551014
-0.652647
-0.672195
-0.720786
-0.770282
-0.811317
-0.866752
-0.933199
-0.988055
-1.0193
-1.03829
357.449
308.108
258.2
208.049
158.202
107.759
54.2051
12.8951
-0.316204
-0.442439
-0.559879
-0.63175
-0.695456
-0.764111
-0.820569
-0.880346
-0.929697
-0.956602
-0.970479
-0.996525
357.436
307.996
258.116
208.048
157.728
106.997
54.8718
14.3136
-0.258819
-0.328589
-0.445483
-0.562604
-0.659066
-0.753151
-0.827114
-0.883363
-0.91263
-0.926458
-0.943561
-0.980769
357.756
308.257
258.279
207.86
156.797
105.387
53.5064
12.2132
-0.218947
-0.251309
-0.352437
-0.502398
-0.632011
-0.743039
-0.821816
-0.870304
-0.889909
-0.907307
-0.936382
-0.992266
358.264
308.8
258.864
208.59
157.538
105.723
54.8994
13.9415
-0.152031
-0.222698
-0.317432
-0.477923
-0.61493
-0.732781
-0.820052
-0.875544
-0.910174
-0.948577
-1.0227
-1.11227
359.102
309.63
259.66
209.539
158.35
106.866
58.4263
23.744
0.0966598
-0.176356
-0.280688
-0.451649
-0.631832
-0.787902
-0.889953
-0.944008
-0.9993
-1.07539
-1.13904
-1.17142
359.994
310.546
260.626
210.107
158.836
108.649
60.8168
26.3998
0.699519
-0.0361537
-0.344239
-0.62915
-0.820262
-0.919813
-0.985431
-1.03741
-1.09104
-1.12978
-1.14589
-1.1443
360.929
311.499
261.606
211.172
160.971
109.77
59.6478
18.7112
0.715494
0.0579612
-0.462149
-0.815797
-0.943646
-1.01547
-1.08158
-1.12883
-1.1518
-1.15322
-1.14378
-1.12976
361.862
312.482
262.757
212.78
162.156
111.024
59.3262
14.9013
0.528708
-0.0211776
-0.575007
-0.877327
-0.996323
-1.09523
-1.18189
-1.22806
-1.23033
-1.19898
-1.15414
-1.11834
362.676
313.358
263.706
213.644
163.063
111.506
58.9054
12.3316
0.529013
-0.0747039
-0.597985
-0.855984
-1.00312
-1.15113
-1.28604
-1.35476
-1.31688
-1.21934
-1.13465
-1.08496
363.158
313.867
264.23
214.28
163.736
111.632
55.8386
11.9034
0.756393
-0.176351
-0.593717
-0.846656
-1.0421
-1.26
-1.44242
-1.43699
-1.3049
-1.16011
-1.06768
-1.03042
363.519
314.286
264.834
215.084
165.216
113.172
60.1296
25.1684
3.40265
-0.109794
-0.438279
-0.748807
-0.950927
-1.08189
-1.15816
-1.16785
-1.12052
-1.06285
-1.02545
-1.01334
-1.11427
-1.20019
-1.25536
-1.28412
-1.30442
-1.32942
-1.35844
-1.39176
-1.42863
-1.46805
-1.50891
-1.55138
-1.59612
-1.6429
-1.69054
-1.7379
-1.78479
-1.83172
-1.87938
-1.92823
-1.14119
-1.23758
-1.29788
-1.32814
-1.34418
-1.35646
-1.37494
-1.39732
-1.42748
-1.46471
-1.5052
-1.54799
-1.59391
-1.64227
-1.6907
-1.73822
-1.78479
-1.83125
-1.87851
-1.92726
-1.1815
-1.28484
-1.34659
-1.36713
-1.3649
-1.36096
-1.36643
-1.38618
-1.41778
-1.45589
-1.49716
-1.54096
-1.58982
-1.64202
-1.69336
-1.74133
-1.78634
-1.83055
-1.87635
-1.92479
-1.2179
-1.30936
-1.35181
-1.35392
-1.34125
-1.33046
-1.33649
-1.36402
-1.40376
-1.44452
-1.48264
-1.52902
-1.5864
-1.645
-1.69666
-1.74383
-1.78855
-1.83212
-1.87484
-1.9219
-1.2432
-1.30919
-1.32996
-1.33006
-1.3228
-1.31509
-1.32192
-1.35147
-1.39855
-1.44285
-1.47882
-1.52494
-1.58636
-1.65075
-1.70562
-1.74986
-1.78995
-1.83178
-1.87309
-1.91945
-1.22937
-1.27614
-1.29006
-1.3002
-1.30831
-1.31582
-1.33094
-1.36305
-1.40552
-1.44369
-1.47984
-1.52747
-1.58544
-1.64838
-1.69835
-1.7447
-1.78767
-1.82808
-1.87051
-1.91722
-1.17909
-1.21062
-1.2414
-1.27038
-1.29763
-1.32241
-1.34908
-1.38188
-1.41521
-1.44695
-1.48217
-1.52936
-1.58825
-1.65098
-1.69833
-1.74048
-1.78106
-1.82232
-1.86609
-1.91441
-1.12005
-1.15832
-1.20255
-1.24397
-1.28126
-1.31577
-1.34963
-1.38501
-1.41765
-1.45017
-1.48637
-1.52887
-1.57954
-1.63538
-1.69311
-1.73934
-1.77787
-1.81704
-1.86062
-1.91008
-1.07013
-1.11906
-1.16879
-1.2157
-1.25703
-1.29263
-1.32734
-1.36715
-1.40713
-1.44288
-1.48078
-1.52725
-1.58397
-1.64094
-1.69192
-1.72719
-1.76717
-1.81146
-1.8566
-1.90794
-1.04373
-1.10064
-1.15932
-1.21369
-1.26188
-1.30253
-1.34083
-1.37969
-1.41773
-1.45589
-1.49578
-1.54397
-1.60134
-1.65606
-1.69604
-1.72846
-1.76151
-1.79978
-1.85118
-1.90672
-1.05005
-1.12877
-1.19799
-1.2425
-1.27863
-1.3138
-1.34982
-1.38784
-1.43245
-1.48259
-1.53021
-1.58225
-1.64017
-1.68707
-1.71396
-1.73518
-1.76492
-1.80412
-1.85332
-1.90901
-1.0949
-1.17019
-1.21233
-1.24611
-1.27495
-1.30645
-1.33799
-1.37195
-1.41683
-1.47707
-1.54007
-1.60387
-1.67344
-1.72767
-1.75549
-1.76877
-1.78656
-1.81943
-1.86653
-1.92002
-1.15484
-1.1741
-1.19588
-1.22435
-1.25808
-1.29417
-1.32721
-1.35636
-1.39213
-1.44295
-1.51148
-1.59141
-1.67651
-1.74817
-1.79116
-1.81274
-1.82814
-1.84798
-1.88024
-1.92378
-1.16286
-1.15148
-1.16021
-1.19036
-1.23814
-1.28592
-1.32331
-1.35279
-1.38279
-1.42317
-1.48288
-1.56051
-1.64634
-1.727
-1.79272
-1.84068
-1.87152
-1.89376
-1.9147
-1.94287
-1.13367
-1.13165
-1.14837
-1.18133
-1.22413
-1.27118
-1.31392
-1.35039
-1.38553
-1.42318
-1.46909
-1.53329
-1.60832
-1.6852
-1.75948
-1.82839
-1.88407
-1.92195
-1.94554
-1.97029
-1.11602
-1.11472
-1.13429
-1.17203
-1.21745
-1.26337
-1.30631
-1.34595
-1.38444
-1.42404
-1.46763
-1.51596
-1.57486
-1.64648
-1.72308
-1.79956
-1.8689
-1.92286
-1.95888
-1.98626
-1.09997
-1.10066
-1.12331
-1.16494
-1.21322
-1.26049
-1.3044
-1.34504
-1.38405
-1.42307
-1.46369
-1.50718
-1.5572
-1.61925
-1.6911
-1.768
-1.84395
-1.90925
-1.95666
-1.99085
-1.06911
-1.0808
-1.11334
-1.15957
-1.21023
-1.25788
-1.30204
-1.34316
-1.38283
-1.42254
-1.46325
-1.50553
-1.55084
-1.60303
-1.66637
-1.73774
-1.81154
-1.88061
-1.93746
-1.9828
-1.02979
-1.05705
-1.1039
-1.15654
-1.20811
-1.2565
-1.30124
-1.34304
-1.38324
-1.4231
-1.46353
-1.50533
-1.54994
-1.59869
-1.65477
-1.71852
-1.78676
-1.85442
-1.91616
-1.97013
-1.02263
-1.05412
-1.10265
-1.15637
-1.20743
-1.25569
-1.30046
-1.34239
-1.38272
-1.42263
-1.46302
-1.50469
-1.54875
-1.59667
-1.65074
-1.71096
-1.77577
-1.84183
-1.90526
-1.96345
)
;
    }
    procBoundary1to3
    {
        type            processor;
        value           nonuniform List<scalar> 
200
(
-1.97561
-1.97284
-1.97011
-1.96782
-1.96656
-1.96647
-1.96707
-1.96757
-1.9679
-1.96805
-1.97463
-1.97169
-1.96869
-1.96612
-1.96483
-1.9649
-1.96564
-1.96614
-1.96652
-1.96669
-1.97244
-1.96916
-1.96554
-1.96196
-1.96003
-1.96054
-1.96217
-1.96311
-1.96367
-1.96393
-1.96985
-1.96649
-1.96221
-1.95771
-1.95518
-1.95531
-1.95716
-1.95851
-1.95941
-1.95981
-1.96742
-1.9639
-1.95921
-1.95378
-1.95003
-1.94902
-1.95035
-1.95202
-1.9535
-1.95421
-1.96541
-1.96174
-1.95723
-1.95119
-1.94555
-1.94219
-1.94203
-1.9433
-1.94568
-1.94694
-1.96351
-1.9595
-1.95569
-1.94925
-1.94099
-1.93397
-1.93046
-1.93079
-1.93529
-1.93775
-1.9596
-1.95399
-1.95367
-1.94673
-1.93545
-1.9232
-1.91548
-1.91339
-1.9214
-1.92649
-1.9567
-1.94759
-1.95026
-1.94136
-1.92656
-1.90924
-1.89321
-1.8843
-1.90278
-1.91326
-1.9579
-1.94948
-1.95855
-1.94662
-1.92818
-1.89316
-1.85664
-1.83102
-1.88118
-1.90086
-1.9594
-1.94677
-1.95759
-1.95927
-1.96148
-1.92473
-1.8475
-1.81503
-1.87808
-1.89931
-1.95922
-1.94669
-1.94172
-1.93603
-1.95395
-1.94052
-1.92015
-1.89601
-1.91295
-1.91785
-1.96831
-1.96319
-1.95279
-1.92676
-1.94879
-1.99093
-1.99323
-1.9522
-1.93833
-1.93663
-1.98459
-1.98158
-1.9824
-1.99184
-2.01939
-2.03239
-2.01028
-1.96862
-1.95567
-1.95422
-2.00899
-2.00327
-2.01627
-2.04093
-2.04684
-2.03611
-2.01184
-1.98756
-1.97421
-1.97025
-2.03267
-2.0159
-2.0293
-2.0487
-2.05399
-2.0468
-2.03439
-2.01492
-1.99467
-1.98605
-2.04859
-2.04128
-2.04304
-2.05784
-2.07239
-2.07293
-2.05823
-2.03271
-2.00777
-1.99631
-2.04759
-2.06689
-2.06584
-2.07596
-2.08951
-2.08603
-2.06312
-2.03281
-2.01018
-2.00047
-2.03479
-2.05501
-2.07057
-2.07898
-2.08246
-2.06862
-2.04302
-2.02153
-2.00846
-2.00117
-2.02573
-2.03558
-2.04431
-2.05119
-2.05082
-2.04161
-2.02854
-2.01619
-2.00688
-2.00135
)
;
    }
}


// ************************************************************************* //
