/*--------------------------------*- C++ -*----------------------------------*\
| =========                 |                                                 |
| \\      /  F ield         | OpenFOAM: The Open Source CFD Toolbox           |
|  \\    /   O peration     | Version:  2312                                  |
|   \\  /    A nd           | Website:  www.openfoam.com                      |
|    \\/     M anipulation  |                                                 |
\*---------------------------------------------------------------------------*/
FoamFile
{
    version     2.0;
    format      ascii;
    arch        "LSB;label=32;scalar=64";
    class       volScalarField;
    location    "0.38";
    object      p;
}
// * * * * * * * * * * * * * * * * * * * * * * * * * * * * * * * * * * * * * //

dimensions      [1 -1 -2 0 0 0 0];

internalField   nonuniform List<scalar> 
8000
(
329.836
331.232
333.818
337.679
341.913
346.428
350.693
354.044
356.432
357.673
278.082
279.76
282.739
287.068
291.796
296.653
301.256
305.049
307.732
309.11
222.976
224.993
229.364
234.625
240.24
245.966
251.67
256.209
259.427
261.058
163.902
166.413
173.489
180.273
187.512
194.78
201.672
207.554
211.811
213.787
107.43
110.844
116.782
123.582
132.617
142.147
151.309
159.056
164.499
167.061
27.1412
32.9319
47.5901
62.8311
76.0961
88.8221
101.378
111.615
118.553
121.948
1.69945
2.67223
6.18343
11.175
21.4097
37.071
52.6909
66.0863
75.1485
79.3996
0.135337
0.109233
0.037226
0.0335389
0.807581
5.34218
15.3612
27.6053
36.5949
40.6818
-0.0468243
-0.0939463
-0.13121
-0.13197
-0.136065
-0.112118
0.72791
3.95891
7.51906
9.57224
-0.215128
-0.26582
-0.289478
-0.326305
-0.386263
-0.432544
-0.454016
-0.374252
-0.292984
-0.238852
-0.357352
-0.387693
-0.398345
-0.431249
-0.475289
-0.518958
-0.533358
-0.531831
-0.536359
-0.545435
-0.458128
-0.474919
-0.483091
-0.50158
-0.525853
-0.557801
-0.588841
-0.60489
-0.616357
-0.627334
-0.536831
-0.547216
-0.550294
-0.564664
-0.581625
-0.59899
-0.617185
-0.627898
-0.634509
-0.639707
-0.600337
-0.606238
-0.606217
-0.618638
-0.629951
-0.637655
-0.641401
-0.642346
-0.643536
-0.645493
-0.655407
-0.65891
-0.66001
-0.665858
-0.670484
-0.673482
-0.674213
-0.674009
-0.674499
-0.675017
-0.708191
-0.710889
-0.713185
-0.713157
-0.712562
-0.713774
-0.716176
-0.718615
-0.720391
-0.720898
-0.762418
-0.765319
-0.76843
-0.766685
-0.764791
-0.76492
-0.76688
-0.769102
-0.770498
-0.770812
-0.821784
-0.824121
-0.832269
-0.831613
-0.825029
-0.821931
-0.821067
-0.821529
-0.821815
-0.821923
-0.874018
-0.883844
-0.900641
-0.900584
-0.883999
-0.878169
-0.875231
-0.874102
-0.873436
-0.873445
-0.923151
-0.935089
-0.949069
-0.950312
-0.938171
-0.930829
-0.927521
-0.925789
-0.924883
-0.924656
331.263
332.811
335.341
338.909
343.034
347.363
351.44
354.809
357.18
358.414
279.783
281.454
284.29
288.335
292.887
297.686
302.151
305.884
308.507
309.868
224.985
227.258
231.205
236.088
241.363
247.247
252.629
257.105
260.261
261.884
166.388
169.955
175.489
182.017
189.451
196.371
203.051
208.697
212.675
214.677
110.749
112.147
117.973
125.328
134.353
143.984
152.969
160.36
165.471
168.037
33.1695
37.5897
52.1015
65.5911
77.8636
91.1775
103.337
113.06
119.566
122.909
2.76598
3.23066
5.98568
10.6656
21.6276
37.9065
54.1571
67.1007
75.7303
79.4902
0.113966
0.0728691
-0.0386469
-0.0773731
0.93814
5.40382
15.0122
26.2537
34.0303
37.3627
-0.073658
-0.145065
-0.190084
-0.211714
-0.289097
-0.278657
0.469987
2.51611
4.40673
5.25552
-0.23528
-0.301087
-0.329806
-0.390392
-0.460838
-0.486935
-0.501014
-0.477013
-0.460375
-0.433645
-0.360201
-0.40897
-0.419271
-0.459986
-0.524814
-0.572126
-0.594251
-0.597581
-0.612064
-0.624138
-0.464763
-0.490471
-0.494595
-0.519902
-0.573201
-0.632557
-0.66405
-0.672971
-0.692638
-0.705639
-0.547048
-0.561206
-0.558291
-0.578433
-0.611351
-0.652595
-0.689045
-0.710058
-0.723457
-0.725941
-0.611273
-0.616489
-0.611996
-0.630379
-0.646527
-0.66154
-0.676314
-0.688136
-0.694553
-0.694569
-0.66517
-0.664433
-0.661658
-0.675131
-0.680233
-0.680331
-0.681501
-0.685844
-0.691621
-0.693433
-0.718478
-0.713895
-0.712503
-0.721785
-0.718869
-0.716525
-0.716736
-0.720005
-0.725194
-0.728473
-0.773763
-0.766434
-0.768549
-0.772887
-0.769153
-0.765467
-0.766345
-0.768874
-0.771675
-0.77376
-0.829837
-0.826717
-0.832744
-0.837454
-0.831205
-0.825606
-0.822
-0.821774
-0.822017
-0.822863
-0.885625
-0.889325
-0.89846
-0.90555
-0.890911
-0.881551
-0.876479
-0.874827
-0.874071
-0.874228
-0.931724
-0.942706
-0.949833
-0.959151
-0.945167
-0.933823
-0.928442
-0.926347
-0.925267
-0.925002
333.812
335.343
337.479
341.073
345.06
349.232
353.13
356.364
358.619
359.81
282.756
284.294
286.854
290.78
295.173
299.766
303.986
307.521
310.018
311.324
229.343
231.161
234.362
238.977
244.083
249.61
254.684
258.968
261.992
263.537
173.385
175.451
179.879
185.669
192.615
199.26
205.508
210.86
214.594
216.413
116.523
117.904
123.204
129.745
138.665
147.799
156.159
162.964
167.653
170.03
47.9009
52.5621
62.3878
72.8036
83.5983
96.0887
107.282
116.048
121.909
124.865
6.29919
6.18537
9.12856
14.2894
27.0681
43.3133
58.588
70.1237
77.4915
80.7682
0.0496927
-0.0208922
-0.0845355
0.134471
1.86851
7.4503
18.0957
28.0097
34.5708
37.3005
-0.110703
-0.181265
-0.208105
-0.249121
-0.337769
-0.244382
1.01879
2.70952
3.89171
4.30044
-0.270271
-0.339835
-0.359376
-0.413216
-0.453616
-0.49007
-0.488663
-0.477869
-0.480196
-0.468601
-0.390255
-0.439935
-0.434556
-0.461516
-0.491881
-0.534703
-0.562162
-0.568972
-0.57693
-0.581433
-0.485864
-0.525254
-0.515429
-0.532888
-0.561484
-0.592018
-0.616827
-0.634019
-0.647502
-0.651414
-0.569398
-0.589231
-0.574994
-0.583973
-0.609797
-0.638535
-0.666925
-0.685342
-0.695928
-0.691645
-0.629449
-0.635363
-0.618915
-0.623868
-0.645263
-0.660737
-0.674515
-0.687523
-0.696717
-0.695865
-0.67744
-0.675936
-0.657495
-0.66313
-0.679812
-0.685979
-0.689069
-0.695852
-0.706447
-0.708851
-0.725488
-0.722275
-0.703294
-0.710958
-0.72262
-0.724709
-0.72602
-0.728394
-0.734471
-0.738876
-0.777448
-0.776463
-0.759138
-0.767994
-0.776306
-0.773981
-0.773694
-0.775359
-0.777697
-0.780079
-0.837444
-0.838692
-0.824869
-0.83241
-0.835379
-0.829523
-0.826512
-0.82592
-0.825986
-0.826782
-0.898533
-0.902728
-0.891333
-0.896215
-0.892789
-0.884426
-0.879119
-0.877172
-0.876345
-0.876318
-0.944439
-0.952058
-0.946788
-0.952467
-0.946379
-0.93616
-0.929979
-0.92761
-0.926389
-0.925988
337.685
338.942
341.103
344.222
347.833
351.839
355.581
358.603
360.663
361.767
287.124
288.378
290.838
294.322
298.351
302.597
306.564
309.862
312.138
313.454
234.632
236.124
239.041
243.268
248.059
253.076
257.747
261.633
264.34
265.849
180.22
182.005
185.77
191.153
197.171
203.39
209.195
213.961
217.308
219.019
123.507
125.269
129.709
136.614
144.862
153.204
160.714
166.833
171.005
173.126
63.0305
65.982
73.0649
81.0982
91.9721
102.919
113.042
120.584
125.594
128.338
11.2142
10.9129
14.721
23.2952
36.8109
52.1251
65.3388
75.0995
81.3154
83.9367
0.045602
-0.0238241
0.163104
1.22602
4.55259
12.6717
23.7926
32.8022
38.899
41.3665
-0.105127
-0.183693
-0.251517
-0.323362
-0.360996
0.0192732
2.07657
4.87712
6.91246
7.66532
-0.30222
-0.375429
-0.41887
-0.450881
-0.461093
-0.484689
-0.470015
-0.471186
-0.480567
-0.467851
-0.423283
-0.468514
-0.475054
-0.492147
-0.511581
-0.532946
-0.545576
-0.549331
-0.556491
-0.555963
-0.50979
-0.540999
-0.543188
-0.553962
-0.565459
-0.5841
-0.60143
-0.611572
-0.61356
-0.608546
-0.582031
-0.600136
-0.597093
-0.59877
-0.607961
-0.624571
-0.642889
-0.655174
-0.658468
-0.651817
-0.635759
-0.640973
-0.633381
-0.632709
-0.641603
-0.654587
-0.667031
-0.677656
-0.683869
-0.681664
-0.680037
-0.677233
-0.668565
-0.666892
-0.678838
-0.688886
-0.695838
-0.702814
-0.709639
-0.711865
-0.725791
-0.722689
-0.716757
-0.7146
-0.725116
-0.730912
-0.734445
-0.738211
-0.742789
-0.745694
-0.778401
-0.779097
-0.77599
-0.771154
-0.777272
-0.779151
-0.780486
-0.782056
-0.78402
-0.785549
-0.843493
-0.845393
-0.839272
-0.830607
-0.832155
-0.831096
-0.830363
-0.830137
-0.830136
-0.830425
-0.910844
-0.912013
-0.901047
-0.891486
-0.889511
-0.884378
-0.881183
-0.879563
-0.878527
-0.878261
-0.956727
-0.963992
-0.957194
-0.949795
-0.944047
-0.935762
-0.931116
-0.928913
-0.927368
-0.926875
342.083
343.131
345.132
347.908
351.333
354.887
358.276
361.204
363.088
363.993
291.89
292.984
295.273
298.4
302.086
305.956
309.601
312.668
314.785
315.91
240.31
241.563
244.275
248.119
252.512
257.063
261.31
264.864
267.365
268.684
187.464
189.297
192.485
197.195
202.617
208.236
213.469
217.808
220.855
222.467
132.483
134.413
138.701
144.915
152.177
159.498
166.183
171.637
175.379
177.326
75.8193
78.0052
83.7883
92.0052
101.516
111.047
119.705
126.505
131.086
133.504
20.9844
21.9946
27.4025
37.0115
49.8699
62.603
73.4956
81.9656
87.472
90.115
0.64036
0.876623
1.9344
4.60076
10.4656
21.1737
31.6359
40.225
45.6619
48.0564
-0.102231
-0.259812
-0.351569
-0.349615
-0.199206
1.38544
5.06807
9.13855
11.5776
12.5489
-0.346909
-0.443432
-0.472632
-0.469115
-0.464005
-0.480505
-0.456539
-0.464332
-0.489055
-0.46548
-0.457437
-0.510858
-0.517358
-0.520694
-0.512945
-0.5334
-0.528369
-0.530075
-0.541402
-0.535573
-0.521875
-0.554771
-0.570862
-0.57551
-0.569493
-0.574304
-0.577257
-0.578489
-0.581155
-0.579231
-0.584973
-0.603812
-0.617685
-0.619669
-0.614895
-0.619102
-0.625476
-0.630534
-0.632863
-0.630406
-0.635952
-0.638279
-0.645954
-0.650107
-0.650081
-0.655559
-0.662673
-0.669089
-0.673099
-0.673539
-0.677644
-0.670535
-0.674422
-0.682759
-0.68749
-0.693966
-0.700243
-0.705917
-0.711018
-0.713161
-0.722626
-0.715607
-0.719935
-0.726969
-0.731004
-0.736314
-0.74069
-0.744139
-0.747359
-0.748086
-0.775195
-0.773435
-0.77872
-0.778864
-0.780012
-0.783138
-0.785517
-0.786771
-0.787641
-0.786635
-0.83617
-0.838838
-0.838936
-0.832959
-0.833494
-0.833348
-0.833724
-0.833317
-0.83246
-0.831228
-0.895159
-0.899032
-0.895521
-0.889874
-0.887515
-0.884644
-0.883356
-0.881757
-0.87989
-0.878913
-0.946727
-0.95195
-0.948514
-0.944133
-0.939124
-0.934715
-0.932556
-0.930396
-0.927776
-0.926945
346.679
347.496
349.308
351.839
354.923
358.157
361.217
363.982
365.751
366.88
296.809
297.809
299.832
302.652
305.989
309.508
312.842
315.677
317.56
318.757
246.166
247.4
249.71
253.165
257.107
261.211
265.064
268.309
270.607
271.87
194.838
196.426
199.279
203.45
208.282
213.311
218.005
221.932
224.723
226.248
142.226
144.122
147.935
153.355
159.579
165.968
171.894
176.766
180.174
182.064
88.987
91.3225
96.2347
103.225
111.193
119.39
126.84
132.855
137
139.318
36.8163
38.1001
43.5595
52.3882
62.7758
72.9188
82.2182
89.7991
94.7916
97.3471
4.64656
5.37241
7.68452
13.1258
21.5285
31.2621
41.2998
49.6741
54.7041
57.0317
-0.0939819
-0.259157
-0.192786
0.198464
1.53575
5.04159
10.35
15.4028
17.7218
19.073
-0.410743
-0.480373
-0.493814
-0.490021
-0.479639
-0.471909
-0.45444
-0.374148
-0.241812
0.0156923
-0.497217
-0.555191
-0.54311
-0.540318
-0.534962
-0.532687
-0.519477
-0.509512
-0.48962
-0.475135
-0.548119
-0.616039
-0.597598
-0.595611
-0.577736
-0.575489
-0.569488
-0.560816
-0.559846
-0.565994
-0.597132
-0.64584
-0.648613
-0.638549
-0.623349
-0.623114
-0.624315
-0.625219
-0.629354
-0.63074
-0.638112
-0.656364
-0.666654
-0.664951
-0.65922
-0.662575
-0.667845
-0.674448
-0.678354
-0.698772
-0.677029
-0.67661
-0.685371
-0.693437
-0.696407
-0.701675
-0.707317
-0.714438
-0.723351
-0.739288
-0.722618
-0.717561
-0.724418
-0.733545
-0.737902
-0.742382
-0.74648
-0.749617
-0.754225
-0.754046
-0.774808
-0.772239
-0.77787
-0.781928
-0.784249
-0.786811
-0.78943
-0.78972
-0.790594
-0.786204
-0.831165
-0.831987
-0.833415
-0.833458
-0.834111
-0.834894
-0.83658
-0.835669
-0.834654
-0.831497
-0.885617
-0.887578
-0.887804
-0.886053
-0.885049
-0.88464
-0.885377
-0.883892
-0.881794
-0.880761
-0.936243
-0.938589
-0.938529
-0.936684
-0.934845
-0.933991
-0.933652
-0.931903
-0.928474
-0.92798
350.785
351.583
353.257
355.638
358.274
361.189
364.148
366.697
368.357
369.277
301.43
302.319
304.134
306.674
309.664
312.869
315.958
318.6
320.536
321.546
251.891
252.855
254.958
257.899
261.402
265.105
268.607
271.536
273.639
274.911
201.85
203.259
205.661
209.298
213.569
218.051
222.28
225.827
228.288
229.835
151.499
153.271
156.428
160.952
166.336
171.963
177.228
181.601
184.676
186.545
101.747
103.709
107.555
113.134
119.906
126.942
133.462
138.959
142.798
145.05
53.1132
54.6544
58.9304
65.5436
73.7384
82.3407
90.6969
97.8381
102.638
105.155
15.6627
15.3586
18.4226
24.3449
32.2585
41.5832
51.2256
59.8023
65.1793
67.8282
0.803405
0.584493
1.17962
2.46222
5.47268
10.6134
16.4795
25.6856
30.5741
33.5199
-0.47011
-0.491553
-0.480015
-0.465596
-0.469107
-0.474233
-0.237941
1.75744
3.68357
4.52707
-0.522017
-0.562731
-0.541416
-0.539359
-0.53279
-0.52969
-0.501378
-0.50631
-0.498649
-0.258843
-0.585395
-0.640512
-0.605708
-0.595103
-0.578997
-0.573107
-0.570731
-0.566333
-0.5738
-0.558427
-0.628429
-0.692668
-0.663918
-0.642982
-0.626149
-0.62643
-0.631069
-0.633495
-0.638582
-0.644575
-0.654154
-0.689535
-0.688062
-0.673374
-0.665531
-0.671481
-0.679342
-0.692349
-0.695864
-0.738656
-0.684844
-0.695975
-0.702195
-0.702636
-0.703625
-0.710676
-0.717685
-0.731782
-0.738979
-0.750459
-0.726464
-0.727652
-0.734147
-0.740245
-0.743402
-0.747976
-0.752536
-0.755041
-0.759255
-0.730841
-0.776696
-0.77604
-0.781429
-0.785401
-0.787124
-0.789655
-0.792963
-0.789907
-0.788335
-0.769725
-0.829858
-0.830465
-0.832719
-0.834288
-0.834805
-0.836464
-0.841604
-0.838011
-0.83559
-0.824598
-0.882511
-0.88318
-0.884016
-0.884366
-0.884428
-0.885905
-0.892105
-0.888049
-0.884467
-0.880818
-0.933209
-0.933536
-0.933805
-0.933719
-0.933784
-0.935608
-0.941443
-0.936696
-0.929648
-0.926385
354.206
355.004
356.552
358.774
361.326
364.068
366.692
368.989
370.484
371.279
305.276
306.122
307.745
310.043
312.791
315.757
318.616
321.141
322.789
323.731
256.509
257.423
259.353
261.861
265.002
268.382
271.57
274.532
276.2
277.457
208.187
209.109
211.325
214.211
217.964
222.004
225.844
229.193
231.175
232.83
159.882
160.911
163.435
167.165
171.85
176.861
181.617
185.6
188.262
190.073
112.385
113.763
116.66
120.995
126.784
132.978
138.98
144.036
147.467
149.62
67.2164
68.1412
71.0639
75.3773
82.1959
89.9047
97.845
104.505
108.937
111.467
29.239
27.355
28.8772
33.7139
40.8703
49.8104
59.6625
67.661
72.9038
75.9264
4.55155
2.92316
3.04704
5.25966
9.3488
15.3211
25.2845
33.3765
40.1593
44.2833
-0.393381
-0.45831
-0.468858
-0.461698
-0.459027
-0.370865
1.80726
7.67195
13.025
16.0511
-0.5354
-0.556857
-0.5313
-0.539491
-0.533574
-0.506105
-0.517467
-0.451824
0.0971737
0.58028
-0.601667
-0.653317
-0.608241
-0.593367
-0.577219
-0.555828
-0.578538
-0.564418
-0.5877
-1.22917
-0.643907
-0.709811
-0.658856
-0.642971
-0.624315
-0.620642
-0.640039
-0.655887
-0.707985
0.130865
-0.665123
-0.700382
-0.689159
-0.673659
-0.672069
-0.679568
-0.694499
-0.739062
-0.795878
-0.292362
-0.692833
-0.708967
-0.711096
-0.706157
-0.710104
-0.719101
-0.729228
-0.760079
-0.768104
-0.861638
-0.732225
-0.736978
-0.741818
-0.74442
-0.748106
-0.750307
-0.754731
-0.754117
-0.77857
-0.724492
-0.779369
-0.780314
-0.784393
-0.787713
-0.788212
-0.785037
-0.799138
-0.788124
-0.806139
-0.765102
-0.829626
-0.830624
-0.832767
-0.834961
-0.833275
-0.825278
-0.852171
-0.842711
-0.854617
-0.836016
-0.881123
-0.881747
-0.882573
-0.883837
-0.881071
-0.870597
-0.900063
-0.896713
-0.898288
-0.905042
-0.93168
-0.931994
-0.93223
-0.932801
-0.930737
-0.918431
-0.944334
-0.94606
-0.93584
-0.941933
356.663
357.418
358.84
360.864
363.231
365.873
368.379
370.497
372.087
373.217
307.994
308.775
310.259
312.389
314.948
317.712
320.498
322.749
324.473
325.462
259.731
260.573
262.255
264.599
267.523
270.684
273.632
276.125
277.964
278.846
212.131
213.049
214.886
217.562
221.019
224.771
228.209
231.076
233.155
234.007
165.009
166.006
168.127
171.364
175.604
180.241
184.556
187.984
190.358
191.139
119.372
120.403
122.604
126.145
131.353
137.075
142.685
147.218
149.943
150.885
76.4124
76.8569
78.4264
81.3011
87.5365
94.8027
102.559
108.723
112.289
113.686
38.0306
35.2681
35.6396
39.7584
45.9067
54.6267
65.0624
72.6206
76.738
78.9808
8.30642
4.87668
4.2773
7.04855
11.1839
17.1116
30.1365
39.5208
44.1553
45.8022
-0.304351
-0.416861
-0.461551
-0.473659
-0.493831
-0.225958
3.75938
12.7888
19.3892
19.0466
-0.554077
-0.572464
-0.536833
-0.551254
-0.538807
-0.489987
-0.492353
0.0724129
4.55435
7.35176
-0.612775
-0.661595
-0.60567
-0.583986
-0.568743
-0.548449
-0.566738
-0.538294
0.772952
9.12459
-0.642097
-0.71074
-0.654296
-0.634206
-0.623965
-0.626918
-0.639298
-0.649419
0.375311
11.191
-0.662118
-0.696287
-0.683298
-0.673759
-0.671518
-0.6922
-0.711258
-0.820892
-0.25756
3.83974
-0.692222
-0.709964
-0.710983
-0.704445
-0.713791
-0.711864
-0.755444
-0.848231
-0.931025
-0.650477
-0.733356
-0.740986
-0.744986
-0.745283
-0.750733
-0.729331
-0.74114
-0.744209
-0.780572
-0.591624
-0.780235
-0.782751
-0.786179
-0.788276
-0.788125
-0.766999
-0.770778
-0.791493
-0.813007
-0.411194
-0.829799
-0.830782
-0.832951
-0.835228
-0.834602
-0.814706
-0.832293
-0.859009
-0.862869
-0.701853
-0.880395
-0.881099
-0.882224
-0.883853
-0.884082
-0.869122
-0.886893
-0.917235
-0.898405
-1.02854
-0.930932
-0.931277
-0.931811
-0.932803
-0.93343
-0.929392
-0.932703
-0.960332
-0.924021
-1.02515
357.939
358.67
360.031
361.936
364.081
367.011
369.216
371.209
373.104
374.998
309.394
310.141
311.545
313.588
316.026
318.83
321.514
323.606
325.457
328.784
261.382
262.192
263.749
266.002
268.805
271.92
274.854
277.27
278.793
281.906
214.153
215.045
216.674
219.232
222.59
226.29
229.729
232.514
233.843
236.687
167.589
168.496
170.383
173.416
177.537
182.129
186.406
189.693
190.686
194.446
122.715
123.5
125.364
128.674
133.701
139.372
144.894
149.125
150.039
155.177
80.5938
80.4386
81.1661
83.9048
90.0373
97.2982
105.085
111.061
112.303
119.302
42.2116
38.4287
37.9269
41.6817
47.9289
56.9872
68.1227
75.4482
76.585
81.8029
10.6139
5.60699
4.42065
7.36818
11.6479
18.6853
34.1726
43.7735
43.169
46.056
-0.212013
-0.403049
-0.465666
-0.481834
-0.464287
0.119734
5.10057
16.9229
17.6772
21.8268
-0.569595
-0.591973
-0.559374
-0.56004
-0.545475
-0.468289
-0.276612
0.829168
7.68408
12.4911
-0.626159
-0.671794
-0.606376
-0.596255
-0.573287
-0.555157
-0.554594
-0.871871
10.1061
11.9423
-0.63681
-0.7161
-0.649472
-0.640407
-0.629902
-0.624783
-0.638107
0.317496
11.9711
14.1509
-0.652123
-0.688106
-0.677685
-0.673004
-0.67755
-0.697676
-0.717619
-0.189224
6.03579
11.2683
-0.685879
-0.70387
-0.706611
-0.703375
-0.718529
-0.739097
-0.736148
-0.875757
-0.76003
7.57999
-0.730474
-0.738756
-0.743077
-0.741226
-0.750373
-0.739316
-0.618587
-0.697634
-0.585252
12.546
-0.77867
-0.781676
-0.784588
-0.785304
-0.786797
-0.78435
-0.752925
-0.786249
-0.812466
8.27218
-0.828595
-0.829613
-0.83124
-0.83222
-0.829949
-0.821639
-0.845603
-0.879851
-0.87941
2.94007
-0.879421
-0.879945
-0.880714
-0.881223
-0.880231
-0.873107
-0.890276
-0.918281
-0.895782
-0.414975
-0.930277
-0.930508
-0.930781
-0.930812
-0.928363
-0.931688
-0.955588
-0.94791
-0.903216
-1.41197
357.907
358.649
360.034
361.909
364.063
366.928
369.109
371.126
372.978
374.648
309.361
310.107
311.506
313.546
315.983
318.77
321.463
323.454
325.284
328.509
261.348
262.19
263.678
265.941
268.75
271.85
274.756
277.073
278.691
281.791
214.11
215.014
216.604
219.173
222.529
226.206
229.592
232.262
233.793
236.674
167.548
168.451
170.318
173.358
177.484
182.047
186.233
189.328
190.234
194.373
122.676
123.44
125.288
128.604
133.662
139.319
144.755
148.847
149.526
155.126
80.5376
80.34
81.074
83.898
90.0767
97.3311
105.041
110.868
111.892
119.19
42.1566
38.2215
37.663
41.6927
48.1655
57.3109
68.3445
75.4965
76.5149
83.6489
10.7256
5.55246
4.32569
7.42492
12.0381
19.5063
34.8591
44.1991
43.7484
47.4943
-0.235651
-0.447283
-0.492625
-0.483187
-0.444997
0.208202
5.74352
18.261
19.6316
24.4999
-0.572519
-0.620417
-0.582875
-0.566577
-0.536876
-0.455489
-0.242549
1.62226
10.2212
15.908
-0.623515
-0.686082
-0.615878
-0.611257
-0.576676
-0.568456
-0.572414
-0.721512
11.4242
14.9059
-0.630113
-0.706889
-0.658202
-0.643848
-0.632902
-0.642567
-0.664325
0.0281457
12.0105
14.2253
-0.64618
-0.690326
-0.681291
-0.673339
-0.676256
-0.701538
-0.723617
-0.673246
3.67894
13.4346
-0.681906
-0.701097
-0.707194
-0.70542
-0.707563
-0.729015
-0.700759
-0.792105
-0.679472
11.5948
-0.727401
-0.736015
-0.741227
-0.741571
-0.737965
-0.718908
-0.68928
-0.693305
-0.108533
13.2227
-0.776283
-0.779425
-0.782395
-0.781598
-0.774637
-0.750125
-0.747408
-0.773567
0.848225
15.121
-0.826955
-0.827744
-0.829016
-0.827329
-0.820561
-0.803401
-0.811332
-0.842738
0.64622
15.7186
-0.878305
-0.878635
-0.878701
-0.876393
-0.868158
-0.861447
-0.884512
-0.914958
0.330525
15.419
-0.929733
-0.929797
-0.929518
-0.928088
-0.921624
-0.926476
-0.958368
-0.965122
0.202181
10.9372
356.562
357.321
358.705
360.777
363.096
365.821
368.35
370.464
372.156
373.51
307.901
308.738
310.144
312.272
314.825
317.621
320.409
322.672
324.453
325.47
259.61
260.427
262.084
264.469
267.389
270.552
273.535
276.056
278.039
278.961
211.989
212.907
214.707
217.408
220.863
224.599
228.075
230.956
233.326
234.223
164.902
165.904
168.058
171.197
175.424
180.019
184.316
187.806
190.567
191.509
119.304
120.3
122.426
125.859
131.133
136.818
142.347
146.915
150.09
151.557
76.3187
76.6486
78.1353
81.2815
87.3681
94.5661
102.17
108.382
112.484
114.907
37.96
34.9739
34.9939
39.2544
45.8237
54.5993
64.7363
72.2923
77.1885
80.9417
8.67543
4.83304
4.05047
6.98168
11.6355
17.7785
30.1458
39.3404
44.9091
48.9193
-0.329711
-0.493402
-0.515288
-0.498327
-0.483784
-0.217413
3.80186
13.1027
19.0737
21.1469
-0.556532
-0.629606
-0.594693
-0.571162
-0.54371
-0.480497
-0.507029
0.0841087
2.91564
6.06923
-0.610573
-0.684762
-0.631228
-0.614468
-0.581464
-0.561904
-0.578009
-0.507051
0.152467
5.18769
-0.623914
-0.694687
-0.669553
-0.64907
-0.634233
-0.631169
-0.656342
-0.656057
0.607099
6.94432
-0.642479
-0.686006
-0.685379
-0.676752
-0.677217
-0.686753
-0.71398
-0.798964
-0.771656
1.8954
-0.67884
-0.697608
-0.705459
-0.706678
-0.712607
-0.720144
-0.727303
-0.766532
-0.809319
-0.533959
-0.724356
-0.731739
-0.738255
-0.741769
-0.744465
-0.746362
-0.739781
-0.757388
-0.816213
-0.45419
-0.774013
-0.776493
-0.780863
-0.783781
-0.785583
-0.787967
-0.790241
-0.809053
-0.869337
-0.214761
-0.825911
-0.826671
-0.829339
-0.831413
-0.833388
-0.838741
-0.851423
-0.856763
-0.912472
-0.593513
-0.878155
-0.878722
-0.880071
-0.881308
-0.883187
-0.891174
-0.906869
-0.917124
-0.952062
-1.02448
-0.92981
-0.930085
-0.930854
-0.932034
-0.93452
-0.944377
-0.957105
-0.961377
-0.960186
-0.993887
354.017
354.819
356.338
358.491
361.008
363.839
366.55
368.866
370.352
371.244
305.102
305.979
307.55
309.826
312.568
315.559
318.459
321.001
322.655
323.76
256.318
257.234
259.089
261.649
264.787
268.175
271.415
274.423
276.176
277.447
207.924
208.916
211.054
213.976
217.715
221.749
225.62
228.989
231.278
232.78
159.763
160.777
163.196
166.895
171.538
176.522
181.298
185.35
188.22
190.169
112.377
113.708
116.432
120.613
126.35
132.521
138.535
143.706
147.413
149.783
67.2335
68.1341
70.7714
75.0002
81.6616
89.3434
97.2718
104.084
108.839
111.602
28.9467
27.4477
28.3928
32.8606
40.0917
49.1945
59.034
67.1338
72.9546
76.0394
4.9053
3.06915
2.95534
5.07051
9.34555
15.672
25.2145
33.0687
40.5834
44.544
-0.393483
-0.502733
-0.512986
-0.494094
-0.465991
-0.374703
1.77405
7.74175
13.5229
16.1947
-0.535064
-0.61601
-0.59148
-0.569392
-0.538222
-0.513968
-0.517323
-0.505829
0.119145
0.540686
-0.593653
-0.666768
-0.62906
-0.616186
-0.582798
-0.563944
-0.576501
-0.576738
-0.561454
-1.2382
-0.615816
-0.676902
-0.668133
-0.650861
-0.631
-0.625745
-0.637791
-0.650845
-0.701376
-0.152828
-0.638131
-0.673219
-0.679136
-0.673908
-0.668852
-0.674042
-0.692491
-0.732055
-0.849232
-0.612204
-0.675666
-0.688572
-0.696985
-0.701168
-0.703811
-0.708602
-0.714792
-0.725099
-0.785524
-0.746781
-0.721358
-0.724908
-0.731621
-0.737679
-0.740807
-0.74171
-0.741014
-0.736886
-0.770769
-0.70548
-0.772136
-0.772947
-0.778047
-0.782181
-0.783633
-0.782996
-0.785405
-0.787134
-0.825383
-0.774532
-0.825355
-0.825956
-0.829081
-0.831197
-0.831555
-0.831258
-0.835218
-0.836828
-0.862321
-0.860622
-0.878651
-0.87931
-0.880735
-0.8816
-0.881788
-0.882094
-0.887393
-0.88624
-0.915717
-0.895736
-0.930471
-0.930805
-0.931597
-0.932253
-0.93276
-0.934434
-0.940063
-0.94251
-0.954525
-0.976517
350.483
351.313
352.971
355.233
358.001
360.862
364.055
366.586
368.205
369.25
301.187
302.036
303.903
306.398
309.395
312.601
315.746
318.38
320.251
321.426
251.673
252.676
254.879
257.677
261.135
264.823
268.33
271.202
273.423
274.74
201.887
203.142
205.627
209.063
213.259
217.71
221.942
225.517
228.114
229.654
151.543
153.188
156.231
160.642
165.934
171.512
176.783
181.224
184.428
186.366
101.913
103.686
107.289
112.659
119.308
126.303
132.849
138.449
142.433
144.843
53.5146
54.7286
58.5005
64.887
72.8896
81.4542
89.8574
97.1227
102.073
104.759
16.2759
15.9282
18.3079
23.5485
31.1841
40.4001
50.1116
58.8882
64.5422
66.8625
1.02844
0.723629
1.20745
2.27348
5.04809
10.256
16.1005
25.2495
30.4003
31.7813
-0.452406
-0.518837
-0.52165
-0.493864
-0.462908
-0.449397
-0.250048
1.87042
3.86952
3.96585
-0.529876
-0.608538
-0.591577
-0.570929
-0.534936
-0.520036
-0.502539
-0.520825
-0.472042
-0.377451
-0.583068
-0.648765
-0.616084
-0.614412
-0.583825
-0.568126
-0.564375
-0.581703
-0.586506
-0.571928
-0.605719
-0.653051
-0.650496
-0.646574
-0.62768
-0.620331
-0.624413
-0.638961
-0.67143
-0.64733
-0.633031
-0.653849
-0.663196
-0.664596
-0.661518
-0.66338
-0.672686
-0.693397
-0.718831
-0.731816
-0.673225
-0.676227
-0.683174
-0.69125
-0.697156
-0.701866
-0.707443
-0.716162
-0.734292
-0.7121
-0.720038
-0.717608
-0.721908
-0.731578
-0.737806
-0.741257
-0.743467
-0.742113
-0.747164
-0.708678
-0.772336
-0.77041
-0.776125
-0.780785
-0.784132
-0.786203
-0.788061
-0.787921
-0.791208
-0.775758
-0.826615
-0.826715
-0.830053
-0.832287
-0.833869
-0.835425
-0.837844
-0.839896
-0.844695
-0.830769
-0.881034
-0.881426
-0.882781
-0.883723
-0.884555
-0.885997
-0.888856
-0.8914
-0.895627
-0.865183
-0.93219
-0.932558
-0.933362
-0.934004
-0.934775
-0.936341
-0.938846
-0.940488
-0.942814
-0.94486
346.342
347.19
349.013
351.561
354.619
357.781
361.098
363.694
365.511
366.609
296.556
297.527
299.552
302.35
305.683
309.194
312.583
315.424
317.423
318.593
246.118
247.22
249.569
252.909
256.796
260.879
264.736
267.985
270.337
271.62
194.683
196.22
199.018
203.145
207.909
212.906
217.597
221.547
224.385
225.943
142.179
144.016
147.702
152.993
159.089
165.443
171.369
176.287
179.751
181.713
89.1511
91.3846
96.0527
102.772
110.538
118.643
126.116
132.232
136.485
138.896
37.4024
38.4757
43.5227
51.739
61.7928
71.809
81.1678
88.9551
94.1431
96.8104
4.59947
5.66393
7.87996
12.635
20.5211
30.1133
40.1399
48.8341
54.1648
56.2319
-0.0525032
-0.256055
-0.227983
0.120494
1.2539
4.52267
9.81746
15.0027
17.9582
18.557
-0.405521
-0.506584
-0.547526
-0.519707
-0.482005
-0.462517
-0.46465
-0.392926
-0.17258
-0.121102
-0.506562
-0.594174
-0.58472
-0.567952
-0.537687
-0.526314
-0.524642
-0.519283
-0.488862
-0.481363
-0.547571
-0.614532
-0.604678
-0.605101
-0.582051
-0.570331
-0.56706
-0.565606
-0.560388
-0.558544
-0.58598
-0.615161
-0.625978
-0.632039
-0.621452
-0.616035
-0.618794
-0.625254
-0.631047
-0.631993
-0.6289
-0.63404
-0.641393
-0.649384
-0.652901
-0.655786
-0.662764
-0.67401
-0.685136
-0.693864
-0.673411
-0.667775
-0.66888
-0.680439
-0.689801
-0.695711
-0.701862
-0.708834
-0.71756
-0.719731
-0.721264
-0.714217
-0.715586
-0.725874
-0.733685
-0.738487
-0.742099
-0.744218
-0.746719
-0.734095
-0.77467
-0.771588
-0.776123
-0.779406
-0.782862
-0.785474
-0.787483
-0.788286
-0.789774
-0.780542
-0.831269
-0.832149
-0.83348
-0.833721
-0.834587
-0.835379
-0.836568
-0.837303
-0.839843
-0.840579
-0.885173
-0.887589
-0.8881
-0.887163
-0.886354
-0.886052
-0.886726
-0.887286
-0.890539
-0.897124
-0.935983
-0.937971
-0.938318
-0.937383
-0.936416
-0.936109
-0.936561
-0.937102
-0.937837
-0.941952
341.871
342.816
344.783
347.648
351.034
354.522
358.087
360.916
362.833
363.868
291.577
292.648
294.92
298.081
301.761
305.619
309.299
312.359
314.515
315.688
239.97
241.328
243.908
247.792
252.175
256.706
260.945
264.5
267.009
268.399
187.156
188.91
192.116
196.841
202.21
207.798
213.014
217.369
220.436
222.079
132.277
134.201
138.42
144.55
151.665
158.936
165.62
171.104
174.893
176.915
75.7087
78.057
83.9376
91.6343
100.847
110.277
118.902
125.81
130.513
132.974
20.4137
22.349
28.3726
36.7975
48.9811
61.4116
72.2808
80.9633
86.7399
89.5205
0.583041
0.878287
2.13874
4.51703
9.85796
20.1157
30.5675
39.4814
45.1412
47.4545
-0.089395
-0.250383
-0.362231
-0.369093
-0.193399
1.15108
4.6659
8.7561
11.5293
12.538
-0.340715
-0.442172
-0.495865
-0.494106
-0.465375
-0.479169
-0.469865
-0.476279
-0.485871
-0.480251
-0.463517
-0.525613
-0.541691
-0.539771
-0.52044
-0.530589
-0.531444
-0.53744
-0.53813
-0.53709
-0.530511
-0.561504
-0.576511
-0.584531
-0.573566
-0.571538
-0.574568
-0.579408
-0.580649
-0.577915
-0.587127
-0.599249
-0.611262
-0.616588
-0.612702
-0.613237
-0.618926
-0.627389
-0.633887
-0.629941
-0.634221
-0.635569
-0.635239
-0.639452
-0.643967
-0.649171
-0.657112
-0.666445
-0.67433
-0.672958
-0.676128
-0.67107
-0.668077
-0.675303
-0.683101
-0.689684
-0.696608
-0.703079
-0.708531
-0.709001
-0.723501
-0.718969
-0.720029
-0.726007
-0.730974
-0.735226
-0.739106
-0.741843
-0.743634
-0.740669
-0.779674
-0.779874
-0.782393
-0.782392
-0.782963
-0.784267
-0.785708
-0.786337
-0.786541
-0.783687
-0.842564
-0.84555
-0.843677
-0.839445
-0.836674
-0.835399
-0.835204
-0.83502
-0.835379
-0.834936
-0.900373
-0.903666
-0.899978
-0.89504
-0.889868
-0.886677
-0.885447
-0.884846
-0.885128
-0.885461
-0.946862
-0.951342
-0.949519
-0.945033
-0.939768
-0.936503
-0.93523
-0.934764
-0.934567
-0.935988
337.376
338.571
340.679
343.847
347.593
351.625
355.22
358.26
360.345
361.502
286.749
287.991
290.437
293.958
298.028
302.262
306.221
309.518
311.796
313.161
234.233
235.732
238.613
242.909
247.734
252.743
257.366
261.24
263.929
265.517
179.813
181.583
185.245
190.831
196.778
202.962
208.698
213.503
216.86
218.604
123.025
124.798
129.157
136.144
144.286
152.781
160.216
166.306
170.501
172.594
62.6578
65.9954
73.5538
81.0651
91.4132
102.197
112.199
119.899
125.105
127.862
10.7476
10.9924
15.862
23.6078
36.2998
50.9934
64.0471
74.0029
80.3767
83.3126
0.0536023
0.00114982
0.221179
1.26787
4.30657
11.9687
22.8526
32.1123
38.3697
40.8413
-0.0922923
-0.170312
-0.252508
-0.341114
-0.354883
0.0593563
2.044
4.76305
6.81316
7.54721
-0.287295
-0.369064
-0.429388
-0.472064
-0.462739
-0.484966
-0.475041
-0.477398
-0.481452
-0.476821
-0.41596
-0.466727
-0.486772
-0.503865
-0.518155
-0.535984
-0.546492
-0.553118
-0.560957
-0.563976
-0.507218
-0.53633
-0.545577
-0.558065
-0.565726
-0.578883
-0.592052
-0.606345
-0.616686
-0.617651
-0.576167
-0.600653
-0.597994
-0.598893
-0.603586
-0.615372
-0.630356
-0.646227
-0.657067
-0.655722
-0.624055
-0.639491
-0.630757
-0.628873
-0.635241
-0.646431
-0.658745
-0.671203
-0.679862
-0.679647
-0.674073
-0.678084
-0.669861
-0.668736
-0.677613
-0.685451
-0.693074
-0.700306
-0.704854
-0.706527
-0.725959
-0.728426
-0.724019
-0.721877
-0.727228
-0.731031
-0.735007
-0.73805
-0.738928
-0.739685
-0.783942
-0.789954
-0.786462
-0.779909
-0.778764
-0.781065
-0.782569
-0.782879
-0.782155
-0.782004
-0.852751
-0.857045
-0.848774
-0.839364
-0.834899
-0.834182
-0.833183
-0.832327
-0.831585
-0.831263
-0.912348
-0.917899
-0.908727
-0.89997
-0.893124
-0.887102
-0.884098
-0.882685
-0.881939
-0.881744
-0.952648
-0.963316
-0.961079
-0.953605
-0.944516
-0.937123
-0.934058
-0.932923
-0.932394
-0.93296
333.362
334.919
337.054
340.673
344.713
348.899
352.776
356.023
358.278
359.481
282.319
283.853
286.396
290.358
294.807
299.433
303.659
307.209
309.666
310.986
228.886
230.715
233.949
238.584
243.849
249.316
254.326
258.568
261.537
263.169
172.919
174.972
179.411
185.211
192.068
198.824
205.096
210.426
214.144
216.028
115.636
117.216
122.672
129.137
138.23
147.356
155.691
162.477
167.094
169.562
47.1084
52.166
62.6318
73.1208
83.454
95.5299
106.611
115.456
121.369
124.323
5.83984
6.04102
9.54064
15.0353
27.1301
42.4488
57.5158
69.2962
76.7833
80.1826
0.0555588
-0.00522983
-0.0399782
0.172631
1.84966
7.1034
17.3321
27.3753
34.1295
36.9168
-0.0913418
-0.16528
-0.200914
-0.264494
-0.347476
-0.221108
1.02026
2.71832
3.90571
4.26743
-0.253335
-0.330327
-0.366176
-0.432166
-0.463565
-0.484343
-0.486779
-0.485552
-0.487034
-0.483707
-0.374475
-0.434122
-0.440817
-0.469957
-0.502299
-0.537017
-0.562259
-0.574056
-0.582759
-0.589275
-0.475324
-0.507657
-0.510194
-0.527936
-0.553802
-0.583628
-0.609269
-0.628989
-0.64486
-0.654127
-0.546068
-0.565983
-0.565959
-0.576699
-0.596675
-0.623866
-0.652106
-0.674788
-0.688354
-0.692544
-0.60357
-0.617181
-0.610506
-0.616448
-0.63198
-0.648265
-0.665462
-0.679305
-0.688249
-0.687868
-0.659056
-0.667845
-0.657928
-0.662517
-0.675792
-0.682931
-0.689978
-0.695099
-0.698903
-0.699424
-0.720894
-0.727543
-0.712764
-0.718829
-0.728396
-0.729302
-0.731323
-0.732664
-0.731508
-0.732432
-0.785052
-0.791145
-0.776742
-0.781106
-0.783786
-0.780747
-0.779453
-0.778354
-0.775783
-0.776506
-0.848801
-0.855777
-0.843036
-0.843808
-0.840502
-0.834694
-0.831093
-0.829048
-0.827378
-0.826983
-0.904147
-0.912992
-0.903287
-0.904105
-0.896569
-0.887475
-0.8826
-0.880521
-0.879201
-0.878781
-0.941921
-0.952544
-0.953046
-0.95549
-0.946823
-0.937213
-0.932819
-0.931272
-0.930438
-0.930556
330.824
332.387
334.92
338.487
342.641
346.958
351.045
354.463
356.834
358.069
279.224
280.961
283.831
287.895
292.501
297.319
301.767
305.523
308.14
309.514
224.465
226.775
230.706
235.647
241.001
246.89
252.219
256.72
259.863
261.51
166.151
169.482
174.98
181.561
189.022
195.965
202.628
208.254
212.238
214.273
109.283
111.105
117.277
124.828
134.077
143.632
152.568
159.905
165.023
167.6
31.8729
36.3051
51.5511
65.3255
77.6492
90.8649
102.926
112.632
119.136
122.4
2.39614
2.95658
5.82026
10.6978
21.6731
37.4643
53.6334
66.6889
75.1004
78.9882
0.107671
0.0836572
-0.0127708
-0.0365861
0.882831
5.12262
14.5094
25.895
33.7464
37.0843
-0.0633973
-0.124677
-0.169182
-0.197135
-0.280074
-0.2705
0.431427
2.47423
4.39471
5.19178
-0.225103
-0.286682
-0.322048
-0.389293
-0.456434
-0.479345
-0.494803
-0.483201
-0.464125
-0.443191
-0.351752
-0.392838
-0.412695
-0.456994
-0.525612
-0.57126
-0.596014
-0.607388
-0.614104
-0.624121
-0.449314
-0.474967
-0.485625
-0.509343
-0.559842
-0.624561
-0.665659
-0.682631
-0.689213
-0.70101
-0.527775
-0.54536
-0.553759
-0.568842
-0.595314
-0.63888
-0.681118
-0.705888
-0.715294
-0.714714
-0.592681
-0.604275
-0.609492
-0.620384
-0.631174
-0.645098
-0.663917
-0.680492
-0.68838
-0.685474
-0.650435
-0.658432
-0.661007
-0.670927
-0.675328
-0.676667
-0.679174
-0.682168
-0.688346
-0.68785
-0.710099
-0.71706
-0.718703
-0.726083
-0.727988
-0.726612
-0.725845
-0.72526
-0.725323
-0.725949
-0.775402
-0.783517
-0.78467
-0.78667
-0.783288
-0.778973
-0.776508
-0.775225
-0.773067
-0.773241
-0.844917
-0.85173
-0.85319
-0.852528
-0.841242
-0.833642
-0.829
-0.825999
-0.823617
-0.823622
-0.897353
-0.909577
-0.909996
-0.911648
-0.895871
-0.886118
-0.881161
-0.878683
-0.876844
-0.876298
-0.937545
-0.950474
-0.954794
-0.956962
-0.945006
-0.935744
-0.931812
-0.930038
-0.928915
-0.928799
329.398
330.879
333.396
337.236
341.511
345.9
350.21
353.752
356.107
357.332
277.554
279.234
282.224
286.561
291.398
296.289
300.838
304.696
307.376
308.755
222.379
224.578
228.875
234.147
239.844
245.632
251.083
255.882
259.056
260.697
162.989
166.13
172.909
179.772
187.097
194.383
201.249
207.067
211.359
213.441
106.062
109.209
115.875
122.996
132.278
141.767
150.945
158.524
164.121
166.671
25.895
31.2221
46.7702
62.234
76.1565
88.2717
101.064
111.225
118.141
121.515
1.47156
2.26421
5.71734
10.6716
21.0719
36.4942
52.3142
65.7339
74.6956
78.9591
0.116121
0.11283
0.0683994
0.0522339
0.630704
4.65631
14.5518
26.9115
36.1384
40.2484
-0.0477917
-0.0831025
-0.106361
-0.108192
-0.112207
-0.101551
0.590922
3.69842
7.32037
9.25772
-0.211172
-0.262311
-0.275504
-0.318877
-0.379325
-0.421079
-0.443766
-0.377959
-0.293145
-0.245332
-0.343543
-0.375734
-0.392744
-0.42735
-0.476552
-0.518993
-0.533471
-0.533697
-0.535619
-0.539876
-0.438019
-0.459299
-0.471668
-0.489846
-0.518601
-0.552787
-0.58559
-0.601819
-0.61169
-0.615051
-0.515509
-0.529848
-0.539056
-0.549044
-0.569116
-0.588344
-0.607958
-0.621515
-0.627095
-0.627556
-0.582186
-0.591562
-0.59938
-0.60663
-0.616281
-0.624453
-0.628975
-0.63489
-0.639586
-0.639888
-0.641552
-0.648741
-0.656642
-0.661983
-0.663977
-0.661998
-0.662395
-0.666719
-0.674492
-0.675997
-0.699437
-0.707427
-0.719734
-0.722783
-0.722555
-0.721746
-0.720914
-0.720251
-0.723529
-0.724333
-0.762054
-0.773973
-0.787538
-0.783906
-0.780183
-0.777252
-0.775713
-0.774995
-0.774
-0.773598
-0.831526
-0.846705
-0.855888
-0.849035
-0.837499
-0.832101
-0.828418
-0.826204
-0.824678
-0.824018
-0.890473
-0.903524
-0.910182
-0.904828
-0.890311
-0.884815
-0.880593
-0.878125
-0.876514
-0.87598
-0.935758
-0.941981
-0.949099
-0.948696
-0.93997
-0.934457
-0.931461
-0.929611
-0.928541
-0.928235
-0.972035
-0.9769
-0.986317
-0.990959
-0.985426
-0.980165
-0.97771
-0.976404
-0.975633
-0.975314
-1.02256
-1.02309
-1.02892
-1.03222
-1.03014
-1.02816
-1.02718
-1.02651
-1.02601
-1.02571
-1.07349
-1.07355
-1.07532
-1.07611
-1.0766
-1.07691
-1.07687
-1.07666
-1.07637
-1.07613
-1.12414
-1.1235
-1.1239
-1.12503
-1.12622
-1.12686
-1.12712
-1.1271
-1.12692
-1.1267
-1.17566
-1.17523
-1.17552
-1.17626
-1.17706
-1.17763
-1.17789
-1.17789
-1.17772
-1.17748
-1.22774
-1.22755
-1.22769
-1.2281
-1.22858
-1.22893
-1.22905
-1.22898
-1.22876
-1.22848
-1.28006
-1.27998
-1.28003
-1.28021
-1.28043
-1.28055
-1.28051
-1.28032
-1.28001
-1.27968
-1.3325
-1.33244
-1.33242
-1.33244
-1.33246
-1.33239
-1.3322
-1.33189
-1.3315
-1.33109
-1.38499
-1.38493
-1.38486
-1.38477
-1.38464
-1.38443
-1.38412
-1.38372
-1.38323
-1.38274
-1.43754
-1.43748
-1.43737
-1.43721
-1.437
-1.43671
-1.43632
-1.43585
-1.43528
-1.43469
-1.49016
-1.49011
-1.48998
-1.48981
-1.48957
-1.48925
-1.48884
-1.48833
-1.4877
-1.48699
-1.54286
-1.54283
-1.54272
-1.54257
-1.54236
-1.54207
-1.54168
-1.54117
-1.54049
-1.53968
-1.5956
-1.5956
-1.59555
-1.59547
-1.59534
-1.59513
-1.5948
-1.59431
-1.59361
-1.59268
-1.6483
-1.64834
-1.64837
-1.64839
-1.64838
-1.64829
-1.64806
-1.6476
-1.6469
-1.64579
-1.70083
-1.70092
-1.70104
-1.70119
-1.70132
-1.70135
-1.70122
-1.70077
-1.70004
-1.69882
-1.75305
-1.75318
-1.75339
-1.75366
-1.75392
-1.75406
-1.754
-1.75354
-1.75274
-1.75143
-1.8048
-1.80496
-1.80522
-1.80559
-1.80594
-1.80614
-1.8061
-1.80566
-1.80477
-1.80335
-1.85598
-1.85615
-1.85644
-1.85681
-1.8572
-1.85735
-1.85721
-1.85665
-1.85573
-1.85435
-1.90658
-1.90671
-1.90695
-1.90724
-1.90749
-1.90754
-1.90731
-1.9067
-1.90579
-1.90454
-1.95664
-1.95672
-1.95687
-1.95701
-1.95708
-1.95698
-1.95664
-1.95602
-1.95521
-1.95418
-0.972773
-0.982925
-0.990158
-0.998007
-0.989602
-0.981588
-0.978035
-0.976608
-0.975777
-0.975415
-1.01987
-1.02506
-1.02908
-1.03172
-1.02948
-1.02788
-1.02703
-1.02646
-1.02597
-1.02567
-1.07072
-1.07032
-1.0705
-1.07257
-1.07503
-1.07627
-1.07659
-1.07653
-1.07626
-1.07603
-1.1227
-1.12057
-1.12079
-1.12295
-1.12506
-1.12635
-1.1269
-1.12698
-1.1268
-1.1266
-1.17497
-1.17384
-1.17412
-1.17528
-1.1765
-1.17737
-1.17777
-1.17779
-1.1776
-1.17739
-1.2275
-1.22707
-1.22718
-1.22771
-1.22836
-1.22882
-1.22899
-1.22889
-1.22863
-1.22837
-1.28003
-1.27986
-1.27988
-1.28009
-1.28035
-1.2805
-1.28045
-1.28021
-1.27986
-1.27956
-1.33253
-1.33244
-1.3324
-1.33241
-1.33242
-1.33233
-1.3321
-1.33175
-1.33129
-1.33092
-1.38502
-1.38495
-1.38485
-1.38473
-1.38457
-1.38433
-1.38398
-1.38352
-1.38297
-1.3825
-1.43756
-1.43748
-1.43734
-1.43716
-1.4369
-1.43656
-1.43613
-1.43561
-1.43495
-1.43439
-1.49018
-1.49011
-1.48996
-1.48975
-1.48946
-1.4891
-1.48865
-1.48811
-1.48742
-1.48665
-1.5429
-1.54285
-1.54273
-1.54255
-1.5423
-1.54198
-1.54157
-1.54105
-1.54033
-1.53944
-1.59569
-1.59568
-1.59562
-1.59553
-1.59538
-1.59517
-1.59487
-1.5944
-1.59367
-1.59266
-1.64847
-1.64851
-1.64855
-1.64859
-1.64861
-1.64856
-1.6484
-1.648
-1.64729
-1.64615
-1.7011
-1.70121
-1.70137
-1.70158
-1.70179
-1.70192
-1.7019
-1.70153
-1.7008
-1.69947
-1.75341
-1.75359
-1.75387
-1.75424
-1.75464
-1.75495
-1.75504
-1.75463
-1.75381
-1.75231
-1.80524
-1.80546
-1.80583
-1.80633
-1.80688
-1.80728
-1.80739
-1.80695
-1.80597
-1.80428
-1.85645
-1.85668
-1.85708
-1.85762
-1.85825
-1.8586
-1.85858
-1.85795
-1.85696
-1.85521
-1.90701
-1.9072
-1.90754
-1.90797
-1.9084
-1.90863
-1.90848
-1.90781
-1.90681
-1.90515
-1.95698
-1.9571
-1.95731
-1.95756
-1.95774
-1.95773
-1.95742
-1.95673
-1.95583
-1.95448
-0.978342
-0.985869
-0.988989
-0.995413
-0.990603
-0.982868
-0.978745
-0.977157
-0.976191
-0.975742
-1.02147
-1.02384
-1.02372
-1.02774
-1.02864
-1.02779
-1.02717
-1.02665
-1.02602
-1.02567
-1.07192
-1.06837
-1.06571
-1.06883
-1.07338
-1.0759
-1.0766
-1.07657
-1.07617
-1.07592
-1.12306
-1.11985
-1.11888
-1.12133
-1.12446
-1.12627
-1.12693
-1.12698
-1.12665
-1.12647
-1.17528
-1.17387
-1.17377
-1.17498
-1.17646
-1.17746
-1.17788
-1.1778
-1.17745
-1.17728
-1.22781
-1.22727
-1.22726
-1.22779
-1.22849
-1.22896
-1.22907
-1.22887
-1.22845
-1.22827
-1.28029
-1.28007
-1.28005
-1.28024
-1.28049
-1.28059
-1.28047
-1.28013
-1.27961
-1.27939
-1.33272
-1.33261
-1.33253
-1.3325
-1.33246
-1.33232
-1.33201
-1.33156
-1.33093
-1.33065
-1.38514
-1.38504
-1.3849
-1.38474
-1.38451
-1.38419
-1.38376
-1.38321
-1.38252
-1.382
-1.43762
-1.43752
-1.43733
-1.43707
-1.43674
-1.43631
-1.43579
-1.43519
-1.43442
-1.43367
-1.49022
-1.49012
-1.48992
-1.48963
-1.48925
-1.4888
-1.48827
-1.48767
-1.48686
-1.48587
-1.54297
-1.54289
-1.54272
-1.54248
-1.54215
-1.54176
-1.54131
-1.54078
-1.53996
-1.53884
-1.59585
-1.59582
-1.59573
-1.59561
-1.59543
-1.5952
-1.59492
-1.59452
-1.59371
-1.59248
-1.64877
-1.64882
-1.64887
-1.64894
-1.649
-1.64903
-1.64899
-1.64871
-1.64794
-1.64659
-1.70159
-1.70174
-1.70197
-1.70229
-1.70265
-1.70298
-1.70319
-1.70296
-1.70225
-1.70073
-1.7541
-1.75435
-1.75477
-1.75536
-1.75605
-1.75668
-1.75709
-1.7568
-1.75594
-1.75412
-1.80609
-1.80641
-1.80698
-1.80776
-1.80878
-1.80966
-1.8101
-1.8096
-1.80847
-1.80643
-1.85736
-1.85771
-1.85835
-1.85924
-1.86031
-1.86131
-1.86164
-1.86091
-1.85987
-1.85717
-1.90785
-1.90816
-1.90873
-1.90951
-1.91038
-1.91108
-1.91123
-1.91041
-1.90924
-1.90637
-1.95765
-1.95785
-1.95822
-1.9587
-1.95915
-1.95939
-1.9592
-1.95836
-1.95733
-1.95496
-0.990444
-0.999151
-0.997894
-0.994127
-0.988866
-0.982652
-0.979525
-0.977881
-0.976441
-0.97591
-1.02972
-1.03084
-1.02828
-1.02805
-1.02839
-1.0284
-1.0279
-1.02709
-1.02594
-1.02552
-1.07526
-1.07141
-1.06914
-1.07144
-1.07505
-1.07689
-1.07726
-1.07688
-1.07598
-1.07568
-1.12486
-1.12248
-1.1217
-1.12356
-1.1258
-1.12712
-1.1275
-1.12723
-1.12647
-1.12631
-1.17658
-1.1755
-1.17535
-1.17624
-1.17738
-1.17812
-1.1783
-1.17799
-1.1773
-1.17728
-1.22868
-1.22822
-1.22819
-1.22861
-1.22916
-1.22947
-1.2294
-1.22902
-1.2283
-1.22829
-1.2809
-1.28069
-1.28064
-1.28077
-1.28093
-1.28093
-1.28066
-1.28019
-1.27943
-1.27934
-1.3331
-1.33298
-1.33286
-1.33278
-1.33266
-1.33242
-1.33201
-1.33146
-1.33062
-1.33045
-1.38535
-1.38523
-1.38503
-1.38479
-1.38446
-1.38403
-1.38349
-1.38288
-1.38197
-1.38162
-1.43772
-1.43757
-1.43731
-1.43695
-1.43648
-1.4359
-1.43527
-1.43463
-1.4337
-1.43298
-1.49027
-1.49012
-1.48983
-1.48941
-1.48887
-1.48825
-1.48762
-1.48704
-1.48612
-1.48496
-1.54305
-1.54292
-1.54266
-1.54229
-1.54181
-1.54129
-1.54079
-1.54041
-1.53956
-1.53821
-1.59605
-1.59599
-1.59584
-1.59564
-1.59536
-1.59509
-1.5949
-1.59486
-1.59404
-1.59257
-1.64919
-1.64924
-1.6493
-1.64938
-1.64948
-1.64963
-1.64988
-1.65016
-1.64948
-1.64793
-1.70229
-1.7025
-1.70284
-1.70334
-1.70394
-1.70461
-1.70538
-1.70583
-1.70524
-1.70371
-1.75512
-1.75549
-1.75616
-1.75712
-1.7583
-1.75953
-1.76083
-1.76103
-1.76014
-1.758
-1.80735
-1.80787
-1.80883
-1.8102
-1.81192
-1.81385
-1.81524
-1.81537
-1.81394
-1.8104
-1.85872
-1.8593
-1.86041
-1.86201
-1.86398
-1.86637
-1.86775
-1.86693
-1.8648
-1.86019
-1.90912
-1.90963
-1.91065
-1.91212
-1.91393
-1.91572
-1.91659
-1.91552
-1.91339
-1.90776
-1.95863
-1.95898
-1.95966
-1.96058
-1.9616
-1.96237
-1.96241
-1.96121
-1.96003
-1.95506
-0.989292
-0.992629
-0.991765
-0.988829
-0.984915
-0.982244
-0.98076
-0.978959
-0.976244
-0.975471
-1.03173
-1.03094
-1.02966
-1.02894
-1.02932
-1.02954
-1.02917
-1.02796
-1.02555
-1.02503
-1.07762
-1.07552
-1.07457
-1.07573
-1.07743
-1.07833
-1.0784
-1.07756
-1.07562
-1.07534
-1.12728
-1.12592
-1.12558
-1.12651
-1.12769
-1.12837
-1.12835
-1.1277
-1.1262
-1.12619
-1.1783
-1.17765
-1.17757
-1.17811
-1.17878
-1.17907
-1.17891
-1.17835
-1.17719
-1.17751
-1.22985
-1.2296
-1.22959
-1.22986
-1.23019
-1.23029
-1.22986
-1.22931
-1.22831
-1.22848
-1.28176
-1.28157
-1.28151
-1.28158
-1.28163
-1.28148
-1.28098
-1.28039
-1.27934
-1.27926
-1.33362
-1.33349
-1.33333
-1.33319
-1.333
-1.33264
-1.3321
-1.33147
-1.33028
-1.32996
-1.38562
-1.38546
-1.38519
-1.38485
-1.38439
-1.38378
-1.38319
-1.38259
-1.38126
-1.38058
-1.43781
-1.43761
-1.43723
-1.43671
-1.43602
-1.43517
-1.43449
-1.43389
-1.43276
-1.43131
-1.49027
-1.49005
-1.48961
-1.48899
-1.48816
-1.4872
-1.48647
-1.48605
-1.48506
-1.48295
-1.54308
-1.54287
-1.54246
-1.54186
-1.54107
-1.54021
-1.53967
-1.53968
-1.53892
-1.53647
-1.59623
-1.5961
-1.59584
-1.59544
-1.59492
-1.59445
-1.5944
-1.59509
-1.59441
-1.59183
-1.64965
-1.64968
-1.64971
-1.64973
-1.64976
-1.64997
-1.6507
-1.65219
-1.65146
-1.64944
-1.70314
-1.70341
-1.70388
-1.70457
-1.70543
-1.70659
-1.70825
-1.71026
-1.70917
-1.70814
-1.75639
-1.75696
-1.75798
-1.7595
-1.76142
-1.76377
-1.76637
-1.76758
-1.76522
-1.7635
-1.809
-1.80982
-1.8114
-1.81375
-1.81673
-1.82067
-1.82336
-1.82315
-1.81813
-1.81692
-1.86054
-1.8615
-1.8634
-1.86627
-1.87012
-1.87465
-1.87777
-1.87598
-1.87069
-1.86815
-1.9108
-1.91167
-1.91344
-1.9162
-1.91995
-1.92381
-1.92571
-1.92418
-1.91977
-1.91369
-1.9599
-1.9605
-1.96168
-1.96345
-1.96565
-1.96757
-1.96834
-1.96692
-1.96471
-1.95684
-0.98384
-0.984787
-0.984688
-0.983513
-0.982414
-0.981989
-0.981152
-0.979893
-0.976067
-0.975859
-1.0309
-1.03021
-1.02976
-1.02968
-1.03002
-1.03017
-1.02969
-1.02872
-1.02513
-1.02479
-1.07924
-1.07829
-1.07798
-1.07849
-1.07919
-1.07939
-1.07917
-1.07815
-1.07515
-1.07413
-1.12911
-1.12848
-1.1284
-1.12889
-1.1295
-1.12968
-1.12929
-1.12826
-1.12589
-1.12524
-1.17993
-1.17959
-1.17961
-1.17997
-1.18039
-1.18047
-1.17981
-1.17893
-1.17729
-1.17781
-1.23115
-1.231
-1.23104
-1.23129
-1.23158
-1.23162
-1.23083
-1.23003
-1.22874
-1.22992
-1.2826
-1.2825
-1.28251
-1.28258
-1.28273
-1.28279
-1.28209
-1.28133
-1.28017
-1.28156
-1.33416
-1.33403
-1.33383
-1.33372
-1.33361
-1.33346
-1.333
-1.33241
-1.33132
-1.33295
-1.38588
-1.38568
-1.38532
-1.38487
-1.38431
-1.38365
-1.38336
-1.38311
-1.3821
-1.38383
-1.43786
-1.43757
-1.43703
-1.43629
-1.43529
-1.43401
-1.43354
-1.43347
-1.43326
-1.43348
-1.4902
-1.48986
-1.48921
-1.48826
-1.48696
-1.48534
-1.48452
-1.48475
-1.48477
-1.48273
-1.54301
-1.54268
-1.54203
-1.54106
-1.53969
-1.53817
-1.53741
-1.5385
-1.53888
-1.53546
-1.59632
-1.59608
-1.5956
-1.59486
-1.59379
-1.59283
-1.59285
-1.59546
-1.59586
-1.59165
-1.65006
-1.65004
-1.64994
-1.64977
-1.64946
-1.64958
-1.65105
-1.65577
-1.65596
-1.65262
-1.70402
-1.70435
-1.70493
-1.70574
-1.70678
-1.70856
-1.71201
-1.71851
-1.71867
-1.71953
-1.75782
-1.75863
-1.76012
-1.76238
-1.76536
-1.76928
-1.77489
-1.77979
-1.77965
-1.78848
-1.81093
-1.8122
-1.81471
-1.8186
-1.82401
-1.83101
-1.83691
-1.83686
-1.8336
-1.83968
-1.86275
-1.86429
-1.8675
-1.87258
-1.88004
-1.88978
-1.89461
-1.89285
-1.88512
-1.88921
-1.91282
-1.91424
-1.91726
-1.92246
-1.9303
-1.94001
-1.94745
-1.94603
-1.93478
-1.92939
-1.96138
-1.96233
-1.96433
-1.96768
-1.97254
-1.9787
-1.98494
-1.98472
-1.9755
-1.9618
-0.982112
-0.981997
-0.981994
-0.981933
-0.982258
-0.984119
-0.98856
-0.98425
-0.975799
-0.970876
-1.03096
-1.03051
-1.03035
-1.03051
-1.03098
-1.03229
-1.03493
-1.03249
-1.02509
-1.01881
-1.08037
-1.07993
-1.0799
-1.08025
-1.08082
-1.08158
-1.08279
-1.08128
-1.07573
-1.07273
-1.13054
-1.13026
-1.13036
-1.13073
-1.13121
-1.13153
-1.13149
-1.13037
-1.1265
-1.12674
-1.18127
-1.1812
-1.18129
-1.18161
-1.18193
-1.18184
-1.18069
-1.18019
-1.17866
-1.18171
-1.23227
-1.23225
-1.23239
-1.23266
-1.23293
-1.23291
-1.2313
-1.23139
-1.2314
-1.23532
-1.28342
-1.28339
-1.28342
-1.28361
-1.2838
-1.28394
-1.28276
-1.2832
-1.28463
-1.28888
-1.33468
-1.33455
-1.33437
-1.33425
-1.33409
-1.33374
-1.33345
-1.33437
-1.33655
-1.34145
-1.3861
-1.38584
-1.38537
-1.38474
-1.38393
-1.38269
-1.38312
-1.38469
-1.38691
-1.39183
-1.43784
-1.43743
-1.43667
-1.43557
-1.43414
-1.43164
-1.43229
-1.43445
-1.43411
-1.43727
-1.49004
-1.48953
-1.48856
-1.48711
-1.48518
-1.48191
-1.4818
-1.48429
-1.47925
-1.47795
-1.54283
-1.54231
-1.54129
-1.53973
-1.53758
-1.53435
-1.53382
-1.53771
-1.53447
-1.53035
-1.59628
-1.59586
-1.59503
-1.59368
-1.5917
-1.58926
-1.58965
-1.59655
-1.59394
-1.5925
-1.65034
-1.6502
-1.64986
-1.6492
-1.64808
-1.64714
-1.6496
-1.6611
-1.66095
-1.66062
-1.70481
-1.70517
-1.70577
-1.70654
-1.70723
-1.7089
-1.71519
-1.72627
-1.73173
-1.7333
-1.75925
-1.76033
-1.7624
-1.7656
-1.76958
-1.77545
-1.78682
-1.78799
-1.78734
-1.79669
-1.81297
-1.81484
-1.81868
-1.82508
-1.83443
-1.84914
-1.86473
-1.85191
-1.82843
-1.8432
-1.86521
-1.86755
-1.87301
-1.88179
-1.89582
-1.9241
-1.94534
-1.93064
-1.87524
-1.89675
-1.91502
-1.91725
-1.92232
-1.9315
-1.94925
-1.97889
-2.00287
-1.99797
-1.95005
-1.92992
-1.96292
-1.96434
-1.96749
-1.97341
-1.98462
-2.00358
-2.02287
-2.02229
-1.99404
-1.94195
-0.981526
-0.981516
-0.981545
-0.981684
-0.981566
-0.97555
-0.985055
-0.99389
-0.979898
-0.982299
-1.03124
-1.03109
-1.03112
-1.03104
-1.03148
-1.0327
-1.02178
-1.04334
-1.03003
-1.04424
-1.08124
-1.08111
-1.08117
-1.08133
-1.08199
-1.08136
-1.06674
-1.08231
-1.07934
-1.08269
-1.13165
-1.13163
-1.13186
-1.13221
-1.1327
-1.13146
-1.13341
-1.13393
-1.12953
-1.12453
-1.18237
-1.18245
-1.18278
-1.18327
-1.18384
-1.18268
-1.18028
-1.18187
-1.18412
-1.19365
-1.23324
-1.23335
-1.23368
-1.23436
-1.23547
-1.23618
-1.23133
-1.23294
-1.2374
-1.25949
-1.28417
-1.28423
-1.28444
-1.2851
-1.28638
-1.2903
-1.28638
-1.28759
-1.29069
-1.32051
-1.33515
-1.33505
-1.33492
-1.33513
-1.33609
-1.34132
-1.34121
-1.34202
-1.34237
-1.37736
-1.38629
-1.38595
-1.38531
-1.38462
-1.38422
-1.38665
-1.39189
-1.39415
-1.39276
-1.42988
-1.43777
-1.43722
-1.43609
-1.43449
-1.43276
-1.43101
-1.43803
-1.44321
-1.44411
-1.47477
-1.48981
-1.48911
-1.48767
-1.48541
-1.48282
-1.47812
-1.48247
-1.49028
-1.49229
-1.51542
-1.54257
-1.54182
-1.54033
-1.53795
-1.53482
-1.52869
-1.53098
-1.54115
-1.54445
-1.5555
-1.59612
-1.59548
-1.59419
-1.59204
-1.58872
-1.58334
-1.58562
-1.59809
-1.60388
-1.60689
-1.65046
-1.65015
-1.64946
-1.64817
-1.64576
-1.643
-1.6469
-1.66078
-1.66863
-1.66372
-1.7054
-1.70574
-1.70632
-1.70707
-1.70754
-1.7098
-1.71707
-1.72864
-1.73742
-1.72723
-1.76044
-1.76179
-1.76453
-1.76913
-1.77595
-1.78857
-1.80256
-1.80221
-1.79602
-1.77906
-1.81474
-1.81724
-1.82269
-1.83276
-1.8508
-1.88314
-1.90105
-1.86658
-1.84364
-1.81849
-1.86723
-1.87049
-1.87805
-1.89281
-1.92122
-1.97952
-1.99564
-1.96647
-1.88527
-1.86447
-1.91701
-1.92021
-1.9276
-1.94237
-1.97845
-2.03626
-2.05014
-2.03098
-1.86205
-1.54216
-1.96428
-1.96621
-1.9706
-1.98058
-2.00481
-2.0386
-2.04811
-2.03698
-1.95808
-1.70664
-0.981221
-0.98136
-0.981626
-0.982076
-0.982929
-0.98388
-0.973476
-1.00143
-0.971874
-1.01997
-1.03147
-1.03152
-1.03174
-1.0319
-1.03248
-1.0263
-1.0269
-1.04922
-1.03392
-1.07559
-1.08187
-1.08194
-1.08225
-1.08272
-1.08364
-1.06785
-1.09216
-1.09708
-1.08281
-1.10508
-1.13247
-1.13263
-1.13309
-1.13387
-1.13541
-1.11689
-1.13863
-1.14788
-1.13828
-1.17291
-1.18323
-1.18346
-1.18402
-1.18496
-1.18658
-1.17305
-1.17971
-1.1996
-1.19777
-1.23293
-1.23404
-1.23429
-1.23491
-1.23605
-1.23777
-1.23738
-1.22035
-1.25879
-1.2632
-1.30232
-1.28482
-1.28502
-1.28551
-1.28685
-1.28888
-1.29436
-1.27279
-1.31883
-1.32974
-1.371
-1.33559
-1.33558
-1.33566
-1.33656
-1.33736
-1.34435
-1.32522
-1.3713
-1.38453
-1.43537
-1.38648
-1.38617
-1.38557
-1.38521
-1.38276
-1.38762
-1.38443
-1.41554
-1.43252
-1.4884
-1.43773
-1.43714
-1.4359
-1.43399
-1.43046
-1.42851
-1.44627
-1.45843
-1.47247
-1.51133
-1.48962
-1.4888
-1.48719
-1.48469
-1.48025
-1.47379
-1.48698
-1.49867
-1.50169
-1.50383
-1.54231
-1.5414
-1.53968
-1.53696
-1.53284
-1.52378
-1.53369
-1.54109
-1.53645
-1.52397
-1.59589
-1.59506
-1.59348
-1.59085
-1.5865
-1.57759
-1.5854
-1.58934
-1.58309
-1.56926
-1.65038
-1.64988
-1.64889
-1.64701
-1.64337
-1.63668
-1.64177
-1.64564
-1.63858
-1.58603
-1.70561
-1.70585
-1.70627
-1.70663
-1.70609
-1.70456
-1.70744
-1.7113
-1.70369
-1.69406
-1.76109
-1.76256
-1.76558
-1.77073
-1.77748
-1.78684
-1.78966
-1.7861
-1.77221
-1.76769
-1.81586
-1.81883
-1.82538
-1.83834
-1.8599
-1.88878
-1.89029
-1.86864
-1.83466
-1.79794
-1.86866
-1.87273
-1.88222
-1.9031
-1.9446
-2.00025
-1.99653
-1.95634
-1.89181
-1.65539
-1.91845
-1.92262
-1.93214
-1.9543
-2.00921
-2.08435
-2.06881
-2.00981
-1.91724
-1.59998
-1.96524
-1.96762
-1.97313
-1.98932
-2.03295
-2.08226
-2.06481
-2.01034
-1.92182
-1.7015
-0.980968
-0.981114
-0.981434
-0.981881
-0.980245
-0.989989
-1.00787
-0.997122
-0.952138
-0.835357
-1.03159
-1.03174
-1.03221
-1.03294
-1.03328
-1.04331
-1.0567
-1.05167
-0.976751
-1.14425
-1.08226
-1.08245
-1.0831
-1.08393
-1.08578
-1.0879
-1.09955
-1.10296
-1.10718
-1.22454
-1.13302
-1.13329
-1.13415
-1.13528
-1.13867
-1.13334
-1.1389
-1.14111
-1.12706
-1.30871
-1.18381
-1.18416
-1.1852
-1.18687
-1.19273
-1.16803
-1.16898
-1.16676
-1.13309
-0.74577
-1.23457
-1.23495
-1.23596
-1.23801
-1.24751
-1.24083
-1.23233
-1.24151
-1.25919
-0.912344
-1.28522
-1.28552
-1.28601
-1.28861
-1.29682
-1.29831
-1.29083
-1.30656
-1.31972
-1.02319
-1.33574
-1.33559
-1.33532
-1.33611
-1.3398
-1.3447
-1.34547
-1.3618
-1.3541
-1.00061
-1.38639
-1.38575
-1.38432
-1.3823
-1.37728
-1.38766
-1.40134
-1.42035
-1.40805
-1.10488
-1.43742
-1.43649
-1.43396
-1.4299
-1.41787
-1.42249
-1.45293
-1.47801
-1.47094
-1.26839
-1.4893
-1.48796
-1.48509
-1.48048
-1.46819
-1.45562
-1.49737
-1.52876
-1.5223
-1.40627
-1.54201
-1.54067
-1.53789
-1.53214
-1.52827
-1.49939
-1.53974
-1.57644
-1.5736
-1.56076
-1.59562
-1.59447
-1.59208
-1.58755
-1.58157
-1.55722
-1.57869
-1.61818
-1.61299
-1.59366
-1.65013
-1.64937
-1.64772
-1.64406
-1.63666
-1.62028
-1.62087
-1.66005
-1.64676
-1.64022
-1.70542
-1.70543
-1.7053
-1.70387
-1.69891
-1.68903
-1.68268
-1.70906
-1.69255
-1.69172
-1.76102
-1.76232
-1.76493
-1.76852
-1.7716
-1.77362
-1.77165
-1.78219
-1.76124
-1.75113
-1.81596
-1.8189
-1.82531
-1.83726
-1.85666
-1.87873
-1.88518
-1.8765
-1.84029
-1.81182
-1.86895
-1.87318
-1.88288
-1.9036
-1.94607
-1.99952
-2.00538
-1.96898
-1.90842
-1.92052
-1.91887
-1.92329
-1.93347
-1.9556
-2.01179
-2.10041
-2.09003
-2.02214
-1.96457
-2.01846
-1.96562
-1.9682
-1.97415
-1.99155
-2.04113
-2.09819
-2.07307
-2.01499
-1.98586
-2.00891
-0.980767
-0.980845
-0.980956
-0.981018
-0.979003
-0.986548
-1.01206
-1.02625
-0.796091
2.88951
-1.03161
-1.03175
-1.03224
-1.03323
-1.03456
-1.04289
-1.05761
-1.07679
-1.10141
-0.196834
-1.08239
-1.0826
-1.08328
-1.08447
-1.08659
-1.09397
-1.09593
-1.10676
-1.0793
-0.0731438
-1.1332
-1.13347
-1.13426
-1.13539
-1.13754
-1.14294
-1.1377
-1.1322
-1.13234
0.708822
-1.18404
-1.18435
-1.18522
-1.18627
-1.18794
-1.18829
-1.17401
-1.16236
-1.03377
3.31296
-1.23485
-1.2352
-1.23616
-1.2375
-1.24067
-1.2458
-1.25528
-1.25262
-1.2747
-1.41918
-1.28559
-1.28589
-1.28681
-1.28826
-1.29339
-1.30358
-1.31941
-1.33423
-1.32606
-1.33441
-1.33626
-1.33636
-1.33688
-1.33761
-1.34256
-1.35421
-1.36984
-1.37574
-1.35682
-1.34211
-1.38703
-1.38683
-1.3866
-1.38605
-1.38884
-1.39835
-1.4165
-1.42517
-1.40309
-1.41528
-1.43813
-1.43762
-1.43661
-1.43511
-1.43554
-1.43846
-1.4618
-1.47585
-1.46053
-1.45332
-1.48984
-1.48906
-1.48757
-1.48551
-1.48405
-1.48008
-1.50044
-1.51905
-1.50982
-1.50177
-1.54233
-1.54142
-1.53972
-1.53722
-1.53419
-1.52801
-1.53404
-1.55558
-1.5593
-1.55174
-1.5957
-1.59482
-1.59318
-1.59077
-1.58699
-1.58113
-1.57067
-1.58769
-1.59409
-1.58353
-1.64998
-1.64932
-1.64806
-1.64589
-1.64206
-1.6356
-1.62328
-1.63127
-1.62964
-1.61179
-1.70501
-1.70499
-1.70484
-1.70417
-1.70208
-1.69839
-1.69218
-1.69465
-1.68418
-1.6776
-1.76035
-1.76144
-1.76359
-1.7667
-1.77027
-1.77588
-1.78086
-1.77938
-1.75718
-1.66166
-1.81509
-1.81761
-1.82318
-1.83272
-1.84972
-1.87739
-1.9017
-1.89052
-1.85348
-1.84114
-1.86802
-1.87167
-1.88021
-1.896
-1.93154
-1.99543
-2.04343
-2.00297
-1.94233
-1.9344
-1.91814
-1.9219
-1.93135
-1.94675
-1.99042
-2.09021
-2.13689
-2.06935
-2.01646
-2.02375
-1.96531
-1.96765
-1.97304
-1.98466
-2.02166
-2.08677
-2.1058
-2.06814
-2.04615
-2.05991
-0.980839
-0.981019
-0.98165
-0.982892
-0.985737
-0.993778
-1.00438
-1.00807
-1.00562
-1.01851
-1.03159
-1.03174
-1.03236
-1.03357
-1.03596
-1.0415
-1.05014
-1.05584
-1.05172
-1.05738
-1.0823
-1.08246
-1.0831
-1.0842
-1.08611
-1.08969
-1.09486
-1.09914
-1.09191
-1.10358
-1.13306
-1.13326
-1.13391
-1.13489
-1.13648
-1.13902
-1.14231
-1.14602
-1.15429
-1.15924
-1.18389
-1.18413
-1.18478
-1.18572
-1.18718
-1.18904
-1.1915
-1.19717
-1.20025
-0.56524
-1.23475
-1.235
-1.23568
-1.23673
-1.23866
-1.242
-1.24715
-1.25718
-1.26524
-1.30873
-1.2856
-1.2858
-1.28639
-1.28746
-1.28984
-1.29392
-1.29868
-1.30765
-1.308
-1.34565
-1.33642
-1.33648
-1.33678
-1.33742
-1.33949
-1.34358
-1.34798
-1.35489
-1.35755
-1.37031
-1.38735
-1.38719
-1.387
-1.3869
-1.38801
-1.39135
-1.39618
-1.4031
-1.41073
-1.42269
-1.43857
-1.43818
-1.43747
-1.43659
-1.43637
-1.43807
-1.44261
-1.45006
-1.46242
-1.48987
-1.49029
-1.4897
-1.48858
-1.48707
-1.48575
-1.48522
-1.48677
-1.49265
-1.49436
-1.49081
-1.54269
-1.54198
-1.54066
-1.53866
-1.5364
-1.53388
-1.53219
-1.53894
-1.54483
-1.5541
-1.59584
-1.59514
-1.5938
-1.59153
-1.58868
-1.58442
-1.5801
-1.58324
-1.59004
-1.59575
-1.64977
-1.64927
-1.6483
-1.64646
-1.64351
-1.63916
-1.63317
-1.63394
-1.63865
-1.63915
-1.70433
-1.70433
-1.70429
-1.70378
-1.70228
-1.69935
-1.69577
-1.69676
-1.69842
-1.6997
-1.75913
-1.75997
-1.76163
-1.76407
-1.76672
-1.76914
-1.77249
-1.77993
-1.77454
-1.76249
-1.81342
-1.8153
-1.81912
-1.82631
-1.83733
-1.85489
-1.88024
-1.89589
-1.87863
-1.85571
-1.86612
-1.86885
-1.87482
-1.88623
-1.90634
-1.94794
-2.00695
-2.0226
-1.98725
-1.95051
-1.91654
-1.91928
-1.92612
-1.9377
-1.95834
-2.01731
-2.0937
-2.09935
-2.06418
-2.02735
-1.96435
-1.96615
-1.97029
-1.9777
-1.99512
-2.03659
-2.07729
-2.08189
-2.07118
-2.06003
-0.981206
-0.981308
-0.981913
-0.982791
-0.983839
-0.985989
-0.990512
-0.992085
-0.994333
-1.0098
-1.0316
-1.03163
-1.03219
-1.03321
-1.03471
-1.03702
-1.04004
-1.04198
-1.04413
-1.05547
-1.08205
-1.08212
-1.08267
-1.08363
-1.08505
-1.08686
-1.08861
-1.08964
-1.09183
-1.092
-1.1327
-1.13282
-1.13335
-1.13419
-1.13538
-1.13657
-1.13728
-1.1368
-1.14814
-1.12925
-1.18352
-1.18369
-1.18419
-1.18494
-1.18599
-1.18663
-1.18602
-1.18446
-1.19831
-1.15869
-1.23446
-1.23463
-1.23511
-1.23586
-1.2371
-1.23824
-1.23973
-1.24343
-1.25129
-1.2639
-1.28543
-1.28557
-1.28597
-1.28663
-1.28782
-1.28921
-1.29125
-1.29557
-1.30022
-1.3105
-1.33644
-1.33647
-1.33665
-1.33704
-1.33787
-1.33904
-1.34098
-1.34467
-1.34907
-1.36098
-1.38756
-1.38745
-1.38732
-1.38725
-1.38744
-1.3881
-1.38967
-1.39247
-1.39912
-1.41075
-1.43893
-1.43866
-1.43821
-1.43764
-1.43711
-1.43687
-1.43788
-1.43934
-1.44463
-1.45003
-1.49071
-1.49031
-1.48961
-1.48861
-1.48729
-1.48629
-1.48602
-1.48601
-1.48575
-1.47468
-1.54304
-1.54254
-1.54165
-1.54034
-1.53856
-1.53682
-1.535
-1.53587
-1.53788
-1.53742
-1.59599
-1.5955
-1.59459
-1.59314
-1.59106
-1.58865
-1.58599
-1.5856
-1.58801
-1.58873
-1.64958
-1.64924
-1.64859
-1.64742
-1.64546
-1.64297
-1.64005
-1.63892
-1.64072
-1.64166
-1.70364
-1.70368
-1.70373
-1.70354
-1.7027
-1.70133
-1.69956
-1.69895
-1.70045
-1.70094
-1.75781
-1.75846
-1.75971
-1.76154
-1.76359
-1.76582
-1.76813
-1.77173
-1.7738
-1.76894
-1.81151
-1.8128
-1.81555
-1.82023
-1.82728
-1.83742
-1.8515
-1.86628
-1.86976
-1.8549
-1.86384
-1.86573
-1.86963
-1.87666
-1.88858
-1.908
-1.93844
-1.96878
-1.97271
-1.94468
-1.91435
-1.91624
-1.92032
-1.92763
-1.94
-1.96212
-1.99947
-2.03788
-2.04463
-2.01682
-1.96298
-1.96425
-1.96699
-1.9718
-1.97983
-1.99485
-2.01926
-2.04206
-2.0517
-2.04571
-0.981999
-0.981963
-0.982528
-0.983349
-0.984429
-0.986056
-0.988055
-0.989011
-0.98871
-0.985831
-1.03162
-1.03137
-1.03185
-1.03282
-1.03411
-1.03556
-1.03698
-1.03764
-1.03647
-1.03213
-1.08161
-1.08143
-1.08189
-1.08282
-1.08402
-1.08519
-1.08603
-1.08639
-1.08581
-1.0818
-1.13208
-1.13205
-1.13248
-1.13326
-1.13427
-1.13511
-1.13547
-1.13531
-1.13688
-1.12401
-1.18292
-1.18298
-1.18338
-1.18403
-1.18488
-1.1855
-1.18555
-1.18489
-1.18766
-1.16435
-1.23396
-1.23406
-1.23441
-1.23499
-1.2358
-1.23658
-1.23732
-1.23853
-1.24055
-1.24028
-1.2851
-1.28519
-1.28545
-1.28591
-1.28661
-1.28737
-1.28812
-1.28905
-1.29051
-1.29114
-1.33631
-1.33633
-1.33644
-1.33668
-1.3371
-1.33759
-1.338
-1.33821
-1.33966
-1.33843
-1.38763
-1.38754
-1.38745
-1.38738
-1.38738
-1.38741
-1.38728
-1.38657
-1.38799
-1.38281
-1.43915
-1.43896
-1.43864
-1.43823
-1.43775
-1.43723
-1.4365
-1.43483
-1.43523
-1.42108
-1.491
-1.49072
-1.49021
-1.4895
-1.48856
-1.48756
-1.48635
-1.48492
-1.48358
-1.47042
-1.54329
-1.54294
-1.54231
-1.5414
-1.54014
-1.53872
-1.53718
-1.53643
-1.53645
-1.5342
-1.59606
-1.59572
-1.5951
-1.59414
-1.59273
-1.59105
-1.58931
-1.58843
-1.58889
-1.58926
-1.64931
-1.64909
-1.64868
-1.64797
-1.64675
-1.64515
-1.64344
-1.64246
-1.643
-1.64345
-1.70288
-1.70294
-1.70302
-1.70302
-1.70263
-1.70191
-1.70099
-1.70041
-1.70148
-1.70078
-1.75644
-1.75692
-1.7578
-1.75911
-1.76051
-1.76212
-1.76359
-1.76484
-1.76767
-1.76456
-1.80947
-1.81046
-1.81227
-1.81522
-1.81925
-1.82485
-1.83101
-1.83689
-1.84349
-1.83567
-1.8616
-1.86285
-1.86532
-1.86953
-1.87586
-1.88513
-1.89542
-1.90654
-1.91672
-1.90457
-1.91226
-1.91349
-1.91597
-1.92023
-1.92682
-1.93649
-1.94508
-1.95625
-1.96788
-1.95386
-1.96153
-1.96238
-1.96411
-1.96698
-1.97119
-1.97667
-1.9819
-1.99175
-1.99672
-1.98783
-0.983906
-0.984445
-0.984672
-0.984599
-0.984812
-0.985256
-0.985796
-0.986042
-0.985387
-0.986573
-1.03178
-1.0311
-1.03141
-1.03229
-1.03342
-1.03437
-1.03501
-1.03525
-1.03439
-1.03525
-1.08091
-1.08028
-1.08064
-1.08169
-1.08291
-1.0839
-1.08446
-1.08467
-1.08399
-1.08363
-1.13114
-1.1308
-1.13118
-1.13205
-1.13308
-1.1339
-1.13428
-1.13434
-1.13391
-1.13133
-1.18206
-1.18195
-1.18228
-1.18293
-1.18374
-1.18438
-1.18462
-1.18459
-1.1841
-1.17981
-1.23328
-1.2333
-1.23357
-1.23409
-1.23471
-1.23526
-1.23565
-1.23619
-1.23644
-1.23756
-1.28463
-1.28467
-1.28486
-1.2852
-1.28564
-1.28606
-1.28638
-1.28688
-1.28692
-1.28902
-1.33606
-1.33606
-1.33613
-1.33627
-1.33646
-1.33662
-1.33665
-1.33672
-1.33655
-1.33833
-1.38757
-1.38751
-1.38742
-1.38733
-1.38721
-1.38702
-1.38661
-1.386
-1.38545
-1.38533
-1.43924
-1.4391
-1.43887
-1.43854
-1.4381
-1.43754
-1.43665
-1.43532
-1.43411
-1.43063
-1.49117
-1.49096
-1.4906
-1.49008
-1.48936
-1.48849
-1.48731
-1.48588
-1.48423
-1.47983
-1.54342
-1.54317
-1.54274
-1.54209
-1.54119
-1.54013
-1.53882
-1.53767
-1.53683
-1.53552
-1.59603
-1.5958
-1.59539
-1.59474
-1.5938
-1.59267
-1.59133
-1.59025
-1.58982
-1.58969
-1.64897
-1.64884
-1.64859
-1.64815
-1.64741
-1.64645
-1.64523
-1.64419
-1.64384
-1.64361
-1.70211
-1.70217
-1.70225
-1.70232
-1.70218
-1.70187
-1.70121
-1.70048
-1.70024
-1.69891
-1.75518
-1.75551
-1.7561
-1.75697
-1.75793
-1.759
-1.75976
-1.76015
-1.76044
-1.75696
-1.80782
-1.80843
-1.80957
-1.81138
-1.81374
-1.81675
-1.81978
-1.82206
-1.8234
-1.81699
-1.85966
-1.86045
-1.86196
-1.86443
-1.8679
-1.87255
-1.87754
-1.88121
-1.88228
-1.87586
-1.91044
-1.91121
-1.91271
-1.91517
-1.91867
-1.92363
-1.92916
-1.93267
-1.93186
-1.92753
-1.96018
-1.96075
-1.96182
-1.96353
-1.96579
-1.96865
-1.97079
-1.97228
-1.97305
-1.97091
-0.988335
-0.990765
-0.989941
-0.987569
-0.985627
-0.9847
-0.984322
-0.9841
-0.983579
-0.984025
-1.03185
-1.03071
-1.03039
-1.03113
-1.03236
-1.03317
-1.03351
-1.03359
-1.03304
-1.03339
-1.07968
-1.07779
-1.07813
-1.07976
-1.08146
-1.08256
-1.08312
-1.08333
-1.08283
-1.08276
-1.12978
-1.12881
-1.1292
-1.13039
-1.1317
-1.13269
-1.13318
-1.13336
-1.13284
-1.13202
-1.18092
-1.18054
-1.18087
-1.18166
-1.18255
-1.18331
-1.18368
-1.1838
-1.18315
-1.18181
-1.23243
-1.23234
-1.23259
-1.23312
-1.23377
-1.23424
-1.23452
-1.23474
-1.23431
-1.23429
-1.28407
-1.28407
-1.28422
-1.28453
-1.28489
-1.28517
-1.2853
-1.28539
-1.28481
-1.28489
-1.33573
-1.33572
-1.33576
-1.33587
-1.33599
-1.33602
-1.33589
-1.33565
-1.33479
-1.33436
-1.38743
-1.38738
-1.38731
-1.38723
-1.38709
-1.38685
-1.38638
-1.38569
-1.38441
-1.38294
-1.43924
-1.43914
-1.43896
-1.4387
-1.43834
-1.43783
-1.43706
-1.43598
-1.43437
-1.43195
-1.49123
-1.49108
-1.49081
-1.49042
-1.48988
-1.48917
-1.48822
-1.48703
-1.48544
-1.48302
-1.54345
-1.54328
-1.54297
-1.54251
-1.54186
-1.54105
-1.54004
-1.53897
-1.53785
-1.53662
-1.59592
-1.59577
-1.59549
-1.59505
-1.59441
-1.59362
-1.59263
-1.59167
-1.59093
-1.59023
-1.64862
-1.64853
-1.64837
-1.64809
-1.64762
-1.64701
-1.64615
-1.6453
-1.6447
-1.644
-1.70141
-1.70145
-1.70151
-1.70156
-1.70149
-1.70134
-1.70085
-1.70024
-1.69972
-1.69863
-1.75409
-1.7543
-1.75467
-1.75521
-1.75578
-1.7564
-1.75663
-1.75658
-1.75616
-1.75422
-1.80639
-1.80677
-1.80747
-1.80853
-1.80983
-1.8114
-1.81258
-1.8134
-1.81304
-1.80998
-1.85806
-1.85855
-1.85945
-1.86086
-1.86271
-1.86498
-1.86695
-1.86845
-1.86782
-1.86445
-1.90893
-1.90941
-1.91031
-1.91171
-1.91356
-1.91579
-1.91794
-1.91952
-1.91867
-1.91555
-1.95904
-1.9594
-1.96008
-1.96109
-1.96236
-1.96384
-1.96499
-1.96577
-1.96508
-1.96313
-0.987959
-0.995072
-0.9951
-0.99164
-0.987005
-0.984152
-0.98304
-0.982594
-0.982188
-0.982438
-1.02958
-1.0285
-1.02712
-1.02873
-1.03074
-1.03182
-1.03221
-1.03231
-1.03206
-1.03234
-1.07717
-1.07328
-1.07328
-1.07652
-1.07952
-1.0812
-1.08197
-1.08229
-1.08208
-1.08228
-1.12792
-1.12582
-1.12634
-1.12826
-1.1302
-1.13153
-1.13225
-1.13255
-1.13228
-1.1323
-1.17963
-1.17885
-1.17921
-1.18027
-1.18145
-1.18236
-1.18288
-1.1831
-1.18272
-1.18263
-1.23156
-1.23133
-1.23157
-1.23218
-1.23289
-1.23344
-1.23375
-1.23388
-1.23347
-1.23362
-1.2835
-1.28345
-1.2836
-1.28391
-1.28428
-1.28455
-1.28464
-1.28461
-1.28408
-1.28419
-1.33539
-1.33537
-1.33542
-1.33552
-1.33563
-1.33564
-1.33549
-1.3352
-1.33446
-1.33426
-1.38726
-1.38722
-1.38717
-1.38711
-1.38699
-1.38677
-1.38636
-1.38578
-1.38477
-1.38398
-1.43919
-1.43911
-1.43897
-1.43877
-1.43848
-1.43806
-1.43743
-1.43661
-1.4354
-1.43409
-1.49122
-1.49111
-1.49091
-1.49062
-1.4902
-1.48964
-1.48889
-1.48796
-1.48675
-1.48534
-1.54342
-1.5433
-1.54307
-1.54273
-1.54225
-1.54163
-1.54084
-1.53995
-1.53893
-1.5379
-1.59578
-1.59568
-1.59547
-1.59516
-1.5947
-1.59411
-1.59336
-1.59256
-1.5917
-1.59089
-1.64828
-1.64822
-1.6481
-1.6479
-1.64758
-1.64714
-1.6465
-1.64581
-1.64502
-1.64425
-1.7008
-1.70083
-1.70085
-1.70087
-1.70081
-1.70067
-1.70029
-1.69979
-1.69908
-1.69809
-1.7532
-1.75333
-1.75355
-1.75385
-1.75417
-1.75447
-1.75449
-1.75431
-1.75368
-1.75237
-1.80526
-1.80549
-1.8059
-1.80651
-1.80722
-1.80801
-1.80851
-1.80872
-1.80816
-1.80653
-1.85682
-1.85711
-1.85765
-1.85845
-1.85944
-1.86059
-1.86141
-1.86191
-1.86141
-1.85965
-1.90777
-1.90806
-1.9086
-1.9094
-1.91041
-1.91169
-1.91247
-1.913
-1.91285
-1.91101
-1.95812
-1.95836
-1.95878
-1.9594
-1.96015
-1.96096
-1.96151
-1.96188
-1.96159
-1.96083
-0.978092
-0.984026
-0.988375
-0.991763
-0.987923
-0.983627
-0.981901
-0.981354
-0.980955
-0.980976
-1.02396
-1.0218
-1.0212
-1.02607
-1.02932
-1.03067
-1.03118
-1.03135
-1.03124
-1.03134
-1.07486
-1.06921
-1.0684
-1.07321
-1.07779
-1.08013
-1.08112
-1.08153
-1.08152
-1.08164
-1.12653
-1.12311
-1.12371
-1.12642
-1.12902
-1.13069
-1.13157
-1.13195
-1.13191
-1.132
-1.17866
-1.17755
-1.17796
-1.17924
-1.18065
-1.18171
-1.18232
-1.18259
-1.18244
-1.18249
-1.23092
-1.23059
-1.23084
-1.23151
-1.2323
-1.23291
-1.23326
-1.23338
-1.23313
-1.23317
-1.28309
-1.28301
-1.28315
-1.28349
-1.28388
-1.28416
-1.28426
-1.2842
-1.28381
-1.28379
-1.33511
-1.3351
-1.33516
-1.33527
-1.33538
-1.33542
-1.3353
-1.33503
-1.33445
-1.33427
-1.38711
-1.38708
-1.38704
-1.38701
-1.38693
-1.38675
-1.38642
-1.38595
-1.38523
-1.38467
-1.43912
-1.43906
-1.43895
-1.4388
-1.43857
-1.43822
-1.43773
-1.43709
-1.43625
-1.43543
-1.49119
-1.4911
-1.49095
-1.49072
-1.49039
-1.48994
-1.48934
-1.48862
-1.48774
-1.48685
-1.54336
-1.54327
-1.5431
-1.54283
-1.54246
-1.54197
-1.54134
-1.54061
-1.53976
-1.539
-1.59565
-1.59557
-1.59541
-1.59517
-1.59482
-1.59435
-1.59375
-1.59306
-1.59229
-1.59154
-1.648
-1.64795
-1.64785
-1.6477
-1.64744
-1.64708
-1.64657
-1.64596
-1.64522
-1.64444
-1.70033
-1.70034
-1.70034
-1.70033
-1.70025
-1.70008
-1.69972
-1.69925
-1.69853
-1.69764
-1.75253
-1.7526
-1.75273
-1.75289
-1.75304
-1.75313
-1.75301
-1.75271
-1.75203
-1.751
-1.80443
-1.80457
-1.80482
-1.80516
-1.80554
-1.80589
-1.80603
-1.80594
-1.8053
-1.8042
-1.85592
-1.8561
-1.85642
-1.85688
-1.85742
-1.85797
-1.85829
-1.85837
-1.85779
-1.85662
-1.90692
-1.90711
-1.90744
-1.90791
-1.90848
-1.90907
-1.90945
-1.90959
-1.90916
-1.90811
-1.95745
-1.95761
-1.95788
-1.95827
-1.95873
-1.95919
-1.95949
-1.95962
-1.95935
-1.95869
-0.978626
-0.98602
-0.991513
-0.992906
-0.987117
-0.98295
-0.981319
-0.980583
-0.980063
-0.979916
-1.02498
-1.02583
-1.02707
-1.02895
-1.03003
-1.03062
-1.03083
-1.03083
-1.03068
-1.03064
-1.07497
-1.07201
-1.07195
-1.07531
-1.07837
-1.08007
-1.08083
-1.08115
-1.08117
-1.08118
-1.12644
-1.12406
-1.12485
-1.12698
-1.12909
-1.1305
-1.13128
-1.13164
-1.13168
-1.1317
-1.17851
-1.17763
-1.17811
-1.17924
-1.1805
-1.18147
-1.18205
-1.18231
-1.18229
-1.18228
-1.23073
-1.23047
-1.23072
-1.23136
-1.23209
-1.23267
-1.23301
-1.23313
-1.233
-1.23293
-1.28293
-1.28285
-1.283
-1.28332
-1.28369
-1.28397
-1.28408
-1.28402
-1.28377
-1.28362
-1.33497
-1.33498
-1.33504
-1.33516
-1.33528
-1.33532
-1.33523
-1.335
-1.33459
-1.33431
-1.38703
-1.38701
-1.38699
-1.38697
-1.38691
-1.38676
-1.38649
-1.3861
-1.38556
-1.3851
-1.43907
-1.43903
-1.43894
-1.43882
-1.43863
-1.43834
-1.43794
-1.43741
-1.43678
-1.43617
-1.49116
-1.49109
-1.49096
-1.49078
-1.4905
-1.49013
-1.48963
-1.48904
-1.48835
-1.48768
-1.54332
-1.54324
-1.5431
-1.54288
-1.54257
-1.54216
-1.54163
-1.54101
-1.54032
-1.53964
-1.59554
-1.59548
-1.59535
-1.59515
-1.59486
-1.59446
-1.59395
-1.59335
-1.59266
-1.59198
-1.6478
-1.64776
-1.64768
-1.64754
-1.64732
-1.647
-1.64655
-1.646
-1.64532
-1.6446
-1.70002
-1.70002
-1.7
-1.69996
-1.69987
-1.69968
-1.69934
-1.69887
-1.69822
-1.69742
-1.75209
-1.75214
-1.75221
-1.75229
-1.75234
-1.75232
-1.75214
-1.75178
-1.75115
-1.75029
-1.8039
-1.80399
-1.80414
-1.80434
-1.80454
-1.80469
-1.80466
-1.80444
-1.80385
-1.80295
-1.85534
-1.85546
-1.85567
-1.85595
-1.85626
-1.85652
-1.85662
-1.85651
-1.85599
-1.85511
-1.90637
-1.9065
-1.90672
-1.90703
-1.90737
-1.90767
-1.90783
-1.90779
-1.9074
-1.90665
-1.957
-1.95712
-1.95731
-1.95758
-1.95789
-1.95816
-1.95833
-1.95834
-1.9581
-1.9576
-0.982017
-0.983195
-0.988647
-0.989827
-0.985912
-0.982893
-0.981334
-0.980365
-0.97974
-0.979486
-1.0296
-1.03012
-1.03216
-1.03228
-1.03157
-1.03128
-1.03101
-1.03074
-1.03049
-1.03036
-1.07774
-1.07722
-1.07735
-1.0785
-1.07983
-1.0806
-1.08097
-1.0811
-1.08106
-1.08101
-1.12788
-1.1269
-1.12735
-1.12872
-1.12991
-1.1308
-1.13134
-1.13159
-1.13162
-1.13159
-1.17917
-1.17877
-1.17912
-1.17995
-1.18083
-1.18157
-1.18204
-1.18226
-1.18226
-1.1822
-1.23096
-1.23085
-1.23108
-1.23159
-1.2322
-1.23267
-1.23296
-1.23307
-1.23299
-1.23287
-1.28295
-1.28294
-1.28308
-1.28338
-1.2837
-1.28394
-1.28404
-1.284
-1.2838
-1.2836
-1.33497
-1.33498
-1.33504
-1.33516
-1.33527
-1.33531
-1.33523
-1.33503
-1.33471
-1.3344
-1.38701
-1.38699
-1.38698
-1.38697
-1.38692
-1.38679
-1.38656
-1.38622
-1.38577
-1.38534
-1.43906
-1.43902
-1.43895
-1.43884
-1.43867
-1.43842
-1.43806
-1.43761
-1.43707
-1.43654
-1.49114
-1.49109
-1.49098
-1.49081
-1.49057
-1.49023
-1.4898
-1.48927
-1.48868
-1.48809
-1.54329
-1.54323
-1.5431
-1.54291
-1.54263
-1.54227
-1.5418
-1.54124
-1.54062
-1.54001
-1.59549
-1.59543
-1.59531
-1.59514
-1.59488
-1.59452
-1.59406
-1.59351
-1.59289
-1.59224
-1.6477
-1.64766
-1.64758
-1.64745
-1.64725
-1.64696
-1.64655
-1.64603
-1.6454
-1.64472
-1.69985
-1.69985
-1.69982
-1.69977
-1.69967
-1.69947
-1.69915
-1.6987
-1.69808
-1.69734
-1.75186
-1.75189
-1.75194
-1.75198
-1.75199
-1.75192
-1.75171
-1.75134
-1.75074
-1.74996
-1.80362
-1.80369
-1.80379
-1.80393
-1.80405
-1.8041
-1.80401
-1.80373
-1.80318
-1.80239
-1.85504
-1.85514
-1.85529
-1.85549
-1.85569
-1.85584
-1.85584
-1.85566
-1.85518
-1.85443
-1.90609
-1.9062
-1.90637
-1.90659
-1.90683
-1.90702
-1.9071
-1.90699
-1.90663
-1.906
-1.95678
-1.95687
-1.95703
-1.95725
-1.95748
-1.95768
-1.9578
-1.95778
-1.95755
-1.95711
)
;

boundaryField
{
    lowerSideWalls
    {
        type            calculated;
        value           nonuniform List<scalar> 
800
(
329.836
278.082
222.976
163.902
107.43
27.1412
1.69945
0.135337
-0.0468243
-0.215128
-0.357352
-0.458128
-0.536831
-0.600337
-0.655407
-0.708191
-0.762418
-0.821784
-0.874018
-0.923151
331.232
279.76
224.993
166.413
110.844
32.9319
2.67223
0.109233
-0.0939463
-0.26582
-0.387693
-0.474919
-0.547216
-0.606238
-0.65891
-0.710889
-0.765319
-0.824121
-0.883844
-0.935089
333.818
282.739
229.364
173.489
116.782
47.5901
6.18343
0.037226
-0.13121
-0.289478
-0.398345
-0.483091
-0.550294
-0.606217
-0.66001
-0.713185
-0.76843
-0.832269
-0.900641
-0.949069
337.679
287.068
234.625
180.273
123.582
62.8311
11.175
0.0335389
-0.13197
-0.326305
-0.431249
-0.50158
-0.564664
-0.618638
-0.665858
-0.713157
-0.766685
-0.831613
-0.900584
-0.950312
341.913
291.796
240.24
187.512
132.617
76.0961
21.4097
0.807581
-0.136065
-0.386263
-0.475289
-0.525853
-0.581625
-0.629951
-0.670484
-0.712562
-0.764791
-0.825029
-0.883999
-0.938171
346.428
296.653
245.966
194.78
142.147
88.8221
37.071
5.34218
-0.112118
-0.432544
-0.518958
-0.557801
-0.59899
-0.637655
-0.673482
-0.713774
-0.76492
-0.821931
-0.878169
-0.930829
350.693
301.256
251.67
201.672
151.309
101.378
52.6909
15.3612
0.72791
-0.454016
-0.533358
-0.588841
-0.617185
-0.641401
-0.674213
-0.716176
-0.76688
-0.821067
-0.875231
-0.927521
354.044
305.049
256.209
207.554
159.056
111.615
66.0863
27.6053
3.95891
-0.374252
-0.531831
-0.60489
-0.627898
-0.642346
-0.674009
-0.718615
-0.769102
-0.821529
-0.874102
-0.925789
356.432
307.732
259.427
211.811
164.499
118.553
75.1485
36.5949
7.51906
-0.292984
-0.536359
-0.616357
-0.634509
-0.643536
-0.674499
-0.720391
-0.770498
-0.821815
-0.873436
-0.924883
357.673
309.11
261.058
213.787
167.061
121.948
79.3996
40.6818
9.57224
-0.238852
-0.545435
-0.627334
-0.639707
-0.645493
-0.675017
-0.720898
-0.770812
-0.821923
-0.873445
-0.924656
329.398
277.554
222.379
162.989
106.062
25.895
1.47156
0.116121
-0.0477917
-0.211172
-0.343543
-0.438019
-0.515509
-0.582186
-0.641552
-0.699437
-0.762054
-0.831526
-0.890473
-0.935758
330.879
279.234
224.578
166.13
109.209
31.2221
2.26421
0.11283
-0.0831025
-0.262311
-0.375734
-0.459299
-0.529848
-0.591562
-0.648741
-0.707427
-0.773973
-0.846705
-0.903524
-0.941981
333.396
282.224
228.875
172.909
115.875
46.7702
5.71734
0.0683994
-0.106361
-0.275504
-0.392744
-0.471668
-0.539056
-0.59938
-0.656642
-0.719734
-0.787538
-0.855888
-0.910182
-0.949099
337.236
286.561
234.147
179.772
122.996
62.234
10.6716
0.0522339
-0.108192
-0.318877
-0.42735
-0.489846
-0.549044
-0.60663
-0.661983
-0.722783
-0.783906
-0.849035
-0.904828
-0.948696
341.511
291.398
239.844
187.097
132.278
76.1565
21.0719
0.630704
-0.112207
-0.379325
-0.476552
-0.518601
-0.569116
-0.616281
-0.663977
-0.722555
-0.780183
-0.837499
-0.890311
-0.93997
345.9
296.289
245.632
194.383
141.767
88.2717
36.4942
4.65631
-0.101551
-0.421079
-0.518993
-0.552787
-0.588344
-0.624453
-0.661998
-0.721746
-0.777252
-0.832101
-0.884815
-0.934457
350.21
300.838
251.083
201.249
150.945
101.064
52.3142
14.5518
0.590922
-0.443766
-0.533471
-0.58559
-0.607958
-0.628975
-0.662395
-0.720914
-0.775713
-0.828418
-0.880593
-0.931461
353.752
304.696
255.882
207.067
158.524
111.225
65.7339
26.9115
3.69842
-0.377959
-0.533697
-0.601819
-0.621515
-0.63489
-0.666719
-0.720251
-0.774995
-0.826204
-0.878125
-0.929611
356.107
307.376
259.056
211.359
164.121
118.141
74.6956
36.1384
7.32037
-0.293145
-0.535619
-0.61169
-0.627095
-0.639586
-0.674492
-0.723529
-0.774
-0.824678
-0.876514
-0.928541
357.332
308.755
260.697
213.441
166.671
121.515
78.9591
40.2484
9.25772
-0.245332
-0.539876
-0.615051
-0.627556
-0.639888
-0.675997
-0.724333
-0.773598
-0.824018
-0.87598
-0.928235
329.836
278.082
222.976
163.902
107.43
27.1412
1.69945
0.135337
-0.0468243
-0.215128
-0.357352
-0.458128
-0.536831
-0.600337
-0.655407
-0.708191
-0.762418
-0.821784
-0.874018
-0.923151
331.263
279.783
224.985
166.388
110.749
33.1695
2.76598
0.113966
-0.073658
-0.23528
-0.360201
-0.464763
-0.547048
-0.611273
-0.66517
-0.718478
-0.773763
-0.829837
-0.885625
-0.931724
333.812
282.756
229.343
173.385
116.523
47.9009
6.29919
0.0496927
-0.110703
-0.270271
-0.390255
-0.485864
-0.569398
-0.629449
-0.67744
-0.725488
-0.777448
-0.837444
-0.898533
-0.944439
337.685
287.124
234.632
180.22
123.507
63.0305
11.2142
0.045602
-0.105127
-0.30222
-0.423283
-0.50979
-0.582031
-0.635759
-0.680037
-0.725791
-0.778401
-0.843493
-0.910844
-0.956727
342.083
291.89
240.31
187.464
132.483
75.8193
20.9844
0.64036
-0.102231
-0.346909
-0.457437
-0.521875
-0.584973
-0.635952
-0.677644
-0.722626
-0.775195
-0.83617
-0.895159
-0.946727
346.679
296.809
246.166
194.838
142.226
88.987
36.8163
4.64656
-0.0939819
-0.410743
-0.497217
-0.548119
-0.597132
-0.638112
-0.677029
-0.722618
-0.774808
-0.831165
-0.885617
-0.936243
350.785
301.43
251.891
201.85
151.499
101.747
53.1132
15.6627
0.803405
-0.47011
-0.522017
-0.585395
-0.628429
-0.654154
-0.684844
-0.726464
-0.776696
-0.829858
-0.882511
-0.933209
354.206
305.276
256.509
208.187
159.882
112.385
67.2164
29.239
4.55155
-0.393381
-0.5354
-0.601667
-0.643907
-0.665123
-0.692833
-0.732225
-0.779369
-0.829626
-0.881123
-0.93168
356.663
307.994
259.731
212.131
165.009
119.372
76.4124
38.0306
8.30642
-0.304351
-0.554077
-0.612775
-0.642097
-0.662118
-0.692222
-0.733356
-0.780235
-0.829799
-0.880395
-0.930932
357.939
309.394
261.382
214.153
167.589
122.715
80.5938
42.2116
10.6139
-0.212013
-0.569595
-0.626159
-0.63681
-0.652123
-0.685879
-0.730474
-0.77867
-0.828595
-0.879421
-0.930277
357.907
309.361
261.348
214.11
167.548
122.676
80.5376
42.1566
10.7256
-0.235651
-0.572519
-0.623515
-0.630113
-0.64618
-0.681906
-0.727401
-0.776283
-0.826955
-0.878305
-0.929733
356.562
307.901
259.61
211.989
164.902
119.304
76.3187
37.96
8.67543
-0.329711
-0.556532
-0.610573
-0.623914
-0.642479
-0.67884
-0.724356
-0.774013
-0.825911
-0.878155
-0.92981
354.017
305.102
256.318
207.924
159.763
112.377
67.2335
28.9467
4.9053
-0.393483
-0.535064
-0.593653
-0.615816
-0.638131
-0.675666
-0.721358
-0.772136
-0.825355
-0.878651
-0.930471
350.483
301.187
251.673
201.887
151.543
101.913
53.5146
16.2759
1.02844
-0.452406
-0.529876
-0.583068
-0.605719
-0.633031
-0.673225
-0.720038
-0.772336
-0.826615
-0.881034
-0.93219
346.342
296.556
246.118
194.683
142.179
89.1511
37.4024
4.59947
-0.0525032
-0.405521
-0.506562
-0.547571
-0.58598
-0.6289
-0.673411
-0.721264
-0.77467
-0.831269
-0.885173
-0.935983
341.871
291.577
239.97
187.156
132.277
75.7087
20.4137
0.583041
-0.089395
-0.340715
-0.463517
-0.530511
-0.587127
-0.634221
-0.676128
-0.723501
-0.779674
-0.842564
-0.900373
-0.946862
337.376
286.749
234.233
179.813
123.025
62.6578
10.7476
0.0536023
-0.0922923
-0.287295
-0.41596
-0.507218
-0.576167
-0.624055
-0.674073
-0.725959
-0.783942
-0.852751
-0.912348
-0.952648
333.362
282.319
228.886
172.919
115.636
47.1084
5.83984
0.0555588
-0.0913418
-0.253335
-0.374475
-0.475324
-0.546068
-0.60357
-0.659056
-0.720894
-0.785052
-0.848801
-0.904147
-0.941921
330.824
279.224
224.465
166.151
109.283
31.8729
2.39614
0.107671
-0.0633973
-0.225103
-0.351752
-0.449314
-0.527775
-0.592681
-0.650435
-0.710099
-0.775402
-0.844917
-0.897353
-0.937545
329.398
277.554
222.379
162.989
106.062
25.895
1.47156
0.116121
-0.0477917
-0.211172
-0.343543
-0.438019
-0.515509
-0.582186
-0.641552
-0.699437
-0.762054
-0.831526
-0.890473
-0.935758
)
;
    }
    upperSideWalls
    {
        type            calculated;
        value           nonuniform List<scalar> 
800
(
-0.972035
-1.02256
-1.07349
-1.12414
-1.17566
-1.22774
-1.28006
-1.3325
-1.38499
-1.43754
-1.49016
-1.54286
-1.5956
-1.6483
-1.70083
-1.75305
-1.8048
-1.85598
-1.90658
-1.95664
-0.9769
-1.02309
-1.07355
-1.1235
-1.17523
-1.22755
-1.27998
-1.33244
-1.38493
-1.43748
-1.49011
-1.54283
-1.5956
-1.64834
-1.70092
-1.75318
-1.80496
-1.85615
-1.90671
-1.95672
-0.986317
-1.02892
-1.07532
-1.1239
-1.17552
-1.22769
-1.28003
-1.33242
-1.38486
-1.43737
-1.48998
-1.54272
-1.59555
-1.64837
-1.70104
-1.75339
-1.80522
-1.85644
-1.90695
-1.95687
-0.990959
-1.03222
-1.07611
-1.12503
-1.17626
-1.2281
-1.28021
-1.33244
-1.38477
-1.43721
-1.48981
-1.54257
-1.59547
-1.64839
-1.70119
-1.75366
-1.80559
-1.85681
-1.90724
-1.95701
-0.985426
-1.03014
-1.0766
-1.12622
-1.17706
-1.22858
-1.28043
-1.33246
-1.38464
-1.437
-1.48957
-1.54236
-1.59534
-1.64838
-1.70132
-1.75392
-1.80594
-1.8572
-1.90749
-1.95708
-0.980165
-1.02816
-1.07691
-1.12686
-1.17763
-1.22893
-1.28055
-1.33239
-1.38443
-1.43671
-1.48925
-1.54207
-1.59513
-1.64829
-1.70135
-1.75406
-1.80614
-1.85735
-1.90754
-1.95698
-0.97771
-1.02718
-1.07687
-1.12712
-1.17789
-1.22905
-1.28051
-1.3322
-1.38412
-1.43632
-1.48884
-1.54168
-1.5948
-1.64806
-1.70122
-1.754
-1.8061
-1.85721
-1.90731
-1.95664
-0.976404
-1.02651
-1.07666
-1.1271
-1.17789
-1.22898
-1.28032
-1.33189
-1.38372
-1.43585
-1.48833
-1.54117
-1.59431
-1.6476
-1.70077
-1.75354
-1.80566
-1.85665
-1.9067
-1.95602
-0.975633
-1.02601
-1.07637
-1.12692
-1.17772
-1.22876
-1.28001
-1.3315
-1.38323
-1.43528
-1.4877
-1.54049
-1.59361
-1.6469
-1.70004
-1.75274
-1.80477
-1.85573
-1.90579
-1.95521
-0.975314
-1.02571
-1.07613
-1.1267
-1.17748
-1.22848
-1.27968
-1.33109
-1.38274
-1.43469
-1.48699
-1.53968
-1.59268
-1.64579
-1.69882
-1.75143
-1.80335
-1.85435
-1.90454
-1.95418
-0.982017
-1.0296
-1.07774
-1.12788
-1.17917
-1.23096
-1.28295
-1.33497
-1.38701
-1.43906
-1.49114
-1.54329
-1.59549
-1.6477
-1.69985
-1.75186
-1.80362
-1.85504
-1.90609
-1.95678
-0.983195
-1.03012
-1.07722
-1.1269
-1.17877
-1.23085
-1.28294
-1.33498
-1.38699
-1.43902
-1.49109
-1.54323
-1.59543
-1.64766
-1.69985
-1.75189
-1.80369
-1.85514
-1.9062
-1.95687
-0.988647
-1.03216
-1.07735
-1.12735
-1.17912
-1.23108
-1.28308
-1.33504
-1.38698
-1.43895
-1.49098
-1.5431
-1.59531
-1.64758
-1.69982
-1.75194
-1.80379
-1.85529
-1.90637
-1.95703
-0.989827
-1.03228
-1.0785
-1.12872
-1.17995
-1.23159
-1.28338
-1.33516
-1.38697
-1.43884
-1.49081
-1.54291
-1.59514
-1.64745
-1.69977
-1.75198
-1.80393
-1.85549
-1.90659
-1.95725
-0.985912
-1.03157
-1.07983
-1.12991
-1.18083
-1.2322
-1.2837
-1.33527
-1.38692
-1.43867
-1.49057
-1.54263
-1.59488
-1.64725
-1.69967
-1.75199
-1.80405
-1.85569
-1.90683
-1.95748
-0.982893
-1.03128
-1.0806
-1.1308
-1.18157
-1.23267
-1.28394
-1.33531
-1.38679
-1.43842
-1.49023
-1.54227
-1.59452
-1.64696
-1.69947
-1.75192
-1.8041
-1.85584
-1.90702
-1.95768
-0.981334
-1.03101
-1.08097
-1.13134
-1.18204
-1.23296
-1.28404
-1.33523
-1.38656
-1.43806
-1.4898
-1.5418
-1.59406
-1.64655
-1.69915
-1.75171
-1.80401
-1.85584
-1.9071
-1.9578
-0.980365
-1.03074
-1.0811
-1.13159
-1.18226
-1.23307
-1.284
-1.33503
-1.38622
-1.43761
-1.48927
-1.54124
-1.59351
-1.64603
-1.6987
-1.75134
-1.80373
-1.85566
-1.90699
-1.95778
-0.97974
-1.03049
-1.08106
-1.13162
-1.18226
-1.23299
-1.2838
-1.33471
-1.38577
-1.43707
-1.48868
-1.54062
-1.59289
-1.6454
-1.69808
-1.75074
-1.80318
-1.85518
-1.90663
-1.95755
-0.979486
-1.03036
-1.08101
-1.13159
-1.1822
-1.23287
-1.2836
-1.3344
-1.38534
-1.43654
-1.48809
-1.54001
-1.59224
-1.64472
-1.69734
-1.74996
-1.80239
-1.85443
-1.906
-1.95711
-0.972035
-1.02256
-1.07349
-1.12414
-1.17566
-1.22774
-1.28006
-1.3325
-1.38499
-1.43754
-1.49016
-1.54286
-1.5956
-1.6483
-1.70083
-1.75305
-1.8048
-1.85598
-1.90658
-1.95664
-0.972773
-1.01987
-1.07072
-1.1227
-1.17497
-1.2275
-1.28003
-1.33253
-1.38502
-1.43756
-1.49018
-1.5429
-1.59569
-1.64847
-1.7011
-1.75341
-1.80524
-1.85645
-1.90701
-1.95698
-0.978342
-1.02147
-1.07192
-1.12306
-1.17528
-1.22781
-1.28029
-1.33272
-1.38514
-1.43762
-1.49022
-1.54297
-1.59585
-1.64877
-1.70159
-1.7541
-1.80609
-1.85736
-1.90785
-1.95765
-0.990444
-1.02972
-1.07526
-1.12486
-1.17658
-1.22868
-1.2809
-1.3331
-1.38535
-1.43772
-1.49027
-1.54305
-1.59605
-1.64919
-1.70229
-1.75512
-1.80735
-1.85872
-1.90912
-1.95863
-0.989292
-1.03173
-1.07762
-1.12728
-1.1783
-1.22985
-1.28176
-1.33362
-1.38562
-1.43781
-1.49027
-1.54308
-1.59623
-1.64965
-1.70314
-1.75639
-1.809
-1.86054
-1.9108
-1.9599
-0.98384
-1.0309
-1.07924
-1.12911
-1.17993
-1.23115
-1.2826
-1.33416
-1.38588
-1.43786
-1.4902
-1.54301
-1.59632
-1.65006
-1.70402
-1.75782
-1.81093
-1.86275
-1.91282
-1.96138
-0.982112
-1.03096
-1.08037
-1.13054
-1.18127
-1.23227
-1.28342
-1.33468
-1.3861
-1.43784
-1.49004
-1.54283
-1.59628
-1.65034
-1.70481
-1.75925
-1.81297
-1.86521
-1.91502
-1.96292
-0.981526
-1.03124
-1.08124
-1.13165
-1.18237
-1.23324
-1.28417
-1.33515
-1.38629
-1.43777
-1.48981
-1.54257
-1.59612
-1.65046
-1.7054
-1.76044
-1.81474
-1.86723
-1.91701
-1.96428
-0.981221
-1.03147
-1.08187
-1.13247
-1.18323
-1.23404
-1.28482
-1.33559
-1.38648
-1.43773
-1.48962
-1.54231
-1.59589
-1.65038
-1.70561
-1.76109
-1.81586
-1.86866
-1.91845
-1.96524
-0.980968
-1.03159
-1.08226
-1.13302
-1.18381
-1.23457
-1.28522
-1.33574
-1.38639
-1.43742
-1.4893
-1.54201
-1.59562
-1.65013
-1.70542
-1.76102
-1.81596
-1.86895
-1.91887
-1.96562
-0.980767
-1.03161
-1.08239
-1.1332
-1.18404
-1.23485
-1.28559
-1.33626
-1.38703
-1.43813
-1.48984
-1.54233
-1.5957
-1.64998
-1.70501
-1.76035
-1.81509
-1.86802
-1.91814
-1.96531
-0.980839
-1.03159
-1.0823
-1.13306
-1.18389
-1.23475
-1.2856
-1.33642
-1.38735
-1.43857
-1.49029
-1.54269
-1.59584
-1.64977
-1.70433
-1.75913
-1.81342
-1.86612
-1.91654
-1.96435
-0.981206
-1.0316
-1.08205
-1.1327
-1.18352
-1.23446
-1.28543
-1.33644
-1.38756
-1.43893
-1.49071
-1.54304
-1.59599
-1.64958
-1.70364
-1.75781
-1.81151
-1.86384
-1.91435
-1.96298
-0.981999
-1.03162
-1.08161
-1.13208
-1.18292
-1.23396
-1.2851
-1.33631
-1.38763
-1.43915
-1.491
-1.54329
-1.59606
-1.64931
-1.70288
-1.75644
-1.80947
-1.8616
-1.91226
-1.96153
-0.983906
-1.03178
-1.08091
-1.13114
-1.18206
-1.23328
-1.28463
-1.33606
-1.38757
-1.43924
-1.49117
-1.54342
-1.59603
-1.64897
-1.70211
-1.75518
-1.80782
-1.85966
-1.91044
-1.96018
-0.988335
-1.03185
-1.07968
-1.12978
-1.18092
-1.23243
-1.28407
-1.33573
-1.38743
-1.43924
-1.49123
-1.54345
-1.59592
-1.64862
-1.70141
-1.75409
-1.80639
-1.85806
-1.90893
-1.95904
-0.987959
-1.02958
-1.07717
-1.12792
-1.17963
-1.23156
-1.2835
-1.33539
-1.38726
-1.43919
-1.49122
-1.54342
-1.59578
-1.64828
-1.7008
-1.7532
-1.80526
-1.85682
-1.90777
-1.95812
-0.978092
-1.02396
-1.07486
-1.12653
-1.17866
-1.23092
-1.28309
-1.33511
-1.38711
-1.43912
-1.49119
-1.54336
-1.59565
-1.648
-1.70033
-1.75253
-1.80443
-1.85592
-1.90692
-1.95745
-0.978626
-1.02498
-1.07497
-1.12644
-1.17851
-1.23073
-1.28293
-1.33497
-1.38703
-1.43907
-1.49116
-1.54332
-1.59554
-1.6478
-1.70002
-1.75209
-1.8039
-1.85534
-1.90637
-1.957
-0.982017
-1.0296
-1.07774
-1.12788
-1.17917
-1.23096
-1.28295
-1.33497
-1.38701
-1.43906
-1.49114
-1.54329
-1.59549
-1.6477
-1.69985
-1.75186
-1.80362
-1.85504
-1.90609
-1.95678
)
;
    }
    lowerWall
    {
        type            calculated;
        value           nonuniform List<scalar> 
200
(
354.361
355.788
358.337
362.21
366.608
371.204
375.31
378.731
381.188
382.464
382.432
381.087
378.542
375.008
370.867
366.396
361.901
357.887
355.349
353.923
355.757
357.336
359.868
363.467
367.656
372.021
376.108
379.529
381.943
383.195
383.174
381.846
379.344
375.838
371.715
367.341
363.096
359.444
356.912
355.404
358.343
359.866
362.004
365.628
369.657
373.833
377.782
381.077
383.365
384.556
384.559
383.23
380.863
377.496
373.538
369.308
365.204
361.579
359.445
357.921
362.204
363.434
365.598
368.747
372.433
376.364
380.163
383.299
385.389
386.461
386.434
385.302
383.016
379.758
376.086
372.173
368.372
365.198
363.012
361.761
366.438
367.559
369.585
372.358
375.858
379.448
382.799
385.851
387.756
388.606
388.588
387.621
385.533
382.526
379.144
375.559
372.118
369.238
367.166
366.036
370.953
371.888
373.757
376.364
379.412
382.682
385.714
388.593
390.398
391.536
391.453
390.346
388.364
385.387
382.306
379.047
376.15
373.424
371.483
370.425
375.218
375.965
377.655
380.106
382.801
385.742
388.673
391.217
392.904
393.741
393.634
392.875
391.075
388.58
385.623
382.612
379.745
377.301
375.57
374.735
378.569
379.334
380.889
383.128
385.729
388.507
391.222
393.514
395.022
395.734
395.651
394.989
393.391
391.111
388.219
385.441
382.785
380.548
378.988
378.277
380.957
381.705
383.144
385.188
387.613
390.276
392.882
395.009
396.612
396.727
396.654
396.681
394.877
392.73
390.036
387.358
384.87
382.803
381.359
380.632
382.198
382.939
384.335
386.292
388.518
391.405
393.802
395.804
397.169
394.665
394.297
398.035
395.769
393.775
391.134
388.393
386.027
384.006
382.594
381.857
)
;
    }
    atmosphere
    {
        type            calculated;
        value           nonuniform List<scalar> 0();
    }
    procBoundary0to1
    {
        type            processor;
        value           nonuniform List<scalar> 
800
(
357.616
309.055
260.998
213.697
167.003
121.913
79.3811
40.6515
9.64925
-0.240942
-0.548164
-0.628293
-0.639677
-0.643887
-0.673575
-0.720765
-0.771577
-0.822649
-0.873961
-0.924894
358.371
309.822
261.834
214.611
167.976
122.814
79.4736
37.4028
5.35585
-0.431945
-0.631602
-0.710903
-0.721177
-0.689135
-0.691494
-0.729456
-0.775144
-0.823907
-0.874697
-0.92514
359.794
311.257
263.402
216.298
169.979
124.817
80.7471
37.3527
4.33507
-0.464357
-0.585111
-0.651233
-0.685371
-0.689451
-0.705035
-0.739378
-0.781238
-0.827487
-0.876463
-0.925708
361.714
313.345
265.713
218.911
173.053
128.29
83.9458
41.6432
7.73653
-0.450842
-0.556737
-0.607203
-0.64731
-0.674941
-0.707352
-0.745414
-0.78638
-0.830457
-0.877583
-0.925614
363.944
315.824
268.559
222.323
177.267
133.509
90.3321
48.7305
12.9417
-0.407705
-0.533725
-0.576854
-0.62819
-0.670549
-0.712407
-0.75032
-0.787502
-0.829877
-0.876496
-0.924039
366.695
318.651
271.72
226.077
181.95
139.364
97.754
58.2355
20.934
0.110835
-0.473041
-0.575914
-0.627789
-0.685169
-0.736465
-0.76561
-0.787845
-0.826184
-0.872545
-0.91744
369.14
321.558
274.74
229.585
186.308
144.97
105.464
68.8877
35.1968
5.66666
-0.354989
-0.566316
-0.632336
-0.71166
-0.760759
-0.765201
-0.770158
-0.81981
-0.87353
-0.921162
371.066
323.383
277.096
232.407
189.696
149.341
111.49
76.2201
45.0559
19.2923
1.51915
-0.817431
-0.262164
-0.521676
-0.799225
-0.784698
-0.791386
-0.832578
-0.902149
-0.953881
372.91
325.346
278.606
233.735
190.674
150.147
112.574
76.9428
44.2014
20.8454
13.0962
13.9718
12.9437
5.79761
-0.680052
-0.810656
-0.702844
-0.596294
-0.666634
-0.705391
374.54
328.533
281.908
236.916
194.557
155.082
118.989
81.7958
46.9612
28.3771
22.6275
21.1075
22.5854
16.4043
10.6494
9.16221
10.0315
11.2328
9.14691
5.00558
374.265
328.67
282.18
237.209
194.559
154.743
118.277
80.7108
48.4204
34.4068
29.1196
26.5812
18.6691
12.2394
6.87656
3.90951
5.16526
5.5846
6.00257
10.0036
372.857
325.346
278.812
234.013
191.265
151.149
114.252
79.735
47.4686
23.2424
13.8861
11.6275
9.62936
2.72927
0.462491
0.808714
1.31208
-0.594096
-0.775103
-0.537379
370.951
323.461
277.082
232.481
189.97
149.757
111.975
76.9556
46.5715
20.3509
1.52042
-0.864871
-0.551119
-0.721857
-0.759445
-0.739773
-0.70722
-0.457914
-0.86291
-0.978892
369.149
321.459
274.375
229.385
186.235
144.968
105.428
68.6381
34.9653
6.3027
-0.35255
-0.58076
-0.651288
-0.702056
-0.717042
-0.739809
-0.781602
-0.839056
-0.730741
-0.945476
366.469
318.491
271.383
225.735
181.678
139.073
97.4803
58.1014
21.3871
0.113845
-0.485907
-0.576497
-0.627364
-0.679871
-0.716602
-0.749455
-0.789117
-0.846148
-0.892945
-0.926292
363.746
315.565
268.233
221.967
176.937
132.985
89.8609
48.4981
13.2083
-0.425736
-0.53853
-0.583004
-0.63332
-0.673653
-0.709511
-0.745161
-0.786214
-0.836612
-0.886585
-0.934728
361.45
313.031
265.364
218.524
172.634
127.806
83.4119
41.2872
7.79619
-0.457286
-0.564163
-0.615704
-0.652874
-0.677746
-0.706623
-0.741316
-0.782487
-0.829593
-0.878319
-0.932006
359.428
310.91
263.043
215.916
169.565
124.352
80.2814
37.0493
4.38467
-0.478335
-0.59362
-0.653872
-0.688925
-0.683414
-0.698561
-0.735135
-0.778343
-0.827178
-0.877603
-0.930552
358.01
309.481
261.451
214.21
167.572
122.397
79.0628
37.095
5.27598
-0.444652
-0.634133
-0.70929
-0.708722
-0.678807
-0.685761
-0.726932
-0.774483
-0.824549
-0.876412
-0.928923
357.255
308.688
260.624
213.318
166.613
121.505
78.9838
40.2071
9.3058
-0.256089
-0.544849
-0.614285
-0.626968
-0.63996
-0.675479
-0.723371
-0.773279
-0.824261
-0.876291
-0.928375
-0.97531
-1.02555
-1.07585
-1.12636
-1.1771
-1.22805
-1.27919
-1.33053
-1.3821
-1.43397
-1.4862
-1.5388
-1.59167
-1.64464
-1.69756
-1.75008
-1.80198
-1.85304
-1.9034
-1.95328
-0.975262
-1.02532
-1.07556
-1.12606
-1.17682
-1.22777
-1.27887
-1.33013
-1.3816
-1.43339
-1.48562
-1.53835
-1.59143
-1.6446
-1.69797
-1.75078
-1.80279
-1.85377
-1.90389
-1.95347
-0.97514
-1.02486
-1.07501
-1.12552
-1.17633
-1.22721
-1.27815
-1.32918
-1.38036
-1.43188
-1.48404
-1.53713
-1.59071
-1.64454
-1.69863
-1.75213
-1.80449
-1.8555
-1.90499
-1.95381
-0.974236
-1.02363
-1.07383
-1.12444
-1.17538
-1.22617
-1.27694
-1.32768
-1.37836
-1.42928
-1.48094
-1.53489
-1.58932
-1.6443
-1.70001
-1.75512
-1.8087
-1.85876
-1.90672
-1.95405
-0.971728
-1.02095
-1.07158
-1.12256
-1.17422
-1.22474
-1.2749
-1.3249
-1.37474
-1.42449
-1.47626
-1.53031
-1.58571
-1.64227
-1.70048
-1.75792
-1.81169
-1.86421
-1.91148
-1.95571
-0.963781
-1.01274
-1.06465
-1.11648
-1.16969
-1.22158
-1.27192
-1.32121
-1.3691
-1.41327
-1.45943
-1.51901
-1.57866
-1.63788
-1.70274
-1.7691
-1.8311
-1.88492
-1.92538
-1.96095
-0.967795
-1.01661
-1.06542
-1.11424
-1.17166
-1.22559
-1.27875
-1.3307
-1.38082
-1.42496
-1.45725
-1.50715
-1.56711
-1.63099
-1.70562
-1.77857
-1.84382
-1.9036
-1.93447
-1.96819
-0.999431
-1.03981
-1.07752
-1.1282
-1.18917
-1.23909
-1.29382
-1.35009
-1.40602
-1.45154
-1.48057
-1.52668
-1.57584
-1.64401
-1.7287
-1.7739
-1.83723
-1.89709
-1.92049
-1.98498
-0.660991
-0.538608
-0.922332
-1.1521
-1.16926
-1.10887
-1.05016
-1.02635
-0.944245
-0.886616
-1.14368
-1.5428
-1.60236
-1.66975
-1.79974
-1.6086
-1.57894
-1.86021
-1.9064
-1.99559
5.36652
5.65687
1.44861
0.67776
0.791719
1.02906
3.94691
5.93391
5.61166
6.42328
2.93959
-0.576495
-1.27039
-0.964912
3.1726
1.47131
-1.73627
-1.88426
-2.01931
-2.17007
9.57326
3.11358
2.74293
7.98634
8.94348
9.07287
7.6881
7.05967
7.29593
6.75681
7.24135
6.48943
2.69718
2.4526
1.78218
0.446488
-1.53139
-1.8352
-2.04974
-2.03143
-0.437457
-0.731392
-1.03306
-1.18942
-1.20007
-1.19033
-1.16095
-0.87294
-0.178659
-0.344259
-0.962123
-1.60252
-1.64521
-1.67568
-1.72642
-1.76836
-1.85002
-1.93698
-2.01225
-2.05382
-1.00598
-1.06229
-1.10898
-1.1641
-1.20906
-1.26788
-1.32597
-1.39247
-1.44747
-1.42908
-1.41021
-1.5245
-1.59287
-1.65129
-1.7009
-1.75608
-1.83529
-1.91241
-1.97744
-2.024
-0.993288
-1.03394
-1.08374
-1.13741
-1.18479
-1.24039
-1.29315
-1.34514
-1.38778
-1.40323
-1.43676
-1.53026
-1.59106
-1.64515
-1.69837
-1.75556
-1.82126
-1.885
-1.93703
-1.97301
-0.974278
-1.02514
-1.07931
-1.1327
-1.18243
-1.23358
-1.28304
-1.32971
-1.37245
-1.41326
-1.46945
-1.53372
-1.58946
-1.64317
-1.69721
-1.7532
-1.81067
-1.8667
-1.91902
-1.96625
-0.982815
-1.03156
-1.08159
-1.13176
-1.1817
-1.23221
-1.28193
-1.33021
-1.37727
-1.42562
-1.47739
-1.53476
-1.58932
-1.64293
-1.69694
-1.75159
-1.80616
-1.85944
-1.91103
-1.96031
-0.981294
-1.03118
-1.08133
-1.13156
-1.18183
-1.2323
-1.28238
-1.33196
-1.38126
-1.43106
-1.48311
-1.53673
-1.59002
-1.64324
-1.69674
-1.75052
-1.80412
-1.85696
-1.90862
-1.95911
-0.980568
-1.03087
-1.08115
-1.13147
-1.18187
-1.23234
-1.28274
-1.33301
-1.38333
-1.43415
-1.48584
-1.5382
-1.59079
-1.64357
-1.69655
-1.74962
-1.80247
-1.85492
-1.90663
-1.95761
-0.979829
-1.03046
-1.08092
-1.13136
-1.18185
-1.23241
-1.28298
-1.33358
-1.38431
-1.43541
-1.487
-1.539
-1.59129
-1.6438
-1.69647
-1.74918
-1.80171
-1.85389
-1.90559
-1.95683
-0.979483
-1.03026
-1.08083
-1.13134
-1.18188
-1.23248
-1.28314
-1.3339
-1.38481
-1.436
-1.48754
-1.53942
-1.59158
-1.64396
-1.69647
-1.74899
-1.80136
-1.85343
-1.90513
-1.95647
)
;
    }
    procBoundary0to2
    {
        type            processor;
        value           nonuniform List<scalar> 
200
(
-2.00631
-2.00634
-2.00636
-2.00634
-2.00624
-2.00599
-2.00559
-2.00497
-2.00432
-2.00358
-2.00654
-2.00658
-2.00663
-2.00665
-2.00658
-2.00634
-2.00592
-2.00523
-2.00451
-2.00357
-2.00696
-2.00704
-2.00716
-2.00727
-2.00726
-2.00703
-2.00655
-2.00576
-2.00495
-2.00344
-2.00757
-2.00771
-2.00794
-2.00818
-2.00829
-2.00808
-2.00748
-2.00644
-2.00572
-2.00278
-2.00831
-2.00853
-2.00893
-2.0094
-2.00972
-2.00953
-2.00879
-2.00749
-2.00724
-2.00228
-2.00909
-2.00942
-2.01003
-2.01085
-2.01163
-2.01203
-2.01282
-2.01285
-2.012
-2.00083
-2.00981
-2.01022
-2.01098
-2.01216
-2.0137
-2.01603
-2.02101
-2.02572
-2.02244
-1.99131
-2.01036
-2.01079
-2.01148
-2.01287
-2.01601
-2.01985
-2.02069
-2.02376
-2.02575
-1.98568
-2.0107
-2.01108
-2.01143
-2.01353
-2.021
-2.02556
-2.00334
-1.98353
-1.95262
-1.88841
-2.01097
-2.01141
-2.01168
-2.01458
-2.02745
-2.03344
-1.98996
-1.96407
-1.96712
-1.96274
-2.01112
-2.01164
-2.01227
-2.01361
-2.02261
-2.03174
-2.00951
-2.00093
-2.02336
-2.06209
-2.01098
-2.0115
-2.01241
-2.0134
-2.01655
-2.02368
-2.02277
-2.02005
-2.02747
-2.04185
-2.01054
-2.01098
-2.01181
-2.0129
-2.01412
-2.01602
-2.01902
-2.0217
-2.02172
-2.03426
-2.00992
-2.01027
-2.01091
-2.01178
-2.01266
-2.01298
-2.01244
-2.01405
-2.01301
-2.01129
-2.00923
-2.0095
-2.00998
-2.01063
-2.01129
-2.01186
-2.01146
-2.01143
-2.01201
-2.01247
-2.00859
-2.00879
-2.00914
-2.00962
-2.01013
-2.01062
-2.01077
-2.01082
-2.01058
-2.01001
-2.00803
-2.00818
-2.00844
-2.00879
-2.00918
-2.00955
-2.00976
-2.0099
-2.00982
-2.0096
-2.0076
-2.00771
-2.0079
-2.00817
-2.00847
-2.00876
-2.00897
-2.0091
-2.00904
-2.00877
-2.00731
-2.00739
-2.00755
-2.00776
-2.00799
-2.00822
-2.00838
-2.00846
-2.0084
-2.0082
-2.00715
-2.00723
-2.00736
-2.00755
-2.00775
-2.00795
-2.0081
-2.00817
-2.00811
-2.00791
)
;
    }
}


// ************************************************************************* //
