/*--------------------------------*- C++ -*----------------------------------*\
| =========                 |                                                 |
| \\      /  F ield         | OpenFOAM: The Open Source CFD Toolbox           |
|  \\    /   O peration     | Version:  2312                                  |
|   \\  /    A nd           | Website:  www.openfoam.com                      |
|    \\/     M anipulation  |                                                 |
\*---------------------------------------------------------------------------*/
FoamFile
{
    version     2.0;
    format      ascii;
    arch        "LSB;label=32;scalar=64";
    class       volScalarField;
    location    "0.27";
    object      p;
}
// * * * * * * * * * * * * * * * * * * * * * * * * * * * * * * * * * * * * * //

dimensions      [1 -1 -2 0 0 0 0];

internalField   nonuniform List<scalar> 
8000
(
392.526
392.404
392.138
391.831
391.55
391.347
391.243
391.23
391.274
391.336
343.603
343.431
343.084
342.675
342.289
341.984
341.789
341.702
341.694
341.727
294.894
294.612
294.087
293.46
292.848
292.332
291.954
291.722
291.608
291.58
246.639
246.15
245.312
244.308
243.309
242.424
241.718
241.212
240.896
240.749
199.126
198.3
196.963
195.373
193.767
192.291
191.059
190.133
189.51
189.168
152.979
151.552
149.359
146.82
144.224
141.754
139.638
137.986
136.758
135.975
109.048
106.46
102.973
99.1064
95.0964
90.9736
87.1788
84.073
81.7062
80.1706
69.2054
64.6247
59.9119
54.7778
49.4115
42.6542
36.9944
33.0114
30.602
29.3565
40.8022
32.4299
26.2628
20.3279
15.4099
9.86706
6.75078
4.76779
3.55906
2.64152
26.0052
13.4206
5.44757
1.45277
-0.279539
-0.499803
-0.543352
-0.549134
-0.553736
-0.592697
12.2445
1.06079
-0.458562
-0.564353
-0.540246
-0.567877
-0.611631
-0.630416
-0.631229
-0.634823
0.56801
-0.597834
-0.547096
-0.595909
-0.64221
-0.685092
-0.71645
-0.724856
-0.714699
-0.704234
-0.806658
-0.776465
-0.731753
-0.748918
-0.776983
-0.801242
-0.804946
-0.795943
-0.783061
-0.772627
-0.850275
-0.892688
-0.888575
-0.892577
-0.890512
-0.882747
-0.867532
-0.85239
-0.841427
-0.8351
-0.935487
-0.980676
-0.983861
-0.963751
-0.936691
-0.921041
-0.908104
-0.898953
-0.89339
-0.890328
-0.954836
-1.0115
-1.02909
-1.00524
-0.977888
-0.964145
-0.954465
-0.94693
-0.942189
-0.939431
-0.964253
-0.993314
-1.0243
-1.02814
-1.01922
-1.01231
-1.00607
-0.999723
-0.995019
-0.992073
-1.01104
-1.02143
-1.04545
-1.06013
-1.06359
-1.06306
-1.06068
-1.05707
-1.05314
-1.05
-1.07996
-1.08587
-1.09932
-1.10878
-1.11425
-1.11674
-1.11712
-1.11595
-1.11374
-1.11099
-1.14455
-1.14784
-1.15492
-1.16233
-1.16821
-1.17222
-1.1745
-1.17516
-1.17433
-1.17216
392.398
392.298
392.058
391.799
391.594
391.494
391.514
391.631
391.783
391.91
343.425
343.273
342.952
342.593
342.286
342.093
342.033
342.088
342.193
342.299
294.605
294.344
293.844
293.267
292.743
292.36
292.148
292.088
292.113
292.18
246.142
245.673
244.855
243.898
242.997
242.268
241.755
241.446
241.284
241.24
198.289
197.482
196.139
194.564
193.035
191.706
190.643
189.854
189.31
189.027
151.536
150.153
147.899
145.261
142.643
140.255
138.173
136.408
135.028
134.127
106.431
104.036
100.438
96.2146
91.7894
87.2828
82.8444
78.8479
75.8938
73.2807
64.5657
60.739
55.6845
49.3482
42.0278
34.417
27.717
22.7619
19.6569
15.3517
32.2855
27.047
20.4207
13.1765
8.03538
4.48897
2.14305
0.825962
-0.225929
-0.258109
12.9436
6.06643
1.10666
-0.394389
-0.612282
-0.593471
-0.589117
-0.581161
-0.582347
-0.561832
0.363092
-0.561145
-0.754789
-0.632905
-0.626053
-0.649296
-0.671876
-0.670565
-0.659933
-0.644645
-0.696488
-0.70803
-0.73224
-0.706872
-0.723749
-0.75415
-0.777302
-0.774594
-0.752149
-0.724788
-0.767051
-0.821592
-0.844723
-0.884908
-0.887779
-0.874879
-0.859675
-0.83361
-0.806499
-0.786153
-0.890741
-0.942843
-0.974546
-0.994007
-0.969485
-0.934495
-0.902373
-0.877561
-0.859959
-0.846771
-0.98375
-1.01998
-1.03008
-1.01307
-0.97434
-0.946552
-0.926471
-0.914364
-0.908536
-0.901268
-0.998778
-1.03728
-1.05466
-1.03985
-1.0004
-0.976349
-0.962084
-0.953313
-0.949853
-0.9471
-0.983396
-1.00147
-1.02803
-1.03066
-1.02361
-1.01592
-1.00924
-1.00276
-0.998177
-0.99511
-1.01657
-1.0171
-1.03671
-1.05375
-1.06289
-1.06408
-1.06227
-1.05919
-1.05557
-1.05217
-1.0834
-1.08257
-1.09418
-1.1072
-1.11422
-1.11768
-1.11858
-1.11783
-1.11602
-1.11329
-1.14703
-1.14841
-1.15467
-1.16272
-1.16936
-1.17398
-1.17674
-1.1778
-1.17723
-1.17496
392.121
392.047
391.841
391.639
391.52
391.533
391.691
391.957
392.239
392.462
343.067
342.941
342.653
342.351
342.136
342.07
342.166
342.386
342.639
342.845
294.068
293.833
293.351
292.82
292.391
292.157
292.137
292.293
292.523
292.726
245.291
244.842
244
243.04
242.204
241.63
241.342
241.293
241.385
241.527
196.937
196.126
194.635
192.923
191.366
190.157
189.308
188.773
188.488
188.443
149.325
147.885
145.283
142.297
139.498
137.165
135.261
133.702
132.546
131.91
102.922
100.423
96.1587
91.0171
86.1269
81.8891
78.1577
74.637
72.2574
70.4251
59.8333
55.6836
48.7601
40.429
33.3038
27.3682
22.278
16.3893
14.5217
12.6157
26.0876
20.2865
13.2071
7.37081
4.11684
2.08894
0.572695
-0.358887
-0.493549
-0.509222
5.27347
0.608414
-0.548143
-0.575494
-0.491145
-0.523176
-0.549286
-0.543612
-0.566758
-0.560664
-0.574763
-0.838235
-0.658901
-0.608017
-0.620036
-0.657414
-0.668151
-0.654253
-0.643714
-0.636055
-0.630785
-0.739364
-0.767737
-0.753723
-0.757816
-0.780497
-0.792095
-0.776734
-0.746621
-0.721886
-0.755895
-0.847664
-0.936071
-0.952284
-0.923992
-0.892939
-0.862528
-0.828348
-0.792421
-0.769241
-0.885408
-0.959341
-1.02928
-1.02217
-0.965008
-0.922311
-0.890874
-0.863963
-0.840941
-0.825181
-0.98037
-1.018
-1.03846
-1.0164
-0.981302
-0.948873
-0.92422
-0.905759
-0.892542
-0.881434
-1.02219
-1.04364
-1.04132
-1.02858
-0.999463
-0.977522
-0.961884
-0.950269
-0.942361
-0.936103
-1.01554
-1.01917
-1.01719
-1.01859
-1.01999
-1.01512
-1.00841
-1.00164
-0.996031
-0.991468
-1.04038
-1.03271
-1.03962
-1.05457
-1.06281
-1.06395
-1.06186
-1.0586
-1.05503
-1.05127
-1.09581
-1.0925
-1.09946
-1.10899
-1.11555
-1.11891
-1.11974
-1.11895
-1.11713
-1.11409
-1.15364
-1.15405
-1.15886
-1.16589
-1.17237
-1.17721
-1.18032
-1.1817
-1.18135
-1.17866
391.799
391.772
391.624
391.516
391.536
391.729
392.098
392.587
393.059
393.396
342.642
342.566
342.335
342.127
342.058
342.182
342.499
342.962
343.413
343.715
293.424
293.238
292.803
292.361
292.092
292.089
292.359
292.851
293.368
293.732
244.267
243.868
243.022
242.116
241.44
241.137
241.216
241.59
242.038
242.385
195.325
194.53
192.904
191.145
189.709
188.79
188.377
188.393
188.528
188.776
146.757
145.226
142.289
139.116
136.416
134.46
133.254
132.408
131.738
131.547
99.023
96.1723
91.0179
85.4478
80.8054
77.2915
74.7994
72.5129
70
68.7279
54.6257
49.255
40.3624
31.936
24.8204
19.3728
16.5581
14.9397
12.5432
10.647
19.9146
13.1917
7.4204
3.5405
1.28098
-0.0427891
-0.372687
-0.464475
-0.435138
-0.428715
1.08981
-0.417566
-0.605339
-0.51391
-0.495189
-0.520563
-0.527649
-0.53043
-0.535573
-0.536995
-0.666512
-0.656297
-0.627772
-0.621381
-0.632295
-0.630593
-0.630407
-0.640961
-0.633822
-0.633728
-0.684304
-0.756403
-0.789307
-0.794948
-0.776779
-0.767153
-0.766524
-0.753619
-0.726874
-0.707376
-0.784662
-0.885874
-0.95907
-0.954064
-0.909106
-0.869037
-0.83702
-0.810486
-0.77841
-0.759269
-0.887681
-0.957574
-1.00039
-0.974454
-0.929849
-0.90014
-0.870447
-0.846702
-0.826121
-0.812847
-0.962206
-1.00086
-1.01027
-0.985971
-0.958301
-0.934242
-0.9096
-0.890197
-0.876809
-0.866832
-1.00741
-1.03145
-1.01943
-0.999233
-0.98253
-0.967433
-0.952636
-0.93979
-0.93002
-0.92265
-1.02336
-1.02333
-1.01484
-1.01497
-1.01498
-1.01029
-1.00283
-0.995189
-0.988494
-0.982851
-1.05621
-1.04933
-1.05233
-1.05903
-1.06268
-1.06215
-1.05904
-1.05535
-1.05155
-1.04707
-1.10646
-1.10522
-1.10798
-1.11327
-1.11779
-1.12001
-1.12027
-1.11945
-1.11797
-1.11427
-1.16146
-1.16208
-1.16561
-1.1712
-1.17697
-1.18179
-1.18532
-1.18737
-1.18801
-1.18448
391.497
391.547
391.484
391.515
391.738
392.2
392.894
393.705
394.378
394.811
342.234
342.238
342.099
342.037
342.18
342.588
343.245
344.087
344.738
345.108
292.789
292.692
292.352
292.071
292.063
292.426
293.108
294.071
294.863
295.4
243.242
242.94
242.161
241.417
241.051
241.215
241.905
242.872
243.744
244.367
193.687
192.971
191.318
189.682
188.571
188.17
188.353
189.336
190.09
190.686
144.124
142.569
139.453
136.386
134.024
132.773
132.615
132.656
132.897
133.41
94.9798
91.6838
86.0915
80.7976
76.6777
73.8756
71.9458
70.1668
67.5434
66.3519
49.1931
41.9014
33.3212
24.8943
17.3963
14.498
12.8032
10.7897
8.21028
6.28653
15.0005
7.99753
4.23333
1.32908
-0.151267
-0.349712
-0.3867
-0.39657
-0.401558
-0.38461
-0.382561
-0.653165
-0.530594
-0.520213
-0.513056
-0.514379
-0.528135
-0.526386
-0.527813
-0.512675
-0.608731
-0.666851
-0.659391
-0.668085
-0.633147
-0.595455
-0.588853
-0.588531
-0.609171
-0.607786
-0.719659
-0.778015
-0.811459
-0.816617
-0.772295
-0.733449
-0.726168
-0.713245
-0.690947
-0.680758
-0.802079
-0.885291
-0.928021
-0.917631
-0.877643
-0.831485
-0.80259
-0.780984
-0.758097
-0.741154
-0.872226
-0.919413
-0.94201
-0.926238
-0.901168
-0.877239
-0.844449
-0.827814
-0.811236
-0.794199
-0.924828
-0.955193
-0.967429
-0.951902
-0.933022
-0.911465
-0.888725
-0.875049
-0.864257
-0.849991
-0.976515
-0.992331
-0.989554
-0.977264
-0.965339
-0.952462
-0.939179
-0.92925
-0.919778
-0.908978
-1.01574
-1.01729
-1.01434
-1.01178
-1.0081
-1.00143
-0.993474
-0.988024
-0.981107
-0.97279
-1.06096
-1.05923
-1.05968
-1.06088
-1.06039
-1.05725
-1.05269
-1.05036
-1.04708
-1.04104
-1.11292
-1.11262
-1.11422
-1.11699
-1.11906
-1.11943
-1.11839
-1.1182
-1.11824
-1.11384
-1.16812
-1.16919
-1.17223
-1.17688
-1.18197
-1.18664
-1.19048
-1.19339
-1.19615
-1.19181
391.269
391.422
391.472
391.683
392.175
393.015
394.135
395.339
396.255
396.859
341.903
342.019
342.006
342.135
342.563
343.417
344.6
345.93
346.974
347.771
292.244
292.282
292.091
292.042
292.404
293.306
294.672
296.277
297.559
298.515
242.326
242.18
241.557
241.089
241.204
242.066
243.642
245.597
247.265
248.528
192.173
191.601
190.068
188.731
188.172
188.65
190.057
192.212
194.283
196.008
141.613
140.114
137.041
134.346
132.671
132.134
133.232
135.85
138.879
141.531
90.8019
87.0926
81.7766
77.2039
73.8048
70.7281
67.9891
69.0173
73.0157
77.2203
42.3798
34.3478
27.5209
19.6012
14.5567
11.3474
8.58708
6.49106
6.38278
7.68398
9.53979
4.37875
2.09971
-0.00973408
-0.39392
-0.391228
-0.38714
-0.394857
-0.375645
-0.268899
-0.542136
-0.629285
-0.566711
-0.564102
-0.543325
-0.547615
-0.55797
-0.536385
-0.536194
-0.524219
-0.609449
-0.672386
-0.681571
-0.673174
-0.591279
-0.583152
-0.558779
-0.553405
-0.585543
-0.607716
-0.734411
-0.788428
-0.812708
-0.796113
-0.738131
-0.703922
-0.705704
-0.691465
-0.671454
-0.676924
-0.804646
-0.863569
-0.878009
-0.861773
-0.82306
-0.782061
-0.78632
-0.789899
-0.751392
-0.723857
-0.861602
-0.891926
-0.898386
-0.881353
-0.859426
-0.830039
-0.811984
-0.837829
-0.809936
-0.765813
-0.912846
-0.926946
-0.931528
-0.919238
-0.90087
-0.87925
-0.861106
-0.860885
-0.850465
-0.819306
-0.960735
-0.967525
-0.966812
-0.958186
-0.945966
-0.931679
-0.917228
-0.906124
-0.894957
-0.88017
-1.00939
-1.01051
-1.00891
-1.00456
-0.997025
-0.985933
-0.973155
-0.96437
-0.958011
-0.949229
-1.06151
-1.0614
-1.06073
-1.05893
-1.05465
-1.04708
-1.03668
-1.03274
-1.03157
-1.02534
-1.11658
-1.11699
-1.11781
-1.1186
-1.11803
-1.11538
-1.11003
-1.10974
-1.11318
-1.10853
-1.1733
-1.17478
-1.17768
-1.18182
-1.18621
-1.19039
-1.19365
-1.19751
-1.20585
-1.20082
391.136
391.414
391.601
392.023
392.841
394.108
395.72
397.393
398.571
398.95
341.678
341.93
342.073
342.422
343.193
344.576
346.423
348.479
350.148
351.14
291.835
292.038
292.039
292.28
293.058
294.649
296.901
299.442
301.446
302.878
241.584
241.633
241.235
241.142
241.905
243.633
246.484
249.862
252.697
254.747
190.901
190.491
189.168
188.293
188.53
190.069
193.24
197.572
201.784
205.29
139.458
137.951
135.024
132.972
132.169
133.171
137.247
143.599
150.414
156.125
86.9671
82.6173
77.9408
74.5107
71.654
67.9337
69.626
78.2173
89.7576
99.2591
36.6853
27.9554
22.4303
16.3941
12.6577
8.67427
6.70874
8.46878
16.6169
26.0622
6.46229
2.04305
0.461404
-0.424804
-0.446544
-0.384286
-0.328323
-0.183656
0.0618236
0.736205
-0.559893
-0.606138
-0.583903
-0.580537
-0.547091
-0.549487
-0.550974
-0.554424
-0.581603
-0.613985
-0.624347
-0.67197
-0.659659
-0.612589
-0.573208
-0.605131
-0.603617
-0.625528
-0.654381
-0.710692
-0.730738
-0.778087
-0.775193
-0.733972
-0.692198
-0.69093
-0.706736
-0.728809
-0.72253
-0.741021
-0.79745
-0.832065
-0.825971
-0.795932
-0.759453
-0.722757
-0.739615
-0.771863
-0.762966
-0.720479
-0.850512
-0.87427
-0.862917
-0.839347
-0.811629
-0.779785
-0.752015
-0.78338
-0.791101
-0.728019
-0.899229
-0.912233
-0.906568
-0.891539
-0.872058
-0.854022
-0.840527
-0.83749
-0.824106
-0.770751
-0.950737
-0.955669
-0.95226
-0.942246
-0.928868
-0.916446
-0.914227
-0.902869
-0.876282
-0.843577
-1.0045
-1.00595
-1.00313
-0.996334
-0.985832
-0.974114
-0.968203
-0.981194
-0.95329
-0.92799
-1.06076
-1.06128
-1.05944
-1.05517
-1.04769
-1.03677
-1.02248
-1.05188
-1.04052
-1.01587
-1.11865
-1.11942
-1.11951
-1.11851
-1.11499
-1.10916
-1.09938
-1.12567
-1.13292
-1.11361
-1.17727
-1.17908
-1.18197
-1.1857
-1.18891
-1.19105
-1.19191
-1.21084
-1.23545
-1.22469
391.093
391.501
391.835
392.478
393.618
395.282
397.359
399.462
400.581
400.883
341.561
341.953
342.259
342.849
344.001
345.877
348.453
351.393
353.629
354.672
291.57
291.943
292.158
292.731
293.984
296.227
299.424
303.076
306
307.804
241.041
241.285
241.145
241.462
242.793
245.566
249.875
254.936
259.069
261.674
189.931
189.65
188.575
188.232
189.25
192.211
197.65
204.846
211.706
216.433
137.735
136.095
133.372
132.019
132.279
135.821
143.734
154.614
165.29
173.253
83.7838
78.6498
74.4058
72.0863
69.2327
69.0743
78.7304
95.8591
112.367
124.443
32.7555
23.3758
16.635
14.5827
10.4875
6.70161
9.05004
24.7479
44.9929
60.4464
4.4635
0.64803
-0.299099
-0.493324
-0.44712
-0.36456
-0.186114
0.601687
6.59501
13.2481
-0.556397
-0.58812
-0.556554
-0.57796
-0.559168
-0.556946
-0.607288
-0.655784
-0.612614
-0.156108
-0.624685
-0.654455
-0.63191
-0.613633
-0.595876
-0.64982
-0.627989
-0.620123
-0.654388
-0.783555
-0.714614
-0.745474
-0.729409
-0.697251
-0.670706
-0.63795
-0.617526
-0.668756
-0.734043
-0.858925
-0.786792
-0.809148
-0.783679
-0.754787
-0.734297
-0.717563
-0.678928
-0.7477
-0.806954
-0.964647
-0.845391
-0.863879
-0.837646
-0.81476
-0.799663
-0.791362
-0.791751
-0.829913
-0.848474
-0.802623
-0.896213
-0.910565
-0.891467
-0.87487
-0.860729
-0.852768
-0.86089
-0.885169
-0.847725
-0.732434
-0.946895
-0.952913
-0.943578
-0.930753
-0.917071
-0.901187
-0.885212
-0.911828
-0.890677
-0.826148
-1.00111
-1.00313
-0.998459
-0.988456
-0.973297
-0.94597
-0.896771
-0.964685
-0.97255
-0.931641
-1.05962
-1.06083
-1.05778
-1.05052
-1.03527
-1.00986
-0.937988
-1.03552
-1.06993
-1.02221
-1.11984
-1.12103
-1.12039
-1.11751
-1.10852
-1.08797
-1.04155
-1.1041
-1.17151
-1.12123
-1.18023
-1.18239
-1.18533
-1.18873
-1.18966
-1.18465
-1.16909
-1.18216
-1.27868
-1.22746
391.109
391.624
392.089
392.92
394.261
396.17
398.485
400.539
401.9
403.533
341.522
342.028
342.484
343.271
344.625
346.897
350.081
353.536
356.981
360.4
291.424
291.937
292.36
293.215
294.742
297.468
301.36
305.895
310.561
314.502
240.691
241.09
241.207
241.872
243.627
247.191
252.609
258.923
265.13
269.601
189.265
189.056
188.255
188.361
189.983
194.274
201.821
211.557
221.218
228.004
136.428
134.624
132.173
131.358
132.663
138.845
150.499
165.072
179.155
189.605
81.4193
75.6855
72.1173
69.9527
67.5715
73.4537
90.4851
112.388
131.862
145.47
30.5346
20.0249
14.5037
12.4202
8.13185
7.00744
18.9387
46.2356
71.4396
88.0718
3.26738
-0.175944
-0.46523
-0.468921
-0.424334
-0.285221
0.186263
7.20785
20.0371
35.9382
-0.556812
-0.56014
-0.562279
-0.556284
-0.539489
-0.533002
-0.576639
-0.513357
1.55957
7.40536
-0.616861
-0.629979
-0.607981
-0.6029
-0.58743
-0.591987
-0.589205
-0.610558
-0.669729
5.66806
-0.700312
-0.718519
-0.695685
-0.674064
-0.625045
-0.626689
-0.629321
-0.681868
-0.635097
3.97937
-0.779927
-0.790352
-0.760963
-0.732772
-0.720145
-0.691866
-0.700156
-0.722937
-0.727251
-0.824744
-0.84357
-0.853905
-0.824005
-0.802618
-0.781123
-0.759987
-0.788091
-0.773525
-0.770567
-0.750544
-0.897756
-0.909599
-0.883242
-0.867387
-0.847795
-0.831301
-0.827531
-0.816114
-0.775392
-0.868666
-0.947585
-0.955243
-0.940172
-0.926205
-0.910685
-0.890557
-0.834837
-0.846632
-0.815294
-0.972973
-1.00093
-1.00355
-0.996835
-0.985459
-0.970171
-0.943258
-0.863936
-0.893581
-0.884715
-1.02766
-1.05926
-1.06093
-1.05762
-1.04975
-1.0328
-0.998766
-0.921085
-0.978447
-0.978517
-1.07527
-1.1207
-1.12251
-1.12175
-1.11845
-1.10548
-1.0759
-1.05898
-1.08824
-1.09361
-1.16774
-1.18227
-1.18482
-1.18799
-1.19134
-1.18826
-1.17574
-1.16642
-1.20305
-1.21358
-1.26242
391.142
391.721
392.28
393.218
394.647
396.715
398.749
400.789
403.403
405.195
341.526
342.102
342.656
343.526
344.933
347.622
350.949
354.556
360.708
368.802
291.364
291.971
292.528
293.53
295.191
298.327
302.64
307.748
314.7
325.375
240.511
241.012
241.316
242.171
244.172
248.387
254.546
261.601
269.837
282.082
188.881
188.723
188.176
188.582
190.555
195.989
205.215
216.402
228.246
242.818
135.58
133.65
131.533
131.231
133.309
141.535
156.043
173.12
189.541
207.915
79.8444
72.751
70.3536
68.9851
67.0363
77.9507
99.7149
124.641
145.524
166.936
29.2044
14.5087
12.491
10.7915
6.65445
8.69674
28.7787
62.5574
88.8189
106.666
2.08992
-0.149969
-0.496316
-0.451153
-0.384193
-0.150599
1.05357
14.4234
36.9534
54.0368
-0.617807
-0.535719
-0.547027
-0.538074
-0.534657
-0.543236
-0.577183
-0.0882984
7.89792
24.2352
-0.620192
-0.617453
-0.602758
-0.586645
-0.602071
-0.616982
-0.660449
-0.731994
6.54281
18.1408
-0.690294
-0.705525
-0.702257
-0.68549
-0.684248
-0.689402
-0.695275
-0.764605
5.15043
12.3642
-0.775331
-0.781497
-0.764636
-0.755003
-0.744914
-0.777993
-0.738418
-0.807368
-0.498776
4.54254
-0.841097
-0.84683
-0.824069
-0.804128
-0.789151
-0.837304
-0.808127
-0.781237
-0.816423
4.04982
-0.898024
-0.905079
-0.882932
-0.870994
-0.85324
-0.884662
-0.855116
-0.819632
-0.859286
6.3845
-0.948635
-0.956291
-0.940611
-0.928299
-0.915978
-0.914532
-0.924223
-0.868542
-0.900349
6.44209
-1.00158
-1.00493
-0.998288
-0.987724
-0.980822
-0.945758
-1.0113
-0.938628
-0.953299
2.2438
-1.05983
-1.06195
-1.05984
-1.05444
-1.05014
-1.01031
-1.07948
-1.01757
-1.04367
-0.763486
-1.12142
-1.12388
-1.1244
-1.12426
-1.12231
-1.1012
-1.14035
-1.10972
-1.12629
-1.14575
-1.1833
-1.18631
-1.19042
-1.19612
-1.19986
-1.19846
-1.21988
-1.20823
-1.20576
-1.24269
391.155
391.735
392.296
393.236
394.665
396.741
398.729
400.698
403.21
404.355
341.539
342.117
342.674
343.542
344.958
347.639
350.958
354.564
360.936
368.156
291.377
291.987
292.55
293.551
295.204
298.342
302.68
307.871
315.125
325.099
240.523
241.03
241.34
242.197
244.191
248.442
254.683
261.849
270.369
282.114
188.889
188.741
188.202
188.614
190.591
196.094
205.449
216.79
228.887
243.316
135.568
133.666
131.545
131.249
133.352
141.719
156.41
173.656
190.139
207.169
79.8209
72.7331
70.2716
68.8619
66.8567
78.0745
99.9778
124.918
145.547
162.025
29.2453
14.4939
12.4298
10.6696
6.4358
8.46874
28.4426
61.9366
88.1734
102.469
2.07488
-0.161528
-0.508133
-0.473033
-0.41809
-0.204891
1.06029
14.2888
36.4384
52.2564
-0.617553
-0.540191
-0.556833
-0.559521
-0.566638
-0.572696
-0.670867
-0.237359
8.04528
23.7158
-0.620736
-0.617239
-0.608377
-0.602551
-0.621177
-0.636281
-0.691231
-0.792827
6.80028
17.7965
-0.688933
-0.703771
-0.703814
-0.716066
-0.722652
-0.729157
-0.714969
-0.72298
6.64508
12.6235
-0.773516
-0.782158
-0.77397
-0.7727
-0.778537
-0.80792
-0.761769
-0.763259
-0.480859
4.52825
-0.840297
-0.847397
-0.830934
-0.823167
-0.814697
-0.862566
-0.836041
-0.805744
-0.861598
4.69735
-0.897636
-0.905381
-0.887094
-0.879758
-0.873948
-0.900509
-0.882444
-0.826518
-0.699846
5.98503
-0.948958
-0.957289
-0.944872
-0.936874
-0.934758
-0.938369
-0.952133
-0.923644
-0.866644
2.66278
-1.00231
-1.00634
-1.00228
-0.997675
-0.996628
-0.981524
-1.04018
-1.01345
-1.01181
0.849501
-1.06049
-1.0632
-1.06307
-1.06239
-1.06288
-1.05241
-1.12976
-1.09241
-1.15008
1.21862
-1.12175
-1.12472
-1.12662
-1.12978
-1.13231
-1.13829
-1.20415
-1.1746
-1.22282
2.49417
-1.18319
-1.18648
-1.19132
-1.1992
-1.20705
-1.22443
-1.26118
-1.24916
-1.22973
1.83061
391.147
391.666
392.134
392.968
394.309
396.217
398.508
400.512
401.976
403.57
341.56
342.071
342.532
343.323
344.682
346.94
350.104
353.495
356.998
360.149
291.461
291.981
292.414
293.277
294.801
297.516
301.418
305.948
310.787
314.538
240.723
241.131
241.263
241.942
243.719
247.307
252.757
259.106
265.579
269.929
189.282
189.089
188.306
188.431
190.106
194.484
202.052
211.8
221.84
228.614
136.393
134.633
132.191
131.435
132.825
139.286
151.037
165.436
179.728
190.072
81.3799
75.5967
71.9118
69.6911
67.2303
74.0044
91.2371
112.574
131.948
145.087
30.6488
19.7364
14.3221
12.1319
7.07904
6.19505
18.1918
44.6503
70.0718
86.7052
3.13724
-0.224848
-0.489339
-0.460609
-0.487559
-0.599809
-0.280081
6.72365
18.5981
34.0699
-0.56367
-0.572009
-0.577667
-0.562154
-0.555903
-0.59676
-0.668594
-0.581901
1.3027
5.99515
-0.621169
-0.633007
-0.615319
-0.610571
-0.598556
-0.635818
-0.644731
-0.630975
-1.02769
5.25082
-0.695851
-0.710142
-0.70665
-0.703422
-0.697353
-0.692446
-0.69628
-0.665153
-0.499891
5.26206
-0.776327
-0.785702
-0.769279
-0.767139
-0.766807
-0.760792
-0.739135
-0.72148
-0.654524
-0.117468
-0.843157
-0.854288
-0.833313
-0.82811
-0.824623
-0.834698
-0.788709
-0.748268
-0.698777
-0.556225
-0.897855
-0.910871
-0.892107
-0.886396
-0.884618
-0.892739
-0.870414
-0.811835
-0.759524
-0.832309
-0.948748
-0.95782
-0.94882
-0.943352
-0.942194
-0.94163
-0.947282
-0.917696
-0.893216
-1.08725
-1.00267
-1.00664
-1.00502
-1.00299
-1.00291
-0.999239
-1.02317
-1.02242
-1.01905
-1.10933
-1.06069
-1.06365
-1.0647
-1.06573
-1.06779
-1.06961
-1.10156
-1.13164
-1.15062
-1.21826
-1.12127
-1.12422
-1.1267
-1.13057
-1.13604
-1.14498
-1.17783
-1.21773
-1.27162
-1.42596
-1.18169
-1.18481
-1.18955
-1.19697
-1.2067
-1.21905
-1.24656
-1.28689
-1.39193
-1.66189
391.151
391.563
391.902
392.55
393.695
395.358
397.419
399.485
400.584
400.857
341.618
342.016
342.329
342.925
344.084
345.959
348.521
351.428
353.7
354.748
291.625
292.007
292.232
292.818
294.085
296.336
299.541
303.185
306.233
307.92
241.089
241.345
241.221
241.565
242.937
245.749
250.095
255.14
259.481
261.968
189.961
189.7
188.648
188.342
189.424
192.487
197.975
205.11
212.139
216.824
137.71
136.115
133.415
132.134
132.511
136.383
144.439
155.071
165.652
173.494
83.7355
78.5908
74.2414
71.9498
68.9747
69.3721
79.3524
95.7652
112.24
124.096
32.8912
23.2128
16.403
14.3769
9.96072
6.41274
8.54069
22.8168
43.4671
58.7706
4.31283
0.568636
-0.359622
-0.552109
-0.541189
-0.535144
-0.305184
0.612962
5.97551
12.3325
-0.557555
-0.599192
-0.570701
-0.571741
-0.573087
-0.590193
-0.577684
-0.520219
-0.513768
-0.396716
-0.623213
-0.652463
-0.633586
-0.63336
-0.640412
-0.63022
-0.587598
-0.546052
-0.560615
-0.724274
-0.704819
-0.7271
-0.722643
-0.720212
-0.717097
-0.708428
-0.672274
-0.613997
-0.578659
-0.666352
-0.783011
-0.801024
-0.783896
-0.777448
-0.774779
-0.77079
-0.75407
-0.692034
-0.640915
-0.70955
-0.844373
-0.86474
-0.84404
-0.836221
-0.827966
-0.821986
-0.807112
-0.77565
-0.738745
-0.756994
-0.89547
-0.912104
-0.898463
-0.891149
-0.885033
-0.87544
-0.861224
-0.839245
-0.828888
-0.851541
-0.947663
-0.955126
-0.951176
-0.946799
-0.942241
-0.932672
-0.92422
-0.902908
-0.897942
-0.911202
-1.00236
-1.00579
-1.00615
-1.00488
-1.00304
-0.997989
-0.998032
-0.977153
-0.951705
-0.877032
-1.06058
-1.06317
-1.06454
-1.06565
-1.06709
-1.06869
-1.07801
-1.07387
-1.05829
-0.999404
-1.11987
-1.12214
-1.12468
-1.12827
-1.13334
-1.14094
-1.15564
-1.1659
-1.17505
-1.19744
-1.17889
-1.18149
-1.18568
-1.19196
-1.20066
-1.21212
-1.2286
-1.248
-1.29166
-1.34906
391.211
391.494
391.687
392.114
392.938
394.208
395.81
397.474
398.664
399.118
341.753
342.01
342.161
342.517
343.295
344.682
346.522
348.56
350.228
351.341
291.909
292.119
292.132
292.385
293.173
294.784
297.045
299.566
301.607
303.107
241.651
241.712
241.331
241.261
242.058
243.825
246.697
250.034
252.898
254.933
190.956
190.562
189.263
188.419
188.681
190.313
193.518
197.778
201.938
205.377
139.485
137.992
135.101
133.126
132.457
133.558
137.767
143.959
150.627
156.129
86.9679
82.6278
77.9253
74.6008
71.8401
67.7687
69.6634
78.2103
89.7508
98.7605
36.8105
28.0571
22.2369
16.3268
12.4563
8.09309
6.54953
8.31281
15.9089
24.9834
6.40181
2.0028
0.359651
-0.505812
-0.50822
-0.449226
-0.304586
-0.0513386
-0.161161
0.415426
-0.557727
-0.617089
-0.599285
-0.582491
-0.554851
-0.524589
-0.49477
-0.477727
-0.549644
-0.626336
-0.620989
-0.667364
-0.67951
-0.67677
-0.67932
-0.641198
-0.576017
-0.528721
-0.521811
-0.568452
-0.713446
-0.747786
-0.780759
-0.78889
-0.773897
-0.733429
-0.664252
-0.614861
-0.578886
-0.570317
-0.78721
-0.812519
-0.813141
-0.818488
-0.81351
-0.792511
-0.746297
-0.698367
-0.666096
-0.65162
-0.842982
-0.869161
-0.8606
-0.857893
-0.852344
-0.841659
-0.81675
-0.775543
-0.754587
-0.733681
-0.894708
-0.908768
-0.906792
-0.904021
-0.898394
-0.888717
-0.874323
-0.850271
-0.831327
-0.814309
-0.948091
-0.953883
-0.954829
-0.95327
-0.949508
-0.942433
-0.933894
-0.919464
-0.905025
-0.883527
-1.00345
-1.00598
-1.00723
-1.00739
-1.00615
-1.00282
-0.999443
-0.989552
-0.974309
-0.948102
-1.06009
-1.06178
-1.06337
-1.06503
-1.06631
-1.06711
-1.06892
-1.06428
-1.05458
-1.0385
-1.11751
-1.11916
-1.12154
-1.12484
-1.12869
-1.13316
-1.13936
-1.14024
-1.14203
-1.14567
-1.17496
-1.17698
-1.18051
-1.18563
-1.19189
-1.19938
-1.20854
-1.21375
-1.22524
-1.23336
391.357
391.515
391.57
391.786
392.284
393.128
394.245
395.439
396.353
396.97
341.991
342.112
342.106
342.242
342.676
343.533
344.713
346.028
347.057
347.881
292.332
292.376
292.194
292.155
292.527
293.441
294.812
296.394
297.664
298.637
242.411
242.274
241.664
241.211
241.346
242.23
243.82
245.732
247.345
248.551
192.255
191.691
190.174
188.85
188.311
188.821
190.24
192.345
194.313
195.862
141.698
140.189
137.139
134.464
132.806
132.296
133.495
136.05
138.896
141.229
90.933
87.1796
81.856
77.2927
73.9601
70.3635
67.8539
69.1213
72.6027
76.2804
42.6108
34.6019
27.5758
19.1217
14.3772
11.1577
8.55454
6.87232
5.79257
6.95136
9.58515
4.39745
2.01754
-0.190726
-0.457651
-0.420406
-0.366903
-0.384846
-0.504342
-0.3283
-0.549371
-0.631928
-0.588151
-0.583959
-0.532968
-0.476738
-0.463873
-0.497275
-0.517751
-0.507233
-0.605287
-0.659917
-0.701391
-0.719609
-0.685659
-0.620787
-0.564363
-0.561318
-0.54814
-0.521502
-0.708186
-0.746598
-0.81429
-0.86632
-0.833878
-0.756373
-0.677837
-0.64733
-0.625977
-0.609886
-0.785626
-0.811333
-0.838462
-0.875852
-0.874998
-0.831617
-0.770651
-0.733291
-0.716
-0.716832
-0.845412
-0.868387
-0.876997
-0.886914
-0.89005
-0.877031
-0.843414
-0.807853
-0.788843
-0.786806
-0.902148
-0.91419
-0.920029
-0.921939
-0.919429
-0.90978
-0.892235
-0.866971
-0.850198
-0.84447
-0.953436
-0.958949
-0.96137
-0.961821
-0.959686
-0.953349
-0.942659
-0.925997
-0.910777
-0.896341
-1.00506
-1.00656
-1.00842
-1.01006
-1.01011
-1.0071
-1.0012
-0.990496
-0.977606
-0.959899
-1.05876
-1.05961
-1.06146
-1.06382
-1.06548
-1.06557
-1.06406
-1.05812
-1.04973
-1.03599
-1.11411
-1.1152
-1.1175
-1.12072
-1.12399
-1.12656
-1.12837
-1.12655
-1.12349
-1.11473
-1.17018
-1.17173
-1.17473
-1.17902
-1.18384
-1.18847
-1.19265
-1.19341
-1.19317
-1.18514
391.595
391.648
391.59
391.625
391.853
392.318
393.012
393.821
394.49
394.929
342.332
342.34
342.205
342.149
342.297
342.708
343.363
344.199
344.838
345.227
292.887
292.795
292.461
292.186
292.185
292.552
293.23
294.191
294.966
295.524
243.341
243.044
242.273
241.534
241.176
241.348
242.052
242.996
243.819
244.42
193.788
193.077
191.433
189.794
188.678
188.271
188.406
189.424
190.102
190.594
144.234
142.677
139.57
136.485
134.101
132.873
132.796
132.857
132.886
133.148
95.1149
91.8296
86.2397
80.8828
76.7211
73.6668
71.6775
70.5822
67.3184
65.7392
49.3867
42.3039
33.6726
24.8902
17.1241
14.3196
12.8361
11.0058
7.91659
6.15292
15.0921
8.11601
4.25777
1.26195
-0.245178
-0.416042
-0.431671
-0.480364
-0.449148
-0.372674
-0.359055
-0.646171
-0.54912
-0.572373
-0.546731
-0.50422
-0.477416
-0.507737
-0.498077
-0.493864
-0.604258
-0.648215
-0.664322
-0.722953
-0.697137
-0.621593
-0.582269
-0.590237
-0.576981
-0.567623
-0.702439
-0.727161
-0.794382
-0.870048
-0.852695
-0.773069
-0.714064
-0.699644
-0.673999
-0.65623
-0.777164
-0.803311
-0.855655
-0.911602
-0.915311
-0.861225
-0.80784
-0.77929
-0.753725
-0.733694
-0.853526
-0.873003
-0.893088
-0.90867
-0.918193
-0.913452
-0.877856
-0.844467
-0.817112
-0.799159
-0.91483
-0.935169
-0.940145
-0.9401
-0.938106
-0.931465
-0.913318
-0.889049
-0.868956
-0.856718
-0.964327
-0.973595
-0.971749
-0.97047
-0.968796
-0.963544
-0.953182
-0.938393
-0.923986
-0.911892
-1.00726
-1.00724
-1.00812
-1.01132
-1.01292
-1.01075
-1.00473
-0.995294
-0.984482
-0.972491
-1.05617
-1.05564
-1.0579
-1.06148
-1.06399
-1.06411
-1.06157
-1.05584
-1.04818
-1.03852
-1.10944
-1.10984
-1.11232
-1.11599
-1.11927
-1.12107
-1.12094
-1.11797
-1.11309
-1.10534
-1.16463
-1.16575
-1.16851
-1.17244
-1.17647
-1.1796
-1.18116
-1.17984
-1.17609
-1.16827
391.902
391.879
391.734
391.63
391.654
391.851
392.222
392.712
393.184
393.523
342.746
342.673
342.445
342.242
342.177
342.305
342.622
343.085
343.53
343.828
293.529
293.346
292.915
292.478
292.212
292.212
292.484
292.977
293.487
293.846
244.374
243.978
243.136
242.231
241.555
241.255
241.335
241.708
242.141
242.472
195.436
194.645
193.023
191.254
189.806
188.881
188.458
188.475
188.575
188.776
146.881
145.352
142.419
139.214
136.472
134.493
133.285
132.477
131.778
131.421
99.1689
96.3198
91.1932
85.5175
80.7627
77.097
74.4226
72.2881
69.8054
68.3558
54.8263
49.6346
40.7531
32.0231
24.6939
19.5055
16.2735
14.8828
12.6441
10.6487
20.1418
13.504
7.64462
3.51798
1.18282
-0.0354489
-0.385539
-0.504814
-0.444557
-0.422732
1.36149
-0.426522
-0.632794
-0.592315
-0.575697
-0.566419
-0.539118
-0.542698
-0.535366
-0.527214
-0.638975
-0.643492
-0.620948
-0.65913
-0.690087
-0.664805
-0.616933
-0.619204
-0.614051
-0.615587
-0.699936
-0.730234
-0.759523
-0.800815
-0.808252
-0.77587
-0.753372
-0.752077
-0.729319
-0.700782
-0.774665
-0.809429
-0.868825
-0.912266
-0.913167
-0.871528
-0.842187
-0.822164
-0.786259
-0.755056
-0.873653
-0.896309
-0.91674
-0.923655
-0.921155
-0.917116
-0.901231
-0.875401
-0.837623
-0.812579
-0.95387
-0.975342
-0.966708
-0.957308
-0.94657
-0.941155
-0.925081
-0.903126
-0.881276
-0.866391
-0.987492
-0.999805
-0.987943
-0.979534
-0.974572
-0.968517
-0.958764
-0.945795
-0.932547
-0.920461
-1.00864
-1.00346
-1.0019
-1.00923
-1.01315
-1.01192
-1.0066
-0.998151
-0.988282
-0.97825
-1.05017
-1.04695
-1.05132
-1.0575
-1.06149
-1.06204
-1.05949
-1.05425
-1.0472
-1.03906
-1.10285
-1.10246
-1.10582
-1.11074
-1.11464
-1.11632
-1.11559
-1.11237
-1.10714
-1.10028
-1.15829
-1.15909
-1.16206
-1.16625
-1.17007
-1.1725
-1.17297
-1.17095
-1.16648
-1.15937
392.228
392.156
391.954
391.756
391.641
391.658
391.82
392.088
392.37
392.591
343.174
343.051
342.766
342.467
342.257
342.194
342.294
342.516
342.768
342.97
294.177
293.944
293.465
292.937
292.511
292.281
292.265
292.423
292.65
292.846
245.402
244.955
244.114
243.156
242.32
241.748
241.466
241.42
241.507
241.639
197.053
196.243
194.752
193.034
191.466
190.254
189.411
188.882
188.594
188.522
149.453
148.015
145.411
142.396
139.555
137.197
135.297
133.751
132.604
131.887
103.07
100.575
96.3178
91.1216
86.1327
81.8255
78.0656
74.5469
72.1978
70.2711
59.9972
55.9044
49.0637
40.5988
33.3811
27.4664
22.4758
16.4894
14.5741
12.6305
26.3237
20.7429
13.525
7.28038
3.89069
1.99731
0.611805
-0.368609
-0.508354
-0.507286
5.53024
1.15015
-0.559712
-0.648737
-0.567742
-0.58017
-0.583717
-0.56562
-0.573052
-0.555507
-0.579425
-0.766348
-0.661986
-0.636635
-0.661532
-0.678448
-0.669176
-0.650439
-0.627048
-0.613426
-0.698171
-0.743096
-0.745888
-0.733855
-0.742447
-0.746743
-0.756469
-0.765291
-0.740182
-0.703088
-0.771665
-0.812504
-0.857141
-0.865816
-0.861576
-0.855171
-0.851586
-0.834443
-0.794568
-0.757995
-0.878169
-0.903602
-0.936338
-0.935155
-0.910685
-0.888593
-0.888797
-0.875927
-0.844981
-0.818677
-0.973208
-0.987831
-0.989392
-0.974597
-0.948452
-0.93516
-0.925194
-0.910042
-0.892076
-0.876694
-0.995336
-1.00907
-1.00563
-0.994901
-0.979182
-0.96885
-0.960277
-0.950059
-0.939642
-0.93026
-0.996471
-0.996213
-0.999858
-1.00743
-1.01224
-1.01098
-1.00652
-0.999422
-0.991386
-0.983861
-1.03546
-1.03151
-1.04109
-1.05312
-1.05878
-1.05973
-1.05754
-1.05309
-1.0472
-1.04095
-1.09418
-1.0932
-1.09902
-1.10593
-1.11069
-1.11253
-1.11179
-1.10885
-1.10427
-1.09862
-1.15159
-1.15244
-1.15622
-1.1611
-1.16509
-1.16727
-1.16742
-1.16546
-1.16155
-1.15598
392.507
392.409
392.171
391.916
391.715
391.62
391.644
391.764
391.916
392.043
343.535
343.385
343.066
342.71
342.408
342.219
342.163
342.221
342.327
342.431
294.716
294.456
293.959
293.384
292.865
292.487
292.28
292.224
292.25
292.314
246.254
245.787
244.97
244.016
243.117
242.395
241.89
241.587
241.425
241.376
198.405
197.599
196.256
194.679
193.15
191.825
190.771
189.99
189.451
189.157
151.663
150.279
148.021
145.37
142.735
140.336
138.264
136.53
135.182
134.262
106.583
104.186
100.578
96.336
91.9294
87.4683
83.1034
79.185
76.272
73.7353
64.7581
60.9297
55.858
49.6231
42.4595
35.0731
28.5449
23.5376
20.3657
16.3163
32.5532
27.4152
20.5423
13.2768
7.97112
4.42521
2.14143
0.834691
-0.177518
-0.263595
13.2767
6.74565
1.11861
-0.370331
-0.638414
-0.625191
-0.607403
-0.592699
-0.586432
-0.552227
0.320372
-0.509362
-0.75058
-0.638823
-0.644338
-0.649296
-0.65224
-0.655909
-0.64894
-0.625677
-0.744502
-0.758969
-0.732989
-0.682842
-0.682223
-0.697861
-0.725329
-0.746441
-0.736247
-0.703506
-0.779379
-0.821735
-0.819514
-0.81534
-0.795803
-0.805326
-0.82729
-0.823097
-0.798554
-0.771369
-0.887357
-0.919405
-0.924594
-0.92765
-0.917984
-0.900015
-0.892305
-0.880663
-0.856911
-0.83636
-0.968632
-1.005
-1.00619
-0.971138
-0.942959
-0.932569
-0.92668
-0.917217
-0.9046
-0.892845
-0.972188
-1.01332
-1.02971
-1.0071
-0.978228
-0.965293
-0.957709
-0.950118
-0.943545
-0.93822
-0.969261
-0.984879
-1.00897
-1.01319
-1.01153
-1.00867
-1.00428
-0.997647
-0.990878
-0.985552
-1.01666
-1.01952
-1.03695
-1.05114
-1.05701
-1.05765
-1.05554
-1.05136
-1.04581
-1.04036
-1.08447
-1.08583
-1.09473
-1.10337
-1.10825
-1.10996
-1.10918
-1.10643
-1.1023
-1.0975
-1.14597
-1.14788
-1.15272
-1.15798
-1.16195
-1.16394
-1.16397
-1.16214
-1.15872
-1.15421
392.636
392.516
392.252
391.949
391.673
391.474
391.373
391.363
391.408
391.467
343.714
343.544
343.199
342.794
342.412
342.111
341.92
341.836
341.828
341.858
295.005
294.725
294.202
293.579
292.971
292.46
292.088
291.859
291.746
291.713
246.752
246.264
245.429
244.428
243.434
242.556
241.857
241.357
241.042
240.89
199.243
198.417
197.082
195.496
193.897
192.431
191.209
190.29
189.67
189.327
153.103
151.677
149.487
146.954
144.368
141.899
139.785
138.152
136.962
136.197
109.186
106.602
103.119
99.2678
95.2941
91.2077
87.4846
84.4493
82.1239
80.5842
69.368
64.7939
60.0642
55.0129
49.8852
43.4422
37.8421
33.8052
31.2646
29.9576
41.0321
32.665
26.4464
20.6602
16.0082
10.088
6.88802
4.90091
3.73354
3.02439
26.4156
13.7392
5.5465
1.55999
-0.248909
-0.515773
-0.558126
-0.555934
-0.549224
-0.555301
12.5229
1.12394
-0.470717
-0.568314
-0.560078
-0.570866
-0.604964
-0.620384
-0.620705
-0.613776
0.415054
-0.642822
-0.602866
-0.601631
-0.598867
-0.621459
-0.67753
-0.70462
-0.700772
-0.684395
-0.80561
-0.792384
-0.7559
-0.740317
-0.723003
-0.735104
-0.772767
-0.782923
-0.771178
-0.755697
-0.85206
-0.901528
-0.885168
-0.870068
-0.862717
-0.864831
-0.863787
-0.852381
-0.834782
-0.821369
-0.924836
-0.997617
-0.977343
-0.937589
-0.914282
-0.911715
-0.906562
-0.897886
-0.887561
-0.879465
-0.9438
-1.00066
-1.01294
-0.984292
-0.961786
-0.953741
-0.9488
-0.942327
-0.935372
-0.929907
-0.960656
-0.984886
-1.00848
-1.01321
-1.00796
-1.00421
-0.999815
-0.99351
-0.98702
-0.982057
-1.01455
-1.02552
-1.04497
-1.05425
-1.05626
-1.05558
-1.05296
-1.0485
-1.04291
-1.03796
-1.08227
-1.0876
-1.09685
-1.1038
-1.10739
-1.10835
-1.1072
-1.10427
-1.10012
-1.09561
-1.14388
-1.14688
-1.15211
-1.15709
-1.16053
-1.16214
-1.16194
-1.16007
-1.15684
-1.15279
-1.20423
-1.20667
-1.21145
-1.21739
-1.22314
-1.228
-1.23162
-1.23369
-1.23398
-1.23233
-1.26021
-1.26231
-1.26616
-1.27135
-1.27702
-1.28246
-1.28706
-1.29024
-1.29148
-1.29036
-1.31251
-1.31443
-1.3179
-1.32274
-1.32835
-1.33411
-1.33936
-1.34337
-1.34549
-1.34517
-1.36117
-1.36297
-1.3662
-1.37074
-1.37616
-1.38189
-1.38731
-1.39164
-1.39419
-1.3944
-1.40649
-1.40808
-1.41101
-1.41516
-1.42016
-1.42555
-1.43074
-1.43508
-1.43793
-1.43879
-1.44863
-1.44998
-1.45255
-1.45619
-1.4606
-1.46539
-1.4701
-1.4742
-1.47718
-1.47861
-1.48801
-1.48913
-1.49127
-1.4943
-1.498
-1.50205
-1.50611
-1.50977
-1.51271
-1.5145
-1.52517
-1.52603
-1.52771
-1.53007
-1.53298
-1.5362
-1.53955
-1.54254
-1.54527
-1.54718
-1.56064
-1.56125
-1.56243
-1.56411
-1.56617
-1.5685
-1.57095
-1.57333
-1.57556
-1.57732
-1.59499
-1.59534
-1.59603
-1.597
-1.5982
-1.59958
-1.60108
-1.60264
-1.6042
-1.60558
-1.62874
-1.62885
-1.62904
-1.62931
-1.62966
-1.63007
-1.63057
-1.63119
-1.63193
-1.63276
-1.6624
-1.66227
-1.66201
-1.66163
-1.66115
-1.66062
-1.66013
-1.65977
-1.65966
-1.65987
-1.69643
-1.6961
-1.69543
-1.69447
-1.69326
-1.69189
-1.6905
-1.68926
-1.68836
-1.68798
-1.73123
-1.73073
-1.72974
-1.72831
-1.72652
-1.72448
-1.72238
-1.72044
-1.71892
-1.71806
-1.7671
-1.76649
-1.76528
-1.76353
-1.76133
-1.75882
-1.75623
-1.75382
-1.75189
-1.75072
-1.80425
-1.80357
-1.80223
-1.80029
-1.79787
-1.79512
-1.79229
-1.78965
-1.78753
-1.7862
-1.84278
-1.84208
-1.8407
-1.83871
-1.83624
-1.83345
-1.83059
-1.82794
-1.82581
-1.82445
-1.88273
-1.88204
-1.8807
-1.87878
-1.87639
-1.87371
-1.87098
-1.86847
-1.86646
-1.86517
-1.92405
-1.92341
-1.92216
-1.92037
-1.91816
-1.91568
-1.91317
-1.9109
-1.90911
-1.90796
-1.96665
-1.96607
-1.96497
-1.96338
-1.96145
-1.95933
-1.95717
-1.95517
-1.95354
-1.95249
-1.20645
-1.20826
-1.21285
-1.21908
-1.22536
-1.23084
-1.23509
-1.23771
-1.23831
-1.23646
-1.26232
-1.2643
-1.26823
-1.27378
-1.28006
-1.28628
-1.29177
-1.29575
-1.29744
-1.29607
-1.31452
-1.31649
-1.3202
-1.3255
-1.33184
-1.33855
-1.3449
-1.34993
-1.3526
-1.35205
-1.36306
-1.36492
-1.36848
-1.37355
-1.37973
-1.38645
-1.39295
-1.39831
-1.4015
-1.40175
-1.40815
-1.40987
-1.41312
-1.41778
-1.42349
-1.42975
-1.4359
-1.44115
-1.44467
-1.44585
-1.45005
-1.45153
-1.45438
-1.45845
-1.46344
-1.46894
-1.47441
-1.47926
-1.4829
-1.48484
-1.48917
-1.49039
-1.49275
-1.49612
-1.50025
-1.50484
-1.50949
-1.51379
-1.51737
-1.51977
-1.52605
-1.527
-1.52882
-1.53143
-1.53465
-1.53827
-1.54204
-1.54564
-1.54895
-1.55148
-1.56125
-1.56191
-1.56319
-1.56502
-1.5673
-1.5699
-1.57269
-1.57552
-1.57826
-1.58058
-1.59533
-1.59571
-1.59644
-1.59748
-1.59879
-1.60033
-1.60205
-1.6039
-1.60584
-1.60764
-1.62883
-1.62893
-1.62912
-1.62939
-1.62974
-1.63017
-1.63073
-1.63145
-1.63236
-1.63342
-1.66226
-1.6621
-1.66179
-1.66132
-1.66073
-1.66008
-1.65946
-1.659
-1.65883
-1.65903
-1.69609
-1.69571
-1.69494
-1.69383
-1.69241
-1.69078
-1.6891
-1.68754
-1.68637
-1.68581
-1.73073
-1.73016
-1.72903
-1.72739
-1.72532
-1.72296
-1.72045
-1.71807
-1.71615
-1.71498
-1.76651
-1.76583
-1.76449
-1.76252
-1.75999
-1.75706
-1.75399
-1.75107
-1.74869
-1.74716
-1.80359
-1.80285
-1.80136
-1.79919
-1.79644
-1.79328
-1.78997
-1.78683
-1.78426
-1.78259
-1.84211
-1.84134
-1.83982
-1.83761
-1.83484
-1.83167
-1.82839
-1.82528
-1.82276
-1.8211
-1.88207
-1.88133
-1.87986
-1.87774
-1.8751
-1.87211
-1.86902
-1.86614
-1.86381
-1.86227
-1.92344
-1.92275
-1.9214
-1.91946
-1.91704
-1.91433
-1.91157
-1.909
-1.90694
-1.90558
-1.96611
-1.9655
-1.96429
-1.96257
-1.96045
-1.9581
-1.95571
-1.95349
-1.95172
-1.95054
-1.21117
-1.21275
-1.21701
-1.22324
-1.23002
-1.23636
-1.24165
-1.24517
-1.24627
-1.24383
-1.26633
-1.26839
-1.27261
-1.27881
-1.28621
-1.29401
-1.30134
-1.30699
-1.30956
-1.3074
-1.31825
-1.32048
-1.32477
-1.3311
-1.33901
-1.34784
-1.35669
-1.36411
-1.36824
-1.36643
-1.36661
-1.36882
-1.37302
-1.37924
-1.38711
-1.39603
-1.4051
-1.413
-1.41793
-1.41819
-1.41134
-1.41337
-1.41729
-1.42304
-1.43028
-1.43847
-1.4468
-1.45417
-1.45931
-1.4613
-1.45279
-1.45454
-1.45796
-1.46293
-1.46914
-1.47613
-1.48324
-1.48973
-1.49482
-1.4981
-1.49139
-1.49283
-1.49563
-1.49966
-1.50469
-1.51036
-1.51622
-1.5218
-1.5268
-1.53076
-1.52773
-1.52883
-1.53097
-1.53404
-1.53789
-1.54228
-1.54697
-1.55169
-1.55633
-1.56042
-1.5624
-1.56316
-1.56463
-1.56675
-1.56944
-1.57258
-1.57607
-1.57982
-1.58374
-1.58744
-1.59596
-1.59638
-1.5972
-1.59838
-1.5999
-1.60174
-1.60391
-1.6064
-1.60921
-1.61205
-1.62897
-1.62907
-1.62924
-1.62949
-1.62983
-1.63029
-1.63096
-1.63191
-1.63324
-1.63483
-1.66196
-1.66174
-1.66131
-1.66067
-1.65984
-1.65891
-1.65801
-1.65729
-1.65699
-1.65711
-1.69541
-1.69492
-1.69394
-1.69251
-1.69065
-1.68845
-1.68607
-1.68384
-1.68203
-1.68098
-1.72975
-1.72902
-1.72757
-1.72559
-1.72294
-1.71981
-1.71639
-1.71292
-1.71
-1.7081
-1.76534
-1.76454
-1.76294
-1.76039
-1.75717
-1.75337
-1.74925
-1.74515
-1.74165
-1.7393
-1.80231
-1.80142
-1.79962
-1.79693
-1.79349
-1.78945
-1.78511
-1.78083
-1.77721
-1.77477
-1.84079
-1.83988
-1.83806
-1.83539
-1.83198
-1.82802
-1.82381
-1.81972
-1.8163
-1.814
-1.88079
-1.87992
-1.8782
-1.87568
-1.87249
-1.86883
-1.86498
-1.8613
-1.85827
-1.85621
-1.92224
-1.92146
-1.91989
-1.91762
-1.91477
-1.91153
-1.90817
-1.905
-1.90245
-1.90061
-1.96508
-1.96436
-1.96297
-1.96099
-1.95852
-1.95575
-1.95291
-1.95025
-1.94815
-1.9466
-1.21747
-1.21922
-1.22339
-1.22973
-1.23723
-1.24497
-1.25211
-1.25755
-1.26042
-1.25646
-1.27196
-1.27436
-1.27921
-1.28656
-1.2959
-1.30655
-1.31743
-1.32673
-1.33214
-1.32782
-1.32357
-1.32629
-1.3316
-1.33969
-1.35036
-1.36315
-1.37721
-1.39079
-1.4007
-1.39669
-1.37162
-1.37435
-1.37973
-1.38792
-1.39873
-1.41169
-1.42577
-1.43887
-1.44762
-1.4478
-1.41586
-1.41839
-1.42342
-1.43096
-1.44079
-1.45238
-1.46464
-1.4758
-1.48348
-1.48723
-1.45664
-1.45883
-1.46314
-1.46952
-1.47769
-1.48712
-1.49694
-1.50603
-1.5129
-1.51921
-1.49451
-1.49627
-1.49972
-1.50477
-1.51115
-1.51845
-1.5261
-1.53361
-1.54061
-1.54791
-1.53007
-1.5314
-1.53398
-1.53773
-1.54248
-1.548
-1.55404
-1.56046
-1.56727
-1.57452
-1.56397
-1.56487
-1.56662
-1.56916
-1.57243
-1.57636
-1.58093
-1.58617
-1.59219
-1.59863
-1.5968
-1.59729
-1.59822
-1.5996
-1.60141
-1.60371
-1.60661
-1.61022
-1.61466
-1.6196
-1.62913
-1.62921
-1.62935
-1.62955
-1.62986
-1.63037
-1.63124
-1.63263
-1.63474
-1.6374
-1.66149
-1.66119
-1.66056
-1.65962
-1.65841
-1.65702
-1.65563
-1.65443
-1.65372
-1.65366
-1.69441
-1.69375
-1.69246
-1.69048
-1.68788
-1.68476
-1.68126
-1.67768
-1.67453
-1.67247
-1.72832
-1.72733
-1.72558
-1.72288
-1.71924
-1.71474
-1.70962
-1.70425
-1.69932
-1.69573
-1.76364
-1.76267
-1.76044
-1.75716
-1.75282
-1.74754
-1.74156
-1.73534
-1.72967
-1.72555
-1.80044
-1.79932
-1.79701
-1.79354
-1.78898
-1.78348
-1.77736
-1.77108
-1.76548
-1.76149
-1.83889
-1.83776
-1.83547
-1.83208
-1.82766
-1.8224
-1.81664
-1.81086
-1.80582
-1.8023
-1.87896
-1.8779
-1.87577
-1.87263
-1.86859
-1.86385
-1.85876
-1.85374
-1.84948
-1.84654
-1.92053
-1.91962
-1.91772
-1.91493
-1.9114
-1.90732
-1.90301
-1.89884
-1.89539
-1.89295
-1.96362
-1.96274
-1.96108
-1.9587
-1.95571
-1.9523
-1.94877
-1.9454
-1.9427
-1.94068
-1.22397
-1.22614
-1.23068
-1.23765
-1.24641
-1.25634
-1.26638
-1.27443
-1.28039
-1.27397
-1.27842
-1.2814
-1.28736
-1.29665
-1.30909
-1.32451
-1.34138
-1.35602
-1.36525
-1.35626
-1.32997
-1.3334
-1.34032
-1.35126
-1.36628
-1.3856
-1.40795
-1.42735
-1.43646
-1.4288
-1.37768
-1.38121
-1.38838
-1.39961
-1.41518
-1.43504
-1.45792
-1.47908
-1.49221
-1.48782
-1.42134
-1.4246
-1.43123
-1.44144
-1.45535
-1.47264
-1.49161
-1.50949
-1.52206
-1.52586
-1.46132
-1.46408
-1.46962
-1.47798
-1.48901
-1.50215
-1.51606
-1.52922
-1.53761
-1.55018
-1.49825
-1.50043
-1.50474
-1.51109
-1.51925
-1.52872
-1.53868
-1.54841
-1.55759
-1.57231
-1.53286
-1.53446
-1.5376
-1.54219
-1.54805
-1.55495
-1.56267
-1.57119
-1.58109
-1.59485
-1.56584
-1.5669
-1.56898
-1.57203
-1.57601
-1.58094
-1.58697
-1.5944
-1.60377
-1.61564
-1.59779
-1.59834
-1.59941
-1.60101
-1.6032
-1.60614
-1.61018
-1.61567
-1.62294
-1.63214
-1.62929
-1.62934
-1.62941
-1.62953
-1.62979
-1.63039
-1.63168
-1.63397
-1.63757
-1.64273
-1.66089
-1.66045
-1.65955
-1.65816
-1.65639
-1.65431
-1.65226
-1.65043
-1.64916
-1.64928
-1.69315
-1.69227
-1.69049
-1.68768
-1.68411
-1.67957
-1.67415
-1.66822
-1.66231
-1.65786
-1.72655
-1.72536
-1.72297
-1.71933
-1.71408
-1.70752
-1.6997
-1.69097
-1.6822
-1.67528
-1.76148
-1.76012
-1.75727
-1.75289
-1.74689
-1.73933
-1.73039
-1.72055
-1.71095
-1.70353
-1.79811
-1.79665
-1.79365
-1.78908
-1.7829
-1.77521
-1.76631
-1.75676
-1.74776
-1.74102
-1.83653
-1.8351
-1.83219
-1.82778
-1.82192
-1.81476
-1.80666
-1.79822
-1.79055
-1.78499
-1.87671
-1.87539
-1.87272
-1.86872
-1.86349
-1.85723
-1.85031
-1.84329
-1.83713
-1.83278
-1.9185
-1.91735
-1.91501
-1.91154
-1.90708
-1.90183
-1.89618
-1.89056
-1.88579
-1.88248
-1.96179
-1.96075
-1.95875
-1.95585
-1.95216
-1.9479
-1.94342
-1.93903
-1.93542
-1.93293
-1.23003
-1.23272
-1.23801
-1.24619
-1.25685
-1.27033
-1.28496
-1.29797
-1.3138
-1.30222
-1.28507
-1.28883
-1.29642
-1.30859
-1.32567
-1.34967
-1.37795
-1.40688
-1.43297
-1.40783
-1.33692
-1.34127
-1.3504
-1.36558
-1.38733
-1.41857
-1.45629
-1.49934
-1.53281
-1.49836
-1.38433
-1.38891
-1.39853
-1.41422
-1.43748
-1.47017
-1.51077
-1.55966
-1.60351
-1.58077
-1.42733
-1.43152
-1.44023
-1.45415
-1.47435
-1.50143
-1.53435
-1.57378
-1.60751
-1.6105
-1.46638
-1.46984
-1.47689
-1.48776
-1.5027
-1.52132
-1.54177
-1.56538
-1.58341
-1.60816
-1.50228
-1.50493
-1.5102
-1.51806
-1.52829
-1.54025
-1.55242
-1.5653
-1.58204
-1.61201
-1.53586
-1.53776
-1.54149
-1.54695
-1.55396
-1.56226
-1.5715
-1.58257
-1.5987
-1.62648
-1.56784
-1.56908
-1.5715
-1.57507
-1.57979
-1.58584
-1.59359
-1.60402
-1.61965
-1.6427
-1.59885
-1.59947
-1.60067
-1.6025
-1.60512
-1.60894
-1.61467
-1.62328
-1.636
-1.65368
-1.62944
-1.62944
-1.62942
-1.62941
-1.62963
-1.63048
-1.63262
-1.63672
-1.64386
-1.65411
-1.6602
-1.65959
-1.65833
-1.65639
-1.65384
-1.65096
-1.64804
-1.64546
-1.64377
-1.64419
-1.69172
-1.69056
-1.68819
-1.68449
-1.67935
-1.6726
-1.66433
-1.65459
-1.64401
-1.63516
-1.72455
-1.72302
-1.71982
-1.71472
-1.70748
-1.69792
-1.6859
-1.67152
-1.65603
-1.64318
-1.75907
-1.75728
-1.75355
-1.74767
-1.7394
-1.72854
-1.71505
-1.69931
-1.68306
-1.67024
-1.7955
-1.79363
-1.78976
-1.78372
-1.77535
-1.76457
-1.75154
-1.73687
-1.72243
-1.7115
-1.83391
-1.83211
-1.8284
-1.82269
-1.81493
-1.80517
-1.79374
-1.78136
-1.76975
-1.76132
-1.87422
-1.87259
-1.86924
-1.86417
-1.85741
-1.84911
-1.83972
-1.82988
-1.82108
-1.81491
-1.91627
-1.91484
-1.91195
-1.90764
-1.90202
-1.89527
-1.88788
-1.8803
-1.87384
-1.86943
-1.95979
-1.95856
-1.95616
-1.95262
-1.94808
-1.94275
-1.93711
-1.93132
-1.92666
-1.92355
-1.23536
-1.23864
-1.24493
-1.25464
-1.26743
-1.28497
-1.30534
-1.32848
-1.36192
-1.3533
-1.29134
-1.2961
-1.30585
-1.32169
-1.34417
-1.38231
-1.43104
-1.48341
-1.53131
-1.50814
-1.34359
-1.34943
-1.3621
-1.38306
-1.41305
-1.46574
-1.53942
-1.63366
-1.71703
-1.69285
-1.39086
-1.39675
-1.40949
-1.43111
-1.46564
-1.52288
-1.60904
-1.71121
-1.82213
-1.8016
-1.43321
-1.43845
-1.44957
-1.46806
-1.49691
-1.54123
-1.6083
-1.69092
-1.76261
-1.77617
-1.47132
-1.47552
-1.48415
-1.49774
-1.5172
-1.54292
-1.57688
-1.6215
-1.6398
-1.69368
-1.5062
-1.50932
-1.51552
-1.52475
-1.53676
-1.5502
-1.56268
-1.5769
-1.59754
-1.66134
-1.53879
-1.54098
-1.54525
-1.55143
-1.55925
-1.56805
-1.57713
-1.59112
-1.61166
-1.67343
-1.56983
-1.57124
-1.57398
-1.57799
-1.58333
-1.59021
-1.59924
-1.61372
-1.64215
-1.69044
-1.59993
-1.60061
-1.60195
-1.604
-1.6071
-1.61197
-1.61993
-1.63367
-1.65842
-1.69546
-1.62963
-1.62958
-1.62944
-1.6293
-1.62952
-1.63086
-1.63472
-1.64346
-1.6595
-1.68356
-1.65953
-1.65873
-1.65705
-1.65435
-1.651
-1.64705
-1.64324
-1.64088
-1.64094
-1.64307
-1.69029
-1.6888
-1.68576
-1.68089
-1.67362
-1.6639
-1.65128
-1.6356
-1.61725
-1.59629
-1.72253
-1.72058
-1.71639
-1.7096
-1.69963
-1.68582
-1.66726
-1.64344
-1.61583
-1.58691
-1.75663
-1.75436
-1.74957
-1.74183
-1.73059
-1.71516
-1.69482
-1.66949
-1.64178
-1.61509
-1.79287
-1.79052
-1.78562
-1.7778
-1.76666
-1.75174
-1.7328
-1.71029
-1.68725
-1.66687
-1.83127
-1.82905
-1.82442
-1.81718
-1.80708
-1.79398
-1.77804
-1.76003
-1.74279
-1.7287
-1.87171
-1.86974
-1.86564
-1.85933
-1.85075
-1.83997
-1.82742
-1.81381
-1.80164
-1.79218
-1.91407
-1.91232
-1.90883
-1.90358
-1.89661
-1.88812
-1.87867
-1.86857
-1.8602
-1.85389
-1.95783
-1.95639
-1.95354
-1.94931
-1.94383
-1.93731
-1.93063
-1.92274
-1.91718
-1.91301
-1.23968
-1.24353
-1.25089
-1.26262
-1.27782
-1.30035
-1.32561
-1.30038
-1.40566
-1.35483
-1.29668
-1.3023
-1.31432
-1.33523
-1.36794
-1.42767
-1.51292
-1.55488
-1.6201
-1.55419
-1.3493
-1.35633
-1.37215
-1.40026
-1.44264
-1.53888
-1.69236
-1.86446
-1.88107
-1.83738
-1.39645
-1.40357
-1.4194
-1.44726
-1.49639
-1.59901
-1.76364
-1.97093
-2.07532
-2.02337
-1.43828
-1.44449
-1.45787
-1.48056
-1.51986
-1.5952
-1.70711
-1.85795
-1.97111
-1.92365
-1.47562
-1.48045
-1.49045
-1.50617
-1.52942
-1.56574
-1.61167
-1.6569
-1.7144
-1.76796
-1.50967
-1.51318
-1.52013
-1.53024
-1.54277
-1.55605
-1.56282
-1.54938
-1.54401
-1.71523
-1.54146
-1.54391
-1.54863
-1.55524
-1.56309
-1.57071
-1.5755
-1.57328
-1.58218
-1.75871
-1.57173
-1.57331
-1.57635
-1.58072
-1.58641
-1.59348
-1.60253
-1.61995
-1.66621
-1.76804
-1.60105
-1.60182
-1.60331
-1.60564
-1.60925
-1.61521
-1.62606
-1.64804
-1.69087
-1.74912
-1.62995
-1.62987
-1.62966
-1.62945
-1.62977
-1.63191
-1.63919
-1.65798
-1.69414
-1.7479
-1.65906
-1.65808
-1.65596
-1.65266
-1.64817
-1.64292
-1.63869
-1.64
-1.64965
-1.67807
-1.6891
-1.68729
-1.68347
-1.67703
-1.66737
-1.65361
-1.63471
-1.61038
-1.57599
-1.53168
-1.72074
-1.71832
-1.71309
-1.70434
-1.69099
-1.6714
-1.64317
-1.60409
-1.54847
-1.47625
-1.75445
-1.75168
-1.74573
-1.73588
-1.72104
-1.69963
-1.66951
-1.62938
-1.57658
-1.51598
-1.7905
-1.78767
-1.78166
-1.77187
-1.75746
-1.73739
-1.71045
-1.67673
-1.63644
-1.59564
-1.8289
-1.82625
-1.82066
-1.81175
-1.79901
-1.78194
-1.76026
-1.73485
-1.70744
-1.68255
-1.86942
-1.86715
-1.86228
-1.85465
-1.84409
-1.83049
-1.81417
-1.79607
-1.77878
-1.76329
-1.91214
-1.91005
-1.90596
-1.89972
-1.89134
-1.88093
-1.86933
-1.8559
-1.84543
-1.83558
-1.95612
-1.95445
-1.95116
-1.94622
-1.93976
-1.9318
-1.92329
-1.91428
-1.90737
-1.90147
-1.2427
-1.24692
-1.25505
-1.26755
-1.28053
-1.2996
-1.30323
-1.35172
-1.34972
-1.36369
-1.30072
-1.30657
-1.31991
-1.34305
-1.37415
-1.44783
-1.48648
-1.56189
-1.53726
-1.5465
-1.35329
-1.36101
-1.37901
-1.4088
-1.46125
-1.57972
-1.69841
-1.7794
-1.77151
-1.85263
-1.40038
-1.40834
-1.42625
-1.45716
-1.52091
-1.66115
-1.8421
-1.89312
-1.96064
-2.17391
-1.44191
-1.44883
-1.46376
-1.48864
-1.54061
-1.64842
-1.76679
-1.81538
-1.9022
-2.27029
-1.47887
-1.48421
-1.49522
-1.512
-1.53983
-1.59091
-1.6112
-1.56652
-1.56619
-2.09056
-1.51247
-1.51634
-1.52394
-1.53452
-1.54768
-1.56446
-1.54934
-1.45796
-1.43937
-1.90804
-1.54379
-1.54652
-1.5518
-1.55878
-1.56683
-1.57588
-1.57078
-1.53208
-1.60182
-2.09151
-1.57356
-1.57535
-1.57882
-1.5837
-1.58993
-1.59804
-1.60807
-1.62318
-1.68593
-1.86115
-1.60231
-1.60324
-1.60504
-1.60786
-1.61231
-1.62014
-1.63604
-1.66594
-1.70716
-1.75196
-1.63057
-1.63052
-1.63039
-1.63034
-1.6311
-1.63496
-1.64844
-1.68533
-1.75756
-1.88292
-1.659
-1.6579
-1.65549
-1.65162
-1.64613
-1.63966
-1.6355
-1.64486
-1.68389
-1.76964
-1.68841
-1.68633
-1.68181
-1.67393
-1.66156
-1.64291
-1.61545
-1.57512
-1.4953
-1.3449
-1.71952
-1.71671
-1.71051
-1.6998
-1.68272
-1.65631
-1.61534
-1.54925
-1.42616
-1.21162
-1.75289
-1.74967
-1.74266
-1.73073
-1.71205
-1.68392
-1.64184
-1.57796
-1.47682
-1.33056
-1.78877
-1.7855
-1.77848
-1.76679
-1.74906
-1.72349
-1.68749
-1.63757
-1.56862
-1.48709
-1.82714
-1.82411
-1.81767
-1.80719
-1.79186
-1.7708
-1.74308
-1.70805
-1.6654
-1.62268
-1.86776
-1.86518
-1.85963
-1.85081
-1.83837
-1.82206
-1.80202
-1.77852
-1.75333
-1.72858
-1.91067
-1.90834
-1.90372
-1.89662
-1.88693
-1.87475
-1.86087
-1.84471
-1.8297
-1.81672
-1.95484
-1.953
-1.94932
-1.94379
-1.93648
-1.92741
-1.9177
-1.90707
-1.89774
-1.89077
-1.24392
-1.24843
-1.25726
-1.2707
-1.28635
-1.31316
-1.33229
-1.32901
-1.36327
-1.44239
-1.30191
-1.30809
-1.32296
-1.3456
-1.37293
-1.46088
-1.50137
-1.50444
-1.5641
-1.35886
-1.3548
-1.36273
-1.38113
-1.41016
-1.46565
-1.59096
-1.70501
-1.72343
-1.77429
0.0366504
-1.40212
-1.41034
-1.42872
-1.45975
-1.52737
-1.67481
-1.84666
-1.89144
-1.95478
2.44359
-1.44386
-1.45111
-1.46665
-1.49243
-1.54948
-1.67092
-1.82726
-1.90273
-1.96736
2.49326
-1.48093
-1.48665
-1.49835
-1.51591
-1.55121
-1.62214
-1.67539
-1.6449
-1.83942
1.14968
-1.51456
-1.51879
-1.52714
-1.53872
-1.55669
-1.5853
-1.57219
-1.4968
-1.74177
0.724727
-1.54578
-1.54882
-1.55467
-1.56286
-1.57357
-1.58784
-1.57907
-1.54942
-1.85108
0.426595
-1.57533
-1.57742
-1.58154
-1.58756
-1.5959
-1.60764
-1.61844
-1.62165
-1.65412
-0.647159
-1.60373
-1.60489
-1.60729
-1.61116
-1.61774
-1.62952
-1.65235
-1.67406
-1.68612
-1.89539
-1.63156
-1.63166
-1.63189
-1.6325
-1.63495
-1.64262
-1.66732
-1.72826
-1.89702
-2.55277
-1.65952
-1.65842
-1.656
-1.652
-1.6465
-1.64015
-1.63681
-1.67416
-1.77319
-1.99037
-1.68845
-1.68622
-1.68132
-1.67248
-1.65816
-1.63543
-1.59744
-1.53735
-1.36306
-0.687619
-1.71917
-1.7161
-1.70926
-1.69709
-1.67704
-1.64473
-1.58917
-1.48312
-1.23306
-0.631067
-1.75224
-1.74873
-1.74099
-1.72749
-1.7058
-1.67215
-1.61747
-1.52112
-1.34129
-1.03706
-1.78796
-1.78441
-1.77669
-1.76359
-1.74331
-1.71351
-1.66872
-1.59872
-1.49052
-1.35138
-1.82628
-1.823
-1.81596
-1.80436
-1.78709
-1.76314
-1.73
-1.68365
-1.62253
-1.55549
-1.86692
-1.86414
-1.85812
-1.84847
-1.83467
-1.81652
-1.79332
-1.76433
-1.72858
-1.69771
-1.90989
-1.90741
-1.90245
-1.89475
-1.88416
-1.87085
-1.85497
-1.8363
-1.8167
-1.80089
-1.95416
-1.9522
-1.94829
-1.94234
-1.93444
-1.92474
-1.91404
-1.90185
-1.89063
-1.88225
-1.24334
-1.24779
-1.25635
-1.27021
-1.28667
-1.31816
-1.33926
-1.33907
-1.40667
-0.619114
-1.30106
-1.30676
-1.3194
-1.3404
-1.3682
-1.42667
-1.47929
-1.48391
-1.6743
-1.26109
-1.35392
-1.36126
-1.3779
-1.40576
-1.44501
-1.532
-1.66875
-1.70052
-1.85593
-1.27287
-1.40159
-1.40944
-1.42707
-1.45702
-1.50644
-1.61865
-1.82387
-1.95701
-2.04901
-1.70997
-1.44393
-1.45117
-1.46706
-1.49382
-1.5413
-1.65029
-1.86144
-2.02592
-2.16913
-2.03992
-1.48162
-1.48762
-1.50038
-1.52105
-1.55665
-1.63142
-1.75716
-1.85169
-2.12001
-2.14625
-1.51573
-1.5204
-1.53005
-1.545
-1.56822
-1.60916
-1.6545
-1.68271
-1.9781
-1.6198
-1.54725
-1.55077
-1.55795
-1.56902
-1.5851
-1.60953
-1.6335
-1.64591
-1.78912
-1.04069
-1.57692
-1.57946
-1.58472
-1.59319
-1.60632
-1.6271
-1.65785
-1.67869
-1.67716
-1.30806
-1.60531
-1.60685
-1.61018
-1.61609
-1.62696
-1.64787
-1.69429
-1.77528
-1.88798
-2.2717
-1.63299
-1.63338
-1.63429
-1.63638
-1.64204
-1.65674
-1.70515
-1.84693
-2.13294
-2.99401
-1.66072
-1.65979
-1.65776
-1.65459
-1.65072
-1.64743
-1.65639
-1.74134
-2.01388
-2.80047
-1.68939
-1.68724
-1.68251
-1.67383
-1.65947
-1.63561
-1.59595
-1.55639
-1.44626
-0.508453
-1.71987
-1.71682
-1.70995
-1.69755
-1.67654
-1.64135
-1.57729
-1.44989
-1.10171
-0.195841
-1.75275
-1.7492
-1.74134
-1.72748
-1.7047
-1.66844
-1.60659
-1.49168
-1.25745
-0.801541
-1.78831
-1.7847
-1.77684
-1.7634
-1.74226
-1.71055
-1.6611
-1.58005
-1.44753
-1.26257
-1.82652
-1.82318
-1.81601
-1.80412
-1.78627
-1.76109
-1.72525
-1.67358
-1.60413
-1.52654
-1.86712
-1.86425
-1.85812
-1.84826
-1.83408
-1.81522
-1.79066
-1.75902
-1.7212
-1.68691
-1.90994
-1.90746
-1.90243
-1.89459
-1.88376
-1.87007
-1.8538
-1.83334
-1.81295
-1.79662
-1.95421
-1.95224
-1.94827
-1.94223
-1.93416
-1.92418
-1.91317
-1.90027
-1.8887
-1.88034
-1.24084
-1.24489
-1.25238
-1.26417
-1.27966
-1.29707
-1.32601
-1.35746
-1.49127
-1.73607
-1.29757
-1.30279
-1.31337
-1.3304
-1.35351
-1.38307
-1.43326
-1.45477
-1.53744
-1.16985
-1.35054
-1.35691
-1.37041
-1.39309
-1.42277
-1.46731
-1.55794
-1.57893
-1.48259
-1.02574
-1.39866
-1.4055
-1.4204
-1.44577
-1.48274
-1.53767
-1.67946
-1.74394
-1.65875
-1.42419
-1.44182
-1.4484
-1.4627
-1.48695
-1.52462
-1.59271
-1.73964
-1.84265
-1.94149
-1.8681
-1.48049
-1.48627
-1.4986
-1.51909
-1.55106
-1.60661
-1.70685
-1.81697
-2.05383
-2.2627
-1.51552
-1.52028
-1.53028
-1.54652
-1.571
-1.60906
-1.66656
-1.75454
-1.94557
-2.29588
-1.54777
-1.55155
-1.55947
-1.57232
-1.59157
-1.62021
-1.66384
-1.7317
-1.81153
-2.1106
-1.57796
-1.58082
-1.58689
-1.59712
-1.6134
-1.63949
-1.68523
-1.75609
-1.83499
-2.07267
-1.60669
-1.60856
-1.61265
-1.62008
-1.63342
-1.65802
-1.70901
-1.80526
-1.97735
-2.34632
-1.63458
-1.63528
-1.6369
-1.6403
-1.6478
-1.66419
-1.70751
-1.82128
-2.07441
-2.87662
-1.66242
-1.6618
-1.6605
-1.65856
-1.65671
-1.65606
-1.66392
-1.72357
-1.86021
-2.13317
-1.69112
-1.68923
-1.68517
-1.67798
-1.66613
-1.64668
-1.61455
-1.57257
-1.43409
-0.823428
-1.72159
-1.71884
-1.71261
-1.7016
-1.68321
-1.65271
-1.60034
-1.50699
-1.28556
-0.698095
-1.75437
-1.75108
-1.74381
-1.73116
-1.71059
-1.67798
-1.62533
-1.53696
-1.37386
-1.073
-1.7898
-1.78641
-1.77904
-1.76655
-1.74707
-1.71791
-1.67454
-1.60918
-1.51292
-1.37419
-1.82786
-1.82468
-1.81789
-1.80672
-1.79004
-1.7665
-1.73437
-1.69109
-1.63576
-1.57295
-1.8683
-1.86553
-1.85968
-1.85034
-1.83695
-1.81909
-1.79655
-1.76866
-1.73753
-1.709
-1.91086
-1.90851
-1.9037
-1.89622
-1.88592
-1.87282
-1.85743
-1.83942
-1.82233
-1.80863
-1.95501
-1.95311
-1.94929
-1.9435
-1.93578
-1.92627
-1.9158
-1.90429
-1.89473
-1.88777
-1.23684
-1.24033
-1.24639
-1.25576
-1.26835
-1.28306
-1.30016
-1.32038
-1.36627
-1.36569
-1.29262
-1.29693
-1.30525
-1.31816
-1.3356
-1.35558
-1.37765
-1.40055
-1.41012
-1.24992
-1.34531
-1.35031
-1.36071
-1.3772
-1.39987
-1.42699
-1.46388
-1.49338
-1.47386
-1.26473
-1.39375
-1.39934
-1.41104
-1.43006
-1.45817
-1.49034
-1.54767
-1.59846
-1.6084
-1.47623
-1.43776
-1.44333
-1.45507
-1.47435
-1.50309
-1.54287
-1.60643
-1.67504
-1.74714
-1.72622
-1.47756
-1.48269
-1.49347
-1.51109
-1.53743
-1.5751
-1.62973
-1.7044
-1.82558
-1.8968
-1.51376
-1.51822
-1.52755
-1.5427
-1.56523
-1.59701
-1.64118
-1.71219
-1.81345
-1.97398
-1.54707
-1.55078
-1.55858
-1.57136
-1.59063
-1.61839
-1.65857
-1.72139
-1.78963
-1.98683
-1.57813
-1.58105
-1.58728
-1.59782
-1.61452
-1.64035
-1.68071
-1.74245
-1.81985
-2.04202
-1.60757
-1.60958
-1.61399
-1.62184
-1.63537
-1.65865
-1.69935
-1.77063
-1.8941
-2.15471
-1.63604
-1.63697
-1.63908
-1.64319
-1.65123
-1.66707
-1.69957
-1.77024
-1.91426
-2.2106
-1.66435
-1.66406
-1.66349
-1.66286
-1.66289
-1.66506
-1.67364
-1.70474
-1.78995
-1.96894
-1.6934
-1.69193
-1.68877
-1.68347
-1.67526
-1.66267
-1.6435
-1.6181
-1.57285
-1.48859
-1.72405
-1.72174
-1.71667
-1.70789
-1.69375
-1.67145
-1.636
-1.58088
-1.48727
-1.3018
-1.7569
-1.75407
-1.7479
-1.73739
-1.72081
-1.69546
-1.65704
-1.60016
-1.51606
-1.38671
-1.79225
-1.78927
-1.78287
-1.7722
-1.75596
-1.73227
-1.69872
-1.65295
-1.59428
-1.52202
-1.83012
-1.82729
-1.82128
-1.81154
-1.79725
-1.77745
-1.75133
-1.71882
-1.68214
-1.64439
-1.87032
-1.86781
-1.86257
-1.85427
-1.84254
-1.82707
-1.80798
-1.78596
-1.76425
-1.74477
-1.91254
-1.91043
-1.90608
-1.89934
-1.89015
-1.87854
-1.86505
-1.85006
-1.83786
-1.82754
-1.95647
-1.95471
-1.95121
-1.94593
-1.93894
-1.9304
-1.92114
-1.91092
-1.90404
-1.89845
-1.23162
-1.23413
-1.23912
-1.24631
-1.25524
-1.26546
-1.27635
-1.2813
-1.28861
-1.2726
-1.28662
-1.28997
-1.29632
-1.30583
-1.31791
-1.33153
-1.34574
-1.34544
-1.33586
-1.27338
-1.33886
-1.34284
-1.35059
-1.36237
-1.37786
-1.39567
-1.41357
-1.41597
-1.39569
-1.3192
-1.3876
-1.39203
-1.4008
-1.41413
-1.43283
-1.45495
-1.47979
-1.49404
-1.48194
-1.43449
-1.43234
-1.43681
-1.44595
-1.46026
-1.48032
-1.50573
-1.5356
-1.56269
-1.581
-1.57907
-1.47323
-1.4775
-1.48632
-1.50023
-1.51997
-1.54604
-1.57666
-1.61186
-1.65459
-1.70436
-1.51066
-1.51454
-1.52257
-1.53532
-1.55366
-1.57838
-1.60949
-1.64589
-1.69279
-1.77037
-1.54516
-1.54852
-1.55553
-1.56684
-1.58347
-1.60665
-1.63726
-1.6759
-1.7218
-1.81472
-1.57733
-1.58006
-1.58584
-1.59543
-1.61015
-1.63198
-1.66335
-1.7064
-1.75834
-1.86407
-1.60776
-1.60971
-1.61394
-1.62124
-1.63316
-1.65227
-1.68241
-1.72729
-1.79286
-1.90903
-1.63711
-1.63813
-1.64039
-1.64453
-1.65189
-1.66493
-1.68809
-1.72757
-1.7916
-1.89351
-1.66619
-1.66616
-1.66614
-1.66639
-1.66756
-1.67068
-1.67866
-1.69576
-1.73014
-1.79479
-1.69585
-1.6948
-1.69257
-1.68884
-1.68383
-1.67675
-1.66682
-1.65468
-1.64213
-1.63527
-1.7269
-1.72507
-1.72121
-1.71492
-1.7048
-1.69003
-1.66852
-1.63854
-1.6002
-1.55349
-1.75996
-1.75768
-1.75279
-1.74467
-1.73231
-1.71439
-1.68912
-1.65538
-1.61486
-1.57099
-1.79531
-1.79284
-1.78762
-1.77909
-1.76651
-1.74892
-1.72536
-1.69595
-1.66357
-1.63302
-1.83301
-1.83062
-1.8256
-1.81761
-1.80617
-1.79083
-1.77141
-1.74882
-1.72605
-1.70702
-1.87293
-1.87078
-1.86632
-1.85935
-1.84969
-1.83726
-1.82236
-1.80613
-1.79103
-1.77957
-1.91477
-1.91298
-1.90921
-1.90344
-1.89568
-1.88607
-1.87513
-1.86399
-1.85399
-1.8471
-1.95844
-1.95685
-1.95377
-1.94916
-1.94313
-1.93591
-1.9281
-1.92022
-1.9138
-1.90967
-1.22588
-1.22791
-1.2318
-1.23735
-1.24385
-1.25033
-1.25605
-1.257
-1.2537
-1.23796
-1.28015
-1.2827
-1.28754
-1.29455
-1.30297
-1.31159
-1.31909
-1.31903
-1.30842
-1.27828
-1.33209
-1.33512
-1.34087
-1.34933
-1.35986
-1.37122
-1.38173
-1.38403
-1.36931
-1.33404
-1.38093
-1.38429
-1.39078
-1.40045
-1.41294
-1.42714
-1.44098
-1.4469
-1.43887
-1.41246
-1.42629
-1.42978
-1.4367
-1.44712
-1.4608
-1.47734
-1.49456
-1.50692
-1.50817
-1.50032
-1.46813
-1.47155
-1.47844
-1.48899
-1.50317
-1.52077
-1.54035
-1.55883
-1.57098
-1.57472
-1.5067
-1.50989
-1.51641
-1.52651
-1.54046
-1.55828
-1.57931
-1.60172
-1.62201
-1.6425
-1.5424
-1.54525
-1.55112
-1.56039
-1.57354
-1.59105
-1.61302
-1.63846
-1.66446
-1.69732
-1.57574
-1.57811
-1.58307
-1.59109
-1.60291
-1.61949
-1.64189
-1.67052
-1.69984
-1.74159
-1.60728
-1.60904
-1.61276
-1.61896
-1.62853
-1.64275
-1.66329
-1.69095
-1.72379
-1.76848
-1.63769
-1.63868
-1.64082
-1.64453
-1.65058
-1.66023
-1.67529
-1.69715
-1.72488
-1.75874
-1.66771
-1.66785
-1.66818
-1.6689
-1.6704
-1.67337
-1.67887
-1.68779
-1.69932
-1.71266
-1.69815
-1.69746
-1.69601
-1.69376
-1.69061
-1.68657
-1.68146
-1.67528
-1.6675
-1.6598
-1.72977
-1.72839
-1.72548
-1.72101
-1.71432
-1.70493
-1.69221
-1.67575
-1.65623
-1.63782
-1.76314
-1.76139
-1.75776
-1.75169
-1.7429
-1.73078
-1.71477
-1.69484
-1.67278
-1.65393
-1.79858
-1.79664
-1.79257
-1.78604
-1.77673
-1.76423
-1.74835
-1.72961
-1.71024
-1.69509
-1.83618
-1.83424
-1.83022
-1.82393
-1.81516
-1.80377
-1.78993
-1.77444
-1.75942
-1.74855
-1.87585
-1.87407
-1.87041
-1.86478
-1.85713
-1.84753
-1.83636
-1.82445
-1.81356
-1.80614
-1.91738
-1.91584
-1.91269
-1.90792
-1.9016
-1.89391
-1.88531
-1.87653
-1.86887
-1.86392
-1.96057
-1.95926
-1.95664
-1.95275
-1.94771
-1.94174
-1.93529
-1.92891
-1.92362
-1.92035
-1.21982
-1.22144
-1.22462
-1.2291
-1.23402
-1.23837
-1.24111
-1.2403
-1.23539
-1.2242
-1.27376
-1.27575
-1.27948
-1.28472
-1.29079
-1.29652
-1.30053
-1.30007
-1.29308
-1.27818
-1.32555
-1.32787
-1.33216
-1.33831
-1.34566
-1.35313
-1.35918
-1.36097
-1.35379
-1.33835
-1.3745
-1.37705
-1.38186
-1.38886
-1.3975
-1.40685
-1.41544
-1.42081
-1.41967
-1.40705
-1.42032
-1.42299
-1.42815
-1.43576
-1.44541
-1.45642
-1.46748
-1.47651
-1.48159
-1.47838
-1.46293
-1.46559
-1.47086
-1.47876
-1.48892
-1.50113
-1.51425
-1.52699
-1.53807
-1.54937
-1.50246
-1.505
-1.51012
-1.51788
-1.52825
-1.54103
-1.55548
-1.57109
-1.58634
-1.60343
-1.53923
-1.54155
-1.54626
-1.55353
-1.56352
-1.57629
-1.59165
-1.60914
-1.62751
-1.64848
-1.57369
-1.57565
-1.5797
-1.58607
-1.5951
-1.60712
-1.62243
-1.64087
-1.66072
-1.68363
-1.60635
-1.60783
-1.61093
-1.61591
-1.62321
-1.63336
-1.6469
-1.66393
-1.68333
-1.70485
-1.63783
-1.63872
-1.64059
-1.64369
-1.64839
-1.65523
-1.6648
-1.67735
-1.69194
-1.70721
-1.66885
-1.66907
-1.66955
-1.67042
-1.67189
-1.67426
-1.67786
-1.68281
-1.68833
-1.6938
-1.70013
-1.6997
-1.69882
-1.69748
-1.69566
-1.69336
-1.69051
-1.68725
-1.68319
-1.67927
-1.73237
-1.7314
-1.72938
-1.72624
-1.72177
-1.71589
-1.70848
-1.69927
-1.68879
-1.6795
-1.76613
-1.76478
-1.76205
-1.75777
-1.75174
-1.74369
-1.73366
-1.72183
-1.70931
-1.69901
-1.80173
-1.80024
-1.79716
-1.79232
-1.78561
-1.77695
-1.76644
-1.75462
-1.74279
-1.73371
-1.83927
-1.83775
-1.83463
-1.82982
-1.82328
-1.81505
-1.80541
-1.79501
-1.78512
-1.77792
-1.87873
-1.8773
-1.87439
-1.86997
-1.86408
-1.85687
-1.8487
-1.84023
-1.8325
-1.82708
-1.91997
-1.9187
-1.91613
-1.91229
-1.90727
-1.90128
-1.8947
-1.88811
-1.88231
-1.87835
-1.96272
-1.96168
-1.95951
-1.95631
-1.95219
-1.94739
-1.94226
-1.93726
-1.93299
-1.93015
-1.21376
-1.21511
-1.21798
-1.22196
-1.226
-1.22913
-1.23049
-1.2291
-1.2245
-1.21634
-1.26782
-1.26943
-1.27247
-1.27665
-1.28122
-1.28521
-1.28758
-1.2868
-1.282
-1.27311
-1.31966
-1.32143
-1.32481
-1.32946
-1.33478
-1.33992
-1.34389
-1.34431
-1.34034
-1.33213
-1.36878
-1.37074
-1.37439
-1.37958
-1.38576
-1.39217
-1.39768
-1.40066
-1.39949
-1.39384
-1.41497
-1.41704
-1.42093
-1.42657
-1.43352
-1.44115
-1.4485
-1.4543
-1.45713
-1.45583
-1.45817
-1.46025
-1.46426
-1.47017
-1.47765
-1.48626
-1.49527
-1.50376
-1.51067
-1.51524
-1.49847
-1.50048
-1.50444
-1.51035
-1.51806
-1.52721
-1.53742
-1.54801
-1.55811
-1.56718
-1.53613
-1.53798
-1.54169
-1.5473
-1.55479
-1.56405
-1.57479
-1.58665
-1.59883
-1.61079
-1.57155
-1.57314
-1.57636
-1.58131
-1.5881
-1.59676
-1.60725
-1.61926
-1.63211
-1.64509
-1.6052
-1.60642
-1.60892
-1.61284
-1.61832
-1.62554
-1.63458
-1.64529
-1.65706
-1.66888
-1.63767
-1.63843
-1.64001
-1.64251
-1.64611
-1.65098
-1.65726
-1.6649
-1.6734
-1.68182
-1.66961
-1.66986
-1.67039
-1.67126
-1.67257
-1.67443
-1.67695
-1.68009
-1.68357
-1.68702
-1.70169
-1.70144
-1.70093
-1.70017
-1.69917
-1.69794
-1.69652
-1.69498
-1.69329
-1.6919
-1.73455
-1.73386
-1.73246
-1.73034
-1.72742
-1.72364
-1.71914
-1.71408
-1.7088
-1.70455
-1.76869
-1.76768
-1.76559
-1.76261
-1.75847
-1.75324
-1.74696
-1.73994
-1.73305
-1.72765
-1.80447
-1.80336
-1.80114
-1.79751
-1.7927
-1.78673
-1.77979
-1.77236
-1.76532
-1.76004
-1.84202
-1.84084
-1.83845
-1.8348
-1.82996
-1.82405
-1.81736
-1.81043
-1.80409
-1.79953
-1.88133
-1.88019
-1.87789
-1.87445
-1.86995
-1.86456
-1.85863
-1.85266
-1.84737
-1.84367
-1.92232
-1.92128
-1.91921
-1.91613
-1.91218
-1.90754
-1.90255
-1.89766
-1.89344
-1.89056
-1.9648
-1.96391
-1.96212
-1.95949
-1.95615
-1.95231
-1.94826
-1.94437
-1.9411
-1.93891
-1.20825
-1.20955
-1.21248
-1.21636
-1.21999
-1.22251
-1.22335
-1.22206
-1.21848
-1.21285
-1.26282
-1.26424
-1.26691
-1.2705
-1.27422
-1.27724
-1.27884
-1.27825
-1.27511
-1.26964
-1.31484
-1.31635
-1.31902
-1.32278
-1.32692
-1.33066
-1.33329
-1.33374
-1.33157
-1.32693
-1.36418
-1.36576
-1.36862
-1.37264
-1.37729
-1.38193
-1.38575
-1.3878
-1.38741
-1.38447
-1.41065
-1.41229
-1.41533
-1.41965
-1.42486
-1.4304
-1.43556
-1.43949
-1.44137
-1.44086
-1.45427
-1.45593
-1.45906
-1.4636
-1.46924
-1.47554
-1.48193
-1.48768
-1.49202
-1.49426
-1.49514
-1.49676
-1.49985
-1.50443
-1.51027
-1.51704
-1.52432
-1.53151
-1.53789
-1.54267
-1.53348
-1.53497
-1.53791
-1.54228
-1.54798
-1.55479
-1.56244
-1.57044
-1.57812
-1.58458
-1.56965
-1.57094
-1.57351
-1.5774
-1.58255
-1.58889
-1.59623
-1.60419
-1.61218
-1.61923
-1.6041
-1.6051
-1.60713
-1.61022
-1.61439
-1.61964
-1.62587
-1.63281
-1.63994
-1.64636
-1.63737
-1.63802
-1.63934
-1.64137
-1.64415
-1.64772
-1.65204
-1.65694
-1.66205
-1.66672
-1.67007
-1.67032
-1.67084
-1.67165
-1.67279
-1.67428
-1.67615
-1.6783
-1.6806
-1.68279
-1.70282
-1.70268
-1.7024
-1.70199
-1.70146
-1.70085
-1.70018
-1.69951
-1.69892
-1.69865
-1.7362
-1.73571
-1.73474
-1.73328
-1.73134
-1.72894
-1.72618
-1.72322
-1.72029
-1.71827
-1.77069
-1.76995
-1.76846
-1.76623
-1.76327
-1.75971
-1.75568
-1.75149
-1.74777
-1.74496
-1.80664
-1.80576
-1.80402
-1.80139
-1.79794
-1.7937
-1.78899
-1.78419
-1.7799
-1.77684
-1.84421
-1.84329
-1.84141
-1.83862
-1.83498
-1.83066
-1.82591
-1.82117
-1.81701
-1.81413
-1.88343
-1.88251
-1.88067
-1.87795
-1.87446
-1.87037
-1.86598
-1.86168
-1.85798
-1.85547
-1.92424
-1.92338
-1.92168
-1.91919
-1.91603
-1.91239
-1.90854
-1.90484
-1.90172
-1.89963
-1.96649
-1.96574
-1.96423
-1.96205
-1.95931
-1.9562
-1.95296
-1.9499
-1.94735
-1.94566
-1.20419
-1.20577
-1.20893
-1.21278
-1.21616
-1.21834
-1.21897
-1.21783
-1.21495
-1.2107
-1.25932
-1.26072
-1.26325
-1.26651
-1.26973
-1.27224
-1.27349
-1.27306
-1.2708
-1.26696
-1.31156
-1.3129
-1.31526
-1.31841
-1.3218
-1.32484
-1.32688
-1.32737
-1.326
-1.32294
-1.361
-1.36235
-1.36475
-1.36806
-1.37182
-1.37548
-1.37844
-1.38013
-1.38004
-1.37817
-1.40765
-1.40902
-1.41154
-1.41506
-1.41923
-1.42357
-1.42752
-1.4305
-1.43199
-1.43167
-1.45153
-1.45292
-1.4555
-1.4592
-1.4637
-1.46863
-1.47349
-1.47774
-1.48081
-1.48225
-1.49276
-1.49411
-1.49668
-1.50041
-1.50508
-1.51036
-1.51588
-1.52112
-1.52548
-1.52836
-1.53155
-1.53281
-1.53524
-1.53881
-1.54336
-1.54867
-1.55443
-1.56018
-1.56534
-1.56919
-1.56824
-1.56932
-1.57147
-1.57465
-1.57876
-1.58367
-1.58913
-1.59477
-1.60006
-1.60425
-1.60323
-1.60409
-1.6058
-1.60834
-1.61168
-1.61573
-1.62033
-1.62517
-1.62984
-1.63367
-1.63707
-1.63763
-1.63877
-1.64047
-1.64274
-1.64552
-1.64873
-1.65218
-1.65549
-1.65835
-1.6703
-1.67055
-1.67104
-1.67179
-1.67279
-1.67405
-1.67552
-1.67714
-1.67876
-1.68023
-1.70353
-1.70345
-1.70331
-1.70309
-1.70282
-1.70252
-1.70223
-1.70199
-1.70186
-1.7019
-1.73729
-1.73693
-1.73622
-1.73516
-1.73377
-1.73212
-1.73033
-1.72853
-1.72695
-1.72591
-1.77204
-1.77146
-1.77032
-1.76862
-1.7664
-1.7637
-1.76092
-1.75813
-1.7557
-1.754
-1.80812
-1.80738
-1.806
-1.80392
-1.80126
-1.79819
-1.79471
-1.79131
-1.7884
-1.78644
-1.84573
-1.84499
-1.84343
-1.84117
-1.83829
-1.83494
-1.83134
-1.82785
-1.82489
-1.8229
-1.88489
-1.88412
-1.88258
-1.88033
-1.87748
-1.87421
-1.87076
-1.86745
-1.86468
-1.86283
-1.92558
-1.92484
-1.92339
-1.92128
-1.91864
-1.91564
-1.91252
-1.90956
-1.90711
-1.90549
-1.96769
-1.96702
-1.96571
-1.96383
-1.96149
-1.95885
-1.95614
-1.9536
-1.95152
-1.95014
-1.20221
-1.20415
-1.20745
-1.21116
-1.21426
-1.21618
-1.21664
-1.21555
-1.21299
-1.20936
-1.25746
-1.25895
-1.26144
-1.26452
-1.26747
-1.2697
-1.27076
-1.27038
-1.2685
-1.26536
-1.30981
-1.31112
-1.31334
-1.31625
-1.3193
-1.32197
-1.32373
-1.32417
-1.32312
-1.32067
-1.35935
-1.36061
-1.36281
-1.36579
-1.36913
-1.37234
-1.3749
-1.37636
-1.37635
-1.37487
-1.4061
-1.40736
-1.40962
-1.41277
-1.41646
-1.42024
-1.42365
-1.42619
-1.42745
-1.42719
-1.45011
-1.45137
-1.45369
-1.45698
-1.46095
-1.46524
-1.46941
-1.47298
-1.47548
-1.47655
-1.49152
-1.49274
-1.49506
-1.49837
-1.50247
-1.50706
-1.51176
-1.51611
-1.51961
-1.52172
-1.53054
-1.53167
-1.53387
-1.53703
-1.54103
-1.54563
-1.5505
-1.55523
-1.5593
-1.56212
-1.56748
-1.56847
-1.5704
-1.57323
-1.57684
-1.58107
-1.58566
-1.59026
-1.5944
-1.59746
-1.60276
-1.60354
-1.60508
-1.60736
-1.61029
-1.61378
-1.61765
-1.62152
-1.62517
-1.62799
-1.63688
-1.6374
-1.63844
-1.63999
-1.64199
-1.6444
-1.6471
-1.64988
-1.65252
-1.65465
-1.67039
-1.67063
-1.67111
-1.67182
-1.67275
-1.67387
-1.67516
-1.67653
-1.67788
-1.67904
-1.70386
-1.70382
-1.70373
-1.7036
-1.70344
-1.70327
-1.70313
-1.70304
-1.70306
-1.70322
-1.73782
-1.73752
-1.73693
-1.73606
-1.73493
-1.73362
-1.73223
-1.7309
-1.72981
-1.72911
-1.77272
-1.77222
-1.77123
-1.76978
-1.76792
-1.76575
-1.76345
-1.76124
-1.75939
-1.75811
-1.80888
-1.80824
-1.807
-1.80519
-1.80288
-1.80021
-1.79735
-1.79459
-1.79229
-1.79077
-1.8465
-1.84581
-1.84443
-1.84243
-1.8399
-1.83699
-1.83393
-1.83101
-1.82857
-1.82697
-1.88564
-1.88493
-1.88353
-1.88151
-1.87897
-1.87609
-1.87308
-1.87024
-1.86789
-1.86634
-1.92627
-1.92559
-1.92425
-1.92234
-1.91995
-1.91726
-1.91448
-1.91188
-1.90974
-1.90833
-1.9683
-1.96767
-1.96645
-1.96472
-1.96258
-1.96018
-1.95772
-1.95544
-1.95358
-1.95236
)
;

boundaryField
{
    lowerSideWalls
    {
        type            calculated;
        value           nonuniform List<scalar> 
800
(
392.526
343.603
294.894
246.639
199.126
152.979
109.048
69.2054
40.8022
26.0052
12.2445
0.56801
-0.806658
-0.850275
-0.935487
-0.954836
-0.964253
-1.01104
-1.07996
-1.14455
392.404
343.431
294.612
246.15
198.3
151.552
106.46
64.6247
32.4299
13.4206
1.06079
-0.597834
-0.776465
-0.892688
-0.980676
-1.0115
-0.993314
-1.02143
-1.08587
-1.14784
392.138
343.084
294.087
245.312
196.963
149.359
102.973
59.9119
26.2628
5.44757
-0.458562
-0.547096
-0.731753
-0.888575
-0.983861
-1.02909
-1.0243
-1.04545
-1.09932
-1.15492
391.831
342.675
293.46
244.308
195.373
146.82
99.1064
54.7778
20.3279
1.45277
-0.564353
-0.595909
-0.748918
-0.892577
-0.963751
-1.00524
-1.02814
-1.06013
-1.10878
-1.16233
391.55
342.289
292.848
243.309
193.767
144.224
95.0964
49.4115
15.4099
-0.279539
-0.540246
-0.64221
-0.776983
-0.890512
-0.936691
-0.977888
-1.01922
-1.06359
-1.11425
-1.16821
391.347
341.984
292.332
242.424
192.291
141.754
90.9736
42.6542
9.86706
-0.499803
-0.567877
-0.685092
-0.801242
-0.882747
-0.921041
-0.964145
-1.01231
-1.06306
-1.11674
-1.17222
391.243
341.789
291.954
241.718
191.059
139.638
87.1788
36.9944
6.75078
-0.543352
-0.611631
-0.71645
-0.804946
-0.867532
-0.908104
-0.954465
-1.00607
-1.06068
-1.11712
-1.1745
391.23
341.702
291.722
241.212
190.133
137.986
84.073
33.0114
4.76779
-0.549134
-0.630416
-0.724856
-0.795943
-0.85239
-0.898953
-0.94693
-0.999723
-1.05707
-1.11595
-1.17516
391.274
341.694
291.608
240.896
189.51
136.758
81.7062
30.602
3.55906
-0.553736
-0.631229
-0.714699
-0.783061
-0.841427
-0.89339
-0.942189
-0.995019
-1.05314
-1.11374
-1.17433
391.336
341.727
291.58
240.749
189.168
135.975
80.1706
29.3565
2.64152
-0.592697
-0.634823
-0.704234
-0.772627
-0.8351
-0.890328
-0.939431
-0.992073
-1.05
-1.11099
-1.17216
392.636
343.714
295.005
246.752
199.243
153.103
109.186
69.368
41.0321
26.4156
12.5229
0.415054
-0.80561
-0.85206
-0.924836
-0.9438
-0.960656
-1.01455
-1.08227
-1.14388
392.516
343.544
294.725
246.264
198.417
151.677
106.602
64.7939
32.665
13.7392
1.12394
-0.642822
-0.792384
-0.901528
-0.997617
-1.00066
-0.984886
-1.02552
-1.0876
-1.14688
392.252
343.199
294.202
245.429
197.082
149.487
103.119
60.0642
26.4464
5.5465
-0.470717
-0.602866
-0.7559
-0.885168
-0.977343
-1.01294
-1.00848
-1.04497
-1.09685
-1.15211
391.949
342.794
293.579
244.428
195.496
146.954
99.2678
55.0129
20.6602
1.55999
-0.568314
-0.601631
-0.740317
-0.870068
-0.937589
-0.984292
-1.01321
-1.05425
-1.1038
-1.15709
391.673
342.412
292.971
243.434
193.897
144.368
95.2941
49.8852
16.0082
-0.248909
-0.560078
-0.598867
-0.723003
-0.862717
-0.914282
-0.961786
-1.00796
-1.05626
-1.10739
-1.16053
391.474
342.111
292.46
242.556
192.431
141.899
91.2077
43.4422
10.088
-0.515773
-0.570866
-0.621459
-0.735104
-0.864831
-0.911715
-0.953741
-1.00421
-1.05558
-1.10835
-1.16214
391.373
341.92
292.088
241.857
191.209
139.785
87.4846
37.8421
6.88802
-0.558126
-0.604964
-0.67753
-0.772767
-0.863787
-0.906562
-0.9488
-0.999815
-1.05296
-1.1072
-1.16194
391.363
341.836
291.859
241.357
190.29
138.152
84.4493
33.8052
4.90091
-0.555934
-0.620384
-0.70462
-0.782923
-0.852381
-0.897886
-0.942327
-0.99351
-1.0485
-1.10427
-1.16007
391.408
341.828
291.746
241.042
189.67
136.962
82.1239
31.2646
3.73354
-0.549224
-0.620705
-0.700772
-0.771178
-0.834782
-0.887561
-0.935372
-0.98702
-1.04291
-1.10012
-1.15684
391.467
341.858
291.713
240.89
189.327
136.197
80.5842
29.9576
3.02439
-0.555301
-0.613776
-0.684395
-0.755697
-0.821369
-0.879465
-0.929907
-0.982057
-1.03796
-1.09561
-1.15279
392.526
343.603
294.894
246.639
199.126
152.979
109.048
69.2054
40.8022
26.0052
12.2445
0.56801
-0.806658
-0.850275
-0.935487
-0.954836
-0.964253
-1.01104
-1.07996
-1.14455
392.398
343.425
294.605
246.142
198.289
151.536
106.431
64.5657
32.2855
12.9436
0.363092
-0.696488
-0.767051
-0.890741
-0.98375
-0.998778
-0.983396
-1.01657
-1.0834
-1.14703
392.121
343.067
294.068
245.291
196.937
149.325
102.922
59.8333
26.0876
5.27347
-0.574763
-0.630785
-0.755895
-0.885408
-0.98037
-1.02219
-1.01554
-1.04038
-1.09581
-1.15364
391.799
342.642
293.424
244.267
195.325
146.757
99.023
54.6257
19.9146
1.08981
-0.666512
-0.684304
-0.784662
-0.887681
-0.962206
-1.00741
-1.02336
-1.05621
-1.10646
-1.16146
391.497
342.234
292.789
243.242
193.687
144.124
94.9798
49.1931
15.0005
-0.382561
-0.608731
-0.719659
-0.802079
-0.872226
-0.924828
-0.976515
-1.01574
-1.06096
-1.11292
-1.16812
391.269
341.903
292.244
242.326
192.173
141.613
90.8019
42.3798
9.53979
-0.542136
-0.609449
-0.734411
-0.804646
-0.861602
-0.912846
-0.960735
-1.00939
-1.06151
-1.11658
-1.1733
391.136
341.678
291.835
241.584
190.901
139.458
86.9671
36.6853
6.46229
-0.559893
-0.624347
-0.730738
-0.79745
-0.850512
-0.899229
-0.950737
-1.0045
-1.06076
-1.11865
-1.17727
391.093
341.561
291.57
241.041
189.931
137.735
83.7838
32.7555
4.4635
-0.556397
-0.624685
-0.714614
-0.786792
-0.845391
-0.896213
-0.946895
-1.00111
-1.05962
-1.11984
-1.18023
391.109
341.522
291.424
240.691
189.265
136.428
81.4193
30.5346
3.26738
-0.556812
-0.616861
-0.700312
-0.779927
-0.84357
-0.897756
-0.947585
-1.00093
-1.05926
-1.1207
-1.18227
391.142
341.526
291.364
240.511
188.881
135.58
79.8444
29.2044
2.08992
-0.617807
-0.620192
-0.690294
-0.775331
-0.841097
-0.898024
-0.948635
-1.00158
-1.05983
-1.12142
-1.1833
391.155
341.539
291.377
240.523
188.889
135.568
79.8209
29.2453
2.07488
-0.617553
-0.620736
-0.688933
-0.773516
-0.840297
-0.897636
-0.948958
-1.00231
-1.06049
-1.12175
-1.18319
391.147
341.56
291.461
240.723
189.282
136.393
81.3799
30.6488
3.13724
-0.56367
-0.621169
-0.695851
-0.776327
-0.843157
-0.897855
-0.948748
-1.00267
-1.06069
-1.12127
-1.18169
391.151
341.618
291.625
241.089
189.961
137.71
83.7355
32.8912
4.31283
-0.557555
-0.623213
-0.704819
-0.783011
-0.844373
-0.89547
-0.947663
-1.00236
-1.06058
-1.11987
-1.17889
391.211
341.753
291.909
241.651
190.956
139.485
86.9679
36.8105
6.40181
-0.557727
-0.620989
-0.713446
-0.78721
-0.842982
-0.894708
-0.948091
-1.00345
-1.06009
-1.11751
-1.17496
391.357
341.991
292.332
242.411
192.255
141.698
90.933
42.6108
9.58515
-0.549371
-0.605287
-0.708186
-0.785626
-0.845412
-0.902148
-0.953436
-1.00506
-1.05876
-1.11411
-1.17018
391.595
342.332
292.887
243.341
193.788
144.234
95.1149
49.3867
15.0921
-0.359055
-0.604258
-0.702439
-0.777164
-0.853526
-0.91483
-0.964327
-1.00726
-1.05617
-1.10944
-1.16463
391.902
342.746
293.529
244.374
195.436
146.881
99.1689
54.8263
20.1418
1.36149
-0.638975
-0.699936
-0.774665
-0.873653
-0.95387
-0.987492
-1.00864
-1.05017
-1.10285
-1.15829
392.228
343.174
294.177
245.402
197.053
149.453
103.07
59.9972
26.3237
5.53024
-0.579425
-0.698171
-0.771665
-0.878169
-0.973208
-0.995336
-0.996471
-1.03546
-1.09418
-1.15159
392.507
343.535
294.716
246.254
198.405
151.663
106.583
64.7581
32.5532
13.2767
0.320372
-0.744502
-0.779379
-0.887357
-0.968632
-0.972188
-0.969261
-1.01666
-1.08447
-1.14597
392.636
343.714
295.005
246.752
199.243
153.103
109.186
69.368
41.0321
26.4156
12.5229
0.415054
-0.80561
-0.85206
-0.924836
-0.9438
-0.960656
-1.01455
-1.08227
-1.14388
)
;
    }
    upperSideWalls
    {
        type            calculated;
        value           nonuniform List<scalar> 
800
(
-1.20423
-1.26021
-1.31251
-1.36117
-1.40649
-1.44863
-1.48801
-1.52517
-1.56064
-1.59499
-1.62874
-1.6624
-1.69643
-1.73123
-1.7671
-1.80425
-1.84278
-1.88273
-1.92405
-1.96665
-1.20667
-1.26231
-1.31443
-1.36297
-1.40808
-1.44998
-1.48913
-1.52603
-1.56125
-1.59534
-1.62885
-1.66227
-1.6961
-1.73073
-1.76649
-1.80357
-1.84208
-1.88204
-1.92341
-1.96607
-1.21145
-1.26616
-1.3179
-1.3662
-1.41101
-1.45255
-1.49127
-1.52771
-1.56243
-1.59603
-1.62904
-1.66201
-1.69543
-1.72974
-1.76528
-1.80223
-1.8407
-1.8807
-1.92216
-1.96497
-1.21739
-1.27135
-1.32274
-1.37074
-1.41516
-1.45619
-1.4943
-1.53007
-1.56411
-1.597
-1.62931
-1.66163
-1.69447
-1.72831
-1.76353
-1.80029
-1.83871
-1.87878
-1.92037
-1.96338
-1.22314
-1.27702
-1.32835
-1.37616
-1.42016
-1.4606
-1.498
-1.53298
-1.56617
-1.5982
-1.62966
-1.66115
-1.69326
-1.72652
-1.76133
-1.79787
-1.83624
-1.87639
-1.91816
-1.96145
-1.228
-1.28246
-1.33411
-1.38189
-1.42555
-1.46539
-1.50205
-1.5362
-1.5685
-1.59958
-1.63007
-1.66062
-1.69189
-1.72448
-1.75882
-1.79512
-1.83345
-1.87371
-1.91568
-1.95933
-1.23162
-1.28706
-1.33936
-1.38731
-1.43074
-1.4701
-1.50611
-1.53955
-1.57095
-1.60108
-1.63057
-1.66013
-1.6905
-1.72238
-1.75623
-1.79229
-1.83059
-1.87098
-1.91317
-1.95717
-1.23369
-1.29024
-1.34337
-1.39164
-1.43508
-1.4742
-1.50977
-1.54254
-1.57333
-1.60264
-1.63119
-1.65977
-1.68926
-1.72044
-1.75382
-1.78965
-1.82794
-1.86847
-1.9109
-1.95517
-1.23398
-1.29148
-1.34549
-1.39419
-1.43793
-1.47718
-1.51271
-1.54527
-1.57556
-1.6042
-1.63193
-1.65966
-1.68836
-1.71892
-1.75189
-1.78753
-1.82581
-1.86646
-1.90911
-1.95354
-1.23233
-1.29036
-1.34517
-1.3944
-1.43879
-1.47861
-1.5145
-1.54718
-1.57732
-1.60558
-1.63276
-1.65987
-1.68798
-1.71806
-1.75072
-1.7862
-1.82445
-1.86517
-1.90796
-1.95249
-1.20221
-1.25746
-1.30981
-1.35935
-1.4061
-1.45011
-1.49152
-1.53054
-1.56748
-1.60276
-1.63688
-1.67039
-1.70386
-1.73782
-1.77272
-1.80888
-1.8465
-1.88564
-1.92627
-1.9683
-1.20415
-1.25895
-1.31112
-1.36061
-1.40736
-1.45137
-1.49274
-1.53167
-1.56847
-1.60354
-1.6374
-1.67063
-1.70382
-1.73752
-1.77222
-1.80824
-1.84581
-1.88493
-1.92559
-1.96767
-1.20745
-1.26144
-1.31334
-1.36281
-1.40962
-1.45369
-1.49506
-1.53387
-1.5704
-1.60508
-1.63844
-1.67111
-1.70373
-1.73693
-1.77123
-1.807
-1.84443
-1.88353
-1.92425
-1.96645
-1.21116
-1.26452
-1.31625
-1.36579
-1.41277
-1.45698
-1.49837
-1.53703
-1.57323
-1.60736
-1.63999
-1.67182
-1.7036
-1.73606
-1.76978
-1.80519
-1.84243
-1.88151
-1.92234
-1.96472
-1.21426
-1.26747
-1.3193
-1.36913
-1.41646
-1.46095
-1.50247
-1.54103
-1.57684
-1.61029
-1.64199
-1.67275
-1.70344
-1.73493
-1.76792
-1.80288
-1.8399
-1.87897
-1.91995
-1.96258
-1.21618
-1.2697
-1.32197
-1.37234
-1.42024
-1.46524
-1.50706
-1.54563
-1.58107
-1.61378
-1.6444
-1.67387
-1.70327
-1.73362
-1.76575
-1.80021
-1.83699
-1.87609
-1.91726
-1.96018
-1.21664
-1.27076
-1.32373
-1.3749
-1.42365
-1.46941
-1.51176
-1.5505
-1.58566
-1.61765
-1.6471
-1.67516
-1.70313
-1.73223
-1.76345
-1.79735
-1.83393
-1.87308
-1.91448
-1.95772
-1.21555
-1.27038
-1.32417
-1.37636
-1.42619
-1.47298
-1.51611
-1.55523
-1.59026
-1.62152
-1.64988
-1.67653
-1.70304
-1.7309
-1.76124
-1.79459
-1.83101
-1.87024
-1.91188
-1.95544
-1.21299
-1.2685
-1.32312
-1.37635
-1.42745
-1.47548
-1.51961
-1.5593
-1.5944
-1.62517
-1.65252
-1.67788
-1.70306
-1.72981
-1.75939
-1.79229
-1.82857
-1.86789
-1.90974
-1.95358
-1.20936
-1.26536
-1.32067
-1.37487
-1.42719
-1.47655
-1.52172
-1.56212
-1.59746
-1.62799
-1.65465
-1.67904
-1.70322
-1.72911
-1.75811
-1.79077
-1.82697
-1.86634
-1.90833
-1.95236
-1.20423
-1.26021
-1.31251
-1.36117
-1.40649
-1.44863
-1.48801
-1.52517
-1.56064
-1.59499
-1.62874
-1.6624
-1.69643
-1.73123
-1.7671
-1.80425
-1.84278
-1.88273
-1.92405
-1.96665
-1.20645
-1.26232
-1.31452
-1.36306
-1.40815
-1.45005
-1.48917
-1.52605
-1.56125
-1.59533
-1.62883
-1.66226
-1.69609
-1.73073
-1.76651
-1.80359
-1.84211
-1.88207
-1.92344
-1.96611
-1.21117
-1.26633
-1.31825
-1.36661
-1.41134
-1.45279
-1.49139
-1.52773
-1.5624
-1.59596
-1.62897
-1.66196
-1.69541
-1.72975
-1.76534
-1.80231
-1.84079
-1.88079
-1.92224
-1.96508
-1.21747
-1.27196
-1.32357
-1.37162
-1.41586
-1.45664
-1.49451
-1.53007
-1.56397
-1.5968
-1.62913
-1.66149
-1.69441
-1.72832
-1.76364
-1.80044
-1.83889
-1.87896
-1.92053
-1.96362
-1.22397
-1.27842
-1.32997
-1.37768
-1.42134
-1.46132
-1.49825
-1.53286
-1.56584
-1.59779
-1.62929
-1.66089
-1.69315
-1.72655
-1.76148
-1.79811
-1.83653
-1.87671
-1.9185
-1.96179
-1.23003
-1.28507
-1.33692
-1.38433
-1.42733
-1.46638
-1.50228
-1.53586
-1.56784
-1.59885
-1.62944
-1.6602
-1.69172
-1.72455
-1.75907
-1.7955
-1.83391
-1.87422
-1.91627
-1.95979
-1.23536
-1.29134
-1.34359
-1.39086
-1.43321
-1.47132
-1.5062
-1.53879
-1.56983
-1.59993
-1.62963
-1.65953
-1.69029
-1.72253
-1.75663
-1.79287
-1.83127
-1.87171
-1.91407
-1.95783
-1.23968
-1.29668
-1.3493
-1.39645
-1.43828
-1.47562
-1.50967
-1.54146
-1.57173
-1.60105
-1.62995
-1.65906
-1.6891
-1.72074
-1.75445
-1.7905
-1.8289
-1.86942
-1.91214
-1.95612
-1.2427
-1.30072
-1.35329
-1.40038
-1.44191
-1.47887
-1.51247
-1.54379
-1.57356
-1.60231
-1.63057
-1.659
-1.68841
-1.71952
-1.75289
-1.78877
-1.82714
-1.86776
-1.91067
-1.95484
-1.24392
-1.30191
-1.3548
-1.40212
-1.44386
-1.48093
-1.51456
-1.54578
-1.57533
-1.60373
-1.63156
-1.65952
-1.68845
-1.71917
-1.75224
-1.78796
-1.82628
-1.86692
-1.90989
-1.95416
-1.24334
-1.30106
-1.35392
-1.40159
-1.44393
-1.48162
-1.51573
-1.54725
-1.57692
-1.60531
-1.63299
-1.66072
-1.68939
-1.71987
-1.75275
-1.78831
-1.82652
-1.86712
-1.90994
-1.95421
-1.24084
-1.29757
-1.35054
-1.39866
-1.44182
-1.48049
-1.51552
-1.54777
-1.57796
-1.60669
-1.63458
-1.66242
-1.69112
-1.72159
-1.75437
-1.7898
-1.82786
-1.8683
-1.91086
-1.95501
-1.23684
-1.29262
-1.34531
-1.39375
-1.43776
-1.47756
-1.51376
-1.54707
-1.57813
-1.60757
-1.63604
-1.66435
-1.6934
-1.72405
-1.7569
-1.79225
-1.83012
-1.87032
-1.91254
-1.95647
-1.23162
-1.28662
-1.33886
-1.3876
-1.43234
-1.47323
-1.51066
-1.54516
-1.57733
-1.60776
-1.63711
-1.66619
-1.69585
-1.7269
-1.75996
-1.79531
-1.83301
-1.87293
-1.91477
-1.95844
-1.22588
-1.28015
-1.33209
-1.38093
-1.42629
-1.46813
-1.5067
-1.5424
-1.57574
-1.60728
-1.63769
-1.66771
-1.69815
-1.72977
-1.76314
-1.79858
-1.83618
-1.87585
-1.91738
-1.96057
-1.21982
-1.27376
-1.32555
-1.3745
-1.42032
-1.46293
-1.50246
-1.53923
-1.57369
-1.60635
-1.63783
-1.66885
-1.70013
-1.73237
-1.76613
-1.80173
-1.83927
-1.87873
-1.91997
-1.96272
-1.21376
-1.26782
-1.31966
-1.36878
-1.41497
-1.45817
-1.49847
-1.53613
-1.57155
-1.6052
-1.63767
-1.66961
-1.70169
-1.73455
-1.76869
-1.80447
-1.84202
-1.88133
-1.92232
-1.9648
-1.20825
-1.26282
-1.31484
-1.36418
-1.41065
-1.45427
-1.49514
-1.53348
-1.56965
-1.6041
-1.63737
-1.67007
-1.70282
-1.7362
-1.77069
-1.80664
-1.84421
-1.88343
-1.92424
-1.96649
-1.20419
-1.25932
-1.31156
-1.361
-1.40765
-1.45153
-1.49276
-1.53155
-1.56824
-1.60323
-1.63707
-1.6703
-1.70353
-1.73729
-1.77204
-1.80812
-1.84573
-1.88489
-1.92558
-1.96769
-1.20221
-1.25746
-1.30981
-1.35935
-1.4061
-1.45011
-1.49152
-1.53054
-1.56748
-1.60276
-1.63688
-1.67039
-1.70386
-1.73782
-1.77272
-1.80888
-1.8465
-1.88564
-1.92627
-1.9683
)
;
    }
    lowerWall
    {
        type            calculated;
        value           nonuniform List<scalar> 
200
(
417.051
416.923
416.646
416.324
416.022
415.794
415.661
415.618
415.634
415.667
415.68
415.672
415.676
415.736
415.882
416.12
416.427
416.753
417.032
417.161
416.929
416.823
416.572
416.297
416.072
415.947
415.939
416.026
416.149
416.246
416.26
416.191
416.088
416.019
416.04
416.173
416.404
416.681
416.934
417.041
416.663
416.583
416.366
416.149
416.009
415.997
416.126
416.36
416.614
416.805
416.821
416.659
416.427
416.212
416.095
416.115
416.259
416.479
416.696
416.777
416.356
416.324
416.164
416.041
416.04
416.208
416.548
417.003
417.445
417.743
417.761
417.493
417.075
416.639
416.311
416.15
416.155
416.281
416.441
416.474
416.075
416.119
416.045
416.061
416.263
416.7
417.366
418.143
418.786
419.172
419.19
418.834
418.22
417.463
416.809
416.378
416.179
416.166
416.24
416.198
415.872
416.019
416.058
416.254
416.725
417.54
418.633
419.807
420.695
421.24
421.266
420.742
419.883
418.733
417.653
416.843
416.376
416.183
416.145
415.999
415.768
416.039
416.216
416.623
417.419
418.66
420.245
421.884
423.01
423.274
423.254
423.033
421.944
420.335
418.77
417.537
416.747
416.345
416.169
415.898
415.755
416.156
416.482
417.112
418.23
419.864
421.918
423.987
425.064
425.314
425.223
425.037
424.01
421.999
419.964
418.346
417.237
416.613
416.289
415.888
415.799
416.308
416.764
417.584
418.903
420.78
423.096
425.106
426.425
420.845
419.92
426.501
425.109
423.189
420.878
419.015
417.709
416.895
416.441
415.933
415.861
416.435
416.987
417.921
419.336
421.384
423.475
425.408
421.797
416.084
415.23
422.583
425.382
423.643
421.495
419.454
418.048
417.116
416.568
415.992
)
;
    }
    atmosphere
    {
        type            calculated;
        value           nonuniform List<scalar> 0();
    }
    procBoundary0to1
    {
        type            processor;
        value           nonuniform List<scalar> 
800
(
391.373
341.766
291.62
240.79
189.207
135.967
80.1256
29.4293
2.4247
-0.611906
-0.636655
-0.697946
-0.767409
-0.831897
-0.887003
-0.936557
-0.989576
-1.04729
-1.10799
-1.16898
391.95
342.34
292.225
241.29
189.071
134.111
73.06
14.9671
-0.228689
-0.562787
-0.640351
-0.712629
-0.77558
-0.840037
-0.89592
-0.94384
-0.992335
-1.04911
-1.11
-1.17138
392.505
342.892
292.781
241.591
188.506
131.911
70.1049
12.3811
-0.517068
-0.565642
-0.634892
-0.710601
-0.762748
-0.819345
-0.875881
-0.932243
-0.988126
-1.04782
-1.11036
-1.17433
393.444
343.767
293.787
242.458
188.852
131.622
68.3842
10.4307
-0.431287
-0.540143
-0.632017
-0.70013
-0.752218
-0.807995
-0.862136
-0.918691
-0.979001
-1.04276
-1.10924
-1.17829
394.856
345.155
295.43
244.43
190.795
133.616
66.0595
6.00146
-0.368995
-0.507869
-0.609815
-0.681476
-0.731163
-0.784563
-0.841629
-0.9026
-0.967244
-1.03526
-1.1069
-1.18252
396.896
347.765
298.502
248.589
196.188
141.93
77.4555
7.44131
-0.280625
-0.543199
-0.642598
-0.690029
-0.711579
-0.745267
-0.805968
-0.873123
-0.943662
-1.01662
-1.09424
-1.17683
398.95
351.14
302.895
254.872
205.579
156.657
99.7263
25.6727
0.344302
-0.800669
-0.743531
-0.737527
-0.713437
-0.692057
-0.737244
-0.828114
-0.90956
-0.991937
-1.08342
-1.18324
400.747
354.698
307.921
262.01
217.011
174.057
124.709
59.3021
12.8105
-0.366233
-0.860962
-0.842724
-0.714995
-0.665564
-0.636178
-0.763068
-0.884153
-0.971265
-1.07729
-1.19536
402.998
360.53
314.892
270.481
229.299
190.877
145.403
86.552
34.9609
7.83698
6.60154
7.41438
1.87643
-0.765849
-0.727477
-0.910663
-0.947978
-0.960219
-1.09784
-1.20858
403.772
367.701
324.716
282.369
244.481
206.934
159.044
100.148
51.8366
25.2765
18.953
15.4597
8.7162
5.43158
9.14445
9.03501
5.14855
2.75543
3.89488
5.88082
402.889
367.189
324.153
282.075
245.058
207.966
159.062
99.7095
51.8652
25.9286
19.8313
20.7373
16.837
10.8845
8.43534
10.7334
13.596
15.8952
15.1656
14.5031
402.957
360.333
314.902
270.7
229.971
191.473
145.204
85.4862
33.5524
6.28501
3.7129
6.26633
7.96359
0.722726
-1.2342
-1.04964
-0.95381
-1.08287
-1.33553
-1.56291
400.634
354.666
307.858
262.011
217.128
174.134
124.032
57.8087
12.0369
-0.418575
-0.704076
-0.725755
-0.788797
-0.782537
-0.999234
-0.892939
-0.796934
-0.921227
-1.13046
-1.27976
399.091
351.256
303.016
254.875
205.456
156.342
98.5454
24.336
0.581204
-0.619159
-0.613204
-0.63535
-0.747025
-0.812924
-0.846359
-0.84879
-0.89449
-0.991148
-1.10186
-1.17375
396.995
347.837
298.604
248.601
196.052
141.586
76.1865
7.15284
-0.326489
-0.510838
-0.530153
-0.649685
-0.75788
-0.819505
-0.863465
-0.891824
-0.942574
-1.01613
-1.09301
-1.15297
394.97
345.254
295.564
244.523
190.787
133.358
65.2801
5.93981
-0.371877
-0.508781
-0.582962
-0.665869
-0.740116
-0.802178
-0.854743
-0.901882
-0.960758
-1.02595
-1.09075
-1.14991
393.565
343.875
293.887
242.532
188.848
131.411
67.897
10.2853
-0.421877
-0.537096
-0.61941
-0.69642
-0.75419
-0.811857
-0.862329
-0.913502
-0.970151
-1.03035
-1.0901
-1.14847
392.627
343.009
292.887
241.682
188.545
131.803
69.878
12.2898
-0.517816
-0.559236
-0.612061
-0.692334
-0.751476
-0.812759
-0.869822
-0.924034
-0.97779
-1.0342
-1.09199
-1.14927
392.076
342.465
292.348
241.409
189.167
134.167
73.3211
15.5354
-0.201341
-0.547602
-0.620145
-0.691958
-0.760141
-0.827823
-0.886004
-0.933916
-0.981357
-1.03559
-1.09261
-1.1493
391.497
341.888
291.743
240.918
189.345
136.151
80.4607
29.917
2.81449
-0.563093
-0.60968
-0.675468
-0.751194
-0.819008
-0.876322
-0.926334
-0.978524
-1.03403
-1.09141
-1.14857
-1.22902
-1.28701
-1.34179
-1.39207
-1.43741
-1.47813
-1.51476
-1.54795
-1.57831
-1.60657
-1.6336
-1.66045
-1.68828
-1.71812
-1.7506
-1.78597
-1.82416
-1.86487
-1.90767
-1.95217
-1.23261
-1.29202
-1.348
-1.39893
-1.44426
-1.48448
-1.52037
-1.55268
-1.58201
-1.609
-1.6345
-1.65972
-1.68609
-1.71495
-1.74695
-1.78226
-1.82073
-1.8619
-1.90523
-1.95022
-1.23879
-1.30172
-1.36085
-1.41379
-1.45915
-1.4981
-1.53228
-1.56275
-1.58999
-1.61434
-1.6365
-1.65805
-1.68109
-1.70788
-1.7388
-1.77417
-1.8134
-1.85567
-1.90018
-1.94624
-1.24854
-1.31795
-1.38329
-1.44004
-1.48442
-1.52052
-1.55171
-1.57942
-1.60364
-1.62393
-1.64035
-1.65508
-1.6721
-1.69476
-1.72433
-1.76029
-1.80125
-1.84568
-1.8923
-1.94021
-1.26116
-1.3406
-1.41437
-1.4763
-1.52115
-1.55347
-1.58026
-1.6045
-1.62548
-1.64092
-1.64825
-1.65099
-1.65633
-1.67239
-1.70055
-1.73854
-1.78308
-1.83138
-1.88147
-1.93222
-1.26632
-1.36323
-1.45616
-1.5284
-1.58768
-1.60926
-1.62494
-1.6432
-1.66151
-1.67265
-1.66499
-1.64559
-1.6289
-1.63474
-1.66272
-1.70613
-1.7577
-1.81253
-1.86787
-1.92255
-1.29196
-1.42742
-1.58765
-1.71223
-1.74828
-1.71114
-1.69773
-1.70848
-1.73001
-1.74407
-1.72416
-1.65218
-1.58261
-1.56826
-1.59961
-1.65601
-1.72176
-1.78814
-1.85155
-1.91196
-1.29833
-1.43059
-1.66173
-1.84939
-1.88185
-1.8372
-1.8052
-1.7984
-1.82639
-1.88865
-1.89695
-1.73589
-1.52051
-1.43686
-1.48117
-1.57391
-1.67081
-1.75744
-1.83216
-1.89897
-1.11264
-1.26753
-1.70365
-2.07568
-2.27303
-2.27352
-2.05355
-1.90453
-1.90185
-2.09259
-2.22913
-1.97152
-1.33155
-1.05853
-1.23448
-1.44182
-1.602
-1.71941
-1.81211
-1.888
4.59681
0.995723
-1.30281
-1.83023
-1.93444
-1.87589
-0.561453
0.139343
-1.24074
-2.49893
-3.20171
-2.60054
-0.258666
-0.0975628
-0.763633
-1.25683
-1.5229
-1.68494
-1.79543
-1.87999
16.6469
17.4228
5.94066
-1.52647
-1.98089
1.89558
2.11673
1.38262
2.03688
3.013
0.929786
-2.122
0.351586
0.519171
-0.352219
-1.12576
-1.48264
-1.67082
-1.78999
-1.87765
-1.51122
-0.253973
-0.281575
-1.0701
-1.6615
-2.13277
-2.44091
-2.41857
-2.4855
-2.78461
-3.44041
-2.83896
-0.361348
-0.151365
-0.786811
-1.27311
-1.53761
-1.69505
-1.80181
-1.88381
-1.29239
-1.08843
-1.00841
-1.26914
-1.60764
-1.8522
-1.99112
-2.07506
-2.18154
-2.37797
-2.51974
-2.19482
-1.52718
-1.14599
-1.29593
-1.48195
-1.62713
-1.73701
-1.82321
-1.89563
-1.17905
-1.18075
-1.2244
-1.35906
-1.5364
-1.69487
-1.8066
-1.8812
-1.9561
-2.0257
-2.0203
-1.84982
-1.64695
-1.51937
-1.54233
-1.6154
-1.69712
-1.77409
-1.84395
-1.90775
-1.19256
-1.23355
-1.29243
-1.37899
-1.48101
-1.57679
-1.64661
-1.71748
-1.77484
-1.80582
-1.7916
-1.72291
-1.65368
-1.62426
-1.64212
-1.68668
-1.74304
-1.80265
-1.86167
-1.91886
-1.20412
-1.25842
-1.31966
-1.39145
-1.46884
-1.54414
-1.61378
-1.66517
-1.70237
-1.722
-1.71914
-1.69742
-1.6761
-1.67381
-1.69352
-1.72922
-1.77461
-1.82481
-1.87677
-1.92902
-1.20511
-1.26208
-1.32196
-1.3855
-1.45044
-1.51303
-1.57036
-1.61801
-1.6538
-1.67702
-1.68771
-1.68961
-1.69153
-1.70256
-1.72522
-1.7578
-1.79768
-1.84222
-1.88943
-1.93804
-1.20605
-1.26299
-1.32085
-1.37952
-1.43765
-1.49294
-1.54402
-1.58773
-1.62322
-1.65023
-1.66968
-1.68439
-1.69897
-1.71787
-1.74371
-1.7757
-1.81308
-1.85455
-1.89885
-1.94502
-1.20577
-1.26223
-1.31869
-1.37476
-1.42949
-1.48164
-1.52895
-1.57071
-1.6063
-1.63575
-1.66005
-1.6813
-1.70231
-1.72579
-1.75346
-1.78586
-1.82225
-1.8622
-1.90491
-1.94964
-1.2052
-1.26144
-1.31717
-1.37205
-1.42528
-1.4759
-1.52194
-1.56304
-1.5988
-1.62942
-1.65587
-1.67988
-1.70362
-1.72913
-1.75784
-1.79035
-1.82648
-1.86584
-1.90786
-1.95192
)
;
    }
    procBoundary0to2
    {
        type            processor;
        value           nonuniform List<scalar> 
200
(
-2.01039
-2.0099
-2.00892
-2.00754
-2.00586
-2.00401
-2.00215
-2.00044
-1.99908
-1.9982
-2.00993
-2.00938
-2.00834
-2.00686
-2.00504
-2.00304
-2.00102
-1.99914
-1.99766
-1.99669
-2.00902
-2.0084
-2.00722
-2.00553
-2.00346
-2.00114
-1.9988
-1.9966
-1.99488
-1.99368
-2.00773
-2.00701
-2.00562
-2.00364
-2.00117
-1.99839
-1.99556
-1.99284
-1.99076
-1.98921
-2.00616
-2.00532
-2.00367
-2.0013
-1.99833
-1.99493
-1.99145
-1.98808
-1.98545
-1.98354
-2.00446
-2.00347
-2.00152
-1.99869
-1.99511
-1.99093
-1.98664
-1.98232
-1.97887
-1.97673
-2.0028
-2.00165
-1.99938
-1.99606
-1.99184
-1.98679
-1.98171
-1.97632
-1.9723
-1.96958
-2.00133
-2.00003
-1.99744
-1.99364
-1.98888
-1.9826
-1.97664
-1.97044
-1.96575
-1.96219
-2.00026
-1.99884
-1.99599
-1.99175
-1.98636
-1.97954
-1.97276
-1.96573
-1.95972
-1.95556
-1.99967
-1.99814
-1.99516
-1.99065
-1.98499
-1.97758
-1.97035
-1.96264
-1.95562
-1.95081
-1.99972
-1.99819
-1.99515
-1.99057
-1.98476
-1.97736
-1.96991
-1.96161
-1.95461
-1.94995
-2.00038
-1.9989
-1.99596
-1.99158
-1.98602
-1.97885
-1.97186
-1.96441
-1.95888
-1.95529
-2.00159
-2.00021
-1.99748
-1.99345
-1.98824
-1.98191
-1.97564
-1.9687
-1.96476
-1.96172
-2.00321
-2.00197
-1.99953
-1.99595
-1.99136
-1.98599
-1.98043
-1.97489
-1.97074
-1.96825
-2.00505
-2.00397
-2.00185
-1.99877
-1.99484
-1.99029
-1.98549
-1.98088
-1.97726
-1.97513
-2.00696
-2.006
-2.0042
-2.0016
-1.99832
-1.99456
-1.99063
-1.9869
-1.9838
-1.98175
-2.00865
-2.00786
-2.00635
-2.00417
-2.00143
-1.99833
-1.99513
-1.9921
-1.98961
-1.98794
-2.01006
-2.0094
-2.00811
-2.00626
-2.00396
-2.00137
-1.99872
-1.99625
-1.99422
-1.99288
-2.01105
-2.01048
-2.00934
-2.00771
-2.00571
-2.00347
-2.00119
-1.99908
-1.99736
-1.99622
-2.01159
-2.01102
-2.00992
-2.00842
-2.00658
-2.00453
-2.00244
-2.00051
-1.99894
-1.9979
)
;
    }
}


// ************************************************************************* //
