/*--------------------------------*- C++ -*----------------------------------*\
| =========                 |                                                 |
| \\      /  F ield         | OpenFOAM: The Open Source CFD Toolbox           |
|  \\    /   O peration     | Version:  2312                                  |
|   \\  /    A nd           | Website:  www.openfoam.com                      |
|    \\/     M anipulation  |                                                 |
\*---------------------------------------------------------------------------*/
FoamFile
{
    version     2.0;
    format      ascii;
    arch        "LSB;label=32;scalar=64";
    class       volScalarField;
    location    "0.67";
    object      p;
}
// * * * * * * * * * * * * * * * * * * * * * * * * * * * * * * * * * * * * * //

dimensions      [1 -1 -2 0 0 0 0];

internalField   nonuniform List<scalar> 
8000
(
371.464
371.74
372.439
373.557
374.957
376.502
378.025
379.375
380.405
381.026
321.553
321.768
322.521
323.754
325.31
327.037
328.748
330.26
331.409
332.085
270.456
270.56
271.454
272.991
274.951
277.118
279.249
281.113
282.506
283.307
217.944
217.834
218.852
220.921
223.62
226.551
229.428
231.928
233.788
234.84
164.828
164.025
164.321
166.749
170.684
175.051
179.283
182.833
185.336
186.793
112.581
110.374
108.035
110.003
114.806
121.155
127.638
132.751
136.341
138.638
57.3883
50.9574
44.6002
45.7763
53.26
63.8629
73.9444
81.4986
86.4926
89.4969
14.0047
8.91481
6.21023
6.2888
8.07887
15.2546
26.3818
34.7215
38.7952
41.0354
1.72214
1.16572
0.600218
0.253701
-0.0318013
0.20382
2.18356
5.75152
9.16612
9.88977
0.248502
-0.0830167
-0.336735
-0.497866
-0.556941
-0.548596
-0.511154
-0.475003
-0.431946
-0.288909
-0.354839
-0.539829
-0.637484
-0.704699
-0.728188
-0.729787
-0.722557
-0.706856
-0.70876
-0.762055
-0.564833
-0.676061
-0.732933
-0.779708
-0.809536
-0.822092
-0.839648
-0.859547
-0.895912
-0.945487
-0.653869
-0.715399
-0.774445
-0.823753
-0.860653
-0.887368
-0.914931
-0.94681
-0.985882
-1.02966
-0.735203
-0.763937
-0.811735
-0.859468
-0.899156
-0.934657
-0.96975
-1.00131
-1.0324
-1.06256
-0.813623
-0.82809
-0.859206
-0.897247
-0.934586
-0.969409
-1.00356
-1.03395
-1.0622
-1.08905
-0.882303
-0.89218
-0.911909
-0.939179
-0.969717
-0.999797
-1.0281
-1.05438
-1.08025
-1.10652
-0.947324
-0.951099
-0.963512
-0.98234
-1.00457
-1.02801
-1.04898
-1.06714
-1.08571
-1.10704
-1.00617
-1.00468
-1.01175
-1.02356
-1.03809
-1.05476
-1.06876
-1.07731
-1.08684
-1.09945
-1.05365
-1.05363
-1.05615
-1.06339
-1.07102
-1.08058
-1.0879
-1.09116
-1.09349
-1.09742
-1.09668
-1.09744
-1.09843
-1.10197
-1.10464
-1.10822
-1.11053
-1.10973
-1.1067
-1.10331
371.739
372.01
372.722
373.864
375.285
376.834
378.347
379.677
380.681
381.28
321.755
321.965
322.757
324.042
325.643
327.386
329.084
330.564
331.673
332.32
270.521
270.727
271.694
273.286
275.318
277.504
279.607
281.413
282.729
283.469
217.777
217.787
219.133
221.268
224.099
227.045
229.833
232.195
233.866
234.784
163.978
163.674
164.68
167.274
171.412
175.769
179.787
183.027
185.198
186.426
110.428
110.227
108.676
110.917
116.267
122.593
128.6
133.213
136.271
138.135
51.1095
50.2264
46.9857
49.0983
56.5384
66.4925
75.5767
82.4473
86.9437
89.4516
8.55267
8.02871
6.61436
6.9145
9.47859
17.9141
27.6233
34.5285
38.2772
40.3759
0.931419
0.622424
0.15556
-0.143702
-0.176677
0.376228
2.22133
5.43977
8.82256
11.1279
-0.157196
-0.329465
-0.511264
-0.624368
-0.650048
-0.632175
-0.576371
-0.551503
-0.612054
-0.726338
-0.548172
-0.666283
-0.730592
-0.786635
-0.81015
-0.808193
-0.793875
-0.803775
-0.872674
-0.974584
-0.621145
-0.742149
-0.773451
-0.826345
-0.864372
-0.885509
-0.89952
-0.938861
-1.00859
-1.0846
-0.656597
-0.735941
-0.780001
-0.834357
-0.883347
-0.92468
-0.963648
-1.00636
-1.05412
-1.09956
-0.721711
-0.75561
-0.801254
-0.854377
-0.90306
-0.950346
-0.9997
-1.04421
-1.07959
-1.1161
-0.799222
-0.813683
-0.848759
-0.892882
-0.934444
-0.97593
-1.02039
-1.05893
-1.08928
-1.12486
-0.874477
-0.884481
-0.908695
-0.94011
-0.971728
-1.00381
-1.03868
-1.06915
-1.09396
-1.12707
-0.946725
-0.95154
-0.965968
-0.986296
-1.00886
-1.03231
-1.0582
-1.08213
-1.10142
-1.12702
-1.00683
-1.00889
-1.01488
-1.0274
-1.04238
-1.05923
-1.07589
-1.09102
-1.10292
-1.11676
-1.05564
-1.05724
-1.05822
-1.06531
-1.07361
-1.08455
-1.0924
-1.09788
-1.10076
-1.10356
-1.0986
-1.09957
-1.09926
-1.10252
-1.10542
-1.1103
-1.11219
-1.1108
-1.10654
-1.10131
372.445
372.728
373.454
374.604
376.02
377.544
379.02
380.296
381.243
381.799
322.508
322.754
323.559
324.852
326.452
328.173
329.819
331.228
332.259
332.845
271.391
271.662
272.657
274.262
276.295
278.443
280.463
282.153
283.347
283.987
218.705
219.048
220.487
222.644
225.401
228.253
230.901
233.051
234.528
235.29
164.048
164.509
166.391
169.306
173.35
177.47
181.114
184.005
185.941
186.9
107.612
108.421
110.523
113.923
119.405
125.338
130.616
134.639
137.318
138.8
43.9652
46.5119
49.2419
53.9641
62.0958
71.0628
78.7941
84.7307
88.5571
90.4921
5.47182
6.18009
6.84016
8.334
13.2768
22.3696
30.0993
36.525
40.8848
43.7671
0.364453
0.120738
-0.262266
-0.39203
-0.102578
0.834812
2.93063
6.75098
10.2273
12.3166
-0.400337
-0.514115
-0.641484
-0.712178
-0.718703
-0.679436
-0.638851
-0.655591
-0.78972
-0.978405
-0.650673
-0.730342
-0.777194
-0.829502
-0.842861
-0.83282
-0.827864
-0.872627
-1.00527
-1.14405
-0.683147
-0.764962
-0.803561
-0.853783
-0.881312
-0.892997
-0.919184
-0.980563
-1.07768
-1.18715
-0.701036
-0.754394
-0.797435
-0.850435
-0.893765
-0.92705
-0.970712
-1.02794
-1.08701
-1.15039
-0.752039
-0.773807
-0.814292
-0.865225
-0.910661
-0.951542
-0.997293
-1.04436
-1.08847
-1.14494
-0.818048
-0.828729
-0.861263
-0.902941
-0.941551
-0.978053
-1.01666
-1.05605
-1.09479
-1.14607
-0.88477
-0.89435
-0.918719
-0.949206
-0.978975
-1.00796
-1.03786
-1.06665
-1.09578
-1.13822
-0.947975
-0.955439
-0.972786
-0.993674
-1.0156
-1.03776
-1.0595
-1.07779
-1.09513
-1.12427
-1.00795
-1.00951
-1.0205
-1.03319
-1.04842
-1.06432
-1.07809
-1.08744
-1.09413
-1.10886
-1.0602
-1.06128
-1.06393
-1.07
-1.079
-1.08866
-1.09534
-1.09729
-1.09512
-1.09615
-1.10598
-1.10673
-1.10446
-1.1059
-1.10909
-1.11308
-1.11471
-1.11118
-1.10271
-1.09348
373.585
373.895
374.629
375.765
377.145
378.615
380.008
381.187
382.034
382.539
323.759
324.058
324.873
326.15
327.707
329.353
330.902
332.189
333.09
333.587
272.932
273.258
274.271
275.873
277.844
279.883
281.748
283.249
284.247
284.74
220.724
221.141
222.613
224.786
227.435
230.1
232.509
234.347
235.51
236.038
166.284
166.944
169.196
172.405
176.268
180.029
183.199
185.547
186.953
187.54
109.205
110.279
113.68
118.299
123.817
129.168
133.589
136.667
138.46
139.134
43.9515
47.659
53.3684
60.6765
69.178
76.9504
83.126
87.6432
90.2323
91.1831
5.29644
6.06969
7.95559
13.0952
20.8249
28.4134
34.6997
40.5973
44.51
46.2147
0.0843094
-0.178946
-0.416431
-0.175166
0.889471
2.26867
4.89027
8.57495
10.7275
10.6668
-0.551628
-0.643822
-0.731384
-0.782615
-0.761919
-0.72065
-0.717044
-0.740147
-0.796131
-0.693853
-0.716615
-0.772487
-0.822099
-0.864527
-0.856286
-0.82971
-0.825942
-0.854864
-0.974063
-1.02333
-0.729278
-0.775506
-0.820506
-0.8676
-0.885704
-0.889349
-0.913858
-0.958538
-1.04624
-1.15079
-0.744295
-0.771782
-0.811866
-0.861511
-0.900876
-0.930594
-0.976147
-1.03361
-1.093
-1.15459
-0.78633
-0.800176
-0.833317
-0.879695
-0.924858
-0.965084
-1.01471
-1.07084
-1.11629
-1.15369
-0.841107
-0.851752
-0.878698
-0.918082
-0.960154
-0.999507
-1.04155
-1.0863
-1.12058
-1.15424
-0.900803
-0.91102
-0.932089
-0.962144
-0.996679
-1.02992
-1.06183
-1.09206
-1.11401
-1.14778
-0.959668
-0.968126
-0.983774
-1.00506
-1.02994
-1.05478
-1.07682
-1.09356
-1.10465
-1.13082
-1.01375
-1.02008
-1.03164
-1.04573
-1.06126
-1.07714
-1.08977
-1.096
-1.09743
-1.11017
-1.06334
-1.06756
-1.07557
-1.08483
-1.09187
-1.09928
-1.10424
-1.10331
-1.0968
-1.0981
-1.10862
-1.1102
-1.11503
-1.12002
-1.12112
-1.12213
-1.12187
-1.1165
-1.10502
-1.09545
375.025
375.361
376.099
377.203
378.526
379.919
381.211
382.277
383.033
383.48
325.358
325.708
326.532
327.773
329.264
330.814
332.231
333.37
334.118
334.546
274.934
275.344
276.373
277.928
279.789
281.674
283.346
284.618
285.404
285.778
223.447
224.02
225.454
227.54
230.028
232.483
234.564
236.018
236.816
237.12
170.164
171.08
173.316
176.405
179.962
183.298
185.973
187.67
188.423
188.556
113.763
115.465
119.161
123.953
129.203
133.943
137.484
139.461
140.048
139.555
50.5654
54.5604
61.4032
69.4195
77.4623
83.982
88.7489
91.4709
91.9409
90.8594
6.58419
8.08964
12.635
21.2813
30.1076
36.9116
42.3296
46.2022
46.7895
44.8855
-0.159682
-0.324466
-0.197738
1.05822
3.56015
6.45577
8.67661
10.0092
10.1528
9.15958
-0.601907
-0.691507
-0.762785
-0.801845
-0.783864
-0.772961
-0.737679
-0.536176
-0.219492
0.49998
-0.724001
-0.776565
-0.830353
-0.854782
-0.840898
-0.833161
-0.823958
-0.788139
-0.782893
-0.511914
-0.741571
-0.776229
-0.818202
-0.852461
-0.868913
-0.877013
-0.898503
-0.916385
-0.992073
-0.983691
-0.761717
-0.782786
-0.814444
-0.855797
-0.895421
-0.928004
-0.976121
-1.04048
-1.11329
-1.14647
-0.802259
-0.8179
-0.84277
-0.883822
-0.934374
-0.979982
-1.03718
-1.11147
-1.16889
-1.19966
-0.853164
-0.869149
-0.890789
-0.926702
-0.976625
-1.02564
-1.0778
-1.14409
-1.1816
-1.20655
-0.909549
-0.924139
-0.943419
-0.973338
-1.01463
-1.05702
-1.0968
-1.13801
-1.15939
-1.18021
-0.966008
-0.977084
-0.994105
-1.01846
-1.04915
-1.08037
-1.10622
-1.12431
-1.13188
-1.14072
-1.02056
-1.02896
-1.04288
-1.05993
-1.08071
-1.10029
-1.11184
-1.11363
-1.10961
-1.10636
-1.0733
-1.07875
-1.08933
-1.10009
-1.11058
-1.11781
-1.11854
-1.11178
-1.10042
-1.08791
-1.12021
-1.12204
-1.12898
-1.1343
-1.13669
-1.13576
-1.13137
-1.12178
-1.10669
-1.08311
376.627
376.973
377.697
378.76
380.016
381.324
382.514
383.461
384.192
384.6
327.151
327.525
328.348
329.529
330.939
332.382
333.679
334.699
335.393
335.75
277.183
277.631
278.649
280.124
281.861
283.597
285.095
286.166
286.798
287.023
226.485
227.103
228.493
230.437
232.783
235.018
236.818
237.949
238.43
238.282
174.658
175.63
177.735
180.601
183.811
186.795
189.061
190.258
190.293
189.381
120.028
121.902
125.474
129.942
134.752
138.913
141.8
142.831
141.905
141.477
60.9042
64.6707
71.0173
78.2526
85.3579
91.1415
95.0525
95.9456
93.6214
92.1074
11.0768
14.9418
21.9871
30.9913
39.4801
46.4432
51.1916
52.3497
49.2414
46.4431
-0.0575207
-0.0317746
0.857291
3.42326
8.47482
12.6102
14
13.6195
12.2476
9.75818
-0.582544
-0.692999
-0.744641
-0.791418
-0.779851
-0.698664
-0.392587
0.0988438
0.342649
1.15638
-0.702346
-0.766971
-0.807634
-0.825557
-0.83035
-0.828756
-0.833829
-0.8595
-0.669293
-0.108073
-0.722043
-0.762859
-0.79637
-0.823825
-0.847279
-0.868555
-0.919215
-0.974768
-1.08394
-0.949627
-0.752612
-0.778692
-0.805196
-0.838759
-0.87937
-0.926713
-0.998003
-1.04841
-1.26507
-1.18401
-0.801031
-0.823902
-0.848202
-0.884963
-0.940263
-1.00532
-1.08922
-1.18335
-1.28606
-1.27203
-0.860371
-0.882092
-0.906639
-0.942211
-0.993205
-1.05934
-1.13819
-1.23164
-1.2635
-1.25949
-0.920272
-0.939895
-0.961595
-0.993229
-1.02991
-1.08164
-1.1427
-1.21044
-1.21643
-1.22009
-0.977915
-0.995198
-1.01336
-1.03558
-1.06833
-1.11012
-1.14745
-1.17114
-1.16857
-1.17186
-1.03213
-1.05037
-1.06196
-1.07655
-1.10661
-1.13681
-1.14651
-1.14402
-1.13063
-1.12735
-1.08535
-1.10268
-1.11621
-1.1303
-1.14057
-1.1474
-1.14325
-1.13298
-1.11396
-1.1022
-1.13124
-1.1411
-1.15055
-1.1591
-1.15765
-1.15313
-1.14696
-1.13682
-1.11724
-1.09356
378.212
378.554
379.256
380.252
381.426
382.645
383.766
384.73
385.301
385.708
328.937
329.309
330.1
331.208
332.512
333.846
335.048
335.998
336.592
336.923
279.421
279.858
280.83
282.193
283.782
285.363
286.729
287.693
288.151
288.564
229.524
230.075
231.401
233.201
235.296
237.296
238.899
239.867
239.94
240.313
179.15
179.996
181.809
184.309
187.226
189.912
191.9
192.47
191.82
192.079
126.951
128.447
131.458
135.298
139.585
143.353
145.924
145.567
144.286
143.877
72.1168
74.699
79.8164
85.8923
92.2696
97.8896
101.36
100.369
98.6997
98.6411
22.0385
25.5981
31.8168
39.5793
48.0768
55.6351
60.2945
60.6446
58.5785
55.8112
0.955562
1.44072
3.1711
7.68871
14.5233
20.1677
23.8471
22.636
19.7051
20.9953
-0.572859
-0.649763
-0.705937
-0.747554
-0.496158
0.426029
1.22282
0.336299
0.822528
1.11382
-0.688258
-0.755938
-0.768108
-0.786952
-0.793307
-0.739114
-0.881747
-1.66485
-0.796677
0.527896
-0.705282
-0.764821
-0.768813
-0.788639
-0.807095
-0.819561
-0.987362
-0.947315
-1.02723
-0.552508
-0.743454
-0.777745
-0.784807
-0.813184
-0.846545
-0.847992
-0.941832
-1.18498
-1.36394
-1.10234
-0.794848
-0.816338
-0.838821
-0.872754
-0.925782
-1.02597
-1.17946
-1.30482
-1.42257
-1.29229
-0.859431
-0.8802
-0.912056
-0.968227
-1.04823
-1.12389
-1.18596
-1.33147
-1.37141
-1.27095
-0.925837
-0.951646
-0.976682
-1.02969
-1.06796
-1.11289
-1.19113
-1.30339
-1.27698
-1.20766
-0.990596
-1.01948
-1.03173
-1.04969
-1.09775
-1.15712
-1.20884
-1.22281
-1.19796
-1.18315
-1.04999
-1.08556
-1.07467
-1.09162
-1.17263
-1.22063
-1.20128
-1.17946
-1.1525
-1.17876
-1.10844
-1.14374
-1.15667
-1.1889
-1.2075
-1.19894
-1.17897
-1.15955
-1.13471
-1.14324
-1.15138
-1.17983
-1.19515
-1.20522
-1.19109
-1.17443
-1.16669
-1.15369
-1.13795
-1.12658
379.598
379.927
380.59
381.506
382.587
383.731
384.797
385.743
386.393
386.816
330.502
330.855
331.591
332.602
333.787
335.032
336.196
337.159
337.811
338.293
281.379
281.774
282.66
283.874
285.287
286.713
288.147
289.094
289.647
290.309
232.185
232.644
233.792
235.355
237.185
238.979
240.543
241.506
241.776
242.635
182.971
183.548
185.077
187.174
189.719
192.194
193.925
195.166
194.816
195.852
132.609
133.66
136.077
139.214
142.98
146.429
148.34
148.783
149.861
150.245
80.5339
82.4502
86.6023
91.59
97.3544
102.73
105.395
103.699
105.269
104.784
33.1053
34.4959
39.6136
46.2987
54.4442
62.8239
66.1645
65.1629
67.2461
62.1403
4.65846
4.45085
7.21756
12.2948
18.8129
26.1902
29.6717
29.7502
29.4866
26.3899
-0.521105
-0.568725
-0.631235
-0.678397
0.001631
2.73529
5.61626
8.53602
9.85563
8.34189
-0.650311
-0.701492
-0.708373
-0.726771
-0.701798
-0.585361
-0.433218
4.95695
2.51884
1.83179
-0.692725
-0.754623
-0.727018
-0.741603
-0.754871
-0.87833
0.179209
-0.385912
0.0580291
0.428377
-0.739917
-0.77557
-0.759893
-0.777309
-0.8313
-0.673042
-0.846145
-0.984927
-0.991723
-0.602576
-0.791253
-0.810862
-0.817536
-0.833611
-0.739297
-0.821645
-1.35502
-1.24474
-1.26224
-1.05969
-0.85521
-0.87431
-0.888646
-0.959177
-0.970279
-1.09558
-1.23189
-1.34542
-1.22735
-1.23493
-0.914799
-0.955584
-0.963285
-1.01911
-1.01291
-0.979587
-1.24159
-1.36461
-1.23907
-1.20819
-0.988657
-1.01949
-1.00368
-1.00533
-1.03761
-1.0091
-1.27496
-1.27513
-1.21776
-1.19026
-1.04951
-1.10116
-1.06671
-0.687838
-0.760748
-1.27946
-1.23836
-1.21809
-1.18411
-1.16772
-1.12805
-1.177
-1.14939
-1.17313
-1.2489
-1.20725
-1.20164
-1.18406
-1.16403
-1.14927
-1.17898
-1.22148
-1.25107
-1.24526
-1.22104
-1.1798
-1.18308
-1.16704
-1.16219
-1.14399
380.613
380.923
381.539
382.368
383.352
384.465
385.477
386.445
387.165
387.75
331.655
331.973
332.646
333.541
334.587
335.811
336.899
337.91
338.705
339.289
282.81
283.137
283.92
284.963
286.156
287.614
288.781
289.844
290.679
291.579
234.134
234.419
235.387
236.679
238.204
239.912
241.072
242.053
242.828
244.057
185.649
185.933
187.173
188.805
190.788
192.82
194.148
195.389
196.274
198.096
136.395
137.124
139.022
141.362
144.198
146.751
149.748
151.903
153.329
153.996
86.0141
87.5779
90.8361
94.5113
99.1513
104.198
107.978
110.285
110.82
110.297
38.6445
39.8902
44.2346
49.3907
56.7117
67.0351
70.5681
71.081
70.6471
71.5189
8.45704
8.01858
10.9037
13.5412
18.4529
29.8103
35.2872
35.9855
35.6578
33.8691
-0.43916
-0.47025
-0.493895
-0.498861
0.150485
3.68368
15.508
18.7511
18.7275
22.0639
-0.581934
-0.61018
-0.61477
-0.627646
-0.524442
-0.533071
8.7791
24.9284
11.433
5.89024
-0.663581
-0.695641
-0.673819
-0.686974
-0.678662
-0.312398
2.23039
1.29825
2.1814
2.55954
-0.726451
-0.744864
-0.727632
-0.735019
-0.822907
0.577606
-0.43893
-0.48132
0.0835222
0.169958
-0.778517
-0.800257
-0.784088
-0.788343
-0.717428
0.524595
-1.01388
-0.931975
-0.721476
-0.912069
-0.838654
-0.859715
-0.84039
-0.904231
-0.504031
0.302893
-1.11358
-1.18209
-0.977493
-1.12816
-0.869299
-0.925761
-0.917751
-0.951559
-0.0210949
-0.748108
-1.27349
-1.26291
-1.11245
-1.14177
-0.939718
-0.982988
-1.04138
-0.256286
-0.288228
-0.963797
-1.23866
-1.16879
-1.15586
-1.14917
-1.00752
-1.05785
-0.211227
-0.169782
-0.741486
-1.21683
-1.20271
-1.17907
-1.15608
-1.15166
-1.12171
-1.24642
-1.28886
-1.23267
-1.21224
-1.1884
-1.20267
-1.18943
-1.15891
-1.15454
-1.18107
-1.25183
-1.25185
-1.21472
-1.18277
-1.16106
-1.19129
-1.1922
-1.1633
-1.16264
381.143
381.433
382.009
382.768
383.725
384.772
385.792
386.786
387.648
388.371
332.253
332.541
333.158
333.96
334.954
336.074
337.169
338.303
339.28
340.31
283.554
283.816
284.507
285.408
286.509
287.801
289.06
290.534
291.643
292.808
235.155
235.291
236.098
237.138
238.39
239.701
241.217
242.964
244.471
246.25
187.095
187.114
188.105
189.257
190.62
192.096
194.405
197.147
198.863
201.318
138.582
138.963
140.285
141.726
143.534
146.668
150.643
152.036
155.638
157.837
89.0995
90.2278
92.3176
94.5007
98.0326
105.245
110.461
109.742
111.943
114.906
41.8104
43.0709
45.9834
48.4094
53.7883
66.8824
72.3705
70.9731
72.4363
75.6584
9.97342
9.93663
12.8292
11.0989
12.4558
26.1081
35.1217
34.7153
39.4562
40.8778
-0.350788
-0.394011
-0.431098
-0.40107
0.175672
1.99243
9.61412
16.517
28.719
27.2941
-0.469126
-0.511816
-0.535108
-0.548803
-0.40717
-0.450715
1.63798
8.37529
7.83271
7.33255
-0.579015
-0.618219
-0.613988
-0.629233
-0.609165
-0.207782
0.431025
0.790091
2.45364
3.96102
-0.663823
-0.687088
-0.683199
-0.680184
-0.504752
0.669092
-0.44861
-0.138819
0.55888
1.16507
-0.709889
-0.757036
-0.755584
-0.729352
-0.244359
0.330374
-0.867096
-0.758494
-0.615634
-0.720495
-0.742227
-0.833415
-0.813077
-0.802793
-0.213544
-0.784355
-1.11186
-1.12689
-0.957472
-1.09536
-0.807044
-0.881615
-0.840912
-0.66046
-0.589876
-1.20937
-1.23746
-1.24166
-1.11767
-1.16595
-0.881129
-0.916101
-0.860989
-0.357957
-0.71688
-1.20498
-1.25604
-1.22231
-1.17417
-1.18532
-0.954035
-0.924382
-0.55007
-0.403382
-1.15893
-1.21875
-1.2507
-1.20625
-1.17422
-1.19943
-1.02751
-1.06889
-0.49996
-0.720832
-1.21498
-1.18184
-1.22889
-1.2142
-1.17707
-1.21192
-1.08662
-1.16475
-0.56683
-1.17306
-1.17504
-1.16265
-1.20543
-1.21628
-1.17917
-1.22496
381.123
381.403
381.961
382.702
383.65
384.684
385.734
386.762
387.65
388.331
332.237
332.508
333.099
333.875
334.859
335.94
337.117
338.288
339.326
340.179
283.55
283.775
284.416
285.243
286.397
287.575
288.92
290.299
291.56
292.739
235.187
235.237
235.946
236.846
238.151
239.339
241.183
242.926
244.577
246.348
187.218
187.046
187.861
188.735
189.929
191.638
193.935
196.335
198.558
201.159
138.858
138.864
139.876
140.686
142.284
145.198
147.8
151.062
153.361
156.772
89.4363
90.0157
91.6624
92.8746
95.9899
103.451
107.44
107.358
109.246
114.964
42.0205
42.4952
44.7383
44.9239
47.7157
58.4016
65.1226
65.9491
70.4931
77.5677
9.81494
9.54078
11.8166
7.82692
5.4321
11.5296
21.4844
26.5029
34.224
43.198
-0.283283
-0.354472
-0.423008
-0.404748
-0.2797
-0.284819
0.496364
5.5483
14.9651
26.4896
-0.357382
-0.46434
-0.521874
-0.516817
-0.486578
-0.548316
-0.810348
0.490406
4.16076
7.70759
-0.421625
-0.562232
-0.617043
-0.597337
-0.584501
-0.615853
-0.407474
0.296048
1.80993
3.48205
-0.511631
-0.684019
-0.707318
-0.677289
-0.677962
-0.703987
-0.646701
-0.26369
0.364022
0.416311
-0.614613
-0.794541
-0.782275
-0.75859
-0.781707
-0.839318
-0.859455
-0.775882
-0.596381
-0.595778
-0.751891
-0.851687
-0.853623
-0.853416
-0.892649
-0.994891
-1.05409
-1.12118
-0.990233
-0.930915
-0.842874
-0.923819
-0.908189
-0.926625
-0.985405
-1.12912
-1.22793
-1.23355
-1.14651
-1.08258
-0.919793
-0.966137
-0.9649
-0.994238
-1.06918
-1.20204
-1.32311
-1.26456
-1.23451
-1.16107
-0.99251
-1.02329
-1.03692
-1.08557
-1.13823
-1.22397
-1.32599
-1.23821
-1.22774
-1.22045
-1.04732
-1.10319
-1.14186
-1.17363
-1.19059
-1.22537
-1.29504
-1.27156
-1.21774
-1.27683
-1.11782
-1.15904
-1.19168
-1.20482
-1.19999
-1.21884
-1.25645
-1.2552
-1.21997
-1.31241
380.557
380.837
381.403
382.169
383.155
384.225
385.281
386.357
387.201
387.823
331.603
331.877
332.48
333.302
334.32
335.468
336.653
337.851
338.8
339.485
282.775
283.013
283.676
284.58
285.729
287.031
288.411
289.702
290.913
291.599
234.153
234.249
234.99
235.986
237.291
238.872
240.66
242.213
243.733
244.767
185.739
185.669
186.539
187.51
188.906
190.799
193.001
194.878
196.992
198.758
136.705
136.818
137.906
138.889
140.396
142.622
145.7
148.543
150.097
153.037
86.8779
87.2885
88.9528
90.0798
92.0017
95.7436
99.2235
102.507
105.536
109.579
39.0758
39.1387
41.0774
41.8322
43.4233
47.9503
52.9794
57.6113
62.8183
68.3344
7.85719
8.13552
9.80249
7.93613
6.12106
7.98184
14.2598
18.9778
25.8849
34.5511
-0.295649
-0.361985
-0.405509
-0.392704
-0.295341
-0.232353
-0.2774
1.1122
5.5001
11.8232
-0.380117
-0.489711
-0.523119
-0.508688
-0.459312
-0.451672
-0.469808
0.116766
2.36237
4.81358
-0.501884
-0.612923
-0.644173
-0.61041
-0.561378
-0.573532
-0.583598
-0.178352
0.937083
2.28761
-0.626629
-0.743079
-0.749509
-0.70098
-0.674928
-0.702728
-0.704985
-0.521273
-0.11572
0.242624
-0.743386
-0.868541
-0.828676
-0.786921
-0.783648
-0.846347
-0.860612
-0.87661
-0.671612
-0.75496
-0.827468
-0.928772
-0.898344
-0.876581
-0.896932
-0.994688
-1.05891
-1.07172
-1.03657
-0.997173
-0.883137
-0.966249
-0.954483
-0.956343
-0.991436
-1.11459
-1.23475
-1.16212
-1.16044
-1.06356
-0.932839
-1.0082
-1.00217
-1.02513
-1.06594
-1.18619
-1.30218
-1.1863
-1.19611
-1.1122
-1.00782
-1.06421
-1.05919
-1.09175
-1.12866
-1.21875
-1.32762
-1.24834
-1.21947
-1.18781
-1.06178
-1.12609
-1.12968
-1.15398
-1.17994
-1.23754
-1.31927
-1.31699
-1.25722
-1.26913
-1.13816
-1.16931
-1.18877
-1.19976
-1.20573
-1.24104
-1.29538
-1.31634
-1.28494
-1.31701
379.526
379.814
380.407
381.245
382.27
383.387
384.477
385.552
386.314
386.828
330.445
330.734
331.37
332.269
333.366
334.568
335.771
336.919
337.721
338.279
281.358
281.637
282.349
283.36
284.611
285.968
287.416
288.7
289.608
289.849
232.262
232.488
233.311
234.472
235.968
237.632
239.326
240.947
241.921
242.362
183.232
183.398
184.321
185.602
187.409
189.505
191.601
193.452
194.092
195.3
133.156
133.575
134.892
136.418
138.625
141.375
144.115
145.99
146.041
147.833
81.9646
82.8198
84.8655
86.8047
89.499
93.3641
97.1783
99.86
101.102
104.007
34.9674
35.3142
36.7676
38.525
41.3484
45.7255
50.4372
55.1268
59.0934
61.7221
5.25714
5.57016
6.72426
6.87059
7.11932
9.18997
13.0267
17.2577
22.3174
27.1361
-0.264248
-0.363993
-0.41777
-0.418809
-0.331557
-0.246738
-0.214156
0.228816
1.93027
4.04857
-0.419378
-0.498434
-0.543088
-0.542197
-0.47201
-0.428068
-0.47622
-0.396055
0.397878
1.39315
-0.566618
-0.601965
-0.665726
-0.650825
-0.571303
-0.566632
-0.654516
-0.659115
-0.479948
-0.122845
-0.702077
-0.742434
-0.764757
-0.723322
-0.678488
-0.706226
-0.757401
-0.816143
-0.855753
-0.904529
-0.796876
-0.890246
-0.848621
-0.80535
-0.782549
-0.83281
-0.872998
-0.98604
-0.934249
-1.21144
-0.847184
-1.02167
-0.922847
-0.892001
-0.883934
-0.958449
-1.01832
-1.04444
-1.00678
-1.1657
-0.897977
-1.05939
-0.981247
-0.970936
-0.975412
-1.06098
-1.14975
-1.12725
-1.10546
-1.11149
-0.944762
-1.0686
-1.02558
-1.03235
-1.04937
-1.13138
-1.2173
-1.16933
-1.15171
-1.10365
-0.997333
-1.08069
-1.0633
-1.08597
-1.10534
-1.17603
-1.25207
-1.25508
-1.21381
-1.17212
-1.06114
-1.11577
-1.10893
-1.13411
-1.1548
-1.20665
-1.28161
-1.32492
-1.28468
-1.27465
-1.13446
-1.14904
-1.15213
-1.1712
-1.18948
-1.23388
-1.29368
-1.34579
-1.33301
-1.3196
378.156
378.454
379.079
379.986
381.085
382.277
383.422
384.5
385.192
385.753
328.904
329.211
329.89
330.874
332.071
333.362
334.601
335.732
336.375
336.975
279.456
279.777
280.562
281.706
283.101
284.596
286.021
287.261
287.963
288.151
229.716
230.053
231.032
232.413
234.141
235.984
237.684
239.152
239.625
239.474
179.707
180.126
181.307
182.999
185.219
187.553
189.671
191.424
191.451
191.21
128.14
128.953
130.802
133.128
136.081
139.125
141.885
144.235
143.194
144.98
74.7468
76.1578
79.0503
82.335
86.3649
90.5958
94.3503
97.2155
97.207
100.739
27.381
28.511
30.2328
33.4853
38.6598
43.997
48.2595
51.5379
53.6635
56.6103
2.46227
2.56652
3.01927
4.30347
7.07865
11.0371
14.3734
15.7512
15.3512
16.9235
-0.267525
-0.38738
-0.457723
-0.483606
-0.413948
-0.306648
-0.293641
-0.446769
-0.352159
0.00022172
-0.419545
-0.539039
-0.595168
-0.612733
-0.532542
-0.464573
-0.529546
-0.743882
-0.865559
-0.836259
-0.573111
-0.652472
-0.70257
-0.71175
-0.624446
-0.595929
-0.676912
-0.839634
-1.02271
-1.15419
-0.738087
-0.77719
-0.779471
-0.749952
-0.696573
-0.713577
-0.781628
-0.880217
-1.06848
-1.35478
-0.787899
-0.846134
-0.839564
-0.807877
-0.786524
-0.820065
-0.88699
-0.974384
-1.10751
-1.4248
-0.821109
-0.957758
-0.915034
-0.880356
-0.873911
-0.920198
-0.978518
-1.06289
-1.14354
-1.25674
-0.89598
-1.10614
-0.981811
-0.953393
-0.954506
-1.00326
-1.04908
-1.11842
-1.05708
-1.07944
-0.980131
-1.11718
-1.01894
-1.01719
-1.02335
-1.06706
-1.10977
-1.14618
-1.02976
-1.01161
-1.01906
-1.09857
-1.05411
-1.06896
-1.08011
-1.11731
-1.16392
-1.19319
-1.15063
-1.0847
-1.09664
-1.10734
-1.09323
-1.1143
-1.13003
-1.16654
-1.22647
-1.27275
-1.26068
-1.20061
-1.13203
-1.13416
-1.13315
-1.15243
-1.17282
-1.21329
-1.28839
-1.37639
-1.38287
-1.29375
376.605
376.911
377.567
378.541
379.722
380.992
382.186
383.202
384.028
384.633
327.161
327.477
328.196
329.261
330.566
331.953
333.244
334.31
335.095
335.723
277.291
277.639
278.498
279.789
281.326
282.95
284.436
285.634
286.329
286.715
226.811
227.241
228.347
229.946
231.926
233.955
235.746
237.18
237.293
237.373
175.467
176.109
177.681
179.824
182.43
185.036
187.279
188.986
188.713
190.634
121.722
123.051
125.709
128.911
132.577
136.045
138.931
140.989
141.117
142.968
64.8887
67.4502
72.008
76.8934
82.0383
86.6562
90.4536
93.1398
94.3594
96.466
16.4025
19.7692
23.7391
28.3511
34.5589
39.9897
43.6228
46.119
47.8947
50.0973
0.780146
0.819148
1.06282
2.33817
5.59517
9.44076
11.8101
12.3551
11.2129
11.1616
-0.274459
-0.449233
-0.537086
-0.570587
-0.52656
-0.42146
-0.36233
-0.475672
-0.740611
-0.89767
-0.470089
-0.633005
-0.692038
-0.702552
-0.624584
-0.54151
-0.558876
-0.745417
-1.0453
-1.25718
-0.67213
-0.741362
-0.769385
-0.760576
-0.689291
-0.64558
-0.698486
-0.855289
-1.09143
-1.27256
-0.749103
-0.784539
-0.790971
-0.762871
-0.716491
-0.721088
-0.78726
-0.908
-1.06048
-1.21471
-0.749142
-0.795243
-0.813824
-0.798335
-0.788745
-0.815305
-0.880381
-0.986605
-1.13189
-1.24569
-0.763799
-0.861072
-0.872482
-0.860959
-0.865769
-0.896992
-0.953113
-1.0392
-1.15227
-1.17827
-0.811655
-1.00692
-0.951094
-0.931917
-0.938969
-0.965497
-0.998243
-1.0193
-1.03974
-1.01672
-0.934753
-1.0955
-1.0029
-0.994674
-1.00162
-1.0201
-1.02567
-0.981064
-0.910671
-0.874456
-1.05082
-1.0964
-1.04067
-1.04681
-1.05467
-1.07121
-1.07022
-1.016
-0.961201
-0.86133
-1.10877
-1.10376
-1.08141
-1.09413
-1.10592
-1.12821
-1.15697
-1.17813
-1.18206
-0.974782
-1.13507
-1.13036
-1.1229
-1.13705
-1.15396
-1.18467
-1.25093
-1.37744
-1.41127
-1.20353
375.039
375.342
376.023
377.059
378.32
379.678
380.973
382.107
382.972
383.579
325.408
325.713
326.461
327.61
329.01
330.506
331.92
333.128
334.006
334.618
275.085
275.424
276.338
277.748
279.458
281.249
282.887
284.241
285.134
285.693
223.815
224.264
225.509
227.338
229.553
231.81
233.846
235.443
236.302
236.909
170.983
171.703
173.639
176.255
179.305
182.275
184.849
186.78
187.768
188.595
115.176
116.683
120.018
124.029
128.34
132.362
135.707
138.134
139.567
140.535
54.0555
57.6103
63.7954
70.3388
76.7479
81.85
86.0641
89.3093
91.5156
93.2672
9.00843
10.9278
16.177
23.1637
29.3294
34.3705
38.1276
41.0033
43.3523
45.4426
0.576559
0.13488
0.193466
1.29817
3.16558
5.43486
7.31572
8.80183
9.82878
10.604
-0.274259
-0.503835
-0.618064
-0.649646
-0.62588
-0.545774
-0.46938
-0.486354
-0.611706
-0.680685
-0.560386
-0.707551
-0.75984
-0.778904
-0.718318
-0.649235
-0.615207
-0.691239
-0.8732
-1.02844
-0.711148
-0.775411
-0.794635
-0.78012
-0.73847
-0.710316
-0.725096
-0.824671
-0.988802
-1.1304
-0.755913
-0.784444
-0.784652
-0.759885
-0.730323
-0.729387
-0.78262
-0.873926
-0.979118
-1.05978
-0.753413
-0.778759
-0.786871
-0.777627
-0.778077
-0.805499
-0.857757
-0.935588
-1.03222
-1.09777
-0.761171
-0.804446
-0.830513
-0.83439
-0.847792
-0.875313
-0.91919
-0.976723
-1.04327
-1.07378
-0.823087
-0.891364
-0.904369
-0.90553
-0.918504
-0.940502
-0.968223
-0.995366
-1.02361
-1.01949
-0.940757
-0.993398
-0.973248
-0.971762
-0.980972
-0.996451
-1.01066
-1.01722
-1.00841
-0.972494
-1.03831
-1.0488
-1.02608
-1.02751
-1.03605
-1.04948
-1.06195
-1.05926
-1.02632
-0.953316
-1.08715
-1.0877
-1.07406
-1.07736
-1.08816
-1.10461
-1.12425
-1.13003
-1.09606
-1.01304
-1.12704
-1.12673
-1.11763
-1.12294
-1.13631
-1.15623
-1.18669
-1.21911
-1.20898
-1.14491
373.627
373.913
374.608
375.699
377.036
378.482
379.882
381.119
382.065
382.725
323.829
324.097
324.867
326.085
327.58
329.169
330.733
332.075
333.067
333.712
273.072
273.359
274.314
275.835
277.714
279.71
281.514
283.055
284.142
284.816
220.995
221.362
222.76
224.805
227.287
229.797
232.13
234.016
235.293
236.099
166.763
167.416
169.622
172.645
176.192
179.635
182.65
185.024
186.601
187.517
109.777
110.968
114.564
119.024
123.985
128.678
132.724
135.845
138.067
139.344
45.3193
49.5605
55.8594
62.9909
70.4456
76.7253
81.7802
86.0995
89.266
91.3064
6.68093
7.50941
10.2251
16.2811
22.9149
28.2452
32.4694
36.6547
39.4455
41.9538
0.759331
0.0277082
-0.285098
0.132011
1.23794
2.15352
3.83974
6.57025
9.32843
11.2889
-0.230317
-0.511576
-0.642289
-0.698796
-0.684539
-0.630732
-0.553612
-0.505689
-0.478589
-0.4259
-0.545894
-0.692771
-0.748581
-0.79885
-0.797198
-0.75718
-0.708395
-0.704218
-0.765376
-0.837926
-0.683443
-0.744608
-0.765597
-0.781486
-0.779977
-0.781362
-0.787746
-0.814643
-0.903568
-1.01247
-0.734845
-0.757593
-0.755516
-0.750228
-0.746498
-0.754996
-0.788127
-0.843624
-0.903475
-0.955425
-0.740154
-0.750608
-0.749831
-0.752135
-0.764764
-0.790661
-0.835806
-0.89331
-0.952206
-0.997635
-0.76668
-0.777204
-0.788995
-0.802164
-0.825348
-0.854712
-0.891274
-0.93536
-0.978488
-1.00496
-0.831896
-0.848399
-0.863797
-0.875556
-0.896408
-0.920124
-0.94613
-0.972469
-0.995762
-1.00468
-0.909674
-0.925196
-0.938011
-0.944305
-0.960546
-0.978347
-0.994859
-1.00511
-1.00651
-1.00593
-0.982354
-0.993373
-1.00256
-1.00632
-1.01825
-1.03215
-1.04375
-1.04334
-1.02819
-1.01938
-1.05187
-1.06089
-1.06578
-1.06369
-1.07194
-1.08492
-1.09738
-1.09916
-1.08713
-1.0616
-1.11522
-1.12191
-1.11262
-1.11254
-1.12119
-1.13382
-1.15147
-1.16577
-1.16629
-1.13695
372.499
372.768
373.474
374.602
375.997
377.515
379.002
380.328
381.354
382.019
322.575
322.804
323.592
324.86
326.431
328.13
329.787
331.243
332.352
333.062
271.481
271.734
272.725
274.31
276.304
278.421
280.425
282.146
283.411
284.182
218.779
219.144
220.61
222.77
225.473
228.239
230.826
232.999
234.554
235.467
164.034
164.638
166.669
169.656
173.627
177.58
181.094
183.932
185.925
187.028
107.138
108.351
110.97
114.691
120.116
125.674
130.645
134.561
137.335
138.954
42.8159
46.6621
50.6066
56.1499
64.1549
72.1275
78.7652
84.3138
88.1848
90.5012
6.1743
6.88193
7.78793
10.0492
15.5742
23.373
29.5653
35.1948
38.704
40.6013
1.01189
0.268788
-0.279645
-0.31338
0.139966
0.949328
2.69474
6.37212
10.2113
12.8559
-0.0588463
-0.393617
-0.587974
-0.663693
-0.662847
-0.608011
-0.52176
-0.439866
-0.324495
-0.198586
-0.442249
-0.595802
-0.67585
-0.746855
-0.79201
-0.78619
-0.742308
-0.680884
-0.649102
-0.630259
-0.609067
-0.662701
-0.702928
-0.748258
-0.785673
-0.822218
-0.839335
-0.807774
-0.811643
-0.854862
-0.668215
-0.687064
-0.702709
-0.730981
-0.758376
-0.794253
-0.838486
-0.851934
-0.855044
-0.873885
-0.684254
-0.686937
-0.697868
-0.729932
-0.763725
-0.801081
-0.849808
-0.884597
-0.906604
-0.924903
-0.744064
-0.738385
-0.746433
-0.778607
-0.815761
-0.849864
-0.887617
-0.917134
-0.942968
-0.961012
-0.827639
-0.821788
-0.82591
-0.852961
-0.884527
-0.910662
-0.937014
-0.957916
-0.980031
-0.997242
-0.892522
-0.892392
-0.900368
-0.925972
-0.94771
-0.968247
-0.986557
-1.00142
-1.01819
-1.03167
-0.963698
-0.96479
-0.977177
-0.994647
-1.00597
-1.02226
-1.03536
-1.04577
-1.05535
-1.05641
-1.03432
-1.04311
-1.05102
-1.05473
-1.06094
-1.07365
-1.08439
-1.0915
-1.09114
-1.08206
-1.09581
-1.10536
-1.10335
-1.10421
-1.11058
-1.12083
-1.13261
-1.13972
-1.13563
-1.11853
371.797
372.063
372.77
373.908
375.326
376.879
378.412
379.79
380.869
381.576
321.809
322.015
322.811
324.098
325.698
327.441
329.154
330.681
331.863
332.619
270.545
270.757
271.755
273.376
275.419
277.611
279.73
281.561
282.938
283.783
217.615
217.73
219.183
221.409
224.285
227.221
229.977
232.376
234.109
235.122
163.433
163.402
164.703
167.511
171.801
176.188
180.17
183.357
185.577
186.841
108.773
109.418
108.489
111.211
116.966
123.361
129.347
133.826
136.839
138.643
47.672
48.891
46.9182
49.9738
58.0983
67.9975
76.5389
83.1343
87.4103
89.8948
7.78671
7.87617
6.87468
7.44452
10.6984
19.9147
29.1779
35.6604
38.9251
40.6579
1.4578
0.738205
0.208005
-0.0117144
0.100184
0.88255
3.08631
6.90717
10.7344
12.9553
0.288643
-0.129072
-0.409002
-0.557399
-0.54486
-0.504452
-0.432792
-0.347114
-0.229718
-0.0677369
-0.284249
-0.462926
-0.592841
-0.680776
-0.707676
-0.70473
-0.656416
-0.570405
-0.474185
-0.386365
-0.512906
-0.583733
-0.647402
-0.707567
-0.727361
-0.758006
-0.777976
-0.734285
-0.676733
-0.642751
-0.549034
-0.582672
-0.634032
-0.701804
-0.731666
-0.764454
-0.825463
-0.841175
-0.808658
-0.78837
-0.571514
-0.581577
-0.633389
-0.709585
-0.755192
-0.790931
-0.8603
-0.913489
-0.901103
-0.886558
-0.671716
-0.675037
-0.714683
-0.773895
-0.813672
-0.847123
-0.903253
-0.958134
-0.962088
-0.954098
-0.805963
-0.810941
-0.824008
-0.854645
-0.883502
-0.911093
-0.950493
-0.997325
-1.01648
-1.01609
-0.902829
-0.908688
-0.906349
-0.926022
-0.946561
-0.967294
-0.994011
-1.03092
-1.06633
-1.07703
-0.971307
-0.975083
-0.977172
-0.988286
-1.00245
-1.01738
-1.03444
-1.05593
-1.08756
-1.117
-1.02939
-1.03689
-1.03876
-1.04573
-1.05519
-1.06595
-1.0761
-1.08575
-1.09726
-1.11165
-1.0834
-1.09066
-1.09145
-1.09688
-1.10401
-1.11262
-1.12035
-1.125
-1.12539
-1.12226
371.522
371.8
372.503
373.627
375.032
376.59
378.139
379.539
380.636
381.359
321.596
321.818
322.587
323.838
325.408
327.146
328.878
330.424
331.649
332.429
270.414
270.564
271.513
273.104
275.103
277.294
279.452
281.352
282.794
283.682
217.61
217.637
218.831
221.058
223.861
226.833
229.728
232.254
234.146
235.266
163.889
163.486
164.131
166.891
171.12
175.626
179.889
183.413
185.9
187.333
110.104
108.915
107.307
110.008
115.486
122.138
128.789
133.781
137.154
139.268
51.9244
48.2355
43.1893
45.5673
54.3373
65.5262
75.4927
82.9174
87.6841
90.2556
10.2169
7.99089
6.36958
6.67873
9.01237
18.1873
29.4092
37.4165
41.6561
42.6709
2.10003
1.15469
0.772442
0.42245
0.301784
0.932531
3.76529
8.07625
11.1825
11.5136
0.827164
0.108373
-0.215314
-0.380536
-0.396335
-0.374485
-0.319593
-0.218033
-0.10202
0.105499
-0.0270796
-0.316231
-0.523573
-0.596567
-0.591328
-0.566697
-0.509328
-0.4122
-0.294243
-0.206798
-0.339998
-0.424572
-0.573625
-0.650163
-0.649211
-0.640044
-0.627794
-0.58786
-0.518012
-0.451137
-0.425507
-0.440946
-0.557338
-0.662844
-0.687488
-0.692897
-0.719519
-0.729694
-0.709965
-0.67616
-0.50737
-0.510093
-0.597243
-0.699157
-0.736319
-0.752215
-0.790599
-0.825103
-0.831217
-0.81406
-0.640481
-0.65413
-0.716324
-0.777395
-0.803331
-0.822563
-0.856719
-0.895539
-0.911455
-0.902914
-0.788014
-0.805604
-0.83065
-0.854621
-0.873966
-0.893642
-0.918519
-0.95052
-0.97346
-0.97561
-0.886109
-0.905111
-0.907843
-0.922566
-0.938847
-0.955744
-0.972476
-0.99222
-1.01337
-1.03107
-0.964482
-0.971376
-0.974
-0.985058
-0.997112
-1.01018
-1.02083
-1.02994
-1.042
-1.05633
-1.02939
-1.03201
-1.03499
-1.04277
-1.05174
-1.06101
-1.06807
-1.07168
-1.07323
-1.07581
-1.08465
-1.08716
-1.08947
-1.09465
-1.10186
-1.10914
-1.11472
-1.11766
-1.11593
-1.11079
-1.13762
-1.13816
-1.138
-1.13968
-1.13924
-1.13792
-1.13666
-1.13219
-1.12587
-1.11734
-1.17639
-1.17759
-1.1749
-1.17447
-1.17304
-1.1691
-1.16529
-1.15888
-1.1501
-1.13879
-1.21445
-1.21612
-1.21102
-1.20796
-1.20614
-1.20197
-1.19672
-1.18963
-1.18
-1.16796
-1.25314
-1.25481
-1.24799
-1.24294
-1.2408
-1.23723
-1.23141
-1.22427
-1.21485
-1.20342
-1.29218
-1.29209
-1.28637
-1.28174
-1.28004
-1.2752
-1.2693
-1.26235
-1.25362
-1.24339
-1.32971
-1.32683
-1.32392
-1.32156
-1.32081
-1.31533
-1.3097
-1.30312
-1.2953
-1.28647
-1.3697
-1.36467
-1.3614
-1.36257
-1.36161
-1.35688
-1.35177
-1.34579
-1.33895
-1.33153
-1.4133
-1.4094
-1.40453
-1.40551
-1.40413
-1.39996
-1.39524
-1.38975
-1.38386
-1.37779
-1.45751
-1.4566
-1.45087
-1.45037
-1.44863
-1.44416
-1.43942
-1.43442
-1.42943
-1.42468
-1.49971
-1.50021
-1.49701
-1.4953
-1.4929
-1.48824
-1.4836
-1.47923
-1.47513
-1.47167
-1.54088
-1.54146
-1.54093
-1.53885
-1.53596
-1.53167
-1.52746
-1.52389
-1.52063
-1.51832
-1.58224
-1.58233
-1.5821
-1.58114
-1.57842
-1.57474
-1.57124
-1.56837
-1.56578
-1.56438
-1.62436
-1.62404
-1.62343
-1.62273
-1.6207
-1.61793
-1.61513
-1.61276
-1.61076
-1.60999
-1.66728
-1.66684
-1.66618
-1.66541
-1.66384
-1.66177
-1.65956
-1.65759
-1.65601
-1.65543
-1.71095
-1.71059
-1.70988
-1.70914
-1.70799
-1.7065
-1.70484
-1.70325
-1.70193
-1.70129
-1.75532
-1.75507
-1.75449
-1.7539
-1.7531
-1.7521
-1.75098
-1.74987
-1.74868
-1.7477
-1.8002
-1.80003
-1.79964
-1.79922
-1.79868
-1.79806
-1.79739
-1.79678
-1.79572
-1.79404
-1.84541
-1.84528
-1.845
-1.84467
-1.84426
-1.84382
-1.84328
-1.8427
-1.84151
-1.83954
-1.89086
-1.89073
-1.89046
-1.8901
-1.88965
-1.88913
-1.88843
-1.88757
-1.88619
-1.88413
-1.93655
-1.93638
-1.93604
-1.93557
-1.93494
-1.93416
-1.93315
-1.93192
-1.93037
-1.9284
-1.14234
-1.14096
-1.13848
-1.13901
-1.13874
-1.13821
-1.13637
-1.13112
-1.1229
-1.11236
-1.1816
-1.18186
-1.1762
-1.17442
-1.17229
-1.16871
-1.16431
-1.15689
-1.14674
-1.13374
-1.21947
-1.22269
-1.21361
-1.2097
-1.20711
-1.20191
-1.19599
-1.18769
-1.17701
-1.16364
-1.25609
-1.26293
-1.25205
-1.2473
-1.24408
-1.23775
-1.23108
-1.22281
-1.21259
-1.2001
-1.29569
-1.30285
-1.2918
-1.28914
-1.28406
-1.27599
-1.26926
-1.26134
-1.252
-1.24098
-1.33631
-1.3396
-1.33181
-1.33102
-1.32475
-1.31571
-1.30997
-1.30241
-1.29407
-1.28464
-1.37581
-1.37497
-1.37192
-1.3716
-1.36524
-1.35721
-1.35181
-1.34518
-1.33796
-1.33006
-1.41649
-1.41554
-1.4137
-1.41363
-1.40794
-1.40019
-1.39524
-1.38926
-1.38309
-1.37672
-1.45859
-1.45975
-1.45847
-1.45747
-1.45231
-1.44445
-1.43935
-1.43403
-1.42885
-1.42406
-1.50015
-1.5005
-1.4988
-1.49868
-1.49495
-1.48874
-1.48343
-1.47882
-1.47458
-1.47137
-1.54073
-1.54095
-1.5364
-1.53751
-1.53579
-1.53154
-1.52701
-1.52327
-1.51998
-1.51813
-1.58191
-1.58258
-1.578
-1.57846
-1.57726
-1.57415
-1.57053
-1.56746
-1.56491
-1.56411
-1.62417
-1.62429
-1.62258
-1.62227
-1.6203
-1.61742
-1.61432
-1.61169
-1.60966
-1.60953
-1.66715
-1.66686
-1.66628
-1.66556
-1.66368
-1.66124
-1.65869
-1.65634
-1.65482
-1.65508
-1.7108
-1.71048
-1.70979
-1.70907
-1.70778
-1.70611
-1.70424
-1.70232
-1.70112
-1.70141
-1.75519
-1.75499
-1.7544
-1.75388
-1.75309
-1.75211
-1.75105
-1.75008
-1.74908
-1.7486
-1.80012
-1.80001
-1.79967
-1.79937
-1.79897
-1.79861
-1.79827
-1.7982
-1.79701
-1.79573
-1.84538
-1.84533
-1.84513
-1.84497
-1.84481
-1.84477
-1.84475
-1.84488
-1.84369
-1.84136
-1.89087
-1.8908
-1.89061
-1.89042
-1.8902
-1.89003
-1.88974
-1.88926
-1.88776
-1.88521
-1.93654
-1.9364
-1.93612
-1.93574
-1.93523
-1.9346
-1.93373
-1.9325
-1.93073
-1.92844
-1.14583
-1.14594
-1.14278
-1.14126
-1.14007
-1.13934
-1.13771
-1.13088
-1.11891
-1.10297
-1.18436
-1.1848
-1.18018
-1.17649
-1.17298
-1.16884
-1.16508
-1.15596
-1.14287
-1.12422
-1.22141
-1.22335
-1.21774
-1.2123
-1.20749
-1.20168
-1.19678
-1.18654
-1.17383
-1.15563
-1.26009
-1.26136
-1.25556
-1.25215
-1.24736
-1.23814
-1.23163
-1.22167
-1.2101
-1.19428
-1.29964
-1.29974
-1.29363
-1.29366
-1.28855
-1.27721
-1.26978
-1.2604
-1.2501
-1.23719
-1.33988
-1.34089
-1.33299
-1.33526
-1.3287
-1.3177
-1.31023
-1.3017
-1.29266
-1.28237
-1.38018
-1.38006
-1.37169
-1.37707
-1.3689
-1.35927
-1.35228
-1.34475
-1.33697
-1.32887
-1.42
-1.41857
-1.41629
-1.41758
-1.41012
-1.40198
-1.39568
-1.38903
-1.38253
-1.37626
-1.46018
-1.45917
-1.45848
-1.45739
-1.45157
-1.44539
-1.43966
-1.43389
-1.4286
-1.42423
-1.50063
-1.50164
-1.49949
-1.49765
-1.49235
-1.48833
-1.4834
-1.4786
-1.47444
-1.47198
-1.54044
-1.54229
-1.53949
-1.53698
-1.53369
-1.53139
-1.52674
-1.52275
-1.51961
-1.51881
-1.58118
-1.58204
-1.58049
-1.58137
-1.57905
-1.57445
-1.56988
-1.56633
-1.56386
-1.56437
-1.62349
-1.62364
-1.62286
-1.62482
-1.62187
-1.61711
-1.61293
-1.60958
-1.60762
-1.6085
-1.6666
-1.66637
-1.6656
-1.66578
-1.66345
-1.66013
-1.65678
-1.65335
-1.65172
-1.65256
-1.71033
-1.71008
-1.7091
-1.7086
-1.70715
-1.7051
-1.70286
-1.70077
-1.69921
-1.69983
-1.75484
-1.75473
-1.75403
-1.75366
-1.7529
-1.75203
-1.75137
-1.75266
-1.75196
-1.75158
-1.7999
-1.79988
-1.79958
-1.79948
-1.79934
-1.79965
-1.80012
-1.80368
-1.80539
-1.80204
-1.84525
-1.84527
-1.84518
-1.84527
-1.84546
-1.84641
-1.84752
-1.85028
-1.85227
-1.8472
-1.89075
-1.89075
-1.89068
-1.89074
-1.89085
-1.89146
-1.8922
-1.89282
-1.89249
-1.88815
-1.9364
-1.9363
-1.93608
-1.93584
-1.93549
-1.93516
-1.93468
-1.9336
-1.93196
-1.92869
-1.14947
-1.14908
-1.15111
-1.15238
-1.14996
-1.14648
-1.14332
-1.13491
-1.12101
-1.1004
-1.18731
-1.18632
-1.18625
-1.18477
-1.18037
-1.17362
-1.16942
-1.15807
-1.14397
-1.11992
-1.22418
-1.2231
-1.22128
-1.21765
-1.21338
-1.20459
-1.1989
-1.18736
-1.17365
-1.15239
-1.26108
-1.26032
-1.25673
-1.25424
-1.24874
-1.23928
-1.23231
-1.22154
-1.20892
-1.19137
-1.29896
-1.29887
-1.29368
-1.29171
-1.28611
-1.27682
-1.26961
-1.25977
-1.24855
-1.23305
-1.33866
-1.33835
-1.33245
-1.33008
-1.32562
-1.31676
-1.30976
-1.30093
-1.29111
-1.277
-1.37867
-1.37821
-1.37329
-1.3712
-1.3666
-1.35854
-1.35184
-1.34399
-1.33552
-1.32425
-1.42018
-1.41866
-1.41607
-1.4126
-1.40817
-1.40154
-1.39525
-1.3883
-1.38144
-1.37394
-1.46129
-1.46055
-1.45976
-1.45444
-1.45005
-1.44496
-1.43919
-1.43326
-1.42805
-1.42461
-1.50085
-1.50319
-1.502
-1.49576
-1.49151
-1.48791
-1.48278
-1.47798
-1.47406
-1.47399
-1.54025
-1.54224
-1.54215
-1.53842
-1.53232
-1.53028
-1.52574
-1.52163
-1.51887
-1.52149
-1.58039
-1.58019
-1.57937
-1.58129
-1.57624
-1.57294
-1.56801
-1.56403
-1.56207
-1.567
-1.62234
-1.62134
-1.6197
-1.62178
-1.6201
-1.61523
-1.61004
-1.60534
-1.6037
-1.60965
-1.66557
-1.6647
-1.66465
-1.66455
-1.66225
-1.65762
-1.65269
-1.6456
-1.64497
-1.65294
-1.70957
-1.709
-1.70829
-1.70767
-1.70576
-1.70282
-1.69976
-1.69607
-1.69443
-1.70169
-1.75437
-1.75422
-1.75348
-1.7532
-1.75233
-1.75147
-1.75218
-1.75724
-1.75268
-1.75463
-1.79961
-1.79966
-1.79947
-1.7997
-1.79995
-1.80151
-1.80477
-1.81536
-1.80425
-1.80426
-1.8451
-1.84524
-1.84536
-1.84599
-1.84709
-1.84987
-1.85484
-1.86102
-1.85328
-1.85108
-1.89065
-1.89077
-1.89092
-1.89144
-1.89234
-1.8944
-1.89851
-1.89997
-1.89582
-1.89504
-1.93626
-1.93623
-1.93613
-1.93608
-1.93606
-1.93609
-1.93682
-1.93599
-1.93506
-1.93092
-1.15919
-1.15857
-1.16095
-1.1619
-1.16018
-1.15591
-1.15017
-1.1386
-1.12407
-1.08268
-1.19384
-1.19231
-1.19146
-1.18903
-1.18489
-1.17915
-1.17407
-1.15976
-1.14568
-1.09676
-1.22815
-1.22655
-1.22379
-1.21919
-1.21347
-1.20621
-1.20161
-1.18687
-1.17224
-1.13852
-1.26375
-1.26244
-1.25837
-1.25296
-1.24647
-1.23893
-1.23197
-1.22032
-1.20598
-1.18808
-1.30071
-1.30018
-1.29502
-1.2897
-1.28307
-1.27531
-1.26824
-1.25827
-1.24668
-1.23123
-1.33816
-1.33946
-1.33357
-1.32867
-1.32227
-1.31489
-1.30822
-1.2998
-1.29143
-1.2757
-1.37804
-1.37977
-1.37369
-1.36911
-1.36348
-1.35675
-1.35044
-1.34334
-1.33745
-1.32921
-1.41989
-1.42072
-1.41505
-1.41052
-1.40589
-1.40008
-1.39409
-1.38816
-1.38433
-1.37923
-1.46123
-1.46271
-1.45776
-1.45187
-1.44854
-1.44396
-1.43829
-1.43341
-1.43096
-1.43088
-1.50147
-1.50431
-1.50119
-1.49367
-1.49009
-1.48717
-1.48193
-1.47787
-1.4766
-1.47986
-1.54097
-1.54268
-1.54227
-1.53734
-1.53195
-1.52936
-1.52458
-1.5208
-1.52055
-1.52603
-1.58039
-1.57845
-1.58058
-1.57969
-1.57443
-1.57114
-1.56578
-1.56118
-1.56136
-1.56869
-1.6215
-1.61797
-1.61878
-1.61935
-1.61739
-1.61207
-1.60561
-1.59787
-1.59745
-1.6061
-1.66453
-1.66243
-1.66263
-1.66173
-1.65911
-1.65318
-1.64527
-1.6287
-1.63185
-1.64559
-1.70878
-1.70789
-1.70704
-1.7058
-1.70311
-1.69922
-1.69396
-1.67761
-1.68464
-1.70399
-1.7538
-1.75348
-1.75282
-1.75231
-1.75059
-1.75013
-1.74859
-1.74715
-1.74843
-1.77556
-1.79929
-1.79934
-1.79916
-1.7997
-1.79945
-1.80399
-1.80457
-1.80686
-1.81095
-1.81886
-1.8449
-1.84515
-1.84544
-1.84677
-1.84819
-1.85508
-1.86041
-1.86219
-1.85106
-1.85379
-1.89048
-1.89075
-1.89112
-1.89246
-1.89443
-1.89915
-1.90692
-1.90111
-1.89123
-1.89025
-1.93605
-1.93612
-1.93615
-1.93655
-1.93714
-1.93781
-1.9404
-1.93587
-1.93016
-1.92768
-1.16825
-1.17007
-1.17234
-1.17343
-1.17027
-1.16547
-1.15984
-1.1485
-1.13252
-1.09594
-1.2008
-1.19933
-1.19695
-1.19321
-1.18877
-1.18404
-1.17914
-1.16511
-1.15539
-1.10952
-1.2336
-1.23142
-1.22724
-1.22088
-1.21455
-1.20807
-1.20218
-1.18766
-1.17939
-1.14639
-1.26866
-1.26649
-1.26143
-1.2539
-1.24621
-1.23835
-1.23133
-1.21948
-1.20873
-1.18998
-1.30528
-1.30353
-1.29807
-1.29038
-1.28225
-1.27405
-1.26665
-1.25629
-1.24681
-1.23427
-1.34292
-1.34205
-1.33648
-1.32939
-1.32159
-1.31367
-1.30639
-1.29739
-1.29091
-1.28266
-1.38178
-1.38217
-1.37645
-1.3704
-1.36313
-1.35564
-1.34855
-1.34068
-1.33615
-1.32929
-1.42179
-1.42381
-1.41749
-1.4122
-1.40583
-1.39897
-1.39218
-1.38561
-1.38256
-1.37707
-1.46206
-1.4659
-1.45918
-1.45375
-1.44885
-1.44306
-1.43643
-1.43101
-1.42939
-1.42561
-1.5023
-1.50636
-1.50122
-1.4951
-1.49071
-1.48643
-1.48054
-1.47583
-1.47562
-1.47428
-1.54176
-1.54305
-1.53998
-1.53548
-1.53119
-1.52845
-1.52329
-1.51892
-1.51998
-1.52147
-1.58079
-1.57749
-1.5786
-1.57669
-1.57274
-1.5694
-1.56416
-1.55879
-1.56076
-1.56554
-1.62126
-1.61711
-1.61864
-1.61751
-1.61516
-1.6097
-1.60348
-1.59301
-1.59531
-1.60697
-1.66407
-1.66187
-1.66201
-1.66023
-1.65684
-1.65082
-1.64411
-1.63134
-1.63901
-1.65716
-1.70841
-1.70746
-1.70638
-1.70469
-1.70166
-1.69685
-1.69173
-1.68127
-1.69406
-1.71855
-1.75357
-1.75321
-1.75254
-1.75177
-1.75014
-1.74786
-1.74201
-1.74044
-1.75986
-1.76957
-1.79913
-1.79924
-1.79931
-1.80006
-1.80126
-1.80752
-1.7955
-1.80405
-1.80311
-1.80645
-1.84481
-1.84524
-1.84594
-1.84807
-1.85214
-1.86287
-1.85725
-1.84675
-1.84411
-1.8441
-1.89037
-1.89078
-1.89148
-1.89326
-1.89702
-1.90357
-1.90756
-1.8893
-1.88469
-1.88246
-1.93583
-1.93589
-1.93594
-1.9361
-1.93673
-1.93839
-1.93954
-1.92976
-1.92458
-1.92161
-1.18102
-1.19251
-1.19618
-1.1917
-1.18354
-1.17608
-1.17058
-1.15975
-1.149
-1.1266
-1.20908
-1.21086
-1.20914
-1.20177
-1.19439
-1.18902
-1.18481
-1.17311
-1.16382
-1.14112
-1.23994
-1.23882
-1.23513
-1.2271
-1.21797
-1.2097
-1.20372
-1.19237
-1.18262
-1.1679
-1.27389
-1.2726
-1.2681
-1.25917
-1.24844
-1.23845
-1.2308
-1.21951
-1.20832
-1.20128
-1.30966
-1.30856
-1.30382
-1.29479
-1.28401
-1.27397
-1.26511
-1.25369
-1.24218
-1.23791
-1.34608
-1.34503
-1.34068
-1.3327
-1.32312
-1.31371
-1.30425
-1.29321
-1.28259
-1.27857
-1.38371
-1.38331
-1.37942
-1.3726
-1.3643
-1.35531
-1.34606
-1.33597
-1.32685
-1.3231
-1.42269
-1.42385
-1.42004
-1.41397
-1.4065
-1.398
-1.38942
-1.3807
-1.37378
-1.37053
-1.46245
-1.46514
-1.46119
-1.45567
-1.44923
-1.4416
-1.43374
-1.42658
-1.42256
-1.42011
-1.50231
-1.50493
-1.50141
-1.49626
-1.49118
-1.48508
-1.4783
-1.47251
-1.47127
-1.46993
-1.5415
-1.5417
-1.53951
-1.53556
-1.53206
-1.52728
-1.52177
-1.51698
-1.51756
-1.51831
-1.5807
-1.57803
-1.57849
-1.57589
-1.57277
-1.56828
-1.56361
-1.55881
-1.55968
-1.5626
-1.62138
-1.61866
-1.61928
-1.61709
-1.61375
-1.60906
-1.60444
-1.59778
-1.59477
-1.60506
-1.6642
-1.66258
-1.66172
-1.65944
-1.65592
-1.65076
-1.64687
-1.63761
-1.63548
-1.65514
-1.70848
-1.70758
-1.70628
-1.704
-1.70008
-1.69438
-1.69529
-1.6896
-1.68879
-1.71615
-1.75357
-1.75311
-1.75211
-1.75038
-1.74579
-1.74042
-1.74297
-1.73983
-1.75289
-1.76422
-1.79907
-1.79908
-1.79886
-1.79981
-1.79608
-1.79263
-1.79336
-1.79948
-1.79777
-1.79969
-1.84473
-1.84531
-1.84623
-1.85126
-1.85164
-1.85637
-1.8467
-1.844
-1.84061
-1.83751
-1.89029
-1.89106
-1.89251
-1.89792
-1.90657
-1.90599
-1.89767
-1.88682
-1.8814
-1.87676
-1.9357
-1.93599
-1.93644
-1.93737
-1.93951
-1.93906
-1.93404
-1.92652
-1.9209
-1.91693
-1.20204
-1.22494
-1.22853
-1.21762
-1.19406
-1.17851
-1.17754
-1.17052
-1.16835
-1.14968
-1.22324
-1.23284
-1.23032
-1.21754
-1.20072
-1.19052
-1.18798
-1.18272
-1.17434
-1.16275
-1.25048
-1.25257
-1.24891
-1.23888
-1.22279
-1.21021
-1.20511
-1.19587
-1.18403
-1.18105
-1.28282
-1.28311
-1.27771
-1.26808
-1.25324
-1.23711
-1.23073
-1.21853
-1.20213
-1.20268
-1.31681
-1.31638
-1.31168
-1.30224
-1.28828
-1.27259
-1.26397
-1.24978
-1.2302
-1.22978
-1.35062
-1.34984
-1.34533
-1.33769
-1.32673
-1.3148
-1.30251
-1.2874
-1.26696
-1.26579
-1.38583
-1.38511
-1.38175
-1.37602
-1.36746
-1.35629
-1.34381
-1.3292
-1.30998
-1.30814
-1.42288
-1.42239
-1.41974
-1.4148
-1.40737
-1.3974
-1.38638
-1.37358
-1.35875
-1.3539
-1.46151
-1.46141
-1.45906
-1.45452
-1.44778
-1.43923
-1.43002
-1.42003
-1.41088
-1.40509
-1.50087
-1.50071
-1.49877
-1.49472
-1.48918
-1.48238
-1.47496
-1.46776
-1.46364
-1.46081
-1.54029
-1.53912
-1.53799
-1.5346
-1.53025
-1.52519
-1.51965
-1.51458
-1.51358
-1.51456
-1.58019
-1.5782
-1.57755
-1.5748
-1.57127
-1.56725
-1.56297
-1.55881
-1.55865
-1.56216
-1.62151
-1.61975
-1.61873
-1.61633
-1.61312
-1.60903
-1.60484
-1.60036
-1.59855
-1.60576
-1.6645
-1.66328
-1.66191
-1.65956
-1.65619
-1.65121
-1.64663
-1.64212
-1.63923
-1.65142
-1.7087
-1.70789
-1.70663
-1.70445
-1.70112
-1.69405
-1.68973
-1.68863
-1.69125
-1.70258
-1.75366
-1.75322
-1.75246
-1.75115
-1.74883
-1.74171
-1.7388
-1.73933
-1.74
-1.75384
-1.79902
-1.79908
-1.79916
-1.80007
-1.80198
-1.7974
-1.79267
-1.79043
-1.79084
-1.799
-1.84455
-1.84504
-1.84601
-1.84933
-1.85639
-1.86267
-1.85855
-1.84886
-1.8432
-1.84056
-1.89
-1.89047
-1.89145
-1.89427
-1.89975
-1.90545
-1.90086
-1.89267
-1.88514
-1.8789
-1.93534
-1.93539
-1.93544
-1.93563
-1.93621
-1.93572
-1.93199
-1.92799
-1.92377
-1.91854
-1.20422
-1.25717
-1.2284
-1.19256
-1.1659
-1.16345
-1.18276
-1.19148
-1.16779
-1.17233
-1.22717
-1.25996
-1.23888
-1.21129
-1.18992
-1.18136
-1.1881
-1.1899
-1.17071
-1.18117
-1.25341
-1.25316
-1.25115
-1.24028
-1.21928
-1.20707
-1.20481
-1.19678
-1.17967
-1.1896
-1.29248
-1.28397
-1.27408
-1.27523
-1.25782
-1.24337
-1.23326
-1.2182
-1.19814
-1.20034
-1.32792
-1.33479
-1.33111
-1.31759
-1.30079
-1.28478
-1.26871
-1.24979
-1.22848
-1.22631
-1.35776
-1.36071
-1.36008
-1.35449
-1.34125
-1.32369
-1.30478
-1.28628
-1.26647
-1.27225
-1.38953
-1.3899
-1.38831
-1.38516
-1.37629
-1.35998
-1.34368
-1.32612
-1.30775
-1.31847
-1.42423
-1.42338
-1.42084
-1.41751
-1.4118
-1.40105
-1.38532
-1.36942
-1.35294
-1.35998
-1.46122
-1.46
-1.45725
-1.45339
-1.44878
-1.44038
-1.42849
-1.41541
-1.40224
-1.40466
-1.49987
-1.49838
-1.49601
-1.49246
-1.48855
-1.48228
-1.47367
-1.4644
-1.45609
-1.46053
-1.53953
-1.53775
-1.53588
-1.53277
-1.52945
-1.52494
-1.51917
-1.51363
-1.51155
-1.52136
-1.58012
-1.57832
-1.57673
-1.57405
-1.57116
-1.56768
-1.5634
-1.55933
-1.56015
-1.57214
-1.62192
-1.62045
-1.61891
-1.61651
-1.61372
-1.61003
-1.60538
-1.60064
-1.60048
-1.61131
-1.66502
-1.66392
-1.6625
-1.66025
-1.65729
-1.65258
-1.64715
-1.64078
-1.63836
-1.64765
-1.70915
-1.70838
-1.70728
-1.70532
-1.70244
-1.69689
-1.69096
-1.68482
-1.68294
-1.69236
-1.75399
-1.75357
-1.75302
-1.75178
-1.74997
-1.74506
-1.73998
-1.73372
-1.73232
-1.73979
-1.79918
-1.79918
-1.79933
-1.79955
-1.80057
-1.80167
-1.79792
-1.79023
-1.78521
-1.7858
-1.84448
-1.84479
-1.84547
-1.84729
-1.85127
-1.86013
-1.85857
-1.84692
-1.83982
-1.83211
-1.88976
-1.89008
-1.89061
-1.89235
-1.89561
-1.90124
-1.90196
-1.89566
-1.88708
-1.87792
-1.93505
-1.93509
-1.93498
-1.93512
-1.93535
-1.93556
-1.93468
-1.92946
-1.92642
-1.9236
-1.13255
-1.15881
-0.688152
-1.17392
-1.16327
-1.16087
-1.19082
-1.20816
-1.18166
-1.23367
-1.17142
-1.07369
-0.891103
-1.20354
-1.18058
-1.17477
-1.18923
-1.19805
-1.1851
-1.22737
-1.22797
-1.02578
-1.13675
-1.22815
-1.21071
-1.19953
-1.2023
-1.20294
-1.19186
-1.21896
-1.29438
-1.28851
-1.29268
-1.27559
-1.25427
-1.23932
-1.23426
-1.22589
-1.20938
-1.22072
-1.33626
-1.34595
-1.3454
-1.32317
-1.30281
-1.28654
-1.27538
-1.25909
-1.23651
-1.24881
-1.36117
-1.36613
-1.36655
-1.35961
-1.34398
-1.32672
-1.31043
-1.29207
-1.2669
-1.28191
-1.39068
-1.39201
-1.39214
-1.39123
-1.38001
-1.36401
-1.34673
-1.32706
-1.29899
-1.30306
-1.42421
-1.42341
-1.42073
-1.41875
-1.41222
-1.3974
-1.38367
-1.36316
-1.33535
-1.3214
-1.46066
-1.45915
-1.45558
-1.44987
-1.44302
-1.43392
-1.42357
-1.40619
-1.38541
-1.36153
-1.49928
-1.49753
-1.49434
-1.48858
-1.48146
-1.47641
-1.46912
-1.45607
-1.4481
-1.43756
-1.53928
-1.53751
-1.53499
-1.53018
-1.52509
-1.52071
-1.51581
-1.51136
-1.51567
-1.53366
-1.58031
-1.57875
-1.57669
-1.57316
-1.56969
-1.56543
-1.56138
-1.56095
-1.56904
-1.59931
-1.62239
-1.62111
-1.61925
-1.61644
-1.61323
-1.60863
-1.60528
-1.6014
-1.60617
-1.63442
-1.66552
-1.66452
-1.66295
-1.66027
-1.65656
-1.65271
-1.64887
-1.63906
-1.6366
-1.65886
-1.70952
-1.70887
-1.70766
-1.70541
-1.70175
-1.69857
-1.69318
-1.68155
-1.6737
-1.69689
-1.75412
-1.75384
-1.75323
-1.75123
-1.7506
-1.74599
-1.7426
-1.73169
-1.72363
-1.75171
-1.79905
-1.79903
-1.79906
-1.79913
-1.79948
-1.79782
-1.79944
-1.78994
-1.78626
-1.8115
-1.84414
-1.84426
-1.84454
-1.84623
-1.84762
-1.84967
-1.85452
-1.85146
-1.85251
-1.86602
-1.8893
-1.88951
-1.88952
-1.89092
-1.89253
-1.89484
-1.89846
-1.89893
-1.90356
-1.91069
-1.93462
-1.93463
-1.93428
-1.93441
-1.93451
-1.9343
-1.9343
-1.93336
-1.93994
-1.94523
-1.15947
-1.17673
-1.18925
-1.21041
-1.20592
-1.21376
-1.22899
-1.23657
-1.22063
-1.30027
-1.19844
-1.20416
-1.19261
-1.224
-1.21738
-1.2136
-1.21339
-1.21718
-1.21378
-1.26559
-1.24379
-1.24264
-1.21485
-1.25662
-1.23954
-1.22381
-1.21366
-1.2106
-1.20726
-1.24244
-1.28722
-1.28417
-1.22486
-1.2966
-1.27363
-1.24987
-1.23506
-1.22372
-1.21197
-1.23354
-1.32143
-1.3247
-1.28355
-1.33586
-1.3146
-1.29075
-1.27405
-1.25825
-1.23454
-1.24816
-1.35513
-1.36143
-1.36063
-1.35883
-1.35364
-1.33143
-1.31392
-1.29116
-1.26434
-1.26658
-1.38806
-1.38968
-1.3911
-1.37798
-1.37897
-1.35671
-1.33953
-1.3163
-1.288
-1.27402
-1.42243
-1.42115
-1.41584
-1.40844
-1.39766
-1.38343
-1.36936
-1.3461
-1.31363
-1.28761
-1.4594
-1.45798
-1.45252
-1.44347
-1.43246
-1.42528
-1.41467
-1.39499
-1.36248
-1.33344
-1.49885
-1.49714
-1.49318
-1.48688
-1.47806
-1.47255
-1.46504
-1.45441
-1.42926
-1.41676
-1.53939
-1.53783
-1.53491
-1.5304
-1.52419
-1.51972
-1.51524
-1.51501
-1.50564
-1.5278
-1.58078
-1.57942
-1.57717
-1.57385
-1.56913
-1.56535
-1.56149
-1.56207
-1.56951
-1.59545
-1.62298
-1.62181
-1.61998
-1.61724
-1.61326
-1.60871
-1.60405
-1.5951
-1.59883
-1.63431
-1.66602
-1.66505
-1.66354
-1.66117
-1.65768
-1.65151
-1.64862
-1.62901
-1.63292
-1.67188
-1.70984
-1.7091
-1.70798
-1.70615
-1.70363
-1.69594
-1.69486
-1.67416
-1.67195
-1.71689
-1.75428
-1.7538
-1.75312
-1.75201
-1.75051
-1.74362
-1.74535
-1.72659
-1.72685
-1.77922
-1.7991
-1.79888
-1.79859
-1.79832
-1.79833
-1.79502
-1.79947
-1.78738
-1.80172
-1.85147
-1.84414
-1.84412
-1.84402
-1.8443
-1.84565
-1.84632
-1.85347
-1.85586
-1.88372
-1.92098
-1.88933
-1.88937
-1.88927
-1.88954
-1.89105
-1.89321
-1.90073
-1.912
-1.94641
-1.96762
-1.93469
-1.93462
-1.93436
-1.93413
-1.93461
-1.93583
-1.94066
-1.95062
-1.97941
-1.98916
-1.17864
-1.19564
-1.21784
-1.22321
-1.22142
-1.23875
-1.2669
-1.2879
-1.28137
-1.30478
-1.21023
-1.22159
-1.23067
-1.23823
-1.23719
-1.23967
-1.24296
-1.25149
-1.25339
-1.26297
-1.24649
-1.25188
-1.25291
-1.26413
-1.26343
-1.25143
-1.23222
-1.22575
-1.22631
-1.23878
-1.28441
-1.28732
-1.29008
-1.30388
-1.30197
-1.27654
-1.24199
-1.22647
-1.22199
-1.24525
-1.32125
-1.32178
-1.3189
-1.3352
-1.34301
-1.30691
-1.27275
-1.25387
-1.24847
-1.27536
-1.3532
-1.35549
-1.3454
-1.34716
-1.36435
-1.33571
-1.31081
-1.28696
-1.28224
-1.30838
-1.38638
-1.38625
-1.38336
-1.36106
-1.36645
-1.35328
-1.33694
-1.31012
-1.29143
-1.31123
-1.42177
-1.42011
-1.41424
-1.40376
-1.3922
-1.3822
-1.3677
-1.33666
-1.28642
-1.30516
-1.4595
-1.45813
-1.45341
-1.44354
-1.43255
-1.42612
-1.41345
-1.39013
-1.31185
-1.33602
-1.49936
-1.49786
-1.49436
-1.48843
-1.48041
-1.47447
-1.46471
-1.45848
-1.38389
-1.4123
-1.54013
-1.53874
-1.53603
-1.53188
-1.52682
-1.52256
-1.51635
-1.51524
-1.46062
-1.53503
-1.58163
-1.58039
-1.57833
-1.57522
-1.57144
-1.56791
-1.56558
-1.55265
-1.57755
-1.60154
-1.62376
-1.62268
-1.62102
-1.61852
-1.61523
-1.61034
-1.61119
-1.57787
-1.62946
-1.64628
-1.66656
-1.66569
-1.66432
-1.66226
-1.65959
-1.6524
-1.65718
-1.61809
-1.65547
-1.69029
-1.7101
-1.70946
-1.70844
-1.70696
-1.7057
-1.69874
-1.70443
-1.67321
-1.69652
-1.73867
-1.75431
-1.7539
-1.7533
-1.75253
-1.75263
-1.74712
-1.75534
-1.72755
-1.74605
-1.79526
-1.799
-1.79881
-1.79862
-1.7986
-1.79981
-1.79699
-1.80778
-1.78955
-1.80319
-1.85456
-1.84401
-1.84397
-1.84401
-1.84451
-1.84639
-1.84654
-1.85709
-1.86283
-1.87544
-1.92021
-1.88923
-1.88922
-1.88926
-1.8897
-1.89155
-1.89325
-1.90228
-1.91999
-1.94389
-1.97987
-1.93464
-1.93455
-1.93442
-1.93442
-1.93548
-1.93706
-1.94343
-1.96153
-1.99344
-2.01696
-1.1754
-1.17847
-1.17963
-1.19501
-1.21348
-1.24922
-1.30118
-1.34426
-1.34234
-1.29224
-1.20619
-1.20831
-1.20799
-1.21873
-1.23379
-1.25506
-1.28298
-1.30738
-1.31283
-1.24397
-1.2423
-1.24253
-1.24312
-1.25062
-1.25749
-1.2592
-1.2595
-1.26488
-1.26522
-1.21211
-1.28029
-1.28038
-1.28229
-1.28662
-1.2816
-1.26362
-1.2512
-1.24139
-1.22504
-1.20748
-1.31687
-1.31723
-1.31716
-1.3163
-1.30543
-1.29745
-1.26883
-1.24903
-1.22699
-1.22578
-1.35122
-1.35154
-1.35046
-1.34771
-1.34287
-1.33515
-1.30315
-1.27801
-1.25748
-1.31625
-1.38594
-1.38524
-1.38313
-1.37991
-1.37783
-1.36391
-1.33795
-1.31396
-1.277
-1.38748
-1.4223
-1.42103
-1.41736
-1.41089
-1.40288
-1.39234
-1.37519
-1.35686
-1.26473
-1.39731
-1.46065
-1.4595
-1.45593
-1.44956
-1.4408
-1.43343
-1.4223
-1.40817
-1.30121
-1.42471
-1.50072
-1.49965
-1.4968
-1.49203
-1.48564
-1.48039
-1.47398
-1.46566
-1.40722
-1.4708
-1.54171
-1.54065
-1.53854
-1.53497
-1.53044
-1.52686
-1.52525
-1.51318
-1.56808
-1.54127
-1.58317
-1.58213
-1.58059
-1.57787
-1.57421
-1.56981
-1.57285
-1.54467
-1.60161
-1.60046
-1.62501
-1.62402
-1.6228
-1.62063
-1.61791
-1.61063
-1.61864
-1.57294
-1.63775
-1.64859
-1.66739
-1.66657
-1.66548
-1.66369
-1.66213
-1.65494
-1.66235
-1.61944
-1.686
-1.69599
-1.71053
-1.70992
-1.70904
-1.70774
-1.70747
-1.70267
-1.71066
-1.69684
-1.736
-1.74558
-1.75444
-1.75405
-1.75348
-1.75275
-1.75352
-1.75114
-1.75858
-1.76449
-1.77769
-1.79425
-1.79896
-1.79876
-1.79849
-1.79821
-1.7995
-1.79916
-1.80412
-1.82069
-1.81217
-1.83809
-1.8439
-1.84381
-1.84373
-1.84369
-1.8451
-1.84616
-1.8493
-1.86796
-1.85882
-1.88616
-1.88912
-1.88906
-1.88901
-1.889
-1.89016
-1.89195
-1.89452
-1.90902
-1.91655
-1.944
-1.93459
-1.93448
-1.93432
-1.93415
-1.93482
-1.93665
-1.93953
-1.95433
-1.9757
-2.00335
-1.16921
-1.16766
-1.16971
-1.18479
-1.20638
-1.2454
-1.31792
-1.43216
-1.43634
-1.31477
-1.20315
-1.20333
-1.20555
-1.21572
-1.232
-1.25964
-1.31134
-1.39604
-1.40556
-1.29788
-1.2399
-1.24028
-1.24215
-1.24851
-1.25663
-1.26573
-1.28274
-1.32398
-1.31174
-1.27225
-1.27735
-1.27768
-1.27961
-1.28356
-1.28353
-1.27648
-1.26502
-1.26496
-1.2011
-1.25587
-1.31384
-1.31429
-1.31634
-1.31824
-1.31427
-1.2992
-1.27466
-1.25845
-1.14024
-1.26324
-1.34944
-1.34945
-1.34911
-1.34907
-1.34441
-1.32951
-1.30365
-1.29149
-1.16951
-1.30236
-1.38541
-1.38502
-1.38307
-1.38025
-1.37489
-1.36233
-1.34221
-1.33525
-1.24101
-1.41868
-1.42273
-1.42228
-1.41961
-1.41494
-1.40811
-1.39983
-1.38815
-1.38658
-1.3316
-1.4464
-1.46183
-1.46158
-1.45916
-1.45464
-1.44833
-1.44319
-1.43724
-1.43443
-1.39653
-1.4724
-1.50238
-1.50228
-1.5005
-1.49683
-1.49196
-1.48925
-1.48849
-1.48486
-1.54215
-1.50645
-1.54376
-1.54365
-1.54235
-1.53943
-1.53558
-1.5332
-1.53549
-1.53061
-1.57867
-1.53901
-1.5852
-1.5848
-1.58406
-1.58175
-1.57833
-1.57414
-1.57761
-1.55886
-1.5949
-1.57883
-1.62656
-1.6258
-1.62542
-1.62356
-1.62092
-1.61405
-1.62095
-1.58281
-1.6294
-1.63122
-1.66826
-1.66746
-1.66694
-1.66541
-1.66427
-1.65762
-1.66811
-1.63673
-1.68391
-1.67975
-1.71079
-1.7102
-1.70947
-1.70842
-1.70882
-1.70593
-1.71646
-1.72911
-1.73966
-1.71803
-1.75434
-1.75396
-1.75335
-1.7528
-1.75397
-1.75395
-1.76054
-1.79844
-1.77543
-1.75871
-1.7987
-1.79848
-1.79811
-1.79786
-1.799
-1.80045
-1.80023
-1.83435
-1.80537
-1.8081
-1.84361
-1.84347
-1.84324
-1.8431
-1.84387
-1.84522
-1.84154
-1.85844
-1.8449
-1.85505
-1.88888
-1.88876
-1.88856
-1.88837
-1.88871
-1.88986
-1.88627
-1.89378
-1.89136
-1.90633
-1.93445
-1.93429
-1.93403
-1.93374
-1.93379
-1.93486
-1.93345
-1.9389
-1.94657
-1.96434
-1.16584
-1.16344
-1.1629
-1.17525
-1.19486
-1.22344
-1.29942
-1.46144
-1.55072
-1.4405
-1.20013
-1.19937
-1.2004
-1.20907
-1.22335
-1.24753
-1.29938
-1.42716
-1.5439
-1.50336
-1.23652
-1.23633
-1.23694
-1.24185
-1.24934
-1.26126
-1.28474
-1.35784
-1.44209
-1.49996
-1.2735
-1.27322
-1.27298
-1.27478
-1.2762
-1.27718
-1.27833
-1.30969
-1.35619
-1.42753
-1.31051
-1.3101
-1.30861
-1.30819
-1.30583
-1.30051
-1.29103
-1.29807
-1.29939
-1.38201
-1.34747
-1.3471
-1.34485
-1.34216
-1.33758
-1.33055
-1.31915
-1.31876
-1.28153
-1.35807
-1.38488
-1.38477
-1.38203
-1.37806
-1.37246
-1.36618
-1.35743
-1.36158
-1.34141
-1.36396
-1.42327
-1.42375
-1.42115
-1.41684
-1.4113
-1.40672
-1.40238
-1.41149
-1.43881
-1.4057
-1.46313
-1.46427
-1.46215
-1.45829
-1.45341
-1.45038
-1.44828
-1.45745
-1.4896
-1.4853
-1.50444
-1.50616
-1.50433
-1.50103
-1.49682
-1.49408
-1.49284
-1.49943
-1.51996
-1.52025
-1.54631
-1.54796
-1.54672
-1.54397
-1.54013
-1.53694
-1.53541
-1.53723
-1.5446
-1.54075
-1.58778
-1.58846
-1.58808
-1.58596
-1.58239
-1.57838
-1.57631
-1.56772
-1.56724
-1.5747
-1.6285
-1.62797
-1.62856
-1.6269
-1.62362
-1.61894
-1.61801
-1.59799
-1.60393
-1.61512
-1.66913
-1.66822
-1.66866
-1.66723
-1.66494
-1.66076
-1.66293
-1.64744
-1.66067
-1.65076
-1.71082
-1.71006
-1.7095
-1.70848
-1.70762
-1.70507
-1.70842
-1.70698
-1.70075
-1.6787
-1.75395
-1.75344
-1.75247
-1.75185
-1.75167
-1.75008
-1.75175
-1.75637
-1.73726
-1.71289
-1.79821
-1.79789
-1.79711
-1.7966
-1.79631
-1.79477
-1.79348
-1.79674
-1.7787
-1.76622
-1.84315
-1.84291
-1.84235
-1.84182
-1.84135
-1.83988
-1.83734
-1.83791
-1.82751
-1.82752
-1.88852
-1.8883
-1.88784
-1.88732
-1.88683
-1.88584
-1.88414
-1.8839
-1.88097
-1.88597
-1.93421
-1.934
-1.93357
-1.93306
-1.93264
-1.93224
-1.9322
-1.9336
-1.93681
-1.94895
-1.16273
-1.1612
-1.15723
-1.16364
-1.17771
-1.1968
-1.23063
-1.28345
-1.30684
-1.27246
-1.1968
-1.19558
-1.19591
-1.20065
-1.21184
-1.2266
-1.25289
-1.31248
-1.36461
-1.35514
-1.23305
-1.23281
-1.23367
-1.23561
-1.24236
-1.25153
-1.26529
-1.31678
-1.39304
-1.38577
-1.27064
-1.27039
-1.27038
-1.27018
-1.2724
-1.27638
-1.27897
-1.31235
-1.37499
-1.3949
-1.30863
-1.30808
-1.30685
-1.30549
-1.30372
-1.3038
-1.30099
-1.31718
-1.35188
-1.39214
-1.34714
-1.34635
-1.34334
-1.34076
-1.33767
-1.33578
-1.33115
-1.33805
-1.34734
-1.391
-1.38604
-1.38567
-1.38202
-1.37827
-1.3747
-1.37235
-1.36831
-1.3755
-1.3843
-1.40906
-1.425
-1.42614
-1.42263
-1.41826
-1.41459
-1.41227
-1.41
-1.41756
-1.42895
-1.44098
-1.46468
-1.46786
-1.46452
-1.46031
-1.45687
-1.4545
-1.45212
-1.45769
-1.4686
-1.47373
-1.50566
-1.51022
-1.50712
-1.50338
-1.50026
-1.49713
-1.49369
-1.49545
-1.50126
-1.50172
-1.54759
-1.55195
-1.54903
-1.5462
-1.54352
-1.53929
-1.53442
-1.5319
-1.53402
-1.5286
-1.58953
-1.59126
-1.58943
-1.58792
-1.58533
-1.58049
-1.57452
-1.56704
-1.56675
-1.56137
-1.63033
-1.62888
-1.62955
-1.62857
-1.62576
-1.62074
-1.61529
-1.60249
-1.60142
-1.59706
-1.66996
-1.6679
-1.66949
-1.66804
-1.66536
-1.66106
-1.65791
-1.64397
-1.64112
-1.63297
-1.71056
-1.70918
-1.70878
-1.70743
-1.70599
-1.70304
-1.70157
-1.69159
-1.68403
-1.66896
-1.75326
-1.75235
-1.75082
-1.74991
-1.74914
-1.74681
-1.74518
-1.73875
-1.72736
-1.71082
-1.79748
-1.79697
-1.7956
-1.79483
-1.79391
-1.7916
-1.78903
-1.78433
-1.77367
-1.76098
-1.84255
-1.84218
-1.84125
-1.84042
-1.83934
-1.83718
-1.83424
-1.83048
-1.82294
-1.81573
-1.88808
-1.88776
-1.88705
-1.88625
-1.88523
-1.88352
-1.8811
-1.87851
-1.87456
-1.8729
-1.93393
-1.93364
-1.93306
-1.93233
-1.93147
-1.93034
-1.92897
-1.92803
-1.92778
-1.93256
-1.15915
-1.16179
-1.15024
-1.15592
-1.16407
-1.17646
-1.19784
-1.22536
-1.23957
-1.22295
-1.19461
-1.1934
-1.1883
-1.19465
-1.20213
-1.21243
-1.23198
-1.26378
-1.28756
-1.2843
-1.23083
-1.22953
-1.22706
-1.23202
-1.23721
-1.24399
-1.25731
-1.28355
-1.31076
-1.31615
-1.26847
-1.26727
-1.26468
-1.26873
-1.27086
-1.27427
-1.28059
-1.29714
-1.32087
-1.33559
-1.30744
-1.30505
-1.30298
-1.30466
-1.30458
-1.3056
-1.30703
-1.31482
-1.32928
-1.3505
-1.3475
-1.34455
-1.34135
-1.34115
-1.33989
-1.3395
-1.33856
-1.34116
-1.34685
-1.37106
-1.38724
-1.38616
-1.37908
-1.37931
-1.37749
-1.37656
-1.37503
-1.37652
-1.37924
-1.39983
-1.42477
-1.42806
-1.41972
-1.41917
-1.41794
-1.41623
-1.41459
-1.41611
-1.41838
-1.4332
-1.46333
-1.46847
-1.46244
-1.45922
-1.46011
-1.4576
-1.45507
-1.45563
-1.45702
-1.4653
-1.50383
-1.51052
-1.50552
-1.50211
-1.50289
-1.49955
-1.49549
-1.4939
-1.49295
-1.49544
-1.54599
-1.55231
-1.54846
-1.54508
-1.54533
-1.54147
-1.53526
-1.53152
-1.52848
-1.52617
-1.58884
-1.59115
-1.58925
-1.58718
-1.58667
-1.58237
-1.57511
-1.56893
-1.565
-1.55997
-1.63084
-1.62788
-1.62837
-1.62752
-1.62653
-1.62209
-1.61498
-1.60687
-1.60288
-1.59618
-1.67053
-1.6665
-1.66859
-1.66705
-1.66501
-1.66138
-1.65583
-1.64715
-1.64262
-1.63376
-1.71028
-1.7079
-1.7071
-1.70541
-1.70437
-1.70202
-1.69816
-1.69033
-1.68439
-1.67293
-1.75257
-1.75119
-1.74864
-1.74754
-1.74699
-1.74511
-1.74191
-1.73565
-1.7273
-1.71551
-1.7968
-1.79599
-1.79398
-1.7931
-1.79205
-1.78994
-1.78668
-1.7813
-1.77317
-1.76285
-1.842
-1.84152
-1.84022
-1.83924
-1.83789
-1.83575
-1.8326
-1.8281
-1.82169
-1.81413
-1.88767
-1.88728
-1.88637
-1.88541
-1.8841
-1.88226
-1.87968
-1.87637
-1.8723
-1.86811
-1.93367
-1.93333
-1.93262
-1.93176
-1.93065
-1.92925
-1.92749
-1.92559
-1.92408
-1.92382
-1.14461
-1.14612
-1.14465
-1.1482
-1.15483
-1.16323
-1.17543
-1.18717
-1.18863
-1.17399
-1.18433
-1.18565
-1.18528
-1.18959
-1.1953
-1.20177
-1.21272
-1.22694
-1.23476
-1.22823
-1.22327
-1.22489
-1.22554
-1.22918
-1.23326
-1.2375
-1.24549
-1.25831
-1.26921
-1.26959
-1.26223
-1.26463
-1.26472
-1.26761
-1.26971
-1.2719
-1.27648
-1.28589
-1.29706
-1.30247
-1.30175
-1.30433
-1.30347
-1.3054
-1.30566
-1.30636
-1.30819
-1.31389
-1.32288
-1.33049
-1.34355
-1.34402
-1.3424
-1.34304
-1.34215
-1.34206
-1.34215
-1.34501
-1.351
-1.35933
-1.38393
-1.38345
-1.38164
-1.38124
-1.37996
-1.37964
-1.37876
-1.38006
-1.38379
-1.39111
-1.42212
-1.42321
-1.42177
-1.42045
-1.41929
-1.41907
-1.41737
-1.41759
-1.41964
-1.42459
-1.46072
-1.46391
-1.46307
-1.46212
-1.46128
-1.45983
-1.45693
-1.45581
-1.45605
-1.45785
-1.5009
-1.50609
-1.50606
-1.50494
-1.50451
-1.50118
-1.49664
-1.49385
-1.492
-1.49072
-1.54344
-1.54921
-1.54893
-1.54721
-1.54669
-1.5426
-1.536
-1.53169
-1.52806
-1.52425
-1.58743
-1.58955
-1.59031
-1.58867
-1.5877
-1.58305
-1.57557
-1.56982
-1.56494
-1.55943
-1.63018
-1.62798
-1.6302
-1.62991
-1.62752
-1.62246
-1.61519
-1.60854
-1.60299
-1.59641
-1.67035
-1.66702
-1.66886
-1.6681
-1.66535
-1.66122
-1.65533
-1.64868
-1.64263
-1.63508
-1.71005
-1.70774
-1.70625
-1.70439
-1.70343
-1.70111
-1.6969
-1.69074
-1.68421
-1.67574
-1.75206
-1.75051
-1.74698
-1.74569
-1.74534
-1.74384
-1.74042
-1.73472
-1.7278
-1.71907
-1.79632
-1.79527
-1.79241
-1.79155
-1.79073
-1.78882
-1.78544
-1.78029
-1.7737
-1.76561
-1.84163
-1.84109
-1.83939
-1.83836
-1.83696
-1.83484
-1.83168
-1.82727
-1.82176
-1.81516
-1.88741
-1.88696
-1.88591
-1.88484
-1.88341
-1.8815
-1.87885
-1.87548
-1.87156
-1.86707
-1.9335
-1.93312
-1.93234
-1.93138
-1.93013
-1.9286
-1.92666
-1.9245
-1.92241
-1.92041
-1.13002
-1.13709
-1.13875
-1.14306
-1.1487
-1.15536
-1.1625
-1.16846
-1.16935
-1.16218
-1.1741
-1.18039
-1.18277
-1.18591
-1.19022
-1.19544
-1.20192
-1.20942
-1.21363
-1.20941
-1.22017
-1.22195
-1.22424
-1.22651
-1.22969
-1.2335
-1.2387
-1.24601
-1.25186
-1.2507
-1.26308
-1.2633
-1.2646
-1.26616
-1.26804
-1.27034
-1.27379
-1.27958
-1.28537
-1.28618
-1.30301
-1.30443
-1.30491
-1.30554
-1.3059
-1.30676
-1.30846
-1.31224
-1.31698
-1.31894
-1.34241
-1.34465
-1.34524
-1.34483
-1.34398
-1.34366
-1.34387
-1.34582
-1.34914
-1.35158
-1.38123
-1.38406
-1.38546
-1.38444
-1.383
-1.38167
-1.38064
-1.38118
-1.38309
-1.38522
-1.42116
-1.42341
-1.42588
-1.42482
-1.42325
-1.42087
-1.4187
-1.41803
-1.4185
-1.41961
-1.46278
-1.46413
-1.46626
-1.46579
-1.46435
-1.46095
-1.45757
-1.45566
-1.45459
-1.45414
-1.50558
-1.50656
-1.50736
-1.50712
-1.50574
-1.50129
-1.49672
-1.49357
-1.49091
-1.48873
-1.54835
-1.54889
-1.54881
-1.54798
-1.54609
-1.5416
-1.53582
-1.53163
-1.52762
-1.52385
-1.58968
-1.58994
-1.5894
-1.5874
-1.58535
-1.58098
-1.57505
-1.5702
-1.5651
-1.5601
-1.62995
-1.62998
-1.62893
-1.62658
-1.62435
-1.62031
-1.61483
-1.60935
-1.60367
-1.59784
-1.66994
-1.66934
-1.66836
-1.66644
-1.66404
-1.66032
-1.65535
-1.64975
-1.64371
-1.63729
-1.71067
-1.70972
-1.70849
-1.70678
-1.7046
-1.7015
-1.69714
-1.69171
-1.68551
-1.67869
-1.75321
-1.75214
-1.75033
-1.74886
-1.74732
-1.74449
-1.74055
-1.73538
-1.72923
-1.72235
-1.79709
-1.79646
-1.79474
-1.79345
-1.79162
-1.78906
-1.78543
-1.7807
-1.77497
-1.76851
-1.84195
-1.84145
-1.84014
-1.83888
-1.83712
-1.83479
-1.83156
-1.82748
-1.82259
-1.81708
-1.88749
-1.88704
-1.88606
-1.88489
-1.8833
-1.88131
-1.87863
-1.87541
-1.87171
-1.86765
-1.9335
-1.93312
-1.93234
-1.93132
-1.92998
-1.92834
-1.92632
-1.92407
-1.92174
-1.91941
-1.13188
-1.13466
-1.13811
-1.14141
-1.14692
-1.15341
-1.15895
-1.16292
-1.16298
-1.15794
-1.17609
-1.17744
-1.18224
-1.18435
-1.18855
-1.1941
-1.19965
-1.20439
-1.20629
-1.20328
-1.21967
-1.21894
-1.22347
-1.22499
-1.22834
-1.23249
-1.23725
-1.24194
-1.24457
-1.24282
-1.26216
-1.26184
-1.26391
-1.26522
-1.26732
-1.26987
-1.27321
-1.27705
-1.27972
-1.27882
-1.30344
-1.3044
-1.30427
-1.30516
-1.3058
-1.3069
-1.30875
-1.31139
-1.31364
-1.31345
-1.34404
-1.3444
-1.34418
-1.34456
-1.34414
-1.34411
-1.34468
-1.34611
-1.34767
-1.34782
-1.38419
-1.38428
-1.38391
-1.38383
-1.38291
-1.38203
-1.38152
-1.38183
-1.38251
-1.38252
-1.42377
-1.42463
-1.42407
-1.42357
-1.42246
-1.42086
-1.41936
-1.41857
-1.4182
-1.41761
-1.46416
-1.46565
-1.46507
-1.4641
-1.46285
-1.46051
-1.45797
-1.45604
-1.45445
-1.45285
-1.50558
-1.5071
-1.5068
-1.5054
-1.50386
-1.50063
-1.49702
-1.49393
-1.49106
-1.48826
-1.54739
-1.54851
-1.54871
-1.54703
-1.54478
-1.54086
-1.53626
-1.53215
-1.52813
-1.52415
-1.58873
-1.58921
-1.59006
-1.58829
-1.58514
-1.58078
-1.57558
-1.57081
-1.56593
-1.56098
-1.62939
-1.62912
-1.62974
-1.62794
-1.62467
-1.62038
-1.61533
-1.61016
-1.60477
-1.59914
-1.66975
-1.66901
-1.66868
-1.66689
-1.66405
-1.66038
-1.65579
-1.65061
-1.64498
-1.63891
-1.71079
-1.70989
-1.70868
-1.70697
-1.70467
-1.70163
-1.69752
-1.69251
-1.68683
-1.68055
-1.75316
-1.75235
-1.75072
-1.74915
-1.74709
-1.74455
-1.74082
-1.73608
-1.73052
-1.72427
-1.79707
-1.79645
-1.79473
-1.79335
-1.79154
-1.7891
-1.78565
-1.78127
-1.77609
-1.77021
-1.84193
-1.84146
-1.84009
-1.83881
-1.83706
-1.83482
-1.83173
-1.8279
-1.8234
-1.81828
-1.88748
-1.88704
-1.88604
-1.88487
-1.88329
-1.8813
-1.87873
-1.87565
-1.8721
-1.86813
-1.93351
-1.93313
-1.93235
-1.93132
-1.92998
-1.92833
-1.92635
-1.92411
-1.92168
-1.9191
)
;

boundaryField
{
    lowerSideWalls
    {
        type            calculated;
        value           nonuniform List<scalar> 
800
(
371.464
321.553
270.456
217.944
164.828
112.581
57.3883
14.0047
1.72214
0.248502
-0.354839
-0.564833
-0.653869
-0.735203
-0.813623
-0.882303
-0.947324
-1.00617
-1.05365
-1.09668
371.74
321.768
270.56
217.834
164.025
110.374
50.9574
8.91481
1.16572
-0.0830167
-0.539829
-0.676061
-0.715399
-0.763937
-0.82809
-0.89218
-0.951099
-1.00468
-1.05363
-1.09744
372.439
322.521
271.454
218.852
164.321
108.035
44.6002
6.21023
0.600218
-0.336735
-0.637484
-0.732933
-0.774445
-0.811735
-0.859206
-0.911909
-0.963512
-1.01175
-1.05615
-1.09843
373.557
323.754
272.991
220.921
166.749
110.003
45.7763
6.2888
0.253701
-0.497866
-0.704699
-0.779708
-0.823753
-0.859468
-0.897247
-0.939179
-0.98234
-1.02356
-1.06339
-1.10197
374.957
325.31
274.951
223.62
170.684
114.806
53.26
8.07887
-0.0318013
-0.556941
-0.728188
-0.809536
-0.860653
-0.899156
-0.934586
-0.969717
-1.00457
-1.03809
-1.07102
-1.10464
376.502
327.037
277.118
226.551
175.051
121.155
63.8629
15.2546
0.20382
-0.548596
-0.729787
-0.822092
-0.887368
-0.934657
-0.969409
-0.999797
-1.02801
-1.05476
-1.08058
-1.10822
378.025
328.748
279.249
229.428
179.283
127.638
73.9444
26.3818
2.18356
-0.511154
-0.722557
-0.839648
-0.914931
-0.96975
-1.00356
-1.0281
-1.04898
-1.06876
-1.0879
-1.11053
379.375
330.26
281.113
231.928
182.833
132.751
81.4986
34.7215
5.75152
-0.475003
-0.706856
-0.859547
-0.94681
-1.00131
-1.03395
-1.05438
-1.06714
-1.07731
-1.09116
-1.10973
380.405
331.409
282.506
233.788
185.336
136.341
86.4926
38.7952
9.16612
-0.431946
-0.70876
-0.895912
-0.985882
-1.0324
-1.0622
-1.08025
-1.08571
-1.08684
-1.09349
-1.1067
381.026
332.085
283.307
234.84
186.793
138.638
89.4969
41.0354
9.88977
-0.288909
-0.762055
-0.945487
-1.02966
-1.06256
-1.08905
-1.10652
-1.10704
-1.09945
-1.09742
-1.10331
371.522
321.596
270.414
217.61
163.889
110.104
51.9244
10.2169
2.10003
0.827164
-0.0270796
-0.339998
-0.425507
-0.50737
-0.640481
-0.788014
-0.886109
-0.964482
-1.02939
-1.08465
371.8
321.818
270.564
217.637
163.486
108.915
48.2355
7.99089
1.15469
0.108373
-0.316231
-0.424572
-0.440946
-0.510093
-0.65413
-0.805604
-0.905111
-0.971376
-1.03201
-1.08716
372.503
322.587
271.513
218.831
164.131
107.307
43.1893
6.36958
0.772442
-0.215314
-0.523573
-0.573625
-0.557338
-0.597243
-0.716324
-0.83065
-0.907843
-0.974
-1.03499
-1.08947
373.627
323.838
273.104
221.058
166.891
110.008
45.5673
6.67873
0.42245
-0.380536
-0.596567
-0.650163
-0.662844
-0.699157
-0.777395
-0.854621
-0.922566
-0.985058
-1.04277
-1.09465
375.032
325.408
275.103
223.861
171.12
115.486
54.3373
9.01237
0.301784
-0.396335
-0.591328
-0.649211
-0.687488
-0.736319
-0.803331
-0.873966
-0.938847
-0.997112
-1.05174
-1.10186
376.59
327.146
277.294
226.833
175.626
122.138
65.5262
18.1873
0.932531
-0.374485
-0.566697
-0.640044
-0.692897
-0.752215
-0.822563
-0.893642
-0.955744
-1.01018
-1.06101
-1.10914
378.139
328.878
279.452
229.728
179.889
128.789
75.4927
29.4092
3.76529
-0.319593
-0.509328
-0.627794
-0.719519
-0.790599
-0.856719
-0.918519
-0.972476
-1.02083
-1.06807
-1.11472
379.539
330.424
281.352
232.254
183.413
133.781
82.9174
37.4165
8.07625
-0.218033
-0.4122
-0.58786
-0.729694
-0.825103
-0.895539
-0.95052
-0.99222
-1.02994
-1.07168
-1.11766
380.636
331.649
282.794
234.146
185.9
137.154
87.6841
41.6561
11.1825
-0.10202
-0.294243
-0.518012
-0.709965
-0.831217
-0.911455
-0.97346
-1.01337
-1.042
-1.07323
-1.11593
381.359
332.429
283.682
235.266
187.333
139.268
90.2556
42.6709
11.5136
0.105499
-0.206798
-0.451137
-0.67616
-0.81406
-0.902914
-0.97561
-1.03107
-1.05633
-1.07581
-1.11079
371.464
321.553
270.456
217.944
164.828
112.581
57.3883
14.0047
1.72214
0.248502
-0.354839
-0.564833
-0.653869
-0.735203
-0.813623
-0.882303
-0.947324
-1.00617
-1.05365
-1.09668
371.739
321.755
270.521
217.777
163.978
110.428
51.1095
8.55267
0.931419
-0.157196
-0.548172
-0.621145
-0.656597
-0.721711
-0.799222
-0.874477
-0.946725
-1.00683
-1.05564
-1.0986
372.445
322.508
271.391
218.705
164.048
107.612
43.9652
5.47182
0.364453
-0.400337
-0.650673
-0.683147
-0.701036
-0.752039
-0.818048
-0.88477
-0.947975
-1.00795
-1.0602
-1.10598
373.585
323.759
272.932
220.724
166.284
109.205
43.9515
5.29644
0.0843094
-0.551628
-0.716615
-0.729278
-0.744295
-0.78633
-0.841107
-0.900803
-0.959668
-1.01375
-1.06334
-1.10862
375.025
325.358
274.934
223.447
170.164
113.763
50.5654
6.58419
-0.159682
-0.601907
-0.724001
-0.741571
-0.761717
-0.802259
-0.853164
-0.909549
-0.966008
-1.02056
-1.0733
-1.12021
376.627
327.151
277.183
226.485
174.658
120.028
60.9042
11.0768
-0.0575207
-0.582544
-0.702346
-0.722043
-0.752612
-0.801031
-0.860371
-0.920272
-0.977915
-1.03213
-1.08535
-1.13124
378.212
328.937
279.421
229.524
179.15
126.951
72.1168
22.0385
0.955562
-0.572859
-0.688258
-0.705282
-0.743454
-0.794848
-0.859431
-0.925837
-0.990596
-1.04999
-1.10844
-1.15138
379.598
330.502
281.379
232.185
182.971
132.609
80.5339
33.1053
4.65846
-0.521105
-0.650311
-0.692725
-0.739917
-0.791253
-0.85521
-0.914799
-0.988657
-1.04951
-1.12805
-1.17898
380.613
331.655
282.81
234.134
185.649
136.395
86.0141
38.6445
8.45704
-0.43916
-0.581934
-0.663581
-0.726451
-0.778517
-0.838654
-0.869299
-0.939718
-1.00752
-1.12171
-1.18107
381.143
332.253
283.554
235.155
187.095
138.582
89.0995
41.8104
9.97342
-0.350788
-0.469126
-0.579015
-0.663823
-0.709889
-0.742227
-0.807044
-0.881129
-0.954035
-1.02751
-1.08662
381.123
332.237
283.55
235.187
187.218
138.858
89.4363
42.0205
9.81494
-0.283283
-0.357382
-0.421625
-0.511631
-0.614613
-0.751891
-0.842874
-0.919793
-0.99251
-1.04732
-1.11782
380.557
331.603
282.775
234.153
185.739
136.705
86.8779
39.0758
7.85719
-0.295649
-0.380117
-0.501884
-0.626629
-0.743386
-0.827468
-0.883137
-0.932839
-1.00782
-1.06178
-1.13816
379.526
330.445
281.358
232.262
183.232
133.156
81.9646
34.9674
5.25714
-0.264248
-0.419378
-0.566618
-0.702077
-0.796876
-0.847184
-0.897977
-0.944762
-0.997333
-1.06114
-1.13446
378.156
328.904
279.456
229.716
179.707
128.14
74.7468
27.381
2.46227
-0.267525
-0.419545
-0.573111
-0.738087
-0.787899
-0.821109
-0.89598
-0.980131
-1.01906
-1.09664
-1.13203
376.605
327.161
277.291
226.811
175.467
121.722
64.8887
16.4025
0.780146
-0.274459
-0.470089
-0.67213
-0.749103
-0.749142
-0.763799
-0.811655
-0.934753
-1.05082
-1.10877
-1.13507
375.039
325.408
275.085
223.815
170.983
115.176
54.0555
9.00843
0.576559
-0.274259
-0.560386
-0.711148
-0.755913
-0.753413
-0.761171
-0.823087
-0.940757
-1.03831
-1.08715
-1.12704
373.627
323.829
273.072
220.995
166.763
109.777
45.3193
6.68093
0.759331
-0.230317
-0.545894
-0.683443
-0.734845
-0.740154
-0.76668
-0.831896
-0.909674
-0.982354
-1.05187
-1.11522
372.499
322.575
271.481
218.779
164.034
107.138
42.8159
6.1743
1.01189
-0.0588463
-0.442249
-0.609067
-0.668215
-0.684254
-0.744064
-0.827639
-0.892522
-0.963698
-1.03432
-1.09581
371.797
321.809
270.545
217.615
163.433
108.773
47.672
7.78671
1.4578
0.288643
-0.284249
-0.512906
-0.549034
-0.571514
-0.671716
-0.805963
-0.902829
-0.971307
-1.02939
-1.0834
371.522
321.596
270.414
217.61
163.889
110.104
51.9244
10.2169
2.10003
0.827164
-0.0270796
-0.339998
-0.425507
-0.50737
-0.640481
-0.788014
-0.886109
-0.964482
-1.02939
-1.08465
)
;
    }
    upperSideWalls
    {
        type            calculated;
        value           nonuniform List<scalar> 
800
(
-1.13762
-1.17639
-1.21445
-1.25314
-1.29218
-1.32971
-1.3697
-1.4133
-1.45751
-1.49971
-1.54088
-1.58224
-1.62436
-1.66728
-1.71095
-1.75532
-1.8002
-1.84541
-1.89086
-1.93655
-1.13816
-1.17759
-1.21612
-1.25481
-1.29209
-1.32683
-1.36467
-1.4094
-1.4566
-1.50021
-1.54146
-1.58233
-1.62404
-1.66684
-1.71059
-1.75507
-1.80003
-1.84528
-1.89073
-1.93638
-1.138
-1.1749
-1.21102
-1.24799
-1.28637
-1.32392
-1.3614
-1.40453
-1.45087
-1.49701
-1.54093
-1.5821
-1.62343
-1.66618
-1.70988
-1.75449
-1.79964
-1.845
-1.89046
-1.93604
-1.13968
-1.17447
-1.20796
-1.24294
-1.28174
-1.32156
-1.36257
-1.40551
-1.45037
-1.4953
-1.53885
-1.58114
-1.62273
-1.66541
-1.70914
-1.7539
-1.79922
-1.84467
-1.8901
-1.93557
-1.13924
-1.17304
-1.20614
-1.2408
-1.28004
-1.32081
-1.36161
-1.40413
-1.44863
-1.4929
-1.53596
-1.57842
-1.6207
-1.66384
-1.70799
-1.7531
-1.79868
-1.84426
-1.88965
-1.93494
-1.13792
-1.1691
-1.20197
-1.23723
-1.2752
-1.31533
-1.35688
-1.39996
-1.44416
-1.48824
-1.53167
-1.57474
-1.61793
-1.66177
-1.7065
-1.7521
-1.79806
-1.84382
-1.88913
-1.93416
-1.13666
-1.16529
-1.19672
-1.23141
-1.2693
-1.3097
-1.35177
-1.39524
-1.43942
-1.4836
-1.52746
-1.57124
-1.61513
-1.65956
-1.70484
-1.75098
-1.79739
-1.84328
-1.88843
-1.93315
-1.13219
-1.15888
-1.18963
-1.22427
-1.26235
-1.30312
-1.34579
-1.38975
-1.43442
-1.47923
-1.52389
-1.56837
-1.61276
-1.65759
-1.70325
-1.74987
-1.79678
-1.8427
-1.88757
-1.93192
-1.12587
-1.1501
-1.18
-1.21485
-1.25362
-1.2953
-1.33895
-1.38386
-1.42943
-1.47513
-1.52063
-1.56578
-1.61076
-1.65601
-1.70193
-1.74868
-1.79572
-1.84151
-1.88619
-1.93037
-1.11734
-1.13879
-1.16796
-1.20342
-1.24339
-1.28647
-1.33153
-1.37779
-1.42468
-1.47167
-1.51832
-1.56438
-1.60999
-1.65543
-1.70129
-1.7477
-1.79404
-1.83954
-1.88413
-1.9284
-1.13188
-1.17609
-1.21967
-1.26216
-1.30344
-1.34404
-1.38419
-1.42377
-1.46416
-1.50558
-1.54739
-1.58873
-1.62939
-1.66975
-1.71079
-1.75316
-1.79707
-1.84193
-1.88748
-1.93351
-1.13466
-1.17744
-1.21894
-1.26184
-1.3044
-1.3444
-1.38428
-1.42463
-1.46565
-1.5071
-1.54851
-1.58921
-1.62912
-1.66901
-1.70989
-1.75235
-1.79645
-1.84146
-1.88704
-1.93313
-1.13811
-1.18224
-1.22347
-1.26391
-1.30427
-1.34418
-1.38391
-1.42407
-1.46507
-1.5068
-1.54871
-1.59006
-1.62974
-1.66868
-1.70868
-1.75072
-1.79473
-1.84009
-1.88604
-1.93235
-1.14141
-1.18435
-1.22499
-1.26522
-1.30516
-1.34456
-1.38383
-1.42357
-1.4641
-1.5054
-1.54703
-1.58829
-1.62794
-1.66689
-1.70697
-1.74915
-1.79335
-1.83881
-1.88487
-1.93132
-1.14692
-1.18855
-1.22834
-1.26732
-1.3058
-1.34414
-1.38291
-1.42246
-1.46285
-1.50386
-1.54478
-1.58514
-1.62467
-1.66405
-1.70467
-1.74709
-1.79154
-1.83706
-1.88329
-1.92998
-1.15341
-1.1941
-1.23249
-1.26987
-1.3069
-1.34411
-1.38203
-1.42086
-1.46051
-1.50063
-1.54086
-1.58078
-1.62038
-1.66038
-1.70163
-1.74455
-1.7891
-1.83482
-1.8813
-1.92833
-1.15895
-1.19965
-1.23725
-1.27321
-1.30875
-1.34468
-1.38152
-1.41936
-1.45797
-1.49702
-1.53626
-1.57558
-1.61533
-1.65579
-1.69752
-1.74082
-1.78565
-1.83173
-1.87873
-1.92635
-1.16292
-1.20439
-1.24194
-1.27705
-1.31139
-1.34611
-1.38183
-1.41857
-1.45604
-1.49393
-1.53215
-1.57081
-1.61016
-1.65061
-1.69251
-1.73608
-1.78127
-1.8279
-1.87565
-1.92411
-1.16298
-1.20629
-1.24457
-1.27972
-1.31364
-1.34767
-1.38251
-1.4182
-1.45445
-1.49106
-1.52813
-1.56593
-1.60477
-1.64498
-1.68683
-1.73052
-1.77609
-1.8234
-1.8721
-1.92168
-1.15794
-1.20328
-1.24282
-1.27882
-1.31345
-1.34782
-1.38252
-1.41761
-1.45285
-1.48826
-1.52415
-1.56098
-1.59914
-1.63891
-1.68055
-1.72427
-1.77021
-1.81828
-1.86813
-1.9191
-1.13762
-1.17639
-1.21445
-1.25314
-1.29218
-1.32971
-1.3697
-1.4133
-1.45751
-1.49971
-1.54088
-1.58224
-1.62436
-1.66728
-1.71095
-1.75532
-1.8002
-1.84541
-1.89086
-1.93655
-1.14234
-1.1816
-1.21947
-1.25609
-1.29569
-1.33631
-1.37581
-1.41649
-1.45859
-1.50015
-1.54073
-1.58191
-1.62417
-1.66715
-1.7108
-1.75519
-1.80012
-1.84538
-1.89087
-1.93654
-1.14583
-1.18436
-1.22141
-1.26009
-1.29964
-1.33988
-1.38018
-1.42
-1.46018
-1.50063
-1.54044
-1.58118
-1.62349
-1.6666
-1.71033
-1.75484
-1.7999
-1.84525
-1.89075
-1.9364
-1.14947
-1.18731
-1.22418
-1.26108
-1.29896
-1.33866
-1.37867
-1.42018
-1.46129
-1.50085
-1.54025
-1.58039
-1.62234
-1.66557
-1.70957
-1.75437
-1.79961
-1.8451
-1.89065
-1.93626
-1.15919
-1.19384
-1.22815
-1.26375
-1.30071
-1.33816
-1.37804
-1.41989
-1.46123
-1.50147
-1.54097
-1.58039
-1.6215
-1.66453
-1.70878
-1.7538
-1.79929
-1.8449
-1.89048
-1.93605
-1.16825
-1.2008
-1.2336
-1.26866
-1.30528
-1.34292
-1.38178
-1.42179
-1.46206
-1.5023
-1.54176
-1.58079
-1.62126
-1.66407
-1.70841
-1.75357
-1.79913
-1.84481
-1.89037
-1.93583
-1.18102
-1.20908
-1.23994
-1.27389
-1.30966
-1.34608
-1.38371
-1.42269
-1.46245
-1.50231
-1.5415
-1.5807
-1.62138
-1.6642
-1.70848
-1.75357
-1.79907
-1.84473
-1.89029
-1.9357
-1.20204
-1.22324
-1.25048
-1.28282
-1.31681
-1.35062
-1.38583
-1.42288
-1.46151
-1.50087
-1.54029
-1.58019
-1.62151
-1.6645
-1.7087
-1.75366
-1.79902
-1.84455
-1.89
-1.93534
-1.20422
-1.22717
-1.25341
-1.29248
-1.32792
-1.35776
-1.38953
-1.42423
-1.46122
-1.49987
-1.53953
-1.58012
-1.62192
-1.66502
-1.70915
-1.75399
-1.79918
-1.84448
-1.88976
-1.93505
-1.13255
-1.17142
-1.22797
-1.29438
-1.33626
-1.36117
-1.39068
-1.42421
-1.46066
-1.49928
-1.53928
-1.58031
-1.62239
-1.66552
-1.70952
-1.75412
-1.79905
-1.84414
-1.8893
-1.93462
-1.15947
-1.19844
-1.24379
-1.28722
-1.32143
-1.35513
-1.38806
-1.42243
-1.4594
-1.49885
-1.53939
-1.58078
-1.62298
-1.66602
-1.70984
-1.75428
-1.7991
-1.84414
-1.88933
-1.93469
-1.17864
-1.21023
-1.24649
-1.28441
-1.32125
-1.3532
-1.38638
-1.42177
-1.4595
-1.49936
-1.54013
-1.58163
-1.62376
-1.66656
-1.7101
-1.75431
-1.799
-1.84401
-1.88923
-1.93464
-1.1754
-1.20619
-1.2423
-1.28029
-1.31687
-1.35122
-1.38594
-1.4223
-1.46065
-1.50072
-1.54171
-1.58317
-1.62501
-1.66739
-1.71053
-1.75444
-1.79896
-1.8439
-1.88912
-1.93459
-1.16921
-1.20315
-1.2399
-1.27735
-1.31384
-1.34944
-1.38541
-1.42273
-1.46183
-1.50238
-1.54376
-1.5852
-1.62656
-1.66826
-1.71079
-1.75434
-1.7987
-1.84361
-1.88888
-1.93445
-1.16584
-1.20013
-1.23652
-1.2735
-1.31051
-1.34747
-1.38488
-1.42327
-1.46313
-1.50444
-1.54631
-1.58778
-1.6285
-1.66913
-1.71082
-1.75395
-1.79821
-1.84315
-1.88852
-1.93421
-1.16273
-1.1968
-1.23305
-1.27064
-1.30863
-1.34714
-1.38604
-1.425
-1.46468
-1.50566
-1.54759
-1.58953
-1.63033
-1.66996
-1.71056
-1.75326
-1.79748
-1.84255
-1.88808
-1.93393
-1.15915
-1.19461
-1.23083
-1.26847
-1.30744
-1.3475
-1.38724
-1.42477
-1.46333
-1.50383
-1.54599
-1.58884
-1.63084
-1.67053
-1.71028
-1.75257
-1.7968
-1.842
-1.88767
-1.93367
-1.14461
-1.18433
-1.22327
-1.26223
-1.30175
-1.34355
-1.38393
-1.42212
-1.46072
-1.5009
-1.54344
-1.58743
-1.63018
-1.67035
-1.71005
-1.75206
-1.79632
-1.84163
-1.88741
-1.9335
-1.13002
-1.1741
-1.22017
-1.26308
-1.30301
-1.34241
-1.38123
-1.42116
-1.46278
-1.50558
-1.54835
-1.58968
-1.62995
-1.66994
-1.71067
-1.75321
-1.79709
-1.84195
-1.88749
-1.9335
-1.13188
-1.17609
-1.21967
-1.26216
-1.30344
-1.34404
-1.38419
-1.42377
-1.46416
-1.50558
-1.54739
-1.58873
-1.62939
-1.66975
-1.71079
-1.75316
-1.79707
-1.84193
-1.88748
-1.93351
)
;
    }
    lowerWall
    {
        type            calculated;
        value           nonuniform List<scalar> 
200
(
395.989
396.264
396.97
398.11
399.55
401.152
402.737
404.123
405.138
405.668
405.648
405.082
404.051
402.681
401.13
399.564
398.152
397.024
396.322
396.047
396.265
396.535
397.253
398.42
399.886
401.498
403.079
404.452
405.448
405.958
405.928
405.362
404.339
402.979
401.436
399.867
398.438
397.293
396.588
396.325
396.964
397.247
397.979
399.154
400.624
402.222
403.781
405.115
406.064
406.534
406.486
405.928
404.932
403.604
402.092
400.548
399.133
397.999
397.295
397.028
398.082
398.389
399.129
400.29
401.728
403.285
404.777
406.031
406.893
407.293
407.227
406.694
405.77
404.511
403.066
401.584
400.224
399.127
398.433
398.152
399.482
399.81
400.545
401.67
403.051
404.541
405.951
407.112
407.877
408.25
408.175
407.68
406.795
405.61
404.247
402.845
401.561
400.522
399.851
399.557
401.027
401.359
402.069
403.14
404.444
405.849
407.17
408.256
408.99
409.297
409.209
408.75
407.912
406.802
405.517
404.203
403.007
402.04
401.404
401.115
402.55
402.872
403.545
404.533
405.736
407.039
408.291
409.322
410.002
410.317
410.259
409.806
409.002
407.947
406.711
405.498
404.407
403.527
402.937
402.664
403.9
404.202
404.821
405.712
406.802
407.986
409.255
410.268
410.97
411.311
411.287
410.882
410.077
409.025
407.727
406.632
405.644
404.853
404.315
404.064
404.93
405.206
405.768
406.559
407.558
408.717
409.826
410.918
411.69
412.173
412.175
411.726
410.839
409.717
408.553
407.497
406.59
405.879
405.394
405.161
405.551
405.805
406.324
407.064
408.005
409.125
410.233
411.341
412.275
412.389
412.433
412.348
411.353
410.278
409.158
408.104
407.25
406.544
406.101
405.884
)
;
    }
    atmosphere
    {
        type            calculated;
        value           nonuniform List<scalar> 0();
    }
    procBoundary0to1
    {
        type            processor;
        value           nonuniform List<scalar> 
800
(
381.187
332.237
283.442
234.947
186.874
138.707
89.4226
41.109
10.2086
-0.312118
-0.823259
-0.981314
-1.06072
-1.08737
-1.11438
-1.13343
-1.13129
-1.11656
-1.10507
-1.10086
381.426
332.453
283.57
234.826
186.393
138.023
88.9857
39.5192
11.452
-0.812378
-1.05424
-1.13234
-1.14153
-1.1647
-1.1759
-1.17615
-1.16726
-1.13823
-1.11003
-1.09576
381.912
332.953
284.047
235.283
186.695
138.302
89.8531
43.9184
11.9557
-1.02765
-1.18905
-1.24595
-1.21118
-1.2195
-1.22364
-1.21274
-1.18442
-1.14257
-1.10199
-1.08316
382.686
333.679
284.74
235.862
187.16
138.401
90.206
47.6007
12.8182
-0.0838105
-0.954328
-1.19817
-1.23984
-1.27244
-1.28228
-1.2593
-1.19931
-1.11904
-1.06379
-1.05849
383.617
334.662
285.824
237.105
188.162
138.731
89.1502
47.7205
15.4604
2.85845
-0.0806286
-0.847784
-1.05041
-1.24304
-1.26997
-1.23326
-1.17628
-1.10637
-1.06069
-1.05862
384.724
335.831
287.004
238.06
188.97
140.549
90.3276
42.5941
11.5566
4.39696
1.24489
-0.458181
-1.0705
-1.21773
-1.24629
-1.23024
-1.1843
-1.13067
-1.09642
-1.08832
385.912
337.159
288.602
240.295
191.566
141.683
91.8264
48.3321
15.4718
3.67259
2.4386
0.274569
-0.703483
-1.02898
-1.18226
-1.23701
-1.21914
-1.17695
-1.14282
-1.12889
387.09
338.586
290.44
243.041
195.9
149.078
101.752
57.9299
18.8789
2.79203
1.93667
0.312102
-0.582435
-0.945972
-1.10119
-1.17844
-1.19388
-1.18176
-1.16497
-1.15787
388.1
339.776
292.015
245.311
199.336
154.21
110.609
71.4428
33.5915
10.1373
3.26374
0.826136
-0.541413
-0.947158
-1.09075
-1.15825
-1.17587
-1.18071
-1.18955
-1.20636
388.679
340.577
293.267
247.327
202.344
158.625
118.088
82.6779
52.7983
24.8188
8.35589
3.03409
-0.00842247
-0.859077
-1.08496
-1.17852
-1.21396
-1.23609
-1.26564
-1.30683
388.874
341.077
293.7
247.488
202.397
159.968
122.968
90.5447
69.2772
35.7759
11.7216
4.46878
0.543464
-0.698845
-0.999584
-1.11166
-1.18891
-1.23329
-1.29205
-1.35484
388.303
340.014
292.433
245.672
199.699
156.697
116.13
75.1613
47.0487
18.341
6.34397
2.52813
0.226226
-0.798122
-1.06504
-1.05394
-1.01499
-1.04772
-1.20081
-1.38141
387.29
338.772
290.752
243.128
196.378
149.877
106.209
64.0186
30.4984
4.07392
0.970874
-0.405374
-1.31322
-1.41904
-1.23187
-1.04649
-0.907212
-0.946881
-1.1063
-1.30293
386.132
337.339
288.767
240.152
191.816
146.681
101.576
57.7978
19.2941
-0.414975
-0.914928
-1.21532
-1.3932
-1.45589
-1.27703
-1.04037
-0.845163
-0.7754
-0.818389
-1.02501
384.902
335.931
286.763
237.549
189.85
144.656
97.4933
51.8437
13.0133
-0.788327
-1.13342
-1.24601
-1.22084
-1.24041
-1.1629
-1.02015
-0.864043
-0.773243
-0.823479
-1.018
383.836
334.825
285.734
236.587
188.207
140.216
93.4795
45.3659
10.5247
-0.578092
-0.996173
-1.13524
-1.06839
-1.10387
-1.06766
-1.01388
-0.964351
-0.932159
-0.952261
-1.05406
382.967
333.962
284.951
236.001
187.339
139.096
91.1281
41.9149
10.8208
-0.42114
-0.880471
-1.04571
-0.985946
-1.02415
-1.02711
-1.02045
-1.0147
-1.01784
-1.04042
-1.09586
382.309
333.317
284.375
235.552
186.995
138.777
90.403
40.0764
12.2943
-0.178365
-0.66906
-0.900551
-0.901918
-0.944516
-0.978816
-1.01261
-1.04323
-1.06112
-1.07429
-1.10153
381.861
332.889
284.02
235.317
187.002
138.842
90.167
40.963
13.6714
0.00932738
-0.377138
-0.655603
-0.785003
-0.881664
-0.952416
-1.01649
-1.08278
-1.1328
-1.12602
-1.12104
381.646
332.708
283.945
235.504
187.514
139.405
90.0972
41.7764
11.0306
0.327246
-0.151557
-0.413889
-0.644929
-0.801524
-0.899763
-0.977268
-1.04296
-1.07154
-1.0815
-1.10601
-1.10748
-1.12543
-1.15418
-1.19095
-1.23274
-1.27757
-1.32414
-1.37176
-1.42001
-1.46834
-1.51618
-1.56315
-1.60929
-1.65498
-1.70068
-1.74645
-1.79206
-1.83716
-1.88176
-1.9263
-1.09937
-1.1179
-1.14848
-1.18694
-1.22977
-1.27516
-1.32219
-1.3704
-1.41931
-1.46816
-1.51617
-1.563
-1.60906
-1.65501
-1.70119
-1.74742
-1.79328
-1.83816
-1.88211
-1.9259
-1.08661
-1.10705
-1.14008
-1.18024
-1.22411
-1.27012
-1.31785
-1.36706
-1.41737
-1.46771
-1.51678
-1.56416
-1.61025
-1.65637
-1.70304
-1.75043
-1.79713
-1.84128
-1.88335
-1.92535
-1.07339
-1.09517
-1.13238
-1.175
-1.21925
-1.26486
-1.3129
-1.36365
-1.41624
-1.46805
-1.51729
-1.56466
-1.6116
-1.65891
-1.70727
-1.75624
-1.80375
-1.84813
-1.88799
-1.92656
-1.07648
-1.10254
-1.14052
-1.18178
-1.22283
-1.26444
-1.30971
-1.36145
-1.41955
-1.47596
-1.52762
-1.57359
-1.6135
-1.65664
-1.71401
-1.77426
-1.8127
-1.84919
-1.8871
-1.92485
-1.10011
-1.12588
-1.15591
-1.19028
-1.22642
-1.26707
-1.31397
-1.3669
-1.42297
-1.47508
-1.52179
-1.56725
-1.61423
-1.66674
-1.71909
-1.76586
-1.80357
-1.84264
-1.88117
-1.92008
-1.13263
-1.1501
-1.17367
-1.20046
-1.23107
-1.26867
-1.31496
-1.36762
-1.42354
-1.47729
-1.52282
-1.56587
-1.6117
-1.66828
-1.72424
-1.76607
-1.79959
-1.83643
-1.87457
-1.91362
-1.16394
-1.18008
-1.19873
-1.21516
-1.2328
-1.26194
-1.3043
-1.3496
-1.39954
-1.45734
-1.51674
-1.56697
-1.61344
-1.66182
-1.71217
-1.75986
-1.80406
-1.84157
-1.87603
-1.91299
-1.2296
-1.2509
-1.253
-1.23497
-1.22387
-1.25503
-1.3087
-1.3583
-1.42115
-1.49189
-1.55273
-1.59293
-1.62761
-1.66633
-1.70986
-1.75005
-1.78894
-1.83231
-1.87238
-1.91778
-1.35474
-1.37513
-1.34777
-1.30548
-1.28487
-1.28517
-1.27926
-1.31205
-1.3831
-1.47641
-1.56429
-1.63619
-1.67685
-1.7041
-1.74195
-1.79075
-1.82065
-1.85487
-1.89155
-1.93333
-1.34947
-1.39153
-1.37633
-1.31397
-1.29175
-1.28285
-1.27527
-1.29306
-1.36961
-1.47109
-1.56164
-1.63643
-1.69196
-1.73871
-1.78667
-1.83847
-1.87968
-1.9077
-1.93744
-1.96545
-1.42109
-1.36575
-1.32654
-1.29186
-1.28743
-1.2908
-1.29262
-1.30582
-1.36376
-1.45414
-1.565
-1.65046
-1.70381
-1.74702
-1.79055
-1.83749
-1.88312
-1.91815
-1.95801
-1.99126
-1.33455
-1.26792
-1.19143
-1.25713
-1.30501
-1.3433
-1.36152
-1.37805
-1.42604
-1.50658
-1.58599
-1.65863
-1.69954
-1.72582
-1.76223
-1.81209
-1.8697
-1.92029
-1.96096
-1.99911
-1.20263
-1.24526
-1.2884
-1.30939
-1.33304
-1.36182
-1.40005
-1.45214
-1.49891
-1.52551
-1.54613
-1.57997
-1.6344
-1.68888
-1.71568
-1.75632
-1.81333
-1.86992
-1.92391
-1.98918
-1.15506
-1.28007
-1.34721
-1.33052
-1.32227
-1.32903
-1.37186
-1.44584
-1.51732
-1.52083
-1.53452
-1.56539
-1.60482
-1.63616
-1.65687
-1.689
-1.75432
-1.82633
-1.88727
-1.95222
-1.21996
-1.32131
-1.33498
-1.36073
-1.37859
-1.40637
-1.43511
-1.46114
-1.48463
-1.50194
-1.52255
-1.55241
-1.58748
-1.6217
-1.65525
-1.69653
-1.74884
-1.80714
-1.87013
-1.93641
-1.1783
-1.24539
-1.28907
-1.32395
-1.35069
-1.38014
-1.41179
-1.4422
-1.46934
-1.49426
-1.52146
-1.55346
-1.58895
-1.62554
-1.66307
-1.70442
-1.75184
-1.80504
-1.86322
-1.92464
-1.15184
-1.2085
-1.25484
-1.29554
-1.3277
-1.36042
-1.39398
-1.4268
-1.45793
-1.48833
-1.51976
-1.55353
-1.58961
-1.62749
-1.66734
-1.71023
-1.75708
-1.80785
-1.8619
-1.91811
-1.15085
-1.19709
-1.24127
-1.27951
-1.31485
-1.34953
-1.38419
-1.41848
-1.45211
-1.48543
-1.51932
-1.55462
-1.59171
-1.63069
-1.67172
-1.71522
-1.76162
-1.81102
-1.86318
-1.91678
-1.14977
-1.19574
-1.23662
-1.27331
-1.30929
-1.34484
-1.38021
-1.41532
-1.45005
-1.48462
-1.51961
-1.55566
-1.59325
-1.63264
-1.67404
-1.71772
-1.76394
-1.81274
-1.86377
-1.91631
)
;
    }
    procBoundary0to2
    {
        type            processor;
        value           nonuniform List<scalar> 
200
(
-1.98251
-1.98228
-1.98184
-1.98121
-1.98038
-1.97934
-1.97806
-1.97658
-1.97494
-1.97312
-1.98246
-1.98223
-1.9818
-1.98118
-1.98035
-1.97928
-1.97792
-1.97629
-1.97444
-1.97243
-1.98227
-1.98204
-1.9816
-1.98098
-1.98013
-1.97902
-1.97763
-1.97575
-1.9737
-1.97122
-1.98206
-1.98182
-1.98137
-1.9807
-1.9798
-1.97855
-1.97718
-1.97534
-1.97338
-1.97066
-1.98177
-1.98154
-1.98109
-1.98049
-1.97968
-1.97822
-1.97743
-1.97408
-1.97062
-1.96775
-1.98143
-1.98108
-1.98048
-1.97954
-1.97834
-1.97736
-1.97591
-1.97072
-1.96622
-1.96343
-1.98118
-1.98088
-1.9803
-1.97923
-1.97847
-1.97654
-1.97333
-1.9684
-1.96297
-1.95966
-1.9808
-1.98039
-1.97963
-1.9784
-1.97694
-1.97441
-1.96992
-1.96587
-1.96341
-1.95969
-1.98054
-1.9802
-1.97947
-1.97842
-1.97684
-1.97431
-1.96993
-1.96344
-1.96117
-1.96305
-1.98022
-1.97991
-1.97916
-1.97818
-1.97681
-1.97461
-1.97165
-1.96708
-1.97056
-1.97328
-1.98029
-1.98
-1.97944
-1.97864
-1.97789
-1.97732
-1.97801
-1.98067
-1.99509
-2.00003
-1.98029
-1.98005
-1.97965
-1.97912
-1.9791
-1.97961
-1.98243
-1.99519
-2.02178
-2.02954
-1.98033
-1.98011
-1.97976
-1.97929
-1.97933
-1.98066
-1.98337
-1.99791
-2.02027
-2.04492
-1.9803
-1.98008
-1.9797
-1.97923
-1.97903
-1.97991
-1.98076
-1.98808
-1.99964
-2.02443
-1.98022
-1.97997
-1.97952
-1.97897
-1.97856
-1.97847
-1.97938
-1.98214
-1.98834
-2.01071
-1.98009
-1.97981
-1.97928
-1.9786
-1.97787
-1.9772
-1.97684
-1.97758
-1.98033
-1.99144
-1.97997
-1.97967
-1.97907
-1.97829
-1.97736
-1.97636
-1.97538
-1.97475
-1.97559
-1.97944
-1.9799
-1.97957
-1.97893
-1.9781
-1.97705
-1.97589
-1.97467
-1.97368
-1.97337
-1.97394
-1.97991
-1.97958
-1.97893
-1.97805
-1.97695
-1.97567
-1.97426
-1.97294
-1.97195
-1.97146
-1.97993
-1.97961
-1.97896
-1.97809
-1.97697
-1.97568
-1.97425
-1.97283
-1.97152
-1.97038
)
;
    }
}


// ************************************************************************* //
