/*--------------------------------*- C++ -*----------------------------------*\
| =========                 |                                                 |
| \\      /  F ield         | OpenFOAM: The Open Source CFD Toolbox           |
|  \\    /   O peration     | Version:  2312                                  |
|   \\  /    A nd           | Website:  www.openfoam.com                      |
|    \\/     M anipulation  |                                                 |
\*---------------------------------------------------------------------------*/
FoamFile
{
    version     2.0;
    format      ascii;
    arch        "LSB;label=32;scalar=64";
    class       volScalarField;
    location    "1.26";
    object      p;
}
// * * * * * * * * * * * * * * * * * * * * * * * * * * * * * * * * * * * * * //

dimensions      [1 -1 -2 0 0 0 0];

internalField   nonuniform List<scalar> 
8000
(
376.578
376.224
375.726
375.099
374.359
373.602
372.923
372.4
372.08
372.017
328.279
327.738
327.132
326.468
325.756
324.976
324.252
323.682
323.323
323.236
280.835
280.273
279.414
278.443
277.611
276.78
275.983
275.344
274.92
274.74
234.536
233.946
232.787
231.521
230.287
229.205
228.232
227.446
226.832
226.583
189.158
188.455
186.977
185.532
183.917
182.446
181.182
180.139
179.331
179.012
145.465
144.697
142.407
140.449
138.378
136.481
134.87
133.561
132.646
132.178
104.115
102.929
100.535
97.5504
94.6849
92.2333
90.3515
88.8954
87.8797
87.2327
64.4306
62.6534
59.2362
55.6061
52.1793
49.486
47.6153
46.4498
45.7942
45.1711
34.1212
29.9275
24.9398
20.6876
17.7238
15.9076
14.9742
14.7887
14.8065
14.4347
12.0313
7.38605
3.56156
1.57199
0.630254
0.232298
0.0831023
0.0364757
-0.000356509
-0.0896923
-0.437307
-0.449829
-0.453646
-0.456171
-0.464191
-0.463545
-0.467217
-0.479381
-0.492271
-0.498771
-0.501096
-0.495628
-0.499028
-0.509221
-0.51292
-0.508521
-0.50795
-0.514119
-0.520154
-0.521008
-0.533595
-0.534266
-0.542919
-0.560592
-0.560216
-0.555732
-0.557392
-0.566115
-0.571463
-0.568532
-0.58034
-0.584332
-0.598427
-0.61638
-0.617688
-0.615671
-0.614322
-0.621704
-0.626847
-0.624077
-0.634649
-0.637227
-0.660928
-0.678068
-0.678163
-0.676552
-0.672244
-0.675814
-0.676814
-0.670728
-0.695906
-0.702451
-0.72407
-0.736164
-0.733259
-0.729213
-0.726299
-0.728139
-0.72562
-0.717493
-0.760703
-0.769989
-0.779126
-0.781776
-0.77776
-0.774172
-0.775607
-0.780067
-0.77967
-0.772821
-0.820037
-0.834572
-0.828141
-0.819637
-0.822249
-0.822591
-0.826871
-0.833136
-0.835352
-0.830203
-0.878006
-0.888288
-0.881057
-0.87478
-0.87683
-0.878237
-0.881416
-0.886042
-0.888725
-0.885876
-0.937312
-0.943681
-0.943608
-0.941129
-0.937676
-0.936273
-0.936446
-0.938588
-0.939492
-0.93651
375.991
375.606
375.056
374.496
373.774
373.033
372.357
371.83
371.512
371.457
327.537
326.908
326.331
325.649
325.034
324.32
323.612
323.039
322.674
322.576
280.109
279.352
278.425
277.469
276.727
275.971
275.199
274.54
274.097
273.978
233.713
232.968
231.611
230.272
229.167
228.175
227.22
226.363
225.733
225.48
188.083
187.416
185.965
184.363
182.669
181.179
179.87
178.724
177.824
177.363
143.948
143.231
141.491
139.064
136.866
134.886
133.017
131.561
130.479
129.93
102.65
101.015
98.697
95.3983
92.4134
89.7636
87.543
85.781
84.4993
83.7146
61.4496
60.1602
57.1943
53.3004
49.4424
46.104
43.5285
41.6296
40.2229
39.1521
31.6088
27.7864
23.1543
18.9402
15.5833
13.0076
11.3606
10.2525
9.25666
8.31917
9.3951
5.47163
2.67859
1.03966
0.240502
-0.10535
-0.26913
-0.33366
-0.359286
-0.393143
-0.444116
-0.449851
-0.453619
-0.462749
-0.464271
-0.456047
-0.459213
-0.468652
-0.482356
-0.493165
-0.483161
-0.483544
-0.494554
-0.510521
-0.50939
-0.504318
-0.508562
-0.519445
-0.528247
-0.528478
-0.516924
-0.522131
-0.541292
-0.558693
-0.559812
-0.55559
-0.562454
-0.571126
-0.576152
-0.573933
-0.566203
-0.576454
-0.597156
-0.617655
-0.62108
-0.619238
-0.623834
-0.630677
-0.632956
-0.627842
-0.628063
-0.640814
-0.665826
-0.680687
-0.680994
-0.677658
-0.678827
-0.68557
-0.685261
-0.675431
-0.693963
-0.707226
-0.733683
-0.741857
-0.734047
-0.728951
-0.729644
-0.736531
-0.739513
-0.72687
-0.757331
-0.769915
-0.78365
-0.783431
-0.777329
-0.774294
-0.780835
-0.788756
-0.790916
-0.779468
-0.819133
-0.828905
-0.820968
-0.81741
-0.822248
-0.827484
-0.834711
-0.842787
-0.84428
-0.837698
-0.877929
-0.883328
-0.872861
-0.874703
-0.880927
-0.886414
-0.891977
-0.897618
-0.899494
-0.894406
-0.936218
-0.942695
-0.943407
-0.943534
-0.944366
-0.945656
-0.946613
-0.950372
-0.952025
-0.946994
375.071
374.704
374.4
373.798
372.92
372.069
371.346
370.794
370.471
370.425
326.47
325.986
325.574
324.891
324.075
323.249
322.498
321.902
321.537
321.453
278.81
278.142
277.491
276.358
275.417
274.645
273.863
273.197
272.762
272.627
232.209
231.332
230.358
228.767
227.392
226.421
225.505
224.718
224.181
223.922
186.283
185.474
184.266
182.265
180.469
178.853
177.517
176.508
175.794
175.398
141.659
140.704
139.042
136.373
133.938
131.675
129.954
128.648
127.694
127.13
99.1954
97.7238
95.2586
91.6549
88.3371
85.4016
83.1017
81.4265
80.2354
79.4311
58.3118
56.6393
53.2242
48.5705
43.8051
39.6949
36.7625
34.9028
33.6423
32.6592
27.2516
23.9703
19.435
14.7626
10.7755
7.8813
6.10858
5.0675
4.37818
3.84525
5.79873
3.33703
1.38254
0.165838
-0.190813
-0.309394
-0.373892
-0.379931
-0.380538
-0.404761
-0.438507
-0.448732
-0.458394
-0.466796
-0.450283
-0.444511
-0.45644
-0.46738
-0.479309
-0.489893
-0.481069
-0.487009
-0.503624
-0.518929
-0.512762
-0.508971
-0.514
-0.523784
-0.531489
-0.528094
-0.513257
-0.523976
-0.544548
-0.561631
-0.563202
-0.565591
-0.570378
-0.573912
-0.572801
-0.563957
-0.556373
-0.570062
-0.594454
-0.613204
-0.615574
-0.620024
-0.624903
-0.626151
-0.621113
-0.610154
-0.620636
-0.639634
-0.662574
-0.672681
-0.673873
-0.674551
-0.679206
-0.679269
-0.674461
-0.662977
-0.687711
-0.707297
-0.729738
-0.735399
-0.730467
-0.727889
-0.735792
-0.739838
-0.734971
-0.720353
-0.748381
-0.767779
-0.781114
-0.781757
-0.778696
-0.782107
-0.793358
-0.801303
-0.796658
-0.780444
-0.811284
-0.824107
-0.822903
-0.8246
-0.831488
-0.840994
-0.852152
-0.860533
-0.857527
-0.843667
-0.872773
-0.882675
-0.876936
-0.884179
-0.89338
-0.900351
-0.908363
-0.915897
-0.916562
-0.905018
-0.93091
-0.939936
-0.946361
-0.951383
-0.953816
-0.956278
-0.958774
-0.963984
-0.967533
-0.959997
373.872
373.507
373.32
372.615
371.669
370.715
369.941
369.363
369.034
369.003
325.193
324.716
324.479
323.795
322.86
321.81
320.971
320.34
319.97
319.906
277.132
276.57
276.013
275.065
274.053
272.99
272.084
271.367
270.923
270.798
230.082
229.224
228.362
226.919
225.49
224.326
223.293
222.463
221.917
221.714
183.874
182.878
181.677
179.672
177.721
175.996
174.623
173.615
172.919
172.584
138.57
137.297
135.303
132.562
130.111
127.898
126.174
124.932
124.034
123.47
95.1781
93.6404
90.7962
86.9079
83.3073
80.2346
77.9293
76.3197
75.2002
74.4115
53.9355
51.9932
47.6827
42.0224
36.55
32.3141
29.5792
28.0546
27.1446
26.3674
21.715
19.1282
14.4419
9.53756
5.68666
3.58907
2.49162
1.96644
1.68829
1.47508
2.73344
1.44956
0.131675
-0.206998
-0.297394
-0.361874
-0.375658
-0.367333
-0.368213
-0.387078
-0.433877
-0.445957
-0.462764
-0.442925
-0.434077
-0.447437
-0.456005
-0.45823
-0.458549
-0.464979
-0.486313
-0.496081
-0.506793
-0.509485
-0.506563
-0.509327
-0.517225
-0.523666
-0.52057
-0.512608
-0.522486
-0.534841
-0.552873
-0.56192
-0.562145
-0.564501
-0.570656
-0.574514
-0.571436
-0.562551
-0.561957
-0.57963
-0.598726
-0.612507
-0.615088
-0.618017
-0.621554
-0.620226
-0.615178
-0.605033
-0.617789
-0.63948
-0.656754
-0.666413
-0.671022
-0.676659
-0.682474
-0.679325
-0.671872
-0.658068
-0.681865
-0.704455
-0.725079
-0.730219
-0.72963
-0.73849
-0.753702
-0.759811
-0.751316
-0.731877
-0.743817
-0.764096
-0.78109
-0.782112
-0.783639
-0.795534
-0.814156
-0.824241
-0.819052
-0.798579
-0.80854
-0.82013
-0.828483
-0.83233
-0.841909
-0.855398
-0.871616
-0.88081
-0.874058
-0.853968
-0.871124
-0.882873
-0.885034
-0.892198
-0.901668
-0.911032
-0.92169
-0.929089
-0.926264
-0.908719
-0.929182
-0.937408
-0.946865
-0.956861
-0.960566
-0.964628
-0.968227
-0.972695
-0.974524
-0.960158
372.377
372.023
371.649
370.827
369.872
369.015
368.239
367.648
367.313
367.297
323.674
323.219
322.783
321.974
320.876
319.962
319.119
318.468
318.091
318.041
275.365
274.745
274.078
273.169
271.979
270.909
269.938
269.162
268.706
268.585
227.76
226.938
225.821
224.534
223.151
221.828
220.665
219.763
219.167
218.965
180.994
179.886
178.223
176.348
174.457
172.71
171.254
170.134
169.379
169.046
134.613
133.199
131.115
128.174
125.713
123.505
121.776
120.438
119.432
118.82
90.4597
88.8646
85.4918
81.3038
77.4774
74.3272
72.0803
70.4785
69.4311
68.7552
48.6047
46.1477
40.8608
34.4775
28.741
24.66
22.3217
21.2222
20.594
20.1389
16.1188
13.7645
9.13281
4.8159
2.31665
1.03257
0.417389
0.124014
0.106853
0.0959237
0.798584
0.0645625
-0.251605
-0.297325
-0.336392
-0.358095
-0.366781
-0.369559
-0.359877
-0.353359
-0.436994
-0.455721
-0.435999
-0.428196
-0.436618
-0.444084
-0.44584
-0.441187
-0.43443
-0.427678
-0.486948
-0.490098
-0.492043
-0.497003
-0.501052
-0.506939
-0.509623
-0.50551
-0.498066
-0.487242
-0.526622
-0.540971
-0.549378
-0.555879
-0.557327
-0.561944
-0.564815
-0.565864
-0.560274
-0.548518
-0.574229
-0.591778
-0.605855
-0.611318
-0.614265
-0.619431
-0.624766
-0.624073
-0.618287
-0.607348
-0.624262
-0.642575
-0.658303
-0.664756
-0.67533
-0.687373
-0.698682
-0.701477
-0.694959
-0.677561
-0.679702
-0.703067
-0.722494
-0.7296
-0.735927
-0.752982
-0.771241
-0.779872
-0.771443
-0.748047
-0.744313
-0.762983
-0.781428
-0.786373
-0.789855
-0.806041
-0.827074
-0.837735
-0.831249
-0.808948
-0.809913
-0.818522
-0.825839
-0.837723
-0.847332
-0.859887
-0.876687
-0.884927
-0.879171
-0.860637
-0.873179
-0.881902
-0.885251
-0.894977
-0.904557
-0.912426
-0.922501
-0.926897
-0.922914
-0.9082
-0.929283
-0.935837
-0.944035
-0.955026
-0.960862
-0.965006
-0.969016
-0.971128
-0.967844
-0.953986
370.749
370.401
369.872
369.056
368.125
367.222
366.41
365.797
365.45
365.445
321.952
321.537
320.93
320.049
319.005
318.018
317.135
316.453
316.058
316.013
273.439
272.88
272.067
271.014
269.822
268.661
267.625
266.808
266.301
266.179
225.334
224.592
223.429
221.971
220.513
219.087
217.813
216.791
216.126
215.91
177.771
176.754
175.065
173.026
171.065
169.255
167.668
166.342
165.46
165.076
130.631
128.825
126.708
123.897
121.245
118.966
117.133
115.563
114.4
113.739
85.4565
83.6747
79.8433
75.4655
71.4083
68.218
66.1661
63.9744
62.1466
61.0219
42.3829
39.7567
34.1125
27.4405
21.6457
18.062
16.5677
15.54
14.643
13.994
11.1389
9.11985
5.16022
2.11973
0.607887
0.0345175
-0.135126
-0.188315
-0.201029
-0.193836
-0.143008
-0.271055
-0.331047
-0.341478
-0.339336
-0.326799
-0.320915
-0.318586
-0.316162
-0.306582
-0.430986
-0.423535
-0.428737
-0.43467
-0.429432
-0.421756
-0.412867
-0.411743
-0.407093
-0.397331
-0.476621
-0.486952
-0.488733
-0.496129
-0.497948
-0.497032
-0.492748
-0.491962
-0.485473
-0.471665
-0.523861
-0.545781
-0.547207
-0.554495
-0.559212
-0.563158
-0.565394
-0.566789
-0.559859
-0.542669
-0.573609
-0.600435
-0.606355
-0.611876
-0.620402
-0.631512
-0.638471
-0.639703
-0.633169
-0.613582
-0.629801
-0.651234
-0.660367
-0.669956
-0.687684
-0.70416
-0.712103
-0.713752
-0.705954
-0.685175
-0.684713
-0.705832
-0.72389
-0.733717
-0.744586
-0.758801
-0.771448
-0.777793
-0.770148
-0.749045
-0.744391
-0.764547
-0.786745
-0.794933
-0.795763
-0.806753
-0.821465
-0.82672
-0.81998
-0.801716
-0.810504
-0.821597
-0.838748
-0.847382
-0.851078
-0.857243
-0.867385
-0.871408
-0.865535
-0.850493
-0.871318
-0.879902
-0.888522
-0.897892
-0.902184
-0.907017
-0.914138
-0.916396
-0.91319
-0.899656
-0.927564
-0.935537
-0.943203
-0.950905
-0.953976
-0.957659
-0.96284
-0.964643
-0.961176
-0.948547
369.161
368.801
368.203
367.363
366.41
365.461
364.614
363.969
363.604
363.6
320.25
319.836
319.171
318.22
317.158
316.111
315.178
314.458
314.033
313.99
271.513
270.968
270.096
268.974
267.691
266.449
265.337
264.447
263.893
263.768
222.949
222.231
221.112
219.496
217.939
216.395
214.993
213.849
213.085
212.821
174.663
173.663
172.037
169.848
167.879
165.955
164.084
162.594
161.521
161.011
126.714
125.049
122.767
119.899
117.102
114.689
112.561
110.659
109.112
108.211
80.4959
78.5234
74.6894
70.1771
65.9457
62.8441
59.7556
56.6981
54.1584
52.4303
36.4551
34.1101
28.693
22.0207
16.4928
13.7692
12.5524
11.3929
10.2545
9.41179
7.26777
5.92711
2.82533
0.65026
-0.0283572
-0.149399
-0.204534
-0.21706
-0.215848
-0.216413
-0.269242
-0.33061
-0.378526
-0.371016
-0.339582
-0.321856
-0.319113
-0.316484
-0.31077
-0.304454
-0.402273
-0.407092
-0.434816
-0.438602
-0.422514
-0.416624
-0.415413
-0.41009
-0.399589
-0.386152
-0.468415
-0.450152
-0.495565
-0.502904
-0.502047
-0.502318
-0.501062
-0.495391
-0.48341
-0.46502
-0.520391
-0.54241
-0.553457
-0.561511
-0.569728
-0.575764
-0.575592
-0.57144
-0.56088
-0.541131
-0.57768
-0.60773
-0.60916
-0.618606
-0.634586
-0.644983
-0.646003
-0.641621
-0.632983
-0.613549
-0.634321
-0.658357
-0.663646
-0.67669
-0.695922
-0.707013
-0.707581
-0.704226
-0.695411
-0.678246
-0.689511
-0.710006
-0.724521
-0.738484
-0.748448
-0.753459
-0.755985
-0.755295
-0.748589
-0.731475
-0.749346
-0.762727
-0.787282
-0.801755
-0.801236
-0.800967
-0.803508
-0.804047
-0.797277
-0.780963
-0.810468
-0.81826
-0.839045
-0.856079
-0.85728
-0.854671
-0.85345
-0.852066
-0.84635
-0.830791
-0.869187
-0.877175
-0.888118
-0.897838
-0.902135
-0.902912
-0.901359
-0.901684
-0.897476
-0.883025
-0.927724
-0.935758
-0.941165
-0.943728
-0.946361
-0.949014
-0.94956
-0.952272
-0.949014
-0.934755
367.762
367.38
366.733
365.868
364.883
363.889
362.999
362.32
361.934
361.926
318.729
318.276
317.533
316.588
315.504
314.404
313.419
312.645
312.183
312.126
269.749
269.151
268.252
267.057
265.783
264.459
263.264
262.292
261.668
261.5
220.797
220.009
218.797
217.304
215.666
213.921
212.446
211.162
210.265
209.9
171.903
170.835
169.247
167.227
165.121
163.054
160.915
159.159
157.854
157.15
123.297
121.7
119.425
116.489
113.509
110.927
108.383
106.001
104.045
102.777
76.1302
74.215
70.5518
65.9383
61.346
57.7762
53.8207
50.2479
47.2563
44.9173
31.6779
29.8269
24.9798
18.4679
13.1276
10.9235
9.6605
8.46208
7.31789
6.34098
5.00378
4.00816
1.4839
0.0844825
-0.152144
-0.189338
-0.223545
-0.232383
-0.230494
-0.226612
-0.265198
-0.362782
-0.410923
-0.383451
-0.339046
-0.331468
-0.327993
-0.322735
-0.313132
-0.302263
-0.390611
-0.408452
-0.442422
-0.445048
-0.432885
-0.42995
-0.423085
-0.412605
-0.399558
-0.38327
-0.468405
-0.47139
-0.502127
-0.510894
-0.51214
-0.512283
-0.504856
-0.493939
-0.48269
-0.465856
-0.524894
-0.537393
-0.56049
-0.569963
-0.580596
-0.581669
-0.576592
-0.566605
-0.557171
-0.542243
-0.582929
-0.608193
-0.612525
-0.625707
-0.64306
-0.64573
-0.642751
-0.634642
-0.624921
-0.611216
-0.640174
-0.661283
-0.665963
-0.683238
-0.698795
-0.702023
-0.700744
-0.694965
-0.684986
-0.67128
-0.698002
-0.709688
-0.723175
-0.741994
-0.749969
-0.748513
-0.746351
-0.743124
-0.735072
-0.722146
-0.753726
-0.759228
-0.781466
-0.800097
-0.801642
-0.793355
-0.790424
-0.788041
-0.780747
-0.768385
-0.810353
-0.816293
-0.831163
-0.846901
-0.850793
-0.844002
-0.841066
-0.83695
-0.828001
-0.815837
-0.870088
-0.878582
-0.88357
-0.886556
-0.889253
-0.889334
-0.888265
-0.885001
-0.876451
-0.865775
-0.927499
-0.937061
-0.937863
-0.931205
-0.928536
-0.930738
-0.933591
-0.933126
-0.927227
-0.918564
366.696
366.305
365.626
364.722
363.692
362.645
361.706
360.984
360.575
360.555
317.582
317.119
316.36
315.355
314.22
313.064
312.007
311.17
310.663
310.569
268.411
267.841
266.908
265.698
264.312
262.887
261.594
260.528
259.818
259.566
219.143
218.348
217.185
215.663
213.894
212.025
210.368
208.94
207.899
207.418
169.78
168.79
167.23
165.215
162.896
160.396
158.224
156.273
154.751
153.913
120.644
119.17
116.935
113.907
110.726
107.771
104.854
102.068
99.7825
98.2991
72.739
71.0404
67.5685
62.8227
58.4307
54.0526
49.3547
45.4204
42.1765
39.6173
28.3136
26.9428
22.5573
15.8855
10.8517
8.98641
7.751
6.57628
5.428
4.46474
3.80526
2.89902
0.816998
-0.0560552
-0.19619
-0.22516
-0.24577
-0.249011
-0.243149
-0.234081
-0.273704
-0.380017
-0.429365
-0.386988
-0.344659
-0.342404
-0.340082
-0.334417
-0.323165
-0.307839
-0.389419
-0.41558
-0.450523
-0.454929
-0.44538
-0.438473
-0.428953
-0.42005
-0.409153
-0.392158
-0.471702
-0.477853
-0.509194
-0.519676
-0.521207
-0.514435
-0.504979
-0.496058
-0.48846
-0.474926
-0.529061
-0.547286
-0.565531
-0.57668
-0.586788
-0.581562
-0.572738
-0.564185
-0.557495
-0.547391
-0.585151
-0.606141
-0.616763
-0.630462
-0.646479
-0.643878
-0.636011
-0.627236
-0.619734
-0.611114
-0.641743
-0.658783
-0.667716
-0.688185
-0.698547
-0.699531
-0.693282
-0.684697
-0.675627
-0.666818
-0.696035
-0.706488
-0.725224
-0.743993
-0.749215
-0.748322
-0.742054
-0.73391
-0.724626
-0.715957
-0.752693
-0.75834
-0.776045
-0.792598
-0.794718
-0.788618
-0.783801
-0.77719
-0.769365
-0.762279
-0.812037
-0.819524
-0.826116
-0.831584
-0.83055
-0.826265
-0.824392
-0.819632
-0.81439
-0.808676
-0.872527
-0.883182
-0.879581
-0.869871
-0.864566
-0.864834
-0.863839
-0.863683
-0.862086
-0.856959
-0.927138
-0.937154
-0.932319
-0.916367
-0.907367
-0.906303
-0.910438
-0.914937
-0.914901
-0.908366
366.062
365.658
364.956
364.015
362.942
361.83
360.856
360.096
359.666
359.542
316.904
316.422
315.627
314.594
313.408
312.201
311.071
310.183
309.629
309.569
267.61
267.039
266.092
264.827
263.359
261.849
260.467
259.325
258.533
258.395
218.159
217.316
216.168
214.609
212.722
210.733
208.916
207.358
206.197
205.808
168.541
167.494
165.986
163.907
161.436
158.74
156.272
154.093
152.435
151.718
119.069
117.682
115.415
112.291
108.943
105.59
102.196
98.9368
96.3589
94.992
70.6729
69.1217
65.7612
60.981
56.8613
51.3867
46.0542
41.5135
37.9988
35.7038
26.4781
25.2604
21.0766
14.3943
9.77803
7.82712
6.45322
5.1009
3.94698
3.1717
3.44424
2.33435
0.466423
-0.115235
-0.211839
-0.246071
-0.261266
-0.261367
-0.252965
-0.24128
-0.285889
-0.381423
-0.437029
-0.392318
-0.350576
-0.350252
-0.351431
-0.348009
-0.338099
-0.321098
-0.393088
-0.423293
-0.458704
-0.464954
-0.453756
-0.443742
-0.437836
-0.433557
-0.426622
-0.409608
-0.472245
-0.488439
-0.518675
-0.529559
-0.530052
-0.523941
-0.514815
-0.508607
-0.503975
-0.490618
-0.528592
-0.549968
-0.570961
-0.584082
-0.593846
-0.592188
-0.580873
-0.572906
-0.568608
-0.558809
-0.582386
-0.603224
-0.619462
-0.633887
-0.649103
-0.651081
-0.638282
-0.628337
-0.623832
-0.616295
-0.635989
-0.653054
-0.671602
-0.690014
-0.6993
-0.700956
-0.688308
-0.677682
-0.673215
-0.667211
-0.691368
-0.702356
-0.722454
-0.741207
-0.744577
-0.744293
-0.733714
-0.724298
-0.719791
-0.714558
-0.750689
-0.759118
-0.770959
-0.780989
-0.780178
-0.778678
-0.773581
-0.768175
-0.76498
-0.760948
-0.81324
-0.823375
-0.822258
-0.813601
-0.807571
-0.808394
-0.810677
-0.810784
-0.810731
-0.8082
-0.873576
-0.884424
-0.873807
-0.850829
-0.840597
-0.842646
-0.850088
-0.856442
-0.860024
-0.857683
-0.92238
-0.931365
-0.918496
-0.891733
-0.883357
-0.887565
-0.899211
-0.909918
-0.912654
-0.908952
365.914
365.502
364.774
363.811
362.704
361.565
360.54
359.749
359.299
359.204
316.761
316.28
315.438
314.371
313.139
311.874
310.704
309.774
309.194
309.102
267.449
266.876
265.898
264.559
263.018
261.445
259.988
258.777
257.949
257.718
217.972
217.109
215.881
214.268
212.214
210.185
208.221
206.53
205.309
204.861
168.333
167.17
165.613
163.461
160.884
157.935
155.19
152.777
151.008
150.304
118.681
117.21
114.978
111.771
108.014
104.465
100.56
96.7292
93.7517
92.3444
70.1373
68.6246
65.3349
60.7996
56.4408
50.0176
43.8259
38.3693
34.3097
32.1096
25.94
24.4536
20.5963
14.3629
9.75663
7.27055
5.38672
3.77616
2.69074
2.14617
3.39121
2.0351
0.332507
-0.141459
-0.224038
-0.256228
-0.268339
-0.265526
-0.256179
-0.244272
-0.291981
-0.380518
-0.437565
-0.394147
-0.354592
-0.358734
-0.362899
-0.359366
-0.350201
-0.331553
-0.396362
-0.431521
-0.466491
-0.471167
-0.460837
-0.458981
-0.456392
-0.448164
-0.441773
-0.422948
-0.473149
-0.497579
-0.528354
-0.537431
-0.540657
-0.54202
-0.535984
-0.523917
-0.518576
-0.504052
-0.528019
-0.552039
-0.575902
-0.591009
-0.604286
-0.611326
-0.600077
-0.586581
-0.581401
-0.570934
-0.578771
-0.598519
-0.618986
-0.638823
-0.655836
-0.665282
-0.652057
-0.638321
-0.633642
-0.624777
-0.630171
-0.644681
-0.666271
-0.687516
-0.701091
-0.705595
-0.694293
-0.682676
-0.680065
-0.672915
-0.687842
-0.6968
-0.713424
-0.731982
-0.738643
-0.739647
-0.730868
-0.724132
-0.724041
-0.718779
-0.751891
-0.758666
-0.764415
-0.766662
-0.764988
-0.765877
-0.765351
-0.764842
-0.767173
-0.764568
-0.814873
-0.823765
-0.818556
-0.798851
-0.790358
-0.794952
-0.800866
-0.805344
-0.811807
-0.812684
-0.871448
-0.882401
-0.862609
-0.83192
-0.822609
-0.828842
-0.840095
-0.852
-0.862072
-0.862717
-0.910665
-0.919846
-0.897636
-0.871233
-0.869008
-0.877248
-0.891737
-0.906345
-0.914405
-0.912281
366.262
365.852
365.109
364.127
362.999
361.842
360.794
359.982
359.513
359.464
317.161
316.644
315.804
314.721
313.46
312.161
310.963
310.003
309.414
309.301
267.957
267.393
266.341
264.966
263.389
261.762
260.24
258.973
258.137
257.879
218.579
217.716
216.463
214.774
212.709
210.522
208.416
206.607
205.361
204.879
169.052
167.84
166.261
164.052
161.256
158.206
155.205
152.552
150.689
149.936
119.589
118.033
115.798
112.604
108.461
104.719
100.284
95.8647
92.4553
90.8761
71.2487
69.3943
66.3313
62.139
57.4082
50.1653
42.9612
36.3635
31.5036
29.164
26.7046
24.5289
20.7741
15.3965
10.7817
7.42851
4.77898
2.91973
1.89638
1.47794
3.53368
2.00461
0.282164
-0.15847
-0.230621
-0.260633
-0.269415
-0.261183
-0.24895
-0.235056
-0.299595
-0.387653
-0.445951
-0.406897
-0.367364
-0.374533
-0.373871
-0.363274
-0.350585
-0.330915
-0.404078
-0.44381
-0.472588
-0.477912
-0.475011
-0.48635
-0.474102
-0.449128
-0.440906
-0.426044
-0.478162
-0.506433
-0.530839
-0.536762
-0.543452
-0.559828
-0.548527
-0.520563
-0.515345
-0.508865
-0.530889
-0.552454
-0.575308
-0.588697
-0.603701
-0.618012
-0.606143
-0.582059
-0.57801
-0.575847
-0.578868
-0.593282
-0.613455
-0.632768
-0.65272
-0.664976
-0.652445
-0.633445
-0.63075
-0.628215
-0.62912
-0.637825
-0.65489
-0.676611
-0.694846
-0.702728
-0.691551
-0.679123
-0.678429
-0.67453
-0.691252
-0.694475
-0.703895
-0.717548
-0.726124
-0.73007
-0.725383
-0.721316
-0.724412
-0.721344
-0.75541
-0.760987
-0.761518
-0.757058
-0.751145
-0.754783
-0.757415
-0.760186
-0.766691
-0.767032
-0.814118
-0.825032
-0.817163
-0.792657
-0.77916
-0.784628
-0.788753
-0.796574
-0.809313
-0.815363
-0.865375
-0.874264
-0.853013
-0.821542
-0.813589
-0.819909
-0.830379
-0.84602
-0.860479
-0.866456
-0.900967
-0.911216
-0.889901
-0.871333
-0.871332
-0.878757
-0.890346
-0.903113
-0.913668
-0.918362
367.09
366.666
365.928
364.943
363.809
362.652
361.602
360.787
360.304
360.249
318.046
317.539
316.716
315.615
314.347
313.041
311.841
310.886
310.299
310.186
269.025
268.418
267.361
266.008
264.426
262.79
261.254
259.988
259.172
258.933
219.908
219.032
217.746
216.051
213.989
211.767
209.619
207.791
206.565
206.121
170.739
169.347
167.822
165.65
162.852
159.731
156.632
153.907
152.031
151.322
121.714
119.935
117.716
114.66
110.726
106.662
102.057
97.4114
93.8171
92.2704
74.0049
71.8028
68.6205
64.4257
59.6928
52.556
44.8141
37.3387
31.6365
29.1577
29.1446
26.3061
21.8219
16.7648
12.4218
8.60361
5.26183
2.95682
1.8114
1.44089
3.95875
2.52505
0.550007
-0.180541
-0.242552
-0.248555
-0.256662
-0.250927
-0.236783
-0.222005
-0.32193
-0.395054
-0.443127
-0.434036
-0.390552
-0.375079
-0.365515
-0.352615
-0.339486
-0.323942
-0.417845
-0.460512
-0.479078
-0.481614
-0.479126
-0.485473
-0.460579
-0.426428
-0.421764
-0.419859
-0.485299
-0.511689
-0.529891
-0.531617
-0.534425
-0.542283
-0.525351
-0.497233
-0.495684
-0.505958
-0.5372
-0.551898
-0.568635
-0.574336
-0.58232
-0.590556
-0.577531
-0.558017
-0.560721
-0.57736
-0.585063
-0.591209
-0.602035
-0.612135
-0.626002
-0.632503
-0.621342
-0.610989
-0.61552
-0.631364
-0.637373
-0.639985
-0.643622
-0.655581
-0.669183
-0.670887
-0.663168
-0.65979
-0.665945
-0.673074
-0.700344
-0.703107
-0.700906
-0.707034
-0.708614
-0.706434
-0.703818
-0.706043
-0.713483
-0.717353
-0.760166
-0.766442
-0.763397
-0.756202
-0.743852
-0.741706
-0.742898
-0.747961
-0.757244
-0.763407
-0.813975
-0.821751
-0.814105
-0.794839
-0.779591
-0.777908
-0.77828
-0.785896
-0.80162
-0.815138
-0.859525
-0.864854
-0.850463
-0.829575
-0.822548
-0.822575
-0.828213
-0.84218
-0.861509
-0.876471
-0.898771
-0.912057
-0.902655
-0.892355
-0.891074
-0.893288
-0.900595
-0.911959
-0.924771
-0.936631
368.295
367.867
367.153
366.185
365.063
363.916
362.877
362.064
361.58
361.531
319.354
318.857
318.059
316.979
315.722
314.43
313.246
312.305
311.729
311.623
270.589
269.908
268.916
267.596
266.053
264.447
262.942
261.712
260.931
260.722
221.854
221.006
219.704
217.993
215.989
213.853
211.774
210.018
208.848
208.438
173.224
171.912
170.309
168.109
165.423
162.432
159.458
156.864
155.068
154.354
124.882
123.01
120.859
117.807
114.115
110.058
105.912
101.762
98.4725
96.9704
78.0934
75.7466
72.4331
68.2685
63.6162
57.6477
50.4411
43.1881
37.4286
34.6436
33.4816
30.2989
25.1417
19.387
14.5492
10.9408
7.35217
4.44298
2.88286
2.35751
5.18987
3.83815
1.56536
0.0674533
-0.211361
-0.215729
-0.222506
-0.221817
-0.218184
-0.207371
-0.317459
-0.402042
-0.428826
-0.424983
-0.370743
-0.340622
-0.33258
-0.331738
-0.322468
-0.311758
-0.424126
-0.469285
-0.483755
-0.476301
-0.447979
-0.432303
-0.413902
-0.395448
-0.394964
-0.403521
-0.492953
-0.510139
-0.522399
-0.517039
-0.505442
-0.499402
-0.485116
-0.469903
-0.473531
-0.492325
-0.545222
-0.551116
-0.556977
-0.554979
-0.552591
-0.554956
-0.544219
-0.535436
-0.544839
-0.572466
-0.595232
-0.593894
-0.592842
-0.593867
-0.602266
-0.602483
-0.592094
-0.592943
-0.60582
-0.634582
-0.651233
-0.647857
-0.640554
-0.646897
-0.655615
-0.647505
-0.640371
-0.646746
-0.65899
-0.678008
-0.710019
-0.710434
-0.706699
-0.709532
-0.704771
-0.691732
-0.688396
-0.696764
-0.705817
-0.714708
-0.763475
-0.768925
-0.765897
-0.762421
-0.747276
-0.737843
-0.736154
-0.74358
-0.751971
-0.759903
-0.815328
-0.818452
-0.813404
-0.804526
-0.79172
-0.784966
-0.781501
-0.787154
-0.802559
-0.819043
-0.860943
-0.863649
-0.858476
-0.850999
-0.845167
-0.840893
-0.841223
-0.855591
-0.879157
-0.900048
-0.905217
-0.920429
-0.92361
-0.924752
-0.924284
-0.924603
-0.930394
-0.946263
-0.967293
-0.986457
369.768
369.343
368.672
367.736
366.63
365.515
364.5
363.707
363.237
363.193
320.958
320.461
319.718
318.691
317.453
316.188
315.046
314.136
313.58
313.482
272.417
271.754
270.807
269.582
268.105
266.578
265.13
263.964
263.223
263.029
224.187
223.337
222.014
220.397
218.525
216.553
214.628
213.022
211.954
211.598
176.353
175.046
173.375
171.192
168.669
166.066
163.306
161.008
159.424
158.791
128.927
127.093
125
121.863
118.259
114.37
110.979
107.777
105.352
104.199
82.9805
80.8229
77.5536
73.3523
68.7158
64.3011
58.879
53.3466
48.6785
46.0652
39.6829
36.2223
30.7105
24.2903
18.3448
14.44
11.355
8.35289
6.23022
5.34557
8.05477
6.236
3.39553
1.16001
-0.0283872
-0.180711
-0.198837
-0.197997
-0.199445
-0.181522
-0.27697
-0.360304
-0.386693
-0.384076
-0.355243
-0.319523
-0.320385
-0.323063
-0.318614
-0.305044
-0.432489
-0.451775
-0.46105
-0.456196
-0.437786
-0.410999
-0.393573
-0.380822
-0.383792
-0.391877
-0.503877
-0.507869
-0.511828
-0.509737
-0.498856
-0.488152
-0.471428
-0.46232
-0.46664
-0.483671
-0.557267
-0.558607
-0.561194
-0.556769
-0.552143
-0.546715
-0.536053
-0.531627
-0.539306
-0.564928
-0.608461
-0.603428
-0.603703
-0.602559
-0.603259
-0.593922
-0.588046
-0.590354
-0.602188
-0.631761
-0.663644
-0.657272
-0.653787
-0.657148
-0.658112
-0.642242
-0.640075
-0.647762
-0.661182
-0.687511
-0.718105
-0.715637
-0.714314
-0.714675
-0.708527
-0.692435
-0.695049
-0.702683
-0.712548
-0.726202
-0.767323
-0.772145
-0.772407
-0.766853
-0.754591
-0.746871
-0.747816
-0.753159
-0.761022
-0.76739
-0.816918
-0.823886
-0.820812
-0.814598
-0.805506
-0.801569
-0.798096
-0.803707
-0.816954
-0.829916
-0.867377
-0.872294
-0.872233
-0.873684
-0.870469
-0.866273
-0.862752
-0.874153
-0.899907
-0.921476
-0.91733
-0.930725
-0.942905
-0.954057
-0.956243
-0.954217
-0.959749
-0.979562
-1.00245
-1.02061
371.358
370.931
370.345
369.44
368.33
367.285
366.31
365.545
365.093
365.057
322.68
322.156
321.543
320.619
319.364
318.161
317.056
316.19
315.662
315.573
274.365
273.649
272.771
271.833
270.369
268.926
267.583
266.487
265.793
265.607
226.657
225.724
224.341
223.042
221.32
219.519
217.799
216.381
215.449
215.121
179.692
178.411
176.7
174.639
172.288
169.897
167.626
165.667
164.382
163.952
133.412
131.765
129.665
126.553
123.188
119.803
116.75
113.973
112.349
111.621
88.6663
86.5977
83.563
79.3449
74.9586
70.7949
66.9252
64.2143
61.3041
59.5232
47.0826
43.733
38.1702
31.5408
25.1105
20.1241
17.047
14.8543
13.0051
11.9095
14.113
11.1161
6.54749
3.22828
1.22106
0.175683
-0.111548
-0.176087
-0.195207
-0.166375
0.0452112
-0.304563
-0.356905
-0.345411
-0.340803
-0.333464
-0.333072
-0.331177
-0.32668
-0.318323
-0.49971
-0.496089
-0.468285
-0.442834
-0.435077
-0.430467
-0.407986
-0.387536
-0.388097
-0.400177
-0.532818
-0.533009
-0.527444
-0.51199
-0.499971
-0.499895
-0.487135
-0.470328
-0.471699
-0.490241
-0.57625
-0.580865
-0.583962
-0.567631
-0.558714
-0.562672
-0.556385
-0.537881
-0.543348
-0.569534
-0.620857
-0.624283
-0.626884
-0.61655
-0.613396
-0.608366
-0.603871
-0.597585
-0.608298
-0.634669
-0.67558
-0.678347
-0.672423
-0.666402
-0.664816
-0.654471
-0.652339
-0.656122
-0.67111
-0.693959
-0.729108
-0.731421
-0.723391
-0.715415
-0.710663
-0.705563
-0.708555
-0.715209
-0.730283
-0.745001
-0.771979
-0.777546
-0.772124
-0.760403
-0.757907
-0.760586
-0.765769
-0.769786
-0.780049
-0.788504
-0.818442
-0.827383
-0.822654
-0.810736
-0.810476
-0.816488
-0.819296
-0.82329
-0.83497
-0.843691
-0.869635
-0.878477
-0.878707
-0.877768
-0.880167
-0.882102
-0.881208
-0.890828
-0.909751
-0.923862
-0.922943
-0.935015
-0.947601
-0.960984
-0.96701
-0.967263
-0.968336
-0.983383
-1.00242
-1.01359
372.892
372.443
372.031
371.275
370.126
369.054
368.112
367.384
366.944
366.913
324.321
323.768
323.258
322.516
321.327
320.126
319.067
318.243
317.746
317.669
276.233
275.392
274.754
273.905
272.637
271.26
270.024
269.016
268.377
268.236
229.112
228.033
226.886
225.619
224.024
222.45
220.962
219.718
218.946
218.694
182.979
181.685
180.025
178.194
175.871
173.821
171.894
170.3
169.25
168.873
137.901
136.417
134.298
131.401
128.334
125.339
122.717
120.661
119.337
118.782
94.549
92.6007
89.6288
85.657
81.6252
77.7887
74.553
72.1798
70.5194
69.6147
54.1604
51.273
46.492
40.2961
34.234
29.0688
25.508
23.3601
22.0727
21.0311
21.9913
18.3255
12.6783
7.20168
3.98062
2.22962
1.23249
0.58341
0.425394
0.195129
2.65404
1.07518
-0.158032
-0.293386
-0.309888
-0.329899
-0.340414
-0.35538
-0.344943
-0.345635
-0.521046
-0.530463
-0.530316
-0.463909
-0.435449
-0.439721
-0.433253
-0.424848
-0.426346
-0.441583
-0.579993
-0.582331
-0.559792
-0.530234
-0.515471
-0.519427
-0.510618
-0.490603
-0.494812
-0.515032
-0.616302
-0.626278
-0.611548
-0.585953
-0.5775
-0.583009
-0.576786
-0.560745
-0.567906
-0.590867
-0.651372
-0.672388
-0.657945
-0.637275
-0.63063
-0.62681
-0.624963
-0.621416
-0.631375
-0.647653
-0.688709
-0.708796
-0.701545
-0.686261
-0.677428
-0.668459
-0.670293
-0.675726
-0.689763
-0.699368
-0.73821
-0.748979
-0.742951
-0.729202
-0.721927
-0.718597
-0.723696
-0.731986
-0.75064
-0.75661
-0.783604
-0.795649
-0.785194
-0.768068
-0.765322
-0.771889
-0.779123
-0.785514
-0.800863
-0.809976
-0.828373
-0.838651
-0.832264
-0.815892
-0.816912
-0.826102
-0.83183
-0.836734
-0.847891
-0.855725
-0.873361
-0.882794
-0.883417
-0.879064
-0.884071
-0.88775
-0.888888
-0.895539
-0.906623
-0.914604
-0.920632
-0.931051
-0.941218
-0.951045
-0.958238
-0.958596
-0.959035
-0.968537
-0.979579
-0.983658
374.178
373.7
373.253
372.583
371.576
370.571
369.682
368.991
368.586
368.548
325.686
325.072
324.568
323.859
322.875
321.802
320.827
320.049
319.589
319.511
277.937
277.185
276.568
275.509
274.407
273.26
272.169
271.254
270.682
270.542
231.427
230.304
229.383
227.821
226.289
225.029
223.771
222.648
221.94
221.706
185.847
184.643
183.46
181.286
179.201
177.393
175.726
174.332
173.382
173.018
141.648
140.514
138.731
135.884
133.052
130.435
128.165
126.382
125.165
124.658
99.5859
98.0527
95.4215
91.4981
88.0014
84.6154
81.7183
79.5095
78.0773
77.4004
59.5458
57.6258
54.139
48.9651
43.8881
39.1613
35.5723
33.2016
31.7779
30.8811
28.6132
25.5048
20.6423
14.5475
9.77919
6.60477
4.88957
3.86546
3.22992
2.75368
7.19857
4.90392
2.07615
0.0538793
-0.203663
-0.267932
-0.293826
-0.309076
-0.320227
-0.328671
-0.509974
-0.52704
-0.550176
-0.552672
-0.484813
-0.460377
-0.438417
-0.428212
-0.43801
-0.455182
-0.601166
-0.595942
-0.579523
-0.558495
-0.543536
-0.540734
-0.527765
-0.517071
-0.525172
-0.5407
-0.646835
-0.652996
-0.626065
-0.605065
-0.598533
-0.603071
-0.598198
-0.59287
-0.598561
-0.609289
-0.667811
-0.688824
-0.673075
-0.655132
-0.647871
-0.649127
-0.648736
-0.648793
-0.654088
-0.657459
-0.684196
-0.711681
-0.714023
-0.703139
-0.691808
-0.688394
-0.691208
-0.696085
-0.705015
-0.701477
-0.716957
-0.738014
-0.746951
-0.745408
-0.739441
-0.736147
-0.741364
-0.747865
-0.764261
-0.759137
-0.772147
-0.780792
-0.784832
-0.782817
-0.78283
-0.785782
-0.791781
-0.798757
-0.814943
-0.814179
-0.827245
-0.839952
-0.83923
-0.832329
-0.83168
-0.836347
-0.840309
-0.844745
-0.855922
-0.857836
-0.875479
-0.890366
-0.896086
-0.894884
-0.894359
-0.894487
-0.892347
-0.893296
-0.901224
-0.90515
-0.919429
-0.931632
-0.943374
-0.951729
-0.955553
-0.953093
-0.947516
-0.948944
-0.953561
-0.955515
375.162
374.72
374.127
373.432
372.58
371.678
370.847
370.196
369.81
369.768
326.833
326.152
325.555
324.794
323.951
323.029
322.134
321.413
320.962
320.882
279.391
278.656
277.811
276.713
275.77
274.782
273.794
272.931
272.373
272.234
233.316
232.456
231.098
229.458
228.296
227.086
225.905
224.859
224.083
223.799
188.071
187.165
185.618
183.419
181.893
180.206
178.67
177.337
176.298
175.985
144.544
143.761
141.84
139.149
136.742
134.376
132.38
130.705
129.506
129.033
103.89
102.745
100.027
96.6146
93.2117
90.0423
87.6333
85.6383
84.3175
83.682
62.4127
61.8258
59.7706
55.8584
51.6617
47.7304
44.7235
42.444
40.8862
39.9464
32.5516
30.9304
27.8988
22.8213
18.0842
14.453
11.9861
10.3254
9.22312
8.45858
11.4938
9.35632
6.16295
3.01225
0.840391
0.0568644
-0.159766
-0.236423
-0.275362
-0.292235
-0.476559
-0.514151
-0.513974
-0.552555
-0.579044
-0.542496
-0.500607
-0.482523
-0.485345
-0.491364
-0.606184
-0.595129
-0.577725
-0.571316
-0.565013
-0.560562
-0.552037
-0.550889
-0.55797
-0.563936
-0.634666
-0.638272
-0.623371
-0.616034
-0.61534
-0.616189
-0.614068
-0.616641
-0.617167
-0.614445
-0.661143
-0.677902
-0.669586
-0.664354
-0.664504
-0.66642
-0.664616
-0.662091
-0.659418
-0.650808
-0.677276
-0.705959
-0.71043
-0.708104
-0.702957
-0.705189
-0.707115
-0.70657
-0.705855
-0.694691
-0.705333
-0.723147
-0.738611
-0.744383
-0.742882
-0.748021
-0.755427
-0.759997
-0.765928
-0.753868
-0.750697
-0.756412
-0.769464
-0.779139
-0.78449
-0.792559
-0.802425
-0.809378
-0.818413
-0.811569
-0.810206
-0.81374
-0.823117
-0.8295
-0.833791
-0.841182
-0.848497
-0.852338
-0.85794
-0.856321
-0.868129
-0.879297
-0.890048
-0.894498
-0.89572
-0.898663
-0.898775
-0.895745
-0.894125
-0.897165
-0.917127
-0.928942
-0.942361
-0.951154
-0.953903
-0.95391
-0.948752
-0.941005
-0.939686
-0.940753
375.754
375.356
374.798
374.082
373.219
372.318
371.498
370.861
370.488
370.446
327.534
326.986
326.319
325.59
324.72
323.768
322.882
322.178
321.757
321.693
280.172
279.582
278.734
277.706
276.731
275.71
274.719
273.908
273.408
273.272
234.205
233.644
232.396
230.912
229.598
228.344
227.156
226.145
225.487
225.328
189.164
188.287
186.819
185.218
183.552
181.948
180.441
179.166
178.293
178.038
145.874
144.825
143.009
141.022
138.935
136.927
135.006
133.426
132.341
131.927
104.816
103.756
101.674
98.907
96.3032
94.0071
91.672
89.8286
88.5563
87.8056
64.8822
64.128
61.6503
58.9501
56.1482
53.7385
51.4443
49.4988
47.9386
46.7974
35.6463
34.6676
31.9057
28.4857
25.4835
23.1463
21.4468
19.7206
18.0481
16.6568
15.0093
12.9979
9.60954
6.51669
4.5287
3.19474
2.20106
1.34536
0.758614
0.38039
0.0766049
-0.35287
-0.445267
-0.47688
-0.500993
-0.518041
-0.533217
-0.548579
-0.5519
-0.546455
-0.587547
-0.592473
-0.561528
-0.540968
-0.537413
-0.538381
-0.541629
-0.549274
-0.556578
-0.558316
-0.613594
-0.611221
-0.60397
-0.597715
-0.596815
-0.597501
-0.598332
-0.598702
-0.60232
-0.599286
-0.645867
-0.647542
-0.647518
-0.647958
-0.649843
-0.652805
-0.65285
-0.64983
-0.646893
-0.63884
-0.676001
-0.681663
-0.685492
-0.689212
-0.694383
-0.700727
-0.704471
-0.703307
-0.698682
-0.688987
-0.711927
-0.716666
-0.722301
-0.7288
-0.736511
-0.746747
-0.755237
-0.759563
-0.756937
-0.747192
-0.757612
-0.759689
-0.764311
-0.772174
-0.781278
-0.79206
-0.801801
-0.807818
-0.811535
-0.805937
-0.809426
-0.810653
-0.816465
-0.824703
-0.832701
-0.841297
-0.84868
-0.851443
-0.854137
-0.852544
-0.863259
-0.865187
-0.874816
-0.884772
-0.890644
-0.895309
-0.897675
-0.895908
-0.895588
-0.894991
-0.914336
-0.917214
-0.928301
-0.939747
-0.944608
-0.946024
-0.943428
-0.939257
-0.936861
-0.935505
-0.989714
-0.999503
-1.00385
-1.00076
-0.996528
-0.992848
-0.990482
-0.990488
-0.989926
-0.986741
-1.03647
-1.04625
-1.05311
-1.05066
-1.04897
-1.04512
-1.04165
-1.04109
-1.04218
-1.03864
-1.08222
-1.08646
-1.0914
-1.09338
-1.09501
-1.09309
-1.08995
-1.09032
-1.09407
-1.09393
-1.12848
-1.12811
-1.12866
-1.13311
-1.13752
-1.13893
-1.13755
-1.13998
-1.14342
-1.14476
-1.17692
-1.17317
-1.1711
-1.1757
-1.1805
-1.1846
-1.18713
-1.19044
-1.1927
-1.19455
-1.22583
-1.2223
-1.22062
-1.22272
-1.22658
-1.23321
-1.23921
-1.24094
-1.2418
-1.24346
-1.27556
-1.27444
-1.27354
-1.27554
-1.27786
-1.28314
-1.29095
-1.293
-1.28916
-1.29149
-1.32684
-1.32763
-1.32465
-1.3291
-1.33033
-1.33237
-1.33925
-1.34645
-1.33867
-1.33744
-1.37856
-1.37969
-1.37622
-1.38159
-1.38397
-1.38599
-1.3875
-1.39681
-1.39328
-1.38248
-1.42948
-1.43025
-1.43061
-1.43563
-1.44005
-1.44204
-1.43689
-1.4414
-1.44756
-1.43643
-1.48068
-1.48194
-1.48863
-1.49207
-1.49328
-1.49222
-1.48925
-1.48855
-1.49565
-1.49413
-1.53293
-1.53436
-1.53925
-1.53873
-1.53867
-1.53911
-1.5429
-1.54248
-1.54391
-1.54291
-1.5842
-1.58465
-1.58353
-1.58178
-1.58398
-1.58561
-1.59334
-1.59761
-1.59593
-1.58806
-1.6345
-1.635
-1.63098
-1.63185
-1.63567
-1.63673
-1.63951
-1.64077
-1.6376
-1.6315
-1.68581
-1.68774
-1.68522
-1.68742
-1.69016
-1.69041
-1.68947
-1.68744
-1.68114
-1.67461
-1.73734
-1.74059
-1.73971
-1.74191
-1.74267
-1.74307
-1.74106
-1.73753
-1.73221
-1.72698
-1.78798
-1.79123
-1.79257
-1.79286
-1.79384
-1.79294
-1.79025
-1.78726
-1.78401
-1.78026
-1.83746
-1.83933
-1.84133
-1.84134
-1.84155
-1.84052
-1.83867
-1.83657
-1.83392
-1.83075
-1.88669
-1.88743
-1.8889
-1.88927
-1.8893
-1.88862
-1.88731
-1.88575
-1.88363
-1.88095
-1.93621
-1.93652
-1.93737
-1.93777
-1.93782
-1.93732
-1.93642
-1.93528
-1.93379
-1.93195
-0.988064
-1.00034
-1.00774
-1.00531
-1.00424
-1.00245
-0.996978
-0.998268
-1.00166
-0.997819
-1.03522
-1.04888
-1.05778
-1.05663
-1.05667
-1.05413
-1.04602
-1.04277
-1.04949
-1.04982
-1.08199
-1.09002
-1.09676
-1.09991
-1.10232
-1.10026
-1.0938
-1.09052
-1.09708
-1.10229
-1.12901
-1.13157
-1.13387
-1.13898
-1.1439
-1.14374
-1.14172
-1.1403
-1.14567
-1.15331
-1.17776
-1.17752
-1.1746
-1.17717
-1.18395
-1.18939
-1.19123
-1.19114
-1.19487
-1.20327
-1.22702
-1.22564
-1.22017
-1.21988
-1.22635
-1.23695
-1.24231
-1.24302
-1.24177
-1.25059
-1.27634
-1.27522
-1.26876
-1.27259
-1.27836
-1.28525
-1.2925
-1.29808
-1.28935
-1.29675
-1.32666
-1.32574
-1.31961
-1.32798
-1.3308
-1.33568
-1.34423
-1.3549
-1.34349
-1.34267
-1.37805
-1.37747
-1.37559
-1.38332
-1.38761
-1.39017
-1.39468
-1.40732
-1.40616
-1.39208
-1.42968
-1.42908
-1.43386
-1.44084
-1.4483
-1.44799
-1.44394
-1.45435
-1.46809
-1.4555
-1.48246
-1.48451
-1.49417
-1.49998
-1.50398
-1.4996
-1.49801
-1.50301
-1.52162
-1.52812
-1.53556
-1.54291
-1.5483
-1.5446
-1.54411
-1.54489
-1.55171
-1.55567
-1.56442
-1.5737
-1.5867
-1.59404
-1.58856
-1.58241
-1.58731
-1.59179
-1.60226
-1.60923
-1.60792
-1.60123
-1.6355
-1.63982
-1.6307
-1.63318
-1.63951
-1.64268
-1.64496
-1.64502
-1.64126
-1.63504
-1.68578
-1.69047
-1.68733
-1.68874
-1.69241
-1.69453
-1.69313
-1.68789
-1.68121
-1.67529
-1.73692
-1.74196
-1.74259
-1.74329
-1.74384
-1.74326
-1.74173
-1.73849
-1.73279
-1.728
-1.78741
-1.7909
-1.79524
-1.7958
-1.79645
-1.79423
-1.79161
-1.7879
-1.78455
-1.78051
-1.83676
-1.83835
-1.84279
-1.84312
-1.84343
-1.84168
-1.83962
-1.83752
-1.8351
-1.83215
-1.88609
-1.88713
-1.88955
-1.89019
-1.89036
-1.88934
-1.88792
-1.88663
-1.88453
-1.88177
-1.93591
-1.9364
-1.93764
-1.93827
-1.93845
-1.93778
-1.93671
-1.93569
-1.93428
-1.93219
-0.980302
-0.991027
-1.00904
-1.01219
-1.01103
-1.00967
-1.00621
-1.00756
-1.01327
-1.01073
-1.02817
-1.03759
-1.05632
-1.06228
-1.06249
-1.05946
-1.05169
-1.0494
-1.05608
-1.05985
-1.07847
-1.08309
-1.09503
-1.1026
-1.10532
-1.103
-1.0976
-1.09454
-1.1016
-1.10965
-1.12916
-1.13081
-1.13469
-1.13836
-1.14215
-1.14273
-1.14356
-1.14347
-1.15039
-1.1625
-1.17674
-1.17832
-1.17735
-1.17642
-1.17816
-1.18505
-1.19253
-1.19408
-1.19958
-1.21125
-1.22435
-1.22541
-1.22164
-1.22006
-1.22342
-1.23489
-1.24574
-1.24819
-1.24831
-1.25759
-1.2727
-1.27407
-1.26559
-1.26885
-1.2773
-1.28709
-1.29611
-1.30045
-1.29833
-1.30307
-1.32267
-1.32299
-1.31346
-1.32501
-1.33455
-1.33553
-1.34145
-1.34884
-1.34942
-1.34867
-1.37346
-1.37294
-1.37574
-1.38816
-1.3922
-1.39226
-1.39335
-1.399
-1.40125
-1.39665
-1.42597
-1.42238
-1.43784
-1.44983
-1.45336
-1.45117
-1.44523
-1.44551
-1.45046
-1.44895
-1.47918
-1.4794
-1.49559
-1.50274
-1.50732
-1.50578
-1.50358
-1.50532
-1.51067
-1.51312
-1.53247
-1.53974
-1.54533
-1.54428
-1.54953
-1.55428
-1.56286
-1.56628
-1.56879
-1.57296
-1.58582
-1.59238
-1.5862
-1.58666
-1.5937
-1.60244
-1.61442
-1.61929
-1.61679
-1.60863
-1.63894
-1.64319
-1.63319
-1.63699
-1.64145
-1.64652
-1.64992
-1.64918
-1.64607
-1.64033
-1.68942
-1.69554
-1.69057
-1.69094
-1.69284
-1.69541
-1.69546
-1.69143
-1.68597
-1.68096
-1.73943
-1.74508
-1.74421
-1.74426
-1.74281
-1.74216
-1.74266
-1.73959
-1.73548
-1.73262
-1.78836
-1.79233
-1.7957
-1.79463
-1.79423
-1.79251
-1.79015
-1.78689
-1.78573
-1.783
-1.83676
-1.83889
-1.8443
-1.8435
-1.84334
-1.84159
-1.84004
-1.8371
-1.83519
-1.83267
-1.88566
-1.88696
-1.89044
-1.8905
-1.89005
-1.88917
-1.88836
-1.88749
-1.88561
-1.88259
-1.93536
-1.93574
-1.93745
-1.93772
-1.93753
-1.93738
-1.93685
-1.93631
-1.93509
-1.93269
-0.979188
-0.985476
-1.00247
-1.01452
-1.01564
-1.01588
-1.01343
-1.01406
-1.01795
-1.00854
-1.03114
-1.0377
-1.05207
-1.06214
-1.06385
-1.06318
-1.05776
-1.05422
-1.05837
-1.05631
-1.08178
-1.08754
-1.09746
-1.10287
-1.10509
-1.10459
-1.10075
-1.0984
-1.10304
-1.10836
-1.1304
-1.13519
-1.13876
-1.1398
-1.14153
-1.14255
-1.14287
-1.14597
-1.15332
-1.1617
-1.17666
-1.17904
-1.1783
-1.17795
-1.17976
-1.18441
-1.19243
-1.20076
-1.20597
-1.21344
-1.22214
-1.22255
-1.21861
-1.21875
-1.22504
-1.2368
-1.24932
-1.25538
-1.25727
-1.26258
-1.26922
-1.26848
-1.25793
-1.26214
-1.27515
-1.28941
-1.29896
-1.30322
-1.30571
-1.30961
-1.3189
-1.31797
-1.3101
-1.3182
-1.33379
-1.34193
-1.34771
-1.35232
-1.3558
-1.35668
-1.37127
-1.36655
-1.37983
-1.39282
-1.3996
-1.40156
-1.39991
-1.40216
-1.40512
-1.40335
-1.42542
-1.42235
-1.44167
-1.4512
-1.45774
-1.45909
-1.45509
-1.45076
-1.45042
-1.44961
-1.47502
-1.48209
-1.49395
-1.5006
-1.50602
-1.50778
-1.50832
-1.50372
-1.49954
-1.49924
-1.52514
-1.53625
-1.5388
-1.54209
-1.55114
-1.55999
-1.56779
-1.56747
-1.56216
-1.56006
-1.57883
-1.5851
-1.5817
-1.58583
-1.59532
-1.60749
-1.61946
-1.62183
-1.61596
-1.60776
-1.63295
-1.63683
-1.63333
-1.63724
-1.64136
-1.64627
-1.65053
-1.65102
-1.64835
-1.64321
-1.68811
-1.69309
-1.6914
-1.69242
-1.69225
-1.69363
-1.69441
-1.69348
-1.69064
-1.68649
-1.73983
-1.74416
-1.74416
-1.74399
-1.74247
-1.74161
-1.74163
-1.73913
-1.73546
-1.73261
-1.78872
-1.79223
-1.79442
-1.79318
-1.79347
-1.79197
-1.78969
-1.78721
-1.7854
-1.78446
-1.83694
-1.83933
-1.84326
-1.84276
-1.84197
-1.8406
-1.8395
-1.83784
-1.83556
-1.8345
-1.88553
-1.88692
-1.89113
-1.89034
-1.88936
-1.88868
-1.88845
-1.88746
-1.88611
-1.8844
-1.93542
-1.93597
-1.93845
-1.93801
-1.93746
-1.9373
-1.93739
-1.93703
-1.93588
-1.93398
-0.981908
-0.987651
-0.997827
-1.00912
-1.01365
-1.01533
-1.01457
-1.01298
-1.01022
-0.999924
-1.03446
-1.04112
-1.05
-1.05678
-1.05967
-1.06082
-1.05795
-1.05324
-1.04881
-1.04386
-1.08399
-1.09082
-1.09646
-1.09865
-1.10082
-1.10215
-1.09907
-1.09505
-1.09346
-1.0919
-1.13058
-1.13641
-1.13682
-1.13681
-1.13888
-1.14175
-1.14186
-1.1432
-1.14605
-1.14726
-1.17589
-1.17894
-1.17491
-1.17475
-1.17886
-1.18535
-1.19237
-1.19907
-1.20144
-1.20426
-1.22164
-1.22047
-1.2122
-1.21208
-1.2192
-1.23448
-1.24921
-1.25449
-1.25347
-1.25656
-1.2669
-1.26437
-1.25448
-1.25571
-1.26782
-1.28751
-1.30164
-1.30514
-1.30354
-1.30563
-1.3164
-1.31163
-1.31325
-1.32253
-1.3343
-1.34702
-1.35652
-1.36085
-1.35952
-1.35746
-1.37029
-1.36228
-1.38109
-1.39365
-1.40209
-1.40839
-1.41034
-1.4113
-1.41015
-1.40564
-1.42114
-1.42143
-1.43804
-1.44817
-1.45583
-1.46343
-1.46749
-1.46291
-1.45736
-1.45153
-1.47072
-1.47829
-1.48605
-1.49347
-1.50059
-1.50682
-1.51146
-1.5113
-1.50498
-1.5005
-1.52087
-1.52772
-1.52894
-1.53574
-1.54551
-1.55826
-1.56803
-1.56927
-1.56241
-1.5561
-1.57427
-1.5763
-1.57518
-1.58064
-1.58877
-1.60291
-1.6172
-1.62082
-1.61542
-1.60679
-1.62831
-1.62962
-1.62963
-1.63375
-1.63637
-1.64196
-1.64743
-1.64997
-1.64854
-1.64403
-1.68413
-1.68586
-1.68754
-1.69145
-1.68773
-1.68931
-1.69013
-1.69116
-1.69079
-1.68911
-1.73737
-1.73881
-1.74096
-1.74149
-1.74058
-1.74178
-1.74117
-1.7382
-1.73467
-1.73127
-1.78828
-1.78924
-1.79094
-1.79087
-1.79177
-1.79046
-1.7898
-1.78714
-1.78493
-1.78464
-1.83712
-1.83822
-1.84002
-1.84066
-1.84101
-1.83995
-1.84016
-1.83864
-1.83668
-1.83563
-1.88597
-1.88688
-1.88968
-1.89005
-1.88949
-1.88914
-1.88997
-1.88893
-1.88708
-1.88562
-1.93621
-1.93694
-1.93998
-1.93914
-1.93794
-1.93795
-1.93831
-1.93768
-1.93636
-1.93472
-0.982553
-0.989272
-0.996436
-1.00186
-1.00507
-1.00877
-1.01056
-1.01009
-1.00523
-0.993665
-1.0346
-1.04078
-1.04662
-1.04855
-1.05132
-1.05428
-1.05457
-1.0511
-1.04428
-1.0386
-1.08366
-1.08914
-1.0909
-1.09118
-1.09233
-1.09504
-1.09474
-1.09097
-1.08476
-1.08461
-1.13172
-1.1356
-1.13248
-1.13134
-1.13209
-1.13508
-1.1357
-1.13328
-1.13168
-1.13482
-1.17721
-1.18038
-1.17312
-1.17007
-1.17195
-1.17903
-1.18522
-1.18856
-1.18975
-1.19095
-1.22316
-1.22251
-1.21045
-1.20656
-1.21236
-1.22578
-1.23963
-1.24635
-1.24733
-1.24765
-1.268
-1.26705
-1.25649
-1.25347
-1.26618
-1.28489
-1.299
-1.30407
-1.30378
-1.30239
-1.31702
-1.31331
-1.32148
-1.33078
-1.34209
-1.35352
-1.3609
-1.36397
-1.36116
-1.35694
-1.37125
-1.36641
-1.38479
-1.39345
-1.40195
-1.41037
-1.41305
-1.4132
-1.41044
-1.4051
-1.42088
-1.43016
-1.43665
-1.44081
-1.44874
-1.46003
-1.46803
-1.46599
-1.45808
-1.45005
-1.46974
-1.48341
-1.48162
-1.4848
-1.49214
-1.50207
-1.51141
-1.51612
-1.51132
-1.50238
-1.521
-1.52679
-1.52494
-1.52805
-1.53631
-1.55026
-1.56471
-1.57218
-1.56694
-1.55716
-1.57359
-1.57456
-1.57158
-1.57345
-1.57857
-1.59177
-1.60842
-1.6174
-1.61546
-1.60748
-1.62751
-1.62671
-1.62479
-1.62788
-1.62795
-1.63495
-1.64231
-1.64687
-1.6476
-1.64481
-1.68113
-1.68044
-1.68115
-1.68741
-1.6831
-1.68338
-1.68509
-1.6853
-1.68728
-1.68863
-1.73406
-1.73476
-1.73544
-1.7383
-1.73884
-1.73998
-1.74004
-1.73728
-1.73426
-1.73363
-1.78692
-1.78759
-1.78746
-1.78969
-1.79012
-1.78997
-1.78942
-1.78635
-1.78413
-1.78401
-1.83809
-1.83794
-1.83849
-1.84068
-1.84104
-1.84077
-1.84129
-1.83834
-1.83669
-1.83499
-1.88782
-1.88764
-1.88987
-1.89106
-1.89063
-1.88999
-1.89004
-1.88831
-1.88748
-1.885
-1.9372
-1.93799
-1.94086
-1.94089
-1.94005
-1.939
-1.93816
-1.93737
-1.93555
-1.93409
-0.981463
-0.989594
-0.993422
-0.991793
-0.992687
-0.996444
-1.00146
-1.00359
-0.99684
-0.986272
-1.03229
-1.03708
-1.03995
-1.0388
-1.03953
-1.04423
-1.04857
-1.048
-1.04182
-1.03931
-1.08186
-1.08402
-1.08375
-1.08418
-1.08544
-1.08982
-1.09279
-1.09138
-1.08822
-1.09157
-1.1306
-1.13389
-1.12879
-1.1276
-1.12913
-1.13308
-1.13544
-1.13576
-1.13683
-1.14281
-1.18065
-1.1832
-1.17452
-1.17066
-1.17159
-1.17611
-1.18039
-1.18412
-1.18779
-1.19241
-1.22699
-1.22804
-1.21655
-1.21099
-1.21348
-1.22239
-1.23154
-1.2374
-1.24018
-1.2417
-1.27223
-1.27169
-1.26158
-1.25904
-1.26657
-1.28094
-1.29172
-1.29552
-1.29488
-1.29309
-1.31839
-1.31878
-1.32246
-1.32379
-1.33443
-1.3478
-1.35523
-1.35592
-1.35425
-1.34795
-1.37076
-1.3771
-1.38369
-1.38563
-1.39382
-1.40293
-1.40669
-1.40773
-1.40586
-1.39898
-1.42176
-1.43469
-1.43573
-1.43408
-1.44162
-1.45106
-1.45763
-1.45916
-1.4547
-1.44595
-1.47104
-1.48012
-1.48002
-1.47931
-1.48332
-1.49231
-1.50529
-1.51454
-1.5117
-1.50085
-1.52007
-1.52434
-1.5223
-1.52103
-1.52624
-1.53777
-1.55386
-1.5645
-1.56451
-1.55598
-1.57132
-1.57261
-1.5672
-1.56637
-1.56884
-1.58002
-1.59611
-1.60806
-1.61105
-1.60754
-1.62393
-1.62546
-1.62118
-1.6219
-1.62154
-1.62941
-1.63769
-1.6441
-1.64651
-1.64591
-1.6776
-1.67924
-1.68032
-1.68383
-1.68247
-1.68335
-1.68421
-1.68339
-1.68363
-1.68652
-1.73086
-1.73328
-1.73405
-1.73697
-1.73684
-1.73852
-1.73879
-1.73599
-1.7317
-1.73251
-1.7852
-1.78677
-1.78667
-1.78983
-1.78906
-1.78936
-1.78872
-1.78525
-1.78243
-1.78322
-1.83765
-1.83785
-1.83871
-1.84253
-1.84159
-1.84099
-1.84027
-1.83744
-1.83645
-1.83604
-1.888
-1.8878
-1.89059
-1.89403
-1.89322
-1.8915
-1.89011
-1.88802
-1.88866
-1.88926
-1.93692
-1.93769
-1.941
-1.94447
-1.94496
-1.94136
-1.93931
-1.93803
-1.93913
-1.94128
-0.977298
-0.985975
-0.987321
-0.978977
-0.975019
-0.978294
-0.9834
-0.985417
-0.981328
-0.97489
-1.02493
-1.02898
-1.03143
-1.02789
-1.02653
-1.03162
-1.03835
-1.04034
-1.03713
-1.03584
-1.07545
-1.07691
-1.07644
-1.07659
-1.07847
-1.08539
-1.09279
-1.09541
-1.0944
-1.09656
-1.12769
-1.13019
-1.12661
-1.12358
-1.12639
-1.13485
-1.14361
-1.14856
-1.15106
-1.15159
-1.17868
-1.1831
-1.17617
-1.17045
-1.17207
-1.18135
-1.19186
-1.1986
-1.20145
-1.19992
-1.22699
-1.22987
-1.22125
-1.21536
-1.21768
-1.22795
-1.23924
-1.24622
-1.24743
-1.24417
-1.27292
-1.27423
-1.26403
-1.26044
-1.267
-1.28058
-1.29105
-1.29607
-1.29475
-1.29017
-1.31879
-1.32064
-1.31555
-1.3169
-1.3264
-1.33971
-1.34713
-1.34867
-1.34638
-1.34074
-1.36835
-1.36989
-1.37303
-1.37771
-1.38253
-1.39009
-1.39528
-1.39709
-1.39612
-1.3919
-1.41768
-1.42331
-1.42953
-1.42944
-1.42864
-1.4332
-1.44243
-1.44636
-1.44542
-1.44107
-1.46776
-1.47464
-1.47762
-1.468
-1.46351
-1.47931
-1.49595
-1.50514
-1.50499
-1.49582
-1.51793
-1.52326
-1.51783
-1.50892
-1.51204
-1.52608
-1.53985
-1.55142
-1.55363
-1.55005
-1.56919
-1.56954
-1.5622
-1.55981
-1.56257
-1.57029
-1.58186
-1.59553
-1.60185
-1.60379
-1.62174
-1.61885
-1.61416
-1.61382
-1.61761
-1.6243
-1.63244
-1.64046
-1.64479
-1.64575
-1.67556
-1.67555
-1.67372
-1.67951
-1.68105
-1.68373
-1.68505
-1.68365
-1.68047
-1.68374
-1.73047
-1.7325
-1.73459
-1.73683
-1.73502
-1.73597
-1.73665
-1.73456
-1.72846
-1.72838
-1.78422
-1.7858
-1.78895
-1.79175
-1.78861
-1.78816
-1.78791
-1.7845
-1.78051
-1.78199
-1.83756
-1.83623
-1.84085
-1.84613
-1.84353
-1.84223
-1.84113
-1.83728
-1.83729
-1.83856
-1.8864
-1.88566
-1.89138
-1.89827
-1.89871
-1.89503
-1.89268
-1.88985
-1.89289
-1.89399
-1.93597
-1.93647
-1.9406
-1.9483
-1.95017
-1.94559
-1.94288
-1.9422
-1.94617
-1.94853
-0.973069
-0.980232
-0.978297
-0.963154
-0.956086
-0.958521
-0.966942
-0.973008
-0.972499
-0.967393
-1.02204
-1.02398
-1.026
-1.01841
-1.01466
-1.02133
-1.0324
-1.03786
-1.03527
-1.03159
-1.07436
-1.07794
-1.07701
-1.07394
-1.0743
-1.08474
-1.09746
-1.10167
-1.09851
-1.09559
-1.12681
-1.13335
-1.13113
-1.12494
-1.12656
-1.13763
-1.15124
-1.15802
-1.15619
-1.15121
-1.17706
-1.18337
-1.18096
-1.17497
-1.17843
-1.18957
-1.2017
-1.20813
-1.20643
-1.19788
-1.22539
-1.23029
-1.22532
-1.22139
-1.22723
-1.23943
-1.25067
-1.25521
-1.2515
-1.24069
-1.27244
-1.27418
-1.26638
-1.26371
-1.272
-1.28488
-1.29676
-1.30017
-1.29589
-1.28666
-1.32052
-1.3186
-1.31154
-1.31085
-1.32194
-1.33571
-1.34555
-1.3471
-1.34371
-1.33728
-1.36799
-1.36639
-1.36203
-1.36373
-1.37499
-1.38706
-1.39451
-1.39621
-1.39382
-1.38898
-1.41671
-1.41675
-1.41797
-1.41946
-1.42798
-1.43731
-1.44329
-1.44445
-1.44212
-1.43906
-1.46764
-1.46956
-1.47024
-1.47374
-1.47841
-1.48179
-1.4874
-1.49286
-1.49411
-1.48912
-1.51818
-1.52097
-1.51976
-1.52048
-1.51726
-1.51956
-1.52874
-1.5392
-1.54361
-1.54174
-1.56915
-1.57002
-1.56711
-1.55967
-1.55771
-1.56273
-1.5735
-1.58688
-1.59423
-1.59752
-1.62247
-1.62074
-1.61398
-1.60714
-1.61423
-1.6214
-1.62778
-1.63637
-1.64151
-1.64355
-1.67706
-1.67528
-1.66893
-1.67008
-1.68003
-1.68138
-1.68357
-1.68308
-1.67899
-1.68147
-1.73089
-1.7321
-1.72881
-1.73501
-1.73498
-1.73531
-1.73644
-1.73454
-1.72782
-1.72599
-1.78407
-1.78687
-1.78975
-1.79423
-1.79009
-1.78955
-1.78999
-1.78683
-1.78169
-1.78227
-1.83485
-1.83674
-1.84489
-1.85077
-1.84746
-1.84604
-1.84506
-1.84143
-1.84097
-1.84263
-1.8845
-1.88477
-1.89381
-1.90283
-1.90418
-1.90013
-1.89744
-1.89388
-1.89729
-1.89868
-1.93538
-1.93548
-1.94115
-1.95017
-1.95336
-1.94961
-1.94651
-1.94434
-1.94779
-1.94794
-0.965151
-0.973743
-0.964879
-0.944361
-0.940112
-0.94681
-0.960229
-0.970285
-0.970944
-0.964995
-1.01761
-1.02716
-1.02893
-1.01487
-1.01044
-1.01901
-1.03249
-1.03755
-1.03329
-1.02648
-1.07665
-1.08945
-1.09274
-1.08252
-1.08002
-1.09232
-1.10323
-1.10382
-1.0946
-1.08687
-1.12929
-1.14369
-1.14345
-1.13261
-1.13845
-1.15357
-1.16262
-1.16026
-1.15009
-1.14092
-1.17792
-1.18663
-1.18681
-1.18475
-1.19559
-1.21043
-1.21629
-1.21097
-1.20021
-1.18943
-1.22543
-1.23086
-1.23131
-1.23781
-1.25467
-1.26907
-1.27088
-1.26241
-1.2483
-1.23369
-1.27338
-1.27662
-1.27658
-1.2886
-1.30847
-1.32309
-1.32322
-1.31177
-1.29605
-1.27944
-1.32208
-1.3212
-1.32084
-1.33491
-1.35658
-1.37222
-1.37219
-1.36104
-1.34678
-1.33152
-1.37096
-1.36751
-1.36841
-1.38204
-1.40315
-1.41635
-1.41613
-1.40883
-1.39804
-1.38759
-1.42046
-1.41903
-1.42026
-1.43165
-1.4489
-1.45873
-1.45904
-1.45433
-1.44756
-1.44041
-1.47168
-1.47337
-1.47347
-1.48108
-1.4919
-1.49849
-1.49883
-1.49699
-1.49346
-1.48801
-1.52309
-1.52652
-1.52492
-1.52771
-1.53303
-1.53674
-1.53833
-1.54023
-1.5397
-1.53667
-1.57482
-1.57649
-1.57303
-1.57077
-1.57383
-1.57616
-1.57686
-1.5832
-1.58881
-1.59112
-1.62869
-1.62669
-1.61907
-1.61392
-1.6218
-1.626
-1.6275
-1.63446
-1.63883
-1.64041
-1.68287
-1.68053
-1.66961
-1.66646
-1.68225
-1.68245
-1.68376
-1.68454
-1.68083
-1.68085
-1.73508
-1.73556
-1.72872
-1.72969
-1.73751
-1.73782
-1.73889
-1.73811
-1.73211
-1.72838
-1.78485
-1.78973
-1.79038
-1.79456
-1.79363
-1.79373
-1.79467
-1.79358
-1.7879
-1.78521
-1.83448
-1.84003
-1.84782
-1.85517
-1.85162
-1.85124
-1.85046
-1.84833
-1.84666
-1.8451
-1.88512
-1.88806
-1.8962
-1.90719
-1.90723
-1.90456
-1.9024
-1.89939
-1.9005
-1.8991
-1.93652
-1.93775
-1.94422
-1.95225
-1.95469
-1.95219
-1.95004
-1.94778
-1.95044
-1.94687
-0.955477
-0.96955
-0.956603
-0.937422
-0.936691
-0.94403
-0.958713
-0.970129
-0.969994
-0.964071
-1.01842
-1.04031
-1.03866
-1.02015
-1.01602
-1.02366
-1.03327
-1.03497
-1.02623
-1.01922
-1.08483
-1.10932
-1.10843
-1.08887
-1.08527
-1.09632
-1.1012
-1.09678
-1.08281
-1.07317
-1.1369
-1.15996
-1.1567
-1.13885
-1.14594
-1.16012
-1.16505
-1.15735
-1.13856
-1.12633
-1.18221
-1.19556
-1.19351
-1.18974
-1.20341
-1.22288
-1.22888
-1.2181
-1.19392
-1.17855
-1.22629
-1.23393
-1.23483
-1.24536
-1.26559
-1.28565
-1.29061
-1.27648
-1.24908
-1.2305
-1.27193
-1.27823
-1.28354
-1.30483
-1.32723
-1.3454
-1.34703
-1.32966
-1.30125
-1.28291
-1.32144
-1.3246
-1.33318
-1.35893
-1.38408
-1.39967
-1.39617
-1.37619
-1.35385
-1.34101
-1.37405
-1.37386
-1.38217
-1.4068
-1.43471
-1.44542
-1.43904
-1.4211
-1.40477
-1.39848
-1.42578
-1.4266
-1.43299
-1.45502
-1.47978
-1.48792
-1.48076
-1.46665
-1.4553
-1.45175
-1.47782
-1.48111
-1.48641
-1.50395
-1.52156
-1.52756
-1.52163
-1.51063
-1.50132
-1.49642
-1.52999
-1.53527
-1.53847
-1.54855
-1.56051
-1.56587
-1.56026
-1.5506
-1.54322
-1.53838
-1.58223
-1.58689
-1.58679
-1.59074
-1.59876
-1.60108
-1.59375
-1.58865
-1.58845
-1.58774
-1.63707
-1.63729
-1.63222
-1.62946
-1.63902
-1.64076
-1.63651
-1.63704
-1.63913
-1.63861
-1.69228
-1.69034
-1.67895
-1.67308
-1.68753
-1.69019
-1.68895
-1.68919
-1.68745
-1.68487
-1.743
-1.74434
-1.73283
-1.72726
-1.7419
-1.74387
-1.74413
-1.74504
-1.74266
-1.73772
-1.78975
-1.795
-1.79319
-1.79445
-1.79758
-1.79946
-1.80073
-1.80246
-1.80151
-1.7961
-1.83742
-1.84311
-1.85121
-1.85777
-1.85485
-1.85557
-1.85609
-1.85643
-1.85745
-1.8521
-1.88748
-1.89113
-1.90116
-1.91021
-1.90902
-1.90716
-1.90625
-1.9058
-1.90705
-1.90129
-1.93853
-1.94026
-1.94792
-1.95558
-1.95638
-1.95396
-1.9529
-1.95322
-1.95316
-1.94855
-0.954282
-0.975579
-0.96658
-0.952694
-0.949274
-0.952119
-0.958007
-0.96508
-0.968447
-0.972176
-1.02984
-1.06167
-1.05764
-1.03845
-1.02895
-1.02801
-1.02839
-1.02765
-1.02515
-1.02723
-1.09928
-1.13309
-1.12811
-1.10621
-1.09488
-1.0931
-1.08977
-1.08597
-1.08018
-1.07892
-1.14915
-1.17704
-1.17393
-1.15298
-1.14724
-1.14895
-1.1479
-1.14484
-1.13906
-1.13553
-1.18962
-1.20311
-1.20278
-1.18924
-1.1944
-1.20256
-1.20526
-1.20371
-1.19872
-1.19275
-1.23058
-1.23749
-1.23531
-1.23649
-1.24636
-1.25899
-1.26395
-1.26152
-1.25422
-1.24432
-1.27205
-1.28048
-1.28109
-1.29455
-1.30717
-1.32009
-1.32463
-1.31726
-1.30567
-1.2928
-1.3206
-1.32647
-1.33344
-1.35266
-1.3723
-1.38508
-1.38594
-1.37453
-1.35982
-1.34888
-1.37592
-1.37953
-1.38616
-1.40813
-1.43728
-1.44375
-1.43897
-1.42651
-1.41206
-1.4017
-1.42908
-1.43305
-1.43968
-1.46404
-1.49268
-1.4962
-1.48642
-1.4741
-1.46216
-1.45311
-1.48153
-1.4875
-1.49588
-1.52368
-1.54116
-1.54365
-1.53356
-1.51981
-1.50814
-1.49889
-1.5356
-1.54492
-1.55655
-1.57402
-1.58674
-1.58991
-1.57837
-1.56061
-1.54654
-1.53808
-1.58899
-1.60123
-1.60832
-1.61729
-1.62932
-1.6293
-1.61291
-1.59647
-1.58955
-1.58621
-1.64148
-1.64904
-1.65254
-1.65614
-1.66195
-1.66068
-1.65045
-1.64329
-1.64147
-1.63845
-1.69527
-1.69682
-1.69377
-1.68978
-1.69795
-1.70154
-1.69852
-1.69611
-1.69473
-1.69096
-1.74707
-1.74856
-1.74207
-1.7328
-1.7469
-1.75127
-1.75144
-1.75265
-1.75342
-1.75067
-1.79434
-1.79939
-1.79658
-1.79467
-1.80109
-1.80432
-1.80707
-1.8102
-1.81215
-1.81099
-1.84105
-1.84572
-1.85156
-1.85913
-1.85798
-1.85809
-1.8607
-1.86276
-1.86438
-1.86397
-1.89034
-1.89313
-1.90229
-1.91343
-1.91005
-1.90777
-1.90824
-1.91012
-1.91107
-1.91036
-1.94065
-1.94171
-1.94972
-1.95854
-1.95733
-1.95433
-1.95408
-1.95523
-1.95597
-1.95419
-0.962377
-0.990556
-0.994253
-0.985921
-0.978884
-0.976128
-0.976081
-0.980998
-0.988965
-1.00261
-1.04667
-1.08384
-1.08834
-1.07616
-1.05981
-1.04909
-1.04107
-1.03977
-1.04425
-1.05496
-1.1139
-1.15383
-1.15599
-1.13864
-1.1167
-1.10379
-1.09406
-1.09247
-1.09384
-1.09984
-1.15735
-1.18752
-1.192
-1.17276
-1.15523
-1.14742
-1.14426
-1.14493
-1.14618
-1.15177
-1.19399
-1.20617
-1.20786
-1.19211
-1.19086
-1.19092
-1.19398
-1.19722
-1.2001
-1.20513
-1.23397
-1.23915
-1.23497
-1.2273
-1.23354
-1.23866
-1.24615
-1.25039
-1.25207
-1.25326
-1.27328
-1.28143
-1.27649
-1.27943
-1.28515
-1.29347
-1.30039
-1.30286
-1.30253
-1.30357
-1.31917
-1.32667
-1.32449
-1.33414
-1.34596
-1.35602
-1.35895
-1.35732
-1.35569
-1.35616
-1.37464
-1.37847
-1.37655
-1.39372
-1.41804
-1.42677
-1.42254
-1.41259
-1.40651
-1.40265
-1.4268
-1.43017
-1.43337
-1.45929
-1.4869
-1.49123
-1.48223
-1.46952
-1.4574
-1.44775
-1.478
-1.48493
-1.4999
-1.52953
-1.54769
-1.54881
-1.53506
-1.5193
-1.50496
-1.49285
-1.53688
-1.54972
-1.56937
-1.59327
-1.60559
-1.60361
-1.5844
-1.56143
-1.54351
-1.53375
-1.59658
-1.6162
-1.62915
-1.64142
-1.65429
-1.64789
-1.62278
-1.6002
-1.59027
-1.58453
-1.64741
-1.66298
-1.67353
-1.68193
-1.68662
-1.67726
-1.66018
-1.64932
-1.64484
-1.63847
-1.69499
-1.70388
-1.71168
-1.71274
-1.71362
-1.71282
-1.7069
-1.70288
-1.70042
-1.69468
-1.74484
-1.74886
-1.75256
-1.74921
-1.75319
-1.75773
-1.75841
-1.75891
-1.76001
-1.75728
-1.79358
-1.79617
-1.8
-1.79909
-1.80512
-1.80875
-1.81163
-1.81556
-1.81806
-1.81695
-1.84191
-1.84487
-1.85079
-1.85692
-1.85919
-1.86
-1.8626
-1.8667
-1.86854
-1.86746
-1.89181
-1.89371
-1.90089
-1.91079
-1.91156
-1.90801
-1.90819
-1.91159
-1.91314
-1.91102
-1.94229
-1.94278
-1.94895
-1.95798
-1.95834
-1.9537
-1.95306
-1.95482
-1.95623
-1.95382
-0.972396
-1.00656
-1.02605
-1.03093
-1.0261
-1.01835
-1.01689
-1.02707
-1.04426
-1.06294
-1.05532
-1.09826
-1.11877
-1.11933
-1.10727
-1.09084
-1.08115
-1.08429
-1.09609
-1.10942
-1.11599
-1.15773
-1.17016
-1.16643
-1.14797
-1.13061
-1.11932
-1.12193
-1.1278
-1.13409
-1.15566
-1.18231
-1.18913
-1.18314
-1.16541
-1.15633
-1.15162
-1.15701
-1.16448
-1.17538
-1.1916
-1.20016
-1.20139
-1.19287
-1.1893
-1.18974
-1.19409
-1.20205
-1.21176
-1.22617
-1.2325
-1.23506
-1.22965
-1.22351
-1.22805
-1.23389
-1.24387
-1.25184
-1.2609
-1.27198
-1.27084
-1.27729
-1.27489
-1.27489
-1.27839
-1.28617
-1.29505
-1.3029
-1.31137
-1.32047
-1.31602
-1.32414
-1.32382
-1.32596
-1.33124
-1.33894
-1.3469
-1.35303
-1.35864
-1.36549
-1.37031
-1.37532
-1.37239
-1.38031
-1.39447
-1.4025
-1.40451
-1.40459
-1.40406
-1.40529
-1.42069
-1.42452
-1.42657
-1.44539
-1.46733
-1.47412
-1.46932
-1.45964
-1.45079
-1.44436
-1.46944
-1.47847
-1.49424
-1.52169
-1.53954
-1.5395
-1.52622
-1.50993
-1.49619
-1.48691
-1.53227
-1.54977
-1.57159
-1.59771
-1.61043
-1.60197
-1.57565
-1.55136
-1.53603
-1.52968
-1.6008
-1.62341
-1.63652
-1.65374
-1.66503
-1.65175
-1.6198
-1.59719
-1.58713
-1.58138
-1.65338
-1.67245
-1.68652
-1.70037
-1.70278
-1.68531
-1.66257
-1.65116
-1.64652
-1.63977
-1.69952
-1.7144
-1.73087
-1.73759
-1.73094
-1.7199
-1.70998
-1.70606
-1.70402
-1.69794
-1.74737
-1.75766
-1.77213
-1.77249
-1.76528
-1.76237
-1.76063
-1.76191
-1.76155
-1.7561
-1.79586
-1.80372
-1.81531
-1.81353
-1.81101
-1.81084
-1.81273
-1.81595
-1.81704
-1.81279
-1.84459
-1.85071
-1.85928
-1.86072
-1.86196
-1.86143
-1.86243
-1.86561
-1.86682
-1.86337
-1.89363
-1.89745
-1.905
-1.90897
-1.91091
-1.90834
-1.90725
-1.90995
-1.91118
-1.90825
-1.94328
-1.9454
-1.95045
-1.95533
-1.9564
-1.95312
-1.95147
-1.95297
-1.95361
-1.95106
-0.980148
-1.01069
-1.0401
-1.05883
-1.06567
-1.06591
-1.06319
-1.07217
-1.0866
-1.09804
-1.05193
-1.09238
-1.12472
-1.14164
-1.14567
-1.13689
-1.12854
-1.12956
-1.13536
-1.13813
-1.1059
-1.14316
-1.16446
-1.17263
-1.16906
-1.1566
-1.14818
-1.14844
-1.15
-1.14916
-1.14507
-1.16417
-1.17292
-1.17439
-1.16427
-1.15927
-1.15867
-1.16403
-1.1674
-1.17627
-1.18255
-1.18586
-1.18387
-1.18158
-1.17905
-1.1826
-1.1882
-1.19648
-1.20754
-1.22995
-1.22355
-1.22208
-1.21636
-1.21467
-1.21793
-1.22827
-1.23862
-1.2473
-1.26019
-1.28147
-1.26262
-1.26662
-1.26766
-1.26764
-1.27205
-1.28239
-1.29033
-1.29973
-1.312
-1.32832
-1.30917
-1.31738
-1.32147
-1.32221
-1.3282
-1.33385
-1.3402
-1.34821
-1.35939
-1.3697
-1.3624
-1.37078
-1.37222
-1.37488
-1.38189
-1.38764
-1.393
-1.39694
-1.39985
-1.4043
-1.41356
-1.41878
-1.42226
-1.43248
-1.44487
-1.45076
-1.45046
-1.44615
-1.44268
-1.44164
-1.45972
-1.4701
-1.48285
-1.50211
-1.5177
-1.51748
-1.50914
-1.49708
-1.4863
-1.4833
-1.52436
-1.54287
-1.56158
-1.5845
-1.59345
-1.58153
-1.56023
-1.54214
-1.5297
-1.52978
-1.597
-1.61698
-1.63051
-1.64838
-1.65596
-1.63776
-1.60795
-1.59211
-1.58337
-1.58736
-1.65194
-1.66911
-1.68449
-1.70426
-1.70421
-1.6809
-1.6553
-1.64727
-1.64519
-1.64588
-1.7001
-1.71703
-1.73749
-1.75056
-1.74104
-1.72011
-1.70613
-1.70247
-1.70268
-1.70034
-1.74934
-1.76482
-1.78765
-1.79225
-1.77711
-1.76362
-1.75735
-1.75742
-1.75599
-1.75261
-1.79913
-1.81433
-1.83548
-1.83348
-1.81887
-1.8106
-1.80823
-1.80958
-1.80799
-1.80485
-1.8484
-1.86352
-1.88043
-1.87475
-1.86413
-1.85839
-1.85741
-1.85798
-1.85697
-1.85511
-1.89705
-1.90954
-1.91951
-1.91624
-1.90865
-1.90486
-1.90294
-1.90288
-1.9025
-1.90225
-1.94471
-1.95254
-1.95888
-1.9584
-1.95263
-1.94806
-1.94616
-1.94642
-1.94733
-1.94713
-0.981161
-1.00201
-1.02956
-1.0533
-1.06466
-1.06677
-1.06844
-1.07824
-1.08646
-1.08796
-1.0403
-1.0679
-1.09958
-1.12561
-1.13778
-1.13733
-1.13538
-1.13479
-1.13134
-1.1245
-1.08817
-1.11309
-1.13527
-1.15115
-1.15669
-1.15095
-1.14573
-1.14213
-1.13572
-1.12778
-1.12828
-1.13888
-1.14594
-1.15037
-1.14542
-1.14211
-1.14477
-1.14723
-1.14426
-1.14912
-1.16893
-1.16738
-1.16152
-1.15965
-1.15688
-1.16017
-1.16663
-1.17147
-1.1759
-1.1995
-1.20868
-1.20361
-1.19819
-1.1966
-1.19992
-1.20715
-1.21717
-1.22474
-1.23395
-1.26425
-1.2501
-1.25028
-1.25116
-1.25105
-1.25907
-1.27051
-1.2783
-1.28593
-1.29809
-1.31981
-1.29863
-1.30382
-1.30791
-1.31213
-1.32098
-1.32816
-1.3333
-1.34032
-1.34983
-1.36224
-1.35114
-1.36078
-1.366
-1.37038
-1.37512
-1.37861
-1.38265
-1.38738
-1.39145
-1.39703
-1.40419
-1.41147
-1.41566
-1.42218
-1.42954
-1.43418
-1.4351
-1.43479
-1.43432
-1.43514
-1.45045
-1.46288
-1.47435
-1.4857
-1.49499
-1.4951
-1.48854
-1.48347
-1.48003
-1.48081
-1.51784
-1.5374
-1.55034
-1.56089
-1.56822
-1.56074
-1.54702
-1.53575
-1.5319
-1.53277
-1.58747
-1.60368
-1.61602
-1.62957
-1.633
-1.6181
-1.599
-1.58919
-1.5875
-1.58849
-1.64348
-1.65722
-1.67296
-1.69044
-1.68896
-1.66784
-1.64678
-1.64078
-1.64342
-1.64495
-1.69471
-1.70979
-1.73012
-1.74624
-1.73589
-1.71231
-1.6964
-1.69205
-1.69557
-1.69762
-1.74579
-1.76115
-1.78415
-1.79558
-1.77756
-1.75717
-1.74699
-1.74399
-1.74521
-1.74676
-1.79659
-1.81247
-1.83487
-1.83851
-1.81904
-1.80368
-1.79764
-1.795
-1.79369
-1.79522
-1.84765
-1.86241
-1.88139
-1.87925
-1.86144
-1.85041
-1.84631
-1.84314
-1.84205
-1.84453
-1.89737
-1.91034
-1.92327
-1.91935
-1.90418
-1.89543
-1.89177
-1.88895
-1.8907
-1.89421
-1.94453
-1.95399
-1.96249
-1.95947
-1.94729
-1.93873
-1.93498
-1.93395
-1.93872
-1.94191
-0.97024
-0.984823
-1.0028
-1.0209
-1.03145
-1.03282
-1.03594
-1.04356
-1.04745
-1.04249
-1.01911
-1.03766
-1.05618
-1.07501
-1.08562
-1.08858
-1.09114
-1.09137
-1.08487
-1.07397
-1.06992
-1.08042
-1.09207
-1.10316
-1.10733
-1.10621
-1.1059
-1.10334
-1.09583
-1.08445
-1.11466
-1.11566
-1.11555
-1.11742
-1.11369
-1.10901
-1.10953
-1.10938
-1.10556
-1.10522
-1.15574
-1.14989
-1.14167
-1.13871
-1.13417
-1.13396
-1.13524
-1.13556
-1.13879
-1.1553
-1.19414
-1.18836
-1.18318
-1.18185
-1.1836
-1.18286
-1.18479
-1.18805
-1.19971
-1.22569
-1.23814
-1.23572
-1.23531
-1.23868
-1.24538
-1.24848
-1.25079
-1.2562
-1.26615
-1.28726
-1.288
-1.28947
-1.29483
-1.30247
-1.30812
-1.31137
-1.3146
-1.31917
-1.32545
-1.33907
-1.34011
-1.34872
-1.35704
-1.36368
-1.36655
-1.36792
-1.37015
-1.37312
-1.37755
-1.38529
-1.39306
-1.40205
-1.41078
-1.41741
-1.42194
-1.42314
-1.42435
-1.42518
-1.42664
-1.43005
-1.44347
-1.45957
-1.47213
-1.47875
-1.48197
-1.48229
-1.48064
-1.47732
-1.47616
-1.47863
-1.51468
-1.5332
-1.5434
-1.54833
-1.55059
-1.54822
-1.54013
-1.53197
-1.5297
-1.53323
-1.57838
-1.5908
-1.60068
-1.61023
-1.61307
-1.60475
-1.59397
-1.58518
-1.58277
-1.58824
-1.63382
-1.64491
-1.65801
-1.66971
-1.66962
-1.65617
-1.64308
-1.63441
-1.63531
-1.64288
-1.68789
-1.69996
-1.71605
-1.72636
-1.71996
-1.70219
-1.68966
-1.68235
-1.68429
-1.69439
-1.74114
-1.75334
-1.76994
-1.77713
-1.76492
-1.7475
-1.73812
-1.73208
-1.73401
-1.74335
-1.7934
-1.80533
-1.81945
-1.82251
-1.80751
-1.79301
-1.78719
-1.78358
-1.78575
-1.79259
-1.84477
-1.85626
-1.86578
-1.86432
-1.84978
-1.83894
-1.83553
-1.83401
-1.83715
-1.84185
-1.89556
-1.90451
-1.90925
-1.90444
-1.89266
-1.88526
-1.88237
-1.88312
-1.88715
-1.89007
-1.94333
-1.94931
-1.95029
-1.9446
-1.93641
-1.93126
-1.92869
-1.93154
-1.93619
-1.93737
-0.962709
-0.973408
-0.984677
-0.997955
-1.00388
-1.00173
-0.999337
-1.00013
-0.999335
-0.996253
-1.00816
-1.01719
-1.02472
-1.03456
-1.03848
-1.039
-1.03861
-1.03845
-1.03321
-1.02528
-1.05691
-1.05967
-1.06115
-1.06567
-1.06635
-1.06426
-1.0638
-1.06197
-1.05574
-1.04631
-1.10439
-1.10036
-1.09622
-1.09587
-1.09086
-1.08553
-1.08301
-1.07938
-1.07663
-1.07368
-1.14592
-1.14087
-1.13466
-1.13079
-1.1254
-1.12041
-1.11458
-1.11134
-1.11575
-1.12831
-1.18816
-1.18327
-1.17938
-1.17805
-1.17706
-1.17325
-1.16705
-1.1675
-1.17885
-1.20094
-1.23445
-1.23152
-1.23249
-1.23841
-1.23904
-1.23373
-1.23022
-1.23652
-1.24773
-1.26511
-1.28454
-1.28724
-1.29422
-1.29949
-1.29939
-1.29675
-1.2984
-1.30324
-1.31118
-1.32282
-1.33831
-1.34681
-1.35214
-1.35608
-1.35591
-1.35592
-1.35795
-1.3619
-1.36767
-1.37573
-1.39314
-1.40379
-1.40649
-1.4096
-1.41233
-1.41363
-1.41477
-1.4169
-1.42074
-1.42604
-1.45222
-1.46568
-1.47432
-1.47565
-1.4738
-1.4726
-1.47189
-1.47195
-1.47463
-1.47899
-1.51638
-1.52899
-1.53717
-1.53811
-1.53894
-1.53778
-1.53188
-1.52869
-1.52971
-1.53476
-1.5749
-1.58408
-1.58976
-1.5935
-1.59663
-1.59499
-1.58927
-1.5823
-1.5826
-1.5893
-1.63013
-1.63887
-1.64571
-1.65111
-1.65214
-1.64686
-1.6391
-1.63146
-1.63353
-1.64246
-1.68568
-1.6948
-1.70342
-1.70768
-1.70374
-1.69444
-1.6865
-1.67983
-1.68358
-1.69388
-1.74034
-1.74915
-1.75743
-1.75923
-1.75029
-1.73998
-1.73483
-1.7308
-1.73265
-1.74331
-1.79349
-1.8022
-1.80863
-1.80673
-1.79472
-1.7855
-1.78374
-1.78218
-1.78252
-1.79185
-1.8457
-1.85493
-1.85866
-1.85253
-1.83952
-1.83261
-1.83304
-1.83365
-1.83392
-1.83939
-1.8955
-1.90434
-1.90496
-1.89617
-1.8847
-1.88154
-1.88241
-1.88372
-1.88406
-1.88713
-1.94323
-1.94852
-1.94814
-1.93809
-1.93021
-1.93021
-1.93143
-1.93214
-1.93319
-1.93447
-0.962291
-0.969166
-0.979196
-0.989632
-0.995905
-0.996128
-0.988064
-0.982366
-0.97963
-0.977439
-1.0084
-1.00974
-1.01354
-1.0199
-1.02563
-1.02413
-1.01864
-1.01397
-1.00947
-1.005
-1.05211
-1.0507
-1.05106
-1.05138
-1.05226
-1.04994
-1.04603
-1.04215
-1.03665
-1.03096
-1.09698
-1.09457
-1.09236
-1.08993
-1.08593
-1.08113
-1.07637
-1.07123
-1.06659
-1.06452
-1.14323
-1.14065
-1.13889
-1.13689
-1.13161
-1.12433
-1.11615
-1.10931
-1.11123
-1.11922
-1.19098
-1.18919
-1.18793
-1.18637
-1.18169
-1.17388
-1.16467
-1.16173
-1.17057
-1.19069
-1.24061
-1.23977
-1.24062
-1.24294
-1.23894
-1.23036
-1.22448
-1.22561
-1.24322
-1.25596
-1.2917
-1.29583
-1.30298
-1.30169
-1.29503
-1.28787
-1.28904
-1.29845
-1.30734
-1.31633
-1.34705
-1.35664
-1.36297
-1.35826
-1.34979
-1.3451
-1.35008
-1.35804
-1.36547
-1.3723
-1.40312
-1.41505
-1.41934
-1.41419
-1.40665
-1.40458
-1.40964
-1.41571
-1.42163
-1.4262
-1.46157
-1.47597
-1.47859
-1.47266
-1.46765
-1.46638
-1.46912
-1.47262
-1.47715
-1.48041
-1.52102
-1.53503
-1.53439
-1.52764
-1.52666
-1.52841
-1.52732
-1.52864
-1.53103
-1.53386
-1.57844
-1.58964
-1.58498
-1.58002
-1.58202
-1.58442
-1.58365
-1.58339
-1.58403
-1.58642
-1.63451
-1.6424
-1.63794
-1.63675
-1.63794
-1.63738
-1.63623
-1.63592
-1.63592
-1.63889
-1.68961
-1.69554
-1.69371
-1.69492
-1.69284
-1.68811
-1.68617
-1.68577
-1.68664
-1.69097
-1.74408
-1.74878
-1.74881
-1.74998
-1.74477
-1.7376
-1.73471
-1.73361
-1.73472
-1.74118
-1.79573
-1.80158
-1.80308
-1.80228
-1.79526
-1.78738
-1.78435
-1.78262
-1.78301
-1.78927
-1.84517
-1.85378
-1.85697
-1.85546
-1.84564
-1.83766
-1.83478
-1.83322
-1.83279
-1.83641
-1.89362
-1.90079
-1.90637
-1.9037
-1.89293
-1.88729
-1.88478
-1.8832
-1.88268
-1.88452
-1.94122
-1.94466
-1.94932
-1.94701
-1.94116
-1.93659
-1.93387
-1.93207
-1.93177
-1.93257
-0.960354
-0.962399
-0.970539
-0.981892
-0.987067
-0.986955
-0.982209
-0.976921
-0.973139
-0.97117
-1.00464
-1.00621
-1.00982
-1.01623
-1.02073
-1.01946
-1.0141
-1.00895
-1.00447
-1.00181
-1.04931
-1.04956
-1.05051
-1.05172
-1.05239
-1.05025
-1.0455
-1.04034
-1.03584
-1.03288
-1.0952
-1.09279
-1.093
-1.09293
-1.09073
-1.08644
-1.08067
-1.07577
-1.07333
-1.074
-1.14302
-1.14025
-1.14034
-1.13989
-1.137
-1.13201
-1.12613
-1.12104
-1.12113
-1.12742
-1.19269
-1.1912
-1.19028
-1.18806
-1.18414
-1.17907
-1.17383
-1.1707
-1.17443
-1.18684
-1.24166
-1.24073
-1.23996
-1.23949
-1.23617
-1.23066
-1.22901
-1.22673
-1.23727
-1.2522
-1.29127
-1.29345
-1.29838
-1.29679
-1.29137
-1.28484
-1.28655
-1.29518
-1.30436
-1.31273
-1.3458
-1.35282
-1.35695
-1.35059
-1.34554
-1.34692
-1.35147
-1.35804
-1.36393
-1.3677
-1.40206
-1.41131
-1.41218
-1.40516
-1.40355
-1.40356
-1.40795
-1.41349
-1.41837
-1.42197
-1.45983
-1.469
-1.46718
-1.46316
-1.46124
-1.46239
-1.46549
-1.46951
-1.473
-1.47561
-1.51884
-1.52625
-1.52157
-1.51954
-1.51845
-1.52045
-1.52181
-1.52475
-1.52634
-1.52817
-1.57766
-1.58136
-1.57577
-1.57353
-1.57334
-1.57551
-1.57788
-1.58017
-1.57959
-1.58021
-1.63413
-1.63499
-1.63074
-1.62858
-1.62827
-1.62959
-1.63239
-1.63445
-1.63296
-1.63255
-1.68902
-1.68891
-1.68637
-1.68515
-1.68378
-1.6823
-1.68325
-1.68599
-1.68491
-1.68439
-1.74244
-1.74389
-1.74211
-1.74152
-1.73872
-1.73488
-1.73319
-1.7339
-1.73472
-1.73541
-1.79282
-1.79621
-1.79696
-1.79623
-1.79216
-1.78718
-1.78395
-1.7823
-1.78214
-1.78506
-1.84201
-1.84624
-1.8506
-1.8503
-1.84427
-1.83804
-1.83469
-1.83231
-1.83115
-1.83297
-1.89098
-1.89384
-1.89899
-1.89919
-1.89198
-1.88716
-1.88455
-1.88224
-1.88127
-1.88173
-1.94006
-1.94105
-1.94325
-1.94271
-1.9398
-1.93641
-1.93379
-1.93119
-1.93056
-1.93106
)
;

boundaryField
{
    lowerSideWalls
    {
        type            calculated;
        value           nonuniform List<scalar> 
800
(
376.578
328.279
280.835
234.536
189.158
145.465
104.115
64.4306
34.1212
12.0313
-0.437307
-0.501096
-0.533595
-0.58034
-0.634649
-0.695906
-0.760703
-0.820037
-0.878006
-0.937312
376.224
327.738
280.273
233.946
188.455
144.697
102.929
62.6534
29.9275
7.38605
-0.449829
-0.495628
-0.534266
-0.584332
-0.637227
-0.702451
-0.769989
-0.834572
-0.888288
-0.943681
375.726
327.132
279.414
232.787
186.977
142.407
100.535
59.2362
24.9398
3.56156
-0.453646
-0.499028
-0.542919
-0.598427
-0.660928
-0.72407
-0.779126
-0.828141
-0.881057
-0.943608
375.099
326.468
278.443
231.521
185.532
140.449
97.5504
55.6061
20.6876
1.57199
-0.456171
-0.509221
-0.560592
-0.61638
-0.678068
-0.736164
-0.781776
-0.819637
-0.87478
-0.941129
374.359
325.756
277.611
230.287
183.917
138.378
94.6849
52.1793
17.7238
0.630254
-0.464191
-0.51292
-0.560216
-0.617688
-0.678163
-0.733259
-0.77776
-0.822249
-0.87683
-0.937676
373.602
324.976
276.78
229.205
182.446
136.481
92.2333
49.486
15.9076
0.232298
-0.463545
-0.508521
-0.555732
-0.615671
-0.676552
-0.729213
-0.774172
-0.822591
-0.878237
-0.936273
372.923
324.252
275.983
228.232
181.182
134.87
90.3515
47.6153
14.9742
0.0831023
-0.467217
-0.50795
-0.557392
-0.614322
-0.672244
-0.726299
-0.775607
-0.826871
-0.881416
-0.936446
372.4
323.682
275.344
227.446
180.139
133.561
88.8954
46.4498
14.7887
0.0364757
-0.479381
-0.514119
-0.566115
-0.621704
-0.675814
-0.728139
-0.780067
-0.833136
-0.886042
-0.938588
372.08
323.323
274.92
226.832
179.331
132.646
87.8797
45.7942
14.8065
-0.000356509
-0.492271
-0.520154
-0.571463
-0.626847
-0.676814
-0.72562
-0.77967
-0.835352
-0.888725
-0.939492
372.017
323.236
274.74
226.583
179.012
132.178
87.2327
45.1711
14.4347
-0.0896923
-0.498771
-0.521008
-0.568532
-0.624077
-0.670728
-0.717493
-0.772821
-0.830203
-0.885876
-0.93651
375.754
327.534
280.172
234.205
189.164
145.874
104.816
64.8822
35.6463
15.0093
0.0766049
-0.587547
-0.613594
-0.645867
-0.676001
-0.711927
-0.757612
-0.809426
-0.863259
-0.914336
375.356
326.986
279.582
233.644
188.287
144.825
103.756
64.128
34.6676
12.9979
-0.35287
-0.592473
-0.611221
-0.647542
-0.681663
-0.716666
-0.759689
-0.810653
-0.865187
-0.917214
374.798
326.319
278.734
232.396
186.819
143.009
101.674
61.6503
31.9057
9.60954
-0.445267
-0.561528
-0.60397
-0.647518
-0.685492
-0.722301
-0.764311
-0.816465
-0.874816
-0.928301
374.082
325.59
277.706
230.912
185.218
141.022
98.907
58.9501
28.4857
6.51669
-0.47688
-0.540968
-0.597715
-0.647958
-0.689212
-0.7288
-0.772174
-0.824703
-0.884772
-0.939747
373.219
324.72
276.731
229.598
183.552
138.935
96.3032
56.1482
25.4835
4.5287
-0.500993
-0.537413
-0.596815
-0.649843
-0.694383
-0.736511
-0.781278
-0.832701
-0.890644
-0.944608
372.318
323.768
275.71
228.344
181.948
136.927
94.0071
53.7385
23.1463
3.19474
-0.518041
-0.538381
-0.597501
-0.652805
-0.700727
-0.746747
-0.79206
-0.841297
-0.895309
-0.946024
371.498
322.882
274.719
227.156
180.441
135.006
91.672
51.4443
21.4468
2.20106
-0.533217
-0.541629
-0.598332
-0.65285
-0.704471
-0.755237
-0.801801
-0.84868
-0.897675
-0.943428
370.861
322.178
273.908
226.145
179.166
133.426
89.8286
49.4988
19.7206
1.34536
-0.548579
-0.549274
-0.598702
-0.64983
-0.703307
-0.759563
-0.807818
-0.851443
-0.895908
-0.939257
370.488
321.757
273.408
225.487
178.293
132.341
88.5563
47.9386
18.0481
0.758614
-0.5519
-0.556578
-0.60232
-0.646893
-0.698682
-0.756937
-0.811535
-0.854137
-0.895588
-0.936861
370.446
321.693
273.272
225.328
178.038
131.927
87.8056
46.7974
16.6568
0.38039
-0.546455
-0.558316
-0.599286
-0.63884
-0.688987
-0.747192
-0.805937
-0.852544
-0.894991
-0.935505
376.578
328.279
280.835
234.536
189.158
145.465
104.115
64.4306
34.1212
12.0313
-0.437307
-0.501096
-0.533595
-0.58034
-0.634649
-0.695906
-0.760703
-0.820037
-0.878006
-0.937312
375.991
327.537
280.109
233.713
188.083
143.948
102.65
61.4496
31.6088
9.3951
-0.444116
-0.483161
-0.516924
-0.566203
-0.628063
-0.693963
-0.757331
-0.819133
-0.877929
-0.936218
375.071
326.47
278.81
232.209
186.283
141.659
99.1954
58.3118
27.2516
5.79873
-0.438507
-0.481069
-0.513257
-0.556373
-0.620636
-0.687711
-0.748381
-0.811284
-0.872773
-0.93091
373.872
325.193
277.132
230.082
183.874
138.57
95.1781
53.9355
21.715
2.73344
-0.433877
-0.486313
-0.522486
-0.561957
-0.617789
-0.681865
-0.743817
-0.80854
-0.871124
-0.929182
372.377
323.674
275.365
227.76
180.994
134.613
90.4597
48.6047
16.1188
0.798584
-0.436994
-0.486948
-0.526622
-0.574229
-0.624262
-0.679702
-0.744313
-0.809913
-0.873179
-0.929283
370.749
321.952
273.439
225.334
177.771
130.631
85.4565
42.3829
11.1389
-0.143008
-0.430986
-0.476621
-0.523861
-0.573609
-0.629801
-0.684713
-0.744391
-0.810504
-0.871318
-0.927564
369.161
320.25
271.513
222.949
174.663
126.714
80.4959
36.4551
7.26777
-0.269242
-0.402273
-0.468415
-0.520391
-0.57768
-0.634321
-0.689511
-0.749346
-0.810468
-0.869187
-0.927724
367.762
318.729
269.749
220.797
171.903
123.297
76.1302
31.6779
5.00378
-0.265198
-0.390611
-0.468405
-0.524894
-0.582929
-0.640174
-0.698002
-0.753726
-0.810353
-0.870088
-0.927499
366.696
317.582
268.411
219.143
169.78
120.644
72.739
28.3136
3.80526
-0.273704
-0.389419
-0.471702
-0.529061
-0.585151
-0.641743
-0.696035
-0.752693
-0.812037
-0.872527
-0.927138
366.062
316.904
267.61
218.159
168.541
119.069
70.6729
26.4781
3.44424
-0.285889
-0.393088
-0.472245
-0.528592
-0.582386
-0.635989
-0.691368
-0.750689
-0.81324
-0.873576
-0.92238
365.914
316.761
267.449
217.972
168.333
118.681
70.1373
25.94
3.39121
-0.291981
-0.396362
-0.473149
-0.528019
-0.578771
-0.630171
-0.687842
-0.751891
-0.814873
-0.871448
-0.910665
366.262
317.161
267.957
218.579
169.052
119.589
71.2487
26.7046
3.53368
-0.299595
-0.404078
-0.478162
-0.530889
-0.578868
-0.62912
-0.691252
-0.75541
-0.814118
-0.865375
-0.900967
367.09
318.046
269.025
219.908
170.739
121.714
74.0049
29.1446
3.95875
-0.32193
-0.417845
-0.485299
-0.5372
-0.585063
-0.637373
-0.700344
-0.760166
-0.813975
-0.859525
-0.898771
368.295
319.354
270.589
221.854
173.224
124.882
78.0934
33.4816
5.18987
-0.317459
-0.424126
-0.492953
-0.545222
-0.595232
-0.651233
-0.710019
-0.763475
-0.815328
-0.860943
-0.905217
369.768
320.958
272.417
224.187
176.353
128.927
82.9805
39.6829
8.05477
-0.27697
-0.432489
-0.503877
-0.557267
-0.608461
-0.663644
-0.718105
-0.767323
-0.816918
-0.867377
-0.91733
371.358
322.68
274.365
226.657
179.692
133.412
88.6663
47.0826
14.113
0.0452112
-0.49971
-0.532818
-0.57625
-0.620857
-0.67558
-0.729108
-0.771979
-0.818442
-0.869635
-0.922943
372.892
324.321
276.233
229.112
182.979
137.901
94.549
54.1604
21.9913
2.65404
-0.521046
-0.579993
-0.616302
-0.651372
-0.688709
-0.73821
-0.783604
-0.828373
-0.873361
-0.920632
374.178
325.686
277.937
231.427
185.847
141.648
99.5859
59.5458
28.6132
7.19857
-0.509974
-0.601166
-0.646835
-0.667811
-0.684196
-0.716957
-0.772147
-0.827245
-0.875479
-0.919429
375.162
326.833
279.391
233.316
188.071
144.544
103.89
62.4127
32.5516
11.4938
-0.476559
-0.606184
-0.634666
-0.661143
-0.677276
-0.705333
-0.750697
-0.810206
-0.868129
-0.917127
375.754
327.534
280.172
234.205
189.164
145.874
104.816
64.8822
35.6463
15.0093
0.0766049
-0.587547
-0.613594
-0.645867
-0.676001
-0.711927
-0.757612
-0.809426
-0.863259
-0.914336
)
;
    }
    upperSideWalls
    {
        type            calculated;
        value           nonuniform List<scalar> 
800
(
-0.989714
-1.03647
-1.08222
-1.12848
-1.17692
-1.22583
-1.27556
-1.32684
-1.37856
-1.42948
-1.48068
-1.53293
-1.5842
-1.6345
-1.68581
-1.73734
-1.78798
-1.83746
-1.88669
-1.93621
-0.999503
-1.04625
-1.08646
-1.12811
-1.17317
-1.2223
-1.27444
-1.32763
-1.37969
-1.43025
-1.48194
-1.53436
-1.58465
-1.635
-1.68774
-1.74059
-1.79123
-1.83933
-1.88743
-1.93652
-1.00385
-1.05311
-1.0914
-1.12866
-1.1711
-1.22062
-1.27354
-1.32465
-1.37622
-1.43061
-1.48863
-1.53925
-1.58353
-1.63098
-1.68522
-1.73971
-1.79257
-1.84133
-1.8889
-1.93737
-1.00076
-1.05066
-1.09338
-1.13311
-1.1757
-1.22272
-1.27554
-1.3291
-1.38159
-1.43563
-1.49207
-1.53873
-1.58178
-1.63185
-1.68742
-1.74191
-1.79286
-1.84134
-1.88927
-1.93777
-0.996528
-1.04897
-1.09501
-1.13752
-1.1805
-1.22658
-1.27786
-1.33033
-1.38397
-1.44005
-1.49328
-1.53867
-1.58398
-1.63567
-1.69016
-1.74267
-1.79384
-1.84155
-1.8893
-1.93782
-0.992848
-1.04512
-1.09309
-1.13893
-1.1846
-1.23321
-1.28314
-1.33237
-1.38599
-1.44204
-1.49222
-1.53911
-1.58561
-1.63673
-1.69041
-1.74307
-1.79294
-1.84052
-1.88862
-1.93732
-0.990482
-1.04165
-1.08995
-1.13755
-1.18713
-1.23921
-1.29095
-1.33925
-1.3875
-1.43689
-1.48925
-1.5429
-1.59334
-1.63951
-1.68947
-1.74106
-1.79025
-1.83867
-1.88731
-1.93642
-0.990488
-1.04109
-1.09032
-1.13998
-1.19044
-1.24094
-1.293
-1.34645
-1.39681
-1.4414
-1.48855
-1.54248
-1.59761
-1.64077
-1.68744
-1.73753
-1.78726
-1.83657
-1.88575
-1.93528
-0.989926
-1.04218
-1.09407
-1.14342
-1.1927
-1.2418
-1.28916
-1.33867
-1.39328
-1.44756
-1.49565
-1.54391
-1.59593
-1.6376
-1.68114
-1.73221
-1.78401
-1.83392
-1.88363
-1.93379
-0.986741
-1.03864
-1.09393
-1.14476
-1.19455
-1.24346
-1.29149
-1.33744
-1.38248
-1.43643
-1.49413
-1.54291
-1.58806
-1.6315
-1.67461
-1.72698
-1.78026
-1.83075
-1.88095
-1.93195
-0.960354
-1.00464
-1.04931
-1.0952
-1.14302
-1.19269
-1.24166
-1.29127
-1.3458
-1.40206
-1.45983
-1.51884
-1.57766
-1.63413
-1.68902
-1.74244
-1.79282
-1.84201
-1.89098
-1.94006
-0.962399
-1.00621
-1.04956
-1.09279
-1.14025
-1.1912
-1.24073
-1.29345
-1.35282
-1.41131
-1.469
-1.52625
-1.58136
-1.63499
-1.68891
-1.74389
-1.79621
-1.84624
-1.89384
-1.94105
-0.970539
-1.00982
-1.05051
-1.093
-1.14034
-1.19028
-1.23996
-1.29838
-1.35695
-1.41218
-1.46718
-1.52157
-1.57577
-1.63074
-1.68637
-1.74211
-1.79696
-1.8506
-1.89899
-1.94325
-0.981892
-1.01623
-1.05172
-1.09293
-1.13989
-1.18806
-1.23949
-1.29679
-1.35059
-1.40516
-1.46316
-1.51954
-1.57353
-1.62858
-1.68515
-1.74152
-1.79623
-1.8503
-1.89919
-1.94271
-0.987067
-1.02073
-1.05239
-1.09073
-1.137
-1.18414
-1.23617
-1.29137
-1.34554
-1.40355
-1.46124
-1.51845
-1.57334
-1.62827
-1.68378
-1.73872
-1.79216
-1.84427
-1.89198
-1.9398
-0.986955
-1.01946
-1.05025
-1.08644
-1.13201
-1.17907
-1.23066
-1.28484
-1.34692
-1.40356
-1.46239
-1.52045
-1.57551
-1.62959
-1.6823
-1.73488
-1.78718
-1.83804
-1.88716
-1.93641
-0.982209
-1.0141
-1.0455
-1.08067
-1.12613
-1.17383
-1.22901
-1.28655
-1.35147
-1.40795
-1.46549
-1.52181
-1.57788
-1.63239
-1.68325
-1.73319
-1.78395
-1.83469
-1.88455
-1.93379
-0.976921
-1.00895
-1.04034
-1.07577
-1.12104
-1.1707
-1.22673
-1.29518
-1.35804
-1.41349
-1.46951
-1.52475
-1.58017
-1.63445
-1.68599
-1.7339
-1.7823
-1.83231
-1.88224
-1.93119
-0.973139
-1.00447
-1.03584
-1.07333
-1.12113
-1.17443
-1.23727
-1.30436
-1.36393
-1.41837
-1.473
-1.52634
-1.57959
-1.63296
-1.68491
-1.73472
-1.78214
-1.83115
-1.88127
-1.93056
-0.97117
-1.00181
-1.03288
-1.074
-1.12742
-1.18684
-1.2522
-1.31273
-1.3677
-1.42197
-1.47561
-1.52817
-1.58021
-1.63255
-1.68439
-1.73541
-1.78506
-1.83297
-1.88173
-1.93106
-0.989714
-1.03647
-1.08222
-1.12848
-1.17692
-1.22583
-1.27556
-1.32684
-1.37856
-1.42948
-1.48068
-1.53293
-1.5842
-1.6345
-1.68581
-1.73734
-1.78798
-1.83746
-1.88669
-1.93621
-0.988064
-1.03522
-1.08199
-1.12901
-1.17776
-1.22702
-1.27634
-1.32666
-1.37805
-1.42968
-1.48246
-1.53556
-1.5867
-1.6355
-1.68578
-1.73692
-1.78741
-1.83676
-1.88609
-1.93591
-0.980302
-1.02817
-1.07847
-1.12916
-1.17674
-1.22435
-1.2727
-1.32267
-1.37346
-1.42597
-1.47918
-1.53247
-1.58582
-1.63894
-1.68942
-1.73943
-1.78836
-1.83676
-1.88566
-1.93536
-0.979188
-1.03114
-1.08178
-1.1304
-1.17666
-1.22214
-1.26922
-1.3189
-1.37127
-1.42542
-1.47502
-1.52514
-1.57883
-1.63295
-1.68811
-1.73983
-1.78872
-1.83694
-1.88553
-1.93542
-0.981908
-1.03446
-1.08399
-1.13058
-1.17589
-1.22164
-1.2669
-1.3164
-1.37029
-1.42114
-1.47072
-1.52087
-1.57427
-1.62831
-1.68413
-1.73737
-1.78828
-1.83712
-1.88597
-1.93621
-0.982553
-1.0346
-1.08366
-1.13172
-1.17721
-1.22316
-1.268
-1.31702
-1.37125
-1.42088
-1.46974
-1.521
-1.57359
-1.62751
-1.68113
-1.73406
-1.78692
-1.83809
-1.88782
-1.9372
-0.981463
-1.03229
-1.08186
-1.1306
-1.18065
-1.22699
-1.27223
-1.31839
-1.37076
-1.42176
-1.47104
-1.52007
-1.57132
-1.62393
-1.6776
-1.73086
-1.7852
-1.83765
-1.888
-1.93692
-0.977298
-1.02493
-1.07545
-1.12769
-1.17868
-1.22699
-1.27292
-1.31879
-1.36835
-1.41768
-1.46776
-1.51793
-1.56919
-1.62174
-1.67556
-1.73047
-1.78422
-1.83756
-1.8864
-1.93597
-0.973069
-1.02204
-1.07436
-1.12681
-1.17706
-1.22539
-1.27244
-1.32052
-1.36799
-1.41671
-1.46764
-1.51818
-1.56915
-1.62247
-1.67706
-1.73089
-1.78407
-1.83485
-1.8845
-1.93538
-0.965151
-1.01761
-1.07665
-1.12929
-1.17792
-1.22543
-1.27338
-1.32208
-1.37096
-1.42046
-1.47168
-1.52309
-1.57482
-1.62869
-1.68287
-1.73508
-1.78485
-1.83448
-1.88512
-1.93652
-0.955477
-1.01842
-1.08483
-1.1369
-1.18221
-1.22629
-1.27193
-1.32144
-1.37405
-1.42578
-1.47782
-1.52999
-1.58223
-1.63707
-1.69228
-1.743
-1.78975
-1.83742
-1.88748
-1.93853
-0.954282
-1.02984
-1.09928
-1.14915
-1.18962
-1.23058
-1.27205
-1.3206
-1.37592
-1.42908
-1.48153
-1.5356
-1.58899
-1.64148
-1.69527
-1.74707
-1.79434
-1.84105
-1.89034
-1.94065
-0.962377
-1.04667
-1.1139
-1.15735
-1.19399
-1.23397
-1.27328
-1.31917
-1.37464
-1.4268
-1.478
-1.53688
-1.59658
-1.64741
-1.69499
-1.74484
-1.79358
-1.84191
-1.89181
-1.94229
-0.972396
-1.05532
-1.11599
-1.15566
-1.1916
-1.2325
-1.27084
-1.31602
-1.37031
-1.42069
-1.46944
-1.53227
-1.6008
-1.65338
-1.69952
-1.74737
-1.79586
-1.84459
-1.89363
-1.94328
-0.980148
-1.05193
-1.1059
-1.14507
-1.18255
-1.22355
-1.26262
-1.30917
-1.3624
-1.41356
-1.45972
-1.52436
-1.597
-1.65194
-1.7001
-1.74934
-1.79913
-1.8484
-1.89705
-1.94471
-0.981161
-1.0403
-1.08817
-1.12828
-1.16893
-1.20868
-1.2501
-1.29863
-1.35114
-1.40419
-1.45045
-1.51784
-1.58747
-1.64348
-1.69471
-1.74579
-1.79659
-1.84765
-1.89737
-1.94453
-0.97024
-1.01911
-1.06992
-1.11466
-1.15574
-1.19414
-1.23814
-1.288
-1.34011
-1.39306
-1.44347
-1.51468
-1.57838
-1.63382
-1.68789
-1.74114
-1.7934
-1.84477
-1.89556
-1.94333
-0.962709
-1.00816
-1.05691
-1.10439
-1.14592
-1.18816
-1.23445
-1.28454
-1.33831
-1.39314
-1.45222
-1.51638
-1.5749
-1.63013
-1.68568
-1.74034
-1.79349
-1.8457
-1.8955
-1.94323
-0.962291
-1.0084
-1.05211
-1.09698
-1.14323
-1.19098
-1.24061
-1.2917
-1.34705
-1.40312
-1.46157
-1.52102
-1.57844
-1.63451
-1.68961
-1.74408
-1.79573
-1.84517
-1.89362
-1.94122
-0.960354
-1.00464
-1.04931
-1.0952
-1.14302
-1.19269
-1.24166
-1.29127
-1.3458
-1.40206
-1.45983
-1.51884
-1.57766
-1.63413
-1.68902
-1.74244
-1.79282
-1.84201
-1.89098
-1.94006
)
;
    }
    lowerWall
    {
        type            calculated;
        value           nonuniform List<scalar> 
200
(
401.103
400.516
399.596
398.397
396.902
395.274
393.686
392.287
391.221
390.587
390.439
390.787
391.615
392.82
394.293
395.883
397.417
398.703
399.687
400.279
400.749
400.131
399.229
398.032
396.548
394.926
393.326
391.905
390.83
390.183
390.027
390.377
391.191
392.392
393.868
395.456
396.968
398.225
399.245
399.881
400.251
399.581
398.925
397.845
396.174
394.397
392.728
391.258
390.151
389.481
389.299
389.634
390.453
391.678
393.197
394.87
396.556
397.778
398.652
399.323
399.624
399.021
398.323
397.14
395.352
393.581
391.888
390.393
389.247
388.54
388.336
388.652
389.468
390.71
392.261
393.965
395.8
397.108
397.957
398.607
398.884
398.299
397.445
396.194
394.397
392.65
390.935
389.408
388.217
387.467
387.229
387.524
388.334
389.588
391.155
392.855
394.651
396.101
397.105
397.744
398.127
397.558
396.594
395.24
393.54
391.747
389.986
388.414
387.17
386.355
386.09
386.367
387.177
388.441
390.04
391.81
393.579
395.096
396.203
396.843
397.448
396.882
395.871
394.466
392.764
390.935
389.139
387.524
386.231
385.381
385.065
385.319
386.127
387.402
389.025
390.835
392.637
394.207
395.372
396.023
396.925
396.355
395.319
393.888
392.173
390.322
388.494
386.845
385.509
384.621
384.274
384.507
385.312
386.589
388.232
390.07
391.909
393.516
394.721
395.386
396.605
396.037
394.996
393.559
391.838
389.975
388.129
386.459
385.1
384.191
383.824
384.038
384.829
386.105
387.762
389.618
391.469
393.111
394.335
395.013
396.542
395.982
394.95
393.528
391.822
389.97
388.125
386.451
385.077
383.927
383.591
383.989
384.774
386.056
387.718
389.582
391.438
393.073
394.293
394.971
)
;
    }
    atmosphere
    {
        type            calculated;
        value           nonuniform List<scalar> 0();
    }
    procBoundary0to1
    {
        type            processor;
        value           nonuniform List<scalar> 
800
(
372.215
323.403
274.866
226.649
178.966
131.943
86.677
44.2521
13.5941
-0.218909
-0.488598
-0.510799
-0.561556
-0.614118
-0.657591
-0.702697
-0.763226
-0.822083
-0.87869
-0.929266
371.673
322.78
274.135
225.65
177.438
129.8
83.2707
38.3006
7.56923
-0.422111
-0.481654
-0.512919
-0.563654
-0.615143
-0.657275
-0.705058
-0.762393
-0.828589
-0.885753
-0.936472
370.669
321.684
272.822
224.07
175.457
127.036
79.0848
31.9515
3.43731
-0.422222
-0.476896
-0.507689
-0.546397
-0.5945
-0.647028
-0.702969
-0.76395
-0.828377
-0.888348
-0.942876
369.284
320.176
271.038
221.899
172.678
123.422
74.1623
25.8549
1.2729
-0.400636
-0.45616
-0.493885
-0.549788
-0.596286
-0.646121
-0.709595
-0.773332
-0.831815
-0.888451
-0.942343
367.619
318.355
268.874
219.2
169.207
118.874
68.6193
20.0279
0.0741053
-0.350824
-0.420436
-0.476772
-0.538477
-0.594462
-0.655257
-0.719567
-0.778758
-0.833852
-0.887136
-0.939241
365.806
316.368
266.509
216.197
165.285
113.846
60.8898
13.823
-0.177405
-0.293896
-0.386219
-0.46079
-0.527216
-0.591754
-0.657606
-0.721417
-0.776343
-0.827616
-0.880743
-0.934622
363.997
314.378
264.134
213.129
161.207
108.249
51.9182
9.08646
-0.210334
-0.293416
-0.374847
-0.450754
-0.522536
-0.592495
-0.658295
-0.713949
-0.765225
-0.817465
-0.869168
-0.923844
362.356
312.547
261.899
210.195
157.244
102.477
43.4944
5.7215
-0.223917
-0.295148
-0.371576
-0.450944
-0.526879
-0.596497
-0.657667
-0.712037
-0.761481
-0.809757
-0.859798
-0.913869
361.003
311.016
260.016
207.703
153.919
97.6629
37.4846
3.73916
-0.22867
-0.297533
-0.378107
-0.462017
-0.536423
-0.600387
-0.656979
-0.709119
-0.757855
-0.805863
-0.855048
-0.908307
359.999
310.032
258.753
206.086
151.783
94.4114
33.6594
2.59674
-0.232134
-0.306808
-0.394002
-0.474649
-0.544684
-0.603102
-0.656097
-0.706562
-0.756043
-0.805051
-0.855259
-0.908607
359.638
309.594
258.229
205.319
150.602
92.1243
30.5736
1.81687
-0.232903
-0.313839
-0.400709
-0.48146
-0.548477
-0.604667
-0.657223
-0.708021
-0.758279
-0.809734
-0.862527
-0.915634
359.914
309.742
258.303
205.3
150.385
91.044
28.3375
1.34275
-0.223136
-0.310491
-0.398275
-0.481204
-0.548977
-0.606746
-0.659591
-0.710253
-0.761338
-0.816051
-0.872658
-0.927857
360.688
310.611
259.344
206.555
151.857
92.9017
29.3383
1.4793
-0.210339
-0.303784
-0.39712
-0.483467
-0.55801
-0.619091
-0.667597
-0.713742
-0.764283
-0.822735
-0.887407
-0.949827
361.964
312.041
261.112
208.859
154.869
97.6944
35.0967
2.48185
-0.197275
-0.300136
-0.39763
-0.490966
-0.575378
-0.640447
-0.684137
-0.718821
-0.765762
-0.830997
-0.912303
-0.99748
363.612
313.892
263.41
211.985
159.233
104.803
46.2751
5.47451
-0.171816
-0.294404
-0.397121
-0.49614
-0.587445
-0.659805
-0.708629
-0.734575
-0.767684
-0.836562
-0.930898
-1.02549
365.455
315.97
266.006
215.527
164.245
112.129
59.5957
11.8076
-0.151181
-0.309584
-0.408493
-0.506012
-0.593167
-0.661691
-0.715447
-0.754061
-0.785999
-0.839954
-0.922646
-1.01047
367.283
318.038
268.604
219.039
169.218
119.151
69.6695
20.557
0.0777093
-0.350318
-0.452782
-0.534659
-0.609013
-0.661415
-0.706721
-0.754036
-0.791495
-0.841582
-0.905258
-0.972385
368.888
319.846
270.861
222.013
173.32
124.966
77.5148
30.5742
2.5027
-0.337713
-0.466059
-0.550119
-0.614636
-0.658079
-0.6974
-0.746787
-0.791525
-0.838855
-0.892391
-0.945054
370.087
321.197
272.541
224.165
176.351
129.287
83.6803
39.6935
8.09784
-0.298097
-0.491781
-0.563178
-0.611346
-0.646846
-0.687252
-0.740376
-0.790303
-0.839054
-0.891285
-0.941624
370.748
321.974
273.551
225.566
178.265
131.972
87.5888
46.2326
15.9138
0.256372
-0.536143
-0.555297
-0.595178
-0.632087
-0.680618
-0.737021
-0.791063
-0.842651
-0.889995
-0.934581
-0.979217
-1.03249
-1.08732
-1.14063
-1.19045
-1.23868
-1.28519
-1.32971
-1.37016
-1.41559
-1.47646
-1.53219
-1.57903
-1.62374
-1.67104
-1.72335
-1.7761
-1.82723
-1.87788
-1.92939
-0.986323
-1.04028
-1.09606
-1.15027
-1.20149
-1.25001
-1.29684
-1.34275
-1.38732
-1.43803
-1.50385
-1.56112
-1.5942
-1.62904
-1.67166
-1.72427
-1.77688
-1.82813
-1.87826
-1.92965
-0.994824
-1.04901
-1.10479
-1.16012
-1.21172
-1.25953
-1.30552
-1.35028
-1.3944
-1.44306
-1.50241
-1.55968
-1.59834
-1.63496
-1.67674
-1.7292
-1.77894
-1.82864
-1.8784
-1.93042
-0.9952
-1.04805
-1.10362
-1.16103
-1.21487
-1.26468
-1.31118
-1.3562
-1.40038
-1.44641
-1.49767
-1.55263
-1.59763
-1.6373
-1.68181
-1.73248
-1.7838
-1.83327
-1.88233
-1.93182
-0.991476
-1.04189
-1.0934
-1.14889
-1.20534
-1.2585
-1.30744
-1.35512
-1.40022
-1.44468
-1.49462
-1.54852
-1.59708
-1.63877
-1.68571
-1.73043
-1.78539
-1.83655
-1.88481
-1.93244
-0.989342
-1.04336
-1.09382
-1.14274
-1.19352
-1.24562
-1.29851
-1.34924
-1.39629
-1.44051
-1.49089
-1.54623
-1.59906
-1.64098
-1.68723
-1.73418
-1.78601
-1.83527
-1.88457
-1.93536
-0.983074
-1.04193
-1.09807
-1.14713
-1.19284
-1.2383
-1.2869
-1.33888
-1.38932
-1.43579
-1.48798
-1.54589
-1.60131
-1.6431
-1.68719
-1.73593
-1.78577
-1.83654
-1.88851
-1.94192
-0.973243
-1.03612
-1.09702
-1.14788
-1.19189
-1.23348
-1.27997
-1.33249
-1.38501
-1.43321
-1.48588
-1.5437
-1.60077
-1.64375
-1.68589
-1.73363
-1.78521
-1.83914
-1.89285
-1.94596
-0.967054
-1.03023
-1.09087
-1.14234
-1.18515
-1.22579
-1.2724
-1.32647
-1.38214
-1.43278
-1.48341
-1.53899
-1.59697
-1.64236
-1.68401
-1.72965
-1.78525
-1.8433
-1.89579
-1.94555
-0.965794
-1.02526
-1.08181
-1.13326
-1.1792
-1.22106
-1.2669
-1.32149
-1.38074
-1.43595
-1.484
-1.53433
-1.59112
-1.63964
-1.68247
-1.72853
-1.78649
-1.84435
-1.8951
-1.94178
-0.969385
-1.02323
-1.07528
-1.1277
-1.18039
-1.22989
-1.27813
-1.33303
-1.39145
-1.44522
-1.49132
-1.53516
-1.58673
-1.63767
-1.68298
-1.73172
-1.78926
-1.84729
-1.89912
-1.94494
-0.981743
-1.03315
-1.08188
-1.13561
-1.19003
-1.23834
-1.28664
-1.34324
-1.39354
-1.44318
-1.49022
-1.534
-1.58437
-1.63627
-1.68784
-1.74642
-1.80788
-1.86137
-1.9065
-1.949
-1.01646
-1.06813
-1.10985
-1.16105
-1.21314
-1.25803
-1.30295
-1.35766
-1.40222
-1.44194
-1.48619
-1.53236
-1.58217
-1.63423
-1.68997
-1.75303
-1.81324
-1.86399
-1.90704
-1.94963
-1.07421
-1.12072
-1.14248
-1.18988
-1.24428
-1.2856
-1.32604
-1.36888
-1.409
-1.44148
-1.4826
-1.53063
-1.58256
-1.63583
-1.69196
-1.74915
-1.80558
-1.8568
-1.90267
-1.94662
-1.10148
-1.14267
-1.15453
-1.19507
-1.25872
-1.30516
-1.34274
-1.37933
-1.40949
-1.44261
-1.48517
-1.53662
-1.5891
-1.64346
-1.69598
-1.74796
-1.80055
-1.85151
-1.89899
-1.94345
-1.08296
-1.12036
-1.12676
-1.16633
-1.23531
-1.2974
-1.34137
-1.37503
-1.40412
-1.43937
-1.48636
-1.53461
-1.58973
-1.64596
-1.69926
-1.74896
-1.79788
-1.84681
-1.89498
-1.94125
-1.02989
-1.06219
-1.07716
-1.11666
-1.18609
-1.26066
-1.31576
-1.35756
-1.39396
-1.43611
-1.48353
-1.53614
-1.59223
-1.64937
-1.70387
-1.75273
-1.79882
-1.84442
-1.89056
-1.93706
-0.987133
-1.01538
-1.03837
-1.07884
-1.15129
-1.22809
-1.28754
-1.33771
-1.3846
-1.4332
-1.48478
-1.54034
-1.59504
-1.65003
-1.70403
-1.75451
-1.80074
-1.84447
-1.88935
-1.93521
-0.97708
-1.00278
-1.02692
-1.06866
-1.13518
-1.20979
-1.27258
-1.32911
-1.38121
-1.43312
-1.48592
-1.53926
-1.59215
-1.64571
-1.70013
-1.75296
-1.80067
-1.84404
-1.88779
-1.93368
-0.97141
-1.00146
-1.03433
-1.07893
-1.13629
-1.20216
-1.26391
-1.31985
-1.374
-1.4269
-1.47894
-1.53056
-1.58216
-1.63471
-1.68846
-1.74137
-1.79104
-1.83797
-1.88452
-1.93212
)
;
    }
    procBoundary0to2
    {
        type            processor;
        value           nonuniform List<scalar> 
200
(
-1.98592
-1.98606
-1.98654
-1.9868
-1.9868
-1.98651
-1.9859
-1.98505
-1.98415
-1.98332
-1.98591
-1.98618
-1.98684
-1.98722
-1.98723
-1.98683
-1.98616
-1.98536
-1.98446
-1.98343
-1.98558
-1.98579
-1.98672
-1.98695
-1.98692
-1.98673
-1.98639
-1.98595
-1.98498
-1.98346
-1.98607
-1.98649
-1.98791
-1.9877
-1.98661
-1.98688
-1.98679
-1.98633
-1.9852
-1.98315
-1.98674
-1.98763
-1.98924
-1.98946
-1.98788
-1.98733
-1.98711
-1.98652
-1.9853
-1.98223
-1.98735
-1.98841
-1.98999
-1.9912
-1.99051
-1.98828
-1.98703
-1.98659
-1.98408
-1.98381
-1.9871
-1.98793
-1.99
-1.99333
-1.99365
-1.99041
-1.98884
-1.98904
-1.98928
-1.99392
-1.98682
-1.98716
-1.98917
-1.99444
-1.99609
-1.99314
-1.99161
-1.99147
-1.99463
-1.99743
-1.98699
-1.98764
-1.98946
-1.99413
-1.99656
-1.99494
-1.99366
-1.99297
-1.99522
-1.99485
-1.98804
-1.98864
-1.99169
-1.99569
-1.99765
-1.99687
-1.99661
-1.99637
-1.99729
-1.99336
-1.98967
-1.99064
-1.99505
-1.99977
-2.00055
-1.99941
-1.99925
-2.00059
-1.99892
-1.99657
-1.99113
-1.99151
-1.99694
-2.00338
-2.00318
-2.00144
-2.00083
-2.00117
-2.0012
-1.99864
-1.99253
-1.99287
-1.9971
-2.00353
-2.0032
-1.9998
-1.99995
-2.00062
-2.00058
-1.99774
-1.99384
-1.99521
-1.99805
-2.00176
-2.00056
-1.99751
-1.99753
-1.99803
-1.99711
-1.99456
-1.99397
-1.99754
-2.00161
-2.00242
-1.99738
-1.99205
-1.9901
-1.99056
-1.99208
-1.99099
-1.99212
-1.99702
-2.0025
-2.00096
-1.99129
-1.98203
-1.97783
-1.98028
-1.98612
-1.98794
-1.99056
-1.99302
-1.9929
-1.98838
-1.9826
-1.97641
-1.97523
-1.98041
-1.98386
-1.98431
-1.99068
-1.99274
-1.99106
-1.98402
-1.97955
-1.97902
-1.97982
-1.98018
-1.98162
-1.98198
-1.98978
-1.99156
-1.9947
-1.99384
-1.98903
-1.9846
-1.98182
-1.98031
-1.98012
-1.98031
-1.98957
-1.99019
-1.99152
-1.99127
-1.98887
-1.98562
-1.98191
-1.97936
-1.97902
-1.97958
)
;
    }
}


// ************************************************************************* //
