/*--------------------------------*- C++ -*----------------------------------*\
| =========                 |                                                 |
| \\      /  F ield         | OpenFOAM: The Open Source CFD Toolbox           |
|  \\    /   O peration     | Version:  2312                                  |
|   \\  /    A nd           | Website:  www.openfoam.com                      |
|    \\/     M anipulation  |                                                 |
\*---------------------------------------------------------------------------*/
FoamFile
{
    version     2.0;
    format      ascii;
    arch        "LSB;label=32;scalar=64";
    class       volScalarField;
    location    "0.425";
    object      p_rgh;
}
// * * * * * * * * * * * * * * * * * * * * * * * * * * * * * * * * * * * * * //

dimensions      [1 -1 -2 0 0 0 0];

internalField   nonuniform List<scalar> 
8000
(
415.283
415.176
415.099
415.129
415.27
415.532
415.887
416.281
416.639
416.895
415.162
414.994
414.886
414.9
415.045
415.33
415.721
416.161
416.557
416.833
414.524
414.33
414.211
414.254
414.481
414.87
415.362
415.89
416.357
416.673
412.925
412.755
412.799
413.085
413.587
414.215
414.925
415.639
416.243
416.632
410.24
409.993
410.215
410.915
412.031
413.175
414.287
415.308
416.131
416.615
407.607
406.849
406.559
407.757
409.82
411.947
413.948
415.634
416.997
417.67
381.013
377.784
375.43
389.712
405.771
410.336
413.843
416.544
418.765
420.114
221.369
194.807
189.566
245.87
311.062
371.746
402.056
415.026
422.159
424.694
23.586
13.2172
10.3585
40.8784
120.089
211.668
295.352
350.05
378.054
391.08
3.94205
2.29878
1.0594
0.621558
0.240698
9.30493
36.4655
72.9223
106.257
125.061
1.43959
0.86699
0.19725
-0.0337764
-0.0655713
-0.0464295
-8.35409e-05
0.0407871
0.066724
0.0715388
0.633724
0.365817
0.0599926
-0.0567875
-0.0545399
-0.0288226
0.0205172
0.0627844
0.0726593
0.0685168
0.438163
0.234504
0.0811221
0.0219426
0.0190154
0.0332721
0.0568454
0.0802418
0.0851524
0.0792761
0.40021
0.165313
0.137941
0.114088
0.0977871
0.0930141
0.0942598
0.0967071
0.0976521
0.0935755
0.420661
0.144718
0.17613
0.164469
0.143578
0.13018
0.124889
0.123253
0.12169
0.118518
0.39622
0.156758
0.19231
0.177001
0.172347
0.162385
0.156128
0.144211
0.143386
0.143765
0.388545
0.164181
0.18655
0.187123
0.187706
0.178826
0.168989
0.152975
0.150786
0.151286
0.42027
0.163066
0.172177
0.175317
0.177162
0.162086
0.154658
0.151965
0.150546
0.150467
0.433493
0.256887
0.155647
0.152609
0.153144
0.152212
0.151314
0.150907
0.151001
0.151339
0.407998
0.388342
0.232153
0.137878
0.143841
0.147189
0.148708
0.149716
0.150591
0.151153
415.168
415.058
414.987
415.031
415.187
415.469
415.842
416.252
416.634
416.909
414.988
414.811
414.709
414.74
414.9
415.201
415.613
416.073
416.49
416.785
414.327
414.104
413.978
414.029
414.253
414.637
415.13
415.67
416.161
416.505
412.747
412.508
412.508
412.749
413.186
413.747
414.412
415.113
415.717
416.124
409.972
409.782
409.945
410.482
411.353
412.262
413.21
414.159
414.971
415.496
406.734
406.69
406.493
407.209
408.643
410.094
411.574
413.038
414.313
415.083
378.257
378.012
381.146
394.944
404.262
407.175
409.613
411.827
413.673
414.684
192.413
196.563
208.244
257.367
322.424
370.339
392.538
405.619
413.645
414.956
11.9901
11.4556
12.7078
28.624
52.1079
87.1136
130.596
167.042
194.565
210.759
1.9506
1.38668
0.597983
0.168479
0.0878698
0.137891
1.16365
9.55725
16.5002
19.6923
0.571343
0.437826
0.0252412
-0.163639
-0.10626
-0.019715
0.0314394
0.0336966
0.0378963
0.0416761
0.302232
0.215038
0.0204975
-0.126868
-0.107604
-0.0258532
0.0392646
0.0533904
0.0473562
0.0559243
0.350564
0.182573
0.101747
0.0242844
0.000787958
0.0289144
0.0716945
0.0667519
0.0582549
0.0518011
0.366807
0.163271
0.229405
0.200686
0.12562
0.101041
0.0974747
0.0913841
0.0726968
0.0778029
0.411602
0.176249
0.290991
0.265691
0.182683
0.137986
0.131586
0.116549
0.113642
0.123548
0.43284
0.180951
0.275291
0.245283
0.17547
0.154589
0.152861
0.140742
0.143993
0.145844
0.433435
0.170274
0.249145
0.23287
0.174462
0.169255
0.16591
0.154884
0.151324
0.149658
0.402845
0.161134
0.225895
0.169714
0.166462
0.160746
0.156955
0.15427
0.152339
0.152135
0.360128
0.207344
0.159829
0.148828
0.149926
0.152083
0.152433
0.152098
0.152322
0.152601
0.271863
0.370049
0.143236
0.133092
0.13951
0.145275
0.148505
0.150003
0.15115
0.151705
415.073
414.969
414.905
414.962
415.141
415.456
415.872
416.337
416.767
417.086
414.867
414.694
414.59
414.622
414.79
415.117
415.572
416.084
416.551
416.893
414.201
413.971
413.823
413.849
414.048
414.424
414.937
415.523
416.062
416.453
412.807
412.513
412.405
412.514
412.796
413.252
413.884
414.594
415.234
415.691
410.256
409.956
409.897
410.161
410.671
411.297
412.114
413.024
413.866
414.442
406.592
406.407
406.407
406.704
407.331
408.138
409.3
410.637
411.882
412.659
377.566
381.404
391.926
400.847
402.799
404.425
406.061
407.756
409.063
409.726
197.965
208.058
237.963
280.902
321.581
344.331
356.992
368.596
379.209
386.197
11.8234
11.9242
18.985
26.4672
33.8832
42.3576
50.2607
58.443
65.8948
68.1806
1.06396
0.528333
0.159659
0.00418248
0.0751945
0.13404
0.161515
0.178249
0.193334
0.248299
0.174859
0.0119164
-0.162649
-0.153305
-0.0458718
0.0541462
0.108951
0.126938
0.127958
0.131475
0.0893184
-0.0249871
-0.0560298
-0.0931783
-0.0418854
0.0434046
0.0846076
0.096559
0.100258
0.11268
0.279325
0.103884
0.115903
0.0675082
0.0631091
0.086204
0.100325
0.0838822
0.0840708
0.110648
0.360183
0.170085
0.206414
0.213231
0.146695
0.110062
0.107307
0.092946
0.0996682
0.110023
0.377782
0.188312
0.216401
0.238107
0.150561
0.127402
0.123402
0.117647
0.12309
0.120813
0.2602
0.182447
0.183185
0.225158
0.152099
0.144364
0.143644
0.141749
0.140827
0.139743
0.194764
0.158978
0.169635
0.198495
0.160232
0.156243
0.155498
0.153315
0.150483
0.149165
0.174933
0.151738
0.170232
0.164647
0.155635
0.155051
0.154767
0.153614
0.153024
0.152726
0.175809
0.142808
0.165473
0.150414
0.146141
0.149304
0.150934
0.151705
0.152521
0.152781
0.218331
0.133706
0.148715
0.138093
0.138227
0.143667
0.147422
0.149592
0.151206
0.151742
415.07
414.979
414.928
415.008
415.226
415.597
416.092
416.649
417.156
417.541
414.851
414.696
414.592
414.629
414.824
415.206
415.74
416.345
416.896
417.313
414.227
414.001
413.827
413.823
414.006
414.401
414.976
415.656
416.293
416.788
413.098
412.75
412.504
412.444
412.586
412.987
413.637
414.403
415.153
415.762
411.009
410.508
410.162
410.052
410.184
410.576
411.302
412.196
413.14
413.887
407.859
407.151
406.659
406.252
406.155
406.492
407.423
408.61
409.909
410.754
392.608
394.269
400.695
400.771
401.102
401.788
402.917
404.723
405.386
405.716
251.492
256.873
279.286
303.648
312.113
311.664
314.374
323.103
331.141
335.087
45.8938
30.2994
26.8237
23.6115
20.7328
18.8472
18.8047
21.4445
22.3293
20.4338
0.647306
0.211357
0.0539759
0.0225442
0.078569
0.113936
0.137474
0.163084
0.186681
0.200007
-0.000415034
-0.110857
-0.107804
-0.0634816
0.0239565
0.0823148
0.114628
0.134469
0.149267
0.156585
-0.0258157
-0.0945727
-0.0822772
-0.0344833
0.0246423
0.0739556
0.0975773
0.111964
0.122992
0.129902
0.141233
0.0350762
0.0501127
0.0645685
0.0792779
0.0887898
0.0905979
0.095167
0.104046
0.112686
0.320228
0.209
0.127635
0.128373
0.116757
0.104975
0.0997285
0.0979056
0.106243
0.108661
0.199682
0.229212
0.154047
0.139677
0.134082
0.125918
0.120661
0.119073
0.121616
0.12137
0.138048
0.153319
0.152778
0.155494
0.154028
0.146505
0.142316
0.141413
0.139557
0.138873
0.146644
0.152623
0.157657
0.166587
0.160388
0.154241
0.152089
0.150736
0.150143
0.149661
0.14596
0.148517
0.154199
0.160616
0.155119
0.1531
0.152476
0.152127
0.152929
0.153031
0.135862
0.134553
0.140882
0.148534
0.148202
0.149582
0.150132
0.150891
0.152543
0.152881
0.148128
0.123895
0.131205
0.139198
0.141685
0.144869
0.147122
0.148978
0.151207
0.151617
415.157
415.081
415.051
415.168
415.447
415.916
416.537
417.224
417.832
418.313
414.946
414.805
414.708
414.77
415.024
415.503
416.168
416.915
417.596
418.144
414.418
414.187
413.985
413.961
414.167
414.639
415.345
416.182
417.015
417.723
413.577
413.164
412.758
412.552
412.626
413.044
413.792
414.74
415.76
416.671
412.129
411.393
410.668
410.164
410.002
410.273
411.027
412.12
413.339
414.406
409.951
408.696
407.321
406.147
405.495
405.456
406.5
407.789
409.113
410.077
406.301
404.347
402.62
400.952
400.176
400.477
400.296
400.6
401.174
401.399
313.951
322.246
320.822
310.829
297.572
285.691
283.429
281.211
274.674
264.961
128.569
55.6755
34.8818
21.0141
11.4662
6.681
6.08309
6.43427
4.53365
2.74142
0.260568
0.130138
0.087981
0.0828775
0.110376
0.131727
0.152064
0.171121
0.179146
0.18134
-0.0230415
-0.0353879
-0.0078077
0.0288602
0.0756944
0.112787
0.139651
0.157729
0.167801
0.173437
-0.019819
-0.0491763
-0.020114
0.0198878
0.0649939
0.100171
0.12432
0.139109
0.146366
0.149743
0.0249975
0.0120626
0.0398764
0.0608477
0.0835468
0.103159
0.116406
0.12499
0.130169
0.133234
0.0899516
0.126711
0.102621
0.0946836
0.105339
0.115899
0.120337
0.12283
0.126223
0.12977
0.107267
0.162002
0.135288
0.121528
0.13019
0.134951
0.1337
0.132995
0.134688
0.135695
0.130017
0.146056
0.153391
0.150263
0.152349
0.149629
0.145753
0.144395
0.145479
0.145063
0.141179
0.151284
0.160368
0.160647
0.158437
0.154382
0.150785
0.149731
0.151533
0.151643
0.143761
0.150366
0.153071
0.153641
0.15556
0.15345
0.150984
0.150782
0.153567
0.154364
0.137694
0.138301
0.14058
0.146157
0.149907
0.149744
0.148914
0.149773
0.152783
0.153996
0.128195
0.127465
0.133645
0.140826
0.142415
0.144611
0.146052
0.147948
0.150998
0.152004
415.348
415.288
415.284
415.452
415.822
416.425
417.205
418.045
418.77
419.426
415.16
415.033
414.957
415.066
415.411
416.031
416.869
417.799
418.655
419.448
414.744
414.505
414.288
414.276
414.553
415.159
416.064
417.139
418.238
419.284
414.154
413.668
413.149
412.877
412.961
413.493
414.473
415.758
417.166
418.492
413.243
412.275
411.247
410.493
410.202
410.544
411.578
413.096
414.77
416.14
412.154
410.216
408.152
406.489
405.488
405.702
406.728
408.355
410.222
411.652
410.829
407.362
404.187
401.511
400.599
398.527
397.582
396.907
395.51
392.353
369.764
370.451
343.773
310.024
285.328
268.469
254.603
222.27
186.46
158.279
218.358
93.1014
43.8151
19.163
6.88149
1.68793
0.293117
0.303292
0.301242
0.48718
9.97796
0.110928
0.111342
0.12519
0.136998
0.159482
0.191057
0.210196
0.173129
0.177364
-0.00118806
0.00149811
0.0464099
0.0789307
0.112549
0.138701
0.163285
0.182506
0.189654
0.203207
-0.00678758
0.00488477
0.0122473
0.0532401
0.0941239
0.123263
0.144769
0.159898
0.164983
0.176404
0.0298567
0.0222741
0.0438307
0.0662907
0.0944584
0.118878
0.134458
0.145231
0.148343
0.152853
0.0695413
0.0705725
0.101203
0.104172
0.10931
0.125657
0.134765
0.140655
0.14285
0.140114
0.101748
0.115773
0.143275
0.136427
0.131719
0.138465
0.140566
0.142579
0.145093
0.13905
0.126162
0.141015
0.15732
0.153591
0.148469
0.148144
0.145775
0.146048
0.149737
0.146377
0.138668
0.151297
0.161243
0.157109
0.15342
0.151494
0.147927
0.148128
0.152617
0.153303
0.142228
0.150859
0.153199
0.151189
0.151878
0.1505
0.147803
0.148766
0.153247
0.155589
0.139483
0.141994
0.143382
0.14577
0.146899
0.147112
0.146227
0.147894
0.151647
0.153353
0.135523
0.135119
0.136831
0.141087
0.142225
0.143334
0.144056
0.146207
0.148991
0.14855
415.612
415.564
415.588
415.825
416.305
417.055
417.991
418.963
419.799
420.749
415.461
415.349
415.307
415.478
415.936
416.716
417.743
418.843
419.829
420.959
415.146
414.901
414.694
414.729
415.116
415.907
417.072
418.397
419.686
421.159
414.781
414.237
413.673
413.397
413.564
414.317
415.688
417.409
419.182
421.011
414.287
413.139
411.963
411.095
410.824
411.441
413.062
415.396
417.748
419.81
414.18
411.668
409.27
407.341
406.365
406.604
408.341
411.437
414.639
417.164
414.548
409.8
405.756
402.478
399.717
397.171
395.737
393.902
390.525
384.738
400.467
392.631
357.012
313.364
281.263
253.561
215.702
172.105
135.077
115.698
298.867
134.874
51.533
18.8353
5.81817
0.296333
0.290226
0.283617
0.449529
1.7542
35.7692
2.36433
0.155378
0.17466
0.172408
0.200069
0.210754
0.191737
0.13912
0.197558
0.0353669
0.0280492
0.139907
0.13845
0.154485
0.167865
0.186072
0.201982
0.210436
0.179806
0.0317768
0.0489488
0.0486638
0.0947092
0.135762
0.146693
0.163317
0.174692
0.176436
0.16511
0.0465497
0.0510535
0.0525014
0.0802285
0.115443
0.133931
0.147365
0.156605
0.15784
0.141162
0.0734002
0.0613739
0.0874704
0.100945
0.117722
0.1329
0.140465
0.14706
0.148286
0.129196
0.105824
0.109661
0.122493
0.126521
0.131951
0.139102
0.139323
0.143244
0.147206
0.128181
0.127863
0.13563
0.142834
0.143369
0.143752
0.145247
0.140756
0.142333
0.14961
0.143315
0.136903
0.144379
0.149787
0.14836
0.150368
0.185329
0.141488
0.142729
0.150628
0.150394
0.139144
0.144913
0.14656
0.146018
0.151135
0.250754
0.153947
0.143781
0.149938
0.156518
0.13857
0.140606
0.141775
0.142759
0.150032
0.283647
0.180174
0.143934
0.148582
0.164222
0.136948
0.137522
0.138446
0.139808
0.145187
0.266433
0.199436
0.143293
0.147125
0.193271
415.898
415.862
415.929
416.229
416.808
417.676
418.716
419.812
420.603
421.866
415.791
415.695
415.683
415.924
416.491
417.415
418.589
419.846
420.84
422.142
415.561
415.316
415.141
415.239
415.745
416.732
418.125
419.657
420.978
422.632
415.382
414.814
414.236
413.989
414.291
415.332
417.111
419.182
421.024
423.114
415.19
413.956
412.726
411.825
411.692
412.707
415.12
418.322
421.073
423.641
415.791
413.02
410.483
408.376
407.426
408.057
411.219
416.292
420.304
423.716
417.268
411.963
407.427
404.218
399.908
396.341
393.841
399.148
408.455
413.474
416.42
405.623
368.392
319.563
274.4
219.212
175.056
184.553
258.47
291.999
352.958
168.596
58.7045
19.5132
4.73463
0.312861
0.296437
0.415515
27.9005
103.069
72.1909
11.6619
0.21115
0.214955
0.210389
0.231579
0.19999
0.174439
0.141232
44.1215
0.0660397
0.0394008
0.239667
0.31248
0.350363
0.277456
0.210269
0.217663
0.22127
14.1729
0.0394977
0.0230718
0.0963368
0.293477
0.396522
0.393939
0.20494
0.190182
0.194503
0.196238
0.0488309
0.0303426
0.0669757
0.0975143
0.306954
0.2339
0.203269
0.175943
0.195514
0.189853
0.0726204
0.053063
0.0834862
0.107339
0.122554
0.167657
0.196854
0.156661
0.223579
0.115575
0.102042
0.098504
0.108876
0.12265
0.133239
0.377253
0.270991
0.140254
0.177869
0.0958129
0.125967
0.127597
0.129979
0.134909
0.138816
0.801666
0.356701
0.132198
0.147474
0.137098
0.136862
0.137819
0.139273
0.139927
0.142246
0.930732
0.367406
0.129748
0.147897
0.224449
0.136433
0.139016
0.140524
0.140115
0.201889
0.980854
0.361911
0.133114
0.145628
0.366621
0.137104
0.138145
0.139287
0.138853
0.310158
1.02443
0.291793
0.135122
0.150254
0.987889
0.136981
0.137348
0.13811
0.137555
0.309761
1.06951
0.232709
0.135055
0.152063
1.41927
416.144
416.12
416.218
416.564
417.201
418.129
419.228
420.31
421.411
422.479
416.073
415.985
416.005
416.297
416.94
417.964
419.165
420.319
421.375
422.31
415.909
415.682
415.528
415.684
416.321
417.463
418.855
420.192
421.224
422.271
415.86
415.281
414.716
414.538
415.034
416.311
418.158
419.915
420.917
422.024
415.862
414.607
413.398
412.552
412.615
413.95
416.683
419.582
420.087
420.488
416.96
414.123
411.54
409.411
408.477
409.607
413.725
418.448
416.965
415.75
419.215
413.629
408.631
404.869
400.197
393.614
390.703
407.686
407.474
405.81
423.965
413.568
377.906
322.01
253.138
173.493
142.243
292.219
401.371
401.332
379.93
195.683
64.2544
17.4604
1.20101
0.318744
0.466083
37.9012
347.278
423.137
108.121
17.938
0.220806
0.235663
0.236615
0.203197
0.164158
0.133933
93.3689
428.126
0.0722013
0.0470604
0.146244
0.324484
0.281296
0.222111
0.230035
0.241789
12.9024
280.898
0.0498434
0.034631
0.191475
0.38321
0.420361
0.236862
0.201973
0.204331
0.280328
187.827
0.0538931
0.0406727
0.0857763
0.129543
0.489957
0.882958
0.707969
0.237774
0.205794
99.8616
0.0695034
0.0547862
0.092849
0.115905
0.377988
1.52835
1.5323
0.473567
0.187764
22.0791
0.0992446
0.0902346
0.107618
0.122215
0.147974
1.5497
1.61039
0.58372
0.169081
1.62122
0.126761
0.124631
0.124188
0.129639
0.130054
0.44683
1.69778
0.415356
0.152279
1.39211
0.138338
0.133911
0.133139
0.133906
0.134141
0.399461
1.32294
0.109248
0.138122
1.76745
0.134221
0.135217
0.136366
0.135308
0.136386
0.648191
0.248018
0.123308
0.13863
0.759667
0.135692
0.136295
0.136927
0.135436
0.191488
0.847496
0.621045
0.132403
0.144992
0.170962
0.136308
0.136529
0.136947
0.135571
0.21881
0.729257
0.918654
0.140969
0.152189
0.123571
416.292
416.277
416.396
416.773
417.452
418.469
419.705
420.808
421.503
419.832
416.241
416.159
416.202
416.53
417.244
418.423
419.804
420.983
421.7
413.974
416.108
415.898
415.764
415.983
416.772
418.165
419.804
421.112
421.426
407.725
416.122
415.55
415.015
414.95
415.696
417.315
419.418
421.06
420.825
405.155
416.198
414.992
413.825
413.119
413.501
415.214
418.291
420.88
418.931
398.167
417.43
414.725
412.185
410.142
409.497
411.193
416.113
420.082
413.31
368.116
420.242
414.454
409.27
405.757
400.069
387.824
385.966
411.402
400.12
341.912
425.52
414.595
384.532
321.308
226.99
134.652
129.891
356.923
395.955
333.734
392.579
210.927
62.4939
13.3302
0.40029
0.64019
1.89221
166.996
418.372
385.909
129.784
20.1832
0.343045
0.223784
0.249479
0.251875
0.251292
77.6385
456.656
457.689
0.0621222
0.0458542
0.145413
0.172622
0.214897
0.233641
0.222908
37.9931
370.53
459.369
0.0590205
0.0561247
0.121244
0.142309
0.16508
0.184896
0.201189
1.74585
221.155
560.287
0.0607993
0.0509843
0.0980621
0.119417
0.152112
0.389421
0.319797
0.231276
74.4987
585.644
0.0683639
0.0642346
0.098478
0.114977
0.220643
1.05853
0.920265
0.303841
17.8822
269.676
0.0992703
0.0952628
0.10923
0.121494
0.150919
0.959361
1.16093
0.782087
8.37103
5.65809
0.125437
0.118939
0.1212
0.128406
0.131535
0.155932
0.199844
3.34134
9.92106
3.19378
0.133131
0.130127
0.130959
0.132341
0.133933
0.124513
0.163754
7.21968
12.4078
8.04832
0.133215
0.133971
0.134684
0.13386
0.13522
0.124291
0.34289
8.73099
11.1321
8.80597
0.135191
0.135586
0.135641
0.134426
0.136331
0.123984
0.559486
4.20809
3.39968
2.7964
0.135929
0.136041
0.136003
0.134883
0.133926
0.125795
0.523427
0.690347
0.171487
1.17114
416.302
416.291
416.418
416.806
417.496
418.519
419.736
420.823
421.841
419.971
416.249
416.172
416.223
416.566
417.292
418.471
419.827
420.939
421.803
414.297
416.114
415.91
415.786
416.024
416.828
418.227
419.824
421.019
421.534
408.241
416.122
415.559
415.042
415.009
415.792
417.428
419.453
420.908
420.904
405.151
416.192
415.002
413.869
413.225
413.689
415.489
418.498
420.644
418.867
398.099
417.416
414.754
412.261
410.312
409.816
411.798
416.836
419.79
409.564
369.714
420.272
414.532
409.439
405.924
399.916
388.589
390.749
411.643
393.22
339.813
425.554
414.661
386.593
320.025
220.817
134.562
144.048
371.663
392.544
332.889
392.549
212.453
63.318
13.258
0.420559
0.755259
2.23251
185.291
420.02
390.64
129.009
20.7428
0.290057
0.226228
0.252077
0.24859
0.219514
60.5458
429.003
427.447
0.0683717
0.0431246
0.141685
0.176498
0.21626
0.210336
0.129711
13.6699
286.07
496.079
0.0570898
0.0431217
0.115699
0.137988
0.166541
0.163851
0.100472
0.055675
164.744
556.938
0.0637198
0.0368282
0.0939881
0.117843
0.139098
0.135666
0.110236
0.0977424
140.138
591.811
0.0715606
0.057294
0.106709
0.117491
0.130855
0.120898
0.0956525
0.115019
156.685
635.383
0.0959336
0.096161
0.106073
0.12369
0.132416
0.117702
0.0866772
0.116437
170.535
569.8
0.122902
0.119452
0.121353
0.130676
0.134032
0.11896
0.0930111
0.117604
91.27
351.646
0.132472
0.130588
0.131817
0.134075
0.133028
0.118423
0.100122
0.0887129
16.9898
159.983
0.134071
0.134733
0.135128
0.133952
0.130789
0.113959
0.0926729
0.0734586
0.0761479
58.3381
0.135462
0.135932
0.135539
0.133497
0.129352
0.111294
0.0923114
0.0901167
0.104529
14.7149
0.135885
0.135944
0.135489
0.133399
0.129797
0.115533
0.105282
0.117403
0.554674
4.51379
416.173
416.162
416.285
416.669
417.357
418.362
419.575
420.867
422.167
423.882
416.097
416.023
416.07
416.405
417.106
418.211
419.548
420.919
422.326
423.537
415.923
415.715
415.594
415.8
416.501
417.73
419.269
420.86
422.521
423.909
415.858
415.305
414.785
414.672
415.242
416.588
418.526
420.593
422.581
424.319
415.829
414.618
413.483
412.729
412.874
414.237
416.933
420.062
422.127
423.675
416.843
414.154
411.687
409.657
408.755
409.849
413.695
418.581
419.607
419.87
419.319
413.72
408.792
404.996
400.243
394.87
393.988
407.962
409.998
411.111
423.701
413.657
382.149
324.924
258.061
186.709
159.02
284.689
399.02
407.672
378.303
198.193
64.9071
18.3796
2.02588
0.359919
0.498642
25.2891
261.252
424.487
108.081
17.9138
0.18991
0.205466
0.213407
0.203845
0.141414
0.0905936
40.9715
343.97
0.0659848
0.0372375
0.120135
0.15046
0.175189
0.186568
0.16647
0.154742
6.20678
219.104
0.0565466
0.0176215
0.0924658
0.117149
0.138253
0.146395
0.149579
0.137083
0.109161
128.076
0.0716639
0.0534353
0.0917963
0.104321
0.119076
0.126357
0.158567
0.135304
0.133207
53.7444
0.0812165
0.075578
0.108408
0.108571
0.116058
0.119452
0.134614
0.133361
0.151755
13.2587
0.101908
0.105387
0.113444
0.116803
0.120923
0.116765
0.112159
0.137731
0.106927
0.396613
0.125111
0.119859
0.123947
0.128213
0.127051
0.116546
0.108441
0.125494
0.0574776
0.044816
0.137283
0.135146
0.13442
0.133979
0.129303
0.117348
0.109886
0.0905555
0.047152
-0.0827001
0.137108
0.137272
0.136943
0.134239
0.129234
0.119414
0.109675
0.0957341
0.0783985
0.0200269
0.135861
0.136827
0.136105
0.133745
0.129493
0.12186
0.115137
0.112022
0.114307
0.102526
0.135799
0.136063
0.13553
0.133858
0.131205
0.126547
0.121906
0.126737
0.133093
0.143409
415.937
415.921
416.028
416.385
417.043
418.017
419.203
420.511
421.553
423.128
415.82
415.748
415.778
416.082
416.734
417.774
419.114
420.601
421.954
423.623
415.573
415.355
415.232
415.404
416.006
417.119
418.695
420.502
422.422
424.549
415.367
414.834
414.322
414.166
414.581
415.751
417.705
420.149
422.952
425.836
415.139
413.951
412.815
412.038
412.04
413.166
415.662
419.269
423.415
427.356
415.727
413.025
410.618
408.658
407.809
408.504
411.551
416.875
422.978
428.491
417.353
411.991
407.483
404.259
400.233
397.807
396.885
400.334
410.491
416.754
416.123
406.781
371.789
325.382
287.021
246.481
204.048
193.191
233.809
255.498
349.864
170.376
60.2037
21.9428
7.81473
0.351638
0.35813
0.440037
12.021
80.6388
72.0316
11.4028
0.156089
0.166733
0.171246
0.201021
0.205288
0.161487
0.148984
28.0727
0.0475083
0.0260318
0.0956824
0.11698
0.146181
0.167739
0.176568
0.170503
0.161546
4.30195
0.0553765
0.0220567
0.0698784
0.0941004
0.123092
0.141846
0.149222
0.150568
0.167653
0.147097
0.0756167
0.0510518
0.083971
0.104471
0.114612
0.129733
0.134269
0.141674
0.273651
0.163158
0.0871083
0.0866251
0.122815
0.12677
0.118911
0.127566
0.128401
0.135788
0.210768
0.140592
0.106243
0.124381
0.146244
0.134271
0.127356
0.129295
0.126528
0.131908
0.132317
2.99142
0.125473
0.134216
0.141953
0.137357
0.134248
0.13064
0.125419
0.126553
0.24103
6.54092
0.138284
0.136887
0.141174
0.140429
0.135878
0.130297
0.123455
0.118139
0.304565
3.03764
0.137837
0.140304
0.14128
0.138616
0.135125
0.129523
0.1226
0.11508
0.13974
0.045758
0.136699
0.138448
0.138072
0.136333
0.134164
0.129965
0.124969
0.120527
0.112123
0.172894
0.135756
0.136268
0.136035
0.135144
0.134138
0.131787
0.129308
0.128297
0.124931
0.24855
415.65
415.629
415.709
416.015
416.592
417.469
418.569
419.763
420.841
422.037
415.483
415.399
415.408
415.663
416.227
417.142
418.349
419.694
420.987
422.403
415.139
414.927
414.785
414.916
415.421
416.358
417.72
419.341
421.101
422.927
414.728
414.224
413.744
413.583
413.893
414.803
416.378
418.471
420.931
423.337
414.174
413.075
412.017
411.309
411.22
411.994
413.784
416.517
419.817
422.801
414.037
411.56
409.314
407.586
406.812
407.17
408.943
412.339
416.712
420.295
414.444
409.598
405.684
402.529
399.975
398.058
397.266
396.53
395.257
392.452
398.818
391.841
358.902
319.109
291.667
271.793
242.245
192.003
147.788
128.082
294.827
135.464
53.009
20.9256
8.39696
3.04774
0.349673
0.334175
0.577726
2.41001
34.9187
2.32123
0.117998
0.120411
0.136069
0.164427
0.203868
0.191857
0.139092
0.255574
0.0117888
0.0131497
0.0629683
0.0794549
0.112042
0.139309
0.163252
0.175131
0.170963
0.131094
0.0330047
0.0213061
0.0446427
0.0701118
0.0972101
0.120302
0.138924
0.14836
0.154457
0.11639
0.062951
0.0459421
0.0649434
0.0876222
0.101796
0.115819
0.128848
0.135578
0.15037
0.11734
0.0820611
0.0720037
0.100884
0.115438
0.115788
0.121392
0.128535
0.132877
0.144202
0.129426
0.10298
0.0994094
0.134957
0.140964
0.129529
0.129213
0.130274
0.132161
0.169978
0.380294
0.123001
0.130073
0.149402
0.146791
0.138483
0.133516
0.130437
0.129205
0.25011
1.31976
0.134885
0.140756
0.146442
0.145665
0.139686
0.133787
0.129006
0.124809
0.238707
1.81468
0.137036
0.141306
0.143953
0.141683
0.137398
0.132929
0.128386
0.123656
0.138943
0.592357
0.13611
0.138298
0.138557
0.137155
0.135334
0.132626
0.129539
0.126205
0.118901
0.110732
0.134343
0.134739
0.134902
0.134721
0.134191
0.133088
0.131749
0.13055
0.127613
0.125798
415.376
415.344
415.398
415.648
416.126
416.861
417.801
418.833
419.755
420.593
415.164
415.068
415.053
415.253
415.713
416.473
417.485
418.63
419.726
420.733
414.702
414.498
414.355
414.451
414.86
415.618
416.711
418.042
419.461
420.768
414.039
413.595
413.172
413.034
413.274
413.973
415.153
416.741
418.579
420.283
413.035
412.107
411.211
410.647
410.589
411.088
412.301
414.144
416.382
418.334
411.841
409.914
408.028
406.626
406.017
406.265
407.355
409.253
411.776
413.802
410.319
406.797
403.874
401.369
400.098
398.723
398.06
397.971
398.178
397.635
367.487
367.177
343.533
314.377
292.948
278.306
266.742
236.247
205.331
190.692
212.081
92.1619
45.0818
21.2767
9.13993
4.54804
2.37598
0.345881
0.389498
0.687518
9.11009
0.136433
0.0794428
0.0758467
0.103489
0.13009
0.163577
0.195069
0.181859
0.179822
-0.0144996
-0.0134811
0.00783459
0.0349846
0.0789925
0.112711
0.141264
0.162081
0.165377
0.169573
0.0137158
-0.00093456
0.0045597
0.037041
0.074671
0.102399
0.125245
0.139368
0.140743
0.137423
0.0487579
0.0568846
0.0558817
0.0700249
0.0868133
0.104605
0.119742
0.128518
0.12852
0.125835
0.0723731
0.107516
0.0996999
0.0942202
0.103867
0.115642
0.123896
0.127449
0.125926
0.123845
0.0966358
0.106783
0.115813
0.118629
0.125713
0.128911
0.130241
0.129971
0.128594
0.124865
0.119104
0.11808
0.13172
0.141616
0.141008
0.136846
0.13377
0.131635
0.130129
0.126567
0.132528
0.135534
0.145158
0.148042
0.143219
0.138181
0.134127
0.131202
0.128052
0.128287
0.137032
0.140153
0.143612
0.143348
0.140274
0.137052
0.133585
0.130573
0.126445
0.165057
0.134518
0.135192
0.136567
0.138036
0.137299
0.135537
0.13342
0.131145
0.12813
0.220678
0.13132
0.129975
0.131726
0.13342
0.134296
0.134359
0.133822
0.132786
0.131399
0.126732
415.167
415.121
415.15
415.352
415.743
416.342
417.112
417.966
418.736
419.355
414.925
414.816
414.784
414.939
415.31
415.926
416.752
417.682
418.547
419.255
414.337
414.142
414.014
414.101
414.442
415.067
415.944
416.989
418.046
418.947
413.398
413.023
412.709
412.643
412.882
413.463
414.397
415.583
416.879
418.039
411.831
411.111
410.502
410.195
410.263
410.752
411.663
412.997
414.563
415.973
409.462
408.177
406.951
406.072
405.777
406.134
407.107
408.562
410.291
411.711
405.417
403.38
401.942
400.63
399.996
400.167
400.328
400.892
401.962
402.817
310.671
315.782
317.321
312.958
303.143
291.911
288.929
286.558
285.971
290.375
123.03
54.2395
35.9142
23.6703
14.5475
9.87571
8.64148
8.06747
7.48179
8.31008
0.20273
0.0975306
0.0327093
0.0203273
0.0721064
0.111697
0.139459
0.161407
0.166705
0.164213
-0.0268318
-0.0623382
-0.0699345
-0.0380641
0.038309
0.0934508
0.123547
0.143848
0.151758
0.155734
0.0060002
-0.0384923
-0.0474157
-0.0111901
0.0456521
0.087584
0.110638
0.124774
0.130572
0.130909
0.242875
0.0904909
0.0351662
0.0591838
0.0769552
0.0944362
0.107404
0.114362
0.115802
0.116283
0.282637
0.207011
0.103078
0.0934771
0.0993551
0.109871
0.115266
0.114924
0.112184
0.113621
0.190828
0.199814
0.141722
0.114736
0.122044
0.126831
0.126378
0.122624
0.11895
0.121231
0.133399
0.13667
0.140872
0.138585
0.139301
0.137552
0.133838
0.129716
0.128344
0.130276
0.140386
0.141061
0.144655
0.145857
0.142678
0.139942
0.136073
0.133105
0.132683
0.134884
0.140562
0.139698
0.140315
0.140242
0.139583
0.138482
0.135814
0.133852
0.132844
0.133752
0.131426
0.130319
0.132256
0.134112
0.135779
0.136287
0.135144
0.13403
0.132963
0.133183
0.122223
0.12124
0.126952
0.129564
0.132029
0.134114
0.134673
0.134577
0.134398
0.132716
415.058
414.997
415.005
415.172
415.498
415.996
416.631
417.332
417.975
418.472
414.805
414.681
414.64
414.77
415.08
415.595
416.274
417.035
417.735
418.275
414.106
413.913
413.809
413.914
414.231
414.775
415.507
416.359
417.164
417.803
412.86
412.545
412.379
412.451
412.76
413.328
414.14
415.103
416.051
416.83
410.633
410.127
409.858
409.935
410.293
410.894
411.793
412.892
414.063
415.015
407.211
406.407
405.998
405.892
406.171
406.824
407.915
409.248
410.796
411.905
392.681
391.862
398.996
400.036
400.748
401.594
402.882
404.814
405.766
406.452
246.637
248.603
270.719
301.166
312.962
313.535
315.473
323.936
334.109
342.176
42.5825
29.1809
26.8439
25.8333
24.6854
23.2604
22.2916
23.4681
26.2031
29.1372
0.62995
0.162518
-0.00974496
-0.0511423
0.0274217
0.0914327
0.129698
0.159117
0.182141
0.196902
0.0611154
-0.129088
-0.156107
-0.127134
-0.0265212
0.0631828
0.102743
0.125128
0.138057
0.145389
0.095663
-0.051425
-0.0906188
-0.0687822
-0.00454489
0.0602185
0.0883109
0.102826
0.110079
0.120774
0.390452
0.0789078
0.0436472
0.0696093
0.075473
0.0845304
0.090157
0.0937568
0.0922924
0.113123
0.477283
0.153943
0.144085
0.1371
0.119282
0.109635
0.103507
0.0990491
0.0943983
0.107883
0.551908
0.279081
0.177819
0.146957
0.135104
0.126893
0.117923
0.11306
0.112104
0.119539
0.458516
0.286556
0.177131
0.151839
0.144322
0.138085
0.130976
0.124074
0.128993
0.129114
0.249357
0.182783
0.159857
0.152028
0.145509
0.142442
0.136852
0.13261
0.133838
0.135469
0.159468
0.141032
0.142395
0.143457
0.143538
0.142496
0.137751
0.135582
0.136057
0.136444
0.131397
0.125003
0.129414
0.134871
0.140103
0.138815
0.136713
0.135911
0.136056
0.13551
0.120803
0.115134
0.122305
0.12736
0.133305
0.134266
0.13547
0.135909
0.13647
0.13588
415.041
414.965
414.959
415.101
415.386
415.822
416.368
416.964
417.515
417.933
414.796
414.654
414.61
414.731
415.012
415.466
416.057
416.71
417.303
417.749
414.041
413.841
413.759
413.89
414.221
414.74
415.403
416.139
416.818
417.323
412.51
412.247
412.209
412.444
412.889
413.513
414.307
415.181
415.979
416.564
409.78
409.474
409.467
409.905
410.645
411.491
412.492
413.578
414.587
415.304
405.756
405.441
405.481
406.096
407.104
408.251
409.639
411.149
412.55
413.478
377.154
378.646
387.904
399.473
402.104
404.105
406.006
407.955
409.533
410.372
194.235
202.489
226.305
270.824
317.248
342.729
356.201
367.683
378.093
386.521
10.442
11.7768
17.8135
26.8858
36.8529
46.8608
54.3335
60.9026
68.8627
74.6678
0.932907
0.543148
0.135865
-0.0424795
0.0274936
0.107927
0.154512
0.181821
0.18993
0.216656
0.160576
0.0211502
-0.185417
-0.181318
-0.0949675
0.0254654
0.0942393
0.120618
0.119097
0.111681
0.153504
0.0399968
-0.0377928
-0.115859
-0.0759108
0.0113166
0.0750446
0.0889676
0.092442
0.0966328
0.355715
0.0868943
0.119028
0.0725997
0.0577572
0.0628103
0.095002
0.0934482
0.0740765
0.0775566
0.470694
0.153303
0.207119
0.186695
0.144211
0.116822
0.113459
0.100597
0.0783261
0.0984816
0.555246
0.209946
0.234154
0.194441
0.162686
0.13589
0.131185
0.141266
0.120491
0.115594
0.620946
0.339028
0.218533
0.174945
0.154373
0.138188
0.129016
0.171094
0.141959
0.128651
0.642745
0.330635
0.199264
0.162133
0.149505
0.141454
0.134239
0.13831
0.141029
0.137477
0.660801
0.212821
0.182935
0.15081
0.144042
0.140307
0.136923
0.135362
0.137287
0.138156
0.458124
0.134808
0.147498
0.138801
0.138052
0.137079
0.136745
0.136751
0.138067
0.138162
0.227377
0.121613
0.129899
0.129593
0.131938
0.133636
0.13581
0.136762
0.137805
0.137949
415.12
415.038
415.023
415.15
415.41
415.808
416.304
416.833
417.33
417.698
414.899
414.749
414.707
414.825
415.093
415.519
416.061
416.657
417.183
417.572
414.14
413.947
413.885
414.036
414.388
414.91
415.547
416.225
416.839
417.284
412.398
412.195
412.266
412.631
413.224
413.947
414.772
415.625
416.364
416.875
409.391
409.222
409.455
410.161
411.252
412.377
413.513
414.628
415.572
416.198
405.737
405.595
405.476
406.515
408.315
410.087
411.809
413.452
414.839
415.691
375.897
374.776
377.356
392.511
403.46
406.926
409.683
412.119
414.076
415.145
185.918
191.486
196.765
246.769
315.558
367.139
390.753
404.126
413.896
415.326
10.6864
10.5924
10.0125
27.1598
52.8733
89.8891
133.324
168.181
193.734
210.687
1.72408
1.46921
0.517189
0.11701
0.0501612
0.125257
0.88448
8.91082
16.0866
19.9159
0.413785
0.436849
-0.00943483
-0.186579
-0.126745
-0.0379308
0.0152782
0.0265661
0.0257909
0.0222033
0.188811
0.178863
0.0110865
-0.131939
-0.120068
-0.0474113
0.0151487
0.0391308
0.0394687
0.0403045
0.243335
0.186049
0.115428
0.0282752
0.00261716
0.00875767
0.0313661
0.0464567
0.0517289
0.051755
0.231836
0.193044
0.218134
0.177316
0.120349
0.0888053
0.0848272
0.060686
0.060178
0.065285
0.246842
0.205657
0.248585
0.278159
0.283831
0.234779
0.203195
0.129608
0.0879847
0.0893589
0.497887
0.201412
0.227736
0.268319
0.216164
0.182376
0.204755
0.218907
0.133635
0.121039
0.657303
0.182132
0.189361
0.180944
0.149511
0.139977
0.141124
0.180456
0.14989
0.138043
0.679998
0.169344
0.155226
0.145743
0.141877
0.138483
0.135383
0.133929
0.138936
0.138472
0.696644
0.153178
0.1382
0.132974
0.136174
0.136075
0.136395
0.13677
0.138131
0.138543
0.541432
0.152064
0.128964
0.125826
0.130295
0.133801
0.136107
0.137
0.138281
0.138783
415.227
415.147
415.126
415.238
415.48
415.858
416.332
416.844
417.311
417.656
415.064
414.923
414.873
414.974
415.224
415.631
416.15
416.711
417.218
417.584
414.325
414.159
414.103
414.246
414.596
415.121
415.754
416.414
416.999
417.41
412.544
412.411
412.532
412.943
413.595
414.381
415.251
416.114
416.84
417.323
409.574
409.386
409.71
410.588
411.909
413.248
414.543
415.735
416.674
417.245
406.478
405.757
405.627
407.109
409.45
411.864
414.111
416.038
417.453
418.188
376.672
374.298
373.871
390.489
405.117
410.178
414.081
417.274
419.2
420.435
207.785
183.41
183.561
239.224
307.888
371.257
402.073
414.167
421.784
424.491
19.913
10.783
9.08303
37.0652
115.57
207.42
292.21
348.01
376.252
389.573
3.75839
2.02631
0.924978
0.574534
0.216835
7.94547
34.4799
70.7306
104.295
122.835
1.19149
0.627332
0.101674
-0.0532392
-0.0750818
-0.0569175
-0.015156
0.027423
0.0537066
0.0635042
0.426589
0.231765
0.0271218
-0.0533129
-0.0609528
-0.0417924
-0.00131508
0.0488774
0.0605568
0.0605131
0.298634
0.204269
0.0970508
0.038642
0.0215769
0.0252694
0.0410542
0.0608859
0.0735533
0.0770006
0.252267
0.195421
0.180332
0.166707
0.0971002
0.0861963
0.0837974
0.0849213
0.0864468
0.0896888
0.313066
0.189954
0.280028
0.354111
0.279981
0.180584
0.131987
0.108488
0.107318
0.108778
0.582233
0.190557
0.384081
0.368152
0.35036
0.273584
0.261518
0.225393
0.130641
0.126266
0.665408
0.195774
0.271234
0.236886
0.165723
0.153307
0.15611
0.185246
0.144615
0.1339
0.683324
0.580632
0.148896
0.144114
0.140726
0.137082
0.134052
0.132581
0.137473
0.135815
0.699958
0.59898
0.135441
0.132486
0.136369
0.136029
0.135594
0.135571
0.136309
0.137026
0.477726
0.248697
0.131719
0.128286
0.132978
0.134905
0.135913
0.136586
0.137504
0.138174
0.168805
0.39323
0.284058
0.13456
0.139302
0.144211
0.14674
0.148481
0.149788
0.150595
0.149314
0.270072
0.176201
0.137684
0.13925
0.143441
0.146096
0.14782
0.149171
0.150113
0.147509
0.14671
0.14453
0.140699
0.141669
0.144454
0.146222
0.147515
0.148692
0.149644
0.146084
0.145498
0.144287
0.143727
0.144642
0.145472
0.14623
0.147122
0.148141
0.149063
0.14504
0.145065
0.145145
0.145313
0.145202
0.14526
0.145672
0.146384
0.147347
0.148235
0.143459
0.143907
0.144162
0.144163
0.144024
0.144108
0.144513
0.14521
0.146176
0.147129
0.141303
0.141635
0.141881
0.142008
0.1421
0.142355
0.142866
0.143623
0.144636
0.14564
0.138854
0.139083
0.139326
0.139554
0.139815
0.140225
0.14085
0.141684
0.142714
0.143744
0.136244
0.136413
0.136657
0.136949
0.137322
0.13784
0.138544
0.139421
0.14044
0.141489
0.133523
0.133665
0.133913
0.134246
0.134685
0.135262
0.135998
0.136885
0.137878
0.13891
0.130712
0.130843
0.131096
0.131451
0.131921
0.132522
0.13324
0.134084
0.135035
0.136027
0.127805
0.127931
0.128185
0.128545
0.129015
0.129581
0.130268
0.131046
0.131899
0.132801
0.124771
0.124893
0.125142
0.125493
0.125942
0.126488
0.127119
0.127823
0.128592
0.129414
0.121608
0.12172
0.121955
0.122288
0.12271
0.123213
0.12378
0.124411
0.125106
0.125863
0.118304
0.118403
0.118616
0.118918
0.119298
0.119749
0.120251
0.120812
0.121441
0.122146
0.114873
0.114953
0.115134
0.115392
0.11572
0.116112
0.116555
0.117062
0.117642
0.118307
0.11135
0.111405
0.111542
0.111744
0.11201
0.112349
0.112751
0.113243
0.113805
0.11445
0.107801
0.107824
0.107904
0.108034
0.108233
0.108522
0.108916
0.109446
0.110052
0.110716
0.104313
0.104301
0.104312
0.104356
0.104473
0.104711
0.105114
0.105724
0.106453
0.107263
0.100992
0.100944
0.100881
0.100833
0.100856
0.101028
0.101418
0.102092
0.102956
0.103947
0.174855
0.382432
0.154566
0.126645
0.134005
0.14171
0.146248
0.148459
0.150024
0.150869
0.149729
0.394506
0.336515
0.151958
0.134908
0.141735
0.145785
0.14783
0.149322
0.150272
0.149661
0.285666
0.277751
0.176297
0.140859
0.144246
0.146298
0.147637
0.148871
0.149812
0.14781
0.146487
0.149956
0.152639
0.146353
0.145871
0.146477
0.147306
0.148357
0.14928
0.145768
0.146192
0.146992
0.146846
0.146052
0.145676
0.145917
0.146578
0.147588
0.148515
0.143848
0.144638
0.14504
0.144883
0.144486
0.144375
0.144697
0.145397
0.146472
0.14743
0.141484
0.141941
0.142257
0.142337
0.142323
0.142495
0.142991
0.143792
0.144918
0.146001
0.138886
0.13918
0.13946
0.139674
0.139892
0.140281
0.140934
0.141824
0.143002
0.144131
0.136204
0.136409
0.136669
0.136959
0.137323
0.137853
0.138605
0.139559
0.140704
0.141849
0.133464
0.133623
0.133882
0.13422
0.134665
0.135265
0.136053
0.137005
0.13811
0.139226
0.130664
0.130807
0.13107
0.131434
0.131918
0.132534
0.133303
0.134217
0.135258
0.136323
0.127781
0.127918
0.128184
0.128561
0.129067
0.129651
0.130356
0.131154
0.13203
0.13299
0.124773
0.124908
0.125175
0.12554
0.125993
0.126576
0.127222
0.127932
0.128708
0.129562
0.121623
0.121746
0.121996
0.122352
0.122798
0.123327
0.123889
0.124512
0.125204
0.125985
0.118319
0.118429
0.11866
0.118985
0.11939
0.119854
0.120343
0.120872
0.121487
0.12221
0.114868
0.114959
0.115156
0.115436
0.115781
0.116173
0.116589
0.117042
0.117585
0.118251
0.111305
0.111366
0.111515
0.111736
0.111995
0.112333
0.112695
0.113126
0.11364
0.114257
0.107695
0.107717
0.107796
0.107926
0.108116
0.108392
0.108753
0.109263
0.109862
0.11049
0.104134
0.104111
0.104102
0.104119
0.104205
0.104419
0.104818
0.105492
0.106315
0.107176
0.100744
0.10067
0.100562
0.100451
0.100404
0.100526
0.100925
0.101719
0.102765
0.103946
0.223316
0.132655
0.1385
0.132339
0.133314
0.139874
0.14516
0.148042
0.150008
0.150775
0.17726
0.312822
0.260819
0.148537
0.133102
0.13961
0.144847
0.147493
0.149303
0.150143
0.151211
0.32471
0.317329
0.214958
0.139565
0.143172
0.145937
0.147486
0.148926
0.149777
0.148175
0.16668
0.214517
0.179265
0.148263
0.146219
0.146537
0.147278
0.14851
0.149415
0.14574
0.147771
0.149778
0.149833
0.147976
0.146218
0.146023
0.146623
0.147854
0.148865
0.143978
0.145385
0.146733
0.146446
0.145205
0.144564
0.144735
0.145493
0.146817
0.148057
0.141381
0.142078
0.142707
0.142687
0.142432
0.142465
0.142988
0.143939
0.145386
0.146774
0.138674
0.139049
0.139412
0.139614
0.139776
0.140161
0.140918
0.142022
0.143492
0.145006
0.135979
0.136209
0.136495
0.136785
0.137146
0.137714
0.138586
0.139747
0.141203
0.142784
0.133273
0.133442
0.133711
0.134053
0.134511
0.135155
0.136051
0.137181
0.13857
0.140138
0.130531
0.130682
0.130955
0.131329
0.13183
0.132489
0.133338
0.134382
0.135644
0.137117
0.127712
0.127859
0.128145
0.128539
0.129055
0.129691
0.130448
0.131319
0.132325
0.133447
0.124759
0.124914
0.125222
0.125614
0.12612
0.126726
0.127393
0.128113
0.128938
0.129884
0.121642
0.121781
0.12205
0.122461
0.122961
0.123525
0.124104
0.1247
0.125413
0.126263
0.118343
0.118473
0.118738
0.119114
0.119571
0.120075
0.120535
0.12101
0.121636
0.122404
0.11486
0.11497
0.115202
0.115526
0.115914
0.116326
0.116693
0.117033
0.117554
0.11815
0.111222
0.111296
0.111469
0.111715
0.112016
0.112347
0.112623
0.112919
0.113353
0.113649
0.107495
0.107518
0.107601
0.107732
0.107928
0.108186
0.108475
0.108922
0.109478
0.109527
0.103792
0.103748
0.103705
0.103673
0.103708
0.103877
0.104263
0.105067
0.106159
0.107003
0.100263
0.100137
0.0999399
0.0996996
0.0995014
0.099503
0.0998974
0.100952
0.102527
0.104264
0.180325
0.124118
0.128546
0.13227
0.134682
0.140461
0.144856
0.147438
0.149859
0.150222
0.14875
0.172662
0.161364
0.148518
0.13232
0.139144
0.144255
0.146808
0.149077
0.149588
0.142782
0.20619
0.2437
0.187842
0.139156
0.142591
0.145172
0.146806
0.148746
0.149465
0.143882
0.160561
0.181626
0.163095
0.146305
0.145208
0.145718
0.146689
0.148386
0.149488
0.144389
0.146815
0.148929
0.148526
0.146348
0.145199
0.145356
0.14623
0.147907
0.149358
0.143016
0.144271
0.14551
0.145109
0.144157
0.143802
0.14425
0.145319
0.147125
0.148881
0.140608
0.141248
0.141824
0.141845
0.141695
0.14187
0.142634
0.143914
0.14586
0.147748
0.138067
0.138427
0.138776
0.138976
0.139179
0.13966
0.140633
0.142073
0.143946
0.145817
0.135497
0.135717
0.135992
0.136274
0.136654
0.137285
0.138332
0.139786
0.141542
0.143269
0.132915
0.133079
0.133342
0.133676
0.134141
0.134826
0.135847
0.137208
0.138754
0.14027
0.130295
0.130448
0.130726
0.131105
0.131617
0.132308
0.133255
0.134414
0.135758
0.137208
0.12759
0.12775
0.128059
0.128475
0.129017
0.129688
0.13048
0.131316
0.132244
0.133368
0.124733
0.124913
0.125281
0.125706
0.126266
0.126912
0.127598
0.12819
0.128873
0.12984
0.121675
0.12184
0.122143
0.122642
0.123221
0.123847
0.124434
0.124857
0.125435
0.126364
0.118392
0.118555
0.118883
0.119347
0.119893
0.120448
0.120906
0.121119
0.121626
0.122575
0.114866
0.11501
0.11531
0.115721
0.116195
0.116647
0.116929
0.11686
0.117196
0.117909
0.111119
0.111219
0.111446
0.111762
0.112128
0.112483
0.112563
0.112376
0.112422
0.11256
0.107217
0.107244
0.107344
0.107505
0.107733
0.108
0.108132
0.108314
0.108784
0.108575
0.103292
0.103211
0.103117
0.103026
0.103007
0.103145
0.10355
0.10465
0.10635
0.106117
0.099535
0.0993249
0.0989748
0.0985125
0.0980584
0.0978619
0.0983514
0.100096
0.102381
0.103768
0.127371
0.124684
0.129679
0.135832
0.136918
0.140993
0.143994
0.146385
0.149201
0.14969
0.132869
0.128671
0.130339
0.137184
0.136113
0.140087
0.143395
0.145619
0.148206
0.148618
0.13816
0.137112
0.138476
0.141863
0.140479
0.142142
0.143919
0.145506
0.147837
0.148792
0.141581
0.145081
0.146898
0.145385
0.143704
0.14359
0.144321
0.145499
0.147634
0.149151
0.142497
0.144119
0.14564
0.14499
0.143883
0.14357
0.144192
0.14536
0.147465
0.149685
0.141287
0.142191
0.142953
0.142802
0.142413
0.142501
0.143386
0.144845
0.14712
0.150173
0.139346
0.139835
0.140251
0.140346
0.140399
0.140834
0.14199
0.143765
0.146199
0.150012
0.137116
0.137396
0.137672
0.137867
0.138145
0.138779
0.140081
0.142015
0.144468
0.148732
0.134782
0.134959
0.135186
0.135432
0.135809
0.136497
0.137791
0.139719
0.141992
0.14649
0.132404
0.132548
0.13278
0.133075
0.133502
0.134172
0.135321
0.137088
0.138859
0.143464
0.129971
0.130122
0.130394
0.13076
0.13125
0.131923
0.132842
0.134372
0.135477
0.139408
0.127433
0.127607
0.127936
0.128386
0.128955
0.129653
0.13032
0.130966
0.130989
0.13266
0.12471
0.124919
0.125311
0.125844
0.126519
0.127232
0.127806
0.128122
0.127865
0.129087
0.121742
0.12196
0.122387
0.12297
0.123661
0.124437
0.12498
0.124937
0.124675
0.125787
0.118487
0.118711
0.119154
0.119762
0.120488
0.121187
0.121618
0.121167
0.12108
0.12212
0.114914
0.11512
0.115539
0.116112
0.116776
0.117349
0.117472
0.116386
0.116427
0.116821
0.111029
0.11118
0.111513
0.111976
0.112497
0.112919
0.11247
0.110849
0.110228
0.107287
0.106893
0.106938
0.107093
0.107341
0.107655
0.107943
0.107256
0.106626
0.129547
0.0981574
0.102659
0.102533
0.102377
0.102223
0.102157
0.102155
0.101878
0.105457
0.165901
0.100379
0.0985815
0.098229
0.097631
0.096827
0.0958647
0.0951298
0.0950765
0.0983648
0.101912
0.101438
0.134311
0.132347
0.133564
0.136291
0.138887
0.14082
0.142636
0.144777
0.146784
0.145025
0.135929
0.134501
0.134753
0.135914
0.138406
0.14024
0.142155
0.143931
0.146062
0.145462
0.13863
0.138853
0.13905
0.139642
0.140362
0.141124
0.142284
0.143658
0.146062
0.147119
0.14046
0.141467
0.142092
0.142032
0.141653
0.141696
0.142524
0.14372
0.146075
0.148002
0.140584
0.141468
0.142112
0.141953
0.141606
0.14172
0.142731
0.143947
0.146371
0.149227
0.139584
0.140117
0.140525
0.140525
0.14049
0.140854
0.142182
0.143942
0.146478
0.15034
0.137946
0.138253
0.1385
0.138586
0.138767
0.139314
0.140873
0.143059
0.145393
0.149504
0.136001
0.136176
0.136338
0.136441
0.136692
0.137262
0.138841
0.141128
0.142911
0.146467
0.133926
0.13404
0.134172
0.134283
0.134507
0.134929
0.13629
0.138544
0.139397
0.142365
0.131793
0.131904
0.132071
0.132242
0.132478
0.132755
0.133739
0.135809
0.135014
0.141176
0.129595
0.12974
0.129995
0.130309
0.130692
0.131064
0.132064
0.133203
0.131118
0.140637
0.127265
0.127462
0.127825
0.128313
0.128887
0.129576
0.130443
0.130557
0.128875
0.13138
0.12471
0.124971
0.125441
0.126089
0.126874
0.127851
0.128266
0.128166
0.126605
0.129493
0.121856
0.122148
0.122722
0.123498
0.124443
0.125583
0.126029
0.125331
0.124481
0.127863
0.118646
0.118962
0.119577
0.120437
0.121477
0.122713
0.123005
0.12152
0.121776
0.125864
0.11503
0.115336
0.115948
0.116812
0.117822
0.119008
0.118731
0.115888
0.142404
0.119453
0.110988
0.111234
0.111758
0.112522
0.113376
0.114241
0.112877
0.108344
0.255871
0.105413
0.10657
0.106669
0.106961
0.107466
0.108073
0.108756
0.107088
0.139203
0.326987
0.0973701
0.101942
0.101774
0.101594
0.101513
0.101696
0.101976
0.101699
0.346729
0.66592
0.100745
0.0974348
0.0968909
0.0959576
0.094707
0.0934247
0.0921726
0.0935448
0.365647
1.70335
0.284421
0.136553
0.136532
0.136957
0.137935
0.139272
0.187855
0.166462
0.144169
0.146001
0.192558
0.13749
0.137549
0.137631
0.13814
0.139006
0.139367
0.139023
0.141504
0.142661
0.146981
0.138684
0.13909
0.139282
0.139424
0.139506
0.139462
0.139776
0.140695
0.142183
0.148611
0.139266
0.139818
0.140141
0.14005
0.13975
0.139424
0.140281
0.140294
0.14165
0.146054
0.139027
0.139479
0.139779
0.139763
0.139685
0.13973
0.141043
0.140373
0.148184
0.145491
0.138059
0.138344
0.138541
0.138569
0.1387
0.13893
0.140483
0.14077
0.148797
0.151164
0.136589
0.136745
0.136842
0.136837
0.137039
0.137278
0.139019
0.140056
0.145074
0.159996
0.134858
0.134925
0.134938
0.13483
0.134949
0.135039
0.136522
0.137756
0.138106
0.177235
0.133019
0.133052
0.133034
0.132862
0.132848
0.132479
0.133442
0.134784
0.163162
0.218858
0.131144
0.131206
0.131265
0.131211
0.131251
0.13061
0.130948
0.132156
0.314006
0.345009
0.129209
0.129347
0.129567
0.129806
0.130165
0.13011
0.129364
0.130774
0.36232
0.62523
0.127112
0.127348
0.127759
0.128321
0.128976
0.129825
0.129051
0.153701
0.383619
0.508361
0.124741
0.125092
0.125682
0.126526
0.127525
0.12905
0.128904
0.20197
0.362152
0.270542
0.122012
0.122405
0.123192
0.124264
0.125561
0.127389
0.144245
0.232866
0.323111
0.110009
0.118863
0.119309
0.120171
0.121439
0.123045
0.124959
0.192939
0.233613
0.348955
0.123478
0.115213
0.115668
0.116572
0.117928
0.119738
0.121739
0.310296
0.250164
0.345207
0.20078
0.111013
0.111404
0.112236
0.113558
0.115497
0.130196
0.609562
0.495308
0.163354
0.400871
0.10628
0.106472
0.107005
0.108033
0.109919
0.111356
0.980136
1.733
0.111796
0.249685
0.101188
0.100968
0.100768
0.100897
0.102396
0.10221
1.05617
2.28594
0.133496
0.122188
0.0961577
0.0953061
0.0937889
0.0916289
0.0899752
0.0868941
0.0844843
3.49828
6.99008
6.18908
0.136928
0.137087
0.137512
0.136951
0.186795
1.07338
0.151351
0.13908
0.142161
1.03046
0.137438
0.137646
0.137778
0.137427
0.138335
0.369574
0.806614
0.38322
0.135978
0.258163
0.137999
0.138283
0.138413
0.138185
0.138006
0.189144
0.894575
0.612841
0.144057
0.225266
0.138149
0.138435
0.138553
0.13838
0.137826
0.135925
0.199533
0.162575
0.135084
0.273144
0.137718
0.137954
0.138081
0.138114
0.138074
0.138503
0.143838
0.13216
0.134694
0.296418
0.136746
0.136872
0.136917
0.136894
0.137114
0.138238
0.151178
0.13733
0.136229
0.424464
0.13535
0.135383
0.135318
0.135074
0.135238
0.135935
0.138216
0.1347
0.133995
0.658204
0.133767
0.133712
0.133534
0.132938
0.132721
0.133101
0.134387
0.131565
0.129181
0.854
0.132134
0.132069
0.131866
0.131084
0.130248
0.141065
0.133928
0.12703
0.122791
1.05634
0.130519
0.130543
0.130532
0.130034
0.128778
0.134669
0.126067
0.123149
0.115598
1.14733
0.128868
0.129042
0.129352
0.12947
0.128652
0.128549
0.120992
0.119729
0.108638
0.97723
0.126989
0.127328
0.127968
0.128784
0.129236
0.128955
0.123072
0.119777
0.137848
0.968287
0.124784
0.125255
0.126155
0.127535
0.128918
0.129988
0.12644
0.120629
0.32959
0.436148
0.122175
0.122728
0.123784
0.125379
0.127084
0.130118
0.128487
0.152921
0.343914
0.121358
0.119088
0.119696
0.120865
0.12263
0.124883
0.128184
0.140262
0.150895
0.351818
0.23726
0.11542
0.116049
0.117273
0.119168
0.121816
0.124677
0.182864
0.151852
0.251352
0.861359
0.111081
0.111637
0.112764
0.11459
0.117364
0.119007
0.255741
0.201864
0.160848
0.874713
0.106049
0.106333
0.107006
0.108254
0.110199
0.109124
0.491893
0.301319
0.126146
0.223949
0.100499
0.100175
0.0997235
0.0992456
0.098668
0.097175
0.879877
0.261057
0.113607
0.139105
0.0949444
0.0936705
0.0912217
0.0867014
0.0795592
0.0703438
0.569999
0.731201
0.141952
12.8765
0.136671
0.136727
0.136938
0.135766
0.161116
0.559869
0.974543
0.148433
0.151575
0.418067
0.137058
0.137162
0.137218
0.136691
0.193589
0.934032
1.02099
0.307091
0.13867
0.544212
0.137324
0.137476
0.137541
0.137495
0.216977
1.07112
1.06052
0.59345
0.12686
0.0884182
0.137238
0.137392
0.137412
0.137256
0.146899
1.0416
0.381016
0.463971
0.129773
0.0775919
0.136711
0.136811
0.136846
0.136855
0.158835
1.00295
0.138173
0.274621
0.114444
0.0689577
0.135703
0.135685
0.135576
0.135266
0.148341
1.02211
0.138002
0.12308
0.10858
0.0524905
0.134232
0.134165
0.133859
0.13298
0.137995
0.890826
0.571838
0.12159
0.103881
0.0304655
0.132727
0.132487
0.131959
0.130356
0.129663
0.654361
0.86922
0.132674
0.101198
0.0303638
0.131209
0.130926
0.130355
0.128237
0.126338
0.39466
0.891618
0.156929
0.105187
0.0518072
0.129769
0.12961
0.12942
0.127381
0.127277
0.178681
0.908606
0.471713
0.114781
0.098987
0.128434
0.128441
0.128711
0.12765
0.130807
0.118983
0.877068
0.576982
0.131291
0.122385
0.126724
0.127012
0.127584
0.128029
0.130798
0.145377
0.194735
0.213096
0.148781
0.123704
0.124707
0.125178
0.126015
0.127246
0.129251
0.147924
0.122622
0.124213
0.159672
0.129232
0.122231
0.122864
0.123933
0.125542
0.127534
0.134403
0.132568
0.131725
0.168688
0.13302
0.119233
0.119958
0.121261
0.123229
0.125803
0.130736
0.14506
0.138192
0.15487
0.134916
0.115582
0.116356
0.117791
0.120049
0.123303
0.128244
0.148665
0.143
0.135953
0.140607
0.111166
0.111867
0.113218
0.115477
0.119018
0.12343
0.133403
0.14517
0.166795
0.182976
0.105928
0.106294
0.10708
0.108509
0.110822
0.112476
0.113131
0.119383
0.334824
4.3328
0.100036
0.0996126
0.0989563
0.0977931
0.096068
0.092162
0.0991708
0.0867168
0.294588
0.700049
0.0940748
0.0923911
0.0891575
0.0823397
0.0724689
0.059877
0.0932086
0.0646668
0.184026
1.43366
0.136344
0.136344
0.136258
0.134748
0.135253
0.123217
0.275562
0.467522
0.534172
1.86217
0.136651
0.136713
0.136608
0.135654
0.171586
0.129476
0.133575
0.801648
5.81743
6.80574
0.136786
0.136913
0.136915
0.136889
0.193043
0.139912
0.140754
0.322063
7.33733
25.847
0.136583
0.136729
0.136767
0.137401
0.153843
0.147819
0.152167
0.148959
0.44547
36.4691
0.135976
0.136095
0.136122
0.137237
0.170233
0.61072
0.136673
0.125686
0.130964
24.7882
0.134911
0.134888
0.134717
0.134651
0.211279
1.03385
0.131863
0.201009
0.13892
15.3699
0.133545
0.133366
0.132848
0.131501
0.266405
0.987022
0.138485
0.136636
0.143257
31.0665
0.132103
0.131721
0.130979
0.129008
0.238068
0.350979
0.137021
0.13623
0.143176
43.5511
0.130823
0.1306
0.129865
0.12903
0.138228
0.122828
0.121665
0.111242
0.134034
44.3753
0.129732
0.129919
0.129907
0.131697
0.126003
0.116304
0.116284
0.099478
0.115406
15.2705
0.128538
0.129091
0.129993
0.135119
0.143319
0.114076
0.104623
0.11963
0.111214
1.28833
0.126942
0.127763
0.129226
0.132517
0.153701
0.14029
0.109254
0.189582
0.202228
0.0973177
0.124864
0.12587
0.127582
0.130791
0.142266
0.181805
0.156024
0.225132
0.187164
0.122704
0.122385
0.123372
0.124996
0.128676
0.131985
0.178762
0.18534
0.180784
0.141677
0.143739
0.119342
0.120314
0.122085
0.125314
0.127942
0.144681
0.19707
0.131751
0.129937
0.140492
0.115674
0.116626
0.118454
0.121689
0.126259
0.136691
0.206245
0.144954
0.157871
0.349809
0.11124
0.112083
0.11376
0.116932
0.122529
0.131881
0.209169
0.167256
0.181677
46.6458
0.105953
0.106423
0.107439
0.109646
0.114175
0.121328
0.175651
0.141051
1.63699
21.9073
0.09997
0.0995847
0.0990083
0.0982868
0.0992077
0.100122
0.0988698
0.0942899
1.17308
0.385221
0.0939102
0.0921704
0.0888093
0.0819054
0.0829635
0.0669791
0.0601593
0.0625372
0.28454
0.173706
0.136093
0.136104
0.135787
0.134181
0.131981
0.124239
0.121899
0.140148
2.69576
69.4709
0.136314
0.136406
0.136257
0.135473
0.135499
0.130827
0.133984
0.148858
2.84164
137.341
0.136398
0.136544
0.13652
0.136299
0.136401
0.13336
0.136282
0.142074
1.01912
125.366
0.13616
0.136291
0.136269
0.136249
0.136455
0.13227
0.13071
0.120677
0.087731
9.25871
0.135527
0.135622
0.135518
0.13561
0.138637
0.201312
0.121546
0.209764
0.114801
0.0791374
0.134453
0.134425
0.13412
0.13375
0.141143
0.363155
0.333874
0.88407
0.143363
1.67566
0.133086
0.132906
0.132275
0.131218
0.140076
0.275477
0.392831
0.669947
0.141724
5.34033
0.131599
0.13124
0.130225
0.128326
0.132276
0.142795
0.240448
0.124686
0.127937
0.0885298
0.130195
0.129882
0.12876
0.126583
0.123319
0.111913
0.104709
0.101353
0.115007
0.0662106
0.128906
0.128728
0.127931
0.126436
0.123349
0.111164
0.101506
0.0989452
0.105886
0.0878005
0.127583
0.127644
0.127499
0.126949
0.127985
0.114445
0.103451
0.129574
0.106684
0.108598
0.1261
0.126363
0.126786
0.126955
0.129319
0.117203
0.142477
0.223769
0.147568
0.117623
0.124206
0.124683
0.125528
0.126638
0.127855
0.124363
0.22611
0.237442
0.196577
0.122067
0.121855
0.122514
0.123623
0.125281
0.126965
0.130785
0.152071
0.219778
0.17259
0.141306
0.118984
0.119745
0.121093
0.123106
0.125635
0.129852
0.131611
0.135131
0.138514
0.151065
0.115458
0.116286
0.117769
0.119991
0.123301
0.12812
0.133543
0.141008
0.158749
2.29274
0.111156
0.111935
0.113381
0.115752
0.119433
0.12491
0.132132
0.145074
0.171095
45.6083
0.106022
0.106483
0.107361
0.109004
0.111986
0.115948
0.121202
0.135175
0.158416
23.7669
0.100234
0.0999471
0.0993575
0.0985856
0.0977367
0.0963208
0.0950369
0.102573
0.127087
0.0613645
0.094435
0.0929444
0.0899244
0.0842507
0.0749484
0.0677535
0.196327
0.0875817
0.105143
0.0621864
0.135778
0.135901
0.135569
0.134646
0.133738
0.131459
0.130118
0.135211
0.133517
0.134562
0.13599
0.136159
0.136049
0.135675
0.135533
0.134773
0.134699
0.139012
0.136672
0.164018
0.136138
0.136341
0.136337
0.136189
0.136054
0.135491
0.134471
0.136725
0.133644
1.16356
0.13597
0.136144
0.136122
0.135957
0.135472
0.134085
0.131245
0.125785
0.120711
11.3081
0.135392
0.135496
0.135401
0.135196
0.134458
0.132999
0.133439
0.122192
0.115724
3.66955
0.134356
0.134378
0.134164
0.13379
0.133053
0.13215
0.131255
0.124324
0.116322
0.0780608
0.133043
0.132965
0.132603
0.132017
0.131187
0.130608
0.12771
0.121835
0.115614
0.0862746
0.131576
0.13141
0.130882
0.129936
0.128533
0.126797
0.1291
0.122612
0.121197
0.117263
0.130105
0.12993
0.12933
0.128192
0.126199
0.123813
0.131213
0.123056
0.127426
0.119462
0.128675
0.128567
0.128105
0.127147
0.124958
0.121444
0.133972
0.117563
0.11588
7.16876
0.127206
0.127245
0.127125
0.126683
0.125038
0.120472
0.132121
0.110034
0.0976355
0.907816
0.12558
0.125791
0.126047
0.126216
0.125732
0.122168
0.135924
0.118795
0.111237
0.105037
0.12366
0.124042
0.124657
0.125444
0.125921
0.124887
0.132186
0.122936
0.118047
0.112782
0.121349
0.121889
0.122831
0.124133
0.125409
0.12666
0.126838
0.126094
0.12453
0.124339
0.11853
0.119164
0.120334
0.122076
0.124258
0.127192
0.129611
0.130991
0.132347
0.13121
0.115101
0.115787
0.117072
0.119147
0.122103
0.126199
0.130536
0.13393
0.138938
0.13947
0.110973
0.111599
0.112804
0.114825
0.117951
0.122551
0.128379
0.132698
0.1402
0.133482
0.106139
0.106473
0.107175
0.108496
0.110864
0.114264
0.118608
0.120722
0.126078
0.125243
0.100824
0.100521
0.100012
0.0993105
0.0986841
0.0980308
0.0968803
0.0900924
0.0920919
0.0862802
0.0955358
0.0943887
0.0919719
0.0876204
0.080298
0.0770316
0.206245
0.165977
0.0670613
0.0713692
0.135278
0.135463
0.135353
0.134991
0.134727
0.134018
0.133424
0.134074
0.129775
0.189691
0.135538
0.135769
0.135754
0.135615
0.13563
0.135613
0.135907
0.138065
0.133838
0.142288
0.135919
0.136236
0.136285
0.136192
0.136149
0.136237
0.136491
0.139563
0.133919
0.151487
0.135973
0.13626
0.136291
0.136163
0.135909
0.135833
0.135581
0.137184
0.130332
0.446209
0.135547
0.135706
0.135679
0.135539
0.135214
0.135089
0.133804
0.13146
0.126091
1.87243
0.134496
0.134614
0.134495
0.134239
0.133801
0.13367
0.132668
0.132044
0.132417
0.329241
0.133211
0.133204
0.132975
0.132569
0.131938
0.131462
0.130574
0.129922
0.12993
1.08721
0.131696
0.131619
0.131277
0.130655
0.129662
0.128532
0.127143
0.12508
0.118108
1.45964
0.130131
0.130019
0.129639
0.128926
0.127693
0.126213
0.124356
0.121754
0.115494
1.25918
0.128545
0.128467
0.128177
0.127595
0.126577
0.124478
0.12177
0.117905
0.11018
1.29272
0.126903
0.126918
0.12682
0.126523
0.125915
0.123773
0.120382
0.11508
0.10925
0.26192
0.125127
0.125263
0.125407
0.125491
0.125417
0.124114
0.121788
0.119333
0.115575
0.108781
0.123117
0.123377
0.123768
0.124265
0.124742
0.124712
0.123867
0.122728
0.120565
0.117303
0.120759
0.121112
0.121715
0.122578
0.123633
0.12473
0.125225
0.125497
0.123893
0.121907
0.117978
0.118435
0.119251
0.120439
0.122025
0.123927
0.125701
0.127043
0.126638
0.124897
0.11467
0.115175
0.116108
0.117544
0.119563
0.12211
0.124784
0.126684
0.13304
0.130051
0.110761
0.111211
0.112075
0.113496
0.115624
0.118449
0.121528
0.124301
0.133383
0.132045
0.106279
0.106494
0.106951
0.107826
0.109316
0.111391
0.113249
0.115205
0.125474
0.122417
0.101454
0.101207
0.100786
0.100216
0.0995888
0.0986594
0.0957669
0.100412
0.104443
0.123579
0.0967512
0.0959124
0.0942701
0.0913679
0.0867671
0.0794286
0.0705771
0.0908172
0.107563
0.141466
0.133936
0.133814
0.133752
0.133907
0.1341
0.134125
0.134149
0.13468
0.132939
0.137165
0.134673
0.134713
0.134616
0.13473
0.134993
0.135368
0.136004
0.137769
0.136271
0.146566
0.13562
0.13606
0.136123
0.136048
0.135988
0.136173
0.13667
0.138861
0.135892
0.148195
0.136127
0.136654
0.136757
0.13655
0.136244
0.136126
0.136097
0.137356
0.13451
0.135811
0.135895
0.136268
0.13631
0.136095
0.135745
0.135553
0.13528
0.135705
0.137733
0.132616
0.134969
0.13517
0.135126
0.13489
0.134564
0.134483
0.134651
0.136047
0.137465
0.143677
0.133614
0.133681
0.133558
0.133281
0.132922
0.1328
0.133091
0.134801
0.135837
0.17263
0.132008
0.131992
0.131797
0.131427
0.130912
0.130454
0.130209
0.130584
0.145514
0.362176
0.130292
0.13024
0.130014
0.129586
0.128932
0.128147
0.127229
0.126288
0.156893
0.596789
0.128529
0.12849
0.128303
0.127911
0.127227
0.126131
0.124535
0.122271
0.139976
0.526409
0.126719
0.126729
0.126653
0.126409
0.125875
0.124739
0.122848
0.1197
0.113144
0.112208
0.124791
0.124883
0.124974
0.124982
0.124801
0.12408
0.12283
0.120861
0.116829
0.11125
0.122672
0.122853
0.12313
0.123445
0.123724
0.123759
0.12345
0.122892
0.121113
0.118681
0.120266
0.120527
0.12098
0.121583
0.122308
0.123022
0.123485
0.123884
0.12245
0.120312
0.117497
0.117826
0.118419
0.119268
0.12038
0.121666
0.122822
0.123839
0.123682
0.121599
0.114286
0.114643
0.115308
0.116301
0.11768
0.119347
0.121036
0.122323
0.126168
0.128473
0.110597
0.1109
0.111491
0.112425
0.113809
0.115594
0.117416
0.118968
0.126921
0.131995
0.106481
0.106609
0.106888
0.107389
0.108261
0.109446
0.110577
0.111293
0.118461
0.126237
0.102151
0.101969
0.101654
0.101204
0.100703
0.100053
0.0988931
0.0972371
0.0995734
0.110671
0.0979842
0.0974275
0.096361
0.0945941
0.0919585
0.0882462
0.0833332
0.0787964
0.08093
0.0971157
0.130833
0.128574
0.129409
0.130869
0.13277
0.134091
0.134806
0.135072
0.134877
0.134157
0.132431
0.130992
0.131119
0.132135
0.133688
0.135003
0.136111
0.137167
0.137703
0.140804
0.134837
0.135152
0.135275
0.135555
0.13582
0.136291
0.137128
0.138582
0.138909
0.14556
0.136422
0.137434
0.137662
0.137333
0.136874
0.136821
0.137296
0.138794
0.138558
0.145157
0.136567
0.137326
0.137492
0.137128
0.136647
0.136524
0.136884
0.13805
0.138269
0.140874
0.135678
0.136096
0.136142
0.135861
0.13551
0.135463
0.135953
0.137306
0.139342
0.143745
0.134209
0.134394
0.134362
0.134139
0.133883
0.133884
0.134457
0.13596
0.137985
0.145062
0.13245
0.132507
0.132419
0.132193
0.131918
0.131774
0.132025
0.132854
0.133228
0.137565
0.130564
0.130563
0.130449
0.130212
0.129888
0.129553
0.129384
0.129463
0.128233
0.134
0.128624
0.128615
0.128519
0.128306
0.127967
0.127457
0.126851
0.126182
0.12423
0.135352
0.126637
0.126655
0.126622
0.126496
0.126234
0.125704
0.124891
0.123564
0.120432
0.116621
0.12456
0.124628
0.124699
0.124725
0.124657
0.124341
0.123775
0.122673
0.120733
0.117046
0.122326
0.122454
0.122654
0.122876
0.12309
0.123183
0.123142
0.122821
0.122108
0.120797
0.11986
0.120045
0.120364
0.120789
0.121294
0.121775
0.122162
0.122271
0.12168
0.120363
0.117096
0.117326
0.117744
0.11833
0.119085
0.1199
0.120635
0.121258
0.121051
0.120283
0.11398
0.114223
0.11468
0.115347
0.116251
0.11731
0.118465
0.119305
0.11917
0.118757
0.110499
0.110696
0.111086
0.11168
0.112535
0.113595
0.114734
0.115788
0.11561
0.115935
0.106721
0.106793
0.106961
0.107239
0.107706
0.108342
0.109045
0.109755
0.109579
0.111022
0.102825
0.102699
0.10249
0.102176
0.101818
0.101419
0.100964
0.100874
0.101161
0.103361
0.0991006
0.0987498
0.0980981
0.0970534
0.0956165
0.0937801
0.09186
0.0909643
0.0919165
0.0948953
0.122905
0.119937
0.12451
0.126808
0.12939
0.133067
0.134964
0.135826
0.13642
0.136656
0.128425
0.125731
0.127652
0.128283
0.130626
0.134114
0.136105
0.137324
0.138359
0.140096
0.133599
0.133477
0.134367
0.134553
0.135429
0.136425
0.137418
0.138519
0.139587
0.142514
0.13703
0.13901
0.139661
0.139031
0.137953
0.137602
0.137988
0.13896
0.139842
0.142944
0.137685
0.139289
0.139711
0.138883
0.137872
0.137457
0.137737
0.138705
0.139814
0.14243
0.136657
0.137482
0.137661
0.137193
0.1366
0.136385
0.136786
0.137879
0.139772
0.143077
0.134955
0.135328
0.135381
0.135128
0.134816
0.134781
0.135315
0.136609
0.138761
0.143185
0.132974
0.133121
0.133112
0.132947
0.132758
0.132746
0.133168
0.134199
0.135842
0.139725
0.130892
0.130941
0.130905
0.130776
0.13062
0.130543
0.130736
0.131339
0.132077
0.134345
0.128776
0.128796
0.128766
0.128668
0.128527
0.12837
0.128309
0.128453
0.128422
0.129863
0.12663
0.126659
0.126666
0.126627
0.126537
0.126368
0.126163
0.125951
0.125367
0.124234
0.124416
0.124476
0.12455
0.124605
0.124629
0.124565
0.124416
0.124109
0.123665
0.122047
0.122078
0.122177
0.122353
0.122517
0.122708
0.122852
0.122943
0.122913
0.122749
0.122265
0.119554
0.119685
0.1199
0.12023
0.120606
0.120973
0.121294
0.12148
0.121378
0.121026
0.116794
0.116955
0.117248
0.117662
0.118186
0.118743
0.119285
0.119703
0.1197
0.119512
0.113762
0.113928
0.114241
0.114691
0.115293
0.115969
0.116677
0.117261
0.117327
0.117308
0.110464
0.110594
0.110853
0.111236
0.111779
0.112418
0.113133
0.113803
0.113879
0.114226
0.106968
0.107014
0.107125
0.107296
0.107577
0.107935
0.108405
0.108929
0.109073
0.109941
0.103421
0.103344
0.103224
0.103044
0.102852
0.102657
0.102582
0.102724
0.103077
0.104465
0.100033
0.0998241
0.0994494
0.0988702
0.09812
0.09726
0.0965215
0.0962807
0.0969564
0.0988644
0.125351
0.116298
0.120478
0.12416
0.127332
0.131798
0.135187
0.136508
0.137526
0.137747
0.131412
0.126101
0.123508
0.125141
0.12765
0.132851
0.136211
0.137615
0.138726
0.139567
0.135966
0.135326
0.137477
0.135857
0.134686
0.136595
0.137799
0.138681
0.139697
0.141037
0.138288
0.141561
0.144024
0.142065
0.13961
0.138538
0.138564
0.139125
0.140076
0.141677
0.139298
0.142252
0.143348
0.141632
0.13945
0.138406
0.138325
0.138908
0.139998
0.141728
0.137804
0.139273
0.139651
0.138795
0.137743
0.137191
0.137307
0.138019
0.139377
0.141362
0.135721
0.136316
0.136466
0.136126
0.135652
0.13546
0.135776
0.136607
0.138212
0.14055
0.133478
0.133723
0.133776
0.133621
0.13342
0.133404
0.133763
0.134537
0.135854
0.137818
0.131204
0.131299
0.131317
0.131246
0.131164
0.131194
0.131477
0.132051
0.132972
0.134302
0.128935
0.12898
0.128997
0.128972
0.128944
0.128966
0.129131
0.129466
0.130004
0.130888
0.126657
0.126697
0.126736
0.126759
0.126779
0.126807
0.126893
0.127039
0.127248
0.127319
0.124332
0.124388
0.124468
0.124555
0.124648
0.124733
0.124826
0.124898
0.125003
0.124831
0.121909
0.121989
0.122126
0.122291
0.122483
0.122674
0.122868
0.123028
0.123171
0.12321
0.119339
0.11944
0.119617
0.119861
0.120159
0.120476
0.120798
0.12106
0.121232
0.121329
0.116583
0.116701
0.116917
0.117219
0.117602
0.11802
0.118457
0.118827
0.119054
0.119212
0.113623
0.11374
0.113963
0.114279
0.114695
0.115165
0.115677
0.116133
0.116412
0.116656
0.110473
0.110564
0.110745
0.111007
0.11137
0.111796
0.112294
0.112781
0.113109
0.11354
0.107196
0.107232
0.107317
0.107442
0.10764
0.107892
0.108245
0.108671
0.109063
0.109746
0.103908
0.103869
0.103815
0.103736
0.103671
0.103629
0.103723
0.104007
0.104481
0.105412
0.100764
0.100647
0.100447
0.10015
0.0997974
0.0994339
0.0992445
0.0993752
0.0999289
0.101054
0.130111
0.12375
0.125923
0.125904
0.127792
0.131684
0.135577
0.137124
0.138267
0.138724
0.138616
0.133883
0.130855
0.128533
0.128664
0.132747
0.136553
0.137963
0.138972
0.139681
0.141382
0.140998
0.142704
0.138659
0.135166
0.136918
0.138175
0.138837
0.139651
0.140532
0.140517
0.143925
0.147696
0.144534
0.140961
0.13932
0.138932
0.139182
0.139918
0.140933
0.140182
0.144016
0.146079
0.144162
0.140826
0.139062
0.138614
0.138887
0.139714
0.140859
0.138639
0.140491
0.141293
0.140099
0.138546
0.137675
0.137542
0.137976
0.138962
0.140224
0.136197
0.136912
0.137172
0.136764
0.136167
0.135848
0.135989
0.136567
0.137722
0.139228
0.133785
0.134079
0.134178
0.134034
0.133821
0.133778
0.134055
0.134667
0.13574
0.13718
0.131405
0.131525
0.131578
0.131543
0.131501
0.131575
0.131873
0.132416
0.133305
0.13449
0.129045
0.129105
0.129151
0.129173
0.129209
0.129322
0.129584
0.130009
0.130681
0.131573
0.126682
0.12673
0.12679
0.126854
0.12694
0.127073
0.127296
0.127613
0.128078
0.128629
0.12428
0.124336
0.124423
0.124532
0.124669
0.124838
0.125056
0.125313
0.125641
0.125964
0.121798
0.121868
0.121991
0.12215
0.122348
0.122582
0.122833
0.123103
0.123414
0.123736
0.119195
0.119278
0.119426
0.119631
0.119889
0.120175
0.120508
0.120826
0.12114
0.121458
0.116446
0.116538
0.116707
0.116944
0.117248
0.117594
0.117979
0.118346
0.118688
0.119019
0.113541
0.11363
0.113798
0.114038
0.114352
0.114718
0.115135
0.115542
0.11592
0.116301
0.1105
0.11057
0.110707
0.110905
0.111177
0.111505
0.111906
0.112323
0.112746
0.113224
0.107381
0.107414
0.107488
0.107598
0.107764
0.107987
0.108306
0.10869
0.109163
0.109777
0.104274
0.10426
0.104248
0.104235
0.10425
0.104312
0.104495
0.104811
0.10533
0.106086
0.101293
0.101232
0.101134
0.100997
0.100854
0.100748
0.100781
0.101028
0.101577
0.102439
0.149428
0.16609
0.128806
0.123664
0.127563
0.132985
0.13613
0.137416
0.138519
0.139087
0.136443
0.13946
0.131228
0.126862
0.129888
0.134516
0.136995
0.138095
0.139006
0.139689
0.138571
0.136912
0.136633
0.135415
0.136209
0.137406
0.138176
0.138762
0.139483
0.140206
0.139423
0.140433
0.142354
0.141615
0.139803
0.138891
0.138735
0.139012
0.139645
0.140413
0.139274
0.141149
0.142087
0.141092
0.13956
0.138681
0.138445
0.138691
0.139357
0.140198
0.138027
0.139067
0.13936
0.138887
0.138059
0.137535
0.137463
0.137801
0.138542
0.13949
0.136037
0.136515
0.136666
0.136456
0.136078
0.135866
0.135983
0.136438
0.137318
0.138316
0.133792
0.134022
0.134105
0.134027
0.133895
0.133891
0.13413
0.134627
0.135502
0.136512
0.131454
0.131561
0.131623
0.131627
0.131632
0.13174
0.132035
0.132535
0.133301
0.134231
0.129082
0.129143
0.129205
0.129258
0.129336
0.129496
0.129795
0.130247
0.130891
0.13169
0.126685
0.126735
0.126808
0.126897
0.12702
0.127206
0.127487
0.127869
0.128399
0.129051
0.124243
0.124298
0.124389
0.12451
0.124671
0.124884
0.125161
0.125496
0.12592
0.126424
0.121725
0.121789
0.121904
0.122059
0.122259
0.122504
0.122796
0.123129
0.123519
0.123967
0.119105
0.119177
0.11931
0.119494
0.119731
0.120012
0.120339
0.120686
0.121069
0.121484
0.116362
0.116439
0.116582
0.116785
0.117046
0.117355
0.11771
0.118077
0.118477
0.118885
0.113495
0.113568
0.113707
0.113905
0.114167
0.114481
0.114848
0.115235
0.115652
0.116086
0.110527
0.110584
0.110698
0.110864
0.111091
0.111374
0.111726
0.112116
0.11256
0.113049
0.107508
0.107539
0.107608
0.107712
0.107867
0.108081
0.108382
0.108755
0.109226
0.109791
0.104514
0.104513
0.104524
0.104548
0.104607
0.104724
0.104947
0.105285
0.105777
0.106416
0.101634
0.101601
0.101558
0.101504
0.101468
0.101488
0.101628
0.101925
0.102422
0.103112
0.135391
0.13436
0.133674
0.129547
0.131506
0.134417
0.136154
0.137188
0.138215
0.138873
0.134568
0.135272
0.133884
0.130774
0.132154
0.135103
0.136857
0.137881
0.138774
0.139473
0.136002
0.135622
0.134275
0.133683
0.135578
0.137033
0.137828
0.138495
0.139232
0.139923
0.138025
0.138078
0.138443
0.138954
0.138568
0.138251
0.138352
0.138734
0.139372
0.140075
0.138468
0.139467
0.139917
0.139553
0.138742
0.138215
0.138145
0.138442
0.139065
0.139821
0.13748
0.138197
0.138412
0.138063
0.137582
0.137259
0.137268
0.137606
0.138276
0.139088
0.135762
0.136118
0.136235
0.136092
0.135851
0.135735
0.135876
0.136306
0.137033
0.137883
0.13368
0.133853
0.133928
0.13389
0.133821
0.133856
0.134091
0.134539
0.135298
0.13617
0.131423
0.131507
0.13157
0.131597
0.131634
0.131763
0.132055
0.132534
0.13323
0.134056
0.129077
0.12913
0.129195
0.129263
0.129362
0.129541
0.129852
0.130324
0.130923
0.13168
0.126676
0.126723
0.126799
0.126899
0.127038
0.127239
0.127529
0.127893
0.128457
0.129176
0.12422
0.12427
0.124362
0.124487
0.124653
0.124876
0.125162
0.125503
0.125935
0.126421
0.121688
0.121746
0.121855
0.122007
0.122204
0.12245
0.122749
0.123089
0.123495
0.123965
0.11906
0.119124
0.119248
0.119421
0.119645
0.119916
0.120235
0.120583
0.120982
0.121427
0.116322
0.116389
0.116519
0.116704
0.116943
0.117231
0.117567
0.117929
0.118335
0.118775
0.113476
0.113538
0.113663
0.113841
0.114077
0.114364
0.114706
0.115078
0.1155
0.115958
0.110545
0.110595
0.110698
0.110849
0.111055
0.111316
0.111644
0.112018
0.112461
0.112956
0.107578
0.107607
0.107675
0.107777
0.107928
0.108138
0.108428
0.108791
0.109254
0.109797
0.104641
0.104646
0.104669
0.104712
0.104793
0.104935
0.105171
0.105512
0.105984
0.106573
0.10181
0.101792
0.101774
0.101761
0.101775
0.10185
0.10203
0.102343
0.102812
0.103427
)
;

boundaryField
{
    lowerSideWalls
    {
        type            fixedFluxPressure;
        gradient        uniform 0;
        value           nonuniform List<scalar> 
800
(
415.283
415.162
414.524
412.925
410.24
407.607
381.013
221.369
23.586
3.94205
1.43959
0.633724
0.438163
0.40021
0.420661
0.39622
0.388545
0.42027
0.433493
0.407998
415.176
414.994
414.33
412.755
409.993
406.849
377.784
194.807
13.2172
2.29878
0.86699
0.365817
0.234504
0.165313
0.144718
0.156758
0.164181
0.163066
0.256887
0.388342
415.099
414.886
414.211
412.799
410.215
406.559
375.43
189.566
10.3585
1.0594
0.19725
0.0599926
0.0811221
0.137941
0.17613
0.19231
0.18655
0.172177
0.155647
0.232153
415.129
414.9
414.254
413.085
410.915
407.757
389.712
245.87
40.8784
0.621558
-0.0337764
-0.0567875
0.0219426
0.114088
0.164469
0.177001
0.187123
0.175317
0.152609
0.137878
415.27
415.045
414.481
413.587
412.031
409.82
405.771
311.062
120.089
0.240698
-0.0655713
-0.0545399
0.0190154
0.0977871
0.143578
0.172347
0.187706
0.177162
0.153144
0.143841
415.532
415.33
414.87
414.215
413.175
411.947
410.336
371.746
211.668
9.30493
-0.0464295
-0.0288226
0.0332721
0.0930141
0.13018
0.162385
0.178826
0.162086
0.152212
0.147189
415.887
415.721
415.362
414.925
414.287
413.948
413.843
402.056
295.352
36.4655
-8.35409e-05
0.0205172
0.0568454
0.0942598
0.124889
0.156128
0.168989
0.154658
0.151314
0.148708
416.281
416.161
415.89
415.639
415.308
415.634
416.544
415.026
350.05
72.9223
0.0407871
0.0627844
0.0802418
0.0967071
0.123253
0.144211
0.152975
0.151965
0.150907
0.149716
416.639
416.557
416.357
416.243
416.131
416.997
418.765
422.159
378.054
106.257
0.066724
0.0726593
0.0851524
0.0976521
0.12169
0.143386
0.150786
0.150546
0.151001
0.150591
416.895
416.833
416.673
416.632
416.615
417.67
420.114
424.694
391.08
125.061
0.0715388
0.0685168
0.0792761
0.0935755
0.118518
0.143765
0.151286
0.150467
0.151339
0.151153
415.227
415.064
414.325
412.544
409.574
406.478
376.672
207.785
19.913
3.75839
1.19149
0.426589
0.298634
0.252267
0.313066
0.582233
0.665408
0.683324
0.699958
0.477726
415.147
414.923
414.159
412.411
409.386
405.757
374.298
183.41
10.783
2.02631
0.627332
0.231765
0.204269
0.195421
0.189954
0.190557
0.195774
0.580632
0.59898
0.248697
415.126
414.873
414.103
412.532
409.71
405.627
373.871
183.561
9.08303
0.924978
0.101674
0.0271218
0.0970508
0.180332
0.280028
0.384081
0.271234
0.148896
0.135441
0.131719
415.238
414.974
414.246
412.943
410.588
407.109
390.489
239.224
37.0652
0.574534
-0.0532392
-0.0533129
0.038642
0.166707
0.354111
0.368152
0.236886
0.144114
0.132486
0.128286
415.48
415.224
414.596
413.595
411.909
409.45
405.117
307.888
115.57
0.216835
-0.0750818
-0.0609528
0.0215769
0.0971002
0.279981
0.35036
0.165723
0.140726
0.136369
0.132978
415.858
415.631
415.121
414.381
413.248
411.864
410.178
371.257
207.42
7.94547
-0.0569175
-0.0417924
0.0252694
0.0861963
0.180584
0.273584
0.153307
0.137082
0.136029
0.134905
416.332
416.15
415.754
415.251
414.543
414.111
414.081
402.073
292.21
34.4799
-0.015156
-0.00131508
0.0410542
0.0837974
0.131987
0.261518
0.15611
0.134052
0.135594
0.135913
416.844
416.711
416.414
416.114
415.735
416.038
417.274
414.167
348.01
70.7306
0.027423
0.0488774
0.0608859
0.0849213
0.108488
0.225393
0.185246
0.132581
0.135571
0.136586
417.311
417.218
416.999
416.84
416.674
417.453
419.2
421.784
376.252
104.295
0.0537066
0.0605568
0.0735533
0.0864468
0.107318
0.130641
0.144615
0.137473
0.136309
0.137504
417.656
417.584
417.41
417.323
417.245
418.188
420.435
424.491
389.573
122.835
0.0635042
0.0605131
0.0770006
0.0896888
0.108778
0.126266
0.1339
0.135815
0.137026
0.138174
415.283
415.162
414.524
412.925
410.24
407.607
381.013
221.369
23.586
3.94205
1.43959
0.633724
0.438163
0.40021
0.420661
0.39622
0.388545
0.42027
0.433493
0.407998
415.168
414.988
414.327
412.747
409.972
406.734
378.257
192.413
11.9901
1.9506
0.571343
0.302232
0.350564
0.366807
0.411602
0.43284
0.433435
0.402845
0.360128
0.271863
415.073
414.867
414.201
412.807
410.256
406.592
377.566
197.965
11.8234
1.06396
0.174859
0.0893184
0.279325
0.360183
0.377782
0.2602
0.194764
0.174933
0.175809
0.218331
415.07
414.851
414.227
413.098
411.009
407.859
392.608
251.492
45.8938
0.647306
-0.000415034
-0.0258157
0.141233
0.320228
0.199682
0.138048
0.146644
0.14596
0.135862
0.148128
415.157
414.946
414.418
413.577
412.129
409.951
406.301
313.951
128.569
0.260568
-0.0230415
-0.019819
0.0249975
0.0899516
0.107267
0.130017
0.141179
0.143761
0.137694
0.128195
415.348
415.16
414.744
414.154
413.243
412.154
410.829
369.764
218.358
9.97796
-0.00118806
-0.00678758
0.0298567
0.0695413
0.101748
0.126162
0.138668
0.142228
0.139483
0.135523
415.612
415.461
415.146
414.781
414.287
414.18
414.548
400.467
298.867
35.7692
0.0353669
0.0317768
0.0465497
0.0734002
0.105824
0.127863
0.136903
0.139144
0.13857
0.136948
415.898
415.791
415.561
415.382
415.19
415.791
417.268
416.42
352.958
72.1909
0.0660397
0.0394977
0.0488309
0.0726204
0.102042
0.125967
0.136862
0.136433
0.137104
0.136981
416.144
416.073
415.909
415.86
415.862
416.96
419.215
423.965
379.93
108.121
0.0722013
0.0498434
0.0538931
0.0695034
0.0992446
0.126761
0.138338
0.134221
0.135692
0.136308
416.292
416.241
416.108
416.122
416.198
417.43
420.242
425.52
392.579
129.784
0.0621222
0.0590205
0.0607993
0.0683639
0.0992703
0.125437
0.133131
0.133215
0.135191
0.135929
416.302
416.249
416.114
416.122
416.192
417.416
420.272
425.554
392.549
129.009
0.0683717
0.0570898
0.0637198
0.0715606
0.0959336
0.122902
0.132472
0.134071
0.135462
0.135885
416.173
416.097
415.923
415.858
415.829
416.843
419.319
423.701
378.303
108.081
0.0659848
0.0565466
0.0716639
0.0812165
0.101908
0.125111
0.137283
0.137108
0.135861
0.135799
415.937
415.82
415.573
415.367
415.139
415.727
417.353
416.123
349.864
72.0316
0.0475083
0.0553765
0.0756167
0.0871083
0.106243
0.125473
0.138284
0.137837
0.136699
0.135756
415.65
415.483
415.139
414.728
414.174
414.037
414.444
398.818
294.827
34.9187
0.0117888
0.0330047
0.062951
0.0820611
0.10298
0.123001
0.134885
0.137036
0.13611
0.134343
415.376
415.164
414.702
414.039
413.035
411.841
410.319
367.487
212.081
9.11009
-0.0144996
0.0137158
0.0487579
0.0723731
0.0966358
0.119104
0.132528
0.137032
0.134518
0.13132
415.167
414.925
414.337
413.398
411.831
409.462
405.417
310.671
123.03
0.20273
-0.0268318
0.0060002
0.242875
0.282637
0.190828
0.133399
0.140386
0.140562
0.131426
0.122223
415.058
414.805
414.106
412.86
410.633
407.211
392.681
246.637
42.5825
0.62995
0.0611154
0.095663
0.390452
0.477283
0.551908
0.458516
0.249357
0.159468
0.131397
0.120803
415.041
414.796
414.041
412.51
409.78
405.756
377.154
194.235
10.442
0.932907
0.160576
0.153504
0.355715
0.470694
0.555246
0.620946
0.642745
0.660801
0.458124
0.227377
415.12
414.899
414.14
412.398
409.391
405.737
375.897
185.918
10.6864
1.72408
0.413785
0.188811
0.243335
0.231836
0.246842
0.497887
0.657303
0.679998
0.696644
0.541432
415.227
415.064
414.325
412.544
409.574
406.478
376.672
207.785
19.913
3.75839
1.19149
0.426589
0.298634
0.252267
0.313066
0.582233
0.665408
0.683324
0.699958
0.477726
)
;
    }
    upperSideWalls
    {
        type            fixedFluxPressure;
        gradient        uniform 0;
        value           nonuniform List<scalar> 
800
(
0.168805
0.149314
0.147509
0.146084
0.14504
0.143459
0.141303
0.138854
0.136244
0.133523
0.130712
0.127805
0.124771
0.121608
0.118304
0.114873
0.11135
0.107801
0.104313
0.100992
0.39323
0.270072
0.14671
0.145498
0.145065
0.143907
0.141635
0.139083
0.136413
0.133665
0.130843
0.127931
0.124893
0.12172
0.118403
0.114953
0.111405
0.107824
0.104301
0.100944
0.284058
0.176201
0.14453
0.144287
0.145145
0.144162
0.141881
0.139326
0.136657
0.133913
0.131096
0.128185
0.125142
0.121955
0.118616
0.115134
0.111542
0.107904
0.104312
0.100881
0.13456
0.137684
0.140699
0.143727
0.145313
0.144163
0.142008
0.139554
0.136949
0.134246
0.131451
0.128545
0.125493
0.122288
0.118918
0.115392
0.111744
0.108034
0.104356
0.100833
0.139302
0.13925
0.141669
0.144642
0.145202
0.144024
0.1421
0.139815
0.137322
0.134685
0.131921
0.129015
0.125942
0.12271
0.119298
0.11572
0.11201
0.108233
0.104473
0.100856
0.144211
0.143441
0.144454
0.145472
0.14526
0.144108
0.142355
0.140225
0.13784
0.135262
0.132522
0.129581
0.126488
0.123213
0.119749
0.116112
0.112349
0.108522
0.104711
0.101028
0.14674
0.146096
0.146222
0.14623
0.145672
0.144513
0.142866
0.14085
0.138544
0.135998
0.13324
0.130268
0.127119
0.12378
0.120251
0.116555
0.112751
0.108916
0.105114
0.101418
0.148481
0.14782
0.147515
0.147122
0.146384
0.14521
0.143623
0.141684
0.139421
0.136885
0.134084
0.131046
0.127823
0.124411
0.120812
0.117062
0.113243
0.109446
0.105724
0.102092
0.149788
0.149171
0.148692
0.148141
0.147347
0.146176
0.144636
0.142714
0.14044
0.137878
0.135035
0.131899
0.128592
0.125106
0.121441
0.117642
0.113805
0.110052
0.106453
0.102956
0.150595
0.150113
0.149644
0.149063
0.148235
0.147129
0.14564
0.143744
0.141489
0.13891
0.136027
0.132801
0.129414
0.125863
0.122146
0.118307
0.11445
0.110716
0.107263
0.103947
0.135391
0.134568
0.136002
0.138025
0.138468
0.13748
0.135762
0.13368
0.131423
0.129077
0.126676
0.12422
0.121688
0.11906
0.116322
0.113476
0.110545
0.107578
0.104641
0.10181
0.13436
0.135272
0.135622
0.138078
0.139467
0.138197
0.136118
0.133853
0.131507
0.12913
0.126723
0.12427
0.121746
0.119124
0.116389
0.113538
0.110595
0.107607
0.104646
0.101792
0.133674
0.133884
0.134275
0.138443
0.139917
0.138412
0.136235
0.133928
0.13157
0.129195
0.126799
0.124362
0.121855
0.119248
0.116519
0.113663
0.110698
0.107675
0.104669
0.101774
0.129547
0.130774
0.133683
0.138954
0.139553
0.138063
0.136092
0.13389
0.131597
0.129263
0.126899
0.124487
0.122007
0.119421
0.116704
0.113841
0.110849
0.107777
0.104712
0.101761
0.131506
0.132154
0.135578
0.138568
0.138742
0.137582
0.135851
0.133821
0.131634
0.129362
0.127038
0.124653
0.122204
0.119645
0.116943
0.114077
0.111055
0.107928
0.104793
0.101775
0.134417
0.135103
0.137033
0.138251
0.138215
0.137259
0.135735
0.133856
0.131763
0.129541
0.127239
0.124876
0.12245
0.119916
0.117231
0.114364
0.111316
0.108138
0.104935
0.10185
0.136154
0.136857
0.137828
0.138352
0.138145
0.137268
0.135876
0.134091
0.132055
0.129852
0.127529
0.125162
0.122749
0.120235
0.117567
0.114706
0.111644
0.108428
0.105171
0.10203
0.137188
0.137881
0.138495
0.138734
0.138442
0.137606
0.136306
0.134539
0.132534
0.130324
0.127893
0.125503
0.123089
0.120583
0.117929
0.115078
0.112018
0.108791
0.105512
0.102343
0.138215
0.138774
0.139232
0.139372
0.139065
0.138276
0.137033
0.135298
0.13323
0.130923
0.128457
0.125935
0.123495
0.120982
0.118335
0.1155
0.112461
0.109254
0.105984
0.102812
0.138873
0.139473
0.139923
0.140075
0.139821
0.139088
0.137883
0.13617
0.134056
0.13168
0.129176
0.126421
0.123965
0.121427
0.118775
0.115958
0.112956
0.109797
0.106573
0.103427
0.168805
0.149314
0.147509
0.146084
0.14504
0.143459
0.141303
0.138854
0.136244
0.133523
0.130712
0.127805
0.124771
0.121608
0.118304
0.114873
0.11135
0.107801
0.104313
0.100992
0.174855
0.149729
0.149661
0.14781
0.145768
0.143848
0.141484
0.138886
0.136204
0.133464
0.130664
0.127781
0.124773
0.121623
0.118319
0.114868
0.111305
0.107695
0.104134
0.100744
0.223316
0.17726
0.151211
0.148175
0.14574
0.143978
0.141381
0.138674
0.135979
0.133273
0.130531
0.127712
0.124759
0.121642
0.118343
0.11486
0.111222
0.107495
0.103792
0.100263
0.180325
0.14875
0.142782
0.143882
0.144389
0.143016
0.140608
0.138067
0.135497
0.132915
0.130295
0.12759
0.124733
0.121675
0.118392
0.114866
0.111119
0.107217
0.103292
0.099535
0.127371
0.132869
0.13816
0.141581
0.142497
0.141287
0.139346
0.137116
0.134782
0.132404
0.129971
0.127433
0.12471
0.121742
0.118487
0.114914
0.111029
0.106893
0.102659
0.0985815
0.134311
0.135929
0.13863
0.14046
0.140584
0.139584
0.137946
0.136001
0.133926
0.131793
0.129595
0.127265
0.12471
0.121856
0.118646
0.11503
0.110988
0.10657
0.101942
0.0974348
0.136553
0.13749
0.138684
0.139266
0.139027
0.138059
0.136589
0.134858
0.133019
0.131144
0.129209
0.127112
0.124741
0.122012
0.118863
0.115213
0.111013
0.10628
0.101188
0.0961577
0.136928
0.137438
0.137999
0.138149
0.137718
0.136746
0.13535
0.133767
0.132134
0.130519
0.128868
0.126989
0.124784
0.122175
0.119088
0.11542
0.111081
0.106049
0.100499
0.0949444
0.136671
0.137058
0.137324
0.137238
0.136711
0.135703
0.134232
0.132727
0.131209
0.129769
0.128434
0.126724
0.124707
0.122231
0.119233
0.115582
0.111166
0.105928
0.100036
0.0940748
0.136344
0.136651
0.136786
0.136583
0.135976
0.134911
0.133545
0.132103
0.130823
0.129732
0.128538
0.126942
0.124864
0.122385
0.119342
0.115674
0.11124
0.105953
0.09997
0.0939102
0.136093
0.136314
0.136398
0.13616
0.135527
0.134453
0.133086
0.131599
0.130195
0.128906
0.127583
0.1261
0.124206
0.121855
0.118984
0.115458
0.111156
0.106022
0.100234
0.094435
0.135778
0.13599
0.136138
0.13597
0.135392
0.134356
0.133043
0.131576
0.130105
0.128675
0.127206
0.12558
0.12366
0.121349
0.11853
0.115101
0.110973
0.106139
0.100824
0.0955358
0.135278
0.135538
0.135919
0.135973
0.135547
0.134496
0.133211
0.131696
0.130131
0.128545
0.126903
0.125127
0.123117
0.120759
0.117978
0.11467
0.110761
0.106279
0.101454
0.0967512
0.133936
0.134673
0.13562
0.136127
0.135895
0.134969
0.133614
0.132008
0.130292
0.128529
0.126719
0.124791
0.122672
0.120266
0.117497
0.114286
0.110597
0.106481
0.102151
0.0979842
0.130833
0.132431
0.134837
0.136422
0.136567
0.135678
0.134209
0.13245
0.130564
0.128624
0.126637
0.12456
0.122326
0.11986
0.117096
0.11398
0.110499
0.106721
0.102825
0.0991006
0.122905
0.128425
0.133599
0.13703
0.137685
0.136657
0.134955
0.132974
0.130892
0.128776
0.12663
0.124416
0.122078
0.119554
0.116794
0.113762
0.110464
0.106968
0.103421
0.100033
0.125351
0.131412
0.135966
0.138288
0.139298
0.137804
0.135721
0.133478
0.131204
0.128935
0.126657
0.124332
0.121909
0.119339
0.116583
0.113623
0.110473
0.107196
0.103908
0.100764
0.130111
0.138616
0.141382
0.140517
0.140182
0.138639
0.136197
0.133785
0.131405
0.129045
0.126682
0.12428
0.121798
0.119195
0.116446
0.113541
0.1105
0.107381
0.104274
0.101293
0.149428
0.136443
0.138571
0.139423
0.139274
0.138027
0.136037
0.133792
0.131454
0.129082
0.126685
0.124243
0.121725
0.119105
0.116362
0.113495
0.110527
0.107508
0.104514
0.101634
0.135391
0.134568
0.136002
0.138025
0.138468
0.13748
0.135762
0.13368
0.131423
0.129077
0.126676
0.12422
0.121688
0.11906
0.116322
0.113476
0.110545
0.107578
0.104641
0.10181
)
;
    }
    lowerWall
    {
        type            fixedFluxPressure;
        gradient        uniform 0;
        value           nonuniform List<scalar> 
200
(
415.283
415.168
415.073
415.07
415.157
415.348
415.612
415.898
416.144
416.292
416.302
416.173
415.937
415.65
415.376
415.167
415.058
415.041
415.12
415.227
415.176
415.058
414.969
414.979
415.081
415.288
415.564
415.862
416.12
416.277
416.291
416.162
415.921
415.629
415.344
415.121
414.997
414.965
415.038
415.147
415.099
414.987
414.905
414.928
415.051
415.284
415.588
415.929
416.218
416.396
416.418
416.285
416.028
415.709
415.398
415.15
415.005
414.959
415.023
415.126
415.129
415.031
414.962
415.008
415.168
415.452
415.825
416.229
416.564
416.773
416.806
416.669
416.385
416.015
415.648
415.352
415.172
415.101
415.15
415.238
415.27
415.187
415.141
415.226
415.447
415.822
416.305
416.808
417.201
417.452
417.496
417.357
417.043
416.592
416.126
415.743
415.498
415.386
415.41
415.48
415.532
415.469
415.456
415.597
415.916
416.425
417.055
417.676
418.129
418.469
418.519
418.362
418.017
417.469
416.861
416.342
415.996
415.822
415.808
415.858
415.887
415.842
415.872
416.092
416.537
417.205
417.991
418.716
419.228
419.705
419.736
419.575
419.203
418.569
417.801
417.112
416.631
416.368
416.304
416.332
416.281
416.252
416.337
416.649
417.224
418.045
418.963
419.812
420.31
420.808
420.823
420.867
420.511
419.763
418.833
417.966
417.332
416.964
416.833
416.844
416.639
416.634
416.767
417.156
417.832
418.77
419.799
420.603
421.411
421.503
421.841
422.167
421.553
420.841
419.755
418.736
417.975
417.515
417.33
417.311
416.895
416.909
417.086
417.541
418.313
419.426
420.749
421.866
422.479
419.832
419.971
423.882
423.128
422.037
420.593
419.355
418.472
417.933
417.698
417.656
)
;
    }
    atmosphere
    {
        type            totalPressure;
        rho             rho;
        psi             none;
        gamma           1;
        p0              nonuniform List<scalar> 0();
        value           nonuniform List<scalar> 0();
    }
    procBoundary0to1
    {
        type            processor;
        value           nonuniform List<scalar> 
800
(
416.987
416.925
416.767
416.731
416.723
417.816
420.345
425.095
390.675
125.02
0.0673586
0.0584733
0.0767843
0.0931982
0.11841
0.143712
0.150914
0.150735
0.151892
0.151971
417.014
416.892
416.616
416.243
415.623
415.262
414.925
415.046
211.433
19.5507
0.0390042
0.0457157
0.0743235
0.100302
0.128193
0.140107
0.149029
0.152577
0.153351
0.152838
417.218
417.029
416.599
415.855
414.636
412.834
410.225
387.394
66.6579
0.30166
0.130136
0.116123
0.108624
0.109431
0.122229
0.138878
0.15072
0.154521
0.15482
0.153941
417.711
417.494
416.986
416.02
414.274
411.313
406.636
327.609
16.8874
0.199887
0.156375
0.125342
0.110515
0.114953
0.130508
0.14565
0.154767
0.158016
0.157507
0.155549
418.522
418.367
417.99
417.104
415.199
411.421
402.07
235.636
1.06427
0.184741
0.174943
0.151286
0.139413
0.140342
0.147457
0.155467
0.161319
0.163578
0.162078
0.15829
419.664
419.7
419.65
419.18
417.667
414.073
391.146
137.355
0.652298
0.177071
0.187249
0.1734
0.164126
0.156445
0.158422
0.166987
0.175127
0.174473
0.166205
0.156014
420.969
421.215
421.568
421.726
421.333
419.935
388.778
128.478
2.14551
0.245293
0.15523
0.166508
0.157799
0.146059
0.150392
0.167421
0.174712
0.166376
0.154154
0.145451
422.028
422.39
422.952
423.619
424.443
424.186
413.793
352.972
134.22
26.9349
0.0641503
0.116419
0.120176
0.135882
0.104066
0.117902
0.172911
0.175504
0.142117
0.140434
422.712
422.91
422.993
422.896
421.746
416.093
400.796
394.141
418.743
367.027
136.523
32.432
30.5672
36.8171
39.584
33.9417
32.5994
46.6797
68.5521
72.295
420.474
414.909
408.926
405.324
398.458
373.082
339.375
331.784
407.854
446.78
520.484
548.084
591.243
582.361
286.238
143.477
149.614
213.081
237.119
137.061
420.456
415.017
408.916
403.684
397.47
376.483
339.053
340.168
415.103
451.108
481.343
388.963
352.991
429.091
510.117
544.657
579.315
549.734
145.487
1.41153
423.18
423.48
424.739
425.451
425.161
420.374
408.872
403.262
427.287
328.761
65.6458
0.174118
6.29628
22.8001
38.3696
63.778
90.348
99.531
55.3302
3.11221
423.107
423.84
425.057
426.972
429.466
430.894
420.952
318.602
98.09
17.519
0.108021
0.146285
1.36889
6.17616
8.04625
4.33497
0.214963
0.182865
0.127543
0.193603
422.236
422.69
423.458
424.391
425.007
424.549
393.487
123.739
2.13164
0.128386
0.09239
0.127344
0.140861
0.144793
0.180272
1.11563
1.60226
0.381578
0.109882
0.11259
420.836
420.998
421.194
421.118
420.076
416.696
397.179
160.554
0.562429
0.10999
0.145175
0.130198
0.126271
0.127338
0.134941
0.145056
0.274214
0.622571
0.417589
0.122461
419.601
419.509
419.255
418.552
416.861
413.077
404.056
267.131
4.40057
0.157862
0.151493
0.134094
0.125239
0.120222
0.127336
0.139163
0.140838
0.145801
0.220836
0.130825
418.696
418.508
418.056
417.159
415.481
412.522
407.357
338.128
24.4795
0.204369
0.14402
0.127787
0.113433
0.119107
0.125041
0.132832
0.140383
0.140376
0.13622
0.136075
418.125
417.949
417.536
416.806
415.593
413.802
410.923
388.086
72.6337
0.199255
0.110384
0.086616
0.0916628
0.0997281
0.125619
0.141674
0.13892
0.139885
0.13901
0.138378
417.867
417.743
417.463
417.067
416.408
415.953
415.412
415.429
211.188
20.1571
0.0184387
0.0260283
0.0505366
0.0748343
0.104905
0.138661
0.142213
0.138537
0.139251
0.139204
417.811
417.741
417.569
417.488
417.42
418.37
420.651
424.719
390.141
123.173
0.0620041
0.0535035
0.073012
0.089847
0.10974
0.127575
0.138914
0.13767
0.137907
0.138789
0.151541
0.151108
0.150692
0.150157
0.149375
0.148279
0.146828
0.144912
0.142656
0.140064
0.13715
0.133805
0.130308
0.126674
0.122906
0.119047
0.115179
0.111422
0.107879
0.104511
0.152058
0.151507
0.151083
0.15059
0.149868
0.148837
0.147394
0.145604
0.143392
0.140812
0.137909
0.134357
0.130674
0.126957
0.123091
0.119098
0.115088
0.111229
0.107656
0.104349
0.152759
0.152052
0.15163
0.151259
0.150767
0.150059
0.148893
0.147225
0.145086
0.142576
0.139732
0.135606
0.131584
0.127697
0.123693
0.119416
0.114989
0.110746
0.107206
0.104089
0.153759
0.152879
0.1527
0.152705
0.15257
0.152295
0.151592
0.150185
0.148088
0.145688
0.143068
0.137311
0.132746
0.128777
0.124824
0.119854
0.114851
0.110163
0.106486
0.103212
0.154653
0.153667
0.154215
0.1546
0.155412
0.156621
0.156727
0.155277
0.152877
0.150296
0.146363
0.139056
0.1342
0.129986
0.125618
0.121346
0.114367
0.106702
0.103023
0.0997839
0.151295
0.154061
0.157236
0.158342
0.159866
0.161561
0.161027
0.158225
0.155389
0.148505
0.135082
0.13168
0.133489
0.131292
0.130591
0.12593
0.113798
0.102434
0.0989331
0.809143
0.136416
0.142298
0.148678
0.1486
0.1512
0.153613
0.150269
0.145754
0.142616
0.15516
0.114643
0.109952
0.118103
0.114875
0.123619
0.128749
0.115493
0.56323
0.218326
3.3036
1.96405
0.124201
0.131362
0.129531
0.124079
0.12474
0.133112
0.33206
0.430087
0.543358
0.318997
0.133485
0.154596
0.366939
0.126059
0.154461
12.1908
18.7147
3.89643
4.03829
26.6121
21.7365
47.134
49.3305
37.391
54.7472
86.4065
100.693
112.002
125.122
70.7472
21.5794
20.2083
17.5847
57.7881
95.3813
173.659
21.3183
0.206905
0.153583
20.4715
156.962
308.237
307.254
202.979
238.407
373.506
387.545
401.821
416.63
385.545
167.252
52.5725
25.6557
158.377
217.25
231.234
4.47308
4.34968
0.185932
102.229
295.508
310.688
324.365
340.725
355.783
370.84
383.125
334.812
356.045
364.469
209.398
21.9028
18.844
70.3207
192.201
234.367
181.787
29.3394
0.0648082
0.145053
0.162389
0.221636
0.825301
8.79965
52.3236
103.491
156.545
223.96
162.832
-0.0435163
0.0948612
0.0884139
0.10666
0.11337
0.122219
0.132319
0.1167
0.100833
0.0913937
0.105072
0.128743
0.156062
0.16103
0.142292
0.153115
0.212456
0.363747
12.7872
17.4522
0.0346301
0.100243
0.106397
0.11422
0.119031
0.123565
0.126977
0.122887
0.112511
0.107108
0.124392
0.137379
0.147489
0.14868
0.149756
0.171764
0.181269
0.150904
0.139393
0.111151
0.0713458
0.0964667
0.114866
0.116381
0.119399
0.119416
0.120569
0.120552
0.112825
0.097342
0.131144
0.138683
0.144373
0.148415
0.150484
0.15584
0.163878
0.151382
0.132181
0.130359
0.107006
0.111273
0.119609
0.119077
0.119207
0.117783
0.115782
0.11235
0.106364
0.0995787
0.135725
0.139919
0.143105
0.145414
0.147523
0.149836
0.152328
0.148856
0.14077
0.137215
0.127323
0.121714
0.12251
0.121034
0.119376
0.117237
0.114576
0.111044
0.106343
0.101451
0.138414
0.140428
0.142061
0.143112
0.143704
0.144365
0.144819
0.142728
0.138718
0.13541
0.130968
0.126381
0.123921
0.121667
0.119419
0.116909
0.114001
0.110577
0.106628
0.102612
0.13941
0.140484
0.141449
0.142017
0.142211
0.142045
0.141257
0.139497
0.13672
0.133708
0.130435
0.126981
0.12438
0.12191
0.119405
0.116715
0.113757
0.1105
0.107009
0.103525
0.139757
0.140436
0.14103
0.141318
0.141213
0.140654
0.139587
0.137888
0.135596
0.132958
0.13016
0.127223
0.124572
0.121984
0.119348
0.116567
0.113598
0.110442
0.107172
0.103943
0.139525
0.140194
0.140703
0.140909
0.140711
0.140048
0.138895
0.137218
0.135085
0.132622
0.130003
0.12715
0.12455
0.121944
0.119268
0.116464
0.113508
0.110416
0.107258
0.104156
)
;
    }
    procBoundary0to2
    {
        type            processor;
        value           nonuniform List<scalar> 
200
(
0.097944
0.0978658
0.0977403
0.09761
0.0975445
0.0976374
0.0979658
0.0986538
0.0995634
0.100651
0.0976475
0.0975312
0.0973357
0.0971045
0.0969253
0.0969295
0.097247
0.0980518
0.0991898
0.10057
0.0970667
0.0968731
0.0965276
0.0960709
0.0956166
0.095383
0.0955705
0.0967146
0.0984986
0.100955
0.0961832
0.095846
0.0952333
0.0943622
0.0933727
0.0926721
0.0929407
0.0945266
0.0974416
0.101225
0.0950037
0.0944133
0.093362
0.0917792
0.0896194
0.0876887
0.0870079
0.0892273
0.094432
0.098751
0.0935184
0.0925999
0.0908716
0.0882706
0.0846683
0.0816365
0.0865037
0.0828382
0.383094
2.24473
0.0918297
0.0903253
0.0873046
0.0819362
0.0739873
0.0644587
0.058062
0.734418
8.6707
20.3052
0.0902105
0.0879683
0.0833708
0.0734906
0.0559701
0.0348488
0.02594
3.24339
11.2614
20.2304
0.0890201
0.0860334
0.0799737
0.0650443
0.0429285
0.0196873
0.157885
0.0412674
0.0499281
19.0797
0.0888013
0.0856826
0.0793217
0.0639136
0.0871898
0.0258639
0.0254099
0.0377542
0.0521633
0.0632099
0.0895806
0.0869111
0.0813357
0.0694245
0.0901871
0.227508
0.2984
0.25422
0.187664
0.0916144
0.0910748
0.0891185
0.0848537
0.0768154
0.0608707
0.167944
0.296388
0.298259
0.137018
0.0599216
0.0927867
0.0914544
0.0887676
0.0836226
0.0749363
0.060095
0.116326
0.159974
0.0930533
0.12307
0.0944438
0.093593
0.0919047
0.0889944
0.0844562
0.078114
0.0699083
0.0635414
0.0705079
0.0855823
0.0958773
0.0953597
0.0943598
0.0927394
0.0904276
0.0874495
0.0847308
0.0834886
0.0848204
0.0880209
0.0970357
0.0967304
0.0961678
0.0952926
0.0941224
0.0927639
0.0915482
0.0911413
0.0920091
0.0940959
0.0979186
0.0977481
0.0974471
0.0969988
0.0964434
0.095864
0.0954893
0.0955062
0.0960978
0.0972534
0.0985479
0.0984553
0.0983004
0.0980801
0.0978297
0.097609
0.0975276
0.0977393
0.0982888
0.0991711
0.0989488
0.0988971
0.0988186
0.0987155
0.0986164
0.0985666
0.0986489
0.0989161
0.0993963
0.100085
0.0991526
0.0991203
0.0990772
0.0990281
0.0989984
0.0990287
0.0991696
0.0994566
0.0999072
0.100513
)
;
    }
}


// ************************************************************************* //
