/*--------------------------------*- C++ -*----------------------------------*\
| =========                 |                                                 |
| \\      /  F ield         | OpenFOAM: The Open Source CFD Toolbox           |
|  \\    /   O peration     | Version:  2312                                  |
|   \\  /    A nd           | Website:  www.openfoam.com                      |
|    \\/     M anipulation  |                                                 |
\*---------------------------------------------------------------------------*/
FoamFile
{
    version     2.0;
    format      ascii;
    arch        "LSB;label=32;scalar=64";
    class       volScalarField;
    location    "0.03";
    object      p_rgh;
}
// * * * * * * * * * * * * * * * * * * * * * * * * * * * * * * * * * * * * * //

dimensions      [1 -1 -2 0 0 0 0];

internalField   nonuniform List<scalar> 
8000
(
392.185
392.185
392.185
392.185
392.185
392.185
392.185
392.185
392.185
392.185
392.185
392.185
392.185
392.185
392.185
392.185
392.185
392.185
392.185
392.185
392.185
392.185
392.185
392.185
392.185
392.185
392.185
392.185
392.185
392.185
392.185
392.185
392.185
392.185
392.185
392.185
392.185
392.185
392.185
392.185
392.185
392.185
392.185
392.185
392.185
392.185
392.185
392.185
392.185
392.185
392.185
392.185
392.185
392.185
392.185
392.185
392.185
392.185
392.185
392.185
392.185
392.185
392.185
392.185
392.185
392.185
392.185
392.185
392.185
392.185
392.185
392.185
392.185
392.185
392.185
392.185
392.185
392.185
392.185
392.185
0.177304
0.177304
0.177304
0.177306
0.177307
0.177309
0.177309
0.177349
0.177311
0.177311
0.177305
0.177305
0.177306
0.177307
0.177308
0.17731
0.17731
0.177311
0.177311
0.177311
0.177308
0.177308
0.177309
0.17731
0.177311
0.177311
0.177312
0.177311
0.177312
0.177312
0.177312
0.177313
0.177313
0.177313
0.177313
0.177313
0.177313
0.177313
0.177313
0.177312
0.177317
0.177317
0.177317
0.177317
0.177316
0.177316
0.177315
0.177314
0.177313
0.177313
0.177321
0.177321
0.177321
0.17732
0.177319
0.177317
0.177316
0.177315
0.177314
0.177314
0.177323
0.177324
0.177323
0.177322
0.17732
0.177319
0.177318
0.177317
0.177316
0.177315
0.177324
0.177324
0.177324
0.177322
0.177321
0.17732
0.177319
0.177318
0.177317
0.177316
0.177324
0.177324
0.177323
0.177322
0.177321
0.17732
0.177319
0.177318
0.177318
0.177318
0.177322
0.177322
0.177322
0.177321
0.17732
0.17732
0.177319
0.177319
0.177319
0.177319
0.17732
0.17732
0.17732
0.177319
0.177319
0.177319
0.177319
0.177319
0.17732
0.17732
0.177317
0.177317
0.177317
0.177317
0.177318
0.177318
0.177319
0.177319
0.17732
0.177321
392.185
392.185
392.185
392.185
392.185
392.185
392.185
392.185
392.185
392.185
392.185
392.185
392.185
392.185
392.185
392.185
392.185
392.185
392.185
392.185
392.185
392.185
392.185
392.185
392.185
392.185
392.185
392.185
392.185
392.185
392.185
392.185
392.185
392.185
392.185
392.185
392.185
392.185
392.185
392.185
392.185
392.185
392.185
392.185
392.185
392.185
392.185
392.185
392.185
392.185
392.185
392.185
392.185
392.185
392.185
392.185
392.185
392.185
392.185
392.185
392.185
392.185
392.185
392.185
392.185
392.185
392.185
392.185
392.185
392.185
392.185
392.185
392.185
392.185
392.185
392.185
392.185
392.185
392.185
392.185
0.177303
0.177303
0.177304
0.177306
0.177307
0.177309
0.177309
0.177326
0.17731
0.17731
0.177305
0.177305
0.177306
0.177307
0.177309
0.17731
0.17731
0.177311
0.177311
0.177311
0.177308
0.177309
0.177309
0.17731
0.177311
0.177311
0.177311
0.177311
0.177311
0.177311
0.177313
0.177313
0.177313
0.177313
0.177313
0.177313
0.177313
0.177312
0.177312
0.177312
0.177317
0.177318
0.177317
0.177317
0.177316
0.177315
0.177315
0.177314
0.177313
0.177313
0.177321
0.177321
0.177321
0.17732
0.177318
0.177317
0.177316
0.177315
0.177314
0.177314
0.177323
0.177323
0.177323
0.177321
0.17732
0.177319
0.177317
0.177317
0.177316
0.177315
0.177324
0.177324
0.177323
0.177322
0.177321
0.177319
0.177318
0.177318
0.177317
0.177317
0.177324
0.177323
0.177323
0.177322
0.177321
0.17732
0.177319
0.177319
0.177318
0.177319
0.177322
0.177322
0.177321
0.177321
0.17732
0.177319
0.177319
0.177319
0.177319
0.17732
0.17732
0.17732
0.177319
0.177319
0.177319
0.177319
0.177319
0.177319
0.17732
0.17732
0.177317
0.177317
0.177317
0.177317
0.177318
0.177318
0.177319
0.177319
0.17732
0.17732
392.185
392.185
392.185
392.185
392.185
392.185
392.185
392.185
392.185
392.185
392.185
392.185
392.185
392.185
392.185
392.185
392.185
392.185
392.185
392.185
392.185
392.185
392.185
392.185
392.185
392.185
392.185
392.185
392.185
392.185
392.185
392.185
392.185
392.185
392.185
392.185
392.185
392.185
392.185
392.185
392.185
392.185
392.185
392.185
392.185
392.185
392.185
392.185
392.185
392.185
392.185
392.185
392.185
392.185
392.185
392.185
392.185
392.185
392.185
392.185
392.185
392.185
392.185
392.185
392.185
392.185
392.185
392.185
392.185
392.185
392.185
392.185
392.185
392.185
392.185
392.185
392.185
392.185
392.185
392.185
0.177304
0.177304
0.177305
0.177306
0.177307
0.177308
0.177309
0.177313
0.177309
0.177309
0.177305
0.177305
0.177306
0.177307
0.177308
0.177309
0.17731
0.17731
0.177309
0.177309
0.177308
0.177309
0.177309
0.17731
0.177311
0.177311
0.177311
0.17731
0.17731
0.17731
0.177313
0.177313
0.177313
0.177313
0.177313
0.177313
0.177312
0.177312
0.177311
0.177311
0.177317
0.177317
0.177317
0.177316
0.177316
0.177315
0.177314
0.177313
0.177313
0.177313
0.17732
0.17732
0.17732
0.177319
0.177318
0.177317
0.177316
0.177315
0.177315
0.177315
0.177322
0.177322
0.177321
0.17732
0.177319
0.177318
0.177317
0.177317
0.177316
0.177317
0.177323
0.177323
0.177322
0.177321
0.17732
0.177319
0.177318
0.177318
0.177318
0.177318
0.177323
0.177322
0.177322
0.177321
0.17732
0.177319
0.177319
0.177319
0.177319
0.17732
0.177321
0.177321
0.177321
0.17732
0.177319
0.177319
0.177319
0.177319
0.177319
0.17732
0.177319
0.177319
0.177319
0.177319
0.177319
0.177319
0.177319
0.177319
0.177319
0.17732
0.177317
0.177317
0.177317
0.177318
0.177318
0.177319
0.177319
0.177319
0.17732
0.17732
392.185
392.185
392.185
392.185
392.185
392.185
392.185
392.185
392.185
392.185
392.185
392.185
392.185
392.185
392.185
392.185
392.185
392.185
392.185
392.185
392.185
392.185
392.185
392.185
392.185
392.185
392.185
392.185
392.185
392.185
392.185
392.185
392.185
392.185
392.185
392.185
392.185
392.185
392.185
392.185
392.185
392.185
392.185
392.185
392.185
392.185
392.185
392.185
392.185
392.185
392.185
392.185
392.185
392.185
392.185
392.185
392.185
392.185
392.185
392.185
392.185
392.185
392.185
392.185
392.185
392.185
392.185
392.185
392.185
392.185
392.185
392.185
392.185
392.185
392.185
392.185
392.185
392.185
392.185
392.185
0.177304
0.177304
0.177305
0.177306
0.177307
0.177308
0.177308
0.177307
0.177307
0.177306
0.177306
0.177306
0.177307
0.177308
0.177308
0.177309
0.177309
0.177308
0.177308
0.177307
0.177309
0.177309
0.177309
0.17731
0.17731
0.17731
0.17731
0.177309
0.177309
0.177308
0.177313
0.177313
0.177313
0.177313
0.177312
0.177312
0.177311
0.177311
0.177311
0.17731
0.177316
0.177316
0.177316
0.177315
0.177315
0.177314
0.177313
0.177313
0.177313
0.177313
0.177319
0.177319
0.177318
0.177317
0.177317
0.177316
0.177315
0.177315
0.177315
0.177316
0.177321
0.177321
0.17732
0.177319
0.177318
0.177317
0.177317
0.177317
0.177317
0.177318
0.177322
0.177321
0.17732
0.17732
0.177319
0.177318
0.177318
0.177318
0.177319
0.17732
0.177321
0.177321
0.17732
0.17732
0.177319
0.177319
0.177318
0.177319
0.17732
0.17732
0.17732
0.17732
0.17732
0.177319
0.177319
0.177319
0.177319
0.177319
0.177319
0.17732
0.177319
0.177319
0.177319
0.177319
0.177319
0.177319
0.177319
0.177319
0.177319
0.177319
0.177317
0.177318
0.177318
0.177318
0.177319
0.177319
0.177319
0.177319
0.177319
0.177319
392.185
392.185
392.185
392.185
392.185
392.185
392.185
392.185
392.185
392.185
392.185
392.185
392.185
392.185
392.185
392.185
392.185
392.185
392.185
392.185
392.185
392.185
392.185
392.185
392.185
392.185
392.185
392.185
392.185
392.185
392.185
392.185
392.185
392.185
392.185
392.185
392.185
392.185
392.185
392.185
392.185
392.185
392.185
392.185
392.185
392.185
392.185
392.185
392.185
392.185
392.185
392.185
392.185
392.185
392.185
392.185
392.185
392.185
392.185
392.185
392.185
392.185
392.185
392.185
392.185
392.185
392.185
392.185
392.185
392.185
392.185
392.185
392.185
392.185
392.185
392.185
392.185
392.185
392.185
392.185
0.177305
0.177305
0.177305
0.177306
0.177307
0.177307
0.177307
0.177306
0.177305
0.177303
0.177306
0.177306
0.177307
0.177308
0.177308
0.177308
0.177307
0.177307
0.177305
0.177304
0.177309
0.177309
0.177309
0.17731
0.17731
0.177309
0.177309
0.177308
0.177307
0.177306
0.177312
0.177312
0.177312
0.177312
0.177311
0.177311
0.17731
0.17731
0.17731
0.177309
0.177315
0.177315
0.177315
0.177314
0.177314
0.177313
0.177313
0.177312
0.177313
0.177313
0.177318
0.177318
0.177317
0.177316
0.177315
0.177315
0.177315
0.177315
0.177316
0.177317
0.177319
0.177319
0.177318
0.177317
0.177317
0.177316
0.177316
0.177317
0.177318
0.177319
0.17732
0.177319
0.177319
0.177318
0.177318
0.177317
0.177318
0.177318
0.177319
0.177321
0.17732
0.177319
0.177319
0.177318
0.177318
0.177318
0.177318
0.177319
0.17732
0.177321
0.177319
0.177319
0.177319
0.177318
0.177318
0.177318
0.177318
0.177319
0.177319
0.17732
0.177318
0.177318
0.177318
0.177318
0.177318
0.177318
0.177319
0.177319
0.177319
0.177319
0.177318
0.177318
0.177318
0.177319
0.177319
0.177319
0.177319
0.17732
0.177319
0.177319
392.185
392.185
392.185
392.185
392.185
392.185
392.185
392.185
392.185
392.185
392.185
392.185
392.185
392.185
392.185
392.185
392.185
392.185
392.185
392.185
392.185
392.185
392.185
392.185
392.185
392.185
392.185
392.185
392.185
392.185
392.185
392.185
392.185
392.185
392.185
392.185
392.185
392.185
392.185
392.185
392.185
392.185
392.185
392.185
392.185
392.185
392.185
392.185
392.185
392.185
392.185
392.185
392.185
392.185
392.185
392.185
392.185
392.185
392.185
392.185
392.185
392.185
392.185
392.185
392.185
392.185
392.185
392.185
392.185
392.185
392.185
392.185
392.185
392.185
392.185
392.185
392.185
392.185
392.185
392.185
0.177305
0.177305
0.177305
0.177306
0.177306
0.177306
0.177305
0.177304
0.177302
0.1773
0.177306
0.177307
0.177307
0.177307
0.177307
0.177307
0.177306
0.177305
0.177303
0.177302
0.177309
0.177309
0.177309
0.177309
0.177309
0.177308
0.177307
0.177306
0.177305
0.177304
0.177312
0.177312
0.177312
0.177311
0.177311
0.17731
0.177309
0.177309
0.177309
0.177308
0.177315
0.177314
0.177314
0.177313
0.177313
0.177312
0.177312
0.177312
0.177312
0.177313
0.177317
0.177316
0.177316
0.177315
0.177314
0.177314
0.177314
0.177315
0.177316
0.177317
0.177318
0.177317
0.177317
0.177316
0.177316
0.177315
0.177316
0.177317
0.177318
0.17732
0.177318
0.177318
0.177317
0.177317
0.177316
0.177316
0.177317
0.177318
0.17732
0.177322
0.177318
0.177318
0.177317
0.177317
0.177317
0.177317
0.177318
0.177319
0.17732
0.177321
0.177318
0.177318
0.177317
0.177317
0.177317
0.177317
0.177318
0.177319
0.177319
0.17732
0.177318
0.177318
0.177318
0.177318
0.177318
0.177318
0.177319
0.177319
0.177319
0.177319
0.177318
0.177318
0.177318
0.177319
0.177319
0.17732
0.17732
0.17732
0.17732
0.177319
392.185
392.185
392.185
392.185
392.185
392.185
392.185
392.185
392.185
392.185
392.185
392.185
392.185
392.185
392.185
392.185
392.185
392.185
392.185
392.185
392.185
392.185
392.185
392.185
392.185
392.185
392.185
392.185
392.185
392.185
392.185
392.185
392.185
392.185
392.185
392.185
392.185
392.185
392.185
392.185
392.185
392.185
392.185
392.185
392.185
392.185
392.185
392.185
392.185
392.185
392.185
392.185
392.185
392.185
392.185
392.185
392.185
392.185
392.185
392.185
392.185
392.185
392.185
392.185
392.185
392.185
392.185
392.185
392.185
392.185
392.185
392.185
392.185
392.185
392.185
392.185
392.185
392.185
392.185
392.185
0.177305
0.177305
0.177305
0.177305
0.177305
0.177305
0.177304
0.177302
0.1773
0.177298
0.177306
0.177306
0.177306
0.177307
0.177306
0.177306
0.177304
0.177303
0.177301
0.177299
0.177308
0.177309
0.177309
0.177308
0.177308
0.177307
0.177306
0.177305
0.177304
0.177303
0.177311
0.177311
0.177311
0.17731
0.17731
0.177309
0.177308
0.177308
0.177308
0.177308
0.177314
0.177314
0.177313
0.177312
0.177312
0.177311
0.177311
0.177311
0.177312
0.177313
0.177316
0.177315
0.177315
0.177314
0.177313
0.177313
0.177313
0.177314
0.177316
0.177317
0.177316
0.177316
0.177316
0.177315
0.177315
0.177315
0.177315
0.177317
0.177318
0.17732
0.177317
0.177316
0.177316
0.177316
0.177315
0.177316
0.177316
0.177318
0.17732
0.177322
0.177317
0.177316
0.177316
0.177316
0.177316
0.177316
0.177317
0.177318
0.17732
0.177321
0.177317
0.177316
0.177316
0.177316
0.177316
0.177317
0.177317
0.177318
0.177319
0.17732
0.177317
0.177317
0.177317
0.177317
0.177317
0.177318
0.177319
0.177319
0.177319
0.177319
0.177317
0.177318
0.177318
0.177319
0.177319
0.17732
0.177321
0.177321
0.177321
0.17732
392.185
392.185
392.185
392.185
392.185
392.185
392.185
392.185
392.185
392.185
392.185
392.185
392.185
392.185
392.185
392.185
392.185
392.185
392.185
392.185
392.185
392.185
392.185
392.185
392.185
392.185
392.185
392.185
392.185
392.185
392.185
392.185
392.185
392.185
392.185
392.185
392.185
392.185
392.185
392.185
392.185
392.185
392.185
392.185
392.185
392.185
392.185
392.185
392.185
392.185
392.185
392.185
392.185
392.185
392.185
392.185
392.185
392.185
392.185
392.185
392.185
392.185
392.185
392.185
392.185
392.185
392.185
392.185
392.185
392.185
392.185
392.185
392.185
392.185
392.185
392.185
392.185
392.185
392.185
392.185
0.177304
0.177304
0.177304
0.177304
0.177304
0.177303
0.177302
0.1773
0.177298
0.177296
0.177305
0.177306
0.177306
0.177306
0.177305
0.177304
0.177303
0.177301
0.1773
0.177298
0.177308
0.177308
0.177308
0.177307
0.177307
0.177306
0.177305
0.177304
0.177303
0.177302
0.177311
0.177311
0.17731
0.17731
0.177309
0.177308
0.177307
0.177307
0.177307
0.177307
0.177313
0.177313
0.177313
0.177312
0.177311
0.177311
0.17731
0.177311
0.177311
0.177312
0.177315
0.177315
0.177314
0.177314
0.177313
0.177313
0.177313
0.177314
0.177315
0.177317
0.177316
0.177316
0.177315
0.177314
0.177314
0.177314
0.177315
0.177316
0.177318
0.17732
0.177316
0.177316
0.177315
0.177315
0.177315
0.177315
0.177316
0.177317
0.177319
0.177321
0.177316
0.177315
0.177315
0.177315
0.177315
0.177315
0.177316
0.177318
0.177319
0.17732
0.177315
0.177315
0.177315
0.177315
0.177316
0.177316
0.177317
0.177318
0.177319
0.17732
0.177316
0.177316
0.177316
0.177316
0.177317
0.177318
0.177319
0.177319
0.17732
0.17732
0.177317
0.177317
0.177317
0.177318
0.177319
0.17732
0.177321
0.177322
0.177322
0.177322
392.185
392.185
392.185
392.185
392.185
392.185
392.185
392.185
392.185
392.185
392.185
392.185
392.185
392.185
392.185
392.185
392.185
392.185
392.185
392.185
392.185
392.185
392.185
392.185
392.185
392.185
392.185
392.185
392.185
392.185
392.185
392.185
392.185
392.185
392.185
392.185
392.185
392.185
392.185
392.185
392.185
392.185
392.185
392.185
392.185
392.185
392.185
392.185
392.185
392.185
392.185
392.185
392.185
392.185
392.185
392.185
392.185
392.185
392.185
392.185
392.185
392.185
392.185
392.185
392.185
392.185
392.185
392.185
392.185
392.185
392.185
392.185
392.185
392.185
392.185
392.185
392.185
392.185
392.185
392.185
0.177303
0.177303
0.177303
0.177303
0.177303
0.177302
0.177301
0.177299
0.177297
0.177295
0.177304
0.177304
0.177304
0.177304
0.177304
0.177303
0.177302
0.1773
0.177299
0.177297
0.177307
0.177307
0.177307
0.177307
0.177306
0.177305
0.177304
0.177303
0.177302
0.177301
0.17731
0.17731
0.17731
0.177309
0.177308
0.177308
0.177307
0.177306
0.177306
0.177306
0.177313
0.177313
0.177313
0.177312
0.177311
0.17731
0.17731
0.17731
0.177311
0.177311
0.177315
0.177315
0.177314
0.177314
0.177313
0.177312
0.177312
0.177313
0.177314
0.177316
0.177316
0.177316
0.177315
0.177314
0.177314
0.177314
0.177314
0.177315
0.177317
0.177318
0.177316
0.177315
0.177315
0.177314
0.177314
0.177314
0.177315
0.177316
0.177318
0.177319
0.177315
0.177315
0.177314
0.177314
0.177314
0.177315
0.177316
0.177317
0.177318
0.177319
0.177314
0.177314
0.177314
0.177314
0.177315
0.177316
0.177317
0.177318
0.177319
0.17732
0.177314
0.177314
0.177315
0.177315
0.177316
0.177317
0.177319
0.17732
0.177321
0.177321
0.177315
0.177316
0.177316
0.177318
0.177319
0.17732
0.177322
0.177323
0.177323
0.177324
392.185
392.185
392.185
392.185
392.185
392.185
392.185
392.185
392.185
392.185
392.185
392.185
392.185
392.185
392.185
392.185
392.185
392.185
392.185
392.185
392.185
392.185
392.185
392.185
392.185
392.185
392.185
392.185
392.185
392.185
392.185
392.185
392.185
392.185
392.185
392.185
392.185
392.185
392.185
392.185
392.185
392.185
392.185
392.185
392.185
392.185
392.185
392.185
392.185
392.185
392.185
392.185
392.185
392.185
392.185
392.185
392.185
392.185
392.185
392.185
392.185
392.185
392.185
392.185
392.185
392.185
392.185
392.185
392.185
392.185
392.185
392.185
392.185
392.185
392.185
392.185
392.185
392.185
392.185
392.185
0.177302
0.177302
0.177301
0.177301
0.177301
0.177301
0.177299
0.177298
0.177297
0.177295
0.177303
0.177303
0.177303
0.177303
0.177303
0.177302
0.177301
0.177299
0.177298
0.177297
0.177306
0.177306
0.177306
0.177306
0.177305
0.177304
0.177303
0.177302
0.177301
0.177301
0.17731
0.17731
0.17731
0.177309
0.177308
0.177307
0.177306
0.177306
0.177306
0.177306
0.177313
0.177313
0.177313
0.177312
0.177311
0.17731
0.17731
0.17731
0.17731
0.177311
0.177316
0.177316
0.177315
0.177314
0.177313
0.177312
0.177312
0.177313
0.177313
0.177315
0.177317
0.177316
0.177316
0.177315
0.177314
0.177314
0.177314
0.177315
0.177316
0.177317
0.177316
0.177316
0.177315
0.177315
0.177314
0.177314
0.177315
0.177316
0.177317
0.177318
0.177315
0.177314
0.177314
0.177314
0.177314
0.177315
0.177315
0.177316
0.177318
0.177319
0.177313
0.177313
0.177313
0.177313
0.177314
0.177315
0.177317
0.177318
0.177319
0.17732
0.177313
0.177313
0.177313
0.177314
0.177316
0.177317
0.177319
0.17732
0.177321
0.177322
0.177314
0.177314
0.177315
0.177317
0.177318
0.17732
0.177322
0.177323
0.177324
0.177325
392.185
392.185
392.185
392.185
392.185
392.185
392.185
392.185
392.185
392.185
392.185
392.185
392.185
392.185
392.185
392.185
392.185
392.185
392.185
392.185
392.185
392.185
392.185
392.185
392.185
392.185
392.185
392.185
392.185
392.185
392.185
392.185
392.185
392.185
392.185
392.185
392.185
392.185
392.185
392.185
392.185
392.185
392.185
392.185
392.185
392.185
392.185
392.185
392.185
392.185
392.185
392.185
392.185
392.185
392.185
392.185
392.185
392.185
392.185
392.185
392.185
392.185
392.185
392.185
392.185
392.185
392.185
392.185
392.185
392.185
392.185
392.185
392.185
392.185
392.185
392.185
392.185
392.185
392.185
392.185
0.1773
0.1773
0.1773
0.1773
0.1773
0.1773
0.177299
0.177298
0.177297
0.177296
0.177302
0.177302
0.177302
0.177302
0.177302
0.177301
0.1773
0.177299
0.177298
0.177297
0.177305
0.177305
0.177305
0.177305
0.177304
0.177304
0.177303
0.177302
0.177301
0.177301
0.17731
0.17731
0.177309
0.177309
0.177308
0.177307
0.177306
0.177306
0.177305
0.177306
0.177314
0.177314
0.177313
0.177312
0.177311
0.17731
0.17731
0.177309
0.17731
0.17731
0.177317
0.177317
0.177316
0.177315
0.177314
0.177313
0.177312
0.177312
0.177313
0.177314
0.177317
0.177317
0.177316
0.177315
0.177315
0.177314
0.177314
0.177314
0.177315
0.177316
0.177317
0.177316
0.177316
0.177315
0.177314
0.177314
0.177315
0.177315
0.177316
0.177317
0.177315
0.177314
0.177314
0.177314
0.177314
0.177314
0.177315
0.177316
0.177317
0.177318
0.177313
0.177312
0.177312
0.177313
0.177314
0.177315
0.177316
0.177318
0.177319
0.17732
0.177312
0.177312
0.177312
0.177313
0.177315
0.177317
0.177319
0.17732
0.177321
0.177322
0.177312
0.177312
0.177314
0.177316
0.177318
0.17732
0.177322
0.177323
0.177324
0.177325
392.185
392.185
392.185
392.185
392.185
392.185
392.185
392.185
392.185
392.185
392.185
392.185
392.185
392.185
392.185
392.185
392.185
392.185
392.185
392.185
392.185
392.185
392.185
392.185
392.185
392.185
392.185
392.185
392.185
392.185
392.185
392.185
392.185
392.185
392.185
392.185
392.185
392.185
392.185
392.185
392.185
392.185
392.185
392.185
392.185
392.185
392.185
392.185
392.185
392.185
392.185
392.185
392.185
392.185
392.185
392.185
392.185
392.185
392.185
392.185
392.185
392.185
392.185
392.185
392.185
392.185
392.185
392.185
392.185
392.185
392.185
392.185
392.185
392.185
392.185
392.185
392.185
392.185
392.185
392.185
0.177299
0.177299
0.177299
0.177299
0.177299
0.177299
0.177298
0.177297
0.177297
0.177296
0.177301
0.1773
0.177301
0.177301
0.177301
0.1773
0.1773
0.177299
0.177298
0.177298
0.177304
0.177305
0.177305
0.177304
0.177304
0.177303
0.177302
0.177302
0.177302
0.177302
0.17731
0.17731
0.177309
0.177309
0.177308
0.177307
0.177306
0.177306
0.177306
0.177306
0.177314
0.177314
0.177314
0.177313
0.177312
0.177311
0.17731
0.17731
0.17731
0.17731
0.177317
0.177317
0.177317
0.177316
0.177314
0.177313
0.177313
0.177312
0.177313
0.177313
0.177318
0.177318
0.177317
0.177316
0.177315
0.177315
0.177314
0.177314
0.177315
0.177315
0.177317
0.177317
0.177316
0.177316
0.177315
0.177315
0.177315
0.177315
0.177316
0.177316
0.177315
0.177314
0.177314
0.177314
0.177314
0.177315
0.177316
0.177316
0.177317
0.177317
0.177312
0.177312
0.177312
0.177313
0.177314
0.177315
0.177316
0.177318
0.177318
0.177319
0.177311
0.177311
0.177311
0.177313
0.177315
0.177317
0.177318
0.17732
0.177321
0.177321
0.177311
0.177311
0.177312
0.177314
0.177317
0.177319
0.177321
0.177322
0.177324
0.177324
392.185
392.185
392.185
392.185
392.185
392.185
392.185
392.185
392.185
392.185
392.185
392.185
392.185
392.185
392.185
392.185
392.185
392.185
392.185
392.185
392.185
392.185
392.185
392.185
392.185
392.185
392.185
392.185
392.185
392.185
392.185
392.185
392.185
392.185
392.185
392.185
392.185
392.185
392.185
392.185
392.185
392.185
392.185
392.185
392.185
392.185
392.185
392.185
392.185
392.185
392.185
392.185
392.185
392.185
392.185
392.185
392.185
392.185
392.185
392.185
392.185
392.185
392.185
392.185
392.185
392.185
392.185
392.185
392.185
392.185
392.185
392.185
392.185
392.185
392.185
392.185
392.185
392.185
392.185
392.185
0.177298
0.177298
0.177298
0.177298
0.177298
0.177298
0.177298
0.177298
0.177297
0.177297
0.1773
0.1773
0.1773
0.1773
0.1773
0.1773
0.1773
0.177299
0.177299
0.177299
0.177304
0.177304
0.177304
0.177304
0.177304
0.177303
0.177303
0.177302
0.177302
0.177302
0.177309
0.17731
0.177309
0.177309
0.177308
0.177307
0.177307
0.177306
0.177306
0.177306
0.177315
0.177315
0.177314
0.177313
0.177312
0.177311
0.17731
0.17731
0.17731
0.17731
0.177318
0.177318
0.177317
0.177316
0.177315
0.177314
0.177313
0.177313
0.177313
0.177314
0.177319
0.177319
0.177318
0.177317
0.177316
0.177316
0.177315
0.177315
0.177315
0.177315
0.177318
0.177318
0.177317
0.177317
0.177316
0.177316
0.177316
0.177316
0.177316
0.177316
0.177315
0.177315
0.177315
0.177315
0.177315
0.177315
0.177316
0.177316
0.177317
0.177317
0.177312
0.177312
0.177312
0.177313
0.177314
0.177315
0.177316
0.177317
0.177318
0.177318
0.17731
0.17731
0.177311
0.177312
0.177314
0.177316
0.177318
0.177319
0.17732
0.17732
0.177309
0.17731
0.177311
0.177313
0.177315
0.177317
0.177319
0.177321
0.177322
0.177322
392.185
392.185
392.185
392.185
392.185
392.185
392.185
392.185
392.185
392.185
392.185
392.185
392.185
392.185
392.185
392.185
392.185
392.185
392.185
392.185
392.185
392.185
392.185
392.185
392.185
392.185
392.185
392.185
392.185
392.185
392.185
392.185
392.185
392.185
392.185
392.185
392.185
392.185
392.185
392.185
392.185
392.185
392.185
392.185
392.185
392.185
392.185
392.185
392.185
392.185
392.185
392.185
392.185
392.185
392.185
392.185
392.185
392.185
392.185
392.185
392.185
392.185
392.185
392.185
392.185
392.185
392.185
392.185
392.185
392.185
392.185
392.185
392.185
392.185
392.185
392.185
392.185
392.185
392.185
392.185
0.177297
0.177297
0.177297
0.177298
0.177298
0.177298
0.177298
0.177298
0.177298
0.177298
0.177299
0.177299
0.1773
0.1773
0.1773
0.1773
0.1773
0.1773
0.1773
0.177299
0.177304
0.177304
0.177304
0.177304
0.177304
0.177304
0.177303
0.177303
0.177303
0.177303
0.17731
0.17731
0.17731
0.177309
0.177308
0.177308
0.177307
0.177307
0.177307
0.177307
0.177315
0.177315
0.177315
0.177314
0.177313
0.177312
0.177311
0.177311
0.177311
0.177311
0.177319
0.177319
0.177318
0.177317
0.177316
0.177315
0.177314
0.177314
0.177314
0.177315
0.17732
0.17732
0.177319
0.177318
0.177317
0.177317
0.177316
0.177316
0.177316
0.177316
0.177319
0.177319
0.177318
0.177318
0.177317
0.177317
0.177317
0.177317
0.177317
0.177317
0.177316
0.177316
0.177316
0.177316
0.177316
0.177316
0.177316
0.177317
0.177317
0.177317
0.177313
0.177313
0.177313
0.177313
0.177314
0.177315
0.177316
0.177317
0.177317
0.177317
0.17731
0.17731
0.177311
0.177312
0.177313
0.177315
0.177316
0.177317
0.177318
0.177318
0.177308
0.177309
0.17731
0.177312
0.177314
0.177316
0.177317
0.177318
0.177319
0.177319
392.185
392.185
392.185
392.185
392.185
392.185
392.185
392.185
392.185
392.185
392.185
392.185
392.185
392.185
392.185
392.185
392.185
392.185
392.185
392.185
392.185
392.185
392.185
392.185
392.185
392.185
392.185
392.185
392.185
392.185
392.185
392.185
392.185
392.185
392.185
392.185
392.185
392.185
392.185
392.185
392.185
392.185
392.185
392.185
392.185
392.185
392.185
392.185
392.185
392.185
392.185
392.185
392.185
392.185
392.185
392.185
392.185
392.185
392.185
392.185
392.185
392.185
392.185
392.185
392.185
392.185
392.185
392.185
392.185
392.185
392.185
392.185
392.185
392.185
392.185
392.185
392.185
392.185
392.185
392.185
0.177298
0.177297
0.177298
0.177298
0.177298
0.177299
0.177299
0.177298
0.177298
0.177299
0.177299
0.1773
0.1773
0.1773
0.1773
0.1773
0.1773
0.1773
0.1773
0.1773
0.177304
0.177304
0.177304
0.177304
0.177304
0.177304
0.177304
0.177303
0.177303
0.177304
0.17731
0.17731
0.17731
0.177309
0.177309
0.177308
0.177308
0.177308
0.177308
0.177308
0.177315
0.177315
0.177315
0.177314
0.177314
0.177313
0.177312
0.177312
0.177312
0.177313
0.177319
0.177319
0.177319
0.177318
0.177317
0.177316
0.177316
0.177316
0.177316
0.177316
0.177321
0.177321
0.17732
0.17732
0.177319
0.177318
0.177318
0.177317
0.177318
0.177318
0.17732
0.17732
0.17732
0.177319
0.177318
0.177318
0.177318
0.177318
0.177318
0.177318
0.177317
0.177317
0.177317
0.177317
0.177317
0.177317
0.177317
0.177317
0.177317
0.177317
0.177314
0.177313
0.177314
0.177314
0.177315
0.177315
0.177316
0.177316
0.177316
0.177316
0.17731
0.17731
0.177311
0.177312
0.177313
0.177314
0.177315
0.177315
0.177316
0.177315
0.177308
0.177308
0.177309
0.17731
0.177312
0.177313
0.177315
0.177315
0.177316
0.177316
392.185
392.185
392.185
392.185
392.185
392.185
392.185
392.185
392.185
392.185
392.185
392.185
392.185
392.185
392.185
392.185
392.185
392.185
392.185
392.185
392.185
392.185
392.185
392.185
392.185
392.185
392.185
392.185
392.185
392.185
392.185
392.185
392.185
392.185
392.185
392.185
392.185
392.185
392.185
392.185
392.185
392.185
392.185
392.185
392.185
392.185
392.185
392.185
392.185
392.185
392.185
392.185
392.185
392.185
392.185
392.185
392.185
392.185
392.185
392.185
392.185
392.185
392.185
392.185
392.185
392.185
392.185
392.185
392.185
392.185
392.185
392.185
392.185
392.185
392.185
392.185
392.185
392.185
392.185
392.185
0.177298
0.177298
0.177298
0.177299
0.177299
0.177299
0.177299
0.177299
0.177299
0.177299
0.1773
0.1773
0.1773
0.177301
0.177301
0.177301
0.177301
0.177301
0.177301
0.177301
0.177304
0.177304
0.177304
0.177305
0.177305
0.177304
0.177304
0.177304
0.177304
0.177304
0.17731
0.17731
0.17731
0.17731
0.177309
0.177309
0.177309
0.177309
0.177309
0.177309
0.177315
0.177315
0.177315
0.177315
0.177314
0.177314
0.177313
0.177313
0.177314
0.177314
0.177319
0.177319
0.177319
0.177319
0.177318
0.177317
0.177317
0.177317
0.177317
0.177318
0.177321
0.177322
0.177321
0.177321
0.17732
0.177319
0.177319
0.177319
0.177319
0.177319
0.177321
0.177321
0.177321
0.17732
0.17732
0.177319
0.177319
0.177319
0.177319
0.177319
0.177319
0.177319
0.177318
0.177318
0.177318
0.177317
0.177317
0.177317
0.177317
0.177316
0.177315
0.177315
0.177315
0.177315
0.177315
0.177315
0.177315
0.177315
0.177315
0.177314
0.17731
0.17731
0.177311
0.177311
0.177312
0.177313
0.177313
0.177314
0.177314
0.177313
0.177307
0.177307
0.177308
0.177309
0.17731
0.177311
0.177312
0.177313
0.177313
0.177313
392.185
392.185
392.185
392.185
392.185
392.185
392.185
392.185
392.185
392.185
392.185
392.185
392.185
392.185
392.185
392.185
392.185
392.185
392.185
392.185
392.185
392.185
392.185
392.185
392.185
392.185
392.185
392.185
392.185
392.185
392.185
392.185
392.185
392.185
392.185
392.185
392.185
392.185
392.185
392.185
392.185
392.185
392.185
392.185
392.185
392.185
392.185
392.185
392.185
392.185
392.185
392.185
392.185
392.185
392.185
392.185
392.185
392.185
392.185
392.185
392.185
392.185
392.185
392.185
392.185
392.185
392.185
392.185
392.185
392.185
392.185
392.185
392.185
392.185
392.185
392.185
392.185
392.185
392.185
392.185
0.177299
0.177299
0.177299
0.177299
0.1773
0.1773
0.1773
0.177299
0.177299
0.177299
0.177301
0.177301
0.177301
0.177301
0.177301
0.177301
0.177301
0.177301
0.177301
0.177301
0.177305
0.177305
0.177305
0.177305
0.177305
0.177305
0.177305
0.177305
0.177305
0.177305
0.177309
0.17731
0.17731
0.17731
0.17731
0.17731
0.17731
0.17731
0.17731
0.17731
0.177315
0.177315
0.177315
0.177315
0.177315
0.177315
0.177315
0.177315
0.177315
0.177315
0.177319
0.177319
0.177319
0.177319
0.177319
0.177318
0.177318
0.177318
0.177319
0.177319
0.177322
0.177322
0.177322
0.177321
0.177321
0.17732
0.17732
0.17732
0.17732
0.177321
0.177322
0.177322
0.177322
0.177321
0.177321
0.17732
0.17732
0.177319
0.177319
0.177319
0.17732
0.17732
0.17732
0.177319
0.177318
0.177318
0.177317
0.177317
0.177317
0.177316
0.177316
0.177316
0.177315
0.177315
0.177315
0.177315
0.177315
0.177314
0.177314
0.177313
0.177311
0.177311
0.177311
0.177311
0.177312
0.177312
0.177312
0.177312
0.177312
0.177312
0.177307
0.177307
0.177307
0.177308
0.177309
0.177309
0.17731
0.177311
0.177311
0.177312
392.185
392.185
392.185
392.185
392.185
392.185
392.185
392.185
392.185
392.185
392.185
392.185
392.185
392.185
392.185
392.185
392.185
392.185
392.185
392.185
392.185
392.185
392.185
392.185
392.185
392.185
392.185
392.185
392.185
392.185
392.185
392.185
392.185
392.185
392.185
392.185
392.185
392.185
392.185
392.185
392.185
392.185
392.185
392.185
392.185
392.185
392.185
392.185
392.185
392.185
392.185
392.185
392.185
392.185
392.185
392.185
392.185
392.185
392.185
392.185
392.185
392.185
392.185
392.185
392.185
392.185
392.185
392.185
392.185
392.185
392.185
392.185
392.185
392.185
392.185
392.185
392.185
392.185
392.185
392.185
0.1773
0.1773
0.1773
0.1773
0.1773
0.1773
0.1773
0.1773
0.1773
0.1773
0.177301
0.177301
0.177301
0.177302
0.177302
0.177302
0.177302
0.177302
0.177302
0.177302
0.177305
0.177305
0.177305
0.177305
0.177305
0.177306
0.177306
0.177305
0.177306
0.177306
0.177309
0.17731
0.17731
0.17731
0.17731
0.17731
0.17731
0.17731
0.177311
0.177311
0.177315
0.177315
0.177315
0.177315
0.177315
0.177315
0.177315
0.177315
0.177316
0.177317
0.177319
0.17732
0.17732
0.17732
0.177319
0.177319
0.177319
0.177319
0.177319
0.17732
0.177322
0.177323
0.177322
0.177322
0.177322
0.177321
0.177321
0.17732
0.177321
0.177321
0.177323
0.177323
0.177323
0.177322
0.177321
0.177321
0.17732
0.17732
0.177319
0.17732
0.177321
0.177321
0.17732
0.17732
0.177319
0.177318
0.177317
0.177317
0.177317
0.177316
0.177317
0.177316
0.177316
0.177316
0.177315
0.177315
0.177314
0.177314
0.177313
0.177313
0.177311
0.177311
0.177311
0.177311
0.177311
0.177311
0.177311
0.177311
0.177311
0.177311
0.177306
0.177306
0.177306
0.177307
0.177307
0.177308
0.177309
0.177309
0.17731
0.177311
392.185
392.185
392.185
392.185
392.185
392.185
392.185
392.185
392.185
392.185
392.185
392.185
392.185
392.185
392.185
392.185
392.185
392.185
392.185
392.185
392.185
392.185
392.185
392.185
392.185
392.185
392.185
392.185
392.185
392.185
392.185
392.185
392.185
392.185
392.185
392.185
392.185
392.185
392.185
392.185
392.185
392.185
392.185
392.185
392.185
392.185
392.185
392.185
392.185
392.185
392.185
392.185
392.185
392.185
392.185
392.185
392.185
392.185
392.185
392.185
392.185
392.185
392.185
392.185
392.185
392.185
392.185
392.185
392.185
392.185
392.185
392.185
392.185
392.185
392.185
392.185
392.185
392.185
392.185
392.185
0.177301
0.1773
0.1773
0.177301
0.177301
0.177301
0.177301
0.177302
0.1773
0.1773
0.177302
0.177302
0.177302
0.177302
0.177302
0.177303
0.177303
0.177303
0.177302
0.177302
0.177305
0.177305
0.177305
0.177306
0.177306
0.177306
0.177306
0.177306
0.177306
0.177306
0.177309
0.17731
0.17731
0.17731
0.177311
0.177311
0.177311
0.177311
0.177311
0.177312
0.177314
0.177315
0.177315
0.177315
0.177316
0.177316
0.177316
0.177316
0.177316
0.177317
0.177319
0.17732
0.17732
0.17732
0.17732
0.17732
0.177319
0.177319
0.17732
0.177321
0.177322
0.177323
0.177323
0.177322
0.177322
0.177321
0.177321
0.177321
0.177321
0.177322
0.177323
0.177324
0.177323
0.177322
0.177322
0.177321
0.17732
0.17732
0.17732
0.17732
0.177321
0.177321
0.177321
0.17732
0.177319
0.177318
0.177317
0.177317
0.177316
0.177316
0.177317
0.177317
0.177316
0.177316
0.177315
0.177314
0.177314
0.177314
0.177313
0.177313
0.177311
0.177311
0.177311
0.177311
0.17731
0.17731
0.177311
0.177311
0.177311
0.177311
0.177306
0.177306
0.177306
0.177306
0.177307
0.177307
0.177308
0.177309
0.17731
0.17731
392.185
392.185
392.185
392.185
392.185
392.185
392.185
392.185
392.185
392.185
392.185
392.185
392.185
392.185
392.185
392.185
392.185
392.185
392.185
392.185
392.185
392.185
392.185
392.185
392.185
392.185
392.185
392.185
392.185
392.185
392.185
392.185
392.185
392.185
392.185
392.185
392.185
392.185
392.185
392.185
392.185
392.185
392.185
392.185
392.185
392.185
392.185
392.185
392.185
392.185
392.185
392.185
392.185
392.185
392.185
392.185
392.185
392.185
392.185
392.185
392.185
392.185
392.185
392.185
392.185
392.185
392.185
392.185
392.185
392.185
392.185
392.185
392.185
392.185
392.185
392.185
392.185
392.185
392.185
392.185
0.177301
0.177301
0.177301
0.177301
0.177301
0.177301
0.177301
0.177331
0.177301
0.1773
0.177302
0.177302
0.177302
0.177303
0.177303
0.177303
0.177303
0.177303
0.177303
0.177302
0.177305
0.177305
0.177306
0.177306
0.177306
0.177307
0.177307
0.177306
0.177307
0.177306
0.17731
0.17731
0.17731
0.177311
0.177311
0.177311
0.177311
0.177311
0.177312
0.177312
0.177314
0.177315
0.177315
0.177316
0.177316
0.177316
0.177316
0.177316
0.177317
0.177317
0.177319
0.17732
0.17732
0.17732
0.17732
0.17732
0.177319
0.177319
0.17732
0.177321
0.177322
0.177323
0.177323
0.177322
0.177322
0.177321
0.177321
0.177321
0.177321
0.177322
0.177323
0.177323
0.177323
0.177322
0.177321
0.17732
0.17732
0.177319
0.177319
0.17732
0.177321
0.177321
0.17732
0.17732
0.177319
0.177318
0.177317
0.177317
0.177316
0.177316
0.177317
0.177317
0.177316
0.177315
0.177315
0.177314
0.177314
0.177313
0.177313
0.177313
0.177311
0.177311
0.177311
0.17731
0.17731
0.17731
0.17731
0.177311
0.177311
0.177312
0.177306
0.177305
0.177305
0.177306
0.177306
0.177307
0.177308
0.177309
0.17731
0.177311
0.177313
0.177313
0.177314
0.177315
0.177316
0.177317
0.177318
0.177319
0.17732
0.177321
0.177309
0.177309
0.17731
0.177312
0.177313
0.177315
0.177317
0.177318
0.177319
0.17732
0.177303
0.177304
0.177305
0.177307
0.177309
0.177312
0.177314
0.177316
0.177317
0.177318
0.177296
0.177297
0.177299
0.177301
0.177304
0.177307
0.177309
0.177312
0.177313
0.177314
0.177288
0.177289
0.177291
0.177294
0.177297
0.1773
0.177304
0.177306
0.177309
0.17731
0.177277
0.177278
0.177281
0.177284
0.177288
0.177293
0.177297
0.177301
0.177304
0.177305
0.177263
0.177265
0.177268
0.177273
0.177279
0.177285
0.17729
0.177295
0.177299
0.177301
0.177246
0.177249
0.177254
0.17726
0.177268
0.177276
0.177283
0.17729
0.177295
0.177297
0.177225
0.177228
0.177235
0.177244
0.177254
0.177265
0.177275
0.177284
0.17729
0.177293
0.177196
0.177201
0.17721
0.177222
0.177236
0.17725
0.177264
0.177276
0.177285
0.177289
0.177158
0.177164
0.177176
0.177192
0.177211
0.177231
0.177251
0.177267
0.177279
0.177285
0.177107
0.177115
0.177131
0.177153
0.177179
0.177206
0.177233
0.177256
0.177272
0.177281
0.177039
0.17705
0.177071
0.177101
0.177136
0.177174
0.17721
0.177241
0.177264
0.177276
0.176948
0.176963
0.176992
0.177033
0.177081
0.177133
0.177181
0.177223
0.177253
0.177268
0.176828
0.176849
0.176888
0.176943
0.177009
0.177078
0.177143
0.177198
0.177238
0.177259
0.176669
0.176696
0.17675
0.176824
0.176911
0.177003
0.177091
0.177165
0.177219
0.177248
0.176454
0.176492
0.176563
0.176662
0.176779
0.176902
0.177019
0.177118
0.177191
0.177231
0.176167
0.176217
0.176312
0.176444
0.176599
0.176763
0.176919
0.177052
0.17715
0.177203
0.175781
0.175847
0.175974
0.176148
0.176355
0.176572
0.17678
0.176957
0.177087
0.177156
0.175263
0.17535
0.175518
0.175749
0.176023
0.176311
0.176586
0.176821
0.176993
0.177085
0.177314
0.177314
0.177314
0.177315
0.177316
0.177317
0.177318
0.177319
0.17732
0.177321
0.177309
0.17731
0.177311
0.177312
0.177314
0.177316
0.177317
0.177318
0.177319
0.17732
0.177304
0.177305
0.177306
0.177308
0.177311
0.177313
0.177315
0.177316
0.177317
0.177318
0.177298
0.177298
0.1773
0.177303
0.177305
0.177308
0.17731
0.177312
0.177314
0.177315
0.177289
0.17729
0.177292
0.177295
0.177298
0.177302
0.177305
0.177308
0.17731
0.177311
0.177278
0.177279
0.177282
0.177286
0.17729
0.177294
0.177299
0.177303
0.177306
0.177307
0.177265
0.177267
0.17727
0.177275
0.177281
0.177287
0.177293
0.177298
0.177302
0.177304
0.177249
0.177252
0.177256
0.177263
0.17727
0.177279
0.177286
0.177293
0.177298
0.177301
0.177228
0.177232
0.177238
0.177247
0.177258
0.177269
0.177279
0.177288
0.177294
0.177297
0.177201
0.177206
0.177214
0.177226
0.17724
0.177255
0.17727
0.177282
0.17729
0.177295
0.177164
0.177171
0.177182
0.177198
0.177218
0.177238
0.177257
0.177274
0.177286
0.177292
0.177115
0.177123
0.177139
0.177161
0.177188
0.177215
0.177242
0.177265
0.177282
0.177291
0.17705
0.177061
0.177083
0.177113
0.177149
0.177187
0.177223
0.177254
0.177277
0.177288
0.176964
0.176979
0.177008
0.177049
0.177098
0.17715
0.177199
0.177241
0.17727
0.177286
0.176849
0.17687
0.17691
0.176966
0.177032
0.177101
0.177167
0.177223
0.177263
0.177284
0.176697
0.176725
0.176779
0.176854
0.176942
0.177035
0.177123
0.177198
0.177253
0.177283
0.176492
0.17653
0.176603
0.176703
0.176821
0.176945
0.177063
0.177164
0.177239
0.177279
0.176217
0.176268
0.176364
0.176498
0.176656
0.176822
0.17698
0.177115
0.177215
0.177268
0.175847
0.175915
0.176043
0.176221
0.176431
0.176652
0.176864
0.177044
0.177176
0.177247
0.175351
0.17544
0.175611
0.175847
0.176126
0.17642
0.176701
0.176941
0.177116
0.177209
0.177314
0.177315
0.177315
0.177316
0.177317
0.177318
0.177319
0.17732
0.17732
0.17732
0.177311
0.177312
0.177313
0.177314
0.177316
0.177317
0.177318
0.177319
0.17732
0.17732
0.177306
0.177307
0.177308
0.17731
0.177312
0.177314
0.177316
0.177317
0.177318
0.177319
0.1773
0.177301
0.177302
0.177305
0.177308
0.17731
0.177312
0.177314
0.177316
0.177317
0.177291
0.177293
0.177295
0.177298
0.177301
0.177304
0.177308
0.17731
0.177313
0.177314
0.177281
0.177283
0.177285
0.177289
0.177293
0.177298
0.177302
0.177307
0.17731
0.177312
0.177269
0.177271
0.177274
0.177279
0.177285
0.177291
0.177297
0.177303
0.177307
0.17731
0.177254
0.177256
0.177261
0.177268
0.177276
0.177284
0.177292
0.177299
0.177305
0.177308
0.177235
0.177238
0.177245
0.177254
0.177265
0.177276
0.177287
0.177296
0.177303
0.177306
0.17721
0.177215
0.177223
0.177236
0.17725
0.177265
0.17728
0.177292
0.177301
0.177305
0.177177
0.177183
0.177195
0.177211
0.17723
0.177251
0.177271
0.177288
0.1773
0.177306
0.177132
0.17714
0.177156
0.177178
0.177205
0.177233
0.17726
0.177283
0.1773
0.177309
0.177073
0.177084
0.177106
0.177136
0.177173
0.177211
0.177248
0.177279
0.177301
0.177313
0.176994
0.177009
0.177039
0.177081
0.177131
0.177183
0.177233
0.177274
0.177304
0.17732
0.17689
0.176911
0.176952
0.177009
0.177076
0.177146
0.177213
0.177269
0.17731
0.177331
0.176751
0.17678
0.176835
0.176911
0.177002
0.177096
0.177186
0.177263
0.177318
0.177348
0.176564
0.176603
0.176677
0.17678
0.176901
0.177028
0.177149
0.177252
0.177328
0.17737
0.176313
0.176365
0.176464
0.176602
0.176764
0.176934
0.177097
0.177236
0.177339
0.177394
0.175974
0.176044
0.176176
0.17636
0.176577
0.176806
0.177024
0.177211
0.177347
0.17742
0.175518
0.175611
0.175788
0.176034
0.176323
0.176629
0.176921
0.177171
0.177353
0.177449
0.177316
0.177316
0.177317
0.177317
0.177318
0.177319
0.17732
0.17732
0.17732
0.17732
0.177313
0.177314
0.177315
0.177316
0.177317
0.177319
0.17732
0.17732
0.17732
0.17732
0.177309
0.17731
0.177311
0.177313
0.177315
0.177317
0.177318
0.177319
0.17732
0.17732
0.177303
0.177304
0.177306
0.177308
0.177311
0.177313
0.177316
0.177317
0.177319
0.177319
0.177295
0.177296
0.177298
0.177301
0.177305
0.177308
0.177312
0.177315
0.177317
0.177318
0.177286
0.177287
0.17729
0.177294
0.177298
0.177303
0.177308
0.177312
0.177315
0.177317
0.177274
0.177276
0.17728
0.177285
0.177291
0.177298
0.177304
0.17731
0.177314
0.177317
0.177261
0.177263
0.177268
0.177275
0.177283
0.177292
0.1773
0.177308
0.177314
0.177317
0.177244
0.177247
0.177254
0.177263
0.177274
0.177286
0.177297
0.177307
0.177314
0.177318
0.177222
0.177227
0.177236
0.177248
0.177263
0.177278
0.177293
0.177306
0.177315
0.17732
0.177193
0.1772
0.177212
0.177228
0.177248
0.177269
0.177289
0.177306
0.177319
0.177325
0.177155
0.177163
0.17718
0.177202
0.177229
0.177258
0.177285
0.177309
0.177325
0.177334
0.177104
0.177115
0.177138
0.177169
0.177206
0.177245
0.177282
0.177313
0.177336
0.177347
0.177036
0.177052
0.177083
0.177125
0.177175
0.177229
0.177279
0.177322
0.177352
0.177368
0.176946
0.176968
0.17701
0.177068
0.177136
0.177208
0.177276
0.177334
0.177376
0.177398
0.176826
0.176855
0.176912
0.176991
0.177083
0.17718
0.177273
0.177351
0.177409
0.17744
0.176664
0.176704
0.176781
0.176886
0.177011
0.177142
0.177267
0.177374
0.177453
0.177495
0.176445
0.176499
0.176602
0.176745
0.176913
0.17709
0.177259
0.177403
0.17751
0.177567
0.176149
0.176222
0.17636
0.176552
0.176779
0.177018
0.177246
0.177441
0.177584
0.177661
0.17575
0.175847
0.176034
0.176292
0.176597
0.176919
0.177226
0.177489
0.177681
0.177784
0.177317
0.177317
0.177318
0.177319
0.177319
0.17732
0.177321
0.177321
0.17732
0.17732
0.177315
0.177316
0.177317
0.177318
0.177319
0.177321
0.177321
0.177322
0.177322
0.177321
0.177312
0.177312
0.177314
0.177316
0.177318
0.17732
0.177321
0.177322
0.177322
0.177322
0.177306
0.177307
0.177309
0.177312
0.177314
0.177317
0.177319
0.177321
0.177322
0.177322
0.177299
0.177301
0.177303
0.177306
0.17731
0.177313
0.177317
0.177319
0.177321
0.177322
0.177291
0.177292
0.177295
0.177299
0.177304
0.177309
0.177314
0.177318
0.177321
0.177323
0.177281
0.177282
0.177286
0.177292
0.177298
0.177305
0.177311
0.177317
0.177321
0.177324
0.177269
0.177271
0.177277
0.177284
0.177292
0.177301
0.17731
0.177317
0.177323
0.177326
0.177255
0.177258
0.177265
0.177275
0.177286
0.177297
0.177309
0.177319
0.177326
0.17733
0.177237
0.177242
0.177251
0.177263
0.177278
0.177294
0.177309
0.177322
0.177332
0.177337
0.177213
0.17722
0.177232
0.177249
0.177269
0.17729
0.177311
0.177328
0.177341
0.177347
0.177182
0.177191
0.177207
0.17723
0.177258
0.177287
0.177315
0.177339
0.177356
0.177364
0.177141
0.177153
0.177175
0.177207
0.177244
0.177284
0.177322
0.177354
0.177377
0.177389
0.177086
0.177102
0.177133
0.177177
0.177228
0.177283
0.177334
0.177378
0.177409
0.177426
0.177012
0.177035
0.177078
0.177137
0.177208
0.177281
0.177351
0.177411
0.177454
0.177477
0.176914
0.176945
0.177003
0.177084
0.17718
0.17728
0.177375
0.177456
0.177516
0.177548
0.176781
0.176822
0.176902
0.177012
0.177141
0.177277
0.177407
0.177518
0.177599
0.177643
0.1766
0.176657
0.176764
0.176913
0.177089
0.177274
0.17745
0.177601
0.177712
0.177772
0.176355
0.176432
0.176578
0.176779
0.177018
0.177269
0.177509
0.177714
0.177864
0.177945
0.176024
0.176127
0.176324
0.176597
0.17692
0.177262
0.177588
0.177866
0.178071
0.178181
0.177318
0.177318
0.177319
0.17732
0.177321
0.177321
0.177322
0.177322
0.177321
0.177321
0.177317
0.177317
0.177319
0.17732
0.177321
0.177323
0.177323
0.177324
0.177323
0.177323
0.177314
0.177315
0.177317
0.177319
0.177321
0.177323
0.177324
0.177325
0.177325
0.177325
0.17731
0.177311
0.177313
0.177316
0.177318
0.177321
0.177323
0.177325
0.177326
0.177326
0.177304
0.177305
0.177308
0.177311
0.177315
0.177318
0.177322
0.177324
0.177326
0.177327
0.177296
0.177298
0.177301
0.177305
0.17731
0.177315
0.17732
0.177324
0.177327
0.177328
0.177288
0.17729
0.177293
0.177299
0.177305
0.177312
0.177318
0.177324
0.177328
0.177331
0.177278
0.17728
0.177286
0.177293
0.177301
0.17731
0.177319
0.177326
0.177332
0.177335
0.177267
0.17727
0.177277
0.177286
0.177298
0.177309
0.177321
0.177331
0.177338
0.177342
0.177253
0.177258
0.177267
0.177279
0.177294
0.17731
0.177326
0.177339
0.177349
0.177354
0.177235
0.177241
0.177254
0.17727
0.177291
0.177313
0.177334
0.177352
0.177364
0.177371
0.177211
0.17722
0.177237
0.17726
0.177288
0.177318
0.177346
0.17737
0.177388
0.177397
0.17718
0.177192
0.177215
0.177247
0.177286
0.177326
0.177365
0.177398
0.177422
0.177435
0.177138
0.177155
0.177187
0.177231
0.177284
0.17734
0.177393
0.177437
0.17747
0.177488
0.177082
0.177105
0.17715
0.177211
0.177283
0.177359
0.177431
0.177492
0.177537
0.177561
0.177007
0.177039
0.177099
0.177183
0.177281
0.177385
0.177483
0.177567
0.177629
0.177662
0.176904
0.176948
0.17703
0.177145
0.177279
0.17742
0.177555
0.17767
0.177755
0.1778
0.176765
0.176823
0.176936
0.177092
0.177276
0.177469
0.177653
0.177811
0.177926
0.177988
0.176573
0.176654
0.176807
0.17702
0.177271
0.177535
0.177788
0.178003
0.178161
0.178246
0.176313
0.176422
0.176631
0.176921
0.177264
0.177625
0.177971
0.178267
0.178483
0.178598
0.177318
0.177319
0.177319
0.17732
0.177322
0.177322
0.177323
0.177323
0.177323
0.177322
0.177318
0.177319
0.17732
0.177322
0.177323
0.177325
0.177326
0.177326
0.177326
0.177325
0.177317
0.177318
0.177319
0.177321
0.177324
0.177326
0.177327
0.177328
0.177328
0.177328
0.177313
0.177315
0.177317
0.177319
0.177322
0.177325
0.177327
0.177329
0.177329
0.177329
0.177308
0.17731
0.177312
0.177316
0.177319
0.177323
0.177326
0.177328
0.17733
0.177331
0.177302
0.177304
0.177307
0.177311
0.177316
0.177321
0.177325
0.177329
0.177331
0.177332
0.177295
0.177297
0.177301
0.177306
0.177312
0.177319
0.177325
0.17733
0.177334
0.177336
0.177287
0.17729
0.177295
0.177302
0.17731
0.177319
0.177327
0.177334
0.17734
0.177342
0.177278
0.177282
0.177289
0.177298
0.177309
0.177321
0.177332
0.177342
0.177349
0.177353
0.177268
0.177273
0.177282
0.177295
0.177309
0.177326
0.177341
0.177355
0.177365
0.17737
0.177255
0.177262
0.177274
0.177291
0.177312
0.177334
0.177355
0.177374
0.177387
0.177394
0.177239
0.177248
0.177265
0.177288
0.177317
0.177347
0.177376
0.177401
0.177419
0.177429
0.177217
0.177229
0.177253
0.177286
0.177325
0.177367
0.177406
0.17744
0.177465
0.177479
0.177188
0.177205
0.177238
0.177283
0.177337
0.177395
0.177449
0.177495
0.177529
0.177548
0.177149
0.177172
0.177218
0.177281
0.177355
0.177433
0.177508
0.177571
0.177617
0.177642
0.177096
0.177128
0.177191
0.177277
0.177379
0.177486
0.177588
0.177674
0.177738
0.177772
0.177023
0.177067
0.177153
0.177272
0.177411
0.177558
0.177698
0.177817
0.177904
0.17795
0.176922
0.176983
0.177101
0.177263
0.177455
0.177656
0.177848
0.178012
0.178133
0.178196
0.176782
0.176866
0.177028
0.177251
0.177514
0.177791
0.178055
0.178282
0.178447
0.178534
0.176589
0.176705
0.176926
0.177232
0.177593
0.177975
0.17834
0.178652
0.178879
0.178998
0.177318
0.177318
0.177319
0.177321
0.177322
0.177323
0.177324
0.177325
0.177325
0.177325
0.177319
0.177319
0.177321
0.177323
0.177325
0.177326
0.177328
0.177328
0.177328
0.177328
0.177318
0.177319
0.177321
0.177324
0.177326
0.177328
0.17733
0.17733
0.177331
0.17733
0.177316
0.177318
0.17732
0.177323
0.177325
0.177328
0.17733
0.177332
0.177332
0.177332
0.177312
0.177314
0.177316
0.17732
0.177323
0.177327
0.17733
0.177332
0.177333
0.177333
0.177307
0.177309
0.177312
0.177316
0.177321
0.177325
0.177329
0.177332
0.177334
0.177335
0.177301
0.177303
0.177307
0.177312
0.177318
0.177324
0.17733
0.177335
0.177338
0.177339
0.177295
0.177298
0.177303
0.17731
0.177317
0.177326
0.177334
0.177341
0.177346
0.177348
0.177289
0.177292
0.177299
0.177308
0.177319
0.17733
0.177342
0.177351
0.177359
0.177363
0.177282
0.177287
0.177296
0.177308
0.177323
0.177339
0.177355
0.177368
0.177379
0.177384
0.177273
0.17728
0.177292
0.177309
0.17733
0.177352
0.177374
0.177393
0.177407
0.177415
0.177262
0.177271
0.177289
0.177313
0.177342
0.177373
0.177402
0.177428
0.177447
0.177457
0.177248
0.177261
0.177285
0.177319
0.177359
0.177401
0.177442
0.177477
0.177503
0.177517
0.17723
0.177248
0.177281
0.177328
0.177383
0.177442
0.177498
0.177545
0.17758
0.177599
0.177206
0.17723
0.177277
0.177341
0.177418
0.177498
0.177574
0.177639
0.177686
0.177711
0.177172
0.177205
0.17727
0.177359
0.177464
0.177573
0.177678
0.177767
0.177832
0.177866
0.177124
0.17717
0.177259
0.177382
0.177525
0.177677
0.177821
0.177943
0.178033
0.178081
0.177057
0.17712
0.177242
0.177411
0.177609
0.177818
0.178016
0.178186
0.17831
0.178376
0.176961
0.177049
0.177217
0.177449
0.177722
0.178011
0.178286
0.178521
0.178693
0.178784
0.176827
0.176948
0.177179
0.177498
0.177876
0.178275
0.178656
0.178983
0.179222
0.179346
0.177317
0.177318
0.177319
0.17732
0.177322
0.177324
0.177325
0.177326
0.177327
0.177327
0.177318
0.177319
0.177321
0.177323
0.177325
0.177327
0.177329
0.17733
0.17733
0.17733
0.177319
0.17732
0.177322
0.177325
0.177327
0.17733
0.177331
0.177332
0.177332
0.177332
0.177318
0.17732
0.177322
0.177325
0.177327
0.17733
0.177332
0.177333
0.177334
0.177334
0.177315
0.177317
0.177319
0.177323
0.177326
0.177329
0.177332
0.177334
0.177335
0.177335
0.177311
0.177313
0.177316
0.17732
0.177324
0.177328
0.177332
0.177334
0.177336
0.177336
0.177307
0.177309
0.177312
0.177317
0.177323
0.177328
0.177333
0.177338
0.17734
0.177341
0.177302
0.177304
0.177309
0.177316
0.177323
0.177331
0.177338
0.177345
0.17735
0.177352
0.177297
0.177301
0.177307
0.177316
0.177326
0.177338
0.177349
0.177358
0.177366
0.17737
0.177293
0.177297
0.177306
0.177318
0.177333
0.177349
0.177365
0.177379
0.177389
0.177395
0.177287
0.177294
0.177306
0.177323
0.177344
0.177367
0.177389
0.177408
0.177422
0.17743
0.17728
0.177289
0.177307
0.177331
0.17736
0.177392
0.177422
0.177448
0.177467
0.177478
0.177272
0.177285
0.177309
0.177343
0.177384
0.177428
0.177469
0.177504
0.17753
0.177544
0.177262
0.177279
0.177314
0.177361
0.177418
0.177477
0.177534
0.177582
0.177617
0.177636
0.177248
0.177273
0.17732
0.177386
0.177464
0.177545
0.177623
0.177689
0.177737
0.177762
0.177228
0.177263
0.177328
0.177419
0.177526
0.177638
0.177745
0.177836
0.177902
0.177936
0.177199
0.177247
0.177338
0.177463
0.17761
0.177765
0.177912
0.178037
0.178128
0.178177
0.177157
0.177222
0.177347
0.17752
0.177723
0.177937
0.17814
0.178314
0.178441
0.178509
0.177094
0.177184
0.177357
0.177595
0.177876
0.178172
0.178455
0.178697
0.178874
0.178969
0.177002
0.177127
0.177365
0.177694
0.178083
0.178495
0.178889
0.179226
0.179474
0.179606
0.177316
0.177316
0.177318
0.17732
0.177322
0.177324
0.177326
0.177327
0.177328
0.177328
0.177318
0.177319
0.177321
0.177323
0.177325
0.177328
0.177329
0.17733
0.177331
0.177331
0.177319
0.17732
0.177322
0.177325
0.177328
0.17733
0.177332
0.177333
0.177333
0.177333
0.177319
0.17732
0.177323
0.177325
0.177328
0.177331
0.177332
0.177334
0.177334
0.177334
0.177317
0.177319
0.177321
0.177324
0.177327
0.17733
0.177332
0.177334
0.177335
0.177335
0.177314
0.177315
0.177318
0.177322
0.177326
0.177329
0.177333
0.177335
0.177337
0.177337
0.17731
0.177312
0.177315
0.17732
0.177325
0.17733
0.177335
0.177339
0.177342
0.177342
0.177306
0.177309
0.177313
0.177319
0.177326
0.177334
0.177341
0.177348
0.177352
0.177355
0.177303
0.177306
0.177312
0.177321
0.177331
0.177342
0.177353
0.177363
0.17737
0.177375
0.177299
0.177304
0.177313
0.177325
0.177339
0.177355
0.177371
0.177385
0.177396
0.177402
0.177296
0.177302
0.177314
0.177331
0.177352
0.177375
0.177397
0.177417
0.177431
0.177439
0.177291
0.1773
0.177317
0.177342
0.177371
0.177403
0.177434
0.17746
0.177479
0.177489
0.177286
0.177298
0.177323
0.177357
0.177399
0.177442
0.177484
0.17752
0.177546
0.177559
0.177279
0.177297
0.177332
0.17738
0.177437
0.177497
0.177554
0.177603
0.177638
0.177656
0.177271
0.177296
0.177344
0.177411
0.17749
0.177572
0.177651
0.177717
0.177765
0.17779
0.177259
0.177294
0.177361
0.177453
0.177561
0.177674
0.177782
0.177874
0.17794
0.177975
0.177241
0.177289
0.177381
0.177507
0.177656
0.177813
0.177962
0.178089
0.178181
0.17823
0.177211
0.177278
0.177405
0.177579
0.177785
0.178002
0.178208
0.178384
0.178512
0.178581
0.177166
0.177258
0.177433
0.177675
0.177959
0.17826
0.178547
0.178792
0.178971
0.179067
0.177098
0.177224
0.177466
0.1778
0.178195
0.178614
0.179013
0.179356
0.179607
0.179743
0.177314
0.177315
0.177316
0.177319
0.177321
0.177323
0.177325
0.177327
0.177328
0.177328
0.177316
0.177317
0.177319
0.177322
0.177324
0.177327
0.177328
0.17733
0.17733
0.177331
0.177318
0.177319
0.177321
0.177324
0.177326
0.177329
0.177331
0.177332
0.177332
0.177333
0.177318
0.17732
0.177322
0.177324
0.177327
0.17733
0.177331
0.177333
0.177333
0.177334
0.177317
0.177318
0.177321
0.177324
0.177327
0.177329
0.177332
0.177333
0.177334
0.177334
0.177314
0.177316
0.177319
0.177322
0.177326
0.177329
0.177332
0.177335
0.177336
0.177336
0.177311
0.177313
0.177316
0.177321
0.177325
0.17733
0.177335
0.177339
0.177342
0.177343
0.177308
0.17731
0.177315
0.177321
0.177327
0.177335
0.177342
0.177349
0.177353
0.177356
0.177305
0.177308
0.177314
0.177323
0.177333
0.177343
0.177354
0.177364
0.177372
0.177376
0.177302
0.177306
0.177315
0.177327
0.177341
0.177357
0.177373
0.177387
0.177398
0.177404
0.177298
0.177304
0.177317
0.177334
0.177355
0.177377
0.177399
0.177418
0.177433
0.17744
0.177293
0.177302
0.17732
0.177344
0.177374
0.177405
0.177436
0.177462
0.177481
0.17749
0.177288
0.1773
0.177325
0.17736
0.177401
0.177445
0.177486
0.177522
0.177547
0.17756
0.177281
0.177299
0.177334
0.177382
0.177439
0.177499
0.177557
0.177605
0.17764
0.177658
0.177274
0.177299
0.177347
0.177413
0.177492
0.177575
0.177654
0.17772
0.177768
0.177793
0.177262
0.177297
0.177364
0.177456
0.177564
0.177678
0.177786
0.177878
0.177944
0.177979
0.177244
0.177292
0.177384
0.177511
0.17766
0.177817
0.177966
0.178093
0.178185
0.178234
0.177216
0.177282
0.177409
0.177584
0.17779
0.178006
0.178213
0.178389
0.178517
0.178585
0.177171
0.177263
0.177438
0.177679
0.177964
0.178265
0.178551
0.178796
0.178974
0.179069
0.177103
0.17723
0.177471
0.177805
0.1782
0.178618
0.179018
0.179359
0.179608
0.179741
0.177312
0.177313
0.177315
0.177317
0.177319
0.177322
0.177324
0.177325
0.177326
0.177327
0.177314
0.177315
0.177317
0.17732
0.177322
0.177325
0.177326
0.177328
0.177329
0.177329
0.177316
0.177317
0.177319
0.177322
0.177324
0.177326
0.177328
0.177329
0.17733
0.177331
0.177317
0.177318
0.17732
0.177322
0.177325
0.177327
0.177329
0.177331
0.177332
0.177332
0.177315
0.177317
0.177319
0.177322
0.177324
0.177327
0.17733
0.177331
0.177333
0.177333
0.177313
0.177314
0.177317
0.17732
0.177324
0.177327
0.177331
0.177333
0.177335
0.177336
0.17731
0.177312
0.177315
0.177319
0.177324
0.177329
0.177334
0.177338
0.177341
0.177342
0.177307
0.177309
0.177314
0.177319
0.177326
0.177333
0.177341
0.177347
0.177352
0.177355
0.177304
0.177307
0.177313
0.177321
0.177331
0.177342
0.177352
0.177362
0.17737
0.177374
0.1773
0.177304
0.177313
0.177324
0.177339
0.177354
0.17737
0.177384
0.177394
0.1774
0.177294
0.1773
0.177313
0.177329
0.17735
0.177372
0.177394
0.177413
0.177427
0.177434
0.177287
0.177296
0.177313
0.177337
0.177367
0.177398
0.177428
0.177454
0.177473
0.177482
0.177278
0.177291
0.177315
0.17735
0.177391
0.177434
0.177476
0.177511
0.177536
0.177548
0.177268
0.177286
0.17732
0.177368
0.177425
0.177485
0.177542
0.17759
0.177624
0.177641
0.177255
0.17728
0.177327
0.177393
0.177472
0.177554
0.177632
0.177698
0.177745
0.177769
0.177237
0.177271
0.177337
0.177428
0.177536
0.177649
0.177756
0.177846
0.177912
0.177946
0.177209
0.177257
0.177348
0.177473
0.177621
0.177777
0.177924
0.178049
0.17814
0.178189
0.177169
0.177234
0.177359
0.177532
0.177736
0.17795
0.178154
0.178327
0.178454
0.178521
0.177108
0.177199
0.177371
0.177609
0.17789
0.178186
0.178469
0.17871
0.178886
0.178979
0.177019
0.177143
0.17738
0.177709
0.178098
0.178509
0.178902
0.179238
0.179482
0.179609
0.17731
0.177311
0.177313
0.177315
0.177317
0.17732
0.177321
0.177323
0.177324
0.177324
0.177312
0.177313
0.177315
0.177317
0.177319
0.177322
0.177323
0.177325
0.177325
0.177326
0.177313
0.177314
0.177316
0.177318
0.177321
0.177323
0.177325
0.177326
0.177327
0.177328
0.177314
0.177315
0.177317
0.177319
0.177321
0.177324
0.177326
0.177328
0.177329
0.17733
0.177312
0.177313
0.177316
0.177318
0.177321
0.177324
0.177327
0.177329
0.177331
0.177332
0.17731
0.177311
0.177314
0.177317
0.177321
0.177325
0.177328
0.177331
0.177334
0.177335
0.177307
0.177309
0.177312
0.177316
0.177321
0.177326
0.177331
0.177336
0.177339
0.177341
0.177303
0.177306
0.17731
0.177316
0.177323
0.17733
0.177337
0.177344
0.177349
0.177352
0.177299
0.177302
0.177308
0.177316
0.177326
0.177337
0.177347
0.177357
0.177364
0.177368
0.177293
0.177297
0.177306
0.177317
0.177331
0.177347
0.177362
0.177376
0.177386
0.177391
0.177284
0.177291
0.177302
0.177319
0.177339
0.177362
0.177383
0.177402
0.177415
0.177422
0.177273
0.177282
0.177299
0.177323
0.177352
0.177382
0.177412
0.177438
0.177456
0.177465
0.177259
0.177271
0.177295
0.177329
0.177369
0.177412
0.177453
0.177488
0.177513
0.177525
0.177241
0.177258
0.177292
0.177339
0.177395
0.177454
0.17751
0.177557
0.177591
0.177607
0.177217
0.177242
0.177289
0.177354
0.177431
0.177512
0.177588
0.177653
0.177699
0.177722
0.177185
0.177219
0.177284
0.177373
0.177479
0.17759
0.177695
0.177784
0.177848
0.177881
0.17714
0.177187
0.177276
0.177399
0.177544
0.177696
0.17784
0.177962
0.178051
0.178099
0.177076
0.17714
0.177262
0.177431
0.17763
0.177839
0.178037
0.178206
0.17833
0.178396
0.176984
0.177072
0.17724
0.177472
0.177745
0.178033
0.178307
0.178541
0.178713
0.178805
0.176853
0.176973
0.177203
0.177522
0.177899
0.178297
0.178678
0.179003
0.179242
0.179367
0.177308
0.177309
0.17731
0.177312
0.177315
0.177317
0.177318
0.177319
0.17732
0.177321
0.177309
0.17731
0.177312
0.177314
0.177316
0.177318
0.17732
0.177321
0.177322
0.177322
0.17731
0.177311
0.177312
0.177315
0.177317
0.177319
0.177321
0.177323
0.177324
0.177325
0.17731
0.177311
0.177312
0.177315
0.177317
0.17732
0.177322
0.177324
0.177326
0.177327
0.177308
0.177309
0.177311
0.177314
0.177317
0.17732
0.177323
0.177326
0.177328
0.17733
0.177305
0.177307
0.177309
0.177313
0.177317
0.177321
0.177325
0.177328
0.177331
0.177333
0.177302
0.177304
0.177307
0.177311
0.177317
0.177322
0.177327
0.177332
0.177336
0.177338
0.177297
0.1773
0.177304
0.17731
0.177317
0.177324
0.177332
0.177339
0.177344
0.177346
0.177291
0.177295
0.1773
0.177308
0.177318
0.177329
0.177339
0.177349
0.177356
0.177359
0.177282
0.177287
0.177295
0.177306
0.17732
0.177335
0.17735
0.177364
0.177373
0.177378
0.17727
0.177276
0.177287
0.177304
0.177324
0.177345
0.177367
0.177385
0.177398
0.177405
0.177253
0.177261
0.177278
0.177301
0.17733
0.17736
0.17739
0.177414
0.177432
0.177442
0.177231
0.177243
0.177266
0.1773
0.177339
0.177381
0.177422
0.177456
0.177479
0.177491
0.177202
0.177219
0.177252
0.177299
0.177353
0.177411
0.177466
0.177512
0.177544
0.17756
0.177165
0.177189
0.177235
0.177298
0.177374
0.177453
0.177527
0.17759
0.177634
0.177657
0.177114
0.177147
0.177211
0.177298
0.177401
0.177508
0.17761
0.177696
0.177758
0.177791
0.177045
0.17709
0.177176
0.177296
0.177436
0.177583
0.177723
0.177841
0.177927
0.177973
0.176947
0.177009
0.177127
0.177291
0.177483
0.177684
0.177876
0.178038
0.178157
0.178221
0.176812
0.176896
0.177058
0.177281
0.177544
0.17782
0.178084
0.178308
0.178473
0.178561
0.176623
0.176738
0.176959
0.177264
0.177625
0.178005
0.178368
0.178679
0.178908
0.179032
0.177306
0.177307
0.177308
0.17731
0.177312
0.177313
0.177315
0.177316
0.177317
0.177317
0.177306
0.177307
0.177308
0.17731
0.177312
0.177314
0.177316
0.177317
0.177318
0.177319
0.177306
0.177307
0.177308
0.17731
0.177313
0.177315
0.177317
0.177319
0.17732
0.177321
0.177305
0.177306
0.177308
0.17731
0.177313
0.177316
0.177318
0.177321
0.177323
0.177324
0.177303
0.177304
0.177306
0.177309
0.177313
0.177316
0.17732
0.177323
0.177325
0.177327
0.1773
0.177301
0.177304
0.177308
0.177312
0.177317
0.177321
0.177325
0.177328
0.177329
0.177295
0.177297
0.177301
0.177306
0.177311
0.177317
0.177322
0.177327
0.177331
0.177333
0.17729
0.177292
0.177297
0.177302
0.177309
0.177317
0.177325
0.177332
0.177336
0.177338
0.177281
0.177285
0.17729
0.177298
0.177308
0.177319
0.177329
0.177338
0.177345
0.177348
0.177269
0.177274
0.177281
0.177293
0.177306
0.177321
0.177336
0.177349
0.177358
0.177363
0.177252
0.177258
0.177269
0.177285
0.177305
0.177326
0.177347
0.177365
0.177378
0.177385
0.177228
0.177237
0.177253
0.177276
0.177304
0.177334
0.177362
0.177387
0.177404
0.177413
0.177197
0.177209
0.177232
0.177265
0.177304
0.177345
0.177384
0.177417
0.17744
0.177452
0.177157
0.177174
0.177206
0.177251
0.177305
0.177361
0.177414
0.177458
0.177489
0.177505
0.177103
0.177127
0.177172
0.177234
0.177306
0.177383
0.177454
0.177515
0.177558
0.17758
0.177031
0.177063
0.177124
0.177209
0.177308
0.177412
0.17751
0.177592
0.177652
0.177683
0.176932
0.176976
0.177059
0.177174
0.177309
0.177451
0.177584
0.177698
0.177781
0.177824
0.176796
0.176855
0.176969
0.177125
0.177309
0.177502
0.177685
0.177841
0.177955
0.178014
0.176609
0.17669
0.176844
0.177056
0.177307
0.17757
0.177821
0.178035
0.178191
0.178274
0.176353
0.176462
0.176672
0.176961
0.177302
0.177662
0.178005
0.1783
0.178515
0.178631
0.177305
0.177305
0.177306
0.177307
0.177309
0.17731
0.177312
0.177313
0.177314
0.177314
0.177303
0.177304
0.177305
0.177307
0.177309
0.17731
0.177312
0.177314
0.177315
0.177316
0.177302
0.177303
0.177304
0.177306
0.177309
0.177311
0.177313
0.177315
0.177317
0.177318
0.1773
0.177301
0.177303
0.177306
0.177309
0.177312
0.177315
0.177317
0.177319
0.177321
0.177298
0.177299
0.177301
0.177304
0.177308
0.177312
0.177316
0.177319
0.177321
0.177323
0.177294
0.177295
0.177298
0.177302
0.177307
0.177312
0.177316
0.17732
0.177323
0.177325
0.177289
0.177291
0.177294
0.177299
0.177305
0.177311
0.177316
0.177321
0.177325
0.177326
0.177281
0.177284
0.177288
0.177294
0.177301
0.177309
0.177317
0.177324
0.177328
0.17733
0.177271
0.177274
0.177279
0.177287
0.177297
0.177308
0.177318
0.177327
0.177334
0.177336
0.177255
0.177259
0.177267
0.177278
0.177292
0.177307
0.177321
0.177334
0.177343
0.177347
0.177233
0.177238
0.17725
0.177266
0.177285
0.177306
0.177326
0.177344
0.177356
0.177363
0.177202
0.177211
0.177227
0.17725
0.177277
0.177306
0.177334
0.177357
0.177374
0.177383
0.177162
0.177174
0.177197
0.177229
0.177267
0.177306
0.177344
0.177375
0.177398
0.17741
0.177109
0.177126
0.177158
0.177202
0.177253
0.177307
0.177358
0.177401
0.177431
0.177447
0.177039
0.177062
0.177105
0.177165
0.177235
0.177309
0.177377
0.177436
0.177477
0.177499
0.176943
0.176974
0.177034
0.177115
0.17721
0.17731
0.177404
0.177483
0.177541
0.177571
0.176814
0.176855
0.176936
0.177046
0.177175
0.17731
0.177439
0.177548
0.177627
0.177668
0.176637
0.176693
0.176801
0.176951
0.177126
0.17731
0.177485
0.177634
0.177743
0.177799
0.176396
0.176472
0.176619
0.17682
0.177057
0.177307
0.177546
0.17775
0.177898
0.177975
0.176069
0.176172
0.17637
0.176642
0.176963
0.177302
0.177627
0.177904
0.178105
0.178209
0.177303
0.177303
0.177304
0.177305
0.177307
0.177308
0.177309
0.17731
0.177311
0.177312
0.177301
0.177301
0.177302
0.177304
0.177306
0.177307
0.177309
0.177311
0.177312
0.177313
0.177298
0.177299
0.177301
0.177303
0.177305
0.177308
0.17731
0.177312
0.177314
0.177315
0.177296
0.177297
0.177299
0.177302
0.177305
0.177308
0.177311
0.177314
0.177316
0.177317
0.177293
0.177294
0.177296
0.1773
0.177304
0.177308
0.177312
0.177315
0.177317
0.177318
0.177288
0.17729
0.177293
0.177297
0.177302
0.177307
0.177311
0.177315
0.177318
0.177319
0.177282
0.177284
0.177288
0.177292
0.177298
0.177304
0.17731
0.177315
0.177319
0.177319
0.177273
0.177276
0.17728
0.177286
0.177293
0.177301
0.177309
0.177316
0.17732
0.177321
0.17726
0.177263
0.177269
0.177277
0.177287
0.177297
0.177308
0.177317
0.177323
0.177325
0.177241
0.177245
0.177253
0.177264
0.177278
0.177293
0.177307
0.177319
0.177328
0.177332
0.177214
0.17722
0.177231
0.177247
0.177266
0.177287
0.177307
0.177323
0.177335
0.177342
0.177178
0.177186
0.177202
0.177224
0.177251
0.177279
0.177306
0.177328
0.177345
0.177354
0.177129
0.17714
0.177163
0.177194
0.177231
0.177269
0.177305
0.177336
0.177358
0.17737
0.177064
0.17708
0.177111
0.177154
0.177204
0.177256
0.177305
0.177346
0.177376
0.177391
0.176977
0.176999
0.177041
0.177099
0.177167
0.177237
0.177304
0.17736
0.177401
0.177422
0.17686
0.17689
0.176947
0.177025
0.177117
0.177212
0.177303
0.17738
0.177436
0.177464
0.176701
0.176741
0.176818
0.176923
0.177047
0.177177
0.1773
0.177406
0.177482
0.177521
0.176485
0.176539
0.176642
0.176785
0.176952
0.177128
0.177295
0.177438
0.177542
0.177597
0.176194
0.176266
0.176405
0.176596
0.176821
0.177059
0.177285
0.177479
0.177621
0.177695
0.1758
0.175897
0.176083
0.17634
0.176643
0.176962
0.177269
0.177531
0.177722
0.177819
0.177302
0.177302
0.177302
0.177303
0.177305
0.177306
0.177307
0.177309
0.17731
0.177311
0.177298
0.177299
0.1773
0.177301
0.177303
0.177305
0.177307
0.177309
0.17731
0.177311
0.177295
0.177296
0.177298
0.1773
0.177302
0.177305
0.177307
0.17731
0.177311
0.177312
0.177292
0.177293
0.177295
0.177298
0.177301
0.177305
0.177308
0.17731
0.177312
0.177313
0.177289
0.17729
0.177292
0.177296
0.1773
0.177304
0.177308
0.177311
0.177313
0.177314
0.177283
0.177285
0.177288
0.177292
0.177297
0.177302
0.177307
0.177311
0.177313
0.177313
0.177276
0.177278
0.177282
0.177287
0.177293
0.177299
0.177305
0.17731
0.177313
0.177313
0.177266
0.177269
0.177273
0.177279
0.177286
0.177295
0.177303
0.177309
0.177313
0.177314
0.177251
0.177254
0.17726
0.177268
0.177278
0.177289
0.1773
0.177308
0.177314
0.177316
0.177229
0.177234
0.177241
0.177253
0.177267
0.177281
0.177295
0.177307
0.177315
0.177319
0.177199
0.177204
0.177216
0.177232
0.177251
0.177271
0.17729
0.177305
0.177317
0.177323
0.177157
0.177165
0.177181
0.177203
0.177229
0.177256
0.177282
0.177304
0.17732
0.177329
0.1771
0.177112
0.177134
0.177165
0.1772
0.177237
0.177272
0.177302
0.177324
0.177336
0.177025
0.177041
0.177071
0.177113
0.177161
0.177211
0.177259
0.177299
0.177329
0.177345
0.176924
0.176946
0.176987
0.177043
0.177108
0.177176
0.177241
0.177296
0.177336
0.177357
0.176788
0.176817
0.176872
0.176948
0.177036
0.177129
0.177217
0.177292
0.177346
0.177374
0.176604
0.176643
0.176717
0.176819
0.176938
0.177064
0.177183
0.177285
0.177358
0.177396
0.176356
0.176408
0.176507
0.176644
0.176804
0.176973
0.177134
0.177272
0.177372
0.177424
0.176022
0.176092
0.176224
0.176406
0.176621
0.176848
0.177065
0.17725
0.177385
0.177457
0.175572
0.175665
0.175842
0.176085
0.176372
0.176675
0.176965
0.177214
0.177397
0.177494
0.177301
0.177301
0.177301
0.177302
0.177304
0.177305
0.177306
0.177308
0.177309
0.17731
0.177297
0.177297
0.177298
0.1773
0.177302
0.177304
0.177306
0.177307
0.177309
0.17731
0.177293
0.177294
0.177296
0.177298
0.1773
0.177303
0.177306
0.177308
0.177309
0.17731
0.17729
0.177291
0.177293
0.177296
0.177299
0.177302
0.177305
0.177308
0.17731
0.17731
0.177286
0.177287
0.17729
0.177293
0.177297
0.177301
0.177305
0.177308
0.17731
0.17731
0.17728
0.177282
0.177285
0.177289
0.177294
0.177299
0.177303
0.177307
0.177309
0.177309
0.177272
0.177274
0.177278
0.177283
0.177289
0.177295
0.177301
0.177306
0.177309
0.177309
0.177261
0.177264
0.177268
0.177274
0.177282
0.17729
0.177298
0.177304
0.177308
0.177309
0.177245
0.177248
0.177254
0.177262
0.177272
0.177283
0.177293
0.177302
0.177307
0.177309
0.177221
0.177225
0.177233
0.177245
0.177259
0.177273
0.177287
0.177298
0.177305
0.177309
0.177187
0.177193
0.177205
0.177221
0.177239
0.177259
0.177277
0.177292
0.177304
0.17731
0.177141
0.17715
0.177166
0.177187
0.177213
0.177239
0.177264
0.177286
0.177302
0.177311
0.17708
0.177091
0.177113
0.177143
0.177177
0.177213
0.177247
0.177277
0.177299
0.177311
0.176997
0.177012
0.177042
0.177082
0.177129
0.177179
0.177225
0.177265
0.177295
0.177311
0.176885
0.176906
0.176946
0.177001
0.177065
0.177132
0.177196
0.17725
0.17729
0.17731
0.176736
0.176764
0.176818
0.176891
0.176978
0.177069
0.177155
0.177229
0.177282
0.177308
0.176534
0.176572
0.176644
0.176743
0.176859
0.176982
0.177099
0.177198
0.177269
0.177305
0.176264
0.176314
0.17641
0.176542
0.176698
0.176862
0.177018
0.177151
0.177248
0.177297
0.175899
0.175966
0.176094
0.17627
0.176477
0.176696
0.176905
0.177083
0.177213
0.177282
0.175409
0.175498
0.175667
0.175901
0.176176
0.176467
0.176745
0.176984
0.177159
0.177254
0.1773
0.177301
0.177301
0.177302
0.177303
0.177305
0.177306
0.177307
0.177309
0.17731
0.177296
0.177297
0.177298
0.177299
0.177301
0.177303
0.177305
0.177307
0.177308
0.177309
0.177293
0.177293
0.177295
0.177297
0.1773
0.177302
0.177305
0.177307
0.177308
0.177309
0.177289
0.17729
0.177292
0.177295
0.177298
0.177301
0.177304
0.177307
0.177308
0.177309
0.177284
0.177286
0.177288
0.177292
0.177296
0.1773
0.177303
0.177306
0.177308
0.177308
0.177278
0.17728
0.177283
0.177287
0.177292
0.177297
0.177302
0.177305
0.177307
0.177307
0.17727
0.177272
0.177276
0.177281
0.177287
0.177293
0.177299
0.177304
0.177307
0.177307
0.177258
0.177261
0.177265
0.177272
0.177279
0.177288
0.177296
0.177302
0.177305
0.177306
0.177241
0.177244
0.17725
0.177259
0.177269
0.17728
0.17729
0.177298
0.177303
0.177305
0.177216
0.177221
0.177229
0.17724
0.177254
0.177269
0.177282
0.177293
0.1773
0.177304
0.177181
0.177187
0.177199
0.177215
0.177233
0.177252
0.17727
0.177285
0.177297
0.177303
0.177133
0.177141
0.177157
0.177179
0.177204
0.17723
0.177255
0.177276
0.177292
0.177302
0.177068
0.17708
0.177101
0.177131
0.177165
0.177201
0.177235
0.177264
0.177286
0.177299
0.176981
0.176997
0.177026
0.177066
0.177113
0.177162
0.177208
0.177248
0.177277
0.177293
0.176865
0.176885
0.176925
0.176979
0.177043
0.177109
0.177172
0.177226
0.177265
0.177285
0.176708
0.176736
0.176789
0.176862
0.176948
0.177037
0.177123
0.177196
0.177248
0.177274
0.176498
0.176535
0.176606
0.176704
0.176818
0.176939
0.177054
0.177152
0.177222
0.177257
0.176215
0.176265
0.176359
0.176489
0.176642
0.176803
0.176957
0.177088
0.177182
0.17723
0.175835
0.175901
0.176026
0.176198
0.176401
0.176616
0.176821
0.176996
0.177122
0.177187
0.175324
0.17541
0.175576
0.175804
0.176073
0.176358
0.17663
0.176863
0.177031
0.17712
)
;

boundaryField
{
    lowerSideWalls
    {
        type            fixedFluxPressure;
        gradient        uniform 0;
        value           nonuniform List<scalar> 
800
(
392.185
392.185
392.185
392.185
392.185
392.185
392.185
392.185
0.177304
0.177305
0.177308
0.177312
0.177317
0.177321
0.177323
0.177324
0.177324
0.177322
0.17732
0.177317
392.185
392.185
392.185
392.185
392.185
392.185
392.185
392.185
0.177304
0.177305
0.177308
0.177313
0.177317
0.177321
0.177324
0.177324
0.177324
0.177322
0.17732
0.177317
392.185
392.185
392.185
392.185
392.185
392.185
392.185
392.185
0.177304
0.177306
0.177309
0.177313
0.177317
0.177321
0.177323
0.177324
0.177323
0.177322
0.17732
0.177317
392.185
392.185
392.185
392.185
392.185
392.185
392.185
392.185
0.177306
0.177307
0.17731
0.177313
0.177317
0.17732
0.177322
0.177322
0.177322
0.177321
0.177319
0.177317
392.185
392.185
392.185
392.185
392.185
392.185
392.185
392.185
0.177307
0.177308
0.177311
0.177313
0.177316
0.177319
0.17732
0.177321
0.177321
0.17732
0.177319
0.177318
392.185
392.185
392.185
392.185
392.185
392.185
392.185
392.185
0.177309
0.17731
0.177311
0.177313
0.177316
0.177317
0.177319
0.17732
0.17732
0.17732
0.177319
0.177318
392.185
392.185
392.185
392.185
392.185
392.185
392.185
392.185
0.177309
0.17731
0.177312
0.177313
0.177315
0.177316
0.177318
0.177319
0.177319
0.177319
0.177319
0.177319
392.185
392.185
392.185
392.185
392.185
392.185
392.185
392.185
0.177349
0.177311
0.177311
0.177313
0.177314
0.177315
0.177317
0.177318
0.177318
0.177319
0.177319
0.177319
392.185
392.185
392.185
392.185
392.185
392.185
392.185
392.185
0.177311
0.177311
0.177312
0.177313
0.177313
0.177314
0.177316
0.177317
0.177318
0.177319
0.17732
0.17732
392.185
392.185
392.185
392.185
392.185
392.185
392.185
392.185
0.177311
0.177311
0.177312
0.177312
0.177313
0.177314
0.177315
0.177316
0.177318
0.177319
0.17732
0.177321
392.185
392.185
392.185
392.185
392.185
392.185
392.185
392.185
0.177301
0.177302
0.177305
0.17731
0.177314
0.177319
0.177322
0.177323
0.177321
0.177317
0.177311
0.177306
392.185
392.185
392.185
392.185
392.185
392.185
392.185
392.185
0.177301
0.177302
0.177305
0.17731
0.177315
0.17732
0.177323
0.177323
0.177321
0.177317
0.177311
0.177305
392.185
392.185
392.185
392.185
392.185
392.185
392.185
392.185
0.177301
0.177302
0.177306
0.17731
0.177315
0.17732
0.177323
0.177323
0.17732
0.177316
0.177311
0.177305
392.185
392.185
392.185
392.185
392.185
392.185
392.185
392.185
0.177301
0.177303
0.177306
0.177311
0.177316
0.17732
0.177322
0.177322
0.17732
0.177315
0.17731
0.177306
392.185
392.185
392.185
392.185
392.185
392.185
392.185
392.185
0.177301
0.177303
0.177306
0.177311
0.177316
0.17732
0.177322
0.177321
0.177319
0.177315
0.17731
0.177306
392.185
392.185
392.185
392.185
392.185
392.185
392.185
392.185
0.177301
0.177303
0.177307
0.177311
0.177316
0.17732
0.177321
0.17732
0.177318
0.177314
0.17731
0.177307
392.185
392.185
392.185
392.185
392.185
392.185
392.185
392.185
0.177301
0.177303
0.177307
0.177311
0.177316
0.177319
0.177321
0.17732
0.177317
0.177314
0.17731
0.177308
392.185
392.185
392.185
392.185
392.185
392.185
392.185
392.185
0.177331
0.177303
0.177306
0.177311
0.177316
0.177319
0.177321
0.177319
0.177317
0.177313
0.177311
0.177309
392.185
392.185
392.185
392.185
392.185
392.185
392.185
392.185
0.177301
0.177303
0.177307
0.177312
0.177317
0.17732
0.177321
0.177319
0.177316
0.177313
0.177311
0.17731
392.185
392.185
392.185
392.185
392.185
392.185
392.185
392.185
0.1773
0.177302
0.177306
0.177312
0.177317
0.177321
0.177322
0.17732
0.177316
0.177313
0.177312
0.177311
392.185
392.185
392.185
392.185
392.185
392.185
392.185
392.185
0.177304
0.177305
0.177308
0.177312
0.177317
0.177321
0.177323
0.177324
0.177324
0.177322
0.17732
0.177317
392.185
392.185
392.185
392.185
392.185
392.185
392.185
392.185
0.177303
0.177305
0.177308
0.177313
0.177317
0.177321
0.177323
0.177324
0.177324
0.177322
0.17732
0.177317
392.185
392.185
392.185
392.185
392.185
392.185
392.185
392.185
0.177304
0.177305
0.177308
0.177313
0.177317
0.17732
0.177322
0.177323
0.177323
0.177321
0.177319
0.177317
392.185
392.185
392.185
392.185
392.185
392.185
392.185
392.185
0.177304
0.177306
0.177309
0.177313
0.177316
0.177319
0.177321
0.177322
0.177321
0.17732
0.177319
0.177317
392.185
392.185
392.185
392.185
392.185
392.185
392.185
392.185
0.177305
0.177306
0.177309
0.177312
0.177315
0.177318
0.177319
0.17732
0.17732
0.177319
0.177318
0.177318
392.185
392.185
392.185
392.185
392.185
392.185
392.185
392.185
0.177305
0.177306
0.177309
0.177312
0.177315
0.177317
0.177318
0.177318
0.177318
0.177318
0.177318
0.177318
392.185
392.185
392.185
392.185
392.185
392.185
392.185
392.185
0.177305
0.177306
0.177308
0.177311
0.177314
0.177316
0.177316
0.177317
0.177317
0.177317
0.177317
0.177317
392.185
392.185
392.185
392.185
392.185
392.185
392.185
392.185
0.177304
0.177305
0.177308
0.177311
0.177313
0.177315
0.177316
0.177316
0.177316
0.177315
0.177316
0.177317
392.185
392.185
392.185
392.185
392.185
392.185
392.185
392.185
0.177303
0.177304
0.177307
0.17731
0.177313
0.177315
0.177316
0.177316
0.177315
0.177314
0.177314
0.177315
392.185
392.185
392.185
392.185
392.185
392.185
392.185
392.185
0.177302
0.177303
0.177306
0.17731
0.177313
0.177316
0.177317
0.177316
0.177315
0.177313
0.177313
0.177314
392.185
392.185
392.185
392.185
392.185
392.185
392.185
392.185
0.1773
0.177302
0.177305
0.17731
0.177314
0.177317
0.177317
0.177317
0.177315
0.177313
0.177312
0.177312
392.185
392.185
392.185
392.185
392.185
392.185
392.185
392.185
0.177299
0.177301
0.177304
0.17731
0.177314
0.177317
0.177318
0.177317
0.177315
0.177312
0.177311
0.177311
392.185
392.185
392.185
392.185
392.185
392.185
392.185
392.185
0.177298
0.1773
0.177304
0.177309
0.177315
0.177318
0.177319
0.177318
0.177315
0.177312
0.17731
0.177309
392.185
392.185
392.185
392.185
392.185
392.185
392.185
392.185
0.177297
0.177299
0.177304
0.17731
0.177315
0.177319
0.17732
0.177319
0.177316
0.177313
0.17731
0.177308
392.185
392.185
392.185
392.185
392.185
392.185
392.185
392.185
0.177298
0.177299
0.177304
0.17731
0.177315
0.177319
0.177321
0.17732
0.177317
0.177314
0.17731
0.177308
392.185
392.185
392.185
392.185
392.185
392.185
392.185
392.185
0.177298
0.1773
0.177304
0.17731
0.177315
0.177319
0.177321
0.177321
0.177319
0.177315
0.17731
0.177307
392.185
392.185
392.185
392.185
392.185
392.185
392.185
392.185
0.177299
0.177301
0.177305
0.177309
0.177315
0.177319
0.177322
0.177322
0.17732
0.177316
0.177311
0.177307
392.185
392.185
392.185
392.185
392.185
392.185
392.185
392.185
0.1773
0.177301
0.177305
0.177309
0.177315
0.177319
0.177322
0.177323
0.177321
0.177317
0.177311
0.177306
392.185
392.185
392.185
392.185
392.185
392.185
392.185
392.185
0.177301
0.177302
0.177305
0.177309
0.177314
0.177319
0.177322
0.177323
0.177321
0.177317
0.177311
0.177306
392.185
392.185
392.185
392.185
392.185
392.185
392.185
392.185
0.177301
0.177302
0.177305
0.17731
0.177314
0.177319
0.177322
0.177323
0.177321
0.177317
0.177311
0.177306
)
;
    }
    upperSideWalls
    {
        type            fixedFluxPressure;
        gradient        uniform 0;
        value           nonuniform List<scalar> 
800
(
0.177313
0.177309
0.177303
0.177296
0.177288
0.177277
0.177263
0.177246
0.177225
0.177196
0.177158
0.177107
0.177039
0.176948
0.176828
0.176669
0.176454
0.176167
0.175781
0.175263
0.177313
0.177309
0.177304
0.177297
0.177289
0.177278
0.177265
0.177249
0.177228
0.177201
0.177164
0.177115
0.17705
0.176963
0.176849
0.176696
0.176492
0.176217
0.175847
0.17535
0.177314
0.17731
0.177305
0.177299
0.177291
0.177281
0.177268
0.177254
0.177235
0.17721
0.177176
0.177131
0.177071
0.176992
0.176888
0.17675
0.176563
0.176312
0.175974
0.175518
0.177315
0.177312
0.177307
0.177301
0.177294
0.177284
0.177273
0.17726
0.177244
0.177222
0.177192
0.177153
0.177101
0.177033
0.176943
0.176824
0.176662
0.176444
0.176148
0.175749
0.177316
0.177313
0.177309
0.177304
0.177297
0.177288
0.177279
0.177268
0.177254
0.177236
0.177211
0.177179
0.177136
0.177081
0.177009
0.176911
0.176779
0.176599
0.176355
0.176023
0.177317
0.177315
0.177312
0.177307
0.1773
0.177293
0.177285
0.177276
0.177265
0.17725
0.177231
0.177206
0.177174
0.177133
0.177078
0.177003
0.176902
0.176763
0.176572
0.176311
0.177318
0.177317
0.177314
0.177309
0.177304
0.177297
0.17729
0.177283
0.177275
0.177264
0.177251
0.177233
0.17721
0.177181
0.177143
0.177091
0.177019
0.176919
0.17678
0.176586
0.177319
0.177318
0.177316
0.177312
0.177306
0.177301
0.177295
0.17729
0.177284
0.177276
0.177267
0.177256
0.177241
0.177223
0.177198
0.177165
0.177118
0.177052
0.176957
0.176821
0.17732
0.177319
0.177317
0.177313
0.177309
0.177304
0.177299
0.177295
0.17729
0.177285
0.177279
0.177272
0.177264
0.177253
0.177238
0.177219
0.177191
0.17715
0.177087
0.176993
0.177321
0.17732
0.177318
0.177314
0.17731
0.177305
0.177301
0.177297
0.177293
0.177289
0.177285
0.177281
0.177276
0.177268
0.177259
0.177248
0.177231
0.177203
0.177156
0.177085
0.1773
0.177296
0.177293
0.177289
0.177284
0.177278
0.17727
0.177258
0.177241
0.177216
0.177181
0.177133
0.177068
0.176981
0.176865
0.176708
0.176498
0.176215
0.175835
0.175324
0.177301
0.177297
0.177293
0.17729
0.177286
0.17728
0.177272
0.177261
0.177244
0.177221
0.177187
0.177141
0.17708
0.176997
0.176885
0.176736
0.176535
0.176265
0.175901
0.17541
0.177301
0.177298
0.177295
0.177292
0.177288
0.177283
0.177276
0.177265
0.17725
0.177229
0.177199
0.177157
0.177101
0.177026
0.176925
0.176789
0.176606
0.176359
0.176026
0.175576
0.177302
0.177299
0.177297
0.177295
0.177292
0.177287
0.177281
0.177272
0.177259
0.17724
0.177215
0.177179
0.177131
0.177066
0.176979
0.176862
0.176704
0.176489
0.176198
0.175804
0.177303
0.177301
0.1773
0.177298
0.177296
0.177292
0.177287
0.177279
0.177269
0.177254
0.177233
0.177204
0.177165
0.177113
0.177043
0.176948
0.176818
0.176642
0.176401
0.176073
0.177305
0.177303
0.177302
0.177301
0.1773
0.177297
0.177293
0.177288
0.17728
0.177269
0.177252
0.17723
0.177201
0.177162
0.177109
0.177037
0.176939
0.176803
0.176616
0.176358
0.177306
0.177305
0.177305
0.177304
0.177303
0.177302
0.177299
0.177296
0.17729
0.177282
0.17727
0.177255
0.177235
0.177208
0.177172
0.177123
0.177054
0.176957
0.176821
0.17663
0.177307
0.177307
0.177307
0.177307
0.177306
0.177305
0.177304
0.177302
0.177298
0.177293
0.177285
0.177276
0.177264
0.177248
0.177226
0.177196
0.177152
0.177088
0.176996
0.176863
0.177309
0.177308
0.177308
0.177308
0.177308
0.177307
0.177307
0.177305
0.177303
0.1773
0.177297
0.177292
0.177286
0.177277
0.177265
0.177248
0.177222
0.177182
0.177122
0.177031
0.17731
0.177309
0.177309
0.177309
0.177308
0.177307
0.177307
0.177306
0.177305
0.177304
0.177303
0.177302
0.177299
0.177293
0.177285
0.177274
0.177257
0.17723
0.177187
0.17712
0.177313
0.177309
0.177303
0.177296
0.177288
0.177277
0.177263
0.177246
0.177225
0.177196
0.177158
0.177107
0.177039
0.176948
0.176828
0.176669
0.176454
0.176167
0.175781
0.175263
0.177314
0.177309
0.177304
0.177298
0.177289
0.177278
0.177265
0.177249
0.177228
0.177201
0.177164
0.177115
0.17705
0.176964
0.176849
0.176697
0.176492
0.176217
0.175847
0.175351
0.177314
0.177311
0.177306
0.1773
0.177291
0.177281
0.177269
0.177254
0.177235
0.17721
0.177177
0.177132
0.177073
0.176994
0.17689
0.176751
0.176564
0.176313
0.175974
0.175518
0.177316
0.177313
0.177309
0.177303
0.177295
0.177286
0.177274
0.177261
0.177244
0.177222
0.177193
0.177155
0.177104
0.177036
0.176946
0.176826
0.176664
0.176445
0.176149
0.17575
0.177317
0.177315
0.177312
0.177306
0.177299
0.177291
0.177281
0.177269
0.177255
0.177237
0.177213
0.177182
0.177141
0.177086
0.177012
0.176914
0.176781
0.1766
0.176355
0.176024
0.177318
0.177317
0.177314
0.17731
0.177304
0.177296
0.177288
0.177278
0.177267
0.177253
0.177235
0.177211
0.17718
0.177138
0.177082
0.177007
0.176904
0.176765
0.176573
0.176313
0.177318
0.177318
0.177317
0.177313
0.177308
0.177302
0.177295
0.177287
0.177278
0.177268
0.177255
0.177239
0.177217
0.177188
0.177149
0.177096
0.177023
0.176922
0.176782
0.176589
0.177318
0.177319
0.177318
0.177316
0.177312
0.177307
0.177301
0.177295
0.177289
0.177282
0.177273
0.177262
0.177248
0.17723
0.177206
0.177172
0.177124
0.177057
0.176961
0.176827
0.177317
0.177318
0.177319
0.177318
0.177315
0.177311
0.177307
0.177302
0.177297
0.177293
0.177287
0.17728
0.177272
0.177262
0.177248
0.177228
0.177199
0.177157
0.177094
0.177002
0.177316
0.177318
0.177319
0.177319
0.177317
0.177314
0.17731
0.177306
0.177303
0.177299
0.177296
0.177291
0.177286
0.177279
0.177271
0.177259
0.177241
0.177211
0.177166
0.177098
0.177314
0.177316
0.177318
0.177318
0.177317
0.177314
0.177311
0.177308
0.177305
0.177302
0.177298
0.177293
0.177288
0.177281
0.177274
0.177262
0.177244
0.177216
0.177171
0.177103
0.177312
0.177314
0.177316
0.177317
0.177315
0.177313
0.17731
0.177307
0.177304
0.1773
0.177294
0.177287
0.177278
0.177268
0.177255
0.177237
0.177209
0.177169
0.177108
0.177019
0.17731
0.177312
0.177313
0.177314
0.177312
0.17731
0.177307
0.177303
0.177299
0.177293
0.177284
0.177273
0.177259
0.177241
0.177217
0.177185
0.17714
0.177076
0.176984
0.176853
0.177308
0.177309
0.17731
0.17731
0.177308
0.177305
0.177302
0.177297
0.177291
0.177282
0.17727
0.177253
0.177231
0.177202
0.177165
0.177114
0.177045
0.176947
0.176812
0.176623
0.177306
0.177306
0.177306
0.177305
0.177303
0.1773
0.177295
0.17729
0.177281
0.177269
0.177252
0.177228
0.177197
0.177157
0.177103
0.177031
0.176932
0.176796
0.176609
0.176353
0.177305
0.177303
0.177302
0.1773
0.177298
0.177294
0.177289
0.177281
0.177271
0.177255
0.177233
0.177202
0.177162
0.177109
0.177039
0.176943
0.176814
0.176637
0.176396
0.176069
0.177303
0.177301
0.177298
0.177296
0.177293
0.177288
0.177282
0.177273
0.17726
0.177241
0.177214
0.177178
0.177129
0.177064
0.176977
0.17686
0.176701
0.176485
0.176194
0.1758
0.177302
0.177298
0.177295
0.177292
0.177289
0.177283
0.177276
0.177266
0.177251
0.177229
0.177199
0.177157
0.1771
0.177025
0.176924
0.176788
0.176604
0.176356
0.176022
0.175572
0.177301
0.177297
0.177293
0.17729
0.177286
0.17728
0.177272
0.177261
0.177245
0.177221
0.177187
0.177141
0.17708
0.176997
0.176885
0.176736
0.176534
0.176264
0.175899
0.175409
0.1773
0.177296
0.177293
0.177289
0.177284
0.177278
0.17727
0.177258
0.177241
0.177216
0.177181
0.177133
0.177068
0.176981
0.176865
0.176708
0.176498
0.176215
0.175835
0.175324
)
;
    }
    lowerWall
    {
        type            fixedFluxPressure;
        gradient        uniform 0;
        value           nonuniform List<scalar> 
200
(
392.185
392.185
392.185
392.185
392.185
392.185
392.185
392.185
392.185
392.185
392.185
392.185
392.185
392.185
392.185
392.185
392.185
392.185
392.185
392.185
392.185
392.185
392.185
392.185
392.185
392.185
392.185
392.185
392.185
392.185
392.185
392.185
392.185
392.185
392.185
392.185
392.185
392.185
392.185
392.185
392.185
392.185
392.185
392.185
392.185
392.185
392.185
392.185
392.185
392.185
392.185
392.185
392.185
392.185
392.185
392.185
392.185
392.185
392.185
392.185
392.185
392.185
392.185
392.185
392.185
392.185
392.185
392.185
392.185
392.185
392.185
392.185
392.185
392.185
392.185
392.185
392.185
392.185
392.185
392.185
392.185
392.185
392.185
392.185
392.185
392.185
392.185
392.185
392.185
392.185
392.185
392.185
392.185
392.185
392.185
392.185
392.185
392.185
392.185
392.185
392.185
392.185
392.185
392.185
392.185
392.185
392.185
392.185
392.185
392.185
392.185
392.185
392.185
392.185
392.185
392.185
392.185
392.185
392.185
392.185
392.185
392.185
392.185
392.185
392.185
392.185
392.185
392.185
392.185
392.185
392.185
392.185
392.185
392.185
392.185
392.185
392.185
392.185
392.185
392.185
392.185
392.185
392.185
392.185
392.185
392.185
392.185
392.185
392.185
392.185
392.185
392.185
392.185
392.185
392.185
392.185
392.185
392.185
392.185
392.185
392.185
392.185
392.185
392.185
392.185
392.185
392.185
392.185
392.185
392.185
392.185
392.185
392.185
392.185
392.185
392.185
392.185
392.185
392.185
392.185
392.185
392.185
392.185
392.185
392.185
392.185
392.185
392.185
392.185
392.185
392.185
392.185
392.185
392.185
392.185
392.185
392.185
392.185
392.185
392.185
)
;
    }
    atmosphere
    {
        type            totalPressure;
        rho             rho;
        psi             none;
        gamma           1;
        p0              nonuniform List<scalar> 0();
        value           nonuniform List<scalar> 0();
    }
    procBoundary0to1
    {
        type            processor;
        value           nonuniform List<scalar> 
800
(
392.185
392.185
392.185
392.185
392.185
392.185
392.185
392.185
0.177444
0.177312
0.177311
0.177312
0.177313
0.177313
0.177315
0.177316
0.177318
0.177319
0.17732
0.177321
392.185
392.185
392.185
392.185
392.185
392.185
392.185
392.185
0.177351
0.177311
0.177311
0.177312
0.177313
0.177314
0.177315
0.177317
0.177319
0.17732
0.17732
0.17732
392.185
392.185
392.185
392.185
392.185
392.185
392.185
392.185
0.177332
0.17731
0.17731
0.177311
0.177313
0.177315
0.177317
0.177318
0.17732
0.17732
0.17732
0.17732
392.185
392.185
392.185
392.185
392.185
392.185
392.185
392.185
0.177319
0.177307
0.177308
0.177311
0.177313
0.177316
0.177318
0.17732
0.177321
0.17732
0.17732
0.177319
392.185
392.185
392.185
392.185
392.185
392.185
392.185
392.185
0.177316
0.177305
0.177307
0.17731
0.177313
0.177317
0.17732
0.177322
0.177322
0.177321
0.177319
0.177319
392.185
392.185
392.185
392.185
392.185
392.185
392.185
392.185
0.177315
0.177303
0.177305
0.177309
0.177313
0.177318
0.177321
0.177322
0.177322
0.177321
0.177319
0.177319
392.185
392.185
392.185
392.185
392.185
392.185
392.185
392.185
0.177314
0.177301
0.177303
0.177308
0.177313
0.177318
0.177321
0.177322
0.177322
0.177321
0.17732
0.17732
392.185
392.185
392.185
392.185
392.185
392.185
392.185
392.185
0.177313
0.177299
0.177302
0.177307
0.177313
0.177317
0.17732
0.177321
0.177321
0.17732
0.17732
0.177322
392.185
392.185
392.185
392.185
392.185
392.185
392.185
392.185
0.177313
0.177299
0.177302
0.177307
0.177312
0.177316
0.177319
0.17732
0.17732
0.17732
0.177321
0.177323
392.185
392.185
392.185
392.185
392.185
392.185
392.185
392.185
0.177313
0.177299
0.177302
0.177307
0.177311
0.177315
0.177318
0.177319
0.177319
0.17732
0.177322
0.177324
392.185
392.185
392.185
392.185
392.185
392.185
392.185
392.185
0.177315
0.177299
0.177302
0.177307
0.177311
0.177314
0.177316
0.177317
0.177318
0.17732
0.177322
0.177325
392.185
392.185
392.185
392.185
392.185
392.185
392.185
392.185
0.177317
0.1773
0.177303
0.177307
0.177311
0.177314
0.177315
0.177317
0.177318
0.177319
0.177321
0.177324
392.185
392.185
392.185
392.185
392.185
392.185
392.185
392.185
0.177319
0.177301
0.177303
0.177307
0.177311
0.177314
0.177316
0.177316
0.177317
0.177318
0.17732
0.177322
392.185
392.185
392.185
392.185
392.185
392.185
392.185
392.185
0.177322
0.177302
0.177304
0.177308
0.177312
0.177315
0.177316
0.177317
0.177317
0.177317
0.177318
0.177319
392.185
392.185
392.185
392.185
392.185
392.185
392.185
392.185
0.177323
0.177302
0.177305
0.177309
0.177313
0.177316
0.177318
0.177318
0.177317
0.177316
0.177315
0.177316
392.185
392.185
392.185
392.185
392.185
392.185
392.185
392.185
0.177323
0.177303
0.177305
0.17731
0.177314
0.177318
0.177319
0.177318
0.177316
0.177314
0.177314
0.177314
392.185
392.185
392.185
392.185
392.185
392.185
392.185
392.185
0.177319
0.177303
0.177306
0.177311
0.177316
0.177319
0.177321
0.177319
0.177316
0.177314
0.177312
0.177312
392.185
392.185
392.185
392.185
392.185
392.185
392.185
392.185
0.177316
0.177303
0.177306
0.177311
0.177317
0.17732
0.177321
0.17732
0.177316
0.177314
0.177312
0.177311
392.185
392.185
392.185
392.185
392.185
392.185
392.185
392.185
0.177344
0.177304
0.177307
0.177312
0.177317
0.177321
0.177322
0.17732
0.177317
0.177314
0.177312
0.177311
392.185
392.185
392.185
392.185
392.185
392.185
392.185
392.185
0.177451
0.177304
0.177307
0.177312
0.177318
0.177321
0.177322
0.17732
0.177317
0.177314
0.177312
0.177311
0.177321
0.17732
0.177318
0.177315
0.17731
0.177306
0.177301
0.177297
0.177293
0.177289
0.177285
0.177281
0.177276
0.177269
0.17726
0.177249
0.177233
0.177204
0.177158
0.177085
0.177321
0.17732
0.177318
0.177315
0.177311
0.177308
0.177304
0.177301
0.177297
0.177294
0.177292
0.177291
0.177289
0.177286
0.177285
0.177284
0.177281
0.17727
0.177249
0.177213
0.17732
0.17732
0.177319
0.177317
0.177314
0.177312
0.17731
0.177308
0.177306
0.177305
0.177306
0.177309
0.177313
0.17732
0.177333
0.17735
0.177371
0.177396
0.177423
0.177453
0.17732
0.17732
0.17732
0.177319
0.177318
0.177317
0.177317
0.177317
0.177317
0.17732
0.177325
0.177334
0.177348
0.177369
0.177399
0.177441
0.177497
0.177569
0.177662
0.177785
0.17732
0.177321
0.177322
0.177322
0.177322
0.177323
0.177324
0.177326
0.17733
0.177336
0.177347
0.177364
0.17739
0.177427
0.177478
0.177549
0.177645
0.177774
0.177946
0.178179
0.17732
0.177322
0.177324
0.177325
0.177326
0.177328
0.17733
0.177335
0.177342
0.177354
0.177371
0.177398
0.177436
0.177489
0.177563
0.177663
0.177802
0.177991
0.178249
0.178601
0.177322
0.177324
0.177326
0.177328
0.17733
0.177332
0.177335
0.177342
0.177353
0.17737
0.177395
0.17743
0.17748
0.177549
0.177643
0.177773
0.177952
0.178199
0.178538
0.179007
0.177324
0.177327
0.177329
0.177331
0.177332
0.177334
0.177339
0.177348
0.177363
0.177385
0.177415
0.177458
0.177517
0.177599
0.177712
0.177867
0.178081
0.178377
0.178785
0.179351
0.177326
0.177329
0.177331
0.177332
0.177333
0.177335
0.177341
0.177352
0.17737
0.177396
0.177431
0.177479
0.177545
0.177636
0.177762
0.177937
0.178177
0.178509
0.178966
0.1796
0.177327
0.17733
0.177332
0.177333
0.177334
0.177336
0.177342
0.177355
0.177375
0.177403
0.17744
0.17749
0.177559
0.177656
0.17779
0.177975
0.178231
0.178582
0.179066
0.179737
0.177327
0.17733
0.177331
0.177332
0.177333
0.177336
0.177343
0.177356
0.177377
0.177404
0.177441
0.177491
0.17756
0.177657
0.177792
0.177979
0.178234
0.178587
0.179073
0.179747
0.177326
0.177328
0.17733
0.177331
0.177333
0.177335
0.177342
0.177355
0.177374
0.1774
0.177435
0.177482
0.177548
0.17764
0.177769
0.177946
0.178189
0.178522
0.178982
0.179621
0.177324
0.177325
0.177327
0.177329
0.177331
0.177334
0.177341
0.177352
0.177368
0.177391
0.177422
0.177465
0.177524
0.177606
0.177722
0.177881
0.178098
0.178395
0.178802
0.179366
0.17732
0.177322
0.177324
0.177327
0.177329
0.177332
0.177337
0.177346
0.177359
0.177378
0.177405
0.177441
0.177491
0.177559
0.177656
0.17779
0.177973
0.17822
0.178557
0.17902
0.177317
0.177319
0.177321
0.177324
0.177326
0.177329
0.177332
0.177338
0.177348
0.177363
0.177384
0.177413
0.177451
0.177504
0.177579
0.177683
0.177824
0.178015
0.178275
0.178627
0.177315
0.177316
0.177318
0.177321
0.177322
0.177324
0.177325
0.177329
0.177336
0.177347
0.177363
0.177383
0.177409
0.177446
0.177498
0.17757
0.177668
0.1778
0.177978
0.178218
0.177313
0.177314
0.177315
0.177317
0.177318
0.177318
0.177318
0.17732
0.177325
0.177332
0.177342
0.177354
0.17737
0.177391
0.177422
0.177464
0.17752
0.177595
0.177693
0.177822
0.177311
0.177312
0.177312
0.177313
0.177313
0.177312
0.177312
0.177313
0.177316
0.177319
0.177323
0.177329
0.177336
0.177345
0.177357
0.177373
0.177395
0.177422
0.177451
0.177482
0.177311
0.17731
0.17731
0.17731
0.177309
0.177308
0.177308
0.177308
0.177309
0.177309
0.17731
0.177311
0.177312
0.177311
0.17731
0.177308
0.177305
0.177297
0.177279
0.177243
0.17731
0.177309
0.177309
0.177308
0.177307
0.177306
0.177306
0.177305
0.177305
0.177303
0.177303
0.177302
0.177299
0.177293
0.177285
0.177274
0.177258
0.177232
0.177192
0.177127
)
;
    }
    procBoundary0to2
    {
        type            processor;
        value           nonuniform List<scalar> 
200
(
0.17457
0.174686
0.174906
0.175211
0.175572
0.175953
0.176316
0.176627
0.176854
0.176973
0.174686
0.174804
0.17503
0.175342
0.175712
0.176102
0.176474
0.176793
0.177025
0.177149
0.174907
0.175031
0.175266
0.175593
0.175978
0.176386
0.176776
0.177109
0.177353
0.177483
0.175213
0.175344
0.175593
0.175939
0.176348
0.176781
0.177195
0.177549
0.177808
0.177945
0.175575
0.175714
0.17598
0.17635
0.176787
0.177249
0.177692
0.178072
0.178349
0.178495
0.175957
0.176106
0.17639
0.176785
0.177252
0.177747
0.178221
0.178628
0.178926
0.179083
0.176323
0.176481
0.176783
0.177202
0.177698
0.178225
0.178729
0.179162
0.17948
0.17965
0.176636
0.176802
0.17712
0.17756
0.178082
0.178635
0.179165
0.179621
0.179954
0.180133
0.176867
0.177039
0.177367
0.177823
0.178363
0.178936
0.179486
0.179957
0.180302
0.180483
0.176992
0.177167
0.177501
0.177964
0.178514
0.179098
0.179658
0.180138
0.180489
0.180673
0.176998
0.177173
0.177506
0.177969
0.178519
0.179102
0.179662
0.180142
0.180495
0.180682
0.176885
0.177056
0.177384
0.177838
0.178378
0.17895
0.179499
0.17997
0.180316
0.180502
0.176664
0.17683
0.177146
0.177585
0.178106
0.178658
0.179187
0.17964
0.179971
0.180147
0.176359
0.176517
0.176819
0.177237
0.177732
0.178256
0.178758
0.179189
0.179502
0.179664
0.176001
0.17615
0.176434
0.176827
0.177293
0.177785
0.178257
0.178662
0.178958
0.179113
0.175625
0.175765
0.176031
0.176398
0.176833
0.177293
0.177734
0.178113
0.17839
0.178539
0.175269
0.175399
0.175648
0.175993
0.176399
0.176829
0.177241
0.177593
0.177851
0.177988
0.174968
0.17509
0.175325
0.17565
0.176032
0.176437
0.176824
0.177156
0.177395
0.177519
0.17475
0.174867
0.175092
0.175402
0.175768
0.176154
0.176525
0.176841
0.177071
0.177187
0.174636
0.17475
0.17497
0.175272
0.175629
0.176006
0.176368
0.176678
0.176904
0.177023
)
;
    }
}


// ************************************************************************* //
