/*--------------------------------*- C++ -*----------------------------------*\
| =========                 |                                                 |
| \\      /  F ield         | OpenFOAM: The Open Source CFD Toolbox           |
|  \\    /   O peration     | Version:  2312                                  |
|   \\  /    A nd           | Website:  www.openfoam.com                      |
|    \\/     M anipulation  |                                                 |
\*---------------------------------------------------------------------------*/
FoamFile
{
    version     2.0;
    format      ascii;
    arch        "LSB;label=32;scalar=64";
    class       volScalarField;
    location    "0.375";
    object      p;
}
// * * * * * * * * * * * * * * * * * * * * * * * * * * * * * * * * * * * * * //

dimensions      [1 -1 -2 0 0 0 0];

internalField   nonuniform List<scalar> 
8000
(
355.679
354.262
351.755
348.381
344.45
340.326
336.3
332.747
330.258
328.495
307.053
305.567
302.763
299.049
294.707
290.121
285.667
281.676
278.73
276.772
258.865
257.116
253.855
249.427
244.223
238.687
233.219
228.113
224.328
222.063
211.337
209.23
205.191
199.595
192.987
185.931
178.876
172.166
166.86
164.321
164.317
161.678
156.511
149.143
140.51
131.366
122.349
113.59
105.381
101.606
118.702
115.422
108.879
98.796
87.5784
76.451
62.8434
48.4769
32.9188
28.4102
75.1388
71.054
62.5374
49.8957
35.277
21.097
12.0546
6.58176
2.57442
1.76481
35.3765
31.7394
24.1667
13.412
4.60483
0.479044
-0.00717108
-0.0193086
0.0309456
0.0342993
6.16572
4.98191
2.51
0.244696
-0.164898
-0.104275
-0.124363
-0.145951
-0.123801
-0.112623
-0.274964
-0.322749
-0.397261
-0.452405
-0.405647
-0.348918
-0.312814
-0.296022
-0.269625
-0.256481
-0.551407
-0.553352
-0.546459
-0.54334
-0.523603
-0.48099
-0.437925
-0.415901
-0.388163
-0.374028
-0.6239
-0.620313
-0.608713
-0.593739
-0.56613
-0.539106
-0.516403
-0.503292
-0.478152
-0.461529
-0.630846
-0.629712
-0.623163
-0.610697
-0.593896
-0.584722
-0.574247
-0.566597
-0.55023
-0.532991
-0.641076
-0.641745
-0.639559
-0.634739
-0.630188
-0.629127
-0.625105
-0.618557
-0.60967
-0.5948
-0.677521
-0.678408
-0.677591
-0.675874
-0.675126
-0.675216
-0.675662
-0.671505
-0.666628
-0.654273
-0.727584
-0.727789
-0.727492
-0.727139
-0.727556
-0.72916
-0.730484
-0.727314
-0.723823
-0.714791
-0.779259
-0.779632
-0.7801
-0.781405
-0.784109
-0.788744
-0.793669
-0.787296
-0.782904
-0.77632
-0.830748
-0.831494
-0.832479
-0.835108
-0.84018
-0.851511
-0.862227
-0.849295
-0.841937
-0.832747
-0.88234
-0.883205
-0.884775
-0.887487
-0.892368
-0.905594
-0.916443
-0.904031
-0.892423
-0.88209
-0.933423
-0.934088
-0.935221
-0.937083
-0.940988
-0.949955
-0.95414
-0.942393
-0.934513
-0.92965
356.368
355.036
352.584
349.258
345.385
341.428
337.553
334.331
331.944
330.232
307.782
306.34
303.65
299.999
295.724
291.25
286.996
283.302
280.636
278.714
259.698
258.011
254.843
250.495
245.375
239.962
234.79
230.217
226.619
224.33
212.335
210.289
206.36
200.889
194.43
187.54
180.69
174.501
169.575
166.859
165.485
162.916
157.879
150.685
142.058
132.521
124.263
115.968
108.684
105.487
119.995
116.81
110.325
100.765
89.6066
79.4169
65.7666
51.2985
36.161
32.7803
75.9691
72.1
63.7109
50.8962
35.7515
21.6333
11.5572
6.21272
2.83754
2.58353
33.3907
30.412
23.1357
12.6985
4.66826
0.796306
-0.0774087
-0.0664736
0.014131
0.0400258
4.02882
3.40721
1.75655
0.108094
-0.336081
-0.266849
-0.188758
-0.197134
-0.163193
-0.134808
-0.455514
-0.481819
-0.506696
-0.524578
-0.499852
-0.454833
-0.37873
-0.349102
-0.313792
-0.283948
-0.654939
-0.656245
-0.646757
-0.634598
-0.606455
-0.545787
-0.474252
-0.447457
-0.417792
-0.39332
-0.722125
-0.72132
-0.707173
-0.682776
-0.639465
-0.578508
-0.535893
-0.517566
-0.495159
-0.477677
-0.711603
-0.709606
-0.694769
-0.666688
-0.629931
-0.602028
-0.585929
-0.573684
-0.558923
-0.545435
-0.682526
-0.680366
-0.669955
-0.65195
-0.636036
-0.631001
-0.628731
-0.6223
-0.615366
-0.602585
-0.694213
-0.692822
-0.686155
-0.678418
-0.67328
-0.673733
-0.677558
-0.673142
-0.669242
-0.659949
-0.736272
-0.734681
-0.731161
-0.727613
-0.725756
-0.729411
-0.73469
-0.728923
-0.725243
-0.719093
-0.783089
-0.782821
-0.781937
-0.782177
-0.785726
-0.792499
-0.797796
-0.789475
-0.784071
-0.781792
-0.832282
-0.833049
-0.83407
-0.836468
-0.84217
-0.855078
-0.862633
-0.854434
-0.847955
-0.844735
-0.88327
-0.884284
-0.885721
-0.888399
-0.895321
-0.909646
-0.919475
-0.912618
-0.906717
-0.899371
-0.933821
-0.934614
-0.935684
-0.9376
-0.943137
-0.954812
-0.96241
-0.954272
-0.95042
-0.939195
357.773
356.495
354.124
350.882
347.026
343.145
339.556
336.478
334.303
332.727
309.286
307.926
305.333
301.785
297.594
293.268
289.21
285.769
283.291
281.664
261.409
259.79
256.734
252.531
247.495
242.291
237.526
233.316
230.217
228.091
214.239
212.358
208.581
203.333
197.28
190.677
184.273
178.727
174.528
172.116
167.771
165.33
160.577
153.765
145.56
136.391
128.628
121.917
116.133
113.706
122.541
119.565
113.414
104.497
94.0881
83.8311
73.0894
61.633
51.1585
48.2419
78.2786
74.8154
66.9336
54.7459
39.859
25.6224
15.1585
9.75724
6.28834
6.63937
34.9749
32.2505
25.3637
15.2668
5.90069
1.62302
0.112867
-0.102731
-0.0689729
0.00460604
4.03827
3.70913
2.40366
0.701083
-0.337497
-0.364308
-0.250145
-0.221782
-0.201219
-0.152566
-0.481455
-0.493011
-0.50507
-0.519599
-0.520688
-0.487379
-0.430846
-0.388773
-0.350252
-0.303748
-0.599128
-0.605087
-0.605559
-0.606332
-0.584756
-0.54182
-0.489432
-0.461708
-0.438743
-0.412204
-0.650863
-0.654784
-0.651947
-0.643928
-0.623392
-0.586818
-0.548595
-0.525728
-0.507132
-0.4907
-0.680953
-0.683772
-0.679404
-0.666053
-0.641358
-0.617118
-0.595324
-0.576218
-0.564574
-0.554755
-0.68625
-0.685186
-0.677115
-0.662027
-0.649615
-0.641675
-0.631541
-0.616567
-0.613472
-0.608673
-0.707448
-0.705621
-0.699208
-0.691096
-0.685612
-0.681781
-0.676421
-0.662449
-0.665361
-0.664368
-0.745671
-0.744449
-0.740759
-0.736739
-0.734743
-0.73531
-0.731472
-0.717357
-0.724714
-0.725
-0.789368
-0.789305
-0.788234
-0.7879
-0.789311
-0.794999
-0.792511
-0.781664
-0.792067
-0.793534
-0.836267
-0.837329
-0.838143
-0.839794
-0.843998
-0.852876
-0.853401
-0.848857
-0.861629
-0.86395
-0.885377
-0.886678
-0.887897
-0.890273
-0.896289
-0.907469
-0.912006
-0.910316
-0.918966
-0.918165
-0.934659
-0.935854
-0.936816
-0.938723
-0.943935
-0.954262
-0.960935
-0.959617
-0.959527
-0.953342
359.791
358.561
356.281
353.225
349.786
346
342.495
339.523
337.499
336.203
311.432
310.19
307.776
304.38
300.334
296.252
292.439
289.168
286.972
285.633
263.834
262.407
259.464
255.48
250.813
245.85
241.38
237.499
234.746
233.124
217.038
215.353
211.754
206.749
201.101
195.232
189.319
184.221
180.638
178.689
171.21
169.029
164.591
158.142
150.611
142.165
134.408
128.563
124.357
122.445
126.629
123.991
118.08
109.855
100.093
89.8025
81.0368
72.6675
65.2676
62.8257
82.4836
79.7314
72.5079
61.4685
47.8752
32.9842
21.1646
14.253
11.3362
12.1792
40.5258
37.7957
30.8587
20.8258
9.77428
3.34986
0.873734
0.0481347
-0.0826568
0.0110862
7.97658
7.31588
4.93341
1.88353
-0.136029
-0.379373
-0.318475
-0.252802
-0.220374
-0.145315
-0.457626
-0.470435
-0.482684
-0.488351
-0.493863
-0.478677
-0.456232
-0.433471
-0.402062
-0.336142
-0.568033
-0.573053
-0.572521
-0.573046
-0.560229
-0.537875
-0.506186
-0.479195
-0.480016
-0.445377
-0.612049
-0.615686
-0.61627
-0.61372
-0.603295
-0.584719
-0.561558
-0.543767
-0.534381
-0.511931
-0.647812
-0.65048
-0.649519
-0.644416
-0.634124
-0.619237
-0.60165
-0.588367
-0.582169
-0.568701
-0.675469
-0.677553
-0.673776
-0.666562
-0.659036
-0.648368
-0.635523
-0.628202
-0.627209
-0.620711
-0.710208
-0.712207
-0.707626
-0.701493
-0.696164
-0.688268
-0.677869
-0.67334
-0.676196
-0.669099
-0.752103
-0.752575
-0.749198
-0.745357
-0.742105
-0.737966
-0.72993
-0.727446
-0.731475
-0.728312
-0.795308
-0.795834
-0.794644
-0.793449
-0.792318
-0.790955
-0.787342
-0.789234
-0.792994
-0.791624
-0.839928
-0.841682
-0.842047
-0.842832
-0.844385
-0.847269
-0.846796
-0.85393
-0.861383
-0.858867
-0.886999
-0.889119
-0.890032
-0.891895
-0.895643
-0.902764
-0.906243
-0.914726
-0.921669
-0.916177
-0.934952
-0.937215
-0.937989
-0.939748
-0.943281
-0.950522
-0.957516
-0.963708
-0.965055
-0.956465
362.17
361.134
359.087
356.25
352.836
349.277
345.954
343.098
341.318
340.202
313.897
312.87
310.485
307.428
303.75
299.869
296.255
293.22
291.16
290.008
266.693
265.338
262.685
259.054
254.796
250.222
245.877
242.262
239.866
238.554
220.485
218.813
215.587
211.095
205.871
200.446
195.236
190.537
187.401
185.795
175.632
173.45
169.381
163.632
156.868
149.725
141.959
136.193
132.54
131.345
132.402
129.451
124.197
116.764
107.878
98.0208
89.5261
82.7808
78.7829
76.5743
89.0435
86.416
79.941
70.1757
58.3463
45.059
32.7159
24.6808
20.6161
21.2978
48.9677
46.0576
39.0677
29.026
17.3093
7.55083
3.15449
1.37333
0.902738
0.866061
14.5948
13.4849
9.78554
4.74322
0.718992
-0.24681
-0.377843
-0.336211
-0.290573
-0.148269
-0.375834
-0.437722
-0.481383
-0.471327
-0.475297
-0.45577
-0.458144
-0.460914
-0.468095
-0.383028
-0.541773
-0.548634
-0.549337
-0.54727
-0.542154
-0.526343
-0.51959
-0.515098
-0.543877
-0.490658
-0.580226
-0.585351
-0.586764
-0.586237
-0.582605
-0.575947
-0.570871
-0.571292
-0.587653
-0.541123
-0.629419
-0.632229
-0.630926
-0.62755
-0.623221
-0.616086
-0.611884
-0.612487
-0.616452
-0.587319
-0.671117
-0.673931
-0.670195
-0.664941
-0.659678
-0.65151
-0.646373
-0.646243
-0.643
-0.631058
-0.716287
-0.717582
-0.712074
-0.706672
-0.701249
-0.693782
-0.688831
-0.68657
-0.682719
-0.672019
-0.759243
-0.759839
-0.755353
-0.751446
-0.747228
-0.742012
-0.738574
-0.736081
-0.73176
-0.726895
-0.798259
-0.801097
-0.799688
-0.798063
-0.79596
-0.793691
-0.791874
-0.792454
-0.788685
-0.784803
-0.840395
-0.844792
-0.845054
-0.845575
-0.845776
-0.84658
-0.846795
-0.849835
-0.849697
-0.844897
-0.886436
-0.890947
-0.891712
-0.893329
-0.895093
-0.898268
-0.901441
-0.904733
-0.904658
-0.898372
-0.933608
-0.938285
-0.938878
-0.94069
-0.942527
-0.94569
-0.949878
-0.953429
-0.952133
-0.94658
364.918
363.859
361.957
359.268
356.116
352.737
349.573
346.98
345.237
344.271
317.009
315.708
313.55
310.662
307.258
303.634
300.302
297.482
295.559
294.52
269.748
268.504
266.125
262.788
258.878
254.76
250.737
247.31
245.17
244.002
224.198
222.597
219.692
215.619
210.862
205.951
201.057
197.133
194.212
192.746
180.224
178.14
174.508
169.348
163.242
156.808
150.363
145.181
141.737
140.199
137.997
135.327
130.687
124.094
116.16
107.847
99.7768
93.4259
89.2323
87.3398
96.9847
94.0655
88.2027
79.5378
69.0777
57.976
47.1466
38.7004
34.5992
34.6764
59.0467
55.9857
49.1354
39.1162
27.6308
16.7122
8.81057
5.05994
4.33979
4.74734
24.7973
22.5082
16.6701
10.5232
4.19329
0.534658
-0.211886
-0.328286
-0.336883
-0.191011
0.767643
0.364522
-0.303561
-0.446503
-0.462828
-0.473011
-0.468813
-0.476912
-0.488958
-0.417715
-0.499864
-0.51712
-0.514262
-0.537291
-0.538776
-0.537692
-0.5373
-0.547204
-0.592503
-0.527659
-0.586535
-0.58499
-0.574842
-0.577616
-0.57882
-0.578725
-0.58635
-0.600272
-0.648286
-0.570798
-0.627226
-0.633048
-0.627689
-0.625263
-0.623118
-0.620737
-0.625702
-0.639351
-0.652679
-0.604766
-0.681879
-0.683954
-0.675158
-0.6685
-0.663644
-0.658163
-0.658338
-0.661543
-0.657196
-0.638652
-0.739439
-0.731101
-0.720431
-0.71293
-0.706943
-0.700449
-0.697083
-0.693165
-0.683221
-0.6753
-0.780587
-0.77146
-0.76394
-0.75782
-0.752422
-0.746797
-0.742298
-0.736821
-0.728179
-0.724521
-0.80365
-0.807342
-0.805267
-0.80277
-0.799469
-0.795918
-0.792414
-0.788757
-0.783923
-0.780907
-0.839918
-0.847367
-0.848108
-0.848415
-0.847357
-0.845992
-0.844344
-0.842962
-0.839961
-0.837111
-0.88404
-0.892589
-0.893568
-0.894934
-0.895233
-0.895377
-0.89533
-0.894976
-0.892818
-0.890309
-0.928635
-0.939502
-0.939877
-0.941803
-0.94249
-0.942983
-0.94337
-0.943373
-0.941751
-0.940017
367.337
366.441
364.614
362.111
359.175
355.972
353.068
350.681
349.005
348.112
319.757
318.535
316.56
313.687
310.514
307.286
304.156
301.552
299.724
298.766
272.731
271.612
269.443
266.318
262.718
258.977
255.3
252.248
250.169
249.089
227.675
226.174
223.614
219.875
215.537
211
206.626
203.035
200.521
199.198
184.49
182.494
179.419
174.733
169.221
163.399
157.801
153.272
150.135
148.576
143.417
140.88
136.884
130.958
123.922
116.434
109.419
103.855
100.032
98.0466
104.433
101.461
96.3532
88.6011
79.2463
69.5591
60.7626
53.6478
49.3989
48.4428
68.5749
65.3735
59.2922
50.2378
38.7479
28.2446
19.8156
13.8689
11.0371
12.1891
36.1148
32.6319
26.9315
18.6383
10.1139
4.25677
1.45947
0.387833
-0.0598767
0.0563264
8.5682
6.96704
4.09647
0.172578
-0.449548
-0.471093
-0.477829
-0.496507
-0.50267
-0.443937
-0.277894
-0.52185
-0.536668
-0.525363
-0.536995
-0.543157
-0.557835
-0.576875
-0.618093
-0.543441
-0.556199
-0.590135
-0.590628
-0.581589
-0.577414
-0.583456
-0.600522
-0.625027
-0.688829
-0.595074
-0.629582
-0.632707
-0.632174
-0.628128
-0.626023
-0.626661
-0.638699
-0.662796
-0.689753
-0.62097
-0.700736
-0.688059
-0.684131
-0.67498
-0.668975
-0.664545
-0.667468
-0.67377
-0.671791
-0.643302
-0.767426
-0.738437
-0.7315
-0.72045
-0.712517
-0.705642
-0.702604
-0.69751
-0.684524
-0.676827
-0.790065
-0.780606
-0.774006
-0.764827
-0.757305
-0.750289
-0.744993
-0.73803
-0.72777
-0.72353
-0.79413
-0.81383
-0.811062
-0.807982
-0.803146
-0.797834
-0.792927
-0.786987
-0.780567
-0.778632
-0.832664
-0.851036
-0.851492
-0.852106
-0.849675
-0.846475
-0.843048
-0.839089
-0.834875
-0.833241
-0.883417
-0.897709
-0.896842
-0.897336
-0.896376
-0.89475
-0.892668
-0.890227
-0.887655
-0.886482
-0.931576
-0.945396
-0.943003
-0.943654
-0.943266
-0.942404
-0.941064
-0.93949
-0.937944
-0.937252
369.296
368.537
366.903
364.611
361.837
358.809
356.051
353.8
352.216
351.383
321.673
320.789
319.066
316.63
313.558
310.458
307.448
304.974
303.256
302.376
275.21
274.183
272.363
269.388
266.05
262.64
259.19
256.33
254.392
253.396
230.538
229.262
227.332
223.422
219.525
215.394
211.454
208.134
205.842
204.646
187.872
186.177
183.82
179.321
174.267
168.973
163.926
159.931
157.17
155.767
147.719
145.637
142.253
136.789
130.39
123.695
117.51
112.603
109.366
107.815
110.357
107.635
103.251
96.1896
87.7873
79.2723
71.7515
65.8275
62.2075
60.9353
75.5355
72.7714
67.4261
59.1007
48.6683
38.2893
29.8981
24.0292
21.0663
21.6684
45.34
41.6341
34.8645
26.7647
16.182
9.27416
4.49103
2.06352
1.24141
1.74332
21.7726
16.678
10.175
4.08946
-0.310555
-0.477156
-0.470276
-0.483376
-0.489461
-0.396135
2.39953
0.609476
-0.496633
-0.540425
-0.512582
-0.545609
-0.559895
-0.585199
-0.627839
-0.542878
-0.935846
-0.580693
-0.58794
-0.594919
-0.575552
-0.58618
-0.610253
-0.642502
-0.705844
-0.613081
-0.364869
-0.637073
-0.63227
-0.633171
-0.627816
-0.631362
-0.64946
-0.68102
-0.71748
-0.634141
-0.503544
-0.697579
-0.694284
-0.682298
-0.673837
-0.669712
-0.675834
-0.685409
-0.687522
-0.647048
-0.735091
-0.771838
-0.748407
-0.729682
-0.718423
-0.709905
-0.707676
-0.702068
-0.689223
-0.678174
-0.826574
-0.816451
-0.791872
-0.776056
-0.763278
-0.753481
-0.747881
-0.739804
-0.729008
-0.724654
-0.817596
-0.839979
-0.82229
-0.816875
-0.807823
-0.80001
-0.794116
-0.787204
-0.780362
-0.778332
-0.848174
-0.864132
-0.856333
-0.857471
-0.853118
-0.847984
-0.843296
-0.837997
-0.832836
-0.831769
-0.906606
-0.908637
-0.902042
-0.900458
-0.898506
-0.895486
-0.892313
-0.88889
-0.885795
-0.884499
-0.960558
-0.957108
-0.946851
-0.945961
-0.944691
-0.942912
-0.940837
-0.938629
-0.936748
-0.935941
371.236
370.237
368.387
366.296
363.592
360.84
358.118
356.018
354.529
353.752
323.412
322.525
320.687
318.319
315.433
312.503
309.721
307.396
305.798
304.993
276.846
276.109
274.198
271.476
268.353
264.999
261.863
259.167
257.415
256.511
232.017
231.491
229.49
225.996
222.374
218.411
214.735
211.791
209.643
208.548
189.053
188.894
186.437
182.508
177.847
172.906
168.284
164.6
162.127
160.844
148.838
148.89
145.879
140.886
134.973
128.774
123.063
118.65
115.825
114.385
111.804
111.842
107.985
101.414
93.6486
85.7805
78.816
73.774
70.8469
69.6809
76.7231
77.5443
73.3261
65.2423
55.4171
45.317
36.9379
31.3056
29.0574
30.3005
44.7706
46.8845
42.7607
32.4962
21.9959
13.2403
7.12405
3.51715
2.97136
4.2004
21.6417
21.9407
17.4385
6.80268
0.301894
-0.441033
-0.461588
-0.475366
-0.461392
-0.300935
11.9177
3.88331
0.65227
-0.531316
-0.52113
-0.548438
-0.56571
-0.591898
-0.636965
-0.54266
12.563
-0.510414
-0.581892
-0.6041
-0.592506
-0.589837
-0.617158
-0.654316
-0.713123
-0.624508
12.0023
-0.239413
-0.671512
-0.645939
-0.639646
-0.636938
-0.656325
-0.690763
-0.729033
-0.639333
7.93217
-0.295777
-0.737411
-0.70315
-0.687973
-0.674201
-0.681242
-0.692106
-0.69468
-0.648238
0.327656
-0.581826
-0.774697
-0.751823
-0.731128
-0.711982
-0.709754
-0.705804
-0.694627
-0.680222
-0.873542
-0.802566
-0.813015
-0.793313
-0.77432
-0.754854
-0.747947
-0.740711
-0.732263
-0.727845
-0.782204
-0.901435
-0.85285
-0.835936
-0.820465
-0.802973
-0.794847
-0.788103
-0.781282
-0.779152
-0.673734
-0.900811
-0.88347
-0.872791
-0.862296
-0.851109
-0.844427
-0.838127
-0.83268
-0.831555
-0.681995
-0.924655
-0.921647
-0.908132
-0.903718
-0.897427
-0.893039
-0.888779
-0.885037
-0.883803
-0.713346
-0.964871
-0.96376
-0.949859
-0.9478
-0.944139
-0.941329
-0.938596
-0.936371
-0.935522
372.832
371.387
369.085
367.506
364.503
361.858
359.303
357.201
355.743
354.997
326.867
323.559
321.714
319.514
316.539
313.536
310.927
308.692
307.134
306.369
280.256
277.058
275.437
272.803
269.644
266.333
263.276
260.744
259.006
258.139
235.379
232.48
230.874
227.735
224.01
220.034
216.459
213.571
211.595
210.565
193.211
190.034
188.402
184.598
179.883
174.994
170.48
166.985
164.659
163.451
153.934
150.457
148.383
143.515
137.562
131.438
125.751
121.63
119.05
117.7
118.295
114.472
111.164
104.481
96.6166
88.6898
81.7031
77.254
74.8365
73.9495
81.3873
81.4784
76.9612
68.4384
58.4919
48.3292
39.7572
34.2136
32.4524
34.3074
47.475
50.8487
47.9841
35.6759
24.178
14.4938
7.97287
4.01799
3.79034
5.65393
28.9855
25.1504
23.8435
8.30958
0.678363
-0.392409
-0.449405
-0.466496
-0.4326
-0.246977
21.2839
10.138
2.31887
-0.303283
-0.505773
-0.545217
-0.56602
-0.596471
-0.645482
-0.540306
18.9335
8.90025
-1.06489
-0.595135
-0.590628
-0.589895
-0.61575
-0.659231
-0.722761
-0.626098
21.2721
10.4268
-0.558514
-0.64697
-0.629367
-0.63273
-0.652559
-0.69052
-0.726943
-0.637527
16.2592
8.27302
-0.586532
-0.693878
-0.672379
-0.664133
-0.674922
-0.688007
-0.689788
-0.645753
11.4976
3.82671
-0.564465
-0.746406
-0.720771
-0.702524
-0.703159
-0.702499
-0.69288
-0.679731
8.64282
-0.546208
-0.774801
-0.796283
-0.769876
-0.748563
-0.743742
-0.740878
-0.733831
-0.728914
8.88461
-0.751838
-0.857526
-0.842965
-0.828253
-0.802022
-0.793043
-0.788422
-0.782956
-0.780128
10.5424
-0.603096
-0.875659
-0.867391
-0.870855
-0.855156
-0.845736
-0.839418
-0.833919
-0.831906
10.3819
-0.870887
-0.907138
-0.904058
-0.905072
-0.898326
-0.893957
-0.889449
-0.885555
-0.884084
5.99886
-0.95936
-0.952757
-0.948852
-0.948049
-0.944739
-0.941968
-0.939017
-0.936573
-0.935699
372.525
370.856
369.059
367.142
364.481
361.823
359.273
357.161
355.698
354.962
327.03
323.502
321.477
319.485
316.466
313.429
310.911
308.672
307.096
306.355
280.512
277.066
275.212
272.642
269.511
266.235
263.241
260.711
258.968
258.106
235.596
232.48
230.703
227.63
223.911
219.974
216.473
213.536
211.557
210.527
193.098
189.973
188.283
184.549
179.882
174.972
170.443
166.968
164.632
163.427
153.547
150.298
148.372
143.559
137.61
131.435
125.72
121.62
119.041
117.699
117.35
114.252
111.196
104.689
96.7838
88.6999
81.6289
77.1957
74.8258
73.9785
80.5002
81.3542
77.3032
69.018
58.9305
48.5042
39.7715
34.1384
32.4137
34.3034
49.2725
51.3038
48.8229
37.0556
25.1133
14.5974
7.93273
4.01308
3.82345
5.74406
33.9606
26.9819
25.8136
9.95476
1.03063
-0.361847
-0.445444
-0.468784
-0.435568
-0.254394
26.673
13.8739
3.62985
-0.14875
-0.497521
-0.541298
-0.567163
-0.600819
-0.65238
-0.541996
25.5716
12.0001
-0.794224
-0.557836
-0.589859
-0.588223
-0.615059
-0.658258
-0.728951
-0.622481
17.9401
10.4563
-0.535753
-0.641145
-0.62876
-0.634712
-0.651672
-0.688213
-0.718896
-0.633299
11.9922
5.4917
-0.62046
-0.683788
-0.672146
-0.670793
-0.676409
-0.684632
-0.68247
-0.643159
6.99253
3.18343
-0.661359
-0.720824
-0.708505
-0.703661
-0.705322
-0.701812
-0.690838
-0.678875
5.14487
-0.00661857
-0.473735
-0.769686
-0.748031
-0.741275
-0.74189
-0.740601
-0.734235
-0.728784
4.95065
-1.23305
-0.844461
-0.622098
-0.81822
-0.797853
-0.78963
-0.787475
-0.783645
-0.780516
5.92515
-0.963347
-0.900598
-0.929332
-0.854343
-0.856352
-0.845249
-0.839429
-0.834641
-0.832533
5.71927
-0.920573
-0.916971
-0.922725
-0.919498
-0.904662
-0.895612
-0.890447
-0.886547
-0.88481
9.18046
-0.946813
-0.946304
-0.94888
-0.95085
-0.945947
-0.942678
-0.939554
-0.937151
-0.936262
371.165
370.28
368.281
366.184
363.46
360.701
358.006
355.868
354.372
353.584
323.467
322.396
320.588
318.259
315.275
312.372
309.582
307.233
305.641
304.811
276.906
275.957
274.044
271.449
268.086
264.917
261.738
259.038
257.279
256.368
232.179
231.353
229.162
225.944
222.231
218.286
214.594
211.643
209.512
208.422
189.544
188.901
186.221
182.358
177.772
172.838
168.296
164.539
162.061
160.776
149.686
149.019
145.863
140.842
134.958
128.703
122.994
118.606
115.829
114.387
113.268
112.248
108.223
101.522
93.6693
85.6052
78.4944
73.5993
70.8833
69.8036
79.2774
78.4765
73.6887
65.5399
55.6105
45.2735
36.7256
31.1453
29.2177
30.4881
47.6434
48.6451
43.351
33.0495
22.3903
13.1072
6.98374
3.50708
3.1029
4.48478
24.1401
23.6599
18.2068
7.58253
0.484622
-0.433388
-0.462197
-0.485958
-0.474303
-0.318286
13.6882
4.19143
0.600288
-0.502466
-0.520703
-0.547403
-0.570874
-0.604924
-0.654214
-0.54659
11.1946
-0.323969
-0.600904
-0.587746
-0.587823
-0.586935
-0.616667
-0.656879
-0.724285
-0.614734
9.29886
0.0826986
-0.643009
-0.630353
-0.63009
-0.632551
-0.650496
-0.684378
-0.709216
-0.626852
3.90424
0.179631
-0.707515
-0.685404
-0.675213
-0.670281
-0.67404
-0.678593
-0.67522
-0.641189
0.510637
-0.72135
-0.78943
-0.737261
-0.718337
-0.709074
-0.70586
-0.699925
-0.688888
-0.679382
0.60311
-0.795516
-0.790288
-0.778337
-0.752446
-0.749369
-0.745611
-0.740718
-0.7338
-0.729458
1.6175
-0.724855
-0.838746
-0.832207
-0.796064
-0.796891
-0.7929
-0.788431
-0.78367
-0.781006
-0.386872
-0.895095
-0.906983
-0.885135
-0.863963
-0.853295
-0.845613
-0.839761
-0.835033
-0.833229
-0.85401
-0.961852
-0.932701
-0.920433
-0.911835
-0.901442
-0.89552
-0.890801
-0.887113
-0.885516
-0.653609
-0.994872
-0.966339
-0.953883
-0.951006
-0.94641
-0.943055
-0.940036
-0.937722
-0.936794
369.13
368.296
366.71
364.39
361.595
358.672
355.729
353.515
351.94
351.1
321.516
320.601
318.889
316.435
313.195
310.178
307.157
304.707
302.986
302.092
275.143
274.077
272.209
269.245
265.779
262.316
258.901
256.064
254.143
253.14
230.568
229.262
227.189
223.359
219.318
215.092
211.107
207.866
205.607
204.41
188.088
186.494
183.82
179.2
174.096
168.777
163.75
159.785
157.043
155.632
148.005
145.873
142.325
136.716
130.262
123.518
117.322
112.512
109.377
107.842
110.621
108.078
103.302
96.0483
87.5467
78.9526
71.4045
65.7275
62.5058
61.2747
76.0894
73.4869
67.5246
58.9661
48.4943
38.018
29.5524
24.0025
21.7032
22.6167
46.5243
43.0006
34.9969
26.5057
15.9068
9.05387
4.43406
2.09684
1.41234
2.00055
22.9821
18.1053
9.99114
4.16914
-0.305247
-0.472769
-0.472755
-0.498627
-0.505795
-0.409169
2.46574
0.71588
-0.483367
-0.521659
-0.510825
-0.540646
-0.566263
-0.602173
-0.646342
-0.542391
-0.899919
-0.537692
-0.584124
-0.584043
-0.572525
-0.584032
-0.611881
-0.647066
-0.708574
-0.59948
-0.596755
-0.620285
-0.624804
-0.625702
-0.624414
-0.628758
-0.644966
-0.672684
-0.687747
-0.617871
-0.703238
-0.71552
-0.694435
-0.677906
-0.670433
-0.667373
-0.669024
-0.668551
-0.663566
-0.639078
-0.797333
-0.768326
-0.747788
-0.726186
-0.714991
-0.708417
-0.703729
-0.696467
-0.685935
-0.680173
-0.770908
-0.797439
-0.78314
-0.772743
-0.759598
-0.752407
-0.746242
-0.739476
-0.732322
-0.729975
-0.735336
-0.824559
-0.829235
-0.824297
-0.809334
-0.800562
-0.794279
-0.788287
-0.783035
-0.781431
-0.574648
-0.872719
-0.883945
-0.872616
-0.860608
-0.851267
-0.845189
-0.839971
-0.835256
-0.833911
-0.771387
-0.929009
-0.920526
-0.911879
-0.905788
-0.899582
-0.895037
-0.891064
-0.887955
-0.886476
-0.990083
-0.96012
-0.960679
-0.952083
-0.949588
-0.946064
-0.943145
-0.940461
-0.938336
-0.937372
367.22
366.247
364.381
361.85
358.894
355.788
352.68
350.287
348.626
347.731
319.568
318.306
316.333
313.41
310.291
306.902
303.776
301.174
299.349
298.386
272.621
271.401
269.205
266.063
262.439
258.622
254.948
251.903
249.817
248.721
227.505
225.92
223.324
219.624
215.255
210.656
206.234
202.678
200.167
198.827
184.327
182.162
179.163
174.483
168.947
163.097
157.517
153.032
149.883
148.284
143.297
140.754
136.699
130.721
123.649
116.109
109.132
103.695
99.9397
97.8763
104.281
101.411
96.0609
88.1587
78.7779
69.1245
60.4254
53.6701
49.8489
48.7567
68.2188
65.4496
59.0382
49.9177
38.4646
27.7983
19.4788
14.1002
11.6567
12.4114
35.6604
32.8965
26.3119
17.8859
9.66539
4.08305
1.44164
0.43952
-0.0260565
0.0758374
8.94148
7.34313
4.12797
0.194241
-0.436874
-0.468135
-0.486383
-0.516452
-0.523511
-0.454544
-0.288276
-0.493611
-0.544772
-0.522142
-0.534042
-0.542574
-0.566837
-0.597903
-0.634992
-0.539832
-0.580469
-0.593601
-0.596508
-0.581098
-0.574715
-0.582284
-0.602675
-0.63087
-0.674986
-0.583913
-0.649518
-0.639885
-0.629581
-0.625786
-0.622669
-0.624207
-0.634592
-0.651597
-0.654485
-0.605026
-0.707711
-0.692005
-0.681884
-0.672534
-0.666504
-0.662757
-0.661551
-0.656673
-0.64839
-0.635753
-0.742267
-0.738915
-0.727725
-0.717913
-0.710807
-0.705103
-0.699676
-0.691654
-0.681909
-0.679341
-0.760891
-0.778082
-0.770437
-0.763614
-0.755996
-0.750453
-0.744673
-0.737655
-0.730666
-0.729725
-0.795937
-0.817055
-0.811489
-0.810018
-0.804001
-0.799001
-0.794125
-0.788381
-0.782802
-0.782235
-0.84248
-0.867946
-0.859859
-0.858701
-0.854147
-0.849231
-0.845205
-0.841118
-0.837622
-0.835619
-0.742268
-0.91498
-0.90926
-0.905263
-0.902094
-0.89823
-0.895102
-0.892076
-0.889438
-0.888208
-0.959626
-0.934999
-0.949026
-0.949609
-0.947793
-0.945575
-0.94333
-0.941086
-0.939227
-0.938439
364.537
363.531
361.626
358.933
355.763
352.407
349.278
346.451
344.758
343.796
316.477
315.352
313.231
310.333
306.942
303.32
299.886
297.014
295.082
294.035
269.531
268.2
265.817
262.479
258.556
254.377
250.312
246.867
244.7
243.505
223.904
222.272
219.359
215.292
210.524
205.549
200.575
196.658
193.707
192.202
179.86
177.789
174.157
169.002
162.886
156.42
150.033
144.847
141.245
139.617
137.577
135.009
130.351
123.735
115.751
107.295
99.449
93.2767
88.8084
86.6559
96.6285
93.7257
87.6711
78.8943
68.4368
57.4945
46.9908
38.9283
34.8237
34.2569
58.5907
55.742
48.7705
38.7636
27.0207
16.1987
8.86328
5.40797
4.42897
4.19372
24.4558
22.3112
15.8162
9.7336
3.83096
0.459631
-0.237797
-0.35708
-0.332929
-0.192068
0.815271
0.461388
-0.288508
-0.453669
-0.474505
-0.483617
-0.488561
-0.505728
-0.504458
-0.414499
-0.517157
-0.519354
-0.509288
-0.539243
-0.544205
-0.542082
-0.546358
-0.562768
-0.605581
-0.514382
-0.590914
-0.584993
-0.5771
-0.576607
-0.578654
-0.577451
-0.586579
-0.604252
-0.621246
-0.553943
-0.630581
-0.628275
-0.625555
-0.623236
-0.620841
-0.618565
-0.620504
-0.622553
-0.617622
-0.590183
-0.683432
-0.67808
-0.673441
-0.667897
-0.662592
-0.657477
-0.653123
-0.645941
-0.637329
-0.632902
-0.729267
-0.723466
-0.718443
-0.712251
-0.706673
-0.700978
-0.694729
-0.687061
-0.679056
-0.678479
-0.763402
-0.765093
-0.76229
-0.757784
-0.752832
-0.747959
-0.742481
-0.736379
-0.729876
-0.729839
-0.803164
-0.808691
-0.807768
-0.804917
-0.801187
-0.797665
-0.794166
-0.790342
-0.786089
-0.784515
-0.856154
-0.86132
-0.857064
-0.853679
-0.850745
-0.848209
-0.846204
-0.843996
-0.84103
-0.839095
-0.902796
-0.910078
-0.904166
-0.901372
-0.899353
-0.897652
-0.896478
-0.895151
-0.893139
-0.890937
-0.93985
-0.95303
-0.949307
-0.94785
-0.946544
-0.945301
-0.944177
-0.943002
-0.941525
-0.940241
361.91
360.792
358.723
355.862
352.44
348.861
345.496
342.56
340.793
339.652
313.474
312.474
310.146
307.025
303.372
299.45
295.761
292.675
290.593
289.426
266.324
264.975
262.343
258.73
254.473
249.7
245.299
241.656
239.26
237.934
220.068
218.42
215.183
210.73
205.552
199.801
194.583
190.01
186.752
185.09
175.128
173.015
168.931
163.227
156.504
149.328
141.705
135.728
131.652
130.398
131.65
128.931
123.749
116.313
107.407
97.8466
89.3099
82.6659
78.1834
75.4402
88.7306
85.8598
79.2625
69.4268
57.6154
44.7673
32.8983
24.8587
20.3523
20.2731
48.5709
45.6827
38.6142
28.3221
16.705
7.35227
3.22528
1.50922
0.815362
0.483763
14.5292
13.2272
9.24972
4.40488
0.627358
-0.266788
-0.38486
-0.32713
-0.264917
-0.133123
-0.402239
-0.439087
-0.4874
-0.486341
-0.49365
-0.470945
-0.469475
-0.466063
-0.463906
-0.36304
-0.548821
-0.548957
-0.551347
-0.545646
-0.547636
-0.529963
-0.519611
-0.511435
-0.532732
-0.470298
-0.591437
-0.590326
-0.588494
-0.582957
-0.578252
-0.570069
-0.566754
-0.571696
-0.563876
-0.526103
-0.637526
-0.634619
-0.631624
-0.625538
-0.619302
-0.61177
-0.606536
-0.602533
-0.595662
-0.578438
-0.67803
-0.67367
-0.670571
-0.66478
-0.658465
-0.651286
-0.644388
-0.638136
-0.632858
-0.627897
-0.718635
-0.715343
-0.712118
-0.707285
-0.701939
-0.695981
-0.689788
-0.684807
-0.679614
-0.67742
-0.755995
-0.757129
-0.755322
-0.752379
-0.748686
-0.744541
-0.740312
-0.737628
-0.733151
-0.732295
-0.79687
-0.80175
-0.801112
-0.799867
-0.797994
-0.79607
-0.794903
-0.794927
-0.792887
-0.790201
-0.845852
-0.84938
-0.849563
-0.848678
-0.848126
-0.848125
-0.849505
-0.850586
-0.849981
-0.847499
-0.893654
-0.895812
-0.897554
-0.897125
-0.897356
-0.898509
-0.901389
-0.903549
-0.903629
-0.899272
-0.942653
-0.944304
-0.945319
-0.945092
-0.945115
-0.945706
-0.947519
-0.94918
-0.94878
-0.945067
359.427
358.172
355.84
352.778
349.347
345.526
341.972
338.954
336.896
335.588
311.064
309.789
307.263
303.872
299.944
295.789
291.903
288.591
286.316
284.947
263.414
261.96
259.022
255.074
250.405
245.337
240.791
236.857
234.05
232.413
216.605
214.939
211.226
206.367
200.653
194.625
188.666
183.553
179.862
177.928
170.738
168.66
163.98
157.712
150.2
141.832
133.935
127.895
123.338
121.262
126.035
123.405
117.637
109.366
99.5737
89.4284
80.7988
72.1573
64.3345
61.4978
81.9606
79.0092
71.906
60.6276
47.349
33.2405
21.9852
14.6162
10.8226
11.4895
40.1702
37.4137
30.3927
20.2681
9.68293
3.34988
0.911099
0.105811
-0.0704041
0.00476806
7.99725
7.19908
4.76798
1.82898
-0.10317
-0.383831
-0.307112
-0.223341
-0.191271
-0.130315
-0.46564
-0.471401
-0.480611
-0.487128
-0.505288
-0.479572
-0.453325
-0.406884
-0.36927
-0.314522
-0.57903
-0.577179
-0.56905
-0.564666
-0.55332
-0.52479
-0.486478
-0.457736
-0.445123
-0.418631
-0.621255
-0.617516
-0.609123
-0.598308
-0.585629
-0.567032
-0.544054
-0.538033
-0.519026
-0.492736
-0.654516
-0.650878
-0.644286
-0.634047
-0.62117
-0.606294
-0.592651
-0.58737
-0.582252
-0.563082
-0.6806
-0.676317
-0.671667
-0.66422
-0.655319
-0.644821
-0.632818
-0.628967
-0.630806
-0.618255
-0.713625
-0.711116
-0.707679
-0.702799
-0.696941
-0.690047
-0.681552
-0.679481
-0.681659
-0.678615
-0.750626
-0.751267
-0.749589
-0.747155
-0.744109
-0.740254
-0.735297
-0.736393
-0.737383
-0.73655
-0.792368
-0.795634
-0.795676
-0.79541
-0.794977
-0.794566
-0.792609
-0.798074
-0.801488
-0.799905
-0.838761
-0.843449
-0.844447
-0.845205
-0.846346
-0.849298
-0.854322
-0.858567
-0.865327
-0.863722
-0.886309
-0.892243
-0.893437
-0.894492
-0.896259
-0.901255
-0.910491
-0.915438
-0.918592
-0.914052
-0.940712
-0.942234
-0.942672
-0.94304
-0.944006
-0.947394
-0.954169
-0.957918
-0.95742
-0.949563
357.361
356.059
353.666
350.414
346.541
342.618
338.982
335.861
333.653
332.014
308.9
307.446
304.859
301.314
297.122
292.741
288.623
285.126
282.596
280.903
260.962
259.348
256.285
252.088
247.041
241.742
236.896
232.61
229.442
227.252
213.782
211.907
208.107
202.886
196.78
190.154
183.615
177.94
173.609
171.203
167.322
164.899
160.124
153.351
145.122
136.072
127.993
120.977
114.854
112.3
122.044
119.08
112.979
104.086
93.4593
82.8624
72.3228
60.5651
49.681
46.7943
77.8106
74.3094
66.4516
54.2946
39.6321
25.5152
15.0869
9.50847
5.82757
6.17918
34.6923
31.9062
24.9516
14.9177
5.91979
1.6155
0.127706
-0.0649897
-0.0415429
0.0120275
4.0846
3.68105
2.34424
0.682469
-0.342872
-0.331265
-0.208629
-0.184501
-0.173556
-0.133881
-0.498219
-0.502945
-0.499225
-0.509329
-0.515384
-0.454772
-0.396451
-0.353506
-0.319985
-0.287959
-0.612833
-0.61066
-0.59986
-0.591581
-0.560958
-0.502774
-0.460139
-0.43058
-0.413941
-0.394704
-0.658751
-0.653663
-0.640638
-0.62356
-0.596747
-0.556541
-0.520926
-0.503424
-0.491862
-0.474103
-0.685762
-0.679646
-0.66845
-0.650575
-0.627276
-0.602204
-0.581636
-0.561731
-0.56317
-0.547265
-0.682166
-0.676838
-0.672152
-0.663876
-0.652886
-0.641173
-0.628115
-0.617342
-0.622609
-0.609571
-0.704675
-0.70275
-0.700314
-0.696619
-0.692108
-0.687339
-0.679292
-0.672059
-0.678432
-0.679078
-0.743431
-0.743803
-0.742076
-0.740733
-0.73955
-0.739073
-0.736182
-0.72994
-0.736211
-0.737822
-0.787535
-0.789281
-0.789218
-0.789836
-0.791689
-0.795132
-0.79772
-0.793304
-0.799741
-0.801019
-0.836222
-0.838505
-0.839618
-0.841381
-0.844404
-0.850369
-0.858514
-0.8557
-0.861921
-0.863447
-0.886538
-0.889293
-0.890267
-0.891896
-0.895063
-0.903098
-0.914681
-0.911744
-0.912276
-0.909742
-0.939014
-0.939837
-0.940374
-0.941089
-0.942942
-0.948833
-0.957285
-0.954544
-0.950001
-0.943772
355.925
354.584
352.119
348.777
344.874
340.874
336.942
333.675
331.232
329.504
307.342
305.875
303.183
299.519
295.214
290.683
286.366
282.622
279.873
277.933
259.245
257.56
254.389
250.03
244.867
239.37
234.112
229.464
225.769
223.45
211.871
209.836
205.916
200.447
193.925
186.912
179.951
173.622
168.58
165.847
165.039
162.48
157.466
150.313
141.611
131.808
123.405
114.816
107.211
103.815
119.56
116.378
109.977
100.601
89.4384
78.544
64.5095
49.6265
34.0248
31.2904
75.5596
71.686
63.4402
50.8502
35.6259
20.7913
10.8441
5.75607
2.39809
2.2341
33.0728
29.9632
22.6473
12.3928
4.51027
0.713649
-0.065783
-0.0353297
0.0239613
0.0349173
3.94315
3.25616
1.60159
0.0567162
-0.333405
-0.240786
-0.170549
-0.171208
-0.142714
-0.114046
-0.469008
-0.489227
-0.501599
-0.517018
-0.487163
-0.43039
-0.358857
-0.32288
-0.29313
-0.260852
-0.663335
-0.659882
-0.643038
-0.625375
-0.586982
-0.522473
-0.450842
-0.422324
-0.401006
-0.37397
-0.724325
-0.716766
-0.697573
-0.671409
-0.624818
-0.558113
-0.511846
-0.495422
-0.48405
-0.460247
-0.701159
-0.69579
-0.683906
-0.661602
-0.628449
-0.595358
-0.57303
-0.559298
-0.552621
-0.531786
-0.674035
-0.670412
-0.666406
-0.656645
-0.645047
-0.637128
-0.630853
-0.619466
-0.615223
-0.604793
-0.69127
-0.690316
-0.689639
-0.687283
-0.685129
-0.683981
-0.682731
-0.678849
-0.675216
-0.674508
-0.735448
-0.735465
-0.734294
-0.733955
-0.734308
-0.735566
-0.7373
-0.73773
-0.733399
-0.733656
-0.783188
-0.783946
-0.783641
-0.784408
-0.787455
-0.793035
-0.800124
-0.801461
-0.794437
-0.79338
-0.833268
-0.834496
-0.835251
-0.837702
-0.841878
-0.849435
-0.863664
-0.863861
-0.857583
-0.849302
-0.8851
-0.886722
-0.887805
-0.889593
-0.893233
-0.90258
-0.916943
-0.914223
-0.907504
-0.895609
-0.937426
-0.938035
-0.938668
-0.93957
-0.941655
-0.948153
-0.957086
-0.952512
-0.944099
-0.934743
355.208
353.808
351.289
347.893
343.924
339.745
335.647
332.041
329.525
327.783
306.619
305.059
302.299
298.566
294.179
289.528
285.006
280.926
277.955
276.017
258.401
256.655
253.397
248.951
243.688
238.059
232.486
227.283
223.467
221.208
210.866
208.769
204.743
199.142
192.453
185.255
178.02
171.246
165.86
163.304
163.857
161.217
156.076
148.773
140.005
130.6
121.366
112.306
103.791
99.8522
118.243
114.956
108.374
98.7152
87.2243
75.571
61.6184
46.8544
31.2365
27.4047
74.6805
70.5868
62.1599
49.6539
34.9111
20.624
11.5938
6.15953
2.22424
1.60129
34.8325
31.069
23.3978
12.8809
4.27319
0.447885
0.00770024
0.00647099
0.0303471
0.0361709
5.90225
4.629
2.1789
0.141927
-0.178361
-0.111722
-0.118988
-0.131561
-0.117917
-0.0967438
-0.28751
-0.333449
-0.406082
-0.455627
-0.411641
-0.357727
-0.310364
-0.288409
-0.265929
-0.236106
-0.550505
-0.551976
-0.546097
-0.543361
-0.520427
-0.47417
-0.428855
-0.407258
-0.382494
-0.356294
-0.611785
-0.606885
-0.599912
-0.587171
-0.559312
-0.525554
-0.499621
-0.486746
-0.472088
-0.446269
-0.622512
-0.620632
-0.617503
-0.608043
-0.591786
-0.575292
-0.562028
-0.552134
-0.542199
-0.522246
-0.641427
-0.640944
-0.640508
-0.63596
-0.629473
-0.624722
-0.620168
-0.614481
-0.606908
-0.594494
-0.682073
-0.682112
-0.682214
-0.679069
-0.676096
-0.675616
-0.675394
-0.675829
-0.668477
-0.668906
-0.731447
-0.731674
-0.731492
-0.731152
-0.731322
-0.73165
-0.733878
-0.735549
-0.734277
-0.729661
-0.781488
-0.78198
-0.782287
-0.783393
-0.785223
-0.789338
-0.797158
-0.801793
-0.794677
-0.785716
-0.832653
-0.833458
-0.83426
-0.836241
-0.840156
-0.846175
-0.860841
-0.866783
-0.852281
-0.838683
-0.884779
-0.885662
-0.886689
-0.888595
-0.891382
-0.897807
-0.911586
-0.91288
-0.898158
-0.886864
-0.936828
-0.937323
-0.937937
-0.938973
-0.940654
-0.944685
-0.950686
-0.947532
-0.936383
-0.932452
-0.983944
-0.984323
-0.984861
-0.985655
-0.98728
-0.990495
-0.989475
-0.979937
-0.977237
-0.977952
-1.03426
-1.03437
-1.03441
-1.03437
-1.0342
-1.03356
-1.03101
-1.02581
-1.02498
-1.02779
-1.08462
-1.08455
-1.08428
-1.08378
-1.08287
-1.08124
-1.07845
-1.0761
-1.07538
-1.0778
-1.13518
-1.13501
-1.13459
-1.13393
-1.13288
-1.13131
-1.1293
-1.12769
-1.12724
-1.12852
-1.18595
-1.18575
-1.1853
-1.18466
-1.18374
-1.18249
-1.1811
-1.18
-1.17965
-1.18023
-1.23695
-1.23674
-1.2363
-1.23575
-1.23502
-1.23412
-1.23317
-1.23244
-1.23215
-1.23232
-1.28814
-1.28794
-1.28753
-1.28708
-1.28652
-1.28588
-1.28524
-1.28475
-1.28451
-1.28451
-1.33954
-1.33933
-1.33895
-1.33858
-1.33816
-1.3377
-1.33725
-1.3369
-1.33671
-1.33666
-1.39118
-1.39095
-1.39056
-1.39023
-1.38989
-1.38954
-1.38921
-1.38895
-1.38879
-1.38872
-1.44315
-1.44283
-1.4424
-1.44206
-1.44173
-1.44142
-1.44114
-1.44092
-1.44078
-1.44071
-1.49547
-1.49501
-1.49448
-1.49406
-1.49369
-1.49336
-1.49308
-1.49287
-1.49273
-1.49266
-1.54812
-1.54746
-1.54679
-1.54623
-1.54576
-1.54537
-1.54505
-1.54481
-1.54466
-1.54458
-1.601
-1.60012
-1.59926
-1.59853
-1.59792
-1.59743
-1.59704
-1.59677
-1.59659
-1.5965
-1.65392
-1.65283
-1.65177
-1.65086
-1.6501
-1.6495
-1.64904
-1.64872
-1.64851
-1.64841
-1.70667
-1.7054
-1.70419
-1.7031
-1.70223
-1.70153
-1.70101
-1.70065
-1.70042
-1.7003
-1.75893
-1.75758
-1.75629
-1.75514
-1.7542
-1.75347
-1.75291
-1.75253
-1.7523
-1.75217
-1.81048
-1.80918
-1.80795
-1.80686
-1.80596
-1.80525
-1.80472
-1.80435
-1.80412
-1.804
-1.86121
-1.86013
-1.85911
-1.8582
-1.85745
-1.85685
-1.85639
-1.85607
-1.85587
-1.85577
-1.91127
-1.91052
-1.90984
-1.90922
-1.90869
-1.90827
-1.90794
-1.9077
-1.90755
-1.90747
-1.96096
-1.96057
-1.96028
-1.96
-1.95976
-1.95954
-1.95936
-1.95922
-1.95913
-1.95908
-0.984018
-0.984512
-0.984926
-0.985559
-0.987573
-0.992187
-0.994443
-0.986025
-0.984095
-0.979535
-1.03413
-1.03437
-1.03429
-1.03398
-1.03324
-1.03165
-1.02837
-1.02302
-1.02488
-1.02724
-1.08441
-1.08449
-1.08415
-1.08346
-1.08206
-1.07913
-1.07423
-1.06997
-1.07164
-1.07678
-1.13493
-1.13494
-1.1345
-1.13376
-1.13244
-1.13028
-1.12718
-1.12436
-1.12446
-1.12766
-1.1857
-1.18569
-1.18522
-1.18459
-1.18359
-1.1821
-1.18034
-1.17895
-1.17876
-1.17993
-1.2367
-1.23668
-1.23622
-1.23571
-1.23498
-1.23402
-1.23296
-1.23216
-1.23194
-1.23231
-1.28783
-1.28785
-1.28741
-1.28703
-1.28651
-1.28587
-1.28522
-1.28474
-1.28453
-1.28458
-1.33915
-1.3392
-1.33877
-1.33849
-1.33811
-1.33769
-1.33726
-1.33692
-1.33675
-1.33673
-1.39071
-1.39075
-1.39032
-1.3901
-1.38981
-1.3895
-1.3892
-1.38896
-1.38882
-1.38876
-1.44261
-1.44257
-1.44212
-1.44188
-1.44161
-1.44135
-1.4411
-1.4409
-1.44078
-1.44072
-1.49498
-1.49473
-1.49419
-1.49386
-1.49355
-1.49326
-1.49301
-1.49282
-1.4927
-1.49264
-1.54778
-1.54725
-1.54655
-1.54605
-1.54562
-1.54526
-1.54496
-1.54475
-1.54461
-1.54454
-1.60086
-1.60005
-1.59912
-1.5984
-1.5978
-1.59732
-1.59695
-1.59668
-1.59652
-1.59643
-1.65411
-1.65296
-1.65179
-1.65081
-1.65003
-1.64941
-1.64895
-1.64863
-1.64843
-1.64833
-1.70721
-1.70576
-1.70438
-1.70315
-1.70221
-1.70148
-1.70094
-1.70057
-1.70034
-1.70023
-1.75971
-1.75813
-1.75661
-1.75529
-1.75425
-1.75344
-1.75286
-1.75247
-1.75223
-1.7521
-1.81129
-1.80979
-1.80833
-1.80706
-1.80604
-1.80526
-1.80469
-1.8043
-1.80407
-1.80395
-1.86188
-1.86065
-1.85946
-1.85841
-1.85755
-1.85688
-1.85639
-1.85605
-1.85585
-1.85574
-1.91164
-1.91082
-1.91008
-1.90938
-1.90879
-1.90832
-1.90796
-1.90771
-1.90755
-1.90747
-1.96099
-1.96063
-1.96036
-1.9601
-1.95984
-1.95961
-1.95942
-1.95927
-1.95917
-1.95912
-0.984142
-0.98509
-0.985469
-0.986142
-0.987914
-0.991368
-0.993203
-0.990658
-0.992164
-0.989043
-1.03387
-1.03462
-1.03454
-1.03432
-1.0335
-1.03128
-1.02636
-1.02199
-1.02683
-1.03189
-1.084
-1.0846
-1.08426
-1.08373
-1.08244
-1.07957
-1.07449
-1.06996
-1.07223
-1.07819
-1.13448
-1.13501
-1.13453
-1.13397
-1.13277
-1.13075
-1.1279
-1.12541
-1.12577
-1.12872
-1.18527
-1.18575
-1.18519
-1.18473
-1.18383
-1.18247
-1.18085
-1.17961
-1.17954
-1.18065
-1.23617
-1.23671
-1.2361
-1.23579
-1.23514
-1.23427
-1.23331
-1.23259
-1.23242
-1.23279
-1.28715
-1.28781
-1.28718
-1.28702
-1.28657
-1.28602
-1.28544
-1.28502
-1.28484
-1.28491
-1.33824
-1.33905
-1.3384
-1.33838
-1.33808
-1.33773
-1.33737
-1.33707
-1.33694
-1.33693
-1.38951
-1.39045
-1.38979
-1.38987
-1.38968
-1.38945
-1.38921
-1.38901
-1.3889
-1.38886
-1.44117
-1.44211
-1.44147
-1.44155
-1.4414
-1.44122
-1.44103
-1.44088
-1.44078
-1.44074
-1.49368
-1.49421
-1.49354
-1.49347
-1.49328
-1.49307
-1.49288
-1.49273
-1.49263
-1.49258
-1.54683
-1.54682
-1.546
-1.54567
-1.54533
-1.54504
-1.54479
-1.5446
-1.54449
-1.54443
-1.60042
-1.59987
-1.59878
-1.5981
-1.59754
-1.59709
-1.59675
-1.59651
-1.59636
-1.59629
-1.65418
-1.65317
-1.65174
-1.65066
-1.64984
-1.64921
-1.64876
-1.64844
-1.64826
-1.64816
-1.70814
-1.7064
-1.70466
-1.70315
-1.70212
-1.70133
-1.70077
-1.70039
-1.70017
-1.70005
-1.76127
-1.75916
-1.75716
-1.75549
-1.75427
-1.75336
-1.75273
-1.75232
-1.75207
-1.75195
-1.81316
-1.81103
-1.80904
-1.80738
-1.80614
-1.80523
-1.80461
-1.80419
-1.80395
-1.80382
-1.86347
-1.86176
-1.86013
-1.85875
-1.85769
-1.85691
-1.85636
-1.856
-1.85578
-1.85567
-1.91247
-1.9115
-1.91052
-1.90965
-1.90895
-1.9084
-1.908
-1.90772
-1.90755
-1.90747
-1.96099
-1.96075
-1.96054
-1.96026
-1.95999
-1.95974
-1.95953
-1.95937
-1.95926
-1.9592
-0.983687
-0.985798
-0.986119
-0.987036
-0.988193
-0.990146
-0.992703
-0.99521
-0.996633
-0.993806
-1.03299
-1.03498
-1.03488
-1.03515
-1.03469
-1.03303
-1.02991
-1.02814
-1.03073
-1.03453
-1.08305
-1.08483
-1.08441
-1.0844
-1.08353
-1.08163
-1.07846
-1.07566
-1.07692
-1.08054
-1.13357
-1.13523
-1.13456
-1.13448
-1.13366
-1.13218
-1.13019
-1.12857
-1.12882
-1.13071
-1.18441
-1.18599
-1.18512
-1.1851
-1.18443
-1.18338
-1.18217
-1.18125
-1.18119
-1.18198
-1.23522
-1.23692
-1.2359
-1.23602
-1.23552
-1.23487
-1.2341
-1.23354
-1.2334
-1.23367
-1.286
-1.28794
-1.2868
-1.28712
-1.28675
-1.28635
-1.28589
-1.28555
-1.28542
-1.28547
-1.33676
-1.33901
-1.33779
-1.33833
-1.33809
-1.33786
-1.33759
-1.33738
-1.33728
-1.33727
-1.38759
-1.39011
-1.38891
-1.38965
-1.38953
-1.38942
-1.38927
-1.38913
-1.38905
-1.38903
-1.43849
-1.44149
-1.44036
-1.44114
-1.44111
-1.44106
-1.44096
-1.44086
-1.4408
-1.44077
-1.49133
-1.49345
-1.49239
-1.49294
-1.4929
-1.49282
-1.49271
-1.49261
-1.49254
-1.49251
-1.54503
-1.54619
-1.54503
-1.54512
-1.54492
-1.54472
-1.54454
-1.5444
-1.54431
-1.54427
-1.59943
-1.59972
-1.59815
-1.59766
-1.59716
-1.59675
-1.59645
-1.59624
-1.59612
-1.59606
-1.65443
-1.65366
-1.65159
-1.65045
-1.64956
-1.6489
-1.64845
-1.64815
-1.64799
-1.6479
-1.71009
-1.70765
-1.70504
-1.70326
-1.702
-1.70108
-1.70048
-1.7001
-1.69989
-1.69978
-1.76462
-1.76118
-1.75811
-1.75585
-1.75431
-1.7532
-1.7525
-1.75205
-1.75181
-1.75169
-1.81707
-1.81348
-1.81031
-1.80793
-1.80631
-1.80517
-1.80444
-1.80399
-1.80374
-1.80361
-1.86642
-1.864
-1.86138
-1.85933
-1.85792
-1.85693
-1.85629
-1.85588
-1.85565
-1.85553
-1.91365
-1.91283
-1.91143
-1.91014
-1.90919
-1.90849
-1.90803
-1.90771
-1.90753
-1.90744
-1.96057
-1.96098
-1.96094
-1.96059
-1.96024
-1.95993
-1.95969
-1.9595
-1.95937
-1.9593
-0.981915
-0.986347
-0.986544
-0.988011
-0.988781
-0.989452
-0.990311
-0.991275
-0.991597
-0.990578
-1.03064
-1.0352
-1.03506
-1.03615
-1.03609
-1.03523
-1.03358
-1.03251
-1.03314
-1.03507
-1.08091
-1.08505
-1.08443
-1.08529
-1.08489
-1.08383
-1.08217
-1.08078
-1.0811
-1.08275
-1.13168
-1.13557
-1.13448
-1.13522
-1.13474
-1.13385
-1.13262
-1.13167
-1.1317
-1.13266
-1.18302
-1.18651
-1.18496
-1.18569
-1.1852
-1.18455
-1.18372
-1.18311
-1.18302
-1.18346
-1.23386
-1.23748
-1.23563
-1.23646
-1.236
-1.23558
-1.23506
-1.23467
-1.23456
-1.2347
-1.28406
-1.28842
-1.28632
-1.2874
-1.28699
-1.28676
-1.28645
-1.28621
-1.28612
-1.28615
-1.33418
-1.33928
-1.33698
-1.33844
-1.3381
-1.33804
-1.33788
-1.33774
-1.33768
-1.33767
-1.38409
-1.39002
-1.38764
-1.38953
-1.38933
-1.3894
-1.38935
-1.38928
-1.38924
-1.38923
-1.43443
-1.44086
-1.43856
-1.44073
-1.44072
-1.44086
-1.44087
-1.44084
-1.44081
-1.4408
-1.48647
-1.49242
-1.49041
-1.49225
-1.49237
-1.49248
-1.49247
-1.49244
-1.49241
-1.4924
-1.5409
-1.54532
-1.54333
-1.54433
-1.54431
-1.54425
-1.54418
-1.5441
-1.54406
-1.54404
-1.59668
-1.59938
-1.59691
-1.59694
-1.59653
-1.59621
-1.59599
-1.59585
-1.59578
-1.59574
-1.6533
-1.65434
-1.65094
-1.64997
-1.64902
-1.64834
-1.64794
-1.64769
-1.64758
-1.64752
-1.7114
-1.70953
-1.70531
-1.70317
-1.70164
-1.70059
-1.69999
-1.69963
-1.69946
-1.69938
-1.76764
-1.76403
-1.7593
-1.75618
-1.75417
-1.75283
-1.75207
-1.75162
-1.75141
-1.7513
-1.82129
-1.81697
-1.81212
-1.80855
-1.80638
-1.80493
-1.80412
-1.80364
-1.8034
-1.80329
-1.87187
-1.86763
-1.86332
-1.86006
-1.85809
-1.85681
-1.8561
-1.85565
-1.85542
-1.85531
-1.9171
-1.91508
-1.91295
-1.9108
-1.90944
-1.90854
-1.908
-1.90765
-1.90746
-1.90736
-1.96052
-1.96154
-1.96181
-1.96111
-1.96057
-1.96015
-1.95987
-1.95964
-1.9595
-1.95942
-0.974463
-0.987178
-0.986799
-0.989076
-0.989514
-0.989424
-0.988899
-0.988406
-0.987814
-0.987705
-1.02299
-1.03568
-1.03523
-1.03727
-1.03731
-1.0368
-1.03573
-1.03478
-1.0347
-1.03544
-1.07462
-1.08583
-1.08444
-1.08635
-1.08613
-1.08554
-1.08455
-1.08374
-1.08363
-1.08427
-1.12631
-1.13668
-1.13436
-1.13616
-1.13577
-1.13527
-1.13451
-1.13389
-1.13382
-1.13417
-1.17871
-1.1879
-1.18481
-1.18648
-1.18598
-1.1856
-1.18507
-1.18468
-1.18456
-1.18472
-1.23019
-1.23902
-1.23544
-1.2371
-1.23652
-1.2363
-1.23595
-1.23569
-1.2356
-1.23565
-1.28075
-1.29
-1.28607
-1.28791
-1.28728
-1.28721
-1.28701
-1.28686
-1.28679
-1.2868
-1.33015
-1.34065
-1.33654
-1.33879
-1.33818
-1.33827
-1.33818
-1.33811
-1.33808
-1.33808
-1.37763
-1.39065
-1.38683
-1.38966
-1.38921
-1.38944
-1.38945
-1.38943
-1.38942
-1.38942
-1.42218
-1.44041
-1.43681
-1.44051
-1.44042
-1.44074
-1.44081
-1.44081
-1.44081
-1.44082
-1.47301
-1.49138
-1.48786
-1.49162
-1.49191
-1.4922
-1.49226
-1.49224
-1.49225
-1.49225
-1.53259
-1.54431
-1.5411
-1.54348
-1.5437
-1.54381
-1.5438
-1.54375
-1.54375
-1.54375
-1.59192
-1.59893
-1.59508
-1.59604
-1.5958
-1.5956
-1.59546
-1.59535
-1.59533
-1.59532
-1.6512
-1.65542
-1.64994
-1.64928
-1.64831
-1.64764
-1.6473
-1.64709
-1.64703
-1.64701
-1.71508
-1.71301
-1.70548
-1.70297
-1.70114
-1.69993
-1.69933
-1.69898
-1.69887
-1.69882
-1.7802
-1.76946
-1.76086
-1.75658
-1.75397
-1.75229
-1.75147
-1.751
-1.75083
-1.75076
-1.84102
-1.82443
-1.81445
-1.8093
-1.80639
-1.80453
-1.80362
-1.8031
-1.8029
-1.80281
-1.89208
-1.87438
-1.86559
-1.86082
-1.85826
-1.85657
-1.85574
-1.85525
-1.85506
-1.85496
-1.92908
-1.92048
-1.91498
-1.91161
-1.90975
-1.9085
-1.90786
-1.90747
-1.9073
-1.90721
-1.96377
-1.96475
-1.96372
-1.96207
-1.96108
-1.96041
-1.96003
-1.95975
-1.95961
-1.95952
-0.978028
-0.992008
-0.989824
-0.990717
-0.990488
-0.989853
-0.988739
-0.987561
-0.986771
-0.986657
-1.02542
-1.03958
-1.03758
-1.03873
-1.03845
-1.03791
-1.03696
-1.03606
-1.03565
-1.03581
-1.07422
-1.08931
-1.08606
-1.0876
-1.08721
-1.08678
-1.08605
-1.0854
-1.08514
-1.0853
-1.12347
-1.14011
-1.13544
-1.13717
-1.13666
-1.13635
-1.13583
-1.13539
-1.13521
-1.13531
-1.17926
-1.19087
-1.18564
-1.18725
-1.18661
-1.18643
-1.18608
-1.18581
-1.18569
-1.18573
-1.23385
-1.24132
-1.2361
-1.23761
-1.23689
-1.23686
-1.23665
-1.2365
-1.23643
-1.23645
-1.28732
-1.29216
-1.28666
-1.28823
-1.28739
-1.28752
-1.28743
-1.28738
-1.28736
-1.28737
-1.33909
-1.34288
-1.33693
-1.33893
-1.33802
-1.33834
-1.33837
-1.3384
-1.33842
-1.33844
-1.38783
-1.39306
-1.38666
-1.38954
-1.38876
-1.38929
-1.38942
-1.38951
-1.38956
-1.38959
-1.42816
-1.44086
-1.43572
-1.44007
-1.43969
-1.44038
-1.44057
-1.44068
-1.44076
-1.4408
-1.46275
-1.4895
-1.48535
-1.49088
-1.491
-1.4916
-1.49178
-1.49189
-1.492
-1.49206
-1.51841
-1.542
-1.53892
-1.54261
-1.5427
-1.54295
-1.54303
-1.54313
-1.54329
-1.54336
-1.57866
-1.59683
-1.59312
-1.59504
-1.59462
-1.59439
-1.59438
-1.59446
-1.59467
-1.59477
-1.64294
-1.65503
-1.64853
-1.64847
-1.64704
-1.64617
-1.64598
-1.64599
-1.64622
-1.64633
-1.71608
-1.71764
-1.70562
-1.70289
-1.70012
-1.69843
-1.69795
-1.69782
-1.69799
-1.69808
-1.78922
-1.77903
-1.76239
-1.75732
-1.75334
-1.75096
-1.75021
-1.74992
-1.74998
-1.75002
-1.85815
-1.83935
-1.81721
-1.81057
-1.80602
-1.80342
-1.80252
-1.80215
-1.80214
-1.80214
-1.91806
-1.89318
-1.87022
-1.8619
-1.858
-1.85565
-1.85485
-1.8545
-1.85446
-1.85445
-1.94252
-1.93862
-1.92115
-1.91275
-1.9099
-1.90799
-1.90732
-1.90703
-1.90697
-1.90694
-1.97274
-1.98258
-1.97178
-1.96405
-1.96169
-1.96048
-1.95999
-1.95974
-1.95964
-1.95958
-1.0067
-1.00196
-0.992909
-0.992493
-0.991712
-0.990609
-0.989193
-0.987757
-0.986686
-0.986292
-1.04798
-1.04736
-1.03994
-1.04023
-1.03961
-1.03889
-1.03789
-1.03695
-1.03633
-1.03617
-1.08524
-1.09595
-1.08717
-1.08873
-1.08824
-1.08779
-1.08711
-1.08649
-1.08611
-1.08606
-1.13506
-1.14588
-1.1364
-1.13798
-1.13751
-1.13725
-1.1368
-1.13641
-1.13618
-1.13616
-1.19234
-1.19453
-1.18679
-1.18768
-1.18729
-1.18716
-1.18689
-1.18666
-1.18652
-1.18651
-1.24421
-1.24166
-1.23752
-1.23772
-1.23744
-1.23743
-1.23729
-1.23717
-1.2371
-1.23709
-1.30139
-1.29058
-1.28846
-1.28818
-1.2879
-1.28798
-1.28794
-1.28789
-1.28786
-1.28786
-1.35867
-1.33891
-1.33944
-1.33893
-1.33865
-1.33879
-1.33881
-1.33879
-1.33878
-1.33878
-1.41302
-1.38513
-1.3897
-1.38977
-1.38968
-1.38985
-1.38985
-1.38983
-1.38981
-1.38981
-1.45331
-1.4224
-1.43854
-1.4408
-1.44101
-1.44111
-1.44103
-1.44095
-1.44091
-1.4409
-1.48488
-1.47163
-1.48756
-1.49239
-1.49248
-1.49237
-1.49216
-1.49206
-1.49204
-1.49203
-1.5354
-1.53482
-1.54068
-1.54465
-1.54388
-1.54328
-1.54308
-1.54311
-1.54319
-1.54321
-1.5848
-1.5942
-1.59415
-1.5966
-1.59477
-1.59384
-1.5939
-1.59406
-1.59438
-1.59448
-1.65332
-1.65535
-1.64914
-1.64915
-1.64663
-1.64493
-1.64507
-1.64532
-1.64575
-1.64588
-1.73605
-1.72323
-1.70741
-1.7034
-1.69953
-1.69692
-1.69684
-1.69705
-1.69737
-1.69746
-1.78799
-1.78819
-1.76637
-1.7581
-1.75278
-1.74951
-1.74923
-1.74912
-1.74921
-1.74927
-1.85751
-1.85724
-1.82406
-1.8113
-1.805
-1.80205
-1.80143
-1.80125
-1.80131
-1.80136
-1.91757
-1.91039
-1.87564
-1.86065
-1.85626
-1.85405
-1.85372
-1.85359
-1.85371
-1.85378
-1.94447
-1.96192
-1.9288
-1.91124
-1.9084
-1.9067
-1.90644
-1.90638
-1.90648
-1.90653
-2.01027
-2.02154
-1.98585
-1.96418
-1.96199
-1.96035
-1.95984
-1.95962
-1.95957
-1.95954
-0.690449
-1.00675
-1.00828
-0.994996
-0.993909
-0.991622
-0.989822
-0.988122
-0.986816
-0.986269
-0.596966
-1.05362
-1.05426
-1.04261
-1.04141
-1.03983
-1.03864
-1.03758
-1.03681
-1.03651
-0.925281
-1.09726
-1.09791
-1.09067
-1.08966
-1.08865
-1.08787
-1.0872
-1.08675
-1.0866
-1.15053
-1.14266
-1.14366
-1.13917
-1.13853
-1.13794
-1.13747
-1.13708
-1.13682
-1.13676
-1.18439
-1.19434
-1.19233
-1.18836
-1.18797
-1.18766
-1.1874
-1.1872
-1.18708
-1.18706
-1.09563
-1.23889
-1.24126
-1.23808
-1.23781
-1.23771
-1.23761
-1.23754
-1.23751
-1.23753
-1.05746
-1.28973
-1.29129
-1.28825
-1.28795
-1.28793
-1.28802
-1.28805
-1.28811
-1.28814
-1.03668
-1.33829
-1.34118
-1.33853
-1.33816
-1.33837
-1.33862
-1.33872
-1.33883
-1.33888
-0.965499
-1.3822
-1.38981
-1.38893
-1.38861
-1.3892
-1.3894
-1.38952
-1.38964
-1.38968
-0.955796
-1.41077
-1.43831
-1.44007
-1.43961
-1.44047
-1.44032
-1.44037
-1.44047
-1.4405
-1.27831
-1.46947
-1.48665
-1.49246
-1.49113
-1.49175
-1.49126
-1.49114
-1.49123
-1.49128
-1.55606
-1.55341
-1.54027
-1.54491
-1.54274
-1.54236
-1.54185
-1.54172
-1.54191
-1.542
-1.61306
-1.60849
-1.59338
-1.59504
-1.59295
-1.59183
-1.59194
-1.5923
-1.59269
-1.59278
-1.7015
-1.66313
-1.64918
-1.64647
-1.64287
-1.64152
-1.64232
-1.64304
-1.64366
-1.64384
-1.80808
-1.72909
-1.70804
-1.70149
-1.69504
-1.69274
-1.69357
-1.69424
-1.69496
-1.69533
-1.66549
-1.76974
-1.76201
-1.75828
-1.74893
-1.74523
-1.74542
-1.746
-1.74681
-1.74735
-1.73459
-1.82303
-1.82222
-1.81421
-1.80223
-1.79751
-1.79774
-1.79829
-1.79923
-1.7998
-1.84688
-1.86345
-1.85679
-1.85825
-1.85216
-1.84957
-1.8503
-1.8511
-1.85208
-1.85265
-1.91525
-1.93436
-1.92393
-1.91202
-1.9056
-1.90317
-1.90384
-1.90471
-1.90544
-1.90586
-1.59474
-2.06763
-2.01432
-1.97414
-1.96294
-1.95937
-1.95867
-1.95889
-1.95916
-1.95935
6.14683
-0.999852
-0.993709
-0.993175
-0.993624
-0.992044
-0.990408
-0.988583
-0.987144
-0.986525
6.28305
-1.03645
-1.04021
-1.04072
-1.04121
-1.04016
-1.03922
-1.03809
-1.03724
-1.03688
1.58975
-1.08132
-1.08914
-1.08928
-1.0897
-1.08899
-1.08842
-1.08774
-1.08725
-1.08705
0.529254
-1.12729
-1.1418
-1.13828
-1.13854
-1.13822
-1.13797
-1.13759
-1.13732
-1.13724
0.635962
-1.18366
-1.19075
-1.18763
-1.18799
-1.18787
-1.18786
-1.18768
-1.18756
-1.18753
1.3303
-1.2354
-1.24102
-1.23784
-1.23821
-1.23803
-1.23811
-1.23802
-1.23797
-1.23798
4.99104
-1.30296
-1.28825
-1.28783
-1.28893
-1.28852
-1.28867
-1.28859
-1.28858
-1.28859
5.71269
-1.3602
-1.33552
-1.33746
-1.34046
-1.33946
-1.33948
-1.33939
-1.33935
-1.33934
5.72917
-1.39971
-1.38302
-1.38963
-1.39347
-1.39105
-1.39058
-1.39031
-1.39022
-1.39018
6.74922
-1.44747
-1.441
-1.44765
-1.44933
-1.44353
-1.44199
-1.44131
-1.44114
-1.44106
2.00596
-1.5218
-1.50113
-1.51024
-1.50632
-1.49595
-1.49299
-1.49206
-1.4919
-1.49186
-0.923997
-1.59206
-1.56817
-1.56751
-1.55876
-1.54597
-1.54273
-1.54219
-1.54243
-1.54256
-1.32218
-1.628
-1.62445
-1.6152
-1.6039
-1.59179
-1.59108
-1.59182
-1.59275
-1.59327
-0.54347
-1.66896
-1.67213
-1.66161
-1.64994
-1.63832
-1.64009
-1.64187
-1.64342
-1.6442
2.96704
-1.73314
-1.71309
-1.71067
-1.70064
-1.68862
-1.6909
-1.6929
-1.69475
-1.69556
0.621464
-1.78038
-1.73508
-1.76847
-1.75732
-1.74214
-1.74318
-1.74481
-1.74662
-1.7474
-2.00439
-1.81946
-1.83649
-1.83986
-1.80948
-1.79391
-1.79519
-1.79717
-1.79889
-1.79967
-1.89081
-1.85211
-1.81372
-1.86124
-1.84716
-1.84445
-1.8474
-1.85
-1.85169
-1.85241
-1.82455
-1.92331
-1.90231
-1.90556
-1.89908
-1.8996
-1.90185
-1.90386
-1.90511
-1.90566
-1.59582
-2.09192
-2.01212
-1.97374
-1.95848
-1.95702
-1.95762
-1.95858
-1.95914
-1.9594
8.97297
-0.918508
-0.986678
-0.988713
-0.993224
-0.992765
-0.990996
-0.989071
-0.987588
-0.98694
3.66439
-1.0433
-1.04262
-1.0394
-1.04075
-1.04071
-1.03967
-1.03853
-1.03762
-1.03724
3.51693
-1.09463
-1.09291
-1.08881
-1.08939
-1.08943
-1.08881
-1.08813
-1.0876
-1.08738
8.30198
-1.11247
-1.13333
-1.13607
-1.1383
-1.13845
-1.13829
-1.13793
-1.13763
-1.13753
8.95351
-1.05961
-1.1799
-1.18489
-1.18807
-1.18765
-1.18804
-1.18791
-1.1878
-1.18777
8.92173
-0.856693
-1.23093
-1.23623
-1.23841
-1.23667
-1.23799
-1.23803
-1.2381
-1.23813
7.39178
-0.587739
-1.28037
-1.28637
-1.2877
-1.28554
-1.28814
-1.28822
-1.28853
-1.2886
7.93421
-0.48535
-1.33321
-1.33493
-1.33534
-1.33522
-1.33842
-1.33859
-1.33914
-1.33922
7.91124
-0.176496
-1.38488
-1.38559
-1.38519
-1.38694
-1.38879
-1.38937
-1.38979
-1.38986
6.94234
0.319976
-1.44731
-1.44353
-1.44106
-1.44148
-1.43975
-1.44029
-1.44039
-1.44047
8.0726
0.452418
-1.50715
-1.50384
-1.4997
-1.49632
-1.4905
-1.49065
-1.4908
-1.49097
6.8899
0.0397152
-1.57684
-1.55642
-1.55032
-1.546
-1.53902
-1.53974
-1.54078
-1.54132
3.81132
-0.703065
-1.64267
-1.6061
-1.58732
-1.58133
-1.58337
-1.58806
-1.59058
-1.59167
3.74251
0.0322398
-1.70175
-1.65743
-1.6224
-1.61694
-1.6292
-1.63724
-1.64086
-1.64238
2.65143
1.98163
-1.69274
-1.71079
-1.67096
-1.66201
-1.67949
-1.6881
-1.69201
-1.69367
-0.589329
4.00767
-0.565266
-1.78606
-1.73235
-1.71726
-1.73311
-1.74029
-1.74395
-1.74549
-1.72648
1.66276
3.65107
-1.64023
-1.77113
-1.7732
-1.78575
-1.79277
-1.79634
-1.79786
-1.87971
-0.532755
-0.114431
-1.2916
-1.80889
-1.8223
-1.83877
-1.84587
-1.84931
-1.85083
-1.98003
-2.03789
-2.03157
-1.78597
-1.86696
-1.87858
-1.89481
-1.90036
-1.9031
-1.90449
-2.04369
-2.07496
-2.03626
-1.98044
-1.94092
-1.94632
-1.95342
-1.95666
-1.95799
-1.95876
-0.517218
-1.01781
-1.00914
-0.998088
-0.996604
-0.993674
-0.991441
-0.989456
-0.987979
-0.987337
-0.741772
-1.05403
-1.05192
-1.04468
-1.04332
-1.04154
-1.0401
-1.03883
-1.03789
-1.03751
-1.03731
-1.1008
-1.09655
-1.09209
-1.09105
-1.09006
-1.08917
-1.08839
-1.08781
-1.08759
-1.17034
-1.14355
-1.14258
-1.14014
-1.1395
-1.13914
-1.13866
-1.13819
-1.13785
-1.13773
-1.17205
-1.20669
-1.19538
-1.19115
-1.18912
-1.18886
-1.18856
-1.18828
-1.18807
-1.18802
-1.16281
-1.2693
-1.25317
-1.24419
-1.23946
-1.2391
-1.23884
-1.23862
-1.2385
-1.23847
-1.13477
-1.35327
-1.31836
-1.29865
-1.29008
-1.28976
-1.28938
-1.28918
-1.28909
-1.28907
-0.792236
-1.41751
-1.37623
-1.35291
-1.34089
-1.3408
-1.3402
-1.3399
-1.33979
-1.33975
-0.18611
-1.52077
-1.43598
-1.4098
-1.39334
-1.39253
-1.39135
-1.39081
-1.39062
-1.39055
-0.634062
-1.54532
-1.49387
-1.47291
-1.44892
-1.44452
-1.44254
-1.44166
-1.44143
-1.44132
-1.15523
-1.39854
-1.534
-1.51681
-1.50295
-1.49542
-1.49308
-1.49216
-1.49197
-1.49193
-1.56508
-1.47027
-1.5005
-1.55284
-1.54816
-1.54363
-1.5422
-1.54202
-1.54228
-1.54244
-1.64572
-1.60529
-1.57598
-1.59417
-1.58918
-1.5891
-1.58998
-1.59143
-1.59251
-1.59299
-1.69675
-1.66073
-1.63816
-1.64113
-1.62982
-1.6366
-1.6382
-1.64126
-1.64305
-1.64381
-1.74599
-1.65472
-1.68346
-1.69779
-1.6768
-1.68699
-1.68941
-1.69226
-1.69422
-1.6951
-1.78613
-1.76011
-1.8022
-1.78246
-1.73634
-1.74019
-1.74163
-1.74406
-1.74597
-1.74687
-1.87745
-1.8604
-1.95195
-1.8109
-1.78717
-1.79074
-1.79321
-1.79604
-1.79814
-1.79911
-1.94895
-1.81993
-1.70469
-1.77898
-1.82361
-1.83576
-1.84436
-1.84845
-1.85085
-1.85189
-2.015
-1.94928
-1.71642
-1.8062
-1.8721
-1.88775
-1.898
-1.90233
-1.90438
-1.90532
-2.04425
-2.04597
-1.98716
-1.93039
-1.9418
-1.94928
-1.95496
-1.95773
-1.95884
-1.95936
-1.00909
-0.985736
-1.00365
-0.997952
-0.996181
-0.99367
-0.991528
-0.989632
-0.988234
-0.987668
-1.06475
-1.05794
-1.04865
-1.04516
-1.04333
-1.04172
-1.04017
-1.03886
-1.03793
-1.0376
-1.11344
-1.10548
-1.09408
-1.09282
-1.09122
-1.09031
-1.08923
-1.08836
-1.08775
-1.08755
-1.16356
-1.1501
-1.14043
-1.14114
-1.13973
-1.13944
-1.13871
-1.13816
-1.13778
-1.13765
-1.21431
-1.20394
-1.18798
-1.19092
-1.18903
-1.18908
-1.18858
-1.18825
-1.18802
-1.18794
-1.27966
-1.26065
-1.23936
-1.24164
-1.23893
-1.23906
-1.23874
-1.23855
-1.23843
-1.2384
-1.34576
-1.32437
-1.29165
-1.29286
-1.28918
-1.28924
-1.28912
-1.28902
-1.28898
-1.28898
-1.40992
-1.384
-1.34279
-1.34336
-1.33951
-1.33968
-1.33968
-1.33963
-1.33964
-1.33964
-1.43183
-1.43357
-1.39037
-1.39245
-1.39008
-1.3905
-1.39043
-1.39036
-1.39036
-1.39036
-1.40111
-1.45019
-1.44273
-1.44366
-1.4419
-1.44195
-1.44143
-1.4412
-1.44109
-1.44109
-1.4198
-1.48717
-1.497
-1.4989
-1.49498
-1.49329
-1.49222
-1.49189
-1.49183
-1.4919
-1.52313
-1.54336
-1.55251
-1.55243
-1.54543
-1.54292
-1.54219
-1.5422
-1.54246
-1.54262
-1.59991
-1.59672
-1.60168
-1.60092
-1.59319
-1.59133
-1.59158
-1.59234
-1.59304
-1.59339
-1.66287
-1.64839
-1.64909
-1.64691
-1.64064
-1.64042
-1.64139
-1.64282
-1.64389
-1.64441
-1.70972
-1.68806
-1.69697
-1.69542
-1.69119
-1.69154
-1.6926
-1.69406
-1.69522
-1.69581
-1.77181
-1.75666
-1.78512
-1.76423
-1.74843
-1.74491
-1.74482
-1.74594
-1.74704
-1.74764
-1.8569
-1.8307
-1.84998
-1.82468
-1.80186
-1.79699
-1.79687
-1.79809
-1.79925
-1.79989
-1.92941
-1.87016
-1.86619
-1.85695
-1.84648
-1.84624
-1.84857
-1.85057
-1.85192
-1.85261
-1.98792
-1.92737
-1.89987
-1.89617
-1.8941
-1.8978
-1.9015
-1.90381
-1.90513
-1.90581
-2.02643
-1.98489
-1.9531
-1.94803
-1.94979
-1.95381
-1.95669
-1.9583
-1.95909
-1.95945
-1.00449
-1.01105
-1.00192
-0.997472
-0.995396
-0.99335
-0.991418
-0.98962
-0.988334
-0.988
-1.03935
-1.05648
-1.04683
-1.04471
-1.043
-1.04147
-1.03991
-1.03853
-1.03761
-1.03748
-1.08682
-1.09954
-1.0924
-1.09245
-1.09117
-1.09016
-1.08899
-1.08799
-1.08735
-1.08725
-1.13969
-1.14531
-1.14052
-1.14109
-1.14006
-1.13944
-1.1386
-1.1379
-1.13745
-1.13735
-1.19214
-1.19446
-1.19024
-1.19076
-1.18969
-1.18925
-1.18863
-1.18814
-1.18783
-1.18774
-1.24747
-1.24731
-1.24197
-1.24127
-1.23992
-1.23946
-1.23899
-1.23863
-1.23841
-1.23833
-1.30103
-1.30011
-1.29424
-1.29216
-1.29047
-1.28997
-1.28957
-1.2893
-1.28913
-1.28907
-1.35257
-1.34809
-1.345
-1.34276
-1.3411
-1.34067
-1.34034
-1.34011
-1.33997
-1.33992
-1.38485
-1.3866
-1.39313
-1.39296
-1.39186
-1.39153
-1.39122
-1.39101
-1.39088
-1.39083
-1.39905
-1.42748
-1.44246
-1.44373
-1.44296
-1.44251
-1.44215
-1.44192
-1.44182
-1.44178
-1.45877
-1.48956
-1.49624
-1.49487
-1.49401
-1.49327
-1.49287
-1.49269
-1.4927
-1.49265
-1.53872
-1.54419
-1.54582
-1.54482
-1.54364
-1.54334
-1.54322
-1.54328
-1.54346
-1.54349
-1.5998
-1.59823
-1.5965
-1.59453
-1.59298
-1.59309
-1.59346
-1.59387
-1.59424
-1.59443
-1.6549
-1.6489
-1.64652
-1.64487
-1.64277
-1.64332
-1.64407
-1.64475
-1.6453
-1.6456
-1.70854
-1.69994
-1.69879
-1.69688
-1.69456
-1.69478
-1.69545
-1.69614
-1.69674
-1.69709
-1.76845
-1.76081
-1.76221
-1.75475
-1.74861
-1.74734
-1.74748
-1.748
-1.74858
-1.74893
-1.83616
-1.82391
-1.82101
-1.80863
-1.80113
-1.7995
-1.79963
-1.80021
-1.80081
-1.80114
-1.897
-1.87385
-1.8601
-1.85192
-1.85067
-1.85102
-1.85201
-1.85291
-1.8535
-1.85378
-1.94469
-1.92551
-1.90705
-1.90092
-1.90225
-1.90384
-1.90513
-1.9061
-1.90661
-1.90681
-1.97814
-1.97041
-1.96094
-1.95724
-1.95736
-1.95848
-1.95936
-1.95987
-1.96009
-1.96017
-0.984534
-0.999642
-0.996393
-0.995407
-0.994099
-0.992702
-0.991138
-0.98959
-0.988499
-0.988427
-1.03336
-1.04628
-1.04334
-1.04319
-1.04202
-1.0407
-1.03913
-1.03761
-1.03669
-1.03705
-1.08608
-1.09368
-1.09132
-1.09162
-1.09056
-1.08951
-1.08821
-1.08703
-1.08635
-1.08655
-1.13851
-1.14217
-1.14025
-1.14078
-1.13978
-1.139
-1.13802
-1.13715
-1.13667
-1.13669
-1.18931
-1.19235
-1.19
-1.19065
-1.18959
-1.189
-1.18826
-1.18766
-1.18729
-1.18724
-1.24036
-1.24421
-1.24044
-1.24102
-1.23985
-1.23935
-1.2388
-1.23837
-1.2381
-1.23802
-1.28991
-1.29581
-1.29124
-1.29159
-1.29039
-1.28993
-1.2895
-1.28919
-1.289
-1.28893
-1.33623
-1.34554
-1.34161
-1.34199
-1.34102
-1.34065
-1.34033
-1.3401
-1.33996
-1.33991
-1.37843
-1.39204
-1.39113
-1.39222
-1.39176
-1.3915
-1.39124
-1.39106
-1.39095
-1.39091
-1.42326
-1.43849
-1.44112
-1.44288
-1.44275
-1.44248
-1.4422
-1.44203
-1.44195
-1.44192
-1.48276
-1.49154
-1.49379
-1.49434
-1.49388
-1.49345
-1.49313
-1.49297
-1.49293
-1.49292
-1.54236
-1.54443
-1.54567
-1.54559
-1.54481
-1.54425
-1.544
-1.54393
-1.54392
-1.544
-1.59845
-1.59763
-1.59736
-1.59655
-1.59539
-1.59497
-1.59487
-1.59493
-1.59507
-1.59515
-1.65266
-1.65032
-1.64921
-1.64779
-1.64648
-1.64602
-1.64598
-1.64613
-1.64635
-1.64656
-1.70739
-1.704
-1.7027
-1.70035
-1.6984
-1.69769
-1.69755
-1.69768
-1.69793
-1.69816
-1.76439
-1.76043
-1.75901
-1.75487
-1.75133
-1.7499
-1.74952
-1.74956
-1.74979
-1.75003
-1.82238
-1.81654
-1.8131
-1.80784
-1.80362
-1.80199
-1.80162
-1.80172
-1.80198
-1.80215
-1.87766
-1.86921
-1.86206
-1.85746
-1.85479
-1.85381
-1.85377
-1.85405
-1.8544
-1.85463
-1.92839
-1.92115
-1.9123
-1.90827
-1.90675
-1.9065
-1.90673
-1.90705
-1.9073
-1.90743
-1.97504
-1.97134
-1.9646
-1.96156
-1.96053
-1.96032
-1.96039
-1.96046
-1.96048
-1.96048
-0.991269
-0.994905
-0.993702
-0.993277
-0.992661
-0.991883
-0.990907
-0.990024
-0.98963
-0.989507
-1.03941
-1.04308
-1.04192
-1.04168
-1.04078
-1.03948
-1.03762
-1.03561
-1.03469
-1.03614
-1.08885
-1.09171
-1.09065
-1.09062
-1.08968
-1.08844
-1.08682
-1.0852
-1.08438
-1.08533
-1.13893
-1.141
-1.14001
-1.14013
-1.13925
-1.13825
-1.13701
-1.13587
-1.13525
-1.1356
-1.18922
-1.19105
-1.18994
-1.19016
-1.18932
-1.18855
-1.18764
-1.18685
-1.18641
-1.18647
-1.2398
-1.24175
-1.2403
-1.24055
-1.23975
-1.23914
-1.23848
-1.23793
-1.23761
-1.23755
-1.28964
-1.29236
-1.29077
-1.2911
-1.29039
-1.28991
-1.28942
-1.28902
-1.28878
-1.2887
-1.33787
-1.34222
-1.341
-1.34161
-1.34113
-1.34078
-1.34042
-1.34013
-1.33995
-1.33987
-1.3854
-1.3913
-1.39115
-1.39213
-1.39198
-1.39176
-1.39149
-1.39126
-1.39111
-1.39105
-1.43528
-1.44121
-1.44193
-1.44296
-1.443
-1.44284
-1.4426
-1.44241
-1.44228
-1.44223
-1.48918
-1.49277
-1.49376
-1.49426
-1.49419
-1.49398
-1.49375
-1.49358
-1.49348
-1.49345
-1.54437
-1.54522
-1.54567
-1.54571
-1.54542
-1.54513
-1.54493
-1.54481
-1.54474
-1.54474
-1.5986
-1.59811
-1.59774
-1.59726
-1.5967
-1.59636
-1.5962
-1.59613
-1.59611
-1.59613
-1.65246
-1.65113
-1.6501
-1.64914
-1.6483
-1.64783
-1.64766
-1.64763
-1.64763
-1.64758
-1.70685
-1.70479
-1.7032
-1.70164
-1.70036
-1.69965
-1.69938
-1.69931
-1.6993
-1.69926
-1.76187
-1.75916
-1.75701
-1.75471
-1.75282
-1.75177
-1.75133
-1.75121
-1.7512
-1.75115
-1.81647
-1.81305
-1.81011
-1.80728
-1.80511
-1.80392
-1.80343
-1.80326
-1.80325
-1.80328
-1.86953
-1.86555
-1.86176
-1.85892
-1.85707
-1.85606
-1.85565
-1.85552
-1.85552
-1.85556
-1.92039
-1.917
-1.91333
-1.91083
-1.90936
-1.9086
-1.90827
-1.90814
-1.9081
-1.90809
-1.96932
-1.96771
-1.96528
-1.96352
-1.9624
-1.96172
-1.96131
-1.96104
-1.96087
-1.96078
-0.990033
-0.992019
-0.99169
-0.991487
-0.991155
-0.990897
-0.990571
-0.989987
-0.99037
-0.988976
-1.03958
-1.04125
-1.04068
-1.04028
-1.03934
-1.03773
-1.0348
-1.03113
-1.03058
-1.03412
-1.08933
-1.09071
-1.08998
-1.08961
-1.08859
-1.08701
-1.08468
-1.08208
-1.08088
-1.08334
-1.13938
-1.14052
-1.13971
-1.13944
-1.13852
-1.13725
-1.13562
-1.13403
-1.13322
-1.13415
-1.18967
-1.19076
-1.18981
-1.18967
-1.18888
-1.18792
-1.1868
-1.18579
-1.18525
-1.1855
-1.24011
-1.24131
-1.2402
-1.24016
-1.23949
-1.23879
-1.23803
-1.23737
-1.23698
-1.23697
-1.2903
-1.29184
-1.29071
-1.29078
-1.29026
-1.28975
-1.28921
-1.28875
-1.28848
-1.28841
-1.33999
-1.34208
-1.34121
-1.34145
-1.34113
-1.34077
-1.34039
-1.34007
-1.33987
-1.33979
-1.38957
-1.39219
-1.39184
-1.39222
-1.3921
-1.39187
-1.39159
-1.39136
-1.3912
-1.39113
-1.44028
-1.44272
-1.4429
-1.44325
-1.44322
-1.44304
-1.44282
-1.44264
-1.44251
-1.44245
-1.49294
-1.49413
-1.49445
-1.4946
-1.4945
-1.49431
-1.49411
-1.49394
-1.49384
-1.4938
-1.54609
-1.54625
-1.54628
-1.54617
-1.54592
-1.54566
-1.54545
-1.54531
-1.54523
-1.5452
-1.59932
-1.59883
-1.5984
-1.59794
-1.59749
-1.59714
-1.59691
-1.59677
-1.5967
-1.59668
-1.6527
-1.6517
-1.65082
-1.64999
-1.64929
-1.64881
-1.64852
-1.64837
-1.64831
-1.64827
-1.70645
-1.70495
-1.7036
-1.70238
-1.70138
-1.70072
-1.70033
-1.70014
-1.70006
-1.70001
-1.76043
-1.7584
-1.75659
-1.75497
-1.75367
-1.75281
-1.75232
-1.75208
-1.75197
-1.75192
-1.81403
-1.81155
-1.8093
-1.80739
-1.80592
-1.80496
-1.80443
-1.80416
-1.80404
-1.804
-1.86681
-1.86393
-1.86146
-1.85951
-1.8581
-1.85719
-1.85667
-1.85639
-1.85626
-1.85621
-1.91808
-1.9158
-1.91341
-1.91167
-1.91043
-1.90962
-1.90912
-1.90881
-1.90864
-1.90857
-1.96845
-1.96722
-1.96536
-1.96409
-1.96308
-1.96231
-1.96176
-1.96137
-1.96112
-1.96099
-0.989132
-0.989982
-0.990021
-0.989913
-0.989762
-0.990061
-0.989928
-0.985177
-0.984083
-0.983111
-1.03925
-1.03988
-1.0396
-1.0391
-1.03802
-1.03592
-1.03139
-1.02518
-1.02545
-1.03059
-1.08935
-1.08984
-1.08937
-1.08878
-1.08761
-1.08562
-1.08236
-1.07832
-1.07678
-1.08109
-1.13958
-1.13999
-1.13942
-1.13889
-1.13786
-1.13635
-1.1343
-1.13224
-1.13113
-1.13269
-1.18995
-1.19036
-1.18972
-1.18931
-1.1885
-1.18738
-1.18606
-1.18482
-1.18418
-1.1846
-1.24044
-1.24091
-1.24023
-1.23993
-1.23929
-1.2385
-1.23765
-1.23686
-1.23642
-1.23645
-1.29091
-1.29151
-1.29087
-1.29067
-1.29019
-1.28963
-1.28901
-1.28853
-1.28822
-1.28814
-1.34131
-1.34208
-1.3416
-1.34151
-1.34118
-1.34079
-1.34037
-1.34002
-1.33979
-1.3397
-1.39189
-1.39272
-1.39249
-1.39248
-1.39227
-1.39199
-1.39169
-1.39143
-1.39126
-1.39118
-1.44306
-1.44369
-1.44365
-1.44365
-1.4435
-1.44327
-1.44303
-1.44282
-1.44268
-1.44262
-1.495
-1.49518
-1.49514
-1.49506
-1.49488
-1.49465
-1.49442
-1.49424
-1.49412
-1.49407
-1.54737
-1.54716
-1.54694
-1.5467
-1.54641
-1.54613
-1.54589
-1.54572
-1.54561
-1.54556
-1.60004
-1.5995
-1.59902
-1.59855
-1.59812
-1.59775
-1.59747
-1.59728
-1.59717
-1.59712
-1.65296
-1.65212
-1.65134
-1.65063
-1.65001
-1.64953
-1.64919
-1.64897
-1.64885
-1.64879
-1.7061
-1.70497
-1.70389
-1.70291
-1.70209
-1.70147
-1.70105
-1.70079
-1.70065
-1.70058
-1.7593
-1.75787
-1.75651
-1.75529
-1.75428
-1.75354
-1.75304
-1.75274
-1.75257
-1.7525
-1.8122
-1.81057
-1.809
-1.80761
-1.8065
-1.80569
-1.80514
-1.80481
-1.80462
-1.80454
-1.86454
-1.86285
-1.86122
-1.85982
-1.85871
-1.85789
-1.85733
-1.85698
-1.85677
-1.85668
-1.91609
-1.9147
-1.91325
-1.91198
-1.91096
-1.91018
-1.90962
-1.90924
-1.90901
-1.90889
-1.96706
-1.96625
-1.96519
-1.96418
-1.9633
-1.96256
-1.96197
-1.96154
-1.96126
-1.96111
-0.988333
-0.988738
-0.988875
-0.98889
-0.98893
-0.989847
-0.991043
-0.986632
-0.980918
-0.978544
-1.03884
-1.03905
-1.03886
-1.03838
-1.03735
-1.03538
-1.0316
-1.0267
-1.0254
-1.02819
-1.08921
-1.0893
-1.08893
-1.0883
-1.08711
-1.0851
-1.08168
-1.07761
-1.07583
-1.07983
-1.13959
-1.13963
-1.13919
-1.13858
-1.13759
-1.13596
-1.1338
-1.13152
-1.13019
-1.13192
-1.19006
-1.1901
-1.18963
-1.1891
-1.18828
-1.18712
-1.18573
-1.18442
-1.18371
-1.18414
-1.24063
-1.2407
-1.24024
-1.23981
-1.23916
-1.23835
-1.23745
-1.23663
-1.23616
-1.23618
-1.29127
-1.29138
-1.29097
-1.29064
-1.29015
-1.28957
-1.28895
-1.28842
-1.28809
-1.288
-1.34198
-1.34213
-1.34183
-1.34159
-1.34123
-1.34081
-1.34038
-1.34
-1.33976
-1.33966
-1.39291
-1.39304
-1.39284
-1.39266
-1.3924
-1.39209
-1.39177
-1.39149
-1.39131
-1.39122
-1.44422
-1.44422
-1.44407
-1.44392
-1.4437
-1.44344
-1.44318
-1.44296
-1.44281
-1.44274
-1.49597
-1.49578
-1.49558
-1.49538
-1.49514
-1.49489
-1.49464
-1.49444
-1.49431
-1.49425
-1.54808
-1.54769
-1.54737
-1.54705
-1.54674
-1.54644
-1.54619
-1.54599
-1.54586
-1.5458
-1.60048
-1.59991
-1.5994
-1.59893
-1.5985
-1.59813
-1.59784
-1.59762
-1.59749
-1.59742
-1.65313
-1.65236
-1.65165
-1.651
-1.65043
-1.64996
-1.6496
-1.64936
-1.64921
-1.64914
-1.70593
-1.70497
-1.70404
-1.70321
-1.70249
-1.70192
-1.70149
-1.70121
-1.70103
-1.70095
-1.75872
-1.75758
-1.75648
-1.75548
-1.75464
-1.75397
-1.75349
-1.75316
-1.75297
-1.75287
-1.81127
-1.81004
-1.80884
-1.80774
-1.80682
-1.80609
-1.80556
-1.80521
-1.80499
-1.80489
-1.86341
-1.86222
-1.86102
-1.85992
-1.85899
-1.85825
-1.8577
-1.85732
-1.85709
-1.85698
-1.91506
-1.91407
-1.91303
-1.91203
-1.91116
-1.91044
-1.90988
-1.90948
-1.90923
-1.9091
-1.96629
-1.96567
-1.9649
-1.96408
-1.96331
-1.96262
-1.96205
-1.96162
-1.96133
-1.96118
-0.987944
-0.988221
-0.988438
-0.988688
-0.989021
-0.989941
-0.990366
-0.986244
-0.979863
-0.980628
-1.03864
-1.03873
-1.03862
-1.03835
-1.03781
-1.03691
-1.03522
-1.03234
-1.0294
-1.03085
-1.08914
-1.08911
-1.08881
-1.08828
-1.08741
-1.08609
-1.08413
-1.08164
-1.08035
-1.08144
-1.13961
-1.13953
-1.13913
-1.13855
-1.13766
-1.1364
-1.1348
-1.13314
-1.13219
-1.13269
-1.19014
-1.19004
-1.18962
-1.18907
-1.18829
-1.18727
-1.18607
-1.18497
-1.18432
-1.1844
-1.24077
-1.24067
-1.24027
-1.23979
-1.23916
-1.23838
-1.23755
-1.23677
-1.23631
-1.23622
-1.29149
-1.2914
-1.29105
-1.29066
-1.29017
-1.28959
-1.28898
-1.28845
-1.28811
-1.28798
-1.34235
-1.34225
-1.34196
-1.34165
-1.34127
-1.34084
-1.3404
-1.34002
-1.33977
-1.33966
-1.39341
-1.39327
-1.39303
-1.39278
-1.39248
-1.39215
-1.39182
-1.39153
-1.39134
-1.39124
-1.44476
-1.44455
-1.44431
-1.44408
-1.44381
-1.44353
-1.44326
-1.44303
-1.44287
-1.44279
-1.49645
-1.49613
-1.49584
-1.49557
-1.49529
-1.49501
-1.49475
-1.49454
-1.4944
-1.49434
-1.54847
-1.54802
-1.54762
-1.54726
-1.54692
-1.5466
-1.54633
-1.54612
-1.54598
-1.54592
-1.60076
-1.60017
-1.59964
-1.59914
-1.5987
-1.59832
-1.59801
-1.59778
-1.59764
-1.59757
-1.65326
-1.65253
-1.65183
-1.65119
-1.65063
-1.65017
-1.6498
-1.64954
-1.64938
-1.6493
-1.70588
-1.70501
-1.70415
-1.70337
-1.70268
-1.70213
-1.7017
-1.7014
-1.70122
-1.70113
-1.75847
-1.75748
-1.7565
-1.75559
-1.75481
-1.75418
-1.75369
-1.75336
-1.75315
-1.75305
-1.81085
-1.80982
-1.80877
-1.8078
-1.80696
-1.80628
-1.80576
-1.80539
-1.80517
-1.80505
-1.86291
-1.86193
-1.86092
-1.85995
-1.85911
-1.85841
-1.85787
-1.85748
-1.85724
-1.85711
-1.91459
-1.91378
-1.91289
-1.91202
-1.91122
-1.91054
-1.90999
-1.90958
-1.90932
-1.90918
-1.96592
-1.96538
-1.96472
-1.96399
-1.96327
-1.96262
-1.96207
-1.96164
-1.96136
-1.9612
)
;

boundaryField
{
    lowerSideWalls
    {
        type            calculated;
        value           nonuniform List<scalar> 
800
(
355.679
307.053
258.865
211.337
164.317
118.702
75.1388
35.3765
6.16572
-0.274964
-0.551407
-0.6239
-0.630846
-0.641076
-0.677521
-0.727584
-0.779259
-0.830748
-0.88234
-0.933423
354.262
305.567
257.116
209.23
161.678
115.422
71.054
31.7394
4.98191
-0.322749
-0.553352
-0.620313
-0.629712
-0.641745
-0.678408
-0.727789
-0.779632
-0.831494
-0.883205
-0.934088
351.755
302.763
253.855
205.191
156.511
108.879
62.5374
24.1667
2.51
-0.397261
-0.546459
-0.608713
-0.623163
-0.639559
-0.677591
-0.727492
-0.7801
-0.832479
-0.884775
-0.935221
348.381
299.049
249.427
199.595
149.143
98.796
49.8957
13.412
0.244696
-0.452405
-0.54334
-0.593739
-0.610697
-0.634739
-0.675874
-0.727139
-0.781405
-0.835108
-0.887487
-0.937083
344.45
294.707
244.223
192.987
140.51
87.5784
35.277
4.60483
-0.164898
-0.405647
-0.523603
-0.56613
-0.593896
-0.630188
-0.675126
-0.727556
-0.784109
-0.84018
-0.892368
-0.940988
340.326
290.121
238.687
185.931
131.366
76.451
21.097
0.479044
-0.104275
-0.348918
-0.48099
-0.539106
-0.584722
-0.629127
-0.675216
-0.72916
-0.788744
-0.851511
-0.905594
-0.949955
336.3
285.667
233.219
178.876
122.349
62.8434
12.0546
-0.00717108
-0.124363
-0.312814
-0.437925
-0.516403
-0.574247
-0.625105
-0.675662
-0.730484
-0.793669
-0.862227
-0.916443
-0.95414
332.747
281.676
228.113
172.166
113.59
48.4769
6.58176
-0.0193086
-0.145951
-0.296022
-0.415901
-0.503292
-0.566597
-0.618557
-0.671505
-0.727314
-0.787296
-0.849295
-0.904031
-0.942393
330.258
278.73
224.328
166.86
105.381
32.9188
2.57442
0.0309456
-0.123801
-0.269625
-0.388163
-0.478152
-0.55023
-0.60967
-0.666628
-0.723823
-0.782904
-0.841937
-0.892423
-0.934513
328.495
276.772
222.063
164.321
101.606
28.4102
1.76481
0.0342993
-0.112623
-0.256481
-0.374028
-0.461529
-0.532991
-0.5948
-0.654273
-0.714791
-0.77632
-0.832747
-0.88209
-0.92965
328.495
276.772
222.063
164.321
101.606
28.4102
1.76481
0.0342993
-0.112623
-0.256481
-0.374028
-0.461529
-0.532991
-0.5948
-0.654273
-0.714791
-0.77632
-0.832747
-0.88209
-0.92965
330.232
278.714
224.33
166.859
105.487
32.7803
2.58353
0.0400258
-0.134808
-0.283948
-0.39332
-0.477677
-0.545435
-0.602585
-0.659949
-0.719093
-0.781792
-0.844735
-0.899371
-0.939195
332.727
281.664
228.091
172.116
113.706
48.2419
6.63937
0.00460604
-0.152566
-0.303748
-0.412204
-0.4907
-0.554755
-0.608673
-0.664368
-0.725
-0.793534
-0.86395
-0.918165
-0.953342
336.203
285.633
233.124
178.689
122.445
62.8257
12.1792
0.0110862
-0.145315
-0.336142
-0.445377
-0.511931
-0.568701
-0.620711
-0.669099
-0.728312
-0.791624
-0.858867
-0.916177
-0.956465
340.202
290.008
238.554
185.795
131.345
76.5743
21.2978
0.866061
-0.148269
-0.383028
-0.490658
-0.541123
-0.587319
-0.631058
-0.672019
-0.726895
-0.784803
-0.844897
-0.898372
-0.94658
344.271
294.52
244.002
192.746
140.199
87.3398
34.6764
4.74734
-0.191011
-0.417715
-0.527659
-0.570798
-0.604766
-0.638652
-0.6753
-0.724521
-0.780907
-0.837111
-0.890309
-0.940017
348.112
298.766
249.089
199.198
148.576
98.0466
48.4428
12.1891
0.0563264
-0.443937
-0.543441
-0.595074
-0.62097
-0.643302
-0.676827
-0.72353
-0.778632
-0.833241
-0.886482
-0.937252
351.383
302.376
253.396
204.646
155.767
107.815
60.9353
21.6684
1.74332
-0.396135
-0.542878
-0.613081
-0.634141
-0.647048
-0.678174
-0.724654
-0.778332
-0.831769
-0.884499
-0.935941
353.752
304.993
256.511
208.548
160.844
114.385
69.6809
30.3005
4.2004
-0.300935
-0.54266
-0.624508
-0.639333
-0.648238
-0.680222
-0.727845
-0.779152
-0.831555
-0.883803
-0.935522
354.997
306.369
258.139
210.565
163.451
117.7
73.9495
34.3074
5.65393
-0.246977
-0.540306
-0.626098
-0.637527
-0.645753
-0.679731
-0.728914
-0.780128
-0.831906
-0.884084
-0.935699
354.962
306.355
258.106
210.527
163.427
117.699
73.9785
34.3034
5.74406
-0.254394
-0.541996
-0.622481
-0.633299
-0.643159
-0.678875
-0.728784
-0.780516
-0.832533
-0.88481
-0.936262
353.584
304.811
256.368
208.422
160.776
114.387
69.8036
30.4881
4.48478
-0.318286
-0.54659
-0.614734
-0.626852
-0.641189
-0.679382
-0.729458
-0.781006
-0.833229
-0.885516
-0.936794
351.1
302.092
253.14
204.41
155.632
107.842
61.2747
22.6167
2.00055
-0.409169
-0.542391
-0.59948
-0.617871
-0.639078
-0.680173
-0.729975
-0.781431
-0.833911
-0.886476
-0.937372
347.731
298.386
248.721
198.827
148.284
97.8763
48.7567
12.4114
0.0758374
-0.454544
-0.539832
-0.583913
-0.605026
-0.635753
-0.679341
-0.729725
-0.782235
-0.835619
-0.888208
-0.938439
343.796
294.035
243.505
192.202
139.617
86.6559
34.2569
4.19372
-0.192068
-0.414499
-0.514382
-0.553943
-0.590183
-0.632902
-0.678479
-0.729839
-0.784515
-0.839095
-0.890937
-0.940241
339.652
289.426
237.934
185.09
130.398
75.4402
20.2731
0.483763
-0.133123
-0.36304
-0.470298
-0.526103
-0.578438
-0.627897
-0.67742
-0.732295
-0.790201
-0.847499
-0.899272
-0.945067
335.588
284.947
232.413
177.928
121.262
61.4978
11.4895
0.00476806
-0.130315
-0.314522
-0.418631
-0.492736
-0.563082
-0.618255
-0.678615
-0.73655
-0.799905
-0.863722
-0.914052
-0.949563
332.014
280.903
227.252
171.203
112.3
46.7943
6.17918
0.0120275
-0.133881
-0.287959
-0.394704
-0.474103
-0.547265
-0.609571
-0.679078
-0.737822
-0.801019
-0.863447
-0.909742
-0.943772
329.504
277.933
223.45
165.847
103.815
31.2904
2.2341
0.0349173
-0.114046
-0.260852
-0.37397
-0.460247
-0.531786
-0.604793
-0.674508
-0.733656
-0.79338
-0.849302
-0.895609
-0.934743
327.783
276.017
221.208
163.304
99.8522
27.4047
1.60129
0.0361709
-0.0967438
-0.236106
-0.356294
-0.446269
-0.522246
-0.594494
-0.668906
-0.729661
-0.785716
-0.838683
-0.886864
-0.932452
355.208
306.619
258.401
210.866
163.857
118.243
74.6805
34.8325
5.90225
-0.28751
-0.550505
-0.611785
-0.622512
-0.641427
-0.682073
-0.731447
-0.781488
-0.832653
-0.884779
-0.936828
353.808
305.059
256.655
208.769
161.217
114.956
70.5868
31.069
4.629
-0.333449
-0.551976
-0.606885
-0.620632
-0.640944
-0.682112
-0.731674
-0.78198
-0.833458
-0.885662
-0.937323
351.289
302.299
253.397
204.743
156.076
108.374
62.1599
23.3978
2.1789
-0.406082
-0.546097
-0.599912
-0.617503
-0.640508
-0.682214
-0.731492
-0.782287
-0.83426
-0.886689
-0.937937
347.893
298.566
248.951
199.142
148.773
98.7152
49.6539
12.8809
0.141927
-0.455627
-0.543361
-0.587171
-0.608043
-0.63596
-0.679069
-0.731152
-0.783393
-0.836241
-0.888595
-0.938973
343.924
294.179
243.688
192.453
140.005
87.2243
34.9111
4.27319
-0.178361
-0.411641
-0.520427
-0.559312
-0.591786
-0.629473
-0.676096
-0.731322
-0.785223
-0.840156
-0.891382
-0.940654
339.745
289.528
238.059
185.255
130.6
75.571
20.624
0.447885
-0.111722
-0.357727
-0.47417
-0.525554
-0.575292
-0.624722
-0.675616
-0.73165
-0.789338
-0.846175
-0.897807
-0.944685
335.647
285.006
232.486
178.02
121.366
61.6184
11.5938
0.00770024
-0.118988
-0.310364
-0.428855
-0.499621
-0.562028
-0.620168
-0.675394
-0.733878
-0.797158
-0.860841
-0.911586
-0.950686
332.041
280.926
227.283
171.246
112.306
46.8544
6.15953
0.00647099
-0.131561
-0.288409
-0.407258
-0.486746
-0.552134
-0.614481
-0.675829
-0.735549
-0.801793
-0.866783
-0.91288
-0.947532
329.525
277.955
223.467
165.86
103.791
31.2365
2.22424
0.0303471
-0.117917
-0.265929
-0.382494
-0.472088
-0.542199
-0.606908
-0.668477
-0.734277
-0.794677
-0.852281
-0.898158
-0.936383
327.783
276.017
221.208
163.304
99.8522
27.4047
1.60129
0.0361709
-0.0967438
-0.236106
-0.356294
-0.446269
-0.522246
-0.594494
-0.668906
-0.729661
-0.785716
-0.838683
-0.886864
-0.932452
)
;
    }
    upperSideWalls
    {
        type            calculated;
        value           nonuniform List<scalar> 
800
(
-0.983944
-1.03426
-1.08462
-1.13518
-1.18595
-1.23695
-1.28814
-1.33954
-1.39118
-1.44315
-1.49547
-1.54812
-1.601
-1.65392
-1.70667
-1.75893
-1.81048
-1.86121
-1.91127
-1.96096
-0.984323
-1.03437
-1.08455
-1.13501
-1.18575
-1.23674
-1.28794
-1.33933
-1.39095
-1.44283
-1.49501
-1.54746
-1.60012
-1.65283
-1.7054
-1.75758
-1.80918
-1.86013
-1.91052
-1.96057
-0.984861
-1.03441
-1.08428
-1.13459
-1.1853
-1.2363
-1.28753
-1.33895
-1.39056
-1.4424
-1.49448
-1.54679
-1.59926
-1.65177
-1.70419
-1.75629
-1.80795
-1.85911
-1.90984
-1.96028
-0.985655
-1.03437
-1.08378
-1.13393
-1.18466
-1.23575
-1.28708
-1.33858
-1.39023
-1.44206
-1.49406
-1.54623
-1.59853
-1.65086
-1.7031
-1.75514
-1.80686
-1.8582
-1.90922
-1.96
-0.98728
-1.0342
-1.08287
-1.13288
-1.18374
-1.23502
-1.28652
-1.33816
-1.38989
-1.44173
-1.49369
-1.54576
-1.59792
-1.6501
-1.70223
-1.7542
-1.80596
-1.85745
-1.90869
-1.95976
-0.990495
-1.03356
-1.08124
-1.13131
-1.18249
-1.23412
-1.28588
-1.3377
-1.38954
-1.44142
-1.49336
-1.54537
-1.59743
-1.6495
-1.70153
-1.75347
-1.80525
-1.85685
-1.90827
-1.95954
-0.989475
-1.03101
-1.07845
-1.1293
-1.1811
-1.23317
-1.28524
-1.33725
-1.38921
-1.44114
-1.49308
-1.54505
-1.59704
-1.64904
-1.70101
-1.75291
-1.80472
-1.85639
-1.90794
-1.95936
-0.979937
-1.02581
-1.0761
-1.12769
-1.18
-1.23244
-1.28475
-1.3369
-1.38895
-1.44092
-1.49287
-1.54481
-1.59677
-1.64872
-1.70065
-1.75253
-1.80435
-1.85607
-1.9077
-1.95922
-0.977237
-1.02498
-1.07538
-1.12724
-1.17965
-1.23215
-1.28451
-1.33671
-1.38879
-1.44078
-1.49273
-1.54466
-1.59659
-1.64851
-1.70042
-1.7523
-1.80412
-1.85587
-1.90755
-1.95913
-0.977952
-1.02779
-1.0778
-1.12852
-1.18023
-1.23232
-1.28451
-1.33666
-1.38872
-1.44071
-1.49266
-1.54458
-1.5965
-1.64841
-1.7003
-1.75217
-1.804
-1.85577
-1.90747
-1.95908
-0.977952
-1.02779
-1.0778
-1.12852
-1.18023
-1.23232
-1.28451
-1.33666
-1.38872
-1.44071
-1.49266
-1.54458
-1.5965
-1.64841
-1.7003
-1.75217
-1.804
-1.85577
-1.90747
-1.95908
-0.979535
-1.02724
-1.07678
-1.12766
-1.17993
-1.23231
-1.28458
-1.33673
-1.38876
-1.44072
-1.49264
-1.54454
-1.59643
-1.64833
-1.70023
-1.7521
-1.80395
-1.85574
-1.90747
-1.95912
-0.989043
-1.03189
-1.07819
-1.12872
-1.18065
-1.23279
-1.28491
-1.33693
-1.38886
-1.44074
-1.49258
-1.54443
-1.59629
-1.64816
-1.70005
-1.75195
-1.80382
-1.85567
-1.90747
-1.9592
-0.993806
-1.03453
-1.08054
-1.13071
-1.18198
-1.23367
-1.28547
-1.33727
-1.38903
-1.44077
-1.49251
-1.54427
-1.59606
-1.6479
-1.69978
-1.75169
-1.80361
-1.85553
-1.90744
-1.9593
-0.990578
-1.03507
-1.08275
-1.13266
-1.18346
-1.2347
-1.28615
-1.33767
-1.38923
-1.4408
-1.4924
-1.54404
-1.59574
-1.64752
-1.69938
-1.7513
-1.80329
-1.85531
-1.90736
-1.95942
-0.987705
-1.03544
-1.08427
-1.13417
-1.18472
-1.23565
-1.2868
-1.33808
-1.38942
-1.44082
-1.49225
-1.54375
-1.59532
-1.64701
-1.69882
-1.75076
-1.80281
-1.85496
-1.90721
-1.95952
-0.986657
-1.03581
-1.0853
-1.13531
-1.18573
-1.23645
-1.28737
-1.33844
-1.38959
-1.4408
-1.49206
-1.54336
-1.59477
-1.64633
-1.69808
-1.75002
-1.80214
-1.85445
-1.90694
-1.95958
-0.986292
-1.03617
-1.08606
-1.13616
-1.18651
-1.23709
-1.28786
-1.33878
-1.38981
-1.4409
-1.49203
-1.54321
-1.59448
-1.64588
-1.69746
-1.74927
-1.80136
-1.85378
-1.90653
-1.95954
-0.986269
-1.03651
-1.0866
-1.13676
-1.18706
-1.23753
-1.28814
-1.33888
-1.38968
-1.4405
-1.49128
-1.542
-1.59278
-1.64384
-1.69533
-1.74735
-1.7998
-1.85265
-1.90586
-1.95935
-0.986525
-1.03688
-1.08705
-1.13724
-1.18753
-1.23798
-1.28859
-1.33934
-1.39018
-1.44106
-1.49186
-1.54256
-1.59327
-1.6442
-1.69556
-1.7474
-1.79967
-1.85241
-1.90566
-1.9594
-0.98694
-1.03724
-1.08738
-1.13753
-1.18777
-1.23813
-1.2886
-1.33922
-1.38986
-1.44047
-1.49097
-1.54132
-1.59167
-1.64238
-1.69367
-1.74549
-1.79786
-1.85083
-1.90449
-1.95876
-0.987337
-1.03751
-1.08759
-1.13773
-1.18802
-1.23847
-1.28907
-1.33975
-1.39055
-1.44132
-1.49193
-1.54244
-1.59299
-1.64381
-1.6951
-1.74687
-1.79911
-1.85189
-1.90532
-1.95936
-0.987668
-1.0376
-1.08755
-1.13765
-1.18794
-1.2384
-1.28898
-1.33964
-1.39036
-1.44109
-1.4919
-1.54262
-1.59339
-1.64441
-1.69581
-1.74764
-1.79989
-1.85261
-1.90581
-1.95945
-0.988
-1.03748
-1.08725
-1.13735
-1.18774
-1.23833
-1.28907
-1.33992
-1.39083
-1.44178
-1.49265
-1.54349
-1.59443
-1.6456
-1.69709
-1.74893
-1.80114
-1.85378
-1.90681
-1.96017
-0.988427
-1.03705
-1.08655
-1.13669
-1.18724
-1.23802
-1.28893
-1.33991
-1.39091
-1.44192
-1.49292
-1.544
-1.59515
-1.64656
-1.69816
-1.75003
-1.80215
-1.85463
-1.90743
-1.96048
-0.989507
-1.03614
-1.08533
-1.1356
-1.18647
-1.23755
-1.2887
-1.33987
-1.39105
-1.44223
-1.49345
-1.54474
-1.59613
-1.64758
-1.69926
-1.75115
-1.80328
-1.85556
-1.90809
-1.96078
-0.988976
-1.03412
-1.08334
-1.13415
-1.1855
-1.23697
-1.28841
-1.33979
-1.39113
-1.44245
-1.4938
-1.5452
-1.59668
-1.64827
-1.70001
-1.75192
-1.804
-1.85621
-1.90857
-1.96099
-0.983111
-1.03059
-1.08109
-1.13269
-1.1846
-1.23645
-1.28814
-1.3397
-1.39118
-1.44262
-1.49407
-1.54556
-1.59712
-1.64879
-1.70058
-1.7525
-1.80454
-1.85668
-1.90889
-1.96111
-0.978544
-1.02819
-1.07983
-1.13192
-1.18414
-1.23618
-1.288
-1.33966
-1.39122
-1.44274
-1.49425
-1.5458
-1.59742
-1.64914
-1.70095
-1.75287
-1.80489
-1.85698
-1.9091
-1.96118
-0.980628
-1.03085
-1.08144
-1.13269
-1.1844
-1.23622
-1.28798
-1.33966
-1.39124
-1.44279
-1.49434
-1.54592
-1.59757
-1.6493
-1.70113
-1.75305
-1.80505
-1.85711
-1.90918
-1.9612
-0.987944
-1.03864
-1.08914
-1.13961
-1.19014
-1.24077
-1.29149
-1.34235
-1.39341
-1.44476
-1.49645
-1.54847
-1.60076
-1.65326
-1.70588
-1.75847
-1.81085
-1.86291
-1.91459
-1.96592
-0.988221
-1.03873
-1.08911
-1.13953
-1.19004
-1.24067
-1.2914
-1.34225
-1.39327
-1.44455
-1.49613
-1.54802
-1.60017
-1.65253
-1.70501
-1.75748
-1.80982
-1.86193
-1.91378
-1.96538
-0.988438
-1.03862
-1.08881
-1.13913
-1.18962
-1.24027
-1.29105
-1.34196
-1.39303
-1.44431
-1.49584
-1.54762
-1.59964
-1.65183
-1.70415
-1.7565
-1.80877
-1.86092
-1.91289
-1.96472
-0.988688
-1.03835
-1.08828
-1.13855
-1.18907
-1.23979
-1.29066
-1.34165
-1.39278
-1.44408
-1.49557
-1.54726
-1.59914
-1.65119
-1.70337
-1.75559
-1.8078
-1.85995
-1.91202
-1.96399
-0.989021
-1.03781
-1.08741
-1.13766
-1.18829
-1.23916
-1.29017
-1.34127
-1.39248
-1.44381
-1.49529
-1.54692
-1.5987
-1.65063
-1.70268
-1.75481
-1.80696
-1.85911
-1.91122
-1.96327
-0.989941
-1.03691
-1.08609
-1.1364
-1.18727
-1.23838
-1.28959
-1.34084
-1.39215
-1.44353
-1.49501
-1.5466
-1.59832
-1.65017
-1.70213
-1.75418
-1.80628
-1.85841
-1.91054
-1.96262
-0.990366
-1.03522
-1.08413
-1.1348
-1.18607
-1.23755
-1.28898
-1.3404
-1.39182
-1.44326
-1.49475
-1.54633
-1.59801
-1.6498
-1.7017
-1.75369
-1.80576
-1.85787
-1.90999
-1.96207
-0.986244
-1.03234
-1.08164
-1.13314
-1.18497
-1.23677
-1.28845
-1.34002
-1.39153
-1.44303
-1.49454
-1.54612
-1.59778
-1.64954
-1.7014
-1.75336
-1.80539
-1.85748
-1.90958
-1.96164
-0.979863
-1.0294
-1.08035
-1.13219
-1.18432
-1.23631
-1.28811
-1.33977
-1.39134
-1.44287
-1.4944
-1.54598
-1.59764
-1.64938
-1.70122
-1.75315
-1.80517
-1.85724
-1.90932
-1.96136
-0.980628
-1.03085
-1.08144
-1.13269
-1.1844
-1.23622
-1.28798
-1.33966
-1.39124
-1.44279
-1.49434
-1.54592
-1.59757
-1.6493
-1.70113
-1.75305
-1.80505
-1.85711
-1.90918
-1.9612
)
;
    }
    lowerWall
    {
        type            calculated;
        value           nonuniform List<scalar> 
200
(
380.204
380.893
382.298
384.316
386.695
389.443
391.862
393.821
394.914
392.276
391.951
394.683
393.655
391.745
389.062
386.435
383.952
381.886
380.45
379.733
378.787
379.561
381.02
383.086
385.659
388.384
390.966
393.062
394.762
395.532
394.096
394.805
392.821
390.772
388.056
385.317
382.697
380.584
379.109
378.333
376.28
377.109
378.649
380.806
383.612
386.482
389.139
391.428
392.912
393.61
393.584
392.806
391.235
388.906
386.151
383.248
380.365
378.191
376.644
375.814
372.906
373.783
375.407
377.75
380.775
383.793
386.636
389.136
390.821
392.031
391.667
390.709
388.915
386.375
383.458
380.387
377.303
374.939
373.302
372.418
368.975
369.91
371.551
374.311
377.361
380.641
383.7
386.362
388.117
389.028
389.006
387.985
386.12
383.419
380.288
376.965
373.872
371.066
369.399
368.449
364.851
365.953
367.67
370.525
373.802
377.262
380.497
383.334
385.365
386.383
386.348
385.226
383.197
380.313
376.932
373.386
370.051
367.143
365.399
364.27
360.825
362.078
364.081
367.02
370.479
374.098
377.593
380.577
382.643
383.828
383.798
382.531
380.254
377.205
373.803
370.021
366.497
363.507
361.467
360.172
357.272
358.856
361.003
364.048
367.623
371.505
375.206
378.325
380.543
381.726
381.686
380.393
378.04
374.812
370.976
367.085
363.479
360.386
358.2
356.566
354.783
356.469
358.828
362.024
365.843
369.762
373.53
376.741
379.054
380.268
380.223
378.897
376.465
373.151
369.283
365.318
361.421
358.178
355.757
354.05
353.02
354.757
357.252
360.728
364.727
368.796
372.637
375.908
378.277
379.522
379.487
378.109
375.625
372.256
368.321
364.177
360.113
356.539
354.029
352.308
)
;
    }
    atmosphere
    {
        type            calculated;
        value           nonuniform List<scalar> 0();
    }
    procBoundary1to0
    {
        type            processor;
        value           nonuniform List<scalar> 
800
(
355.699
307.083
258.891
211.368
164.332
118.681
75.1061
35.3627
6.06468
-0.270255
-0.548595
-0.620827
-0.630396
-0.642666
-0.678953
-0.727479
-0.778325
-0.82995
-0.881811
-0.933203
356.413
307.824
259.738
212.374
165.515
119.997
75.9261
33.2883
3.94783
-0.45489
-0.648572
-0.719883
-0.716267
-0.686662
-0.695588
-0.735126
-0.781585
-0.831247
-0.882802
-0.933697
357.823
309.339
261.448
214.284
167.813
122.559
78.2475
34.93
4.03198
-0.479961
-0.595479
-0.6505
-0.686375
-0.691411
-0.710454
-0.745123
-0.788229
-0.835546
-0.885196
-0.9349
359.845
311.515
263.916
217.144
171.241
126.649
82.4414
40.3565
7.98699
-0.458155
-0.56448
-0.611315
-0.650589
-0.680584
-0.714947
-0.752928
-0.794482
-0.839696
-0.88746
-0.936053
362.237
314.075
266.923
220.55
175.693
132.433
88.8917
48.4632
14.2214
-0.415468
-0.539636
-0.582071
-0.628667
-0.672911
-0.719033
-0.758701
-0.797268
-0.841158
-0.888394
-0.936411
364.885
316.992
269.992
224.363
180.356
138.022
96.7313
58.2128
23.0518
0.334438
-0.493446
-0.579235
-0.622375
-0.69574
-0.752298
-0.774205
-0.799926
-0.842525
-0.889965
-0.937586
367.58
319.777
272.989
227.922
184.756
143.582
104.323
67.8663
34.6026
6.81752
-0.255503
-0.560596
-0.656031
-0.703266
-0.777205
-0.767599
-0.783819
-0.83482
-0.885101
-0.934746
369.494
321.919
275.57
230.946
188.278
148.062
110.529
75.3652
44.788
19.0077
0.969452
-1.41806
-0.439888
0.569419
-0.967569
-0.812615
-0.794494
-0.844905
-0.903273
-0.951381
371.449
323.68
277.057
232.261
189.533
149.537
112.867
78.6853
46.3727
20.0314
6.56111
7.74548
11.3611
7.17104
-0.581981
-0.855023
-0.476834
-0.68324
-1.00148
-1.04075
373.287
327.217
280.278
235.202
193.263
154.186
118.584
81.0487
45.7324
23.3702
12.2568
10.9058
13.8819
12.5669
6.52608
11.5427
9.29093
4.09473
0.745851
-1.35674
372.948
326.869
280.146
235.186
193.243
154.156
118.552
82.8789
47.5066
25.041
15.197
13.2507
13.1956
13.1837
10.9
12.119
14.5673
15.2169
16.329
12.9053
371.698
323.66
277.11
232.424
189.885
150.166
113.836
80.1827
49.0076
22.9139
6.92551
5.2086
6.61299
4.83114
-0.409218
-0.65768
-0.373231
-0.203301
-1.03998
-1.00208
369.401
321.881
275.524
230.939
188.383
148.227
110.522
75.4166
45.0551
19.3586
0.957536
-1.2106
-0.613477
-0.160411
-0.822785
-0.733371
-0.79756
-0.845875
-0.902694
-0.991312
367.54
319.592
272.869
227.791
184.545
143.311
103.892
67.0446
33.2239
6.27858
-0.418345
-0.579013
-0.648584
-0.730519
-0.756776
-0.730725
-0.783612
-0.841172
-0.871078
-0.957893
364.535
316.622
269.756
224.128
179.914
137.499
96.1912
57.4474
22.4987
0.276098
-0.516784
-0.585295
-0.624729
-0.696943
-0.741763
-0.752738
-0.795134
-0.84979
-0.905201
-0.952021
361.978
313.65
266.492
220.201
175.178
131.658
88.481
47.8905
14.0523
-0.433705
-0.54928
-0.588754
-0.631534
-0.673901
-0.719292
-0.753151
-0.794644
-0.844022
-0.893998
-0.944859
359.47
311.104
263.481
216.677
170.778
126.024
81.8694
39.8842
7.85814
-0.470794
-0.578549
-0.625224
-0.656313
-0.680331
-0.713313
-0.74954
-0.791989
-0.840431
-0.890342
-0.941615
357.408
308.914
260.995
213.825
167.346
122.02
77.7235
34.6298
4.02434
-0.497389
-0.608682
-0.657091
-0.689268
-0.685079
-0.704089
-0.74096
-0.785903
-0.835979
-0.887558
-0.939086
355.973
307.38
259.283
211.905
165.055
119.536
75.479
33.0743
3.90741
-0.462587
-0.653885
-0.720273
-0.708805
-0.6797
-0.692364
-0.734105
-0.78182
-0.832322
-0.885001
-0.937307
355.244
306.631
258.432
210.898
163.868
118.234
74.6571
34.8988
5.85522
-0.271118
-0.547597
-0.612626
-0.622303
-0.641097
-0.682727
-0.732393
-0.781611
-0.832287
-0.88445
-0.93668
-0.983959
-1.03443
-1.0849
-1.13551
-1.18634
-1.23737
-1.28862
-1.34008
-1.3918
-1.44384
-1.49625
-1.549
-1.60204
-1.65512
-1.70794
-1.76024
-1.81175
-1.86233
-1.91215
-1.96153
-0.984168
-1.03446
-1.08485
-1.13545
-1.18627
-1.23727
-1.28849
-1.33991
-1.39156
-1.44354
-1.49597
-1.54888
-1.60219
-1.65558
-1.70871
-1.7612
-1.81273
-1.86315
-1.91264
-1.96165
-0.984679
-1.03462
-1.08486
-1.13541
-1.1862
-1.2372
-1.28835
-1.33965
-1.39109
-1.4429
-1.49534
-1.54849
-1.60226
-1.6564
-1.71019
-1.7632
-1.81499
-1.86498
-1.91359
-1.96174
-0.985111
-1.03469
-1.0848
-1.13537
-1.18626
-1.23726
-1.28834
-1.33951
-1.39075
-1.44223
-1.49464
-1.54816
-1.6028
-1.65834
-1.71359
-1.76821
-1.81894
-1.86776
-1.91445
-1.96114
-0.985009
-1.03447
-1.08464
-1.13538
-1.1865
-1.2375
-1.28837
-1.33918
-1.38987
-1.44073
-1.49278
-1.54675
-1.60265
-1.66061
-1.71815
-1.77229
-1.82554
-1.87517
-1.91864
-1.96053
-0.985551
-1.0344
-1.08372
-1.13473
-1.18682
-1.23892
-1.29082
-1.34237
-1.39311
-1.44234
-1.49272
-1.54624
-1.60375
-1.66604
-1.73258
-1.79642
-1.84905
-1.8977
-1.93094
-1.95861
-0.980562
-1.029
-1.0828
-1.13652
-1.18991
-1.24368
-1.2976
-1.35002
-1.39971
-1.44046
-1.48492
-1.54083
-1.60479
-1.6752
-1.74853
-1.80652
-1.85454
-1.91788
-1.91954
-1.93799
-0.992492
-1.05671
-1.09382
-1.13517
-1.19826
-1.26618
-1.32894
-1.38616
-1.43818
-1.48156
-1.52002
-1.56146
-1.61123
-1.6722
-1.73983
-1.78581
-1.83152
-1.84537
-1.43575
-1.81812
-1.02861
-1.09078
-1.11985
-1.19209
-1.235
-1.30875
-1.37857
-1.44373
-1.49536
-1.5128
-1.50326
-1.52112
-1.57138
-1.56591
-1.70257
-1.76668
-1.82429
-1.52685
-1.52352
-1.76109
-0.864993
-1.14655
-1.22541
-1.33004
-0.761241
-0.875454
-0.967718
-0.966763
-1.11269
-1.28068
-1.42971
-1.56634
-1.61667
-1.66319
-1.69377
-1.73522
-1.84724
-1.94059
-1.95413
-2.01115
4.18395
0.0411127
-0.134453
1.09956
4.76565
-1.50023
-1.35074
-1.3584
-1.41923
-1.45766
-1.50626
-1.55677
-1.59643
-1.63666
-1.64116
-1.7036
-1.87553
-1.95551
-2.02098
-2.07434
-1.01636
-1.05787
-1.10575
-1.14552
-0.697433
-1.2924
-1.34389
-1.37835
-1.43358
-1.49294
-1.4943
-1.5528
-1.60122
-1.65412
-1.71272
-1.78367
-1.88333
-1.9729
-2.03401
-2.05073
-1.01841
-1.06576
-1.09774
-1.12603
-1.16181
-1.25807
-1.31967
-1.37112
-1.41757
-1.45103
-1.47863
-1.54044
-1.59655
-1.65441
-1.71366
-1.7881
-1.88097
-1.96827
-2.03027
-2.03624
-0.99703
-1.04094
-1.0884
-1.13041
-1.17378
-1.2445
-1.2973
-1.34502
-1.38602
-1.42829
-1.48287
-1.54199
-1.59798
-1.65402
-1.71286
-1.77986
-1.85334
-1.9189
-1.96197
-1.98752
-0.995786
-1.04341
-1.09108
-1.13846
-1.18816
-1.24409
-1.29644
-1.3459
-1.3924
-1.43836
-1.48967
-1.54423
-1.59879
-1.6535
-1.7098
-1.7692
-1.82997
-1.88699
-1.93535
-1.97721
-0.992705
-1.04164
-1.09066
-1.13986
-1.18998
-1.24194
-1.29276
-1.34234
-1.39113
-1.44086
-1.49259
-1.5458
-1.59953
-1.65374
-1.70883
-1.76487
-1.82077
-1.87424
-1.92413
-1.97133
-0.990999
-1.04064
-1.09038
-1.14033
-1.1907
-1.24159
-1.2922
-1.34235
-1.39232
-1.44285
-1.49451
-1.54707
-1.60021
-1.65381
-1.70795
-1.76244
-1.81659
-1.86918
-1.9199
-1.96926
-0.989466
-1.03968
-1.08986
-1.14015
-1.19064
-1.24131
-1.29196
-1.34254
-1.3932
-1.44421
-1.49583
-1.54807
-1.60078
-1.65386
-1.70724
-1.76068
-1.81378
-1.866
-1.91721
-1.96764
-0.988388
-1.03901
-1.08947
-1.13993
-1.19049
-1.24116
-1.29189
-1.34268
-1.39363
-1.44489
-1.49657
-1.54868
-1.60116
-1.65393
-1.70687
-1.75979
-1.8124
-1.86443
-1.91582
-1.96668
-0.987936
-1.03873
-1.08931
-1.13985
-1.19045
-1.24114
-1.29192
-1.34281
-1.39389
-1.44525
-1.49696
-1.54902
-1.60139
-1.65399
-1.70671
-1.75938
-1.81178
-1.86373
-1.9152
-1.96624
)
;
    }
    procBoundary1to3
    {
        type            processor;
        value           nonuniform List<scalar> 
200
(
-2.01056
-2.01052
-2.0106
-2.01067
-2.0107
-2.01071
-2.01068
-2.01064
-2.01061
-2.01058
-2.01032
-2.01037
-2.01056
-2.0107
-2.01078
-2.0108
-2.01078
-2.01074
-2.0107
-2.01067
-2.00968
-2.01
-2.01047
-2.01078
-2.01094
-2.01099
-2.01098
-2.01093
-2.01088
-2.01085
-2.00811
-2.00922
-2.01036
-2.01093
-2.01121
-2.01129
-2.01129
-2.01122
-2.01115
-2.01111
-2.00566
-2.00816
-2.01038
-2.01123
-2.01161
-2.01171
-2.01171
-2.0116
-2.01151
-2.01144
-2.00431
-2.00885
-2.01148
-2.01206
-2.01228
-2.01231
-2.01224
-2.01206
-2.01193
-2.01184
-2.0095
-2.01773
-2.01779
-2.01392
-2.01313
-2.01296
-2.01278
-2.01255
-2.01238
-2.01227
-2.00688
-2.03203
-2.02842
-2.01571
-2.01453
-2.01399
-2.01352
-2.01311
-2.01284
-2.01268
-1.54936
-2.06204
-2.07131
-2.03007
-2.0186
-2.01494
-2.0137
-2.01332
-2.0131
-2.013
3.31634
-2.08837
-2.07159
-2.02675
-2.01782
-2.0148
-2.01415
-2.0139
-2.0136
-2.01346
-1.94552
-2.07404
-2.0565
-2.02555
-2.01414
-2.01338
-2.01311
-2.01345
-2.01321
-2.01326
-2.02515
-2.07152
-2.03745
-2.01484
-2.01442
-2.01291
-2.01346
-2.01402
-2.01375
-2.01366
-2.0398
-2.03361
-2.00975
-2.00481
-2.00973
-2.01238
-2.01341
-2.01371
-2.0136
-2.01352
-2.01093
-2.0142
-2.01447
-2.01512
-2.01472
-2.0148
-2.01453
-2.01423
-2.01387
-2.01367
-2.02096
-2.02128
-2.01803
-2.01631
-2.01573
-2.01513
-2.01461
-2.01416
-2.0138
-2.01359
-2.01793
-2.01859
-2.01806
-2.01709
-2.01621
-2.01539
-2.01468
-2.01411
-2.0137
-2.01348
-2.01858
-2.01857
-2.01776
-2.01692
-2.01606
-2.01523
-2.01452
-2.01395
-2.01356
-2.01335
-2.01787
-2.01774
-2.01721
-2.0165
-2.01573
-2.01498
-2.01431
-2.01379
-2.01343
-2.01324
-2.01732
-2.01713
-2.0167
-2.01609
-2.01541
-2.01474
-2.01414
-2.01365
-2.01332
-2.01314
-2.01701
-2.01681
-2.0164
-2.01585
-2.01522
-2.01459
-2.01403
-2.01357
-2.01326
-2.01308
)
;
    }
}


// ************************************************************************* //
