/*--------------------------------*- C++ -*----------------------------------*\
| =========                 |                                                 |
| \\      /  F ield         | OpenFOAM: The Open Source CFD Toolbox           |
|  \\    /   O peration     | Version:  2312                                  |
|   \\  /    A nd           | Website:  www.openfoam.com                      |
|    \\/     M anipulation  |                                                 |
\*---------------------------------------------------------------------------*/
FoamFile
{
    version     2.0;
    format      ascii;
    arch        "LSB;label=32;scalar=64";
    class       volScalarField;
    location    "1.48";
    object      p;
}
// * * * * * * * * * * * * * * * * * * * * * * * * * * * * * * * * * * * * * //

dimensions      [1 -1 -2 0 0 0 0];

internalField   nonuniform List<scalar> 
8000
(
383.342
383.213
383.046
382.852
382.536
382.08
381.502
380.819
380.043
379.194
334.533
334.365
334.116
333.861
333.581
333.18
332.618
331.92
331.122
330.25
285.996
285.928
285.614
285.284
284.887
284.453
283.891
283.166
282.316
281.357
237.718
237.695
237.415
237.095
236.586
236.006
235.349
234.531
233.589
232.564
189.587
189.67
189.473
189.137
188.591
187.878
187.089
186.161
185.079
183.97
141.627
141.916
141.799
141.538
140.977
140.128
139.148
138.056
136.841
135.619
92.7815
93.514
94.0594
94.3058
93.9077
92.9893
91.8677
90.6347
89.2865
87.7047
41.2674
43.205
45.9965
47.8297
48.0771
47.2054
45.9871
44.6769
43.164
41.3029
7.35262
8.80288
11.8465
13.6287
13.7386
12.9901
12.2101
11.3945
10.4042
9.12588
0.013742
-0.0172266
-0.0102522
0.0179333
-0.0239354
-0.121293
-0.226076
-0.317708
-0.376139
-0.397219
-0.256763
-0.284006
-0.389876
-0.455341
-0.480032
-0.487206
-0.485153
-0.477179
-0.465362
-0.45491
-0.401718
-0.407667
-0.460071
-0.502527
-0.521418
-0.525025
-0.519727
-0.511382
-0.504247
-0.498024
-0.494201
-0.499182
-0.526253
-0.550389
-0.558296
-0.558894
-0.55625
-0.553784
-0.552699
-0.555114
-0.572882
-0.581467
-0.589691
-0.606925
-0.605562
-0.599027
-0.598097
-0.602443
-0.607427
-0.60944
-0.636221
-0.648678
-0.655238
-0.663858
-0.655203
-0.64673
-0.649384
-0.656299
-0.66025
-0.661313
-0.698555
-0.708115
-0.719739
-0.721577
-0.708284
-0.703619
-0.70724
-0.711158
-0.713416
-0.7125
-0.75775
-0.764312
-0.776511
-0.772518
-0.763112
-0.761727
-0.763479
-0.766087
-0.766707
-0.763794
-0.809741
-0.813896
-0.825319
-0.819612
-0.815024
-0.815296
-0.817332
-0.819323
-0.819613
-0.815675
-0.858147
-0.862179
-0.869356
-0.867825
-0.865366
-0.865907
-0.868767
-0.871701
-0.87279
-0.868265
-0.910126
-0.914272
-0.919075
-0.91963
-0.916296
-0.917106
-0.920089
-0.924453
-0.9259
-0.922889
383.178
383.002
382.777
382.532
382.295
381.911
381.37
380.704
379.943
379.11
334.341
334.031
333.729
333.439
333.237
332.952
332.458
331.785
331
330.15
285.869
285.639
285.24
284.859
284.56
284.199
283.692
283
282.166
281.239
237.489
237.416
237.169
236.751
236.265
235.723
235.115
234.318
233.335
232.325
189.201
189.411
189.366
188.873
188.234
187.521
186.754
185.814
184.695
183.573
141.231
141.57
141.511
141.103
140.391
139.5
138.546
137.487
136.275
135.049
92.703
93.2148
93.5653
93.4736
92.8126
91.772
90.5791
89.2906
87.9238
86.4557
42.3661
43.7838
45.4967
46.4077
46.0231
44.8447
43.4696
42.1357
40.7696
39.2243
8.0148
9.39344
10.7109
11.1441
10.4497
9.41753
8.64011
8.10184
7.62955
6.97979
-0.120703
-0.192132
-0.292067
-0.319515
-0.326979
-0.358606
-0.391348
-0.409964
-0.425592
-0.424693
-0.323817
-0.404459
-0.486985
-0.511216
-0.520997
-0.521743
-0.507177
-0.48914
-0.473478
-0.463285
-0.426759
-0.456229
-0.497774
-0.523455
-0.536778
-0.538084
-0.527336
-0.516235
-0.510195
-0.507084
-0.506645
-0.523372
-0.546783
-0.55976
-0.562781
-0.563125
-0.560116
-0.558072
-0.559281
-0.559004
-0.583546
-0.59525
-0.60582
-0.613747
-0.603097
-0.594731
-0.598263
-0.606068
-0.61137
-0.610772
-0.65318
-0.665477
-0.6663
-0.668
-0.648393
-0.640807
-0.650717
-0.662679
-0.665079
-0.663979
-0.714876
-0.726596
-0.733509
-0.721348
-0.703109
-0.70127
-0.71313
-0.720017
-0.720545
-0.717429
-0.769227
-0.777365
-0.784434
-0.771758
-0.76327
-0.767782
-0.775217
-0.77671
-0.775082
-0.770064
-0.814428
-0.819968
-0.822218
-0.817265
-0.817213
-0.823603
-0.830955
-0.831459
-0.828801
-0.822949
-0.858376
-0.864852
-0.866346
-0.864731
-0.865465
-0.871377
-0.881416
-0.885118
-0.882722
-0.877391
-0.906737
-0.914278
-0.917749
-0.916978
-0.914759
-0.918529
-0.928551
-0.936936
-0.938307
-0.934509
382.953
382.763
382.668
382.416
382.061
381.665
381.17
380.524
379.789
378.988
334.05
333.735
333.623
333.176
332.845
332.616
332.225
331.582
330.826
329.999
285.578
285.17
285.074
284.519
284.057
283.787
283.386
282.753
281.967
281.079
237.206
236.946
236.9
236.383
235.778
235.263
234.744
234.037
233.146
232.171
188.901
188.906
188.872
188.396
187.682
186.973
186.263
185.413
184.385
183.274
140.838
140.879
140.677
140.207
139.504
138.709
137.87
136.894
135.746
134.562
92.636
92.5223
92.305
91.9364
91.2178
90.2286
89.0867
87.8184
86.5343
85.1246
43.7795
43.9928
44.127
44.025
43.2344
41.9753
40.662
39.5608
38.4377
37.1913
9.26146
9.53814
9.32421
8.75819
7.70056
6.63024
5.83166
5.41536
5.15322
4.82656
-0.158167
-0.30094
-0.412883
-0.424982
-0.424614
-0.436276
-0.459276
-0.444445
-0.437682
-0.434171
-0.402615
-0.484282
-0.511913
-0.514347
-0.525045
-0.523946
-0.507598
-0.49042
-0.476928
-0.468109
-0.473969
-0.506658
-0.528152
-0.539265
-0.547611
-0.546957
-0.537106
-0.525165
-0.515672
-0.510109
-0.535333
-0.555123
-0.566963
-0.571031
-0.573393
-0.573455
-0.570138
-0.567269
-0.564036
-0.55883
-0.598411
-0.612934
-0.61802
-0.616756
-0.608063
-0.60435
-0.610627
-0.616791
-0.615875
-0.612628
-0.657578
-0.670524
-0.670586
-0.666987
-0.653039
-0.653618
-0.667305
-0.672643
-0.671651
-0.668825
-0.714359
-0.726201
-0.727121
-0.716975
-0.707808
-0.715423
-0.728264
-0.730911
-0.728922
-0.723997
-0.76831
-0.77573
-0.77665
-0.768481
-0.765621
-0.777419
-0.785993
-0.78802
-0.782924
-0.775829
-0.811882
-0.817468
-0.81793
-0.8171
-0.821402
-0.832429
-0.838699
-0.838721
-0.834252
-0.826815
-0.857368
-0.861143
-0.861577
-0.863984
-0.868752
-0.877277
-0.886707
-0.887282
-0.885121
-0.87937
-0.90353
-0.912092
-0.913077
-0.914675
-0.916078
-0.921132
-0.930978
-0.937439
-0.939387
-0.935488
382.755
382.517
382.589
382.423
381.908
381.419
380.929
380.304
379.604
378.846
333.728
333.428
333.426
333.187
332.732
332.336
331.947
331.343
330.628
329.848
285.156
284.755
284.706
284.348
283.787
283.425
283.072
282.483
281.746
280.911
236.847
236.447
236.36
235.952
235.287
234.782
234.348
233.719
232.924
232.01
188.593
188.268
188.081
187.671
186.997
186.331
185.721
184.984
184.078
183.085
140.413
140.028
139.588
139.139
138.547
137.902
137.19
136.341
135.298
134.094
92.4386
91.5873
90.7544
90.1866
89.5192
88.7092
87.7945
86.8243
85.746
84.4749
44.4436
43.4637
42.2239
41.3621
40.5077
39.6894
38.9935
38.101
36.8493
35.4944
9.93384
9.22995
7.84325
6.68372
5.70698
5.04872
4.64145
4.47106
4.34559
4.08883
-0.241721
-0.380835
-0.436193
-0.448722
-0.471373
-0.462944
-0.452089
-0.443781
-0.432111
-0.427337
-0.463615
-0.51244
-0.511764
-0.51954
-0.519
-0.508955
-0.495549
-0.486671
-0.477715
-0.47026
-0.511912
-0.530728
-0.5384
-0.547721
-0.550982
-0.547213
-0.537924
-0.53093
-0.524158
-0.516197
-0.561173
-0.571894
-0.571622
-0.576776
-0.58215
-0.582345
-0.580096
-0.579615
-0.575948
-0.56849
-0.613282
-0.621865
-0.617921
-0.618103
-0.618984
-0.621316
-0.628346
-0.631783
-0.628213
-0.619766
-0.663121
-0.671012
-0.668226
-0.667245
-0.666606
-0.673301
-0.683646
-0.685817
-0.681751
-0.67266
-0.714326
-0.722897
-0.71965
-0.717155
-0.718023
-0.729321
-0.738031
-0.73838
-0.736061
-0.729099
-0.765652
-0.770485
-0.769179
-0.767106
-0.769481
-0.782409
-0.788545
-0.789614
-0.789737
-0.782591
-0.808597
-0.813562
-0.815148
-0.816128
-0.819935
-0.831158
-0.834842
-0.836649
-0.838592
-0.832687
-0.85476
-0.860069
-0.861812
-0.865799
-0.87042
-0.876775
-0.87911
-0.88028
-0.883836
-0.880827
-0.902222
-0.911815
-0.912568
-0.914525
-0.916783
-0.919943
-0.923168
-0.926241
-0.931136
-0.930785
382.453
382.204
382.177
382.057
381.605
381.126
380.634
380.043
379.386
378.68
333.43
333.086
332.946
332.901
332.499
332.09
331.649
331.071
330.404
329.675
284.682
284.285
284.007
283.911
283.473
283.139
282.755
282.185
281.494
280.717
236.24
235.828
235.521
235.249
234.771
234.36
233.952
233.36
232.626
231.795
187.941
187.448
187.074
186.718
186.208
185.695
185.187
184.554
183.76
182.853
139.708
139.005
138.392
137.992
137.564
137.106
136.551
135.751
134.805
133.75
91.9355
90.4899
89.2209
88.4987
87.9888
87.5134
87.025
86.2455
85.146
83.9392
44.4702
42.5835
40.3157
39.0313
38.629
38.5323
37.8265
36.7011
35.357
34.0385
9.98167
8.53034
6.35064
5.02999
4.61179
4.59364
4.72712
4.64065
4.39257
4.06186
-0.347302
-0.423662
-0.434919
-0.469451
-0.46163
-0.450388
-0.437898
-0.433471
-0.428285
-0.424608
-0.497781
-0.513892
-0.512707
-0.515173
-0.503968
-0.495091
-0.486081
-0.481676
-0.476704
-0.47201
-0.531997
-0.538816
-0.542345
-0.548274
-0.543712
-0.53749
-0.532589
-0.530957
-0.526405
-0.521276
-0.575082
-0.577417
-0.573783
-0.580069
-0.582945
-0.582274
-0.58166
-0.582203
-0.577831
-0.572619
-0.620606
-0.622263
-0.617879
-0.621084
-0.624423
-0.629451
-0.634037
-0.634027
-0.629306
-0.622635
-0.665451
-0.668693
-0.667186
-0.668893
-0.67237
-0.682403
-0.688408
-0.685769
-0.682247
-0.674112
-0.713776
-0.717792
-0.716716
-0.717803
-0.721833
-0.734284
-0.740417
-0.736928
-0.737071
-0.729059
-0.761752
-0.765681
-0.766042
-0.766678
-0.770956
-0.783969
-0.789181
-0.787836
-0.790192
-0.786982
-0.806179
-0.811408
-0.814435
-0.814681
-0.818725
-0.829624
-0.83465
-0.835528
-0.838231
-0.835659
-0.853266
-0.859054
-0.863092
-0.864673
-0.866625
-0.872056
-0.874349
-0.87706
-0.882189
-0.88087
-0.902012
-0.912169
-0.913615
-0.915411
-0.915337
-0.915216
-0.914349
-0.918317
-0.925335
-0.926994
382.035
381.864
381.699
381.496
381.156
380.755
380.292
379.749
379.144
378.49
333.052
332.795
332.57
332.412
332.104
331.739
331.301
330.768
330.153
329.479
284.217
283.874
283.542
283.373
283.103
282.787
282.386
281.851
281.213
280.501
235.591
235.202
234.777
234.546
234.254
233.917
233.507
232.952
232.288
231.542
187.16
186.552
186.098
185.788
185.468
185.096
184.667
184.072
183.354
182.558
138.835
137.952
137.252
136.911
136.682
136.348
135.825
135.108
134.263
133.389
91.1985
89.3934
87.8173
87.0656
86.8575
86.7328
86.2569
85.3576
84.2424
83.1728
44.3079
41.689
38.679
37.4872
37.5255
37.2943
36.5109
35.3239
34.068
32.957
9.96335
7.81043
5.21981
4.1871
4.48589
4.87981
4.90281
4.55911
4.20742
3.92391
-0.414544
-0.430574
-0.434109
-0.451318
-0.438701
-0.433902
-0.431373
-0.42802
-0.423135
-0.421296
-0.509422
-0.507595
-0.504222
-0.501195
-0.490599
-0.483824
-0.479934
-0.475675
-0.470209
-0.467524
-0.539195
-0.540753
-0.540456
-0.541265
-0.536082
-0.531389
-0.528969
-0.525515
-0.520636
-0.517612
-0.579345
-0.579643
-0.576195
-0.581278
-0.579584
-0.579021
-0.579306
-0.579261
-0.577999
-0.573971
-0.621849
-0.622318
-0.620541
-0.624181
-0.623958
-0.627464
-0.630766
-0.632513
-0.632443
-0.627104
-0.665279
-0.668322
-0.668702
-0.671173
-0.671926
-0.679083
-0.683664
-0.685679
-0.685352
-0.678856
-0.712227
-0.716782
-0.717283
-0.718874
-0.721483
-0.730244
-0.735418
-0.737022
-0.738756
-0.732231
-0.760121
-0.764961
-0.766321
-0.767292
-0.770643
-0.779908
-0.784743
-0.786413
-0.788988
-0.786327
-0.805951
-0.812451
-0.815013
-0.815897
-0.818435
-0.825828
-0.829422
-0.831956
-0.834297
-0.83425
-0.854509
-0.861148
-0.864564
-0.864054
-0.865268
-0.86796
-0.869787
-0.872475
-0.876477
-0.877098
-0.904698
-0.915063
-0.914791
-0.91415
-0.911194
-0.909716
-0.910515
-0.913376
-0.918247
-0.921962
381.559
381.429
381.252
381.03
380.724
380.356
379.93
379.44
378.885
378.284
332.576
332.405
332.191
331.967
331.681
331.334
330.927
330.441
329.878
329.261
283.696
283.442
283.159
282.935
282.673
282.36
281.968
281.475
280.899
280.26
234.928
234.574
234.223
233.976
233.709
233.394
233.001
232.495
231.906
231.25
186.297
185.668
185.257
185.021
184.767
184.468
184.048
183.501
182.885
182.217
137.906
136.934
136.238
135.976
135.783
135.444
134.946
134.292
133.587
132.902
90.2203
88.2875
86.612
85.9771
85.817
85.5276
84.9081
83.983
83.0093
82.2113
43.8924
40.7287
37.5379
36.3898
36.1206
35.6527
34.7792
33.6462
32.6337
31.9089
9.8932
7.21255
4.66462
4.00286
4.48005
4.65139
4.39411
3.96774
3.6844
3.56897
-0.427025
-0.431175
-0.425652
-0.432451
-0.429109
-0.427906
-0.425199
-0.419555
-0.414103
-0.413753
-0.501676
-0.498193
-0.491389
-0.485217
-0.480924
-0.477619
-0.473652
-0.468389
-0.462891
-0.459726
-0.535997
-0.538703
-0.533088
-0.530597
-0.529744
-0.527424
-0.525093
-0.522262
-0.519188
-0.514023
-0.577401
-0.578765
-0.575265
-0.579992
-0.577898
-0.576983
-0.579077
-0.581817
-0.582293
-0.5752
-0.619695
-0.621036
-0.621616
-0.626945
-0.624642
-0.625951
-0.631191
-0.637987
-0.639516
-0.631902
-0.664004
-0.668393
-0.66986
-0.67406
-0.67414
-0.677047
-0.68344
-0.690232
-0.691539
-0.684621
-0.712692
-0.717638
-0.718682
-0.72162
-0.723489
-0.728252
-0.735165
-0.739734
-0.741875
-0.735843
-0.762198
-0.766565
-0.76783
-0.769379
-0.771757
-0.777348
-0.783511
-0.786387
-0.787473
-0.784908
-0.808375
-0.815793
-0.817499
-0.817727
-0.818082
-0.82179
-0.825032
-0.826991
-0.828274
-0.827635
-0.859651
-0.866776
-0.868818
-0.866811
-0.862902
-0.862165
-0.86279
-0.86587
-0.868743
-0.869863
-0.912863
-0.921375
-0.917998
-0.913878
-0.907051
-0.903241
-0.903203
-0.905644
-0.910377
-0.916914
381.082
380.964
380.789
380.567
380.285
379.95
379.565
379.126
378.621
378.066
332.07
331.922
331.727
331.501
331.228
330.909
330.536
330.093
329.578
329.012
283.121
282.9
282.66
282.434
282.172
281.87
281.507
281.059
280.535
279.953
234.216
233.87
233.587
233.364
233.1
232.799
232.435
231.978
231.452
230.863
185.348
184.761
184.416
184.225
183.997
183.695
183.313
182.848
182.331
181.754
136.827
135.881
135.212
134.897
134.627
134.277
133.851
133.339
132.796
132.27
88.9738
87.0213
85.4614
84.6852
84.2507
83.7742
83.1243
82.4061
81.7212
81.3309
42.9412
39.6451
36.499
34.8401
34.1555
33.467
32.6585
31.9827
31.4829
31.2535
9.64038
6.75019
4.36388
3.76626
3.86704
3.76104
3.5029
3.36722
3.31575
3.35871
-0.416369
-0.422614
-0.419858
-0.423888
-0.423395
-0.420441
-0.414552
-0.408666
-0.403527
-0.402061
-0.481478
-0.484971
-0.481009
-0.473717
-0.472101
-0.470335
-0.466742
-0.462487
-0.456534
-0.45014
-0.525216
-0.532624
-0.526351
-0.520311
-0.522487
-0.523572
-0.523728
-0.522762
-0.518624
-0.507645
-0.570942
-0.57322
-0.571043
-0.573884
-0.576491
-0.579785
-0.584435
-0.586442
-0.583971
-0.571124
-0.61558
-0.617027
-0.618138
-0.624979
-0.627474
-0.632248
-0.638451
-0.644466
-0.64452
-0.631859
-0.662489
-0.666961
-0.668178
-0.674541
-0.677929
-0.682841
-0.689024
-0.696232
-0.698756
-0.686496
-0.712256
-0.71772
-0.718609
-0.723378
-0.727114
-0.731912
-0.739092
-0.744512
-0.744833
-0.737879
-0.764021
-0.767111
-0.768348
-0.771133
-0.774293
-0.778884
-0.786034
-0.788126
-0.784736
-0.77928
-0.811342
-0.818413
-0.819332
-0.818964
-0.818795
-0.820787
-0.8242
-0.82509
-0.822805
-0.819617
-0.862552
-0.872842
-0.872894
-0.868204
-0.861479
-0.858039
-0.858835
-0.861953
-0.864824
-0.866957
-0.924949
-0.928114
-0.923159
-0.915467
-0.904696
-0.900219
-0.901464
-0.90614
-0.913779
-0.921999
380.651
380.536
380.361
380.143
379.881
379.573
379.216
378.809
378.345
377.828
331.602
331.456
331.265
331.048
330.793
330.496
330.146
329.733
329.257
328.715
282.554
282.342
282.126
281.908
281.657
281.371
281.038
280.623
280.133
279.553
233.513
233.13
232.896
232.692
232.446
232.164
231.841
231.431
230.945
230.382
184.392
183.85
183.519
183.331
183.099
182.812
182.512
182.145
181.695
181.174
135.644
134.717
134.022
133.597
133.291
132.97
132.66
132.317
131.934
131.55
87.4367
85.5715
83.9933
83.0328
82.3831
81.8257
81.2702
80.823
80.5213
80.4501
41.3476
38.0337
34.7371
32.7232
31.8397
31.1973
30.6634
30.3606
30.3836
30.7011
9.0426
6.24638
3.90255
3.09562
2.9834
2.88321
2.79317
2.80461
2.90719
3.09558
-0.394869
-0.402533
-0.411705
-0.420752
-0.416555
-0.410935
-0.405658
-0.4007
-0.394791
-0.391709
-0.459806
-0.468369
-0.472709
-0.469855
-0.465164
-0.463328
-0.463432
-0.461125
-0.453293
-0.444883
-0.510827
-0.519613
-0.51919
-0.514428
-0.515504
-0.519148
-0.5236
-0.524492
-0.516978
-0.5041
-0.559157
-0.564305
-0.564458
-0.566948
-0.57196
-0.579867
-0.585901
-0.588726
-0.582337
-0.56846
-0.60806
-0.612642
-0.612374
-0.619655
-0.626664
-0.636282
-0.642418
-0.648889
-0.642851
-0.62896
-0.659279
-0.665596
-0.665211
-0.671946
-0.679159
-0.687934
-0.693804
-0.700681
-0.695068
-0.684857
-0.711629
-0.717698
-0.717908
-0.723009
-0.729015
-0.735691
-0.741819
-0.74681
-0.740475
-0.733084
-0.764137
-0.767406
-0.768396
-0.771806
-0.775836
-0.780366
-0.787455
-0.787717
-0.780373
-0.779304
-0.813746
-0.819781
-0.819443
-0.819664
-0.819869
-0.821424
-0.825289
-0.823753
-0.823387
-0.828325
-0.866398
-0.876861
-0.875234
-0.869087
-0.861496
-0.857056
-0.858204
-0.865232
-0.874675
-0.881247
-0.930321
-0.933255
-0.929147
-0.918739
-0.905794
-0.902878
-0.908193
-0.919663
-0.931635
-0.936057
380.301
380.186
380.012
379.799
379.548
379.251
378.907
378.519
378.079
377.515
331.214
331.073
330.878
330.667
330.421
330.133
329.797
329.406
328.953
328.467
282.053
281.851
281.644
281.442
281.201
280.924
280.611
280.226
279.755
279.299
232.784
232.421
232.242
232.068
231.844
231.575
231.283
230.917
230.454
230.06
183.499
182.961
182.627
182.443
182.231
181.965
181.728
181.438
181.05
180.758
134.458
133.506
132.753
132.395
132.041
131.731
131.484
131.248
131.002
130.891
85.8123
84.0205
82.4901
81.3152
80.5645
79.9569
79.4139
79.1086
79.105
79.4529
39.3178
36.1132
32.9791
30.7247
29.5827
28.8575
28.353
28.3569
28.9302
29.7659
8.14072
5.68903
3.40383
2.43448
2.20043
2.09254
2.03434
2.13301
2.3684
2.67847
-0.384335
-0.3881
-0.40727
-0.423965
-0.414042
-0.4056
-0.400573
-0.394717
-0.388988
-0.386886
-0.448331
-0.454098
-0.465499
-0.469223
-0.462611
-0.458469
-0.459422
-0.455815
-0.447016
-0.441931
-0.502471
-0.506106
-0.511356
-0.511155
-0.509716
-0.511124
-0.516534
-0.517376
-0.508294
-0.500711
-0.553086
-0.556327
-0.559105
-0.561477
-0.563997
-0.570026
-0.576506
-0.582512
-0.572838
-0.564701
-0.602094
-0.605478
-0.608773
-0.614077
-0.619886
-0.628694
-0.639077
-0.646286
-0.635709
-0.627119
-0.653691
-0.660469
-0.662831
-0.668258
-0.675214
-0.684675
-0.696698
-0.702125
-0.690503
-0.680813
-0.709154
-0.715889
-0.717199
-0.72172
-0.727778
-0.735265
-0.745461
-0.748282
-0.73695
-0.732095
-0.76086
-0.76346
-0.768078
-0.772138
-0.776054
-0.781516
-0.789582
-0.789319
-0.782245
-0.784406
-0.812031
-0.814515
-0.81833
-0.82039
-0.821073
-0.823494
-0.828618
-0.828659
-0.832197
-0.839029
-0.868044
-0.874523
-0.873103
-0.870266
-0.863553
-0.860154
-0.864632
-0.875685
-0.887945
-0.893337
-0.930081
-0.935299
-0.934516
-0.922193
-0.908522
-0.908414
-0.919694
-0.934677
-0.94431
-0.945551
380.072
379.958
379.783
379.569
379.316
379.016
378.673
378.291
377.857
377.326
330.96
330.833
330.633
330.408
330.158
329.867
329.532
329.149
328.703
328.24
281.722
281.52
281.336
281.119
280.875
280.594
280.28
279.902
279.445
278.983
232.348
231.997
231.797
231.614
231.395
231.123
230.831
230.469
230.028
229.605
182.846
182.321
181.98
181.768
181.549
181.296
181.057
180.762
180.396
180.084
133.47
132.52
131.872
131.45
131.092
130.754
130.465
130.169
129.914
129.85
84.3721
82.7487
81.2282
80.0481
79.2119
78.4177
77.6776
77.2761
77.3205
77.7841
37.4498
34.5239
31.7934
29.4517
27.9416
26.6918
25.8113
26.0059
26.928
28.0017
7.23302
5.2217
3.12515
2.09284
1.71333
1.47231
1.32393
1.4558
1.75302
2.10244
-0.381961
-0.386884
-0.414386
-0.428731
-0.414487
-0.402356
-0.395209
-0.389898
-0.385902
-0.386717
-0.447243
-0.452797
-0.465568
-0.468571
-0.460598
-0.451828
-0.450556
-0.449144
-0.443878
-0.442682
-0.503603
-0.507085
-0.508454
-0.507637
-0.502992
-0.498596
-0.50141
-0.505974
-0.501121
-0.500605
-0.554341
-0.559628
-0.560082
-0.557449
-0.553182
-0.551133
-0.559868
-0.570255
-0.563363
-0.562936
-0.60242
-0.608506
-0.612091
-0.611413
-0.608406
-0.608065
-0.629273
-0.638113
-0.627081
-0.624322
-0.647888
-0.655679
-0.664888
-0.666254
-0.665468
-0.671004
-0.69819
-0.699307
-0.681606
-0.67788
-0.703618
-0.707694
-0.71764
-0.720441
-0.722156
-0.733655
-0.753501
-0.748138
-0.73098
-0.728437
-0.75621
-0.757669
-0.767076
-0.772022
-0.775212
-0.786631
-0.798143
-0.79196
-0.781476
-0.781131
-0.807449
-0.808039
-0.816233
-0.821501
-0.82392
-0.831624
-0.837987
-0.835691
-0.836712
-0.837959
-0.866722
-0.869451
-0.871024
-0.872056
-0.869006
-0.869169
-0.875746
-0.886169
-0.893973
-0.894408
-0.927807
-0.932577
-0.93508
-0.925848
-0.914503
-0.917608
-0.932836
-0.945307
-0.950244
-0.947281
379.996
379.879
379.695
379.467
379.199
378.888
378.533
378.137
377.693
377.203
330.878
330.752
330.534
330.298
330.034
329.73
329.382
328.978
328.525
328.025
281.624
281.464
281.251
280.993
280.728
280.427
280.088
279.682
279.219
278.709
232.182
231.857
231.68
231.468
231.21
230.891
230.548
230.146
229.696
229.215
182.523
182.005
181.738
181.5
181.293
180.955
180.612
180.233
179.817
179.427
132.852
131.909
131.506
131.235
130.807
130.289
129.801
129.308
128.885
128.678
83.4522
81.9778
80.8236
79.9071
78.9951
77.8568
76.6736
75.8293
75.5761
75.8864
36.1677
33.7365
31.6291
29.9071
28.2087
26.1609
24.429
24.0013
24.7303
25.8213
6.50821
4.98724
3.25464
2.30405
1.82331
1.35434
1.01409
0.977902
1.1922
1.50361
-0.376492
-0.394911
-0.425969
-0.427642
-0.41118
-0.398951
-0.395364
-0.394411
-0.394924
-0.395176
-0.450249
-0.4606
-0.470606
-0.465991
-0.451913
-0.444448
-0.447034
-0.452198
-0.453562
-0.454056
-0.508876
-0.513119
-0.508292
-0.499949
-0.491027
-0.489293
-0.49496
-0.502875
-0.505357
-0.509319
-0.561329
-0.566766
-0.560007
-0.549212
-0.541025
-0.538525
-0.552569
-0.560163
-0.56156
-0.56605
-0.610243
-0.615788
-0.613824
-0.604577
-0.594923
-0.595249
-0.622342
-0.625746
-0.620505
-0.624825
-0.65312
-0.658854
-0.66408
-0.659301
-0.653196
-0.667343
-0.699555
-0.688138
-0.672324
-0.675171
-0.697458
-0.702637
-0.710222
-0.713611
-0.71534
-0.743968
-0.762754
-0.741218
-0.719849
-0.721602
-0.75293
-0.749771
-0.758102
-0.766969
-0.777581
-0.806121
-0.812396
-0.789142
-0.77032
-0.770306
-0.804472
-0.799564
-0.811101
-0.820798
-0.831721
-0.850473
-0.853012
-0.837881
-0.829365
-0.829032
-0.863382
-0.861579
-0.868281
-0.873995
-0.879409
-0.886012
-0.889549
-0.891696
-0.8922
-0.889679
-0.930406
-0.929327
-0.929706
-0.929741
-0.924948
-0.930424
-0.945337
-0.95254
-0.951757
-0.94617
380.077
379.956
379.762
379.519
379.227
378.889
378.51
378.086
377.606
377.111
330.967
330.824
330.612
330.362
330.071
329.74
329.363
328.931
328.439
327.949
281.747
281.588
281.351
281.078
280.779
280.446
280.065
279.624
279.137
278.62
232.312
231.99
231.82
231.592
231.28
230.907
230.498
230.048
229.572
229.067
182.605
182.077
181.893
181.731
181.407
180.971
180.513
180.043
179.566
179.122
132.826
132.019
131.693
131.523
131.083
130.407
129.691
128.992
128.384
128.031
83.3265
81.8593
80.9628
80.4064
79.5591
78.226
76.6448
75.3132
74.5886
74.5948
35.5944
33.4684
31.6228
30.7575
29.3558
27.0848
24.5869
23.1437
23.1146
23.9777
5.96117
4.76384
3.38056
2.6358
2.21591
1.63415
1.0733
0.814575
0.855572
1.08574
-0.366652
-0.396669
-0.423722
-0.423885
-0.413729
-0.40736
-0.405856
-0.406719
-0.407895
-0.406333
-0.450326
-0.467095
-0.471244
-0.465952
-0.454438
-0.450613
-0.454183
-0.459522
-0.465516
-0.468551
-0.509513
-0.515234
-0.5095
-0.504914
-0.497712
-0.496333
-0.5032
-0.506308
-0.515198
-0.525855
-0.560327
-0.565682
-0.559934
-0.552861
-0.545207
-0.54377
-0.55638
-0.557284
-0.565857
-0.578462
-0.60654
-0.614485
-0.612219
-0.604949
-0.597036
-0.598576
-0.615632
-0.615439
-0.62008
-0.631717
-0.649307
-0.658123
-0.661006
-0.657984
-0.653354
-0.667715
-0.6818
-0.67358
-0.670359
-0.679626
-0.6915
-0.698996
-0.707827
-0.712566
-0.718552
-0.746338
-0.752076
-0.724852
-0.71168
-0.72184
-0.741073
-0.741721
-0.754978
-0.769124
-0.78782
-0.821416
-0.814095
-0.773793
-0.755131
-0.766146
-0.802297
-0.792501
-0.807916
-0.825766
-0.850394
-0.872812
-0.861417
-0.82939
-0.812394
-0.821258
-0.863512
-0.85535
-0.867793
-0.880014
-0.896744
-0.907882
-0.903797
-0.890374
-0.881762
-0.881581
-0.926943
-0.92393
-0.927594
-0.933173
-0.938621
-0.945395
-0.954481
-0.955232
-0.948242
-0.944618
380.311
380.177
379.971
379.721
379.4
379.023
378.598
378.128
377.61
377.079
331.223
331.06
330.84
330.581
330.261
329.891
329.468
328.989
328.462
327.917
282.078
281.873
281.596
281.31
281
280.635
280.204
279.706
279.17
278.61
232.753
232.401
232.191
231.904
231.574
231.166
230.692
230.165
229.615
229.051
183.144
182.601
182.438
182.211
181.829
181.346
180.795
180.215
179.627
179.072
133.43
132.683
132.432
132.254
131.811
131.101
130.246
129.37
128.579
128.002
83.9812
82.6243
81.8396
81.4094
80.7119
79.4877
77.8394
76.2097
75.027
74.5114
35.7658
33.9443
32.3086
31.6564
30.7379
29.0065
26.5599
24.4505
23.421
23.4521
5.69904
4.70066
3.50011
2.79319
2.59638
2.19874
1.58494
1.13614
0.974088
1.02104
-0.350564
-0.391315
-0.422674
-0.433576
-0.427791
-0.420271
-0.41609
-0.414977
-0.412778
-0.409223
-0.447951
-0.473485
-0.486445
-0.488228
-0.47584
-0.465038
-0.461054
-0.461777
-0.468111
-0.473279
-0.509321
-0.526323
-0.536026
-0.53279
-0.516666
-0.50984
-0.510282
-0.509164
-0.519343
-0.531242
-0.562695
-0.580052
-0.584924
-0.57206
-0.558392
-0.555362
-0.560755
-0.56136
-0.572763
-0.587021
-0.613683
-0.628985
-0.628321
-0.615941
-0.605218
-0.605935
-0.611374
-0.615909
-0.62918
-0.63954
-0.656886
-0.670045
-0.671837
-0.664393
-0.660903
-0.661061
-0.665618
-0.667723
-0.677483
-0.685042
-0.696928
-0.707699
-0.71697
-0.718998
-0.719766
-0.726165
-0.724444
-0.715863
-0.717669
-0.727035
-0.741368
-0.747667
-0.762877
-0.77434
-0.787286
-0.800982
-0.789277
-0.761112
-0.756902
-0.772431
-0.797872
-0.794879
-0.812432
-0.832422
-0.854921
-0.874654
-0.850555
-0.813134
-0.807356
-0.825627
-0.863981
-0.853605
-0.869628
-0.887979
-0.909487
-0.921563
-0.905118
-0.879189
-0.872585
-0.886125
-0.925487
-0.918844
-0.926913
-0.93788
-0.950776
-0.957513
-0.957058
-0.949583
-0.943054
-0.948974
380.666
380.501
380.285
380.043
379.695
379.275
378.804
378.279
377.718
377.151
331.612
331.393
331.147
330.9
330.578
330.167
329.695
329.159
328.581
327.991
282.551
282.25
281.908
281.614
281.325
280.955
280.488
279.925
279.317
278.695
233.431
233.034
232.697
232.361
232.024
231.615
231.097
230.481
229.828
229.179
184.113
183.516
183.33
182.975
182.538
182.005
181.386
180.685
179.951
179.268
134.478
133.881
133.723
133.415
132.907
132.193
131.281
130.279
129.322
128.539
85.2419
84.1469
83.3888
82.8194
82.2125
81.2359
79.8007
78.1755
76.7742
75.8293
36.6711
35.3423
33.7659
32.7175
32.2169
31.126
29.2915
27.2474
25.7106
24.9539
5.70106
5.00974
3.9049
3.00495
2.78452
2.67781
2.2915
1.80124
1.48692
1.36359
-0.325991
-0.387947
-0.428607
-0.446158
-0.442804
-0.429909
-0.420515
-0.416404
-0.411756
-0.407665
-0.444998
-0.486272
-0.507486
-0.510611
-0.4964
-0.476566
-0.465576
-0.463294
-0.465818
-0.466775
-0.510481
-0.535958
-0.551871
-0.548152
-0.530453
-0.518952
-0.512624
-0.512993
-0.522045
-0.527965
-0.567434
-0.589175
-0.597322
-0.584679
-0.570543
-0.566333
-0.566318
-0.565804
-0.576708
-0.586335
-0.622404
-0.64665
-0.64564
-0.628466
-0.618263
-0.615148
-0.615419
-0.621054
-0.632997
-0.637422
-0.670293
-0.691128
-0.690096
-0.678928
-0.670988
-0.65988
-0.662636
-0.675859
-0.682412
-0.682903
-0.710917
-0.727775
-0.73235
-0.729505
-0.720925
-0.71239
-0.71298
-0.718841
-0.72458
-0.728116
-0.753743
-0.764265
-0.776466
-0.780311
-0.778943
-0.774366
-0.767102
-0.759759
-0.767458
-0.778781
-0.804827
-0.806863
-0.82237
-0.834828
-0.842819
-0.843759
-0.829167
-0.808917
-0.816942
-0.832796
-0.865864
-0.856375
-0.872751
-0.888435
-0.904174
-0.911839
-0.89123
-0.870552
-0.875295
-0.892279
-0.91954
-0.914414
-0.924514
-0.939338
-0.952277
-0.956612
-0.948687
-0.937923
-0.943051
-0.952823
381.081
380.849
380.665
380.499
380.115
379.624
379.108
378.528
377.921
377.316
332.048
331.705
331.472
331.357
331.017
330.547
330.031
329.435
328.806
328.173
283.093
282.686
282.269
282.079
281.754
281.375
280.899
280.276
279.598
278.917
234.266
233.832
233.425
233.087
232.659
232.212
231.683
230.983
230.233
229.5
185.335
184.815
184.633
184.171
183.562
182.92
182.209
181.414
180.554
179.747
136.067
135.595
135.558
135.118
134.428
133.6
132.62
131.499
130.398
129.436
87.0165
86.3129
85.7971
85.097
84.2687
83.2443
81.9359
80.4229
78.9697
77.7706
38.3909
37.5944
36.4617
35.2341
34.2799
33.3645
31.8414
30.1433
28.5761
27.3819
6.17302
5.77506
4.92467
3.93042
3.31124
2.96886
2.71412
2.38967
2.06367
1.80799
-0.289877
-0.371136
-0.424369
-0.454408
-0.45685
-0.438859
-0.41897
-0.417011
-0.415072
-0.413383
-0.443723
-0.490527
-0.514416
-0.519164
-0.505708
-0.485931
-0.468977
-0.463783
-0.465003
-0.464683
-0.509573
-0.530787
-0.545633
-0.548593
-0.538104
-0.526898
-0.517433
-0.514385
-0.521377
-0.522816
-0.563029
-0.577677
-0.589031
-0.587554
-0.578393
-0.574454
-0.570404
-0.563733
-0.575748
-0.581432
-0.620589
-0.639223
-0.644946
-0.6347
-0.624542
-0.621329
-0.621671
-0.618263
-0.62823
-0.63471
-0.674236
-0.697032
-0.699986
-0.686226
-0.675723
-0.667171
-0.669
-0.676833
-0.679191
-0.68131
-0.71909
-0.743585
-0.74884
-0.739392
-0.727629
-0.713285
-0.712643
-0.722737
-0.725554
-0.728907
-0.761927
-0.78172
-0.793697
-0.791553
-0.780946
-0.766129
-0.761893
-0.764993
-0.772591
-0.783092
-0.806664
-0.81963
-0.83703
-0.843083
-0.837594
-0.824936
-0.812775
-0.811418
-0.821246
-0.837977
-0.853817
-0.862328
-0.878558
-0.894554
-0.895252
-0.886353
-0.872106
-0.866646
-0.879409
-0.895218
-0.90176
-0.906896
-0.920906
-0.937851
-0.944192
-0.943203
-0.93436
-0.928916
-0.940607
-0.952792
381.481
381.172
381.106
381.032
380.564
380.021
379.464
378.841
378.191
377.547
332.473
332.076
331.878
331.852
331.454
330.957
330.433
329.793
329.114
328.439
283.709
283.256
282.945
282.768
282.273
281.857
281.396
280.735
280
279.264
235.232
234.729
234.448
234.105
233.47
232.935
232.383
231.641
230.817
229.99
186.718
186.328
186.262
185.698
184.856
184.065
183.288
182.364
181.39
180.451
138.062
137.809
137.824
137.222
136.296
135.29
134.206
132.997
131.74
130.613
89.4035
89.081
88.8657
88.1574
87.0836
85.7711
84.2862
82.7332
81.2343
79.8928
41.033
40.6534
40.2173
39.2451
37.8879
36.2693
34.6425
33.2172
31.675
30.3295
7.36249
7.19661
6.77902
5.88863
4.87964
4.01873
3.39393
2.92234
2.60652
2.31337
-0.24552
-0.334088
-0.400473
-0.443761
-0.459892
-0.438359
-0.418151
-0.418921
-0.42028
-0.419703
-0.448146
-0.490713
-0.509524
-0.520271
-0.511418
-0.493411
-0.470941
-0.46579
-0.467048
-0.467253
-0.514583
-0.533292
-0.543748
-0.549162
-0.544793
-0.538146
-0.520528
-0.513154
-0.51754
-0.520101
-0.55704
-0.569736
-0.582892
-0.588622
-0.584958
-0.583197
-0.576886
-0.562345
-0.57089
-0.579849
-0.60368
-0.616483
-0.632544
-0.634755
-0.629012
-0.627222
-0.626377
-0.616564
-0.6245
-0.632811
-0.658011
-0.6715
-0.685432
-0.683478
-0.676333
-0.6719
-0.67227
-0.674629
-0.676753
-0.681273
-0.711294
-0.730079
-0.740859
-0.737497
-0.727764
-0.717724
-0.715966
-0.722944
-0.724974
-0.729751
-0.757442
-0.778159
-0.794549
-0.793755
-0.782811
-0.768154
-0.763144
-0.769216
-0.773848
-0.784127
-0.799071
-0.817725
-0.84018
-0.846872
-0.837372
-0.822642
-0.812925
-0.817253
-0.824334
-0.842465
-0.842041
-0.855511
-0.878077
-0.89292
-0.888849
-0.876486
-0.864967
-0.869075
-0.881722
-0.899109
-0.893999
-0.898492
-0.91377
-0.931771
-0.934093
-0.929298
-0.921419
-0.922506
-0.937898
-0.951438
381.807
381.549
381.415
381.234
380.845
380.376
379.81
379.163
378.481
377.8
332.881
332.556
332.407
332.109
331.726
331.364
330.839
330.172
329.453
328.736
284.355
283.872
283.734
283.284
282.725
282.427
281.931
281.236
280.454
279.659
236.062
235.583
235.523
234.934
234.283
233.761
233.158
232.351
231.444
230.547
187.868
187.774
187.749
187.027
186.14
185.338
184.482
183.456
182.351
181.289
140.015
140.147
140.071
139.238
138.213
137.138
135.977
134.669
133.292
132.014
92.2316
92.2879
92.2726
91.4893
90.31
88.8763
87.2226
85.4487
83.791
82.2749
44.365
44.5217
44.7966
44.1918
42.8341
40.9438
38.9001
37.019
35.3303
33.7606
9.37145
9.51786
9.60396
9.04616
7.85716
6.4971
5.35662
4.57731
4.02159
3.52869
-0.175481
-0.261309
-0.325034
-0.376132
-0.403322
-0.399004
-0.402794
-0.406995
-0.408783
-0.409401
-0.459507
-0.490682
-0.500047
-0.515881
-0.514498
-0.503301
-0.480106
-0.473979
-0.473803
-0.471606
-0.530846
-0.544549
-0.549128
-0.554383
-0.55202
-0.549817
-0.529787
-0.519669
-0.521282
-0.521861
-0.560375
-0.576682
-0.586653
-0.589847
-0.59022
-0.593559
-0.582426
-0.566605
-0.572237
-0.57691
-0.593519
-0.610671
-0.628485
-0.63004
-0.631673
-0.634446
-0.630766
-0.618703
-0.624174
-0.629216
-0.640454
-0.652389
-0.671136
-0.672815
-0.67405
-0.674926
-0.675419
-0.673007
-0.675638
-0.679029
-0.692867
-0.700336
-0.71784
-0.720626
-0.71996
-0.718267
-0.719376
-0.72393
-0.724867
-0.728752
-0.745903
-0.753486
-0.767876
-0.773248
-0.769758
-0.76542
-0.763347
-0.770156
-0.774957
-0.783109
-0.797393
-0.803767
-0.818162
-0.826215
-0.824129
-0.816227
-0.810811
-0.819397
-0.82667
-0.844631
-0.851121
-0.85227
-0.864274
-0.87576
-0.875918
-0.869575
-0.862193
-0.872094
-0.88649
-0.907581
-0.906755
-0.905188
-0.91036
-0.921039
-0.924009
-0.921476
-0.915273
-0.921884
-0.939192
-0.95537
382.114
381.943
381.698
381.4
381.117
380.694
380.111
379.445
378.738
378.032
333.3
333.011
332.742
332.388
332.105
331.767
331.207
330.51
329.761
329.015
284.924
284.61
284.137
283.63
283.392
283.01
282.437
281.691
280.866
280.029
236.863
236.551
236.03
235.379
235.085
234.567
233.875
232.975
231.974
231.043
188.96
188.893
188.527
187.8
187.224
186.474
185.56
184.437
183.222
182.143
141.834
142.068
141.708
140.82
139.895
138.817
137.599
136.226
134.789
133.486
94.9813
95.4023
95.3039
94.4475
93.2719
91.7927
90.1216
88.3155
86.51
84.8438
47.3665
48.5375
49.5907
49.2127
47.8464
45.9194
43.8674
41.8238
39.842
38.016
11.6249
12.6458
13.8113
13.7063
12.396
10.7668
9.46946
8.45157
7.60571
6.81063
-0.0235526
-0.0702062
-0.0636529
-0.12013
-0.227439
-0.302057
-0.338019
-0.363644
-0.384256
-0.399227
-0.470434
-0.495153
-0.510968
-0.524198
-0.525279
-0.515229
-0.497177
-0.487853
-0.483224
-0.476918
-0.532957
-0.548715
-0.55445
-0.563845
-0.565033
-0.557663
-0.539777
-0.529266
-0.527428
-0.524981
-0.562371
-0.579216
-0.587636
-0.593245
-0.597726
-0.598109
-0.584999
-0.575431
-0.576715
-0.577979
-0.600754
-0.615839
-0.626678
-0.630755
-0.635207
-0.638568
-0.629755
-0.625176
-0.627169
-0.628487
-0.648093
-0.65907
-0.669275
-0.672574
-0.675827
-0.677976
-0.67415
-0.676415
-0.676872
-0.677795
-0.698059
-0.705849
-0.714757
-0.71757
-0.718571
-0.719661
-0.719697
-0.724641
-0.726626
-0.728285
-0.748721
-0.753943
-0.762534
-0.765788
-0.765715
-0.765465
-0.765743
-0.771232
-0.777797
-0.782039
-0.800292
-0.803849
-0.81142
-0.815194
-0.814943
-0.813753
-0.810855
-0.820047
-0.833058
-0.844209
-0.853108
-0.856306
-0.862057
-0.865577
-0.865752
-0.862925
-0.860225
-0.87114
-0.89098
-0.912677
-0.905121
-0.907421
-0.912842
-0.916456
-0.91565
-0.913034
-0.911502
-0.919931
-0.942396
-0.958054
382.315
382.164
381.956
381.754
381.417
380.921
380.306
379.622
378.901
378.181
333.558
333.365
333.071
332.812
332.53
332.075
331.451
330.73
329.971
329.211
285.18
285.051
284.666
284.266
283.876
283.411
282.769
281.986
281.163
280.283
237.269
237.068
236.627
236.248
235.728
235.096
234.331
233.387
232.366
231.437
189.707
189.456
189.037
188.628
188.059
187.219
186.251
185.103
183.907
182.832
143.069
143.003
142.433
141.828
141.056
139.934
138.679
137.285
135.852
134.538
96.8241
97.1639
96.8618
96.2836
95.2789
93.7999
92.1375
90.3515
88.5458
86.8238
49.4026
51.1729
52.435
52.5727
51.6455
49.9671
48.0237
45.9191
43.5464
41.3234
13.434
15.6813
17.8715
18.6554
18.0544
16.7501
15.4773
14.2324
13.1123
11.9306
0.290102
0.367072
0.611917
0.685009
0.524158
0.292425
0.102009
-0.0681237
-0.204619
-0.309421
-0.379209
-0.448511
-0.493107
-0.514796
-0.524687
-0.52423
-0.517456
-0.508679
-0.500216
-0.490876
-0.499283
-0.520441
-0.541197
-0.553618
-0.560036
-0.558178
-0.549902
-0.541902
-0.535246
-0.529086
-0.557401
-0.56913
-0.580871
-0.588958
-0.593355
-0.592854
-0.586816
-0.582398
-0.580086
-0.57759
-0.604802
-0.614123
-0.623035
-0.629679
-0.632995
-0.633752
-0.631035
-0.628286
-0.628421
-0.627574
-0.653409
-0.6608
-0.667315
-0.672504
-0.675512
-0.676476
-0.676876
-0.676183
-0.677475
-0.677389
-0.702274
-0.709191
-0.713935
-0.717576
-0.719549
-0.71926
-0.720906
-0.723632
-0.727431
-0.729316
-0.751842
-0.757627
-0.762401
-0.76557
-0.766752
-0.76583
-0.766082
-0.771476
-0.779042
-0.78245
-0.801819
-0.806434
-0.811608
-0.814831
-0.816163
-0.814728
-0.812184
-0.820361
-0.834075
-0.841977
-0.852331
-0.855705
-0.861067
-0.863685
-0.864355
-0.86263
-0.861538
-0.871181
-0.889797
-0.905245
-0.902817
-0.90485
-0.909746
-0.913952
-0.91307
-0.910654
-0.909884
-0.917416
-0.9331
-0.945062
-0.967498
-0.968514
-0.974211
-0.973303
-0.966785
-0.966241
-0.968938
-0.973925
-0.977345
-0.977795
-1.01999
-1.02112
-1.02588
-1.02557
-1.01671
-1.01367
-1.01547
-1.01943
-1.02747
-1.0327
-1.06638
-1.06621
-1.06852
-1.07034
-1.06481
-1.0615
-1.06418
-1.06664
-1.07532
-1.08554
-1.11559
-1.11476
-1.11446
-1.11494
-1.11184
-1.11081
-1.11319
-1.11799
-1.12386
-1.13687
-1.16739
-1.16669
-1.16486
-1.1634
-1.16095
-1.16163
-1.1634
-1.16857
-1.17585
-1.18653
-1.22018
-1.22014
-1.21881
-1.21664
-1.21351
-1.21533
-1.21632
-1.22049
-1.22666
-1.23591
-1.27187
-1.27271
-1.27231
-1.26951
-1.26707
-1.26891
-1.26945
-1.27281
-1.27801
-1.28588
-1.32206
-1.32312
-1.32324
-1.32069
-1.3204
-1.3206
-1.32227
-1.32469
-1.3292
-1.33585
-1.37177
-1.37257
-1.3736
-1.374
-1.3729
-1.37166
-1.37474
-1.37718
-1.38125
-1.38658
-1.42149
-1.42182
-1.42386
-1.42728
-1.42561
-1.4231
-1.42672
-1.42996
-1.43412
-1.4383
-1.47153
-1.47194
-1.47431
-1.47645
-1.47632
-1.47585
-1.47712
-1.48161
-1.48568
-1.48912
-1.52184
-1.52301
-1.52416
-1.52433
-1.52569
-1.527
-1.52812
-1.5319
-1.53543
-1.53842
-1.57247
-1.574
-1.57367
-1.57403
-1.57641
-1.57965
-1.5819
-1.58296
-1.58495
-1.58691
-1.6228
-1.62428
-1.62429
-1.6253
-1.62743
-1.63241
-1.63541
-1.63434
-1.63433
-1.6345
-1.67332
-1.67382
-1.67547
-1.67578
-1.67715
-1.68277
-1.6844
-1.68327
-1.68221
-1.68156
-1.72506
-1.72564
-1.72666
-1.72551
-1.72818
-1.73105
-1.732
-1.73173
-1.73027
-1.7297
-1.77826
-1.77904
-1.77843
-1.77768
-1.77973
-1.78068
-1.78166
-1.78227
-1.78159
-1.78019
-1.83087
-1.83148
-1.83081
-1.83113
-1.83103
-1.83135
-1.8321
-1.83323
-1.8331
-1.83158
-1.88192
-1.88197
-1.88288
-1.88291
-1.88215
-1.88223
-1.88282
-1.88422
-1.88532
-1.88382
-1.93216
-1.93203
-1.93342
-1.93343
-1.93287
-1.93285
-1.93324
-1.93428
-1.93499
-1.93413
-0.963554
-0.969928
-0.976323
-0.975204
-0.967105
-0.965222
-0.971682
-0.983504
-0.992169
-0.993271
-1.0197
-1.0209
-1.0297
-1.03036
-1.0217
-1.01472
-1.01408
-1.02268
-1.0384
-1.05056
-1.06638
-1.06695
-1.07022
-1.07368
-1.07059
-1.06525
-1.062
-1.06497
-1.07957
-1.09919
-1.11648
-1.11638
-1.1165
-1.11812
-1.117
-1.11429
-1.1121
-1.11528
-1.12557
-1.14312
-1.16967
-1.17108
-1.16908
-1.16816
-1.16493
-1.16287
-1.16225
-1.16655
-1.17511
-1.19114
-1.22327
-1.22526
-1.22426
-1.22343
-1.21707
-1.21543
-1.21418
-1.21885
-1.22567
-1.23925
-1.27472
-1.27701
-1.27676
-1.27494
-1.27057
-1.26978
-1.26856
-1.27128
-1.27663
-1.28783
-1.32386
-1.32591
-1.32482
-1.32288
-1.32156
-1.32197
-1.32302
-1.32404
-1.32761
-1.33636
-1.37256
-1.37391
-1.37429
-1.37303
-1.37312
-1.37367
-1.37675
-1.3787
-1.38111
-1.38742
-1.42163
-1.4227
-1.42474
-1.42501
-1.42652
-1.42562
-1.42929
-1.43396
-1.43848
-1.44178
-1.47163
-1.47332
-1.4755
-1.47501
-1.47603
-1.47748
-1.48042
-1.48629
-1.49127
-1.49359
-1.52225
-1.52519
-1.52532
-1.52249
-1.52494
-1.52841
-1.53124
-1.53518
-1.53929
-1.54186
-1.57289
-1.57671
-1.57352
-1.57145
-1.57681
-1.58302
-1.58589
-1.58644
-1.58789
-1.58915
-1.62328
-1.62656
-1.62305
-1.62409
-1.6308
-1.63769
-1.64048
-1.63818
-1.63673
-1.63576
-1.6738
-1.67545
-1.67502
-1.67681
-1.68043
-1.68587
-1.68759
-1.68569
-1.68373
-1.6827
-1.72533
-1.72577
-1.72659
-1.72722
-1.72896
-1.73178
-1.73275
-1.73225
-1.73118
-1.73086
-1.77873
-1.77966
-1.77816
-1.77877
-1.7796
-1.78101
-1.78141
-1.78136
-1.78148
-1.78079
-1.83318
-1.83384
-1.83123
-1.83145
-1.83137
-1.83195
-1.83209
-1.83272
-1.83333
-1.83262
-1.88563
-1.88528
-1.88518
-1.88355
-1.88293
-1.88298
-1.88346
-1.88454
-1.88573
-1.88569
-1.93451
-1.93486
-1.93586
-1.9347
-1.93385
-1.93353
-1.93385
-1.9347
-1.93549
-1.93541
-0.961803
-0.967022
-0.974049
-0.975635
-0.971399
-0.970297
-0.975555
-0.98509
-0.99281
-0.992196
-1.01573
-1.01784
-1.02985
-1.03308
-1.02743
-1.02207
-1.02223
-1.02848
-1.04023
-1.04629
-1.06431
-1.06286
-1.06999
-1.07533
-1.0739
-1.07123
-1.07051
-1.07375
-1.0838
-1.09558
-1.11473
-1.11415
-1.11776
-1.12138
-1.11843
-1.11714
-1.11891
-1.12312
-1.13075
-1.14241
-1.17074
-1.17137
-1.16992
-1.17128
-1.16697
-1.16602
-1.16785
-1.172
-1.17932
-1.18992
-1.22637
-1.2274
-1.22448
-1.22117
-1.217
-1.21603
-1.21822
-1.22265
-1.22957
-1.2394
-1.27754
-1.27953
-1.27579
-1.27228
-1.26867
-1.26869
-1.27101
-1.27488
-1.28067
-1.28892
-1.32504
-1.32787
-1.32478
-1.32171
-1.32009
-1.32108
-1.32364
-1.3268
-1.33098
-1.33751
-1.3731
-1.37534
-1.37322
-1.37031
-1.3719
-1.37384
-1.37725
-1.37961
-1.38406
-1.38932
-1.42152
-1.42305
-1.42284
-1.41997
-1.42433
-1.42656
-1.43094
-1.43473
-1.44043
-1.44562
-1.47129
-1.47319
-1.47372
-1.47155
-1.47651
-1.47953
-1.48398
-1.48942
-1.49467
-1.49867
-1.52154
-1.52452
-1.52437
-1.52314
-1.52702
-1.53171
-1.5357
-1.53996
-1.54336
-1.54493
-1.57187
-1.57541
-1.57314
-1.57406
-1.57953
-1.58748
-1.59102
-1.59005
-1.5894
-1.58916
-1.62147
-1.62473
-1.62437
-1.62623
-1.63288
-1.64087
-1.64319
-1.63868
-1.63473
-1.63383
-1.67238
-1.67494
-1.67626
-1.67725
-1.68058
-1.68539
-1.68649
-1.68377
-1.68167
-1.68131
-1.7235
-1.72697
-1.72824
-1.72718
-1.72879
-1.73109
-1.73136
-1.73086
-1.73089
-1.73119
-1.77698
-1.77935
-1.77867
-1.77886
-1.78007
-1.78055
-1.77981
-1.78024
-1.78168
-1.78193
-1.83066
-1.83152
-1.83099
-1.83126
-1.83193
-1.8329
-1.83207
-1.83157
-1.8329
-1.834
-1.88389
-1.88379
-1.88342
-1.88374
-1.88383
-1.88399
-1.88406
-1.88365
-1.88435
-1.88607
-1.93514
-1.9351
-1.93557
-1.93544
-1.93524
-1.93464
-1.93455
-1.93443
-1.93421
-1.93473
-0.96223
-0.964768
-0.970639
-0.973055
-0.972099
-0.971171
-0.972856
-0.976856
-0.981635
-0.981799
-1.01187
-1.01265
-1.02622
-1.03087
-1.02615
-1.02368
-1.02332
-1.02594
-1.03032
-1.03208
-1.06223
-1.05902
-1.07049
-1.07362
-1.06956
-1.07058
-1.07334
-1.077
-1.08125
-1.08413
-1.11412
-1.11264
-1.12024
-1.12017
-1.11396
-1.11742
-1.12341
-1.1295
-1.13404
-1.13662
-1.17087
-1.17262
-1.17309
-1.17018
-1.16539
-1.16989
-1.17675
-1.18277
-1.18643
-1.18831
-1.22672
-1.22773
-1.22472
-1.21956
-1.2171
-1.22072
-1.22724
-1.23313
-1.23646
-1.23843
-1.2771
-1.27759
-1.27676
-1.27446
-1.27136
-1.27331
-1.2785
-1.28373
-1.28672
-1.28844
-1.32453
-1.32674
-1.32692
-1.32724
-1.32651
-1.3275
-1.33164
-1.33607
-1.33815
-1.33927
-1.37201
-1.37576
-1.37623
-1.37591
-1.37533
-1.3776
-1.3828
-1.38753
-1.38999
-1.39117
-1.41974
-1.4242
-1.4224
-1.41933
-1.41963
-1.42522
-1.43327
-1.4398
-1.44412
-1.44621
-1.46952
-1.47261
-1.46739
-1.46162
-1.46506
-1.47521
-1.48548
-1.49339
-1.49833
-1.50022
-1.51941
-1.5225
-1.51571
-1.50946
-1.51634
-1.52939
-1.53791
-1.54283
-1.54489
-1.54558
-1.56991
-1.57346
-1.56981
-1.56671
-1.57352
-1.586
-1.59179
-1.59071
-1.58899
-1.58902
-1.62002
-1.62371
-1.6235
-1.62223
-1.6286
-1.63707
-1.6403
-1.63661
-1.63344
-1.63499
-1.67021
-1.67369
-1.67473
-1.6749
-1.67862
-1.68238
-1.68388
-1.68201
-1.68107
-1.68368
-1.72174
-1.72371
-1.72578
-1.72678
-1.72797
-1.73019
-1.73107
-1.73132
-1.73211
-1.73335
-1.77464
-1.7759
-1.77666
-1.77825
-1.77944
-1.78064
-1.78005
-1.78048
-1.78093
-1.78167
-1.82915
-1.8291
-1.82918
-1.8302
-1.83119
-1.83232
-1.83242
-1.83228
-1.83212
-1.83216
-1.8832
-1.88345
-1.88189
-1.88249
-1.88347
-1.88394
-1.88425
-1.88422
-1.88352
-1.88272
-1.93433
-1.93421
-1.93335
-1.93392
-1.93546
-1.93512
-1.93486
-1.9347
-1.93381
-1.93252
-0.961968
-0.964116
-0.967453
-0.969354
-0.966942
-0.965275
-0.964867
-0.967468
-0.973187
-0.976294
-1.00973
-1.01105
-1.01997
-1.02233
-1.01814
-1.01514
-1.01493
-1.01826
-1.02431
-1.02873
-1.06143
-1.05872
-1.06758
-1.06735
-1.06199
-1.06461
-1.07022
-1.07768
-1.08379
-1.08595
-1.11482
-1.11296
-1.11989
-1.11522
-1.11012
-1.11829
-1.1297
-1.14
-1.14467
-1.14316
-1.17171
-1.17344
-1.17356
-1.17092
-1.17036
-1.17736
-1.18884
-1.19783
-1.19987
-1.19615
-1.22801
-1.22916
-1.22571
-1.22583
-1.22748
-1.23198
-1.24158
-1.24891
-1.24983
-1.24567
-1.27852
-1.28047
-1.27849
-1.27762
-1.2786
-1.28165
-1.28905
-1.29569
-1.2969
-1.29335
-1.32818
-1.33205
-1.33274
-1.33192
-1.33057
-1.33204
-1.3379
-1.34361
-1.34483
-1.3421
-1.37714
-1.38546
-1.38501
-1.38208
-1.3797
-1.38118
-1.3874
-1.39309
-1.39425
-1.39199
-1.42542
-1.43494
-1.43233
-1.42434
-1.42156
-1.42583
-1.43505
-1.44362
-1.44852
-1.44807
-1.47174
-1.47978
-1.47266
-1.46157
-1.45984
-1.46949
-1.48322
-1.4941
-1.50041
-1.50182
-1.51679
-1.52344
-1.51587
-1.50496
-1.50502
-1.5195
-1.53519
-1.54426
-1.54685
-1.54623
-1.56559
-1.57087
-1.56656
-1.55883
-1.56091
-1.57737
-1.58679
-1.58949
-1.58873
-1.58936
-1.61677
-1.62149
-1.62063
-1.61846
-1.62232
-1.62947
-1.63426
-1.63398
-1.6329
-1.63651
-1.66885
-1.67291
-1.67377
-1.67449
-1.67708
-1.6798
-1.68163
-1.68123
-1.68266
-1.68637
-1.72169
-1.72539
-1.72516
-1.72625
-1.72863
-1.73001
-1.73115
-1.7316
-1.73227
-1.73398
-1.77501
-1.77912
-1.77918
-1.77946
-1.7798
-1.78099
-1.78131
-1.78028
-1.77992
-1.78061
-1.8297
-1.83198
-1.83156
-1.83096
-1.83107
-1.83192
-1.83177
-1.83074
-1.83004
-1.8299
-1.88412
-1.88346
-1.88285
-1.88264
-1.88329
-1.88366
-1.88383
-1.88326
-1.88234
-1.88117
-1.93367
-1.93328
-1.9344
-1.9345
-1.93545
-1.93539
-1.93578
-1.93643
-1.93556
-1.93361
-0.965755
-0.965863
-0.965572
-0.964326
-0.959217
-0.954872
-0.953281
-0.956024
-0.963629
-0.971998
-1.01267
-1.01175
-1.016
-1.01454
-1.00765
-1.00352
-1.00398
-1.01091
-1.02156
-1.03139
-1.06387
-1.06177
-1.06585
-1.06143
-1.05591
-1.05765
-1.06664
-1.07949
-1.08964
-1.09405
-1.11678
-1.1162
-1.11999
-1.11436
-1.11272
-1.11902
-1.13661
-1.15105
-1.15623
-1.15323
-1.17167
-1.17084
-1.17535
-1.1793
-1.17906
-1.18421
-1.20224
-1.21315
-1.21287
-1.20613
-1.22888
-1.22772
-1.22637
-1.23816
-1.23787
-1.24288
-1.25843
-1.26623
-1.26401
-1.25487
-1.28128
-1.28093
-1.27749
-1.2837
-1.28401
-1.29039
-1.30392
-1.31051
-1.30742
-1.29895
-1.32997
-1.3306
-1.3316
-1.33071
-1.33196
-1.33811
-1.34919
-1.35452
-1.35114
-1.34351
-1.38111
-1.38752
-1.38489
-1.38173
-1.38296
-1.38851
-1.3977
-1.40209
-1.39819
-1.39139
-1.43226
-1.44062
-1.43699
-1.42999
-1.42927
-1.43468
-1.44402
-1.45129
-1.45299
-1.44876
-1.48161
-1.49129
-1.4815
-1.47082
-1.46879
-1.47551
-1.48725
-1.49834
-1.5036
-1.50215
-1.52853
-1.53779
-1.52634
-1.51179
-1.50776
-1.5151
-1.53004
-1.54391
-1.54907
-1.54747
-1.57409
-1.58266
-1.57392
-1.55958
-1.55389
-1.56419
-1.57908
-1.58722
-1.58906
-1.59044
-1.62072
-1.62686
-1.62294
-1.61382
-1.61222
-1.62097
-1.62888
-1.63251
-1.63478
-1.6391
-1.67048
-1.67363
-1.67324
-1.6718
-1.67494
-1.67801
-1.68026
-1.68178
-1.68374
-1.68763
-1.7234
-1.72417
-1.72528
-1.72636
-1.72981
-1.73062
-1.73096
-1.73089
-1.73221
-1.73465
-1.77772
-1.77756
-1.77756
-1.77841
-1.7803
-1.78113
-1.78157
-1.78134
-1.78172
-1.78249
-1.83231
-1.83212
-1.83083
-1.83223
-1.83152
-1.83254
-1.83319
-1.83282
-1.83254
-1.83222
-1.8847
-1.88448
-1.8842
-1.8852
-1.88406
-1.88459
-1.88573
-1.88562
-1.88487
-1.88304
-1.9347
-1.93438
-1.93644
-1.9375
-1.93655
-1.93634
-1.9373
-1.93782
-1.93732
-1.93526
-0.972921
-0.970032
-0.966697
-0.961125
-0.95257
-0.94751
-0.945581
-0.949045
-0.958769
-0.97089
-1.01688
-1.01512
-1.01704
-1.01127
-1.00209
-0.998704
-1.00139
-1.01017
-1.02149
-1.02936
-1.06894
-1.06716
-1.06949
-1.06296
-1.05878
-1.05999
-1.06843
-1.08221
-1.09043
-1.09281
-1.12093
-1.12364
-1.12773
-1.12439
-1.12153
-1.12519
-1.14131
-1.15485
-1.157
-1.15273
-1.17254
-1.17618
-1.18552
-1.19221
-1.18508
-1.19057
-1.21034
-1.22097
-1.21724
-1.2081
-1.22862
-1.22877
-1.23335
-1.24425
-1.23912
-1.24862
-1.2724
-1.27972
-1.27231
-1.25995
-1.27979
-1.27953
-1.27847
-1.27927
-1.28423
-1.30047
-1.32389
-1.32877
-1.31881
-1.30458
-1.32863
-1.32884
-1.3263
-1.32435
-1.33229
-1.35017
-1.36908
-1.37232
-1.36122
-1.34675
-1.37713
-1.37937
-1.37839
-1.37864
-1.38615
-1.40024
-1.41479
-1.41675
-1.40652
-1.39299
-1.42704
-1.43076
-1.43222
-1.43326
-1.43848
-1.44832
-1.45968
-1.46351
-1.45997
-1.45026
-1.47939
-1.48346
-1.48266
-1.48147
-1.48418
-1.49142
-1.50051
-1.50734
-1.5081
-1.50297
-1.53109
-1.53675
-1.53217
-1.52538
-1.52402
-1.52724
-1.53511
-1.54503
-1.55005
-1.54815
-1.58056
-1.58684
-1.58155
-1.57047
-1.56311
-1.5644
-1.57526
-1.58613
-1.59104
-1.59278
-1.62854
-1.63371
-1.62984
-1.61985
-1.61244
-1.61839
-1.62537
-1.63202
-1.63695
-1.64117
-1.67716
-1.68012
-1.67802
-1.67334
-1.67244
-1.67658
-1.67899
-1.68173
-1.68543
-1.68924
-1.72775
-1.72791
-1.72666
-1.72648
-1.72979
-1.73148
-1.73219
-1.73231
-1.73444
-1.7366
-1.77956
-1.77877
-1.77829
-1.77902
-1.78151
-1.78235
-1.78337
-1.78301
-1.7843
-1.78529
-1.83156
-1.83201
-1.83025
-1.83199
-1.8322
-1.83339
-1.83485
-1.83488
-1.83546
-1.83482
-1.88349
-1.88399
-1.88379
-1.88714
-1.88486
-1.88523
-1.88663
-1.88705
-1.8865
-1.88531
-1.93485
-1.93453
-1.93738
-1.94063
-1.93914
-1.93709
-1.93773
-1.93808
-1.9374
-1.93637
-0.976666
-0.974262
-0.971428
-0.963102
-0.953855
-0.950643
-0.952111
-0.960422
-0.972013
-0.978016
-1.01952
-1.01968
-1.02376
-1.01713
-1.01048
-1.01133
-1.01519
-1.02215
-1.02901
-1.03192
-1.0714
-1.07371
-1.08129
-1.07778
-1.07566
-1.07602
-1.07972
-1.0854
-1.08777
-1.08697
-1.12068
-1.12666
-1.14187
-1.14378
-1.13768
-1.13895
-1.14605
-1.15155
-1.14875
-1.14403
-1.17124
-1.1747
-1.19425
-1.20154
-1.19333
-1.19803
-1.21158
-1.21704
-1.21033
-1.20197
-1.22692
-1.22652
-1.23625
-1.23968
-1.23993
-1.25306
-1.27402
-1.27885
-1.26728
-1.25685
-1.27996
-1.27827
-1.27748
-1.2748
-1.28387
-1.30749
-1.33178
-1.33301
-1.3193
-1.3059
-1.32847
-1.32973
-1.3223
-1.32121
-1.33537
-1.36097
-1.382
-1.38269
-1.36772
-1.34888
-1.37535
-1.37888
-1.37707
-1.37829
-1.39191
-1.41127
-1.42869
-1.42933
-1.41469
-1.39499
-1.42242
-1.4271
-1.43083
-1.43677
-1.44695
-1.46038
-1.47382
-1.47478
-1.4643
-1.45053
-1.47217
-1.47731
-1.48304
-1.49025
-1.4957
-1.50479
-1.51286
-1.51398
-1.51005
-1.50331
-1.52535
-1.52985
-1.53375
-1.53651
-1.53858
-1.54247
-1.54518
-1.54762
-1.55063
-1.54947
-1.57826
-1.5817
-1.58354
-1.58136
-1.57954
-1.57713
-1.57888
-1.58673
-1.59305
-1.5951
-1.62923
-1.63133
-1.63272
-1.62997
-1.62649
-1.62428
-1.62521
-1.63367
-1.63966
-1.64317
-1.67943
-1.6801
-1.68165
-1.68088
-1.6782
-1.67843
-1.6795
-1.68286
-1.68844
-1.69115
-1.72966
-1.72913
-1.72991
-1.73028
-1.73032
-1.73196
-1.73363
-1.73501
-1.7377
-1.73893
-1.7813
-1.77971
-1.77956
-1.77976
-1.78172
-1.78316
-1.78477
-1.78541
-1.78739
-1.78787
-1.83364
-1.83235
-1.83164
-1.83012
-1.83249
-1.83334
-1.835
-1.83572
-1.83745
-1.83785
-1.88479
-1.88487
-1.88496
-1.8849
-1.88431
-1.88467
-1.88573
-1.88619
-1.88763
-1.88856
-1.93429
-1.93647
-1.93726
-1.9413
-1.93965
-1.93692
-1.93702
-1.9368
-1.93728
-1.93833
-0.977254
-0.977863
-0.978855
-0.970505
-0.961384
-0.964379
-0.97108
-0.979894
-0.987168
-0.988611
-1.02142
-1.02396
-1.03452
-1.03155
-1.03096
-1.03302
-1.03492
-1.03704
-1.03884
-1.03744
-1.07213
-1.07845
-1.09739
-1.10035
-1.09791
-1.09755
-1.09651
-1.09335
-1.08906
-1.08445
-1.12269
-1.13119
-1.15475
-1.16426
-1.15846
-1.15765
-1.15513
-1.15011
-1.14208
-1.13603
-1.17463
-1.18005
-1.20109
-1.21382
-1.21165
-1.21095
-1.21092
-1.20681
-1.19982
-1.19417
-1.22897
-1.23069
-1.24073
-1.25052
-1.2557
-1.26031
-1.26523
-1.26641
-1.25907
-1.2493
-1.28592
-1.28717
-1.28646
-1.29004
-1.29758
-1.31075
-1.32284
-1.32272
-1.31073
-1.29824
-1.33719
-1.3393
-1.32953
-1.33016
-1.34315
-1.36404
-1.37869
-1.37481
-1.35898
-1.34296
-1.37918
-1.38459
-1.37899
-1.3843
-1.39712
-1.41493
-1.42987
-1.42743
-1.40894
-1.39127
-1.42229
-1.42857
-1.43114
-1.43926
-1.45115
-1.46616
-1.47929
-1.47574
-1.45989
-1.4457
-1.46957
-1.47614
-1.48429
-1.49284
-1.50012
-1.51257
-1.52089
-1.51611
-1.50772
-1.50056
-1.5214
-1.52746
-1.53554
-1.54143
-1.54545
-1.55218
-1.55365
-1.55092
-1.55146
-1.55071
-1.57426
-1.57885
-1.58379
-1.5856
-1.5864
-1.58814
-1.5861
-1.58935
-1.59461
-1.59743
-1.62581
-1.62905
-1.63154
-1.63137
-1.63313
-1.63372
-1.62856
-1.63638
-1.64211
-1.64489
-1.67691
-1.67934
-1.68108
-1.68194
-1.68487
-1.68313
-1.68067
-1.68589
-1.69084
-1.69242
-1.72907
-1.72952
-1.73138
-1.7314
-1.73277
-1.73356
-1.73507
-1.73738
-1.74035
-1.74074
-1.78184
-1.78052
-1.78281
-1.78124
-1.78232
-1.78362
-1.78555
-1.78675
-1.78947
-1.78992
-1.83527
-1.83287
-1.83354
-1.83161
-1.83262
-1.83263
-1.83396
-1.83596
-1.8393
-1.84031
-1.88859
-1.88672
-1.88622
-1.88486
-1.88263
-1.8833
-1.88402
-1.88555
-1.88877
-1.89103
-1.93723
-1.93943
-1.93875
-1.94034
-1.93743
-1.93616
-1.9361
-1.93585
-1.9373
-1.94032
-0.979366
-0.982101
-0.986459
-0.97871
-0.969401
-0.979902
-0.988824
-0.994459
-0.997707
-0.995261
-1.0242
-1.02715
-1.04392
-1.04787
-1.04946
-1.05191
-1.05323
-1.05044
-1.04695
-1.04083
-1.0737
-1.07979
-1.1077
-1.12072
-1.11951
-1.118
-1.11363
-1.10376
-1.09375
-1.08455
-1.12597
-1.13574
-1.16103
-1.18095
-1.18344
-1.17837
-1.16821
-1.15429
-1.14166
-1.13256
-1.1804
-1.18842
-1.20671
-1.23075
-1.23832
-1.22958
-1.21507
-1.20098
-1.19028
-1.18362
-1.23566
-1.24045
-1.25317
-1.27824
-1.28275
-1.27152
-1.25888
-1.25053
-1.24455
-1.23913
-1.29158
-1.29611
-1.30247
-1.31862
-1.31796
-1.3127
-1.31045
-1.30632
-1.29658
-1.28671
-1.34216
-1.34637
-1.34267
-1.35007
-1.35506
-1.36131
-1.36684
-1.36167
-1.3478
-1.33408
-1.38493
-1.38971
-1.38546
-1.39116
-1.40007
-1.41241
-1.42102
-1.41601
-1.39953
-1.38441
-1.42596
-1.43219
-1.43273
-1.44057
-1.45289
-1.46619
-1.47426
-1.46715
-1.45093
-1.44058
-1.47089
-1.47751
-1.48246
-1.49195
-1.50303
-1.51637
-1.52122
-1.51133
-1.50228
-1.49809
-1.51985
-1.52643
-1.53265
-1.54174
-1.54979
-1.55829
-1.55777
-1.55135
-1.54998
-1.54983
-1.57252
-1.57741
-1.58239
-1.58753
-1.59131
-1.59499
-1.59185
-1.59227
-1.5956
-1.59827
-1.62645
-1.62924
-1.63185
-1.63307
-1.6345
-1.63902
-1.63249
-1.63944
-1.64311
-1.64536
-1.68022
-1.68215
-1.6837
-1.68473
-1.68394
-1.68685
-1.68315
-1.68842
-1.69193
-1.6921
-1.73316
-1.73525
-1.73634
-1.73482
-1.7305
-1.7344
-1.73625
-1.73887
-1.74118
-1.74031
-1.78566
-1.78683
-1.78494
-1.78187
-1.77951
-1.78289
-1.78545
-1.7877
-1.79056
-1.79038
-1.83895
-1.83823
-1.83459
-1.83111
-1.83212
-1.83118
-1.83329
-1.83617
-1.83935
-1.8401
-1.89209
-1.8901
-1.88696
-1.88379
-1.8822
-1.88195
-1.88333
-1.88544
-1.88834
-1.89027
-1.94086
-1.94144
-1.93999
-1.93879
-1.93587
-1.93568
-1.93608
-1.93582
-1.9369
-1.93928
-0.98372
-0.984121
-0.990483
-0.984726
-0.978267
-0.991176
-1.00269
-1.00494
-1.0039
-0.997432
-1.0277
-1.02882
-1.04586
-1.05601
-1.06103
-1.06584
-1.06669
-1.06023
-1.05241
-1.04185
-1.07483
-1.07865
-1.1063
-1.12966
-1.13523
-1.13339
-1.1254
-1.11083
-1.09672
-1.08454
-1.12712
-1.13514
-1.15916
-1.18701
-1.19788
-1.19434
-1.17771
-1.15702
-1.14086
-1.12871
-1.18122
-1.18874
-1.2062
-1.23616
-1.25352
-1.24403
-1.21859
-1.1953
-1.18194
-1.17598
-1.23401
-1.24012
-1.2557
-1.2867
-1.29743
-1.27929
-1.25108
-1.23355
-1.22723
-1.22653
-1.28804
-1.29321
-1.30825
-1.32914
-1.32923
-1.30988
-1.29397
-1.28562
-1.28228
-1.27593
-1.3407
-1.34511
-1.35168
-1.36071
-1.35946
-1.35373
-1.34907
-1.34591
-1.33648
-1.32638
-1.38826
-1.39166
-1.39272
-1.39594
-1.39915
-1.40447
-1.40463
-1.39823
-1.38783
-1.37728
-1.43086
-1.43466
-1.43757
-1.44215
-1.45126
-1.45913
-1.45934
-1.44907
-1.43827
-1.43403
-1.47407
-1.47814
-1.48402
-1.49304
-1.5047
-1.51484
-1.51216
-1.49974
-1.49419
-1.49108
-1.52113
-1.52596
-1.53254
-1.54344
-1.55526
-1.56089
-1.55634
-1.54784
-1.54569
-1.54618
-1.57365
-1.57828
-1.58397
-1.59223
-1.59901
-1.60076
-1.59448
-1.59319
-1.59545
-1.59771
-1.62867
-1.63243
-1.63633
-1.63947
-1.63981
-1.64268
-1.63664
-1.64158
-1.64413
-1.64517
-1.68295
-1.68663
-1.68734
-1.68747
-1.68446
-1.68806
-1.68499
-1.69038
-1.69274
-1.69154
-1.73577
-1.73749
-1.73698
-1.73594
-1.73241
-1.73408
-1.7363
-1.73981
-1.74179
-1.74011
-1.78922
-1.78809
-1.78636
-1.78402
-1.77953
-1.78157
-1.78505
-1.78783
-1.79013
-1.78923
-1.84151
-1.83958
-1.83617
-1.83301
-1.8303
-1.83023
-1.8336
-1.83623
-1.83832
-1.83856
-1.89286
-1.89186
-1.88786
-1.88482
-1.8829
-1.88189
-1.88464
-1.88617
-1.88722
-1.88767
-1.94235
-1.94358
-1.94043
-1.93826
-1.93527
-1.93616
-1.9378
-1.93736
-1.93637
-1.93665
-0.985076
-0.98388
-0.989392
-0.988324
-0.984832
-1.00025
-1.01336
-1.01217
-1.00584
-0.99814
-1.03095
-1.03322
-1.04307
-1.05413
-1.06356
-1.0745
-1.07572
-1.06586
-1.05419
-1.04293
-1.07715
-1.08114
-1.09847
-1.12416
-1.13832
-1.14211
-1.13235
-1.11465
-1.09811
-1.08433
-1.12722
-1.13288
-1.15165
-1.1813
-1.19938
-1.20005
-1.18306
-1.15851
-1.13995
-1.12679
-1.17867
-1.18287
-1.1969
-1.22426
-1.24797
-1.24566
-1.21983
-1.19157
-1.17432
-1.16765
-1.22995
-1.23281
-1.24479
-1.27152
-1.28918
-1.27508
-1.24431
-1.21998
-1.20721
-1.21232
-1.28414
-1.28673
-1.29998
-1.31913
-1.31953
-1.30047
-1.27861
-1.26383
-1.26455
-1.2663
-1.33936
-1.34427
-1.35328
-1.35801
-1.35021
-1.33975
-1.33094
-1.32676
-1.32525
-1.31939
-1.38914
-1.3943
-1.39651
-1.3957
-1.39068
-1.39078
-1.38675
-1.38175
-1.37803
-1.37324
-1.43308
-1.43797
-1.44002
-1.44105
-1.44353
-1.44627
-1.44018
-1.43058
-1.42702
-1.42529
-1.47609
-1.48042
-1.48628
-1.49228
-1.50157
-1.50619
-1.49739
-1.48551
-1.48262
-1.4825
-1.52308
-1.52865
-1.53625
-1.54595
-1.5567
-1.55852
-1.5497
-1.54005
-1.54006
-1.54158
-1.5759
-1.58222
-1.58829
-1.59652
-1.60401
-1.60299
-1.59431
-1.59196
-1.59343
-1.59584
-1.63074
-1.63579
-1.63969
-1.64435
-1.64612
-1.64586
-1.63849
-1.64239
-1.64359
-1.64417
-1.68538
-1.68791
-1.68965
-1.69105
-1.68954
-1.68975
-1.68613
-1.69107
-1.69218
-1.6909
-1.73896
-1.73874
-1.73886
-1.73845
-1.73594
-1.73516
-1.73637
-1.73882
-1.73994
-1.73892
-1.78924
-1.78898
-1.78851
-1.78695
-1.78399
-1.78252
-1.78574
-1.78698
-1.78787
-1.78746
-1.83992
-1.83924
-1.83825
-1.83638
-1.83272
-1.83217
-1.83563
-1.83639
-1.83635
-1.83568
-1.89088
-1.89011
-1.88832
-1.8868
-1.88566
-1.8842
-1.88734
-1.88727
-1.88592
-1.88496
-1.94057
-1.94079
-1.93922
-1.93694
-1.93608
-1.93718
-1.9396
-1.93874
-1.93609
-1.93499
-0.983113
-0.984939
-0.977718
-0.987668
-0.989262
-1.00411
-1.01732
-1.01507
-1.00588
-1.00035
-1.03396
-1.04061
-1.03776
-1.04655
-1.05707
-1.07283
-1.07748
-1.06815
-1.05479
-1.04529
-1.08124
-1.08976
-1.09584
-1.11282
-1.13057
-1.14076
-1.13502
-1.11718
-1.09957
-1.08611
-1.12821
-1.13492
-1.14713
-1.17059
-1.19266
-1.19849
-1.18412
-1.16077
-1.14086
-1.1266
-1.17687
-1.18018
-1.19005
-1.21229
-1.23488
-1.23709
-1.21764
-1.19128
-1.17127
-1.16018
-1.22781
-1.22892
-1.23454
-1.25111
-1.2669
-1.26165
-1.23934
-1.21457
-1.19817
-1.20088
-1.28082
-1.2836
-1.28807
-1.29746
-1.29863
-1.28701
-1.27008
-1.25213
-1.24369
-1.25679
-1.33472
-1.34148
-1.34433
-1.34249
-1.33401
-1.32558
-1.31768
-1.30974
-1.31029
-1.31259
-1.3866
-1.39347
-1.39142
-1.38579
-1.37943
-1.37681
-1.37244
-1.36821
-1.36841
-1.36831
-1.43295
-1.4385
-1.43689
-1.43431
-1.43374
-1.43304
-1.42624
-1.41776
-1.41696
-1.41953
-1.47456
-1.48208
-1.48491
-1.48868
-1.49405
-1.49457
-1.48545
-1.47385
-1.47182
-1.47384
-1.52417
-1.53105
-1.53802
-1.54697
-1.55373
-1.55184
-1.5414
-1.53266
-1.5337
-1.537
-1.57849
-1.58437
-1.59131
-1.5995
-1.60408
-1.60063
-1.59071
-1.58869
-1.59087
-1.59429
-1.63391
-1.63791
-1.64314
-1.64791
-1.64883
-1.64608
-1.63798
-1.64023
-1.64179
-1.6427
-1.68935
-1.69043
-1.69383
-1.69531
-1.69398
-1.6913
-1.68606
-1.68893
-1.68963
-1.69007
-1.74018
-1.7418
-1.74374
-1.74326
-1.741
-1.73765
-1.73668
-1.73703
-1.73698
-1.73705
-1.78967
-1.79187
-1.79414
-1.79286
-1.78995
-1.78553
-1.78735
-1.78642
-1.7857
-1.78497
-1.83885
-1.84051
-1.84362
-1.8427
-1.84017
-1.83641
-1.83775
-1.83666
-1.83538
-1.83397
-1.88789
-1.88869
-1.8907
-1.89069
-1.89014
-1.88814
-1.88864
-1.88743
-1.8857
-1.88456
-1.93667
-1.93725
-1.93783
-1.93724
-1.93767
-1.93833
-1.93969
-1.93816
-1.93564
-1.93481
-0.97832
-0.980943
-0.975008
-0.985009
-0.991762
-1.00243
-1.01301
-1.01162
-1.00358
-1.00458
-1.02912
-1.03823
-1.02819
-1.03397
-1.04494
-1.06139
-1.07044
-1.06537
-1.05341
-1.04766
-1.07794
-1.08564
-1.08845
-1.09733
-1.11247
-1.12566
-1.1276
-1.11569
-1.10033
-1.08926
-1.12598
-1.13147
-1.14003
-1.15779
-1.17609
-1.18438
-1.17744
-1.16071
-1.14255
-1.12816
-1.17396
-1.17645
-1.1845
-1.20072
-1.21797
-1.22302
-1.21115
-1.18988
-1.1693
-1.15266
-1.2239
-1.22588
-1.2288
-1.23736
-1.24763
-1.24787
-1.23461
-1.21368
-1.19508
-1.18723
-1.27578
-1.27841
-1.2787
-1.28088
-1.28273
-1.27792
-1.26747
-1.25184
-1.23691
-1.24535
-1.32897
-1.33479
-1.3314
-1.32832
-1.32488
-1.3191
-1.31304
-1.30387
-1.29657
-1.30533
-1.3822
-1.388
-1.38017
-1.37561
-1.3724
-1.36961
-1.36506
-1.3605
-1.35938
-1.36108
-1.429
-1.43328
-1.42792
-1.42599
-1.42612
-1.42581
-1.42005
-1.41354
-1.41351
-1.41666
-1.47231
-1.47856
-1.4794
-1.48328
-1.48673
-1.48526
-1.47824
-1.46904
-1.46671
-1.46906
-1.52417
-1.53081
-1.53726
-1.5453
-1.54927
-1.54497
-1.53451
-1.52821
-1.52975
-1.53175
-1.58081
-1.58618
-1.59302
-1.60041
-1.6018
-1.59662
-1.58736
-1.58598
-1.58962
-1.59275
-1.63817
-1.64067
-1.64751
-1.65147
-1.65024
-1.64493
-1.63613
-1.63725
-1.63964
-1.64032
-1.69108
-1.69482
-1.70069
-1.701
-1.6978
-1.69222
-1.68564
-1.68694
-1.68707
-1.68747
-1.74206
-1.74774
-1.75218
-1.75054
-1.74655
-1.74049
-1.73687
-1.73616
-1.7355
-1.73507
-1.79194
-1.79846
-1.80386
-1.80206
-1.79736
-1.79002
-1.78794
-1.78618
-1.78512
-1.784
-1.84066
-1.84685
-1.85386
-1.85274
-1.84781
-1.84072
-1.83814
-1.83636
-1.83522
-1.83397
-1.88845
-1.89334
-1.89931
-1.89927
-1.89554
-1.8907
-1.88826
-1.88652
-1.88547
-1.88535
-1.93581
-1.93881
-1.94291
-1.94266
-1.94056
-1.93857
-1.93911
-1.9372
-1.93504
-1.93669
-0.965954
-0.968475
-0.970556
-0.982256
-0.992727
-0.997684
-1.00119
-1.00007
-0.999444
-1.00538
-1.0171
-1.018
-1.01695
-1.02658
-1.03778
-1.04707
-1.05544
-1.05503
-1.04889
-1.04797
-1.06982
-1.07148
-1.07097
-1.07808
-1.09188
-1.10455
-1.1105
-1.10744
-1.09655
-1.08994
-1.12239
-1.12292
-1.12522
-1.13571
-1.14955
-1.16034
-1.15942
-1.15184
-1.13756
-1.12554
-1.17152
-1.17423
-1.17613
-1.18605
-1.19659
-1.20157
-1.19567
-1.18247
-1.16635
-1.14833
-1.22101
-1.22522
-1.22514
-1.23025
-1.23651
-1.23656
-1.22809
-1.21342
-1.19684
-1.18163
-1.27213
-1.27605
-1.27705
-1.27725
-1.27985
-1.27524
-1.26727
-1.2556
-1.24422
-1.2407
-1.3246
-1.32985
-1.32605
-1.32616
-1.32508
-1.31929
-1.31281
-1.30466
-1.29841
-1.30576
-1.37824
-1.38093
-1.37162
-1.37091
-1.37049
-1.36814
-1.36362
-1.35788
-1.35448
-1.35822
-1.42359
-1.42497
-1.41833
-1.41995
-1.42217
-1.42223
-1.41885
-1.41529
-1.41545
-1.41518
-1.46901
-1.47248
-1.47294
-1.47849
-1.4826
-1.47908
-1.47306
-1.46863
-1.46924
-1.47069
-1.52271
-1.52819
-1.53362
-1.54107
-1.54497
-1.54
-1.5297
-1.52624
-1.52769
-1.52787
-1.58191
-1.58563
-1.59278
-1.59937
-1.59931
-1.59295
-1.58358
-1.58435
-1.58722
-1.58478
-1.63707
-1.64167
-1.651
-1.65477
-1.65093
-1.64308
-1.63331
-1.63483
-1.63576
-1.63453
-1.69027
-1.69798
-1.70766
-1.70605
-1.70062
-1.69182
-1.68416
-1.68371
-1.68285
-1.68223
-1.74304
-1.75415
-1.761
-1.75793
-1.75132
-1.74148
-1.73531
-1.73546
-1.73412
-1.73209
-1.79444
-1.80636
-1.81366
-1.81117
-1.80335
-1.79275
-1.78647
-1.78604
-1.78498
-1.7822
-1.84404
-1.85556
-1.86435
-1.86288
-1.8542
-1.84307
-1.83694
-1.83628
-1.83606
-1.83417
-1.89192
-1.90227
-1.91097
-1.91057
-1.90189
-1.89163
-1.88775
-1.88605
-1.88705
-1.88754
-1.93861
-1.94678
-1.9543
-1.95543
-1.94679
-1.93872
-1.93956
-1.93578
-1.93637
-1.93977
-0.953022
-0.953642
-0.961862
-0.977073
-0.987429
-0.988584
-0.987033
-0.987015
-0.994951
-1.00255
-1.0086
-1.00597
-1.00678
-1.0169
-1.02831
-1.03431
-1.03817
-1.03967
-1.04215
-1.04398
-1.06552
-1.06484
-1.06122
-1.0658
-1.07603
-1.08308
-1.08803
-1.08765
-1.08715
-1.08439
-1.11963
-1.12245
-1.11919
-1.12368
-1.12855
-1.13293
-1.13476
-1.13212
-1.12632
-1.11736
-1.17034
-1.17532
-1.17267
-1.17574
-1.17948
-1.18157
-1.17769
-1.17158
-1.162
-1.14612
-1.22024
-1.22658
-1.2252
-1.22573
-1.22915
-1.22842
-1.2226
-1.21406
-1.20153
-1.18354
-1.27072
-1.27706
-1.27704
-1.27694
-1.27846
-1.27442
-1.26891
-1.26074
-1.25191
-1.2435
-1.32315
-1.32815
-1.32401
-1.32394
-1.32375
-1.31967
-1.31404
-1.30935
-1.30536
-1.30819
-1.37549
-1.37517
-1.36648
-1.36732
-1.3683
-1.36752
-1.36426
-1.36047
-1.3586
-1.36294
-1.41912
-1.41833
-1.41322
-1.41613
-1.41971
-1.42025
-1.41814
-1.41652
-1.41688
-1.4177
-1.46575
-1.46853
-1.47046
-1.4771
-1.48081
-1.47636
-1.47095
-1.46893
-1.47024
-1.47173
-1.52089
-1.52567
-1.52995
-1.53512
-1.53739
-1.53155
-1.52421
-1.5232
-1.52395
-1.52431
-1.57942
-1.58322
-1.59013
-1.59532
-1.59447
-1.58718
-1.57875
-1.57978
-1.57885
-1.57661
-1.63333
-1.63931
-1.64929
-1.65247
-1.64805
-1.6398
-1.6318
-1.6315
-1.6298
-1.62824
-1.68605
-1.69511
-1.70701
-1.70561
-1.69941
-1.68994
-1.68251
-1.67999
-1.67856
-1.67816
-1.73947
-1.75323
-1.76151
-1.75916
-1.75128
-1.74055
-1.73444
-1.7335
-1.73203
-1.7299
-1.7924
-1.80741
-1.81478
-1.81249
-1.80413
-1.79247
-1.78576
-1.78704
-1.78567
-1.78179
-1.84351
-1.85765
-1.86642
-1.86492
-1.85493
-1.84313
-1.83668
-1.83758
-1.83887
-1.83541
-1.8924
-1.90572
-1.91578
-1.91441
-1.90271
-1.89194
-1.88761
-1.88669
-1.89077
-1.88979
-1.93955
-1.95202
-1.96202
-1.96348
-1.94994
-1.93945
-1.93785
-1.9352
-1.93822
-1.94045
-0.953729
-0.951635
-0.956429
-0.968882
-0.977267
-0.976453
-0.974714
-0.976891
-0.98671
-0.994778
-1.01122
-1.00791
-1.00778
-1.0125
-1.01976
-1.02163
-1.02339
-1.02485
-1.03027
-1.0341
-1.06407
-1.06227
-1.06034
-1.0643
-1.06737
-1.06796
-1.06858
-1.06863
-1.07107
-1.07242
-1.11752
-1.11826
-1.11602
-1.11622
-1.11629
-1.11729
-1.11569
-1.11371
-1.11365
-1.11274
-1.16922
-1.17396
-1.1697
-1.16837
-1.16934
-1.17077
-1.16631
-1.16313
-1.16139
-1.15445
-1.21857
-1.22579
-1.22421
-1.22292
-1.22274
-1.22236
-1.21849
-1.21601
-1.21272
-1.2004
-1.27039
-1.27733
-1.27491
-1.27229
-1.27382
-1.27176
-1.26911
-1.266
-1.26212
-1.25313
-1.32388
-1.32746
-1.31994
-1.31903
-1.32007
-1.31746
-1.31415
-1.31049
-1.30928
-1.31039
-1.37314
-1.37269
-1.36419
-1.36558
-1.36746
-1.36753
-1.36567
-1.36329
-1.36239
-1.36425
-1.4163
-1.4172
-1.41438
-1.41718
-1.4194
-1.41987
-1.41836
-1.41762
-1.4174
-1.41795
-1.4648
-1.47008
-1.47301
-1.4766
-1.47825
-1.47509
-1.47159
-1.47092
-1.47092
-1.47129
-1.52036
-1.52615
-1.52821
-1.5299
-1.53181
-1.52638
-1.52176
-1.52216
-1.52279
-1.52353
-1.57633
-1.58045
-1.58376
-1.58618
-1.58528
-1.57936
-1.57353
-1.5741
-1.57479
-1.5762
-1.62894
-1.63344
-1.63928
-1.6424
-1.63956
-1.63405
-1.62942
-1.62765
-1.62769
-1.62827
-1.67879
-1.68627
-1.69621
-1.69689
-1.69281
-1.68696
-1.68261
-1.67891
-1.67826
-1.67811
-1.73101
-1.74214
-1.75156
-1.75143
-1.74549
-1.73771
-1.73346
-1.73251
-1.73165
-1.73017
-1.78417
-1.7973
-1.80478
-1.80447
-1.79765
-1.78972
-1.78669
-1.78743
-1.78653
-1.78373
-1.83637
-1.84974
-1.85682
-1.85521
-1.84796
-1.84044
-1.83767
-1.83982
-1.83945
-1.83579
-1.8873
-1.9007
-1.90843
-1.90587
-1.8962
-1.88903
-1.88711
-1.88839
-1.8912
-1.8873
-1.93806
-1.94965
-1.95879
-1.95721
-1.94625
-1.9377
-1.93618
-1.9352
-1.93795
-1.93704
-0.959603
-0.958206
-0.960682
-0.96556
-0.968369
-0.968895
-0.96579
-0.968406
-0.978377
-0.988599
-1.01003
-1.00726
-1.00843
-1.01483
-1.01542
-1.01379
-1.0109
-1.01056
-1.01492
-1.02193
-1.06172
-1.05925
-1.05963
-1.06234
-1.06299
-1.0591
-1.05349
-1.05011
-1.05396
-1.06333
-1.11481
-1.11432
-1.11287
-1.11261
-1.11119
-1.10828
-1.10165
-1.09744
-1.10281
-1.11422
-1.16566
-1.169
-1.16776
-1.16565
-1.16282
-1.16273
-1.15742
-1.15593
-1.16075
-1.16623
-1.21773
-1.22136
-1.22022
-1.21754
-1.21712
-1.21665
-1.21326
-1.21292
-1.2167
-1.21467
-1.27064
-1.2734
-1.27029
-1.26701
-1.26863
-1.26792
-1.26557
-1.26513
-1.26565
-1.25991
-1.32129
-1.32437
-1.31802
-1.31631
-1.3174
-1.31673
-1.31467
-1.3135
-1.31328
-1.31196
-1.36985
-1.37167
-1.36609
-1.36683
-1.36825
-1.36753
-1.36628
-1.36558
-1.3657
-1.36609
-1.41553
-1.41913
-1.42043
-1.42254
-1.42179
-1.42006
-1.41895
-1.41847
-1.41837
-1.41776
-1.46665
-1.47275
-1.47865
-1.4798
-1.47738
-1.47472
-1.47191
-1.47184
-1.47172
-1.47025
-1.52173
-1.52881
-1.53038
-1.52807
-1.52997
-1.52706
-1.5234
-1.52438
-1.5261
-1.52509
-1.57509
-1.58014
-1.57663
-1.57451
-1.57844
-1.57853
-1.57598
-1.57696
-1.57986
-1.5793
-1.62617
-1.62718
-1.62594
-1.62786
-1.63025
-1.63224
-1.63139
-1.63124
-1.63175
-1.6313
-1.67232
-1.67547
-1.67912
-1.68261
-1.68318
-1.68487
-1.68528
-1.6836
-1.68132
-1.68167
-1.72166
-1.72799
-1.73537
-1.73668
-1.73528
-1.73478
-1.73578
-1.73561
-1.73326
-1.73242
-1.77274
-1.78214
-1.78871
-1.78925
-1.78664
-1.78506
-1.78616
-1.78808
-1.78632
-1.78323
-1.82528
-1.83558
-1.84073
-1.84022
-1.83692
-1.83486
-1.83674
-1.83873
-1.83762
-1.83367
-1.87864
-1.8898
-1.89348
-1.89159
-1.88653
-1.8842
-1.88516
-1.88725
-1.88691
-1.88359
-1.9332
-1.94188
-1.94645
-1.94321
-1.93678
-1.93374
-1.93281
-1.93348
-1.93433
-1.93301
-0.954667
-0.954547
-0.960435
-0.965842
-0.964431
-0.96056
-0.958715
-0.961515
-0.97347
-0.983351
-1.0032
-1.00202
-1.00639
-1.01206
-1.01171
-1.00567
-1.00002
-0.996817
-1.0007
-1.00994
-1.05615
-1.05417
-1.0559
-1.05892
-1.05801
-1.04987
-1.04136
-1.03609
-1.03964
-1.05031
-1.11404
-1.11061
-1.11066
-1.11001
-1.10696
-1.10051
-1.09361
-1.08806
-1.0913
-1.10769
-1.1665
-1.16635
-1.1645
-1.16202
-1.16001
-1.15659
-1.15185
-1.14962
-1.15621
-1.16997
-1.2178
-1.21846
-1.21719
-1.21488
-1.21336
-1.2133
-1.21127
-1.21154
-1.21444
-1.21407
-1.26905
-1.26994
-1.26931
-1.26646
-1.26631
-1.26671
-1.2644
-1.26315
-1.26246
-1.2588
-1.31912
-1.32164
-1.3199
-1.31786
-1.31912
-1.31864
-1.31644
-1.31447
-1.31381
-1.31133
-1.36742
-1.37025
-1.36919
-1.36979
-1.37208
-1.37055
-1.3681
-1.3669
-1.36773
-1.36659
-1.41506
-1.41971
-1.42326
-1.42892
-1.42779
-1.42243
-1.41959
-1.41872
-1.4195
-1.41942
-1.46759
-1.47365
-1.47996
-1.48293
-1.47999
-1.47493
-1.47127
-1.47134
-1.47243
-1.47212
-1.52224
-1.52686
-1.53068
-1.52605
-1.52622
-1.52661
-1.52316
-1.52432
-1.52704
-1.52693
-1.57552
-1.5783
-1.57243
-1.56894
-1.57416
-1.58067
-1.5778
-1.57757
-1.58089
-1.58148
-1.62486
-1.62347
-1.61719
-1.61666
-1.62461
-1.63422
-1.63574
-1.63169
-1.63316
-1.63408
-1.66972
-1.66868
-1.66764
-1.6709
-1.67521
-1.68324
-1.68931
-1.68503
-1.68325
-1.68466
-1.71729
-1.71927
-1.72206
-1.724
-1.72537
-1.73072
-1.73753
-1.73738
-1.73387
-1.73396
-1.76733
-1.77183
-1.77519
-1.77621
-1.77628
-1.7793
-1.78521
-1.78799
-1.78579
-1.7834
-1.81948
-1.82567
-1.82893
-1.82844
-1.82748
-1.82883
-1.83315
-1.8366
-1.83578
-1.83276
-1.87414
-1.88052
-1.88271
-1.88037
-1.87913
-1.87915
-1.88155
-1.88359
-1.88415
-1.88194
-1.93052
-1.93398
-1.93606
-1.9335
-1.93028
-1.92948
-1.93074
-1.93133
-1.93133
-1.93057
-0.952577
-0.952726
-0.956206
-0.960554
-0.959155
-0.955258
-0.953188
-0.954298
-0.960449
-0.969653
-1.00393
-1.00249
-1.00369
-1.00634
-1.00438
-0.998703
-0.991776
-0.985504
-0.989634
-1.00276
-1.05901
-1.05641
-1.05532
-1.05454
-1.05215
-1.04391
-1.03476
-1.0289
-1.03578
-1.0513
-1.11381
-1.11299
-1.11141
-1.10923
-1.10539
-1.09662
-1.08907
-1.08862
-1.09576
-1.10355
-1.16498
-1.16583
-1.16368
-1.16145
-1.15979
-1.15742
-1.15267
-1.15209
-1.15177
-1.15451
-1.21627
-1.21688
-1.21573
-1.21368
-1.2123
-1.21167
-1.21045
-1.2091
-1.20663
-1.20402
-1.26743
-1.26837
-1.26768
-1.26537
-1.26504
-1.26553
-1.26391
-1.26194
-1.25861
-1.2569
-1.31737
-1.31869
-1.31805
-1.31628
-1.31743
-1.31834
-1.31551
-1.31394
-1.31174
-1.31118
-1.36585
-1.3673
-1.36723
-1.36825
-1.37012
-1.36896
-1.36712
-1.36559
-1.36517
-1.36506
-1.41422
-1.41669
-1.41878
-1.42237
-1.42319
-1.42138
-1.41831
-1.41748
-1.41786
-1.41867
-1.46604
-1.46892
-1.47224
-1.4756
-1.47485
-1.47428
-1.47112
-1.4699
-1.47068
-1.47135
-1.52034
-1.5222
-1.52272
-1.52287
-1.52323
-1.52566
-1.52365
-1.52201
-1.5244
-1.52519
-1.57326
-1.57291
-1.56941
-1.56794
-1.5708
-1.57643
-1.57621
-1.57508
-1.57728
-1.57839
-1.62239
-1.62071
-1.61561
-1.61491
-1.61878
-1.62726
-1.63074
-1.62828
-1.6297
-1.63068
-1.66906
-1.66798
-1.66494
-1.66463
-1.66863
-1.67703
-1.6832
-1.68155
-1.68122
-1.68206
-1.71799
-1.71814
-1.71737
-1.71678
-1.71808
-1.72525
-1.73262
-1.73377
-1.73226
-1.73238
-1.76819
-1.77004
-1.77053
-1.76964
-1.76966
-1.77397
-1.78054
-1.78364
-1.78305
-1.78211
-1.82024
-1.82284
-1.82402
-1.82311
-1.82189
-1.82413
-1.82879
-1.83253
-1.83278
-1.8316
-1.87442
-1.87639
-1.87739
-1.87723
-1.87552
-1.87596
-1.87809
-1.88104
-1.88158
-1.88088
-1.92957
-1.93009
-1.93019
-1.92977
-1.9289
-1.92838
-1.92869
-1.92967
-1.92999
-1.92982
)
;

boundaryField
{
    lowerSideWalls
    {
        type            calculated;
        value           nonuniform List<scalar> 
800
(
383.342
334.533
285.996
237.718
189.587
141.627
92.7815
41.2674
7.35262
0.013742
-0.256763
-0.401718
-0.494201
-0.572882
-0.636221
-0.698555
-0.75775
-0.809741
-0.858147
-0.910126
383.213
334.365
285.928
237.695
189.67
141.916
93.514
43.205
8.80288
-0.0172266
-0.284006
-0.407667
-0.499182
-0.581467
-0.648678
-0.708115
-0.764312
-0.813896
-0.862179
-0.914272
383.046
334.116
285.614
237.415
189.473
141.799
94.0594
45.9965
11.8465
-0.0102522
-0.389876
-0.460071
-0.526253
-0.589691
-0.655238
-0.719739
-0.776511
-0.825319
-0.869356
-0.919075
382.852
333.861
285.284
237.095
189.137
141.538
94.3058
47.8297
13.6287
0.0179333
-0.455341
-0.502527
-0.550389
-0.606925
-0.663858
-0.721577
-0.772518
-0.819612
-0.867825
-0.91963
382.536
333.581
284.887
236.586
188.591
140.977
93.9077
48.0771
13.7386
-0.0239354
-0.480032
-0.521418
-0.558296
-0.605562
-0.655203
-0.708284
-0.763112
-0.815024
-0.865366
-0.916296
382.08
333.18
284.453
236.006
187.878
140.128
92.9893
47.2054
12.9901
-0.121293
-0.487206
-0.525025
-0.558894
-0.599027
-0.64673
-0.703619
-0.761727
-0.815296
-0.865907
-0.917106
381.502
332.618
283.891
235.349
187.089
139.148
91.8677
45.9871
12.2101
-0.226076
-0.485153
-0.519727
-0.55625
-0.598097
-0.649384
-0.70724
-0.763479
-0.817332
-0.868767
-0.920089
380.819
331.92
283.166
234.531
186.161
138.056
90.6347
44.6769
11.3945
-0.317708
-0.477179
-0.511382
-0.553784
-0.602443
-0.656299
-0.711158
-0.766087
-0.819323
-0.871701
-0.924453
380.043
331.122
282.316
233.589
185.079
136.841
89.2865
43.164
10.4042
-0.376139
-0.465362
-0.504247
-0.552699
-0.607427
-0.66025
-0.713416
-0.766707
-0.819613
-0.87279
-0.9259
379.194
330.25
281.357
232.564
183.97
135.619
87.7047
41.3029
9.12588
-0.397219
-0.45491
-0.498024
-0.555114
-0.60944
-0.661313
-0.7125
-0.763794
-0.815675
-0.868265
-0.922889
382.315
333.558
285.18
237.269
189.707
143.069
96.8241
49.4026
13.434
0.290102
-0.379209
-0.499283
-0.557401
-0.604802
-0.653409
-0.702274
-0.751842
-0.801819
-0.852331
-0.902817
382.164
333.365
285.051
237.068
189.456
143.003
97.1639
51.1729
15.6813
0.367072
-0.448511
-0.520441
-0.56913
-0.614123
-0.6608
-0.709191
-0.757627
-0.806434
-0.855705
-0.90485
381.956
333.071
284.666
236.627
189.037
142.433
96.8618
52.435
17.8715
0.611917
-0.493107
-0.541197
-0.580871
-0.623035
-0.667315
-0.713935
-0.762401
-0.811608
-0.861067
-0.909746
381.754
332.812
284.266
236.248
188.628
141.828
96.2836
52.5727
18.6554
0.685009
-0.514796
-0.553618
-0.588958
-0.629679
-0.672504
-0.717576
-0.76557
-0.814831
-0.863685
-0.913952
381.417
332.53
283.876
235.728
188.059
141.056
95.2789
51.6455
18.0544
0.524158
-0.524687
-0.560036
-0.593355
-0.632995
-0.675512
-0.719549
-0.766752
-0.816163
-0.864355
-0.91307
380.921
332.075
283.411
235.096
187.219
139.934
93.7999
49.9671
16.7501
0.292425
-0.52423
-0.558178
-0.592854
-0.633752
-0.676476
-0.71926
-0.76583
-0.814728
-0.86263
-0.910654
380.306
331.451
282.769
234.331
186.251
138.679
92.1375
48.0237
15.4773
0.102009
-0.517456
-0.549902
-0.586816
-0.631035
-0.676876
-0.720906
-0.766082
-0.812184
-0.861538
-0.909884
379.622
330.73
281.986
233.387
185.103
137.285
90.3515
45.9191
14.2324
-0.0681237
-0.508679
-0.541902
-0.582398
-0.628286
-0.676183
-0.723632
-0.771476
-0.820361
-0.871181
-0.917416
378.901
329.971
281.163
232.366
183.907
135.852
88.5458
43.5464
13.1123
-0.204619
-0.500216
-0.535246
-0.580086
-0.628421
-0.677475
-0.727431
-0.779042
-0.834075
-0.889797
-0.9331
378.181
329.211
280.283
231.437
182.832
134.538
86.8238
41.3234
11.9306
-0.309421
-0.490876
-0.529086
-0.57759
-0.627574
-0.677389
-0.729316
-0.78245
-0.841977
-0.905245
-0.945062
383.342
334.533
285.996
237.718
189.587
141.627
92.7815
41.2674
7.35262
0.013742
-0.256763
-0.401718
-0.494201
-0.572882
-0.636221
-0.698555
-0.75775
-0.809741
-0.858147
-0.910126
383.178
334.341
285.869
237.489
189.201
141.231
92.703
42.3661
8.0148
-0.120703
-0.323817
-0.426759
-0.506645
-0.583546
-0.65318
-0.714876
-0.769227
-0.814428
-0.858376
-0.906737
382.953
334.05
285.578
237.206
188.901
140.838
92.636
43.7795
9.26146
-0.158167
-0.402615
-0.473969
-0.535333
-0.598411
-0.657578
-0.714359
-0.76831
-0.811882
-0.857368
-0.90353
382.755
333.728
285.156
236.847
188.593
140.413
92.4386
44.4436
9.93384
-0.241721
-0.463615
-0.511912
-0.561173
-0.613282
-0.663121
-0.714326
-0.765652
-0.808597
-0.85476
-0.902222
382.453
333.43
284.682
236.24
187.941
139.708
91.9355
44.4702
9.98167
-0.347302
-0.497781
-0.531997
-0.575082
-0.620606
-0.665451
-0.713776
-0.761752
-0.806179
-0.853266
-0.902012
382.035
333.052
284.217
235.591
187.16
138.835
91.1985
44.3079
9.96335
-0.414544
-0.509422
-0.539195
-0.579345
-0.621849
-0.665279
-0.712227
-0.760121
-0.805951
-0.854509
-0.904698
381.559
332.576
283.696
234.928
186.297
137.906
90.2203
43.8924
9.8932
-0.427025
-0.501676
-0.535997
-0.577401
-0.619695
-0.664004
-0.712692
-0.762198
-0.808375
-0.859651
-0.912863
381.082
332.07
283.121
234.216
185.348
136.827
88.9738
42.9412
9.64038
-0.416369
-0.481478
-0.525216
-0.570942
-0.61558
-0.662489
-0.712256
-0.764021
-0.811342
-0.862552
-0.924949
380.651
331.602
282.554
233.513
184.392
135.644
87.4367
41.3476
9.0426
-0.394869
-0.459806
-0.510827
-0.559157
-0.60806
-0.659279
-0.711629
-0.764137
-0.813746
-0.866398
-0.930321
380.301
331.214
282.053
232.784
183.499
134.458
85.8123
39.3178
8.14072
-0.384335
-0.448331
-0.502471
-0.553086
-0.602094
-0.653691
-0.709154
-0.76086
-0.812031
-0.868044
-0.930081
380.072
330.96
281.722
232.348
182.846
133.47
84.3721
37.4498
7.23302
-0.381961
-0.447243
-0.503603
-0.554341
-0.60242
-0.647888
-0.703618
-0.75621
-0.807449
-0.866722
-0.927807
379.996
330.878
281.624
232.182
182.523
132.852
83.4522
36.1677
6.50821
-0.376492
-0.450249
-0.508876
-0.561329
-0.610243
-0.65312
-0.697458
-0.75293
-0.804472
-0.863382
-0.930406
380.077
330.967
281.747
232.312
182.605
132.826
83.3265
35.5944
5.96117
-0.366652
-0.450326
-0.509513
-0.560327
-0.60654
-0.649307
-0.6915
-0.741073
-0.802297
-0.863512
-0.926943
380.311
331.223
282.078
232.753
183.144
133.43
83.9812
35.7658
5.69904
-0.350564
-0.447951
-0.509321
-0.562695
-0.613683
-0.656886
-0.696928
-0.741368
-0.797872
-0.863981
-0.925487
380.666
331.612
282.551
233.431
184.113
134.478
85.2419
36.6711
5.70106
-0.325991
-0.444998
-0.510481
-0.567434
-0.622404
-0.670293
-0.710917
-0.753743
-0.804827
-0.865864
-0.91954
381.081
332.048
283.093
234.266
185.335
136.067
87.0165
38.3909
6.17302
-0.289877
-0.443723
-0.509573
-0.563029
-0.620589
-0.674236
-0.71909
-0.761927
-0.806664
-0.853817
-0.90176
381.481
332.473
283.709
235.232
186.718
138.062
89.4035
41.033
7.36249
-0.24552
-0.448146
-0.514583
-0.55704
-0.60368
-0.658011
-0.711294
-0.757442
-0.799071
-0.842041
-0.893999
381.807
332.881
284.355
236.062
187.868
140.015
92.2316
44.365
9.37145
-0.175481
-0.459507
-0.530846
-0.560375
-0.593519
-0.640454
-0.692867
-0.745903
-0.797393
-0.851121
-0.906755
382.114
333.3
284.924
236.863
188.96
141.834
94.9813
47.3665
11.6249
-0.0235526
-0.470434
-0.532957
-0.562371
-0.600754
-0.648093
-0.698059
-0.748721
-0.800292
-0.853108
-0.905121
382.315
333.558
285.18
237.269
189.707
143.069
96.8241
49.4026
13.434
0.290102
-0.379209
-0.499283
-0.557401
-0.604802
-0.653409
-0.702274
-0.751842
-0.801819
-0.852331
-0.902817
)
;
    }
    upperSideWalls
    {
        type            calculated;
        value           nonuniform List<scalar> 
800
(
-0.967498
-1.01999
-1.06638
-1.11559
-1.16739
-1.22018
-1.27187
-1.32206
-1.37177
-1.42149
-1.47153
-1.52184
-1.57247
-1.6228
-1.67332
-1.72506
-1.77826
-1.83087
-1.88192
-1.93216
-0.968514
-1.02112
-1.06621
-1.11476
-1.16669
-1.22014
-1.27271
-1.32312
-1.37257
-1.42182
-1.47194
-1.52301
-1.574
-1.62428
-1.67382
-1.72564
-1.77904
-1.83148
-1.88197
-1.93203
-0.974211
-1.02588
-1.06852
-1.11446
-1.16486
-1.21881
-1.27231
-1.32324
-1.3736
-1.42386
-1.47431
-1.52416
-1.57367
-1.62429
-1.67547
-1.72666
-1.77843
-1.83081
-1.88288
-1.93342
-0.973303
-1.02557
-1.07034
-1.11494
-1.1634
-1.21664
-1.26951
-1.32069
-1.374
-1.42728
-1.47645
-1.52433
-1.57403
-1.6253
-1.67578
-1.72551
-1.77768
-1.83113
-1.88291
-1.93343
-0.966785
-1.01671
-1.06481
-1.11184
-1.16095
-1.21351
-1.26707
-1.3204
-1.3729
-1.42561
-1.47632
-1.52569
-1.57641
-1.62743
-1.67715
-1.72818
-1.77973
-1.83103
-1.88215
-1.93287
-0.966241
-1.01367
-1.0615
-1.11081
-1.16163
-1.21533
-1.26891
-1.3206
-1.37166
-1.4231
-1.47585
-1.527
-1.57965
-1.63241
-1.68277
-1.73105
-1.78068
-1.83135
-1.88223
-1.93285
-0.968938
-1.01547
-1.06418
-1.11319
-1.1634
-1.21632
-1.26945
-1.32227
-1.37474
-1.42672
-1.47712
-1.52812
-1.5819
-1.63541
-1.6844
-1.732
-1.78166
-1.8321
-1.88282
-1.93324
-0.973925
-1.01943
-1.06664
-1.11799
-1.16857
-1.22049
-1.27281
-1.32469
-1.37718
-1.42996
-1.48161
-1.5319
-1.58296
-1.63434
-1.68327
-1.73173
-1.78227
-1.83323
-1.88422
-1.93428
-0.977345
-1.02747
-1.07532
-1.12386
-1.17585
-1.22666
-1.27801
-1.3292
-1.38125
-1.43412
-1.48568
-1.53543
-1.58495
-1.63433
-1.68221
-1.73027
-1.78159
-1.8331
-1.88532
-1.93499
-0.977795
-1.0327
-1.08554
-1.13687
-1.18653
-1.23591
-1.28588
-1.33585
-1.38658
-1.4383
-1.48912
-1.53842
-1.58691
-1.6345
-1.68156
-1.7297
-1.78019
-1.83158
-1.88382
-1.93413
-0.952577
-1.00393
-1.05901
-1.11381
-1.16498
-1.21627
-1.26743
-1.31737
-1.36585
-1.41422
-1.46604
-1.52034
-1.57326
-1.62239
-1.66906
-1.71799
-1.76819
-1.82024
-1.87442
-1.92957
-0.952726
-1.00249
-1.05641
-1.11299
-1.16583
-1.21688
-1.26837
-1.31869
-1.3673
-1.41669
-1.46892
-1.5222
-1.57291
-1.62071
-1.66798
-1.71814
-1.77004
-1.82284
-1.87639
-1.93009
-0.956206
-1.00369
-1.05532
-1.11141
-1.16368
-1.21573
-1.26768
-1.31805
-1.36723
-1.41878
-1.47224
-1.52272
-1.56941
-1.61561
-1.66494
-1.71737
-1.77053
-1.82402
-1.87739
-1.93019
-0.960554
-1.00634
-1.05454
-1.10923
-1.16145
-1.21368
-1.26537
-1.31628
-1.36825
-1.42237
-1.4756
-1.52287
-1.56794
-1.61491
-1.66463
-1.71678
-1.76964
-1.82311
-1.87723
-1.92977
-0.959155
-1.00438
-1.05215
-1.10539
-1.15979
-1.2123
-1.26504
-1.31743
-1.37012
-1.42319
-1.47485
-1.52323
-1.5708
-1.61878
-1.66863
-1.71808
-1.76966
-1.82189
-1.87552
-1.9289
-0.955258
-0.998703
-1.04391
-1.09662
-1.15742
-1.21167
-1.26553
-1.31834
-1.36896
-1.42138
-1.47428
-1.52566
-1.57643
-1.62726
-1.67703
-1.72525
-1.77397
-1.82413
-1.87596
-1.92838
-0.953188
-0.991776
-1.03476
-1.08907
-1.15267
-1.21045
-1.26391
-1.31551
-1.36712
-1.41831
-1.47112
-1.52365
-1.57621
-1.63074
-1.6832
-1.73262
-1.78054
-1.82879
-1.87809
-1.92869
-0.954298
-0.985504
-1.0289
-1.08862
-1.15209
-1.2091
-1.26194
-1.31394
-1.36559
-1.41748
-1.4699
-1.52201
-1.57508
-1.62828
-1.68155
-1.73377
-1.78364
-1.83253
-1.88104
-1.92967
-0.960449
-0.989634
-1.03578
-1.09576
-1.15177
-1.20663
-1.25861
-1.31174
-1.36517
-1.41786
-1.47068
-1.5244
-1.57728
-1.6297
-1.68122
-1.73226
-1.78305
-1.83278
-1.88158
-1.92999
-0.969653
-1.00276
-1.0513
-1.10355
-1.15451
-1.20402
-1.2569
-1.31118
-1.36506
-1.41867
-1.47135
-1.52519
-1.57839
-1.63068
-1.68206
-1.73238
-1.78211
-1.8316
-1.88088
-1.92982
-0.967498
-1.01999
-1.06638
-1.11559
-1.16739
-1.22018
-1.27187
-1.32206
-1.37177
-1.42149
-1.47153
-1.52184
-1.57247
-1.6228
-1.67332
-1.72506
-1.77826
-1.83087
-1.88192
-1.93216
-0.963554
-1.0197
-1.06638
-1.11648
-1.16967
-1.22327
-1.27472
-1.32386
-1.37256
-1.42163
-1.47163
-1.52225
-1.57289
-1.62328
-1.6738
-1.72533
-1.77873
-1.83318
-1.88563
-1.93451
-0.961803
-1.01573
-1.06431
-1.11473
-1.17074
-1.22637
-1.27754
-1.32504
-1.3731
-1.42152
-1.47129
-1.52154
-1.57187
-1.62147
-1.67238
-1.7235
-1.77698
-1.83066
-1.88389
-1.93514
-0.96223
-1.01187
-1.06223
-1.11412
-1.17087
-1.22672
-1.2771
-1.32453
-1.37201
-1.41974
-1.46952
-1.51941
-1.56991
-1.62002
-1.67021
-1.72174
-1.77464
-1.82915
-1.8832
-1.93433
-0.961968
-1.00973
-1.06143
-1.11482
-1.17171
-1.22801
-1.27852
-1.32818
-1.37714
-1.42542
-1.47174
-1.51679
-1.56559
-1.61677
-1.66885
-1.72169
-1.77501
-1.8297
-1.88412
-1.93367
-0.965755
-1.01267
-1.06387
-1.11678
-1.17167
-1.22888
-1.28128
-1.32997
-1.38111
-1.43226
-1.48161
-1.52853
-1.57409
-1.62072
-1.67048
-1.7234
-1.77772
-1.83231
-1.8847
-1.9347
-0.972921
-1.01688
-1.06894
-1.12093
-1.17254
-1.22862
-1.27979
-1.32863
-1.37713
-1.42704
-1.47939
-1.53109
-1.58056
-1.62854
-1.67716
-1.72775
-1.77956
-1.83156
-1.88349
-1.93485
-0.976666
-1.01952
-1.0714
-1.12068
-1.17124
-1.22692
-1.27996
-1.32847
-1.37535
-1.42242
-1.47217
-1.52535
-1.57826
-1.62923
-1.67943
-1.72966
-1.7813
-1.83364
-1.88479
-1.93429
-0.977254
-1.02142
-1.07213
-1.12269
-1.17463
-1.22897
-1.28592
-1.33719
-1.37918
-1.42229
-1.46957
-1.5214
-1.57426
-1.62581
-1.67691
-1.72907
-1.78184
-1.83527
-1.88859
-1.93723
-0.979366
-1.0242
-1.0737
-1.12597
-1.1804
-1.23566
-1.29158
-1.34216
-1.38493
-1.42596
-1.47089
-1.51985
-1.57252
-1.62645
-1.68022
-1.73316
-1.78566
-1.83895
-1.89209
-1.94086
-0.98372
-1.0277
-1.07483
-1.12712
-1.18122
-1.23401
-1.28804
-1.3407
-1.38826
-1.43086
-1.47407
-1.52113
-1.57365
-1.62867
-1.68295
-1.73577
-1.78922
-1.84151
-1.89286
-1.94235
-0.985076
-1.03095
-1.07715
-1.12722
-1.17867
-1.22995
-1.28414
-1.33936
-1.38914
-1.43308
-1.47609
-1.52308
-1.5759
-1.63074
-1.68538
-1.73896
-1.78924
-1.83992
-1.89088
-1.94057
-0.983113
-1.03396
-1.08124
-1.12821
-1.17687
-1.22781
-1.28082
-1.33472
-1.3866
-1.43295
-1.47456
-1.52417
-1.57849
-1.63391
-1.68935
-1.74018
-1.78967
-1.83885
-1.88789
-1.93667
-0.97832
-1.02912
-1.07794
-1.12598
-1.17396
-1.2239
-1.27578
-1.32897
-1.3822
-1.429
-1.47231
-1.52417
-1.58081
-1.63817
-1.69108
-1.74206
-1.79194
-1.84066
-1.88845
-1.93581
-0.965954
-1.0171
-1.06982
-1.12239
-1.17152
-1.22101
-1.27213
-1.3246
-1.37824
-1.42359
-1.46901
-1.52271
-1.58191
-1.63707
-1.69027
-1.74304
-1.79444
-1.84404
-1.89192
-1.93861
-0.953022
-1.0086
-1.06552
-1.11963
-1.17034
-1.22024
-1.27072
-1.32315
-1.37549
-1.41912
-1.46575
-1.52089
-1.57942
-1.63333
-1.68605
-1.73947
-1.7924
-1.84351
-1.8924
-1.93955
-0.953729
-1.01122
-1.06407
-1.11752
-1.16922
-1.21857
-1.27039
-1.32388
-1.37314
-1.4163
-1.4648
-1.52036
-1.57633
-1.62894
-1.67879
-1.73101
-1.78417
-1.83637
-1.8873
-1.93806
-0.959603
-1.01003
-1.06172
-1.11481
-1.16566
-1.21773
-1.27064
-1.32129
-1.36985
-1.41553
-1.46665
-1.52173
-1.57509
-1.62617
-1.67232
-1.72166
-1.77274
-1.82528
-1.87864
-1.9332
-0.954667
-1.0032
-1.05615
-1.11404
-1.1665
-1.2178
-1.26905
-1.31912
-1.36742
-1.41506
-1.46759
-1.52224
-1.57552
-1.62486
-1.66972
-1.71729
-1.76733
-1.81948
-1.87414
-1.93052
-0.952577
-1.00393
-1.05901
-1.11381
-1.16498
-1.21627
-1.26743
-1.31737
-1.36585
-1.41422
-1.46604
-1.52034
-1.57326
-1.62239
-1.66906
-1.71799
-1.76819
-1.82024
-1.87442
-1.92957
)
;
    }
    lowerWall
    {
        type            calculated;
        value           nonuniform List<scalar> 
200
(
407.867
407.703
407.478
407.28
406.978
406.56
406.084
405.607
405.176
404.826
404.597
404.521
404.602
404.836
405.191
405.606
406.006
406.332
406.639
406.84
407.738
407.527
407.288
407.042
406.729
406.389
405.954
405.489
405.061
404.711
404.483
404.404
404.481
404.702
405.026
405.374
405.697
406.074
406.468
406.689
407.571
407.302
407.192
407.113
406.702
406.224
405.777
405.314
404.886
404.537
404.308
404.22
404.287
404.496
404.81
405.19
405.63
405.94
406.223
406.481
407.377
407.057
406.94
406.946
406.581
406.021
405.555
405.092
404.668
404.324
404.094
403.992
404.044
404.246
404.568
405.024
405.556
405.759
405.925
406.279
407.061
406.82
406.586
406.433
406.13
405.681
405.249
404.81
404.406
404.073
403.841
403.724
403.752
403.925
404.22
404.64
405.089
405.37
405.642
405.942
406.605
406.436
406.19
405.944
405.651
405.28
404.881
404.475
404.098
403.776
403.541
403.413
403.414
403.548
403.8
404.149
404.546
404.901
405.219
405.446
406.027
405.895
405.695
405.454
405.159
404.817
404.455
404.09
403.741
403.432
403.198
403.058
403.035
403.123
403.329
403.633
403.989
404.335
404.636
404.831
405.344
405.229
405.049
404.829
404.568
404.274
403.965
403.651
403.334
403.044
402.816
402.662
402.611
402.652
402.804
403.053
403.366
403.688
403.97
404.147
404.568
404.468
404.314
404.129
403.911
403.669
403.41
403.146
402.87
402.603
402.381
402.218
402.131
402.135
402.243
402.446
402.716
403.006
403.263
403.426
403.719
403.635
403.513
403.371
403.205
403.015
402.809
402.591
402.352
401.934
401.744
401.728
401.636
401.604
401.676
401.841
402.072
402.326
402.557
402.706
)
;
    }
    atmosphere
    {
        type            calculated;
        value           nonuniform List<scalar> 0();
    }
    procBoundary0to1
    {
        type            processor;
        value           nonuniform List<scalar> 
800
(
378.275
329.288
280.325
231.431
182.697
134.135
85.9384
39.2688
7.88321
-0.401305
-0.452946
-0.502165
-0.55506
-0.608927
-0.660496
-0.710016
-0.759397
-0.809993
-0.861852
-0.916077
378.215
329.214
280.243
231.265
182.374
133.65
84.8344
37.4416
6.17973
-0.423613
-0.459508
-0.50579
-0.557215
-0.60921
-0.661678
-0.712754
-0.7636
-0.815496
-0.869491
-0.925893
378.129
329.109
280.125
231.126
182.111
133.167
83.6844
35.506
4.39516
-0.431239
-0.46304
-0.506959
-0.555103
-0.609862
-0.663373
-0.715805
-0.767453
-0.818191
-0.869706
-0.924486
378.036
329.01
280.012
231.017
181.971
132.802
83.1382
34.2019
3.77211
-0.423986
-0.465269
-0.510666
-0.562867
-0.614317
-0.664846
-0.716274
-0.769004
-0.820121
-0.871209
-0.92403
377.927
328.899
279.89
230.888
181.834
132.608
82.7532
32.983
3.79947
-0.423793
-0.469792
-0.51816
-0.568221
-0.616547
-0.666498
-0.71764
-0.77056
-0.822574
-0.873513
-0.923202
377.799
328.769
279.751
230.729
181.657
132.422
82.1715
32.1074
3.74879
-0.424152
-0.468323
-0.515968
-0.568674
-0.619667
-0.670556
-0.722324
-0.772786
-0.82383
-0.872503
-0.921818
377.652
328.614
279.586
230.527
181.429
132.086
81.3892
31.352
3.55498
-0.418972
-0.461005
-0.51019
-0.567448
-0.621972
-0.674742
-0.725055
-0.772122
-0.819453
-0.866645
-0.919625
377.489
328.43
279.364
230.236
181.071
131.561
80.6625
31.0408
3.50123
-0.40821
-0.451364
-0.503427
-0.563043
-0.621884
-0.677281
-0.723356
-0.767544
-0.814012
-0.866369
-0.923077
377.292
328.192
279.082
229.858
180.577
130.935
80.0459
30.8701
3.42699
-0.397743
-0.44328
-0.499678
-0.56333
-0.625505
-0.678823
-0.729048
-0.778568
-0.828145
-0.878978
-0.931257
377.015
327.967
278.798
229.538
180.177
130.392
79.3524
30.2826
3.09754
-0.391895
-0.441173
-0.498778
-0.564398
-0.626157
-0.681569
-0.735431
-0.787455
-0.838084
-0.88742
-0.937215
376.821
327.742
278.508
229.148
179.658
129.541
78.0318
28.9013
2.55918
-0.38889
-0.442539
-0.499482
-0.56242
-0.62463
-0.679585
-0.731966
-0.78371
-0.836208
-0.888414
-0.939065
376.701
327.519
278.197
228.701
178.976
128.442
76.2477
26.9137
1.93124
-0.393167
-0.451459
-0.509406
-0.567363
-0.626168
-0.67799
-0.726852
-0.778484
-0.833332
-0.888962
-0.940187
376.59
327.408
278.064
228.502
178.63
127.78
74.911
25.0201
1.40934
-0.401812
-0.465158
-0.528386
-0.585598
-0.637711
-0.683467
-0.728456
-0.779039
-0.835918
-0.8934
-0.946846
376.544
327.359
278.009
228.42
178.487
127.6
74.5073
24.102
1.20291
-0.404969
-0.470511
-0.536281
-0.592324
-0.641078
-0.682998
-0.729003
-0.784507
-0.843294
-0.901142
-0.955823
376.589
327.407
278.061
228.49
178.575
127.937
75.3542
24.8938
1.37191
-0.4047
-0.464428
-0.527893
-0.58928
-0.638688
-0.679768
-0.728534
-0.790402
-0.851965
-0.909373
-0.962012
376.721
327.558
278.255
228.769
178.966
128.64
76.9065
26.6919
1.66664
-0.410092
-0.462433
-0.521759
-0.583618
-0.637957
-0.68331
-0.732522
-0.795743
-0.859513
-0.915824
-0.965159
376.915
327.784
278.558
229.203
179.597
129.633
78.7743
29.2522
2.09133
-0.413888
-0.464722
-0.520143
-0.581947
-0.638336
-0.68627
-0.73575
-0.796564
-0.863744
-0.923166
-0.96694
377.136
328.043
278.912
229.712
180.378
130.937
80.8326
32.4017
3.10187
-0.406636
-0.465747
-0.522335
-0.579423
-0.632851
-0.682732
-0.733415
-0.791783
-0.86103
-0.927015
-0.968638
377.344
328.29
279.26
230.22
181.212
132.328
83.3576
36.4231
5.98997
-0.405824
-0.468581
-0.520178
-0.578892
-0.629653
-0.679353
-0.729772
-0.78388
-0.850675
-0.918212
-0.961389
377.478
328.462
279.48
230.556
181.821
133.311
85.2042
39.6211
10.5133
-0.378219
-0.476756
-0.521056
-0.574115
-0.624931
-0.675657
-0.726491
-0.7788
-0.839727
-0.901864
-0.945076
-0.972916
-1.03052
-1.08818
-1.1416
-1.1934
-1.24441
-1.29404
-1.34282
-1.39192
-1.44204
-1.49177
-1.54033
-1.58785
-1.63435
-1.68099
-1.72916
-1.77878
-1.82919
-1.88187
-1.93234
-0.983983
-1.04368
-1.10173
-1.15538
-1.20581
-1.25461
-1.30159
-1.34753
-1.39521
-1.44587
-1.49586
-1.54347
-1.5899
-1.63575
-1.68248
-1.73015
-1.77944
-1.83072
-1.88404
-1.93396
-0.981611
-1.03888
-1.0942
-1.14622
-1.19734
-1.24786
-1.29556
-1.34275
-1.39233
-1.44645
-1.49834
-1.5452
-1.59001
-1.63548
-1.68292
-1.73038
-1.7804
-1.83302
-1.88559
-1.93403
-0.976724
-1.03004
-1.08384
-1.13695
-1.18869
-1.23878
-1.28911
-1.33987
-1.39097
-1.44528
-1.49848
-1.54552
-1.59093
-1.63813
-1.68668
-1.73344
-1.78062
-1.83247
-1.88279
-1.93222
-0.974684
-1.02865
-1.08406
-1.13862
-1.1908
-1.24051
-1.28877
-1.33868
-1.38964
-1.44442
-1.49955
-1.54602
-1.59238
-1.64097
-1.68918
-1.73519
-1.78114
-1.82991
-1.88031
-1.93147
-0.976405
-1.03507
-1.09245
-1.14638
-1.19657
-1.24396
-1.2891
-1.33582
-1.38519
-1.44209
-1.49831
-1.54536
-1.59319
-1.64269
-1.69153
-1.7364
-1.78221
-1.83032
-1.88045
-1.93256
-0.976825
-1.03446
-1.09428
-1.14964
-1.20027
-1.24766
-1.29173
-1.33526
-1.38246
-1.44011
-1.49619
-1.5443
-1.59376
-1.64502
-1.69346
-1.73812
-1.78446
-1.83323
-1.8836
-1.93484
-0.978631
-1.03147
-1.0851
-1.14214
-1.19756
-1.24689
-1.29261
-1.33532
-1.38124
-1.43717
-1.49334
-1.5442
-1.59633
-1.64661
-1.6943
-1.73993
-1.78722
-1.83676
-1.88779
-1.93837
-0.983288
-1.03236
-1.08016
-1.13303
-1.19136
-1.242
-1.28813
-1.33169
-1.37866
-1.43497
-1.494
-1.54824
-1.60046
-1.648
-1.69398
-1.74087
-1.78933
-1.83927
-1.89091
-1.9415
-0.986349
-1.03303
-1.07833
-1.12952
-1.18367
-1.234
-1.28037
-1.32553
-1.37519
-1.43369
-1.49532
-1.55092
-1.60233
-1.64922
-1.6934
-1.74054
-1.79
-1.83993
-1.8902
-1.94038
-0.987391
-1.03401
-1.07777
-1.12473
-1.17325
-1.22645
-1.27264
-1.31929
-1.37129
-1.43039
-1.49002
-1.54806
-1.60197
-1.64952
-1.69334
-1.73938
-1.78886
-1.83756
-1.88701
-1.93659
-0.990233
-1.03804
-1.0789
-1.12205
-1.16721
-1.21803
-1.26494
-1.31227
-1.36594
-1.42425
-1.48334
-1.54395
-1.60077
-1.64962
-1.69373
-1.73895
-1.78668
-1.83418
-1.88317
-1.9338
-0.998867
-1.04383
-1.08185
-1.12058
-1.16089
-1.21046
-1.26121
-1.31021
-1.36228
-1.41921
-1.47575
-1.53806
-1.59805
-1.64743
-1.69233
-1.7379
-1.78458
-1.83282
-1.88346
-1.93417
-1.00639
-1.04696
-1.08601
-1.11839
-1.15149
-1.20051
-1.25958
-1.31192
-1.36316
-1.41818
-1.47285
-1.53138
-1.58981
-1.64095
-1.68909
-1.73504
-1.78253
-1.83246
-1.88387
-1.93702
-1.0084
-1.04731
-1.08485
-1.11342
-1.13757
-1.18708
-1.25249
-1.31353
-1.36509
-1.41836
-1.47227
-1.52668
-1.57982
-1.63189
-1.68214
-1.731
-1.78036
-1.83168
-1.88429
-1.93755
-1.00595
-1.04301
-1.07776
-1.10412
-1.12721
-1.18024
-1.25258
-1.31457
-1.36679
-1.41893
-1.47225
-1.52382
-1.57544
-1.62849
-1.6795
-1.72869
-1.77913
-1.83134
-1.88366
-1.93526
-1.00127
-1.03622
-1.07169
-1.10611
-1.13988
-1.18739
-1.25807
-1.31445
-1.36756
-1.41902
-1.47128
-1.52375
-1.57697
-1.62887
-1.67909
-1.72909
-1.77999
-1.83119
-1.88254
-1.93286
-0.998382
-1.03226
-1.07417
-1.11857
-1.15901
-1.20364
-1.26042
-1.31442
-1.3671
-1.41731
-1.46901
-1.52366
-1.57789
-1.62987
-1.6803
-1.73053
-1.78083
-1.831
-1.88099
-1.93044
-0.988919
-1.02162
-1.068
-1.12101
-1.16312
-1.20251
-1.25444
-1.31045
-1.36711
-1.4199
-1.47207
-1.52592
-1.57992
-1.63274
-1.68385
-1.73344
-1.78231
-1.83119
-1.88025
-1.9291
-0.97754
-1.01771
-1.0636
-1.10864
-1.15288
-1.20179
-1.25737
-1.31185
-1.36519
-1.41823
-1.47255
-1.52575
-1.57865
-1.6305
-1.68165
-1.73191
-1.78147
-1.83089
-1.8801
-1.92928
)
;
    }
    procBoundary0to2
    {
        type            processor;
        value           nonuniform List<scalar> 
200
(
-1.98217
-1.98216
-1.98325
-1.98346
-1.98311
-1.98296
-1.983
-1.9833
-1.98342
-1.98265
-1.98308
-1.98333
-1.98458
-1.98445
-1.98386
-1.98346
-1.98339
-1.98369
-1.98372
-1.98305
-1.98347
-1.98356
-1.98509
-1.98555
-1.98529
-1.98446
-1.98403
-1.98404
-1.9838
-1.98313
-1.98319
-1.9832
-1.98405
-1.98505
-1.98576
-1.98522
-1.98443
-1.98424
-1.98401
-1.9834
-1.98258
-1.98254
-1.98404
-1.98511
-1.9863
-1.98586
-1.98557
-1.98704
-1.98699
-1.98577
-1.98366
-1.98364
-1.98515
-1.98732
-1.98783
-1.98697
-1.98672
-1.98834
-1.9881
-1.98692
-1.98448
-1.98276
-1.98615
-1.99089
-1.99105
-1.98788
-1.98757
-1.98812
-1.98744
-1.98656
-1.98351
-1.98513
-1.98743
-1.99355
-1.99388
-1.98901
-1.988
-1.98742
-1.98659
-1.98677
-1.9851
-1.98816
-1.98928
-1.9939
-1.99432
-1.98966
-1.98855
-1.9871
-1.98589
-1.98764
-1.98752
-1.99031
-1.99083
-1.99257
-1.99289
-1.99017
-1.98971
-1.98747
-1.98537
-1.98671
-1.98902
-1.99218
-1.99106
-1.98962
-1.99016
-1.99083
-1.99144
-1.98912
-1.98572
-1.9851
-1.98826
-1.98967
-1.98931
-1.98608
-1.98677
-1.99017
-1.99199
-1.99005
-1.98607
-1.98438
-1.98591
-1.98646
-1.98747
-1.98483
-1.98416
-1.98836
-1.99081
-1.98933
-1.9851
-1.98457
-1.98428
-1.98523
-1.98785
-1.98767
-1.98481
-1.98636
-1.98945
-1.98854
-1.98465
-1.98599
-1.98586
-1.99018
-1.99619
-1.99836
-1.99231
-1.98695
-1.98907
-1.98678
-1.98444
-1.9873
-1.9875
-1.99634
-2.00374
-2.00983
-2.00063
-1.98895
-1.98825
-1.98367
-1.98344
-1.9861
-1.98807
-1.9971
-2.00387
-2.00746
-1.99845
-1.98769
-1.98435
-1.98209
-1.98282
-1.98313
-1.9865
-1.99195
-1.99516
-1.99501
-1.98937
-1.9832
-1.98121
-1.98028
-1.98182
-1.98132
-1.98346
-1.98515
-1.98604
-1.98614
-1.98351
-1.9813
-1.9796
-1.97903
-1.97872
-1.97891
-1.98191
-1.98199
-1.98185
-1.9816
-1.98058
-1.97933
-1.97847
-1.97829
-1.97861
-1.9786
)
;
    }
}


// ************************************************************************* //
