/*--------------------------------*- C++ -*----------------------------------*\
| =========                 |                                                 |
| \\      /  F ield         | OpenFOAM: The Open Source CFD Toolbox           |
|  \\    /   O peration     | Version:  2312                                  |
|   \\  /    A nd           | Website:  www.openfoam.com                      |
|    \\/     M anipulation  |                                                 |
\*---------------------------------------------------------------------------*/
FoamFile
{
    version     2.0;
    format      ascii;
    arch        "LSB;label=32;scalar=64";
    class       volScalarField;
    location    "0.43";
    object      p;
}
// * * * * * * * * * * * * * * * * * * * * * * * * * * * * * * * * * * * * * //

dimensions      [1 -1 -2 0 0 0 0];

internalField   nonuniform List<scalar> 
8000
(
396.221
395.862
395.309
394.703
394.131
393.686
393.41
393.304
393.331
393.447
347.585
347.122
346.46
345.739
345.071
344.561
344.254
344.143
344.175
344.294
299.049
298.462
297.613
296.707
295.905
295.315
294.966
294.843
294.879
295.003
250.434
249.687
248.672
247.6
246.682
246.021
245.669
245.58
245.657
245.795
201.788
200.702
199.384
198.079
197.141
196.532
196.28
196.305
196.474
196.617
154.898
152.951
150.34
148.319
147.288
147.017
147.268
147.74
148.329
148.469
105.756
102.719
98.5492
96.2044
96.1585
97.2106
98.5923
99.894
100.816
101.626
54.4362
47.863
42.1712
42.1751
45.1179
48.6654
51.142
54.3476
56.1184
56.9772
8.58161
5.8157
5.81474
7.15414
10.3864
15.5447
20.4445
23.5308
25.2996
26.297
1.24901
0.162461
0.141032
-0.111018
-0.288191
0.117009
1.50922
3.4805
5.28193
6.29183
0.245678
-0.376379
-0.576311
-0.5979
-0.58224
-0.547716
-0.51462
-0.475852
-0.458302
-0.452054
-0.228266
-0.449446
-0.647724
-0.662599
-0.646886
-0.616746
-0.562756
-0.531999
-0.521493
-0.524673
-0.375728
-0.458489
-0.60595
-0.654137
-0.640082
-0.608235
-0.577576
-0.554378
-0.544656
-0.548805
-0.473459
-0.520859
-0.571852
-0.601085
-0.603102
-0.594309
-0.586943
-0.581931
-0.578079
-0.5805
-0.566451
-0.582672
-0.558801
-0.565691
-0.582648
-0.595236
-0.600664
-0.602279
-0.602772
-0.605234
-0.615256
-0.616538
-0.580103
-0.586202
-0.603324
-0.618971
-0.626367
-0.628223
-0.629367
-0.631064
-0.651599
-0.650164
-0.636195
-0.637943
-0.64538
-0.657515
-0.664009
-0.666411
-0.667565
-0.66838
-0.696334
-0.6974
-0.694145
-0.692994
-0.696237
-0.705205
-0.709461
-0.711633
-0.712646
-0.712726
-0.746999
-0.749148
-0.751321
-0.75329
-0.754058
-0.756479
-0.758486
-0.759536
-0.759795
-0.759598
-0.801217
-0.802457
-0.810411
-0.817561
-0.811953
-0.810152
-0.809545
-0.809023
-0.808396
-0.807978
395.842
395.486
394.95
394.372
393.832
393.423
393.178
393.098
393.158
393.299
347.104
346.639
345.997
345.313
344.681
344.208
343.937
343.862
343.922
344.066
298.444
297.838
297.007
296.14
295.37
294.805
294.481
294.387
294.456
294.616
249.663
248.853
247.83
246.777
245.862
245.189
244.826
244.745
244.842
245.012
200.67
199.588
198.236
196.889
195.844
195.102
194.747
194.728
194.896
195.11
152.869
151.249
148.672
146.492
145.145
144.393
144.239
144.533
145.032
145.407
102.707
100.204
96.1835
93.715
93.076
92.9951
93.5127
94.4565
95.328
95.8565
48.1529
41.8469
36.5394
35.636
37.5327
40.111
42.4232
44.5405
46.0514
46.7401
6.83771
4.20787
3.40887
3.33756
4.07417
6.0157
8.31334
10.1449
11.6926
12.5088
0.498774
-0.260304
-0.286456
-0.336179
-0.37659
-0.35429
-0.343255
-0.153765
0.130713
0.20744
-0.390776
-0.656307
-0.669399
-0.655278
-0.60483
-0.538359
-0.506895
-0.49588
-0.508524
-0.503401
-0.533172
-0.631438
-0.692316
-0.742362
-0.712571
-0.615241
-0.555274
-0.553328
-0.562371
-0.571854
-0.509065
-0.559219
-0.624002
-0.693363
-0.684231
-0.636992
-0.586338
-0.566816
-0.571581
-0.588363
-0.53657
-0.557231
-0.521605
-0.563257
-0.600525
-0.608437
-0.602872
-0.596614
-0.601999
-0.611857
-0.59163
-0.56821
-0.471315
-0.507122
-0.570601
-0.600293
-0.610568
-0.614783
-0.617845
-0.620302
-0.616275
-0.586219
-0.533292
-0.568333
-0.603258
-0.618316
-0.62658
-0.630696
-0.632629
-0.634177
-0.648401
-0.637198
-0.625215
-0.640187
-0.646395
-0.6538
-0.660238
-0.663631
-0.665367
-0.666357
-0.699231
-0.696794
-0.692466
-0.695645
-0.697348
-0.702007
-0.706185
-0.708979
-0.710304
-0.710586
-0.753093
-0.751647
-0.752397
-0.756152
-0.756609
-0.756303
-0.757106
-0.758155
-0.758295
-0.758126
-0.809007
-0.806611
-0.813903
-0.820857
-0.816779
-0.811992
-0.809661
-0.808634
-0.807737
-0.807295
395.248
394.909
394.403
393.868
393.382
393.035
392.861
392.857
392.979
393.173
346.403
345.958
345.343
344.698
344.116
343.707
343.51
343.509
343.637
343.839
297.559
296.97
296.162
295.329
294.599
294.084
293.823
293.802
293.943
294.164
248.623
247.797
246.743
245.667
244.717
244.041
243.715
243.68
243.83
244.07
199.347
198.198
196.723
195.289
194.108
193.269
192.895
192.884
193.092
193.39
150.238
148.528
146.207
143.958
142.275
141.233
140.908
141.047
141.644
142.095
98.4413
95.9358
92.9356
90.6831
89.4791
88.8409
88.8618
89.3554
89.9812
90.3756
42.5622
36.2888
32.3343
31.0309
31.327
31.8842
32.4995
33.4335
34.3276
34.7507
6.40446
3.81007
2.57842
2.109
2.20912
2.40457
2.58245
2.77255
2.97247
3.15395
0.204908
-0.166025
-0.284109
-0.375235
-0.345404
-0.308705
-0.288344
-0.294543
-0.294914
-0.235166
-0.515067
-0.662381
-0.639581
-0.629435
-0.548814
-0.464499
-0.4114
-0.402928
-0.406534
-0.399123
-0.592844
-0.717918
-0.751795
-0.735387
-0.652084
-0.555866
-0.498908
-0.480384
-0.477886
-0.474605
-0.600283
-0.690854
-0.689792
-0.664443
-0.615433
-0.573342
-0.545456
-0.536413
-0.540976
-0.545275
-0.608029
-0.636222
-0.544813
-0.527188
-0.560143
-0.583904
-0.582436
-0.578319
-0.582898
-0.587673
-0.616533
-0.584498
-0.492115
-0.510036
-0.574004
-0.603527
-0.607173
-0.606462
-0.60904
-0.611296
-0.62424
-0.593879
-0.55859
-0.578248
-0.610798
-0.622457
-0.626378
-0.628043
-0.630146
-0.631484
-0.657338
-0.646828
-0.634982
-0.638389
-0.650517
-0.655946
-0.659518
-0.661964
-0.663718
-0.66448
-0.707342
-0.704585
-0.691432
-0.69355
-0.702379
-0.704916
-0.706581
-0.708206
-0.708888
-0.709198
-0.762115
-0.762999
-0.750876
-0.755252
-0.76093
-0.759075
-0.758358
-0.758241
-0.757704
-0.757553
-0.818394
-0.821508
-0.812586
-0.817437
-0.818318
-0.813556
-0.810624
-0.808905
-0.807512
-0.807116
394.578
394.266
393.803
393.328
392.922
392.672
392.612
392.729
392.949
393.224
345.618
345.21
344.634
344.043
343.541
343.234
343.157
343.281
343.519
343.813
296.595
296.043
295.269
294.482
293.815
293.386
293.234
293.346
293.618
293.964
247.505
246.691
245.61
244.501
243.548
242.924
242.683
242.731
243.03
243.444
198.029
196.807
195.231
193.662
192.338
191.453
191.141
190.963
191.351
191.823
148.207
146.303
143.848
141.362
139.35
138.07
137.444
137.135
138.013
138.351
96.1674
93.3953
90.4317
87.5653
85.482
84.2417
84.0091
84.7178
85.3713
85.995
42.6153
35.6071
30.7663
27.6332
25.5076
23.6516
22.4644
22.7102
23.0381
23.1122
7.76903
3.49111
2.09614
1.45994
1.06546
0.711942
0.462834
0.390813
0.299132
0.255359
-0.0758649
-0.270991
-0.336462
-0.374326
-0.350909
-0.324588
-0.291437
-0.242869
-0.211231
-0.193619
-0.542823
-0.618432
-0.59815
-0.567921
-0.486516
-0.425668
-0.387603
-0.362045
-0.342019
-0.32868
-0.617034
-0.709646
-0.724472
-0.660172
-0.567984
-0.501664
-0.465781
-0.446583
-0.436241
-0.430594
-0.630211
-0.706047
-0.694469
-0.625175
-0.568844
-0.538984
-0.524561
-0.516752
-0.512117
-0.506372
-0.626387
-0.656376
-0.600309
-0.562518
-0.560492
-0.566259
-0.567368
-0.565719
-0.563685
-0.557565
-0.623433
-0.606706
-0.570616
-0.571275
-0.582844
-0.592679
-0.596757
-0.597222
-0.596253
-0.592873
-0.631919
-0.614338
-0.607459
-0.608811
-0.611281
-0.618893
-0.622998
-0.624195
-0.624654
-0.62455
-0.664877
-0.654433
-0.6522
-0.6459
-0.651125
-0.657886
-0.660651
-0.661992
-0.662251
-0.662477
-0.712821
-0.708159
-0.703377
-0.697989
-0.703981
-0.707145
-0.70838
-0.709024
-0.708267
-0.708097
-0.770851
-0.771046
-0.765341
-0.758683
-0.759855
-0.759199
-0.759168
-0.758839
-0.757398
-0.757095
-0.831312
-0.833421
-0.824683
-0.817145
-0.815226
-0.812569
-0.810883
-0.809419
-0.8074
-0.807183
393.916
393.636
393.225
392.828
392.529
392.42
392.526
392.808
393.158
393.548
344.861
344.489
343.961
343.447
343.058
342.899
343.001
343.306
343.705
344.154
295.711
295.189
294.452
293.725
293.158
292.872
292.91
293.224
293.727
294.311
246.508
245.698
244.577
243.46
242.56
242.036
241.957
242.244
242.848
243.582
197.028
195.705
193.98
192.253
190.857
190.014
189.63
189.836
190.505
191.29
147.15
144.976
142.13
139.277
137.019
135.613
135.165
135.419
136.098
136.612
96.1829
92.8344
89.1294
85.2603
82.2756
80.553
79.9309
79.1904
79.1332
79.2004
45.4932
37.6703
31.0804
25.3426
20.7017
17.6649
16.8207
16.3554
15.4268
14.3553
11.1794
4.37333
2.20215
1.0465
0.288021
-0.0572156
-0.0989081
-0.0643188
-0.0472009
-0.0478983
-0.230831
-0.335942
-0.328267
-0.328596
-0.315137
-0.284756
-0.251222
-0.221466
-0.20687
-0.201974
-0.526338
-0.551109
-0.517108
-0.483071
-0.425277
-0.381931
-0.349104
-0.324436
-0.308949
-0.29994
-0.59787
-0.649119
-0.624757
-0.572238
-0.502536
-0.459321
-0.429603
-0.41008
-0.401198
-0.39749
-0.616974
-0.661755
-0.641353
-0.587249
-0.542958
-0.513664
-0.494169
-0.482371
-0.477564
-0.474915
-0.622051
-0.635766
-0.609818
-0.584334
-0.567277
-0.55246
-0.544049
-0.539211
-0.534454
-0.53196
-0.62746
-0.617391
-0.602792
-0.600521
-0.591214
-0.582918
-0.581643
-0.58085
-0.577512
-0.576219
-0.643432
-0.630067
-0.620978
-0.619981
-0.614335
-0.615239
-0.618212
-0.618851
-0.616577
-0.616249
-0.67398
-0.662689
-0.65439
-0.653102
-0.653951
-0.657788
-0.661328
-0.662204
-0.659872
-0.65921
-0.717488
-0.70973
-0.706257
-0.705915
-0.704397
-0.706785
-0.709566
-0.70999
-0.707395
-0.706167
-0.771289
-0.769399
-0.767255
-0.762464
-0.758314
-0.759058
-0.76027
-0.75983
-0.757277
-0.756248
-0.828459
-0.82975
-0.823973
-0.81636
-0.814833
-0.812746
-0.811869
-0.810411
-0.807836
-0.807073
393.359
393.112
392.759
392.452
392.288
392.359
392.669
393.142
393.639
394.224
344.237
343.9
343.432
343.014
342.767
342.803
343.126
343.654
344.264
344.984
295.006
294.509
293.816
293.17
292.741
292.653
292.945
293.543
294.35
295.303
245.736
244.909
243.78
242.703
241.9
241.564
241.765
242.438
243.456
244.61
196.312
194.863
193.025
191.226
189.865
189.019
189.017
189.72
190.825
192.026
146.847
144.205
141.045
137.946
135.581
134.243
134.038
134.59
135.456
136.204
97.1765
92.7879
88.3827
83.8412
80.5218
77.3845
74.5785
72.5291
71.2001
70.0655
48.574
40.1461
31.6459
23.4141
17.5031
14.9598
13.4477
10.5944
7.69513
6.11341
15.9277
6.31139
2.38425
0.673551
-0.0473494
-0.113745
-0.122395
-0.122646
-0.120502
0.0122671
0.209723
-0.395786
-0.324039
-0.289669
-0.271984
-0.241906
-0.228107
-0.216588
-0.22801
-0.209691
-0.504909
-0.519683
-0.467404
-0.429121
-0.381718
-0.344452
-0.320537
-0.301719
-0.291522
-0.279151
-0.580914
-0.599975
-0.568051
-0.519006
-0.468365
-0.430023
-0.404858
-0.388637
-0.383685
-0.37884
-0.597805
-0.631899
-0.599188
-0.562763
-0.525012
-0.49353
-0.473551
-0.461619
-0.458491
-0.463088
-0.611211
-0.62101
-0.596336
-0.57797
-0.560886
-0.54021
-0.52789
-0.520993
-0.517439
-0.524604
-0.62637
-0.615312
-0.595268
-0.591076
-0.586897
-0.577413
-0.573245
-0.570305
-0.565672
-0.570461
-0.646647
-0.630926
-0.613248
-0.612737
-0.616421
-0.615862
-0.61727
-0.616353
-0.61125
-0.6118
-0.677905
-0.664347
-0.651307
-0.65432
-0.658946
-0.660547
-0.663831
-0.663297
-0.6583
-0.65597
-0.720219
-0.71073
-0.706506
-0.708839
-0.708528
-0.709774
-0.712633
-0.711784
-0.707804
-0.70527
-0.770395
-0.766922
-0.76519
-0.763126
-0.761054
-0.761687
-0.762998
-0.761793
-0.759076
-0.758527
-0.822604
-0.82248
-0.820884
-0.816797
-0.815425
-0.81443
-0.813961
-0.812274
-0.810512
-0.811851
392.952
392.733
392.438
392.232
392.219
392.48
392.989
393.638
394.284
395.159
343.795
343.491
343.085
342.773
342.69
342.934
343.494
344.237
345.008
346.07
294.516
294.037
293.4
292.853
292.595
292.749
293.358
294.266
295.307
296.713
245.236
244.391
243.289
242.275
241.63
241.569
242.225
243.419
244.862
246.557
195.903
194.346
192.476
190.653
189.307
188.842
189.524
191.187
193.111
195.02
146.992
143.927
140.634
137.297
134.958
133.9
134.34
136.296
138.42
140.578
98.5746
93.2008
88.324
83.4574
79.263
74.1569
70.3305
68.2894
66.9339
69.7073
50.2415
42.1438
32.2385
22.1035
16.4433
13.4235
10.1284
6.4197
4.4832
9.84921
20.0346
8.43486
2.59419
0.394891
-0.0796454
-0.112266
-0.138314
-0.165161
-0.0733703
0.647209
1.50359
-0.378543
-0.300766
-0.246455
-0.225813
-0.220713
-0.224967
-0.230819
-0.235816
-0.21238
-0.466623
-0.498566
-0.439101
-0.392388
-0.345117
-0.316591
-0.30036
-0.283397
-0.262345
-0.294355
-0.550866
-0.572483
-0.527939
-0.482418
-0.43585
-0.40367
-0.385045
-0.37315
-0.373875
-0.394253
-0.582375
-0.609589
-0.577375
-0.542125
-0.50242
-0.4761
-0.460176
-0.451084
-0.451849
-0.476968
-0.602733
-0.617714
-0.590699
-0.57082
-0.549529
-0.531356
-0.522328
-0.515722
-0.513411
-0.532205
-0.61906
-0.614292
-0.598761
-0.591661
-0.584378
-0.575547
-0.574408
-0.57042
-0.563245
-0.577024
-0.643509
-0.633336
-0.622222
-0.620663
-0.621055
-0.618242
-0.621971
-0.620153
-0.611099
-0.617779
-0.68045
-0.671031
-0.662771
-0.663551
-0.665255
-0.663996
-0.670001
-0.668424
-0.66089
-0.662448
-0.723905
-0.716991
-0.713991
-0.71452
-0.713919
-0.712374
-0.718742
-0.716481
-0.711854
-0.709746
-0.771926
-0.769247
-0.767633
-0.766403
-0.764892
-0.764067
-0.768393
-0.765636
-0.763394
-0.760963
-0.821831
-0.820974
-0.81978
-0.818201
-0.816672
-0.816509
-0.818639
-0.815021
-0.815262
-0.816632
392.699
392.503
392.268
392.159
392.28
392.697
393.35
394.171
394.859
395.887
343.535
343.268
342.913
342.702
342.766
343.196
343.948
344.898
345.698
346.941
294.232
293.765
293.198
292.757
292.665
293.064
293.965
295.185
296.244
297.842
244.972
244.13
243.059
242.12
241.666
241.947
243.104
244.844
246.449
248.413
195.715
194.124
192.248
190.371
189.272
189.278
190.924
193.863
196.407
198.927
147.201
144.012
140.626
136.766
134.94
134.254
136.154
140.607
144.089
147.269
99.4875
93.9707
88.8352
84.3845
78.3492
71.7954
68.1518
70.4957
76.6426
81.8693
53.4969
43.9944
32.9987
21.8842
15.3826
10.3771
6.56069
5.54585
11.9287
17.7195
21.7869
10.1023
2.78065
0.196806
-0.0465568
-0.105714
-0.156076
-0.145416
0.12095
0.570408
3.41129
0.000563228
-0.277541
-0.218046
-0.185072
-0.197466
-0.222463
-0.233673
-0.217116
-0.36225
-0.441437
-0.492202
-0.416846
-0.359337
-0.307438
-0.286811
-0.276689
-0.255288
-0.241797
-0.285129
-0.530122
-0.55602
-0.49427
-0.450916
-0.407147
-0.380544
-0.368699
-0.354144
-0.358653
-0.349349
-0.572555
-0.594653
-0.553611
-0.519559
-0.490371
-0.465884
-0.450194
-0.438023
-0.444403
-0.474186
-0.5999
-0.619974
-0.584871
-0.559812
-0.54301
-0.523042
-0.518069
-0.514364
-0.517605
-0.578683
-0.620313
-0.623668
-0.608702
-0.593851
-0.583703
-0.56945
-0.576447
-0.577002
-0.56678
-0.593885
-0.647505
-0.644398
-0.636299
-0.629871
-0.62584
-0.609308
-0.630434
-0.631191
-0.615374
-0.624008
-0.684152
-0.679941
-0.674262
-0.67296
-0.671105
-0.654939
-0.68365
-0.681032
-0.668335
-0.674425
-0.727119
-0.723425
-0.720931
-0.721021
-0.717743
-0.704593
-0.734165
-0.727118
-0.720207
-0.728036
-0.773671
-0.772204
-0.770555
-0.770625
-0.766312
-0.756276
-0.783633
-0.774937
-0.772224
-0.770762
-0.822064
-0.821443
-0.820342
-0.820552
-0.817457
-0.80671
-0.829892
-0.823131
-0.820481
-0.838499
392.576
392.4
392.211
392.172
392.38
392.886
393.618
394.422
395.346
396.508
343.414
343.157
342.861
342.728
342.9
343.464
344.267
345.114
345.978
346.846
294.11
293.681
293.153
292.803
292.881
293.471
294.404
295.42
296.205
297.119
244.877
244.052
243.018
242.187
241.965
242.511
243.795
245.28
245.913
246.768
195.66
194.092
192.279
190.495
189.616
189.949
192.105
194.894
194.672
194.525
147.361
144.266
140.919
137.113
135.261
134.855
137.964
142.719
139.778
137.65
100.306
94.6697
89.3779
84.8073
78.0043
69.8566
67.9825
77.1778
77.8378
77.1196
55.0939
45.2518
33.6141
21.5556
13.4702
6.75789
5.00161
13.4819
23.563
29.5005
23.3738
11.4269
2.8573
0.152921
-0.0411246
-0.0950181
-0.0582144
0.145787
2.5627
9.39579
5.3419
0.277279
-0.276802
-0.191383
-0.171067
-0.214684
-0.226911
-0.214018
-0.144755
4.0625
-0.440991
-0.504063
-0.403556
-0.334586
-0.28497
-0.27469
-0.244604
-0.219075
0.242188
1.63283
-0.521524
-0.54873
-0.465214
-0.422551
-0.384781
-0.359831
-0.343988
-0.325318
-0.39415
1.64594
-0.56691
-0.58286
-0.532239
-0.50224
-0.47759
-0.430896
-0.421408
-0.421706
-0.43812
0.357095
-0.602109
-0.621991
-0.575592
-0.551788
-0.546306
-0.508025
-0.500835
-0.519513
-0.503336
-0.534481
-0.623652
-0.634483
-0.610543
-0.594531
-0.59195
-0.581467
-0.569769
-0.601406
-0.557629
-0.596474
-0.650603
-0.651852
-0.64239
-0.63525
-0.634205
-0.647654
-0.628617
-0.656258
-0.618341
-0.661075
-0.68625
-0.684392
-0.680544
-0.679007
-0.678043
-0.685551
-0.698389
-0.697636
-0.676831
-0.737526
-0.729345
-0.727338
-0.725353
-0.725739
-0.723887
-0.723136
-0.737597
-0.735324
-0.721585
-0.77573
-0.775194
-0.77422
-0.77297
-0.773841
-0.769895
-0.765769
-0.777193
-0.775091
-0.765117
-0.801543
-0.822824
-0.822347
-0.821451
-0.822218
-0.818957
-0.821029
-0.812766
-0.814486
-0.806563
-0.840264
392.552
392.389
392.232
392.238
392.509
393.127
394.025
394.863
395.835
397.085
343.393
343.148
342.886
342.808
343.077
343.826
344.838
345.716
346.23
348.65
294.091
293.686
293.192
292.93
293.191
294.068
295.273
296.247
296.289
299.551
244.873
244.064
243.078
242.387
242.453
243.37
244.945
246.29
245.674
248.807
195.677
194.157
192.409
190.766
190.236
190.991
193.621
196.114
193.256
195.127
147.498
144.494
141.182
137.167
135.797
135.798
140.189
144.22
136.025
139.309
100.719
95.0449
89.8007
85.702
77.8391
68.4619
72.7475
81.731
74.7396
83.7174
55.8
45.7593
33.9944
21.7746
11.3775
5.52336
11.3002
20.0442
30.1695
40.0163
24.5156
11.9476
2.91596
0.258006
0.00141659
0.156762
0.71976
0.413426
13.1321
26.3303
6.49407
0.250173
-0.210158
-0.179281
-0.16669
-0.166376
-0.181835
-0.301279
12.1507
34.5032
-0.45264
-0.503319
-0.39215
-0.318969
-0.279973
-0.278981
-0.27436
0.0914592
7.85823
37.4924
-0.524153
-0.556974
-0.460972
-0.423462
-0.396909
-0.387778
-0.399623
-0.325267
2.13747
30.3723
-0.561921
-0.57802
-0.522222
-0.498075
-0.48458
-0.469592
-0.482078
-0.448921
0.0693078
14.8765
-0.603084
-0.621748
-0.573727
-0.552628
-0.548627
-0.528252
-0.553218
-0.557542
-0.484123
0.677883
-0.626371
-0.641024
-0.611288
-0.595137
-0.593935
-0.597199
-0.610449
-0.61743
-0.609823
-0.902499
-0.652076
-0.656652
-0.644925
-0.636391
-0.634346
-0.644469
-0.65398
-0.592053
-0.620121
-0.868319
-0.687136
-0.68637
-0.682865
-0.680677
-0.679097
-0.690012
-0.700264
-0.541136
-0.591912
-0.731289
-0.729852
-0.728664
-0.727154
-0.727277
-0.725757
-0.736476
-0.748678
-0.619022
-0.731819
-0.697013
-0.775606
-0.77493
-0.774275
-0.774776
-0.774086
-0.782361
-0.790187
-0.786117
-0.755784
-0.779252
-0.823264
-0.822809
-0.822321
-0.822723
-0.822893
-0.832013
-0.836451
-0.808985
-0.782151
-0.855244
392.596
392.437
392.29
392.312
392.597
393.226
394.11
394.954
396.025
397.279
343.436
343.196
342.946
342.887
343.172
343.926
344.911
345.744
346.429
348.964
294.133
293.736
293.256
293.017
293.304
294.197
295.364
296.232
296.508
300.073
244.912
244.114
243.15
242.503
242.627
243.59
245.1
246.234
245.885
249.627
195.714
194.211
192.507
190.954
190.554
191.48
194.041
195.991
193.491
196.144
147.527
144.568
141.334
137.491
136.346
136.892
141.496
144.218
136.58
138.79
100.742
95.149
89.9929
85.8602
78.3385
70.6653
76.2711
82.5833
74.8888
81.0595
55.8181
45.8912
34.2388
21.7218
10.9206
6.83008
13.4302
22.2925
30.7055
39.7024
24.0517
11.9418
2.98213
0.296174
0.0229881
0.231394
0.77778
1.2042
17.8374
35.1075
6.42489
0.288627
-0.216668
-0.163466
-0.170005
-0.196284
-0.261768
-0.295629
17.1424
48.8623
-0.456059
-0.516463
-0.397907
-0.320212
-0.283916
-0.313182
-0.394464
-0.373266
4.74817
43.9549
-0.526247
-0.566366
-0.466926
-0.426277
-0.397641
-0.410347
-0.462225
-0.459161
1.38705
24.7021
-0.559102
-0.589047
-0.535918
-0.499308
-0.480289
-0.487786
-0.513827
-0.479871
1.13534
16.0383
-0.600726
-0.629722
-0.582592
-0.550705
-0.539798
-0.550514
-0.571609
-0.538104
1.42525
18.6833
-0.626215
-0.643257
-0.615831
-0.593237
-0.586559
-0.599186
-0.619742
-0.600382
1.36439
6.79473
-0.651127
-0.657266
-0.646262
-0.634682
-0.631856
-0.645107
-0.66232
-0.661784
-0.342584
0.888167
-0.686321
-0.686149
-0.682365
-0.679325
-0.680757
-0.695626
-0.712664
-0.720065
-0.762156
-0.172052
-0.729065
-0.727963
-0.726749
-0.727295
-0.730093
-0.746863
-0.767705
-0.777632
-0.768913
-0.465234
-0.775345
-0.774531
-0.774322
-0.775621
-0.77821
-0.795089
-0.809876
-0.806086
-0.796442
-0.823391
-0.823136
-0.822801
-0.822685
-0.823935
-0.826481
-0.83835
-0.844095
-0.822188
-0.812146
-0.656533
392.705
392.543
392.387
392.396
392.669
393.269
394.139
395.177
396.328
398.149
343.539
343.298
343.037
342.959
343.205
343.87
344.836
345.935
347.217
348.442
294.232
293.825
293.336
293.049
293.212
293.917
295.027
296.347
297.83
299.159
244.988
244.19
243.207
242.46
242.344
243
244.412
246.234
247.972
249.547
195.755
194.223
192.486
190.827
190.08
190.512
192.642
195.635
197.169
198.195
147.43
144.407
141.179
137.549
135.815
135.519
138.483
143.265
142.872
142.02
100.356
94.7875
89.5271
84.8281
78.2163
71.0814
70.0319
78.1555
80.0234
80.7656
55.0536
45.3613
33.8683
21.814
13.6673
7.80328
5.94714
13.8029
22.6355
29.5291
22.9439
11.3522
2.87155
0.198592
-0.0285979
-0.0716732
-0.0653399
0.0523286
1.50359
8.90195
5.2716
0.179141
-0.286166
-0.19616
-0.197815
-0.237884
-0.294515
-0.284612
-0.0105994
2.91968
-0.461564
-0.52332
-0.422477
-0.356072
-0.318233
-0.329236
-0.349994
-0.357979
-0.271496
0.945809
-0.528752
-0.576807
-0.49181
-0.451892
-0.419844
-0.418745
-0.42601
-0.417297
-0.441043
0.44245
-0.554698
-0.592132
-0.552612
-0.518222
-0.494093
-0.487265
-0.4877
-0.466831
-0.454604
-0.240185
-0.591851
-0.621723
-0.584583
-0.562555
-0.548873
-0.545349
-0.547294
-0.530947
-0.533715
-0.534103
-0.620499
-0.63549
-0.613687
-0.599207
-0.593544
-0.597027
-0.60336
-0.604038
-0.640003
-0.775941
-0.648492
-0.652184
-0.643039
-0.636062
-0.636255
-0.645218
-0.654991
-0.66674
-0.719941
-0.949342
-0.684419
-0.683051
-0.679369
-0.678306
-0.682104
-0.693175
-0.70424
-0.717931
-0.770963
-0.902937
-0.727775
-0.7256
-0.724463
-0.726113
-0.729882
-0.740187
-0.749656
-0.754528
-0.765521
-0.796558
-0.774692
-0.773347
-0.773356
-0.774777
-0.77773
-0.784663
-0.790976
-0.788886
-0.785432
-0.786747
-0.822983
-0.822416
-0.822375
-0.823213
-0.82472
-0.828123
-0.83019
-0.823273
-0.821646
-0.817616
392.901
392.725
392.54
392.504
392.725
393.273
394.102
395.156
396.049
397.809
343.728
343.476
343.185
343.054
343.226
343.802
344.761
345.993
347.241
348.968
294.417
293.993
293.475
293.123
293.154
293.72
294.86
296.434
298.255
300.418
245.134
244.33
243.331
242.501
242.198
242.668
244.073
246.286
249.037
252.028
195.84
194.294
192.511
190.794
189.888
190.093
191.91
195.334
199.543
203.843
147.295
144.169
140.919
137.274
135.646
135.151
137.09
141.893
147.722
153.459
99.6013
94.0626
88.8749
84.1043
78.8509
73.2844
70.191
72.3551
80.7277
88.6138
53.3955
44.0494
33.3137
22.7623
16.8645
12.2987
8.35584
5.85958
13.9585
22.1827
21.7865
10.1434
2.86463
0.423371
-0.0590052
-0.114623
-0.154944
-0.142125
0.274847
1.50772
3.32211
-0.10103
-0.312021
-0.230129
-0.228961
-0.229356
-0.253999
-0.279757
-0.300345
-0.390962
-0.476465
-0.526326
-0.443566
-0.383813
-0.343995
-0.326042
-0.328108
-0.335563
-0.352784
-0.383679
-0.535276
-0.576749
-0.513369
-0.47532
-0.435909
-0.414039
-0.407966
-0.403432
-0.405158
-0.399758
-0.553578
-0.58521
-0.558468
-0.526493
-0.499939
-0.482228
-0.475476
-0.464897
-0.464315
-0.479912
-0.587651
-0.606324
-0.574397
-0.556786
-0.546498
-0.536368
-0.532629
-0.522463
-0.520089
-0.534208
-0.61705
-0.625252
-0.5991
-0.589919
-0.58717
-0.584391
-0.584851
-0.578871
-0.576795
-0.568838
-0.645786
-0.64657
-0.632935
-0.627909
-0.629106
-0.631874
-0.635953
-0.636601
-0.657984
-0.617895
-0.682207
-0.679122
-0.672693
-0.671501
-0.675576
-0.680814
-0.687375
-0.695184
-0.727292
-0.75924
-0.725973
-0.722233
-0.719872
-0.721645
-0.724719
-0.729481
-0.735572
-0.742672
-0.761412
-0.798352
-0.773611
-0.771421
-0.771076
-0.772115
-0.773486
-0.776767
-0.780722
-0.784086
-0.792434
-0.816022
-0.822701
-0.821921
-0.821653
-0.821892
-0.822089
-0.823378
-0.82467
-0.824523
-0.828211
-0.835882
393.212
393.022
392.788
392.671
392.778
393.197
393.909
394.824
395.76
396.995
344.042
343.768
343.428
343.212
343.259
343.674
344.462
345.512
346.676
348.115
294.74
294.299
293.735
293.298
293.187
293.532
294.402
295.698
297.331
299.175
245.418
244.615
243.604
242.715
242.249
242.41
243.362
245.055
247.359
249.779
196.027
194.518
192.766
191.11
189.998
189.781
190.759
192.979
196.081
199.08
147.09
144.051
140.905
137.802
135.704
134.868
135.557
138.066
141.637
144.742
98.7908
93.2068
88.3864
83.6253
79.7357
75.3232
72.1374
70.8344
71.0203
73.916
50.1334
42.1198
32.5466
22.9713
17.6141
14.8039
11.9378
7.74872
5.77834
13.1525
19.4623
8.47737
2.67292
0.560045
-0.071007
-0.119297
-0.131248
-0.162675
-0.0115513
1.06082
1.38952
-0.364518
-0.323438
-0.285619
-0.267666
-0.242833
-0.242044
-0.264489
-0.297751
-0.251038
-0.505875
-0.531517
-0.459785
-0.421358
-0.378769
-0.348751
-0.333007
-0.329176
-0.335759
-0.370857
-0.545366
-0.567053
-0.536016
-0.501248
-0.46214
-0.434222
-0.414601
-0.405686
-0.396116
-0.430042
-0.563025
-0.587792
-0.568733
-0.538369
-0.515691
-0.495778
-0.479194
-0.470236
-0.453039
-0.47805
-0.59459
-0.60645
-0.57946
-0.561057
-0.553155
-0.542579
-0.532102
-0.525179
-0.513821
-0.526089
-0.621208
-0.626762
-0.601084
-0.588203
-0.58666
-0.584498
-0.581236
-0.578168
-0.570827
-0.564982
-0.648484
-0.648594
-0.631387
-0.622745
-0.625118
-0.628765
-0.630851
-0.63228
-0.631784
-0.602358
-0.682538
-0.678916
-0.669164
-0.666557
-0.671289
-0.676621
-0.681111
-0.685817
-0.696436
-0.651968
-0.725284
-0.720892
-0.716913
-0.717975
-0.721578
-0.725544
-0.729751
-0.734386
-0.746274
-0.750325
-0.773472
-0.770982
-0.769997
-0.77065
-0.772013
-0.774133
-0.776668
-0.779364
-0.785558
-0.79228
-0.823559
-0.822897
-0.822429
-0.822041
-0.821972
-0.822417
-0.823044
-0.8235
-0.82576
-0.826546
393.662
393.447
393.159
392.95
392.915
393.146
393.654
394.365
395.107
395.919
344.518
344.216
343.818
343.505
343.393
343.604
344.146
344.946
345.858
346.836
295.247
294.789
294.179
293.653
293.378
293.482
294.022
294.955
296.168
297.433
245.908
245.128
244.102
243.166
242.527
242.415
242.907
244
245.573
247.195
196.391
194.989
193.29
191.681
190.559
189.955
190.252
191.441
193.277
195.037
146.813
144.203
141.229
138.37
136.199
135.127
135.228
136.327
138.126
139.49
96.931
92.525
88.3443
84.0072
80.621
77.9234
75.6592
74.3588
74.4531
74.4748
47.8018
39.8387
31.9111
24.222
18.5417
15.665
14.3077
11.6052
9.15879
8.82075
15.3202
6.25623
2.48674
0.799914
-0.01489
-0.106435
-0.125513
-0.131428
-0.127291
0.0684587
0.110318
-0.367015
-0.349854
-0.342081
-0.314319
-0.265012
-0.248618
-0.244927
-0.264784
-0.263496
-0.531415
-0.535209
-0.501156
-0.472109
-0.418578
-0.373664
-0.346371
-0.330663
-0.329711
-0.333073
-0.56404
-0.581055
-0.580608
-0.543154
-0.489478
-0.453402
-0.427628
-0.412014
-0.409446
-0.414522
-0.580892
-0.597711
-0.592562
-0.559727
-0.531877
-0.508273
-0.488963
-0.477591
-0.475917
-0.479153
-0.605978
-0.607213
-0.593745
-0.579228
-0.565555
-0.549953
-0.537777
-0.531762
-0.531556
-0.536356
-0.625984
-0.625476
-0.612701
-0.6032
-0.593252
-0.586138
-0.582005
-0.580644
-0.580882
-0.586916
-0.649359
-0.650453
-0.638345
-0.625869
-0.624339
-0.626046
-0.627702
-0.629255
-0.630682
-0.631964
-0.681653
-0.680143
-0.670294
-0.664687
-0.667786
-0.67229
-0.675937
-0.678738
-0.682192
-0.679946
-0.723395
-0.720638
-0.716498
-0.715862
-0.718107
-0.721468
-0.724768
-0.727604
-0.731485
-0.732464
-0.773736
-0.772835
-0.771156
-0.769614
-0.769819
-0.771388
-0.773305
-0.775286
-0.777868
-0.782933
-0.825786
-0.827017
-0.825772
-0.823129
-0.821653
-0.821382
-0.821614
-0.822209
-0.823158
-0.826812
394.245
394
393.655
393.355
393.185
393.23
393.518
394.006
394.552
395.104
345.163
344.827
344.371
343.962
343.706
343.708
344.009
344.543
345.171
345.806
295.958
295.477
294.822
294.215
293.798
293.685
293.946
294.532
295.32
296.13
246.661
245.897
244.88
243.907
243.174
242.801
243.002
243.63
244.598
245.626
197.054
195.769
194.182
192.65
191.481
190.954
190.755
191.329
192.458
193.625
146.968
144.815
142.166
139.593
137.607
136.386
136.268
136.909
138.166
139.217
95.5476
92.2414
88.8785
85.326
82.5255
80.7425
80.4954
80.1738
80.7764
81.3721
44.2396
37.072
31.2712
26.1189
21.8798
18.8128
17.4674
16.9159
16.8728
17.3246
10.365
4.25615
2.31252
1.19279
0.458139
0.0164733
-0.0672217
-0.0668926
-0.0483584
-0.0349872
-0.278203
-0.351053
-0.368216
-0.388183
-0.354204
-0.314261
-0.275823
-0.247891
-0.24078
-0.247159
-0.540294
-0.569681
-0.565959
-0.551108
-0.465751
-0.407565
-0.369567
-0.344508
-0.333993
-0.331673
-0.587075
-0.629562
-0.648733
-0.610919
-0.533001
-0.478225
-0.444623
-0.425383
-0.416836
-0.4169
-0.602544
-0.647448
-0.636252
-0.588129
-0.551045
-0.522323
-0.502846
-0.491629
-0.487746
-0.488029
-0.610088
-0.61862
-0.597477
-0.579741
-0.570253
-0.556981
-0.547602
-0.544796
-0.545475
-0.544711
-0.612794
-0.602064
-0.595476
-0.599882
-0.595284
-0.588803
-0.58678
-0.58881
-0.591195
-0.589657
-0.633291
-0.627274
-0.623687
-0.626905
-0.624742
-0.625382
-0.628047
-0.63164
-0.632538
-0.629382
-0.669556
-0.667465
-0.664024
-0.664036
-0.667482
-0.670195
-0.674064
-0.677105
-0.677341
-0.674217
-0.71682
-0.717227
-0.716468
-0.717175
-0.718567
-0.720112
-0.72273
-0.72472
-0.725572
-0.724529
-0.774174
-0.776256
-0.774876
-0.772724
-0.770844
-0.770581
-0.771887
-0.773005
-0.773926
-0.775948
-0.833268
-0.836167
-0.831969
-0.82779
-0.823278
-0.821625
-0.821159
-0.821136
-0.821111
-0.822311
394.923
394.645
394.246
393.866
393.582
393.478
393.581
393.872
394.254
394.656
345.934
345.56
345.052
344.563
344.187
344.03
344.123
344.439
344.858
345.291
296.842
296.327
295.631
294.96
294.434
294.167
294.195
294.533
295.017
295.528
247.638
246.869
245.88
244.908
244.12
243.661
243.561
243.931
244.494
245.106
198.014
196.819
195.355
193.971
192.86
192.188
192.052
192.221
192.904
193.603
147.898
145.984
143.688
141.493
139.807
138.812
138.559
138.499
139.657
140.329
95.096
92.4372
89.8251
87.364
85.5653
84.4886
84.4412
85.1887
86.4351
87.3487
40.8884
34.7399
30.6159
28.1118
26.4645
24.885
23.6265
23.279
24.1986
25.4817
7.20536
3.45121
2.15286
1.59502
1.29572
0.9932
0.715306
0.560813
0.549582
0.680776
-0.109437
-0.311443
-0.39079
-0.450743
-0.396411
-0.340839
-0.294487
-0.248512
-0.214811
-0.204164
-0.583522
-0.645662
-0.633209
-0.630735
-0.539426
-0.448276
-0.395482
-0.364869
-0.349467
-0.335397
-0.639289
-0.716553
-0.726334
-0.691369
-0.605358
-0.520319
-0.474334
-0.453262
-0.442921
-0.438704
-0.628439
-0.710901
-0.676066
-0.617856
-0.57404
-0.541743
-0.525505
-0.519747
-0.516142
-0.514258
-0.608038
-0.631523
-0.569265
-0.544752
-0.554082
-0.55967
-0.563305
-0.567996
-0.569656
-0.568585
-0.588985
-0.568394
-0.543183
-0.558616
-0.577857
-0.588268
-0.5963
-0.604644
-0.60885
-0.606478
-0.607412
-0.589208
-0.587949
-0.604062
-0.616574
-0.624438
-0.63174
-0.638787
-0.640495
-0.637585
-0.655148
-0.650491
-0.6484
-0.654416
-0.663306
-0.667838
-0.673744
-0.678583
-0.677783
-0.675286
-0.710762
-0.712417
-0.711069
-0.712256
-0.714077
-0.715603
-0.721007
-0.723651
-0.722823
-0.722498
-0.773643
-0.778135
-0.774535
-0.770398
-0.766095
-0.767426
-0.770507
-0.771667
-0.771487
-0.772034
-0.834582
-0.841064
-0.833189
-0.827607
-0.822079
-0.821443
-0.820672
-0.82037
-0.819744
-0.820194
395.603
395.295
394.85
394.405
394.035
393.824
393.798
393.948
394.207
394.509
346.725
346.312
345.762
345.211
344.749
344.479
344.435
344.597
344.875
345.193
297.802
297.247
296.508
295.784
295.189
294.824
294.728
294.887
295.198
295.547
248.74
247.953
246.978
246.028
245.235
244.727
244.571
244.741
245.09
245.478
199.285
198.16
196.764
195.497
194.525
193.892
193.709
193.892
194.345
194.809
149.801
148.06
145.846
143.885
142.532
141.786
141.72
142.102
142.879
143.51
97.0368
94.639
91.8546
90.0415
89.2595
88.911
89.1897
89.9306
90.8854
91.5164
40.5611
35.4211
31.6104
30.7663
31.6625
32.5372
33.2573
34.0958
35.2072
36.0686
5.99508
3.82706
2.53684
2.12951
2.36371
2.65847
2.83471
2.96542
3.22948
3.58197
0.136009
-0.21525
-0.335469
-0.431832
-0.384683
-0.31682
-0.281232
-0.280192
-0.289949
-0.258158
-0.624155
-0.718604
-0.669757
-0.66638
-0.591502
-0.488074
-0.415501
-0.398863
-0.409893
-0.417222
-0.673896
-0.752707
-0.752866
-0.75373
-0.687743
-0.580863
-0.512431
-0.488207
-0.47882
-0.478191
-0.603496
-0.674425
-0.660046
-0.655932
-0.616405
-0.578861
-0.554807
-0.547812
-0.539949
-0.537575
-0.569098
-0.589687
-0.517958
-0.516537
-0.545584
-0.571759
-0.586417
-0.592128
-0.587884
-0.586498
-0.573204
-0.537311
-0.480446
-0.506013
-0.554988
-0.590517
-0.611537
-0.621263
-0.622482
-0.620054
-0.585774
-0.559791
-0.547656
-0.574782
-0.603991
-0.624495
-0.639324
-0.646406
-0.648095
-0.644517
-0.633384
-0.628895
-0.628448
-0.642164
-0.657937
-0.668937
-0.677742
-0.682026
-0.680703
-0.677398
-0.696841
-0.703758
-0.698522
-0.703955
-0.71243
-0.718031
-0.722625
-0.725094
-0.72306
-0.721882
-0.764312
-0.771175
-0.763895
-0.76547
-0.767426
-0.769757
-0.771021
-0.771489
-0.770239
-0.77009
-0.828146
-0.832784
-0.823948
-0.824468
-0.823971
-0.822398
-0.82073
-0.820039
-0.818994
-0.818796
396.202
395.874
395.397
394.906
394.477
394.194
394.088
394.151
394.33
394.569
347.43
346.994
346.413
345.818
345.299
344.958
344.828
344.896
345.09
345.337
298.689
298.113
297.346
296.577
295.934
295.511
295.34
295.4
295.614
295.886
249.771
248.997
248.043
247.105
246.335
245.82
245.623
245.712
245.972
246.258
200.57
199.518
198.239
197.042
196.186
195.641
195.47
195.632
195.975
196.324
152.4
150.729
148.248
146.33
145.271
144.796
144.869
145.353
146.022
146.547
101.265
98.7058
94.7911
92.8093
92.7343
93.0994
93.8981
95.0599
96.1778
96.8604
45.9386
40.5149
35.0298
34.7297
37.2402
40.1459
42.6739
44.9581
46.7113
47.6666
6.15675
4.27586
3.48258
3.25579
4.09204
6.14463
8.50957
10.391
12.0091
13.0669
0.309757
-0.215532
-0.235288
-0.363027
-0.393891
-0.357158
-0.337435
-0.161299
0.106537
0.263384
-0.548556
-0.669322
-0.70635
-0.687185
-0.621629
-0.550576
-0.512901
-0.500391
-0.515953
-0.524874
-0.592252
-0.653482
-0.734708
-0.757186
-0.717908
-0.629634
-0.573168
-0.567193
-0.564724
-0.565673
-0.476617
-0.538463
-0.630714
-0.687191
-0.671286
-0.636627
-0.605865
-0.586281
-0.572114
-0.567601
-0.483034
-0.511759
-0.517403
-0.557672
-0.585106
-0.602069
-0.613763
-0.615842
-0.606967
-0.600631
-0.544178
-0.530528
-0.483517
-0.506499
-0.555943
-0.597296
-0.621165
-0.633328
-0.632399
-0.627343
-0.586975
-0.568419
-0.54107
-0.565216
-0.602454
-0.628808
-0.643177
-0.649655
-0.651265
-0.647013
-0.63009
-0.630437
-0.626119
-0.643196
-0.659899
-0.672173
-0.68108
-0.683945
-0.682986
-0.679832
-0.692298
-0.698068
-0.698726
-0.708571
-0.715129
-0.720569
-0.725015
-0.727172
-0.72545
-0.723767
-0.755172
-0.761707
-0.76468
-0.771144
-0.770214
-0.771326
-0.771942
-0.772125
-0.770852
-0.770315
-0.815254
-0.819983
-0.82444
-0.829453
-0.824969
-0.822402
-0.820793
-0.820184
-0.81899
-0.818435
396.583
396.252
395.757
395.234
394.769
394.448
394.303
394.329
394.474
394.684
347.915
347.479
346.875
346.24
345.68
345.298
345.127
345.15
345.306
345.524
299.297
298.736
297.948
297.136
296.454
296
295.799
295.821
295.991
296.221
250.538
249.822
248.872
247.909
247.127
246.617
246.425
246.496
246.717
246.971
201.662
200.622
199.379
198.22
197.454
197.016
196.935
197.13
197.451
197.734
154.48
152.526
149.973
148.158
147.344
147.302
147.764
148.42
149.12
149.5
104.407
101.226
97.0534
95.2474
95.8247
97.3228
99.0435
100.563
101.757
102.597
52.1928
45.6113
39.9251
40.5748
44.1453
48.1096
50.983
54.5395
56.6841
57.7662
7.89989
5.78178
5.58417
6.85928
10.1166
15.284
20.5008
23.9267
25.8936
26.9549
1.13525
0.361251
0.130668
-0.125567
-0.298349
0.0386022
1.38625
3.36568
5.18599
6.18785
0.204967
-0.406927
-0.575422
-0.601774
-0.58555
-0.560542
-0.529008
-0.486715
-0.467816
-0.462529
-0.255279
-0.516852
-0.64778
-0.660669
-0.647854
-0.622276
-0.57822
-0.54682
-0.529268
-0.523184
-0.36321
-0.474975
-0.598225
-0.637843
-0.631425
-0.611143
-0.58763
-0.566234
-0.550504
-0.54153
-0.436551
-0.488757
-0.545734
-0.58592
-0.599122
-0.597163
-0.59318
-0.588683
-0.584332
-0.5771
-0.521495
-0.537457
-0.537288
-0.56086
-0.590918
-0.606655
-0.612178
-0.613671
-0.613471
-0.609701
-0.579975
-0.583789
-0.57699
-0.593121
-0.616722
-0.633083
-0.640451
-0.643824
-0.643664
-0.64145
-0.631634
-0.636616
-0.642128
-0.65254
-0.665836
-0.675849
-0.682616
-0.684351
-0.683349
-0.681454
-0.691006
-0.695889
-0.706199
-0.711688
-0.717285
-0.72268
-0.726799
-0.728634
-0.727604
-0.726191
-0.752312
-0.757293
-0.768117
-0.771817
-0.77015
-0.77182
-0.773023
-0.77347
-0.772835
-0.772023
-0.814958
-0.820383
-0.823459
-0.827028
-0.822686
-0.821628
-0.821202
-0.820867
-0.820022
-0.819306
-0.85602
-0.854865
-0.864151
-0.871528
-0.866439
-0.862242
-0.860282
-0.858828
-0.857636
-0.856912
-0.905958
-0.907912
-0.912413
-0.91753
-0.916171
-0.912307
-0.909867
-0.908236
-0.90689
-0.905945
-0.956978
-0.957897
-0.95983
-0.963905
-0.963345
-0.960513
-0.958684
-0.957355
-0.95611
-0.955102
-1.00759
-1.00821
-1.00951
-1.01042
-1.00947
-1.00842
-1.00757
-1.00661
-1.00549
-1.00448
-1.05778
-1.05789
-1.05789
-1.05768
-1.05766
-1.05753
-1.05706
-1.05628
-1.05523
-1.05418
-1.1084
-1.10797
-1.10769
-1.10766
-1.10777
-1.10766
-1.10721
-1.10646
-1.10539
-1.1043
-1.15958
-1.15924
-1.15897
-1.15883
-1.15873
-1.15845
-1.15791
-1.1571
-1.15597
-1.15487
-1.21108
-1.21084
-1.21059
-1.21035
-1.21008
-1.20966
-1.20901
-1.20813
-1.20701
-1.20589
-1.26275
-1.26257
-1.26232
-1.26203
-1.26166
-1.26113
-1.26041
-1.25951
-1.25842
-1.25732
-1.31453
-1.31439
-1.31414
-1.31381
-1.31338
-1.31281
-1.31207
-1.31117
-1.31013
-1.30907
-1.3664
-1.36627
-1.36602
-1.36567
-1.36522
-1.36463
-1.36392
-1.36306
-1.36205
-1.36108
-1.41836
-1.41824
-1.41799
-1.41764
-1.41717
-1.41661
-1.41596
-1.41523
-1.41448
-1.4136
-1.47044
-1.47032
-1.47008
-1.46973
-1.46932
-1.46879
-1.46818
-1.46751
-1.46681
-1.46604
-1.52266
-1.52255
-1.52232
-1.522
-1.52159
-1.5211
-1.52055
-1.51996
-1.51932
-1.51862
-1.57501
-1.57491
-1.5747
-1.57441
-1.57404
-1.5736
-1.57311
-1.57258
-1.572
-1.57136
-1.6275
-1.62742
-1.62724
-1.62698
-1.62666
-1.62627
-1.62584
-1.62537
-1.62484
-1.62423
-1.68011
-1.68005
-1.67991
-1.6797
-1.67942
-1.67909
-1.6787
-1.67825
-1.67774
-1.67717
-1.73277
-1.73274
-1.73264
-1.7325
-1.73229
-1.732
-1.73162
-1.73114
-1.73059
-1.73002
-1.78541
-1.78541
-1.78538
-1.78531
-1.78518
-1.78493
-1.78455
-1.78399
-1.78334
-1.78263
-1.83792
-1.83796
-1.838
-1.83802
-1.83798
-1.8378
-1.83743
-1.83681
-1.83602
-1.83511
-0.860268
-0.860476
-0.867866
-0.878163
-0.87174
-0.86479
-0.860758
-0.8588
-0.857345
-0.856539
-0.906982
-0.909272
-0.912583
-0.924601
-0.920825
-0.914196
-0.910219
-0.908207
-0.906689
-0.905698
-0.955019
-0.958851
-0.959958
-0.966493
-0.964602
-0.960888
-0.958643
-0.957207
-0.955878
-0.954847
-1.00578
-1.00848
-1.00861
-1.00912
-1.00872
-1.00807
-1.00731
-1.00639
-1.00522
-1.00418
-1.05703
-1.05694
-1.05611
-1.05611
-1.05682
-1.0571
-1.05679
-1.05605
-1.05491
-1.05385
-1.10803
-1.10726
-1.1068
-1.1069
-1.10729
-1.10738
-1.10701
-1.10624
-1.10507
-1.1039
-1.1594
-1.15892
-1.15858
-1.15849
-1.15849
-1.1583
-1.15777
-1.15691
-1.15566
-1.15444
-1.21105
-1.21074
-1.21044
-1.21022
-1.21
-1.2096
-1.20893
-1.20802
-1.20667
-1.20548
-1.26279
-1.26257
-1.26231
-1.26202
-1.26166
-1.26113
-1.26036
-1.25938
-1.25818
-1.25698
-1.31459
-1.31443
-1.31417
-1.31384
-1.31341
-1.31282
-1.31203
-1.31107
-1.30995
-1.30882
-1.36645
-1.36631
-1.36605
-1.3657
-1.36524
-1.36463
-1.36388
-1.36299
-1.36197
-1.36093
-1.41839
-1.41826
-1.418
-1.41763
-1.41716
-1.41658
-1.4159
-1.41512
-1.41428
-1.41339
-1.47044
-1.47031
-1.47005
-1.46966
-1.46923
-1.46869
-1.46807
-1.46739
-1.46667
-1.46589
-1.52264
-1.52252
-1.52227
-1.52195
-1.52149
-1.52098
-1.52043
-1.51984
-1.51921
-1.5185
-1.57499
-1.57488
-1.57465
-1.57433
-1.57393
-1.57347
-1.57299
-1.57249
-1.57193
-1.57127
-1.6275
-1.6274
-1.6272
-1.62692
-1.62657
-1.62618
-1.62577
-1.62534
-1.62484
-1.62424
-1.68013
-1.68007
-1.67991
-1.67968
-1.6794
-1.67906
-1.67871
-1.67831
-1.67784
-1.67729
-1.73285
-1.73282
-1.73272
-1.73257
-1.73235
-1.73207
-1.73173
-1.73126
-1.73072
-1.73015
-1.78556
-1.78557
-1.78555
-1.78549
-1.78538
-1.78515
-1.78478
-1.78416
-1.78343
-1.78272
-1.83814
-1.8382
-1.83827
-1.83834
-1.83836
-1.83822
-1.83784
-1.83712
-1.83618
-1.83511
-0.867921
-0.873429
-0.867402
-0.873179
-0.87244
-0.866602
-0.86182
-0.859141
-0.857245
-0.856527
-0.910198
-0.915765
-0.915232
-0.922058
-0.922571
-0.916409
-0.911214
-0.9085
-0.906593
-0.905693
-0.95358
-0.956945
-0.958124
-0.965192
-0.966266
-0.962237
-0.959081
-0.957307
-0.955704
-0.954735
-1.005
-1.00602
-1.00464
-1.00705
-1.00833
-1.0079
-1.00725
-1.00635
-1.00496
-1.00389
-1.05704
-1.05539
-1.05355
-1.05332
-1.05505
-1.05649
-1.05663
-1.05593
-1.05453
-1.05336
-1.10787
-1.10641
-1.10494
-1.10509
-1.10641
-1.10712
-1.10692
-1.10607
-1.1046
-1.10317
-1.15948
-1.15871
-1.15799
-1.15801
-1.15832
-1.1583
-1.15774
-1.15671
-1.15513
-1.15356
-1.21125
-1.21085
-1.21045
-1.21025
-1.2101
-1.20972
-1.20893
-1.20777
-1.2062
-1.20452
-1.26302
-1.26278
-1.26248
-1.26219
-1.26184
-1.26128
-1.2604
-1.2592
-1.25769
-1.25598
-1.3148
-1.31462
-1.31436
-1.31402
-1.31358
-1.31296
-1.31207
-1.31092
-1.30952
-1.30785
-1.3666
-1.36645
-1.36619
-1.36583
-1.36535
-1.36471
-1.36389
-1.36286
-1.36163
-1.36015
-1.41848
-1.41833
-1.41806
-1.41768
-1.41718
-1.41657
-1.41584
-1.41498
-1.41405
-1.41302
-1.47046
-1.47032
-1.47004
-1.46964
-1.46915
-1.46856
-1.46791
-1.4672
-1.46647
-1.46566
-1.52262
-1.52247
-1.52219
-1.5218
-1.52131
-1.52076
-1.5202
-1.51964
-1.51898
-1.51824
-1.57495
-1.57482
-1.57455
-1.57418
-1.57372
-1.57322
-1.57274
-1.57229
-1.57172
-1.57103
-1.62748
-1.62737
-1.62713
-1.62679
-1.62639
-1.62597
-1.62559
-1.62525
-1.62476
-1.62421
-1.68018
-1.6801
-1.67991
-1.67964
-1.67932
-1.67896
-1.67868
-1.67841
-1.67801
-1.67779
-1.733
-1.73296
-1.73285
-1.73268
-1.73245
-1.73217
-1.73189
-1.7315
-1.73101
-1.73091
-1.78585
-1.78587
-1.78587
-1.78584
-1.78575
-1.78555
-1.78518
-1.78447
-1.7835
-1.78287
-1.83857
-1.83868
-1.83882
-1.83899
-1.83911
-1.83907
-1.83869
-1.83776
-1.83631
-1.83478
-0.880862
-0.88587
-0.877118
-0.873228
-0.871149
-0.866007
-0.862055
-0.85966
-0.857241
-0.85704
-0.920818
-0.9272
-0.924685
-0.925022
-0.924039
-0.917036
-0.911753
-0.909087
-0.906613
-0.906052
-0.961979
-0.96614
-0.966024
-0.967894
-0.967715
-0.962753
-0.959774
-0.957888
-0.955652
-0.954846
-1.00968
-1.00931
-1.00763
-1.008
-1.00914
-1.00886
-1.00803
-1.00685
-1.00496
-1.00355
-1.05858
-1.0563
-1.05423
-1.05429
-1.05643
-1.05754
-1.05728
-1.05625
-1.05438
-1.0526
-1.10883
-1.10751
-1.10609
-1.10647
-1.10753
-1.10791
-1.1074
-1.10618
-1.10417
-1.1021
-1.16028
-1.15958
-1.15893
-1.15892
-1.1591
-1.15892
-1.15809
-1.15666
-1.15462
-1.15244
-1.21188
-1.2115
-1.21112
-1.21092
-1.21073
-1.21025
-1.20924
-1.20771
-1.20575
-1.20372
-1.26353
-1.26329
-1.26301
-1.26274
-1.26237
-1.26175
-1.2607
-1.25922
-1.25746
-1.25575
-1.31518
-1.31501
-1.31476
-1.31444
-1.31399
-1.31334
-1.31235
-1.31099
-1.30951
-1.30805
-1.36686
-1.36671
-1.36645
-1.36609
-1.3656
-1.36495
-1.36407
-1.36291
-1.3617
-1.36023
-1.41862
-1.41846
-1.41817
-1.41777
-1.41725
-1.41661
-1.41587
-1.415
-1.41422
-1.41332
-1.4705
-1.47034
-1.47002
-1.46958
-1.46903
-1.4684
-1.46774
-1.46711
-1.46656
-1.46586
-1.52258
-1.52241
-1.52206
-1.5216
-1.52103
-1.52042
-1.51984
-1.51939
-1.51892
-1.51818
-1.57489
-1.57472
-1.57438
-1.57392
-1.57336
-1.57279
-1.57229
-1.57204
-1.57159
-1.57073
-1.62745
-1.62729
-1.62698
-1.62655
-1.62605
-1.62555
-1.62522
-1.62521
-1.62486
-1.62412
-1.68024
-1.68012
-1.67986
-1.67952
-1.67913
-1.67868
-1.67857
-1.67873
-1.67868
-1.67861
-1.73321
-1.73316
-1.73301
-1.73279
-1.7325
-1.73218
-1.73204
-1.73193
-1.73159
-1.73233
-1.78627
-1.78631
-1.78633
-1.78632
-1.78623
-1.78602
-1.78563
-1.78464
-1.78323
-1.78436
-1.83923
-1.83939
-1.83965
-1.83998
-1.84027
-1.84036
-1.83992
-1.83841
-1.83635
-1.83561
-0.879986
-0.882488
-0.876459
-0.871664
-0.870218
-0.865593
-0.862826
-0.86064
-0.858008
-0.857432
-0.923785
-0.927789
-0.9256
-0.924004
-0.921308
-0.915963
-0.912463
-0.910131
-0.907387
-0.906429
-0.967152
-0.968789
-0.968328
-0.968159
-0.966218
-0.96309
-0.960907
-0.959069
-0.95647
-0.95495
-1.01268
-1.01136
-1.01034
-1.01024
-1.01069
-1.01039
-1.00941
-1.00799
-1.00559
-1.00357
-1.0605
-1.05894
-1.05751
-1.05783
-1.05896
-1.05924
-1.05848
-1.05709
-1.0547
-1.0519
-1.11062
-1.10968
-1.1088
-1.10897
-1.1094
-1.1093
-1.1083
-1.10661
-1.10398
-1.10027
-1.1616
-1.16108
-1.16061
-1.16052
-1.16048
-1.16003
-1.15879
-1.15682
-1.15412
-1.1496
-1.21288
-1.21259
-1.21229
-1.2121
-1.21183
-1.21119
-1.20984
-1.20778
-1.20514
-1.20026
-1.26429
-1.2641
-1.26387
-1.26364
-1.26327
-1.2626
-1.26131
-1.25934
-1.25707
-1.25228
-1.31573
-1.31559
-1.31537
-1.31509
-1.31469
-1.31405
-1.31296
-1.31124
-1.3097
-1.30531
-1.36722
-1.36708
-1.36682
-1.36648
-1.36602
-1.36541
-1.36455
-1.36323
-1.36251
-1.35943
-1.4188
-1.41864
-1.41832
-1.4179
-1.41736
-1.4167
-1.41607
-1.41534
-1.41563
-1.41443
-1.47054
-1.47035
-1.46997
-1.46946
-1.46882
-1.4681
-1.46752
-1.46716
-1.46755
-1.46702
-1.52252
-1.5223
-1.52186
-1.52127
-1.52056
-1.5198
-1.51924
-1.51924
-1.51968
-1.51901
-1.57479
-1.57456
-1.57411
-1.57348
-1.57272
-1.57198
-1.57147
-1.57179
-1.572
-1.57116
-1.62737
-1.62715
-1.62671
-1.6261
-1.62539
-1.62473
-1.62449
-1.62531
-1.62537
-1.62485
-1.68027
-1.68009
-1.67971
-1.6792
-1.67862
-1.67809
-1.67842
-1.67989
-1.68057
-1.68316
-1.73345
-1.73336
-1.73312
-1.73278
-1.73238
-1.732
-1.73267
-1.73369
-1.73426
-1.74315
-1.78679
-1.78685
-1.78688
-1.78687
-1.78674
-1.7866
-1.78685
-1.78573
-1.78426
-1.79147
-1.84009
-1.84035
-1.84079
-1.84137
-1.84196
-1.84245
-1.84252
-1.84046
-1.83714
-1.83805
-0.872935
-0.874784
-0.873321
-0.870255
-0.867931
-0.865947
-0.864148
-0.862212
-0.860582
-0.862054
-0.9205
-0.922094
-0.921667
-0.920112
-0.917866
-0.915701
-0.913586
-0.911666
-0.909291
-0.9087
-0.966774
-0.966756
-0.96662
-0.966118
-0.965047
-0.963913
-0.962485
-0.960849
-0.958082
-0.956039
-1.01375
-1.01281
-1.01226
-1.01227
-1.01248
-1.01226
-1.01126
-1.00981
-1.0071
-1.00447
-1.06241
-1.06158
-1.06086
-1.06101
-1.06135
-1.06118
-1.06006
-1.05855
-1.05571
-1.05188
-1.1124
-1.11185
-1.1114
-1.1114
-1.11144
-1.11104
-1.10961
-1.10752
-1.10461
-1.09966
-1.16306
-1.16274
-1.16247
-1.16238
-1.16219
-1.16162
-1.15998
-1.15754
-1.15506
-1.15033
-1.21406
-1.21387
-1.2137
-1.2136
-1.21334
-1.21275
-1.21117
-1.20875
-1.2071
-1.20353
-1.26519
-1.26508
-1.26495
-1.26485
-1.26463
-1.26422
-1.26294
-1.26061
-1.26032
-1.25852
-1.31639
-1.31629
-1.31614
-1.31599
-1.31579
-1.31554
-1.31471
-1.31262
-1.31421
-1.31438
-1.36764
-1.36751
-1.36727
-1.36699
-1.36667
-1.3664
-1.36594
-1.36445
-1.36724
-1.36876
-1.41901
-1.41882
-1.41847
-1.41801
-1.41748
-1.4169
-1.41656
-1.41591
-1.418
-1.41683
-1.47057
-1.47033
-1.46986
-1.46923
-1.46847
-1.46758
-1.46713
-1.46715
-1.46906
-1.46759
-1.52242
-1.52212
-1.52156
-1.52078
-1.51982
-1.51876
-1.51812
-1.51868
-1.51985
-1.51767
-1.57462
-1.5743
-1.57366
-1.57278
-1.5717
-1.57061
-1.56992
-1.57104
-1.57087
-1.567
-1.62722
-1.62689
-1.62625
-1.62534
-1.62426
-1.62329
-1.62299
-1.62509
-1.6249
-1.6207
-1.68024
-1.67996
-1.67938
-1.67854
-1.67761
-1.67685
-1.67763
-1.6816
-1.68445
-1.68295
-1.73366
-1.7335
-1.73309
-1.73246
-1.73175
-1.731
-1.7327
-1.73687
-1.74026
-1.74382
-1.78737
-1.78743
-1.7874
-1.78721
-1.78675
-1.78626
-1.78687
-1.78599
-1.77943
-1.7895
-1.8411
-1.8415
-1.84215
-1.84296
-1.84366
-1.84442
-1.8441
-1.84056
-1.81995
-1.83005
-0.870969
-0.870912
-0.870273
-0.868987
-0.867486
-0.867451
-0.867831
-0.864098
-0.865223
-0.871079
-0.918933
-0.918887
-0.918709
-0.917982
-0.916952
-0.916826
-0.916228
-0.913844
-0.913085
-0.917811
-0.966618
-0.966226
-0.966044
-0.965831
-0.965599
-0.965503
-0.964881
-0.963866
-0.962079
-0.964532
-1.01491
-1.01434
-1.01402
-1.01409
-1.01432
-1.01454
-1.01357
-1.01355
-1.01212
-1.01311
-1.06405
-1.06359
-1.06327
-1.06328
-1.06336
-1.06333
-1.06203
-1.06238
-1.06094
-1.05941
-1.11399
-1.11369
-1.11348
-1.11346
-1.11334
-1.11312
-1.11161
-1.11083
-1.10982
-1.10633
-1.16447
-1.16431
-1.1642
-1.16421
-1.16399
-1.16375
-1.16206
-1.16066
-1.16126
-1.15823
-1.21525
-1.21518
-1.21517
-1.21528
-1.21515
-1.21503
-1.21361
-1.21229
-1.21464
-1.2133
-1.26615
-1.26613
-1.26616
-1.26635
-1.26636
-1.2667
-1.26586
-1.26456
-1.26905
-1.27325
-1.31709
-1.31704
-1.31701
-1.31711
-1.31713
-1.31776
-1.31763
-1.31669
-1.32341
-1.33736
-1.36808
-1.36795
-1.36776
-1.36758
-1.36732
-1.36773
-1.36824
-1.36777
-1.37781
-1.39229
-1.4192
-1.41898
-1.41859
-1.41807
-1.41746
-1.41678
-1.41737
-1.41748
-1.42699
-1.43422
-1.47055
-1.47024
-1.46966
-1.46884
-1.46789
-1.46638
-1.46645
-1.46753
-1.47751
-1.48664
-1.52228
-1.52186
-1.52111
-1.52003
-1.51872
-1.51684
-1.51606
-1.51844
-1.52834
-1.53473
-1.5744
-1.57395
-1.57305
-1.57176
-1.57011
-1.56806
-1.5667
-1.57059
-1.57788
-1.57826
-1.627
-1.62653
-1.62559
-1.62418
-1.62229
-1.62009
-1.6185
-1.62455
-1.63142
-1.62898
-1.68015
-1.67971
-1.67881
-1.6774
-1.6754
-1.67326
-1.67131
-1.6809
-1.68939
-1.68883
-1.73383
-1.73355
-1.73285
-1.73162
-1.72958
-1.72817
-1.72664
-1.73328
-1.73822
-1.74186
-1.78796
-1.788
-1.78785
-1.78724
-1.7852
-1.78512
-1.78773
-1.77645
-1.76537
-1.77234
-1.84221
-1.84282
-1.84378
-1.84493
-1.84507
-1.84734
-1.85508
-1.82559
-1.76621
-1.79362
-0.8707
-0.870412
-0.869727
-0.870005
-0.868285
-0.859269
-0.870803
-0.868415
-0.87035
-0.899761
-0.918978
-0.918696
-0.918409
-0.918625
-0.917601
-0.924103
-0.908823
-0.916698
-0.919256
-0.954423
-0.967269
-0.966946
-0.966756
-0.966942
-0.967107
-0.97101
-0.959711
-0.965867
-0.968098
-1.00103
-1.01603
-1.01571
-1.01557
-1.01576
-1.0163
-1.0179
-1.01956
-1.02295
-1.01976
-1.05095
-1.06539
-1.06514
-1.06501
-1.06501
-1.06509
-1.06483
-1.06674
-1.07164
-1.06831
-1.09641
-1.11535
-1.11521
-1.11516
-1.11519
-1.11502
-1.11414
-1.11357
-1.11745
-1.11635
-1.14616
-1.16574
-1.16571
-1.16576
-1.16598
-1.16576
-1.16511
-1.16341
-1.16679
-1.168
-1.20538
-1.21637
-1.21643
-1.21661
-1.21718
-1.21741
-1.2178
-1.21588
-1.2189
-1.22258
-1.26169
-1.26707
-1.26716
-1.26739
-1.26819
-1.26898
-1.27174
-1.27052
-1.27227
-1.27877
-1.31801
-1.31775
-1.31776
-1.31782
-1.31837
-1.31967
-1.32389
-1.32483
-1.325
-1.33404
-1.37042
-1.36847
-1.36831
-1.36805
-1.36802
-1.36903
-1.3734
-1.37607
-1.37691
-1.38747
-1.41832
-1.41935
-1.41902
-1.41841
-1.41765
-1.41736
-1.41896
-1.42321
-1.42541
-1.43657
-1.46192
-1.47054
-1.47008
-1.46919
-1.46786
-1.46676
-1.46562
-1.46869
-1.47332
-1.48567
-1.51605
-1.52211
-1.52157
-1.52051
-1.51888
-1.51716
-1.51431
-1.51534
-1.52125
-1.53327
-1.54961
-1.57417
-1.57356
-1.57237
-1.57055
-1.56824
-1.56476
-1.56437
-1.57019
-1.58035
-1.57928
-1.62678
-1.62613
-1.62485
-1.62288
-1.62015
-1.61694
-1.61621
-1.62204
-1.62964
-1.61861
-1.68003
-1.67942
-1.67819
-1.67625
-1.67345
-1.67117
-1.67191
-1.68072
-1.67786
-1.6824
-1.73396
-1.73355
-1.73264
-1.73106
-1.7286
-1.7291
-1.73415
-1.7501
-1.73712
-1.73234
-1.7885
-1.78857
-1.78851
-1.7882
-1.78788
-1.7918
-1.80027
-1.81861
-1.79126
-1.77398
-1.84326
-1.84418
-1.84581
-1.84858
-1.85297
-1.86171
-1.87954
-1.87506
-1.82536
-1.82568
-0.870979
-0.870757
-0.870189
-0.870838
-0.869156
-0.869938
-0.855439
-0.857437
-0.859571
-0.914543
-0.919323
-0.919113
-0.91883
-0.919092
-0.918145
-0.908109
-0.903888
-0.90925
-0.919622
-0.975178
-0.967907
-0.967698
-0.967547
-0.967532
-0.967509
-0.953821
-0.957448
-0.970888
-0.983435
-1.02174
-1.01692
-1.01674
-1.01671
-1.01698
-1.01768
-1.00319
-1.02359
-1.04209
-1.05192
-1.08908
-1.06642
-1.0663
-1.06628
-1.0664
-1.06632
-1.05541
-1.07809
-1.09958
-1.10154
-1.14517
-1.11644
-1.11641
-1.11652
-1.11685
-1.11674
-1.10841
-1.12459
-1.13804
-1.14742
-1.21115
-1.16682
-1.16693
-1.16721
-1.16804
-1.1681
-1.16217
-1.16987
-1.18399
-1.20018
-1.27703
-1.21741
-1.21766
-1.21818
-1.21968
-1.22052
-1.22079
-1.2154
-1.23327
-1.24916
-1.31876
-1.26801
-1.26834
-1.26897
-1.27124
-1.27323
-1.28193
-1.26964
-1.28044
-1.29139
-1.33667
-1.3185
-1.31875
-1.31907
-1.32142
-1.32281
-1.33755
-1.32538
-1.32707
-1.32955
-1.34431
-1.36899
-1.36898
-1.36873
-1.36999
-1.36881
-1.38085
-1.37936
-1.37304
-1.36997
-1.37014
-1.41965
-1.41938
-1.41881
-1.41858
-1.41572
-1.42096
-1.43262
-1.42506
-1.41632
-1.41531
-1.47064
-1.47019
-1.46934
-1.46806
-1.46549
-1.46425
-1.47198
-1.46975
-1.46355
-1.45851
-1.52205
-1.52146
-1.52039
-1.51872
-1.51637
-1.51204
-1.5156
-1.51456
-1.51105
-1.50601
-1.57405
-1.57331
-1.57199
-1.56996
-1.56721
-1.56208
-1.56217
-1.56018
-1.56095
-1.54981
-1.62662
-1.62582
-1.62434
-1.62199
-1.61862
-1.61336
-1.61034
-1.60433
-1.59583
-1.57875
-1.67992
-1.67916
-1.67769
-1.67526
-1.67153
-1.66659
-1.66209
-1.65268
-1.62314
-1.60497
-1.73403
-1.7335
-1.73243
-1.73056
-1.7276
-1.72513
-1.72415
-1.72342
-1.71694
-1.73744
-1.78886
-1.78897
-1.78901
-1.78904
-1.78927
-1.79201
-1.79859
-1.80346
-1.80709
-1.82668
-1.84401
-1.84524
-1.8475
-1.85195
-1.85855
-1.86879
-1.882
-1.88136
-1.87093
-1.87978
-0.871267
-0.871062
-0.870733
-0.871632
-0.870555
-0.880518
-0.878696
-0.849434
-0.8364
-0.950088
-0.91966
-0.919467
-0.919282
-0.919837
-0.918172
-0.923763
-0.918116
-0.899064
-0.858524
-0.90524
-0.968378
-0.968179
-0.968049
-0.967903
-0.966638
-0.965445
-0.960805
-0.955131
-0.9552
-0.804948
-1.01752
-1.01735
-1.01729
-1.01672
-1.01725
-1.00759
-1.0105
-1.0285
-1.04739
-0.852167
-1.06711
-1.06698
-1.06698
-1.06608
-1.06538
-1.05487
-1.07516
-1.09307
-1.08196
-0.973836
-1.11718
-1.11719
-1.11736
-1.11745
-1.11667
-1.09802
-1.12999
-1.13461
-1.11773
-1.0748
-1.16757
-1.16775
-1.1682
-1.16938
-1.16889
-1.152
-1.174
-1.17319
-1.15925
-1.07459
-1.21807
-1.21842
-1.21918
-1.22209
-1.22254
-1.21858
-1.22806
-1.22774
-1.2065
-1.05495
-1.26847
-1.26876
-1.26957
-1.27297
-1.2765
-1.27699
-1.2898
-1.28975
-1.26833
-1.13547
-1.31859
-1.31845
-1.31872
-1.31994
-1.32534
-1.33566
-1.35139
-1.34798
-1.33437
-1.33201
-1.36881
-1.3683
-1.36745
-1.36554
-1.36799
-1.3868
-1.40582
-1.39926
-1.38141
-1.41761
-1.4194
-1.4186
-1.41716
-1.41385
-1.40859
-1.42885
-1.45056
-1.44362
-1.42653
-1.42913
-1.47041
-1.46951
-1.46775
-1.46455
-1.45608
-1.46626
-1.48845
-1.4858
-1.46907
-1.45216
-1.5219
-1.52093
-1.51935
-1.51573
-1.51107
-1.50553
-1.52442
-1.52615
-1.51335
-1.49496
-1.57394
-1.57295
-1.57118
-1.56783
-1.56514
-1.55372
-1.562
-1.56439
-1.55767
-1.53921
-1.62654
-1.62557
-1.6237
-1.62043
-1.61604
-1.60562
-1.60371
-1.60276
-1.57871
-1.56887
-1.67986
-1.67896
-1.67716
-1.67385
-1.66829
-1.65896
-1.65069
-1.64455
-1.60669
-1.39627
-1.73402
-1.73338
-1.73207
-1.72943
-1.72442
-1.71695
-1.71102
-1.71082
-1.69483
-1.55729
-1.78894
-1.78899
-1.78894
-1.78849
-1.78674
-1.78404
-1.78618
-1.79428
-1.79993
-1.83747
-1.84417
-1.84545
-1.84784
-1.85227
-1.85746
-1.86228
-1.87045
-1.87356
-1.87532
-1.87274
-0.871397
-0.871173
-0.871041
-0.871928
-0.873245
-0.87829
-0.87692
-0.853644
-0.849244
0.684738
-0.919895
-0.91966
-0.919507
-0.919822
-0.920047
-0.922424
-0.916443
-0.897164
-0.889917
0.824509
-0.96868
-0.968453
-0.968328
-0.96835
-0.968684
-0.970953
-0.967915
-0.96561
-0.956913
-0.186177
-1.01788
-1.01772
-1.01771
-1.01778
-1.01895
-1.02329
-1.0276
-1.04089
-1.07142
-1.18051
-1.0675
-1.06739
-1.06754
-1.0676
-1.06903
-1.0742
-1.083
-1.09185
-1.08184
-1.12148
-1.11759
-1.11762
-1.11794
-1.11838
-1.11974
-1.12349
-1.13495
-1.12384
-1.1115
-1.10177
-1.16801
-1.16817
-1.16878
-1.16981
-1.17231
-1.17738
-1.18566
-1.18416
-1.16469
-1.16162
-1.21856
-1.21887
-1.21987
-1.22178
-1.22645
-1.23288
-1.24068
-1.24533
-1.22513
-1.26019
-1.26909
-1.26942
-1.27055
-1.27296
-1.27966
-1.28662
-1.29387
-1.29694
-1.2856
-1.31684
-1.31947
-1.31964
-1.3205
-1.3225
-1.3295
-1.33813
-1.34519
-1.34641
-1.33695
-1.3485
-1.36967
-1.36971
-1.36992
-1.37072
-1.37508
-1.38626
-1.39235
-1.39391
-1.38663
-1.37935
-1.42026
-1.42
-1.41956
-1.41941
-1.41956
-1.42988
-1.43444
-1.43503
-1.42772
-1.41575
-1.47114
-1.47068
-1.46981
-1.46866
-1.4672
-1.47124
-1.47393
-1.47525
-1.4697
-1.46197
-1.52242
-1.52183
-1.52071
-1.51898
-1.51697
-1.51502
-1.51676
-1.5157
-1.51062
-1.49766
-1.57439
-1.57357
-1.57219
-1.57008
-1.56738
-1.56319
-1.56105
-1.55749
-1.55067
-1.53475
-1.62682
-1.62597
-1.62444
-1.62211
-1.61867
-1.61363
-1.60775
-1.59867
-1.57958
-1.52209
-1.68002
-1.67918
-1.67763
-1.67512
-1.67114
-1.66521
-1.6575
-1.64292
-1.61592
-1.37865
-1.73404
-1.73344
-1.73229
-1.73026
-1.72676
-1.72181
-1.71579
-1.70065
-1.68041
-1.47835
-1.78879
-1.78879
-1.78881
-1.78861
-1.78799
-1.78761
-1.78824
-1.78311
-1.78554
-1.84637
-1.84377
-1.84485
-1.84706
-1.85094
-1.85685
-1.86479
-1.87171
-1.8699
-1.86832
-1.90426
-0.871537
-0.8712
-0.871092
-0.871327
-0.871254
-0.871974
-0.871269
-0.863593
-0.861667
-0.845818
-0.92009
-0.919781
-0.919597
-0.919507
-0.918983
-0.918649
-0.917016
-0.909843
-0.905327
-0.871689
-0.968839
-0.96855
-0.968388
-0.9683
-0.968118
-0.968174
-0.968477
-0.965133
-0.962955
-0.912685
-1.01798
-1.01777
-1.01772
-1.01784
-1.01832
-1.01979
-1.02302
-1.02774
-1.03556
-0.928445
-1.06757
-1.06745
-1.06755
-1.06779
-1.06862
-1.07023
-1.07485
-1.08213
-1.08851
-1.11981
-1.11763
-1.11761
-1.11784
-1.11826
-1.11909
-1.12035
-1.12515
-1.13187
-1.1401
-1.18736
-1.16803
-1.16809
-1.16845
-1.16905
-1.16994
-1.17092
-1.17523
-1.17968
-1.18538
-1.2055
-1.21857
-1.21872
-1.21924
-1.22015
-1.22146
-1.22299
-1.22645
-1.22974
-1.22728
-1.21994
-1.26914
-1.26931
-1.2699
-1.27099
-1.27281
-1.27512
-1.27748
-1.28052
-1.27615
-1.26366
-1.31964
-1.31974
-1.32021
-1.32119
-1.32349
-1.32655
-1.32934
-1.33256
-1.33234
-1.30392
-1.37008
-1.37008
-1.37022
-1.37067
-1.37239
-1.37661
-1.38061
-1.38587
-1.39612
-1.41847
-1.42077
-1.42056
-1.42029
-1.42008
-1.42048
-1.42393
-1.4273
-1.42892
-1.43022
-1.44042
-1.4717
-1.47132
-1.47069
-1.46983
-1.46917
-1.47013
-1.47183
-1.47271
-1.47398
-1.4809
-1.52302
-1.5225
-1.52156
-1.5202
-1.51875
-1.51736
-1.51703
-1.51679
-1.51746
-1.52013
-1.57484
-1.57419
-1.57299
-1.57117
-1.56892
-1.56588
-1.56326
-1.56142
-1.56132
-1.56285
-1.62724
-1.62652
-1.62514
-1.62295
-1.61996
-1.61578
-1.61138
-1.60747
-1.60417
-1.60306
-1.6803
-1.67962
-1.6783
-1.67614
-1.67283
-1.6681
-1.66269
-1.65793
-1.65326
-1.65599
-1.73408
-1.73362
-1.73269
-1.73104
-1.7283
-1.72438
-1.7205
-1.71797
-1.7146
-1.71595
-1.78841
-1.78849
-1.78855
-1.78849
-1.78801
-1.78762
-1.78966
-1.79358
-1.79535
-1.80349
-1.8429
-1.84379
-1.84557
-1.84869
-1.85356
-1.86132
-1.87209
-1.87816
-1.87329
-1.86783
-0.871806
-0.871439
-0.871177
-0.871004
-0.870558
-0.870271
-0.869613
-0.867251
-0.869942
-0.875386
-0.920397
-0.920059
-0.919818
-0.919561
-0.918995
-0.918229
-0.916828
-0.912706
-0.914618
-0.906151
-0.968956
-0.968562
-0.968359
-0.968216
-0.967939
-0.96742
-0.966643
-0.962608
-0.966354
-0.952453
-1.0179
-1.01756
-1.01744
-1.01748
-1.01762
-1.01767
-1.01801
-1.017
-1.02462
-1.02964
-1.06739
-1.06716
-1.06716
-1.06731
-1.0677
-1.06789
-1.06913
-1.0712
-1.07432
-1.07515
-1.1174
-1.11731
-1.11744
-1.11773
-1.11825
-1.11851
-1.11953
-1.1204
-1.1226
-1.13073
-1.1678
-1.16781
-1.16806
-1.16851
-1.16926
-1.16999
-1.17136
-1.17249
-1.18004
-1.18391
-1.2184
-1.21849
-1.21885
-1.21953
-1.22063
-1.22196
-1.22389
-1.22685
-1.23575
-1.25064
-1.26907
-1.26918
-1.26959
-1.27036
-1.27178
-1.2734
-1.27573
-1.27922
-1.28799
-1.30076
-1.31974
-1.31981
-1.32011
-1.32074
-1.32187
-1.32414
-1.32693
-1.33116
-1.33997
-1.35632
-1.37041
-1.3704
-1.3705
-1.37079
-1.3714
-1.37352
-1.3766
-1.38108
-1.39053
-1.40538
-1.42123
-1.42109
-1.42092
-1.42079
-1.42075
-1.42192
-1.42375
-1.42531
-1.42835
-1.43487
-1.47227
-1.472
-1.47157
-1.471
-1.4704
-1.4703
-1.47083
-1.4714
-1.47313
-1.47676
-1.52364
-1.52325
-1.52258
-1.52164
-1.52049
-1.51932
-1.51866
-1.51834
-1.51937
-1.52171
-1.57545
-1.57498
-1.57411
-1.57286
-1.5712
-1.56919
-1.56733
-1.56593
-1.56623
-1.56861
-1.62776
-1.62723
-1.62624
-1.62474
-1.62267
-1.62004
-1.61723
-1.61485
-1.61388
-1.61528
-1.68065
-1.68015
-1.6792
-1.67767
-1.67545
-1.67254
-1.66933
-1.66676
-1.66505
-1.66639
-1.73412
-1.73381
-1.73318
-1.73206
-1.7303
-1.72792
-1.72568
-1.72416
-1.723
-1.7196
-1.78802
-1.78811
-1.78822
-1.78828
-1.78817
-1.78816
-1.78979
-1.79331
-1.7937
-1.78893
-1.84195
-1.8426
-1.84388
-1.84604
-1.84931
-1.85465
-1.86377
-1.87189
-1.86959
-1.86392
-0.872841
-0.872833
-0.872603
-0.871994
-0.871255
-0.870548
-0.869714
-0.868289
-0.868987
-0.863882
-0.921089
-0.921037
-0.920951
-0.920488
-0.919749
-0.918763
-0.917366
-0.914638
-0.914911
-0.903763
-0.96916
-0.968707
-0.968539
-0.968377
-0.968119
-0.967538
-0.966569
-0.963847
-0.96545
-0.955312
-1.01766
-1.01709
-1.01692
-1.01702
-1.01719
-1.01715
-1.017
-1.01584
-1.0186
-1.01827
-1.06692
-1.0665
-1.06643
-1.06663
-1.06697
-1.06711
-1.06722
-1.06659
-1.06726
-1.06763
-1.11689
-1.11668
-1.11673
-1.11699
-1.11736
-1.11749
-1.11727
-1.11576
-1.11399
-1.10386
-1.16734
-1.16727
-1.16742
-1.16775
-1.16821
-1.16851
-1.16853
-1.16743
-1.16878
-1.15969
-1.21805
-1.21807
-1.2183
-1.21873
-1.21938
-1.22007
-1.22084
-1.22149
-1.22733
-1.22736
-1.26887
-1.26893
-1.26918
-1.26968
-1.27045
-1.27146
-1.27284
-1.27462
-1.28242
-1.28437
-1.31972
-1.31977
-1.31997
-1.3204
-1.32117
-1.3224
-1.32424
-1.32701
-1.33519
-1.35059
-1.3706
-1.37059
-1.37067
-1.37092
-1.37147
-1.37262
-1.37448
-1.37751
-1.38605
-1.39977
-1.42157
-1.42148
-1.42138
-1.42136
-1.42151
-1.42215
-1.42322
-1.42478
-1.42797
-1.43316
-1.47275
-1.47255
-1.47225
-1.4719
-1.47157
-1.47147
-1.47164
-1.4721
-1.47359
-1.47629
-1.52419
-1.52391
-1.52342
-1.52278
-1.52201
-1.52125
-1.52072
-1.52055
-1.52157
-1.52385
-1.576
-1.57566
-1.57503
-1.57414
-1.57299
-1.57167
-1.57047
-1.56961
-1.57008
-1.5718
-1.62824
-1.62786
-1.62716
-1.62612
-1.62471
-1.623
-1.62131
-1.61992
-1.61998
-1.62111
-1.68095
-1.68061
-1.67996
-1.67895
-1.6775
-1.67569
-1.67383
-1.67228
-1.67222
-1.67262
-1.73411
-1.73392
-1.73352
-1.73285
-1.7318
-1.73043
-1.72912
-1.72821
-1.72847
-1.72752
-1.78755
-1.78764
-1.78777
-1.78792
-1.78799
-1.78811
-1.78869
-1.78993
-1.79071
-1.78885
-1.84096
-1.84142
-1.84228
-1.84366
-1.84568
-1.84853
-1.85246
-1.85644
-1.85604
-1.85242
-0.875514
-0.877866
-0.877198
-0.874888
-0.872615
-0.870886
-0.869717
-0.868863
-0.86857
-0.868146
-0.923209
-0.924876
-0.924701
-0.923246
-0.921255
-0.919433
-0.917794
-0.916072
-0.914989
-0.911014
-0.969945
-0.969837
-0.969652
-0.969108
-0.968438
-0.967567
-0.966327
-0.964316
-0.963518
-0.957073
-1.01734
-1.0163
-1.01605
-1.01625
-1.01655
-1.01642
-1.01574
-1.01399
-1.01391
-1.00879
-1.06613
-1.06535
-1.06513
-1.06549
-1.06596
-1.06604
-1.06561
-1.06427
-1.06391
-1.06224
-1.11609
-1.11565
-1.11559
-1.11591
-1.11631
-1.1164
-1.11589
-1.11442
-1.11242
-1.10713
-1.16667
-1.16648
-1.16653
-1.16681
-1.16717
-1.16732
-1.16699
-1.16581
-1.16468
-1.1593
-1.21755
-1.2175
-1.21762
-1.21791
-1.21832
-1.21868
-1.21883
-1.21866
-1.21978
-1.21941
-1.26856
-1.26857
-1.26871
-1.26902
-1.26946
-1.27001
-1.2706
-1.27113
-1.27384
-1.27544
-1.3196
-1.31962
-1.31974
-1.32
-1.32043
-1.32109
-1.322
-1.32308
-1.32675
-1.3314
-1.37068
-1.37066
-1.37071
-1.37086
-1.37116
-1.37176
-1.37271
-1.37416
-1.37792
-1.38659
-1.42182
-1.42176
-1.42169
-1.42167
-1.42174
-1.42206
-1.42263
-1.42363
-1.42544
-1.42903
-1.47313
-1.47299
-1.47278
-1.47255
-1.47233
-1.47223
-1.47227
-1.47255
-1.47337
-1.47492
-1.52466
-1.52446
-1.5241
-1.52368
-1.52317
-1.52269
-1.52232
-1.52221
-1.52281
-1.52433
-1.57648
-1.57624
-1.57583
-1.57521
-1.57445
-1.57367
-1.57287
-1.57232
-1.57258
-1.57356
-1.62865
-1.62839
-1.62792
-1.62723
-1.62631
-1.62522
-1.62424
-1.62338
-1.62353
-1.62415
-1.68119
-1.68097
-1.68054
-1.6799
-1.67901
-1.67794
-1.67685
-1.67587
-1.67603
-1.67604
-1.73405
-1.73394
-1.7337
-1.73333
-1.73275
-1.73201
-1.73126
-1.73061
-1.73083
-1.72999
-1.7871
-1.78717
-1.78728
-1.78743
-1.78757
-1.78772
-1.78796
-1.78806
-1.78818
-1.78661
-1.84007
-1.84037
-1.84092
-1.84178
-1.84295
-1.84443
-1.84604
-1.8469
-1.84651
-1.8442
-0.88315
-0.888885
-0.885176
-0.881079
-0.876339
-0.872103
-0.870021
-0.868883
-0.867999
-0.867237
-0.926991
-0.932623
-0.93176
-0.929161
-0.924761
-0.920658
-0.918251
-0.91665
-0.915292
-0.913162
-0.971242
-0.972505
-0.972145
-0.971074
-0.969293
-0.967686
-0.966313
-0.964877
-0.963598
-0.960645
-1.01676
-1.01497
-1.01434
-1.01472
-1.01554
-1.01569
-1.01513
-1.01398
-1.01299
-1.01016
-1.06484
-1.06327
-1.06271
-1.06356
-1.06465
-1.06506
-1.06474
-1.06373
-1.0626
-1.06011
-1.11497
-1.11412
-1.11389
-1.11443
-1.11512
-1.1154
-1.11503
-1.11386
-1.11218
-1.10863
-1.16582
-1.16544
-1.16539
-1.16572
-1.16614
-1.16631
-1.16596
-1.16489
-1.16322
-1.15915
-1.21696
-1.21681
-1.21685
-1.21709
-1.2174
-1.2176
-1.21746
-1.21686
-1.21602
-1.2133
-1.26819
-1.26815
-1.26822
-1.26841
-1.26869
-1.26896
-1.26907
-1.26892
-1.26902
-1.26798
-1.31943
-1.31942
-1.31948
-1.31963
-1.31987
-1.32018
-1.32049
-1.32071
-1.32144
-1.32144
-1.37068
-1.37066
-1.37068
-1.37075
-1.37091
-1.37118
-1.37153
-1.37197
-1.37296
-1.37477
-1.42197
-1.42193
-1.42188
-1.42184
-1.42186
-1.42198
-1.4222
-1.4226
-1.42318
-1.42491
-1.47342
-1.47331
-1.47317
-1.473
-1.47283
-1.47272
-1.47268
-1.47278
-1.47308
-1.47378
-1.52502
-1.52488
-1.52464
-1.52434
-1.52399
-1.52366
-1.52338
-1.52328
-1.52349
-1.52406
-1.57685
-1.57669
-1.57639
-1.57599
-1.57548
-1.57496
-1.57447
-1.57418
-1.57426
-1.57466
-1.62896
-1.62879
-1.62847
-1.62802
-1.62743
-1.62678
-1.62615
-1.62562
-1.6257
-1.62593
-1.68135
-1.68121
-1.68093
-1.68053
-1.67998
-1.67936
-1.6787
-1.67811
-1.67813
-1.67809
-1.73396
-1.73389
-1.73375
-1.73354
-1.73321
-1.73282
-1.73236
-1.73191
-1.73192
-1.73141
-1.78668
-1.78673
-1.78681
-1.78692
-1.78702
-1.78712
-1.78715
-1.78706
-1.78694
-1.78608
-1.83932
-1.8395
-1.83984
-1.84035
-1.841
-1.84176
-1.84243
-1.84271
-1.84226
-1.84089
-0.882856
-0.893218
-0.888058
-0.884549
-0.879146
-0.873322
-0.870129
-0.868764
-0.867609
-0.867176
-0.923763
-0.93423
-0.936511
-0.935048
-0.929428
-0.922215
-0.918501
-0.916871
-0.915576
-0.914522
-0.968317
-0.972212
-0.973703
-0.97356
-0.970918
-0.967873
-0.966191
-0.965085
-0.963952
-0.962461
-1.01546
-1.0127
-1.01127
-1.01228
-1.0141
-1.01484
-1.01465
-1.01398
-1.01297
-1.01134
-1.06326
-1.0601
-1.05879
-1.0605
-1.06293
-1.06407
-1.06416
-1.06357
-1.0625
-1.06073
-1.11361
-1.11217
-1.11161
-1.11261
-1.11385
-1.11453
-1.11449
-1.11382
-1.11257
-1.1105
-1.16495
-1.16433
-1.16416
-1.1646
-1.16521
-1.16554
-1.16538
-1.16471
-1.16346
-1.16129
-1.21639
-1.21613
-1.2161
-1.21634
-1.21667
-1.21686
-1.21672
-1.21624
-1.21538
-1.21396
-1.26783
-1.26774
-1.26776
-1.2679
-1.26811
-1.26825
-1.2682
-1.26796
-1.26752
-1.26674
-1.31925
-1.31921
-1.31923
-1.31932
-1.31945
-1.31958
-1.31963
-1.31958
-1.31946
-1.31909
-1.37065
-1.37062
-1.37061
-1.37064
-1.3707
-1.37079
-1.37087
-1.37094
-1.37103
-1.37132
-1.42208
-1.42204
-1.42198
-1.42194
-1.42191
-1.42191
-1.42192
-1.422
-1.42207
-1.42243
-1.47361
-1.47353
-1.47342
-1.47329
-1.47314
-1.47302
-1.47291
-1.47286
-1.47287
-1.47303
-1.52527
-1.52518
-1.525
-1.52479
-1.52453
-1.52428
-1.52404
-1.52389
-1.52386
-1.52396
-1.57712
-1.57701
-1.5768
-1.57652
-1.57618
-1.57582
-1.57546
-1.57521
-1.57512
-1.57516
-1.62918
-1.62906
-1.62885
-1.62855
-1.62817
-1.62775
-1.62731
-1.62696
-1.62683
-1.62678
-1.68144
-1.68135
-1.68117
-1.68091
-1.68057
-1.68018
-1.67975
-1.67937
-1.67919
-1.67899
-1.73386
-1.73382
-1.73372
-1.73359
-1.73339
-1.73315
-1.73285
-1.73252
-1.73229
-1.73188
-1.78633
-1.78636
-1.7864
-1.78647
-1.78651
-1.78655
-1.78648
-1.78629
-1.786
-1.78539
-1.83872
-1.83883
-1.83903
-1.83931
-1.83965
-1.84002
-1.84023
-1.84018
-1.83981
-1.83899
-0.876473
-0.883758
-0.878303
-0.880191
-0.879231
-0.87373
-0.870046
-0.868574
-0.867406
-0.86683
-0.916797
-0.92416
-0.926699
-0.930696
-0.928949
-0.922385
-0.918393
-0.916862
-0.915758
-0.914938
-0.962607
-0.965281
-0.96777
-0.971499
-0.970922
-0.967712
-0.965989
-0.965163
-0.964278
-0.963317
-1.01273
-1.01029
-1.00831
-1.0105
-1.013
-1.01413
-1.01436
-1.01405
-1.01329
-1.01224
-1.06234
-1.05842
-1.05608
-1.05782
-1.06141
-1.06336
-1.06388
-1.06364
-1.06284
-1.06166
-1.11278
-1.11069
-1.10967
-1.11105
-1.11292
-1.11399
-1.11424
-1.11389
-1.11297
-1.11169
-1.16441
-1.1636
-1.16331
-1.16385
-1.16462
-1.1651
-1.1651
-1.16468
-1.16371
-1.16231
-1.21603
-1.21572
-1.21564
-1.21587
-1.21622
-1.21642
-1.21632
-1.21593
-1.21511
-1.2139
-1.2676
-1.26748
-1.26746
-1.26758
-1.26774
-1.26782
-1.26771
-1.26741
-1.26681
-1.26591
-1.31912
-1.31907
-1.31906
-1.31911
-1.31918
-1.31921
-1.31913
-1.31893
-1.31853
-1.31791
-1.37062
-1.37059
-1.37056
-1.37056
-1.37057
-1.37055
-1.37048
-1.37035
-1.37011
-1.36982
-1.42214
-1.4221
-1.42205
-1.42199
-1.42193
-1.42186
-1.42176
-1.42165
-1.42149
-1.42135
-1.47374
-1.47368
-1.47359
-1.47347
-1.47334
-1.4732
-1.47304
-1.47289
-1.47273
-1.47258
-1.52545
-1.52538
-1.52525
-1.52509
-1.52488
-1.52466
-1.52443
-1.52422
-1.52407
-1.52392
-1.5773
-1.57722
-1.57707
-1.57687
-1.57662
-1.57634
-1.57605
-1.57581
-1.5756
-1.57544
-1.62932
-1.62924
-1.62909
-1.62888
-1.62861
-1.62831
-1.62798
-1.62769
-1.62745
-1.62725
-1.68149
-1.68143
-1.6813
-1.68113
-1.68089
-1.68062
-1.6803
-1.67999
-1.67972
-1.67943
-1.73377
-1.73374
-1.73367
-1.73358
-1.73343
-1.73325
-1.733
-1.73273
-1.73241
-1.73201
-1.78607
-1.78608
-1.7861
-1.78612
-1.78613
-1.7861
-1.78598
-1.78576
-1.78541
-1.78488
-1.83829
-1.83836
-1.83846
-1.83862
-1.83879
-1.83893
-1.83895
-1.8388
-1.83842
-1.83778
-0.872017
-0.871516
-0.876588
-0.881678
-0.877693
-0.872527
-0.869713
-0.868572
-0.867524
-0.866849
-0.918207
-0.920168
-0.924961
-0.928945
-0.92549
-0.920602
-0.918038
-0.916928
-0.915996
-0.915258
-0.965395
-0.967089
-0.968579
-0.969866
-0.968559
-0.96696
-0.966014
-0.965377
-0.964629
-0.963876
-1.01387
-1.01314
-1.01138
-1.01204
-1.01365
-1.01444
-1.0146
-1.01431
-1.01368
-1.0129
-1.0632
-1.06129
-1.06019
-1.06119
-1.06284
-1.0638
-1.06409
-1.06388
-1.06324
-1.06241
-1.11352
-1.11233
-1.11202
-1.11263
-1.11354
-1.11416
-1.11433
-1.11407
-1.11337
-1.11247
-1.16462
-1.1641
-1.16396
-1.16425
-1.16474
-1.16507
-1.16509
-1.16476
-1.16402
-1.16307
-1.21603
-1.21579
-1.21574
-1.2159
-1.21614
-1.21628
-1.21619
-1.21587
-1.21515
-1.21428
-1.26754
-1.26744
-1.26742
-1.2675
-1.2676
-1.26763
-1.2675
-1.26718
-1.26662
-1.26586
-1.31907
-1.31903
-1.31901
-1.31903
-1.31906
-1.31903
-1.31889
-1.31862
-1.31818
-1.31756
-1.37061
-1.37058
-1.37055
-1.37053
-1.3705
-1.37043
-1.37029
-1.37007
-1.36972
-1.36926
-1.42218
-1.42215
-1.42209
-1.42203
-1.42195
-1.42185
-1.42169
-1.42149
-1.42121
-1.42085
-1.47382
-1.47377
-1.47368
-1.47357
-1.47346
-1.47331
-1.47312
-1.47291
-1.47265
-1.47235
-1.52556
-1.5255
-1.52541
-1.52529
-1.5251
-1.5249
-1.52467
-1.52444
-1.52421
-1.52392
-1.57742
-1.57736
-1.57724
-1.57709
-1.57688
-1.57665
-1.57639
-1.57614
-1.57588
-1.57561
-1.62941
-1.62935
-1.62923
-1.62908
-1.62887
-1.62862
-1.62835
-1.62808
-1.62779
-1.62751
-1.68152
-1.68147
-1.68138
-1.68124
-1.68106
-1.68084
-1.68058
-1.6803
-1.67999
-1.67967
-1.7337
-1.73368
-1.73362
-1.73355
-1.73343
-1.73327
-1.73305
-1.73279
-1.73246
-1.73207
-1.78589
-1.7859
-1.7859
-1.7859
-1.78588
-1.78581
-1.78566
-1.78543
-1.78509
-1.78463
-1.83801
-1.83805
-1.83811
-1.83819
-1.83827
-1.8383
-1.83823
-1.83804
-1.83769
-1.83718
-0.870907
-0.870185
-0.871215
-0.874897
-0.873502
-0.871167
-0.869794
-0.868928
-0.868044
-0.867311
-0.919696
-0.918758
-0.919859
-0.92336
-0.922609
-0.919853
-0.918208
-0.917241
-0.916373
-0.91564
-0.967885
-0.968183
-0.969623
-0.970805
-0.968936
-0.967263
-0.966395
-0.965719
-0.964963
-0.964287
-1.01519
-1.01535
-1.0152
-1.01459
-1.01485
-1.01517
-1.01503
-1.01465
-1.01401
-1.01331
-1.0639
-1.06295
-1.06249
-1.06282
-1.0637
-1.0643
-1.06442
-1.06417
-1.06357
-1.06283
-1.11402
-1.11325
-1.11302
-1.11337
-1.11401
-1.11445
-1.11453
-1.11428
-1.11366
-1.11288
-1.16489
-1.16451
-1.1644
-1.16461
-1.16497
-1.16521
-1.16519
-1.16489
-1.16423
-1.16344
-1.21614
-1.21597
-1.21593
-1.21604
-1.21622
-1.21631
-1.21621
-1.21588
-1.21527
-1.21449
-1.26757
-1.2675
-1.26748
-1.26753
-1.2676
-1.2676
-1.26746
-1.26714
-1.26661
-1.26592
-1.31908
-1.31904
-1.31902
-1.31903
-1.31903
-1.31898
-1.31882
-1.31855
-1.3181
-1.31749
-1.37062
-1.3706
-1.37056
-1.37053
-1.37049
-1.3704
-1.37023
-1.37
-1.36962
-1.36912
-1.42221
-1.42218
-1.42212
-1.42206
-1.42198
-1.42186
-1.42168
-1.42147
-1.42115
-1.42074
-1.47387
-1.47383
-1.47376
-1.47366
-1.47354
-1.47338
-1.47319
-1.47297
-1.47268
-1.47233
-1.52562
-1.52557
-1.52548
-1.52537
-1.52521
-1.52502
-1.5248
-1.52457
-1.5243
-1.52398
-1.57747
-1.57742
-1.57733
-1.57719
-1.57701
-1.5768
-1.57656
-1.57631
-1.57604
-1.57573
-1.62945
-1.6294
-1.6293
-1.62917
-1.62899
-1.62878
-1.62853
-1.62827
-1.62798
-1.62766
-1.68153
-1.68149
-1.68141
-1.68129
-1.68114
-1.68095
-1.68071
-1.68044
-1.68013
-1.67979
-1.73366
-1.73364
-1.7336
-1.73353
-1.73342
-1.73327
-1.73307
-1.73281
-1.73248
-1.7321
-1.7858
-1.78581
-1.7858
-1.78579
-1.78575
-1.78566
-1.78551
-1.78527
-1.78494
-1.78452
-1.83787
-1.8379
-1.83793
-1.83798
-1.83801
-1.83799
-1.83789
-1.83769
-1.83735
-1.8369
)
;

boundaryField
{
    lowerSideWalls
    {
        type            calculated;
        value           nonuniform List<scalar> 
800
(
396.221
347.585
299.049
250.434
201.788
154.898
105.756
54.4362
8.58161
1.24901
0.245678
-0.228266
-0.375728
-0.473459
-0.566451
-0.615256
-0.651599
-0.696334
-0.746999
-0.801217
395.862
347.122
298.462
249.687
200.702
152.951
102.719
47.863
5.8157
0.162461
-0.376379
-0.449446
-0.458489
-0.520859
-0.582672
-0.616538
-0.650164
-0.6974
-0.749148
-0.802457
395.309
346.46
297.613
248.672
199.384
150.34
98.5492
42.1712
5.81474
0.141032
-0.576311
-0.647724
-0.60595
-0.571852
-0.558801
-0.580103
-0.636195
-0.694145
-0.751321
-0.810411
394.703
345.739
296.707
247.6
198.079
148.319
96.2044
42.1751
7.15414
-0.111018
-0.5979
-0.662599
-0.654137
-0.601085
-0.565691
-0.586202
-0.637943
-0.692994
-0.75329
-0.817561
394.131
345.071
295.905
246.682
197.141
147.288
96.1585
45.1179
10.3864
-0.288191
-0.58224
-0.646886
-0.640082
-0.603102
-0.582648
-0.603324
-0.64538
-0.696237
-0.754058
-0.811953
393.686
344.561
295.315
246.021
196.532
147.017
97.2106
48.6654
15.5447
0.117009
-0.547716
-0.616746
-0.608235
-0.594309
-0.595236
-0.618971
-0.657515
-0.705205
-0.756479
-0.810152
393.41
344.254
294.966
245.669
196.28
147.268
98.5923
51.142
20.4445
1.50922
-0.51462
-0.562756
-0.577576
-0.586943
-0.600664
-0.626367
-0.664009
-0.709461
-0.758486
-0.809545
393.304
344.143
294.843
245.58
196.305
147.74
99.894
54.3476
23.5308
3.4805
-0.475852
-0.531999
-0.554378
-0.581931
-0.602279
-0.628223
-0.666411
-0.711633
-0.759536
-0.809023
393.331
344.175
294.879
245.657
196.474
148.329
100.816
56.1184
25.2996
5.28193
-0.458302
-0.521493
-0.544656
-0.578079
-0.602772
-0.629367
-0.667565
-0.712646
-0.759795
-0.808396
393.447
344.294
295.003
245.795
196.617
148.469
101.626
56.9772
26.297
6.29183
-0.452054
-0.524673
-0.548805
-0.5805
-0.605234
-0.631064
-0.66838
-0.712726
-0.759598
-0.807978
396.583
347.915
299.297
250.538
201.662
154.48
104.407
52.1928
7.89989
1.13525
0.204967
-0.255279
-0.36321
-0.436551
-0.521495
-0.579975
-0.631634
-0.691006
-0.752312
-0.814958
396.252
347.479
298.736
249.822
200.622
152.526
101.226
45.6113
5.78178
0.361251
-0.406927
-0.516852
-0.474975
-0.488757
-0.537457
-0.583789
-0.636616
-0.695889
-0.757293
-0.820383
395.757
346.875
297.948
248.872
199.379
149.973
97.0534
39.9251
5.58417
0.130668
-0.575422
-0.64778
-0.598225
-0.545734
-0.537288
-0.57699
-0.642128
-0.706199
-0.768117
-0.823459
395.234
346.24
297.136
247.909
198.22
148.158
95.2474
40.5748
6.85928
-0.125567
-0.601774
-0.660669
-0.637843
-0.58592
-0.56086
-0.593121
-0.65254
-0.711688
-0.771817
-0.827028
394.769
345.68
296.454
247.127
197.454
147.344
95.8247
44.1453
10.1166
-0.298349
-0.58555
-0.647854
-0.631425
-0.599122
-0.590918
-0.616722
-0.665836
-0.717285
-0.77015
-0.822686
394.448
345.298
296
246.617
197.016
147.302
97.3228
48.1096
15.284
0.0386022
-0.560542
-0.622276
-0.611143
-0.597163
-0.606655
-0.633083
-0.675849
-0.72268
-0.77182
-0.821628
394.303
345.127
295.799
246.425
196.935
147.764
99.0435
50.983
20.5008
1.38625
-0.529008
-0.57822
-0.58763
-0.59318
-0.612178
-0.640451
-0.682616
-0.726799
-0.773023
-0.821202
394.329
345.15
295.821
246.496
197.13
148.42
100.563
54.5395
23.9267
3.36568
-0.486715
-0.54682
-0.566234
-0.588683
-0.613671
-0.643824
-0.684351
-0.728634
-0.77347
-0.820867
394.474
345.306
295.991
246.717
197.451
149.12
101.757
56.6841
25.8936
5.18599
-0.467816
-0.529268
-0.550504
-0.584332
-0.613471
-0.643664
-0.683349
-0.727604
-0.772835
-0.820022
394.684
345.524
296.221
246.971
197.734
149.5
102.597
57.7662
26.9549
6.18785
-0.462529
-0.523184
-0.54153
-0.5771
-0.609701
-0.64145
-0.681454
-0.726191
-0.772023
-0.819306
396.221
347.585
299.049
250.434
201.788
154.898
105.756
54.4362
8.58161
1.24901
0.245678
-0.228266
-0.375728
-0.473459
-0.566451
-0.615256
-0.651599
-0.696334
-0.746999
-0.801217
395.842
347.104
298.444
249.663
200.67
152.869
102.707
48.1529
6.83771
0.498774
-0.390776
-0.533172
-0.509065
-0.53657
-0.59163
-0.616275
-0.648401
-0.699231
-0.753093
-0.809007
395.248
346.403
297.559
248.623
199.347
150.238
98.4413
42.5622
6.40446
0.204908
-0.515067
-0.592844
-0.600283
-0.608029
-0.616533
-0.62424
-0.657338
-0.707342
-0.762115
-0.818394
394.578
345.618
296.595
247.505
198.029
148.207
96.1674
42.6153
7.76903
-0.0758649
-0.542823
-0.617034
-0.630211
-0.626387
-0.623433
-0.631919
-0.664877
-0.712821
-0.770851
-0.831312
393.916
344.861
295.711
246.508
197.028
147.15
96.1829
45.4932
11.1794
-0.230831
-0.526338
-0.59787
-0.616974
-0.622051
-0.62746
-0.643432
-0.67398
-0.717488
-0.771289
-0.828459
393.359
344.237
295.006
245.736
196.312
146.847
97.1765
48.574
15.9277
0.209723
-0.504909
-0.580914
-0.597805
-0.611211
-0.62637
-0.646647
-0.677905
-0.720219
-0.770395
-0.822604
392.952
343.795
294.516
245.236
195.903
146.992
98.5746
50.2415
20.0346
1.50359
-0.466623
-0.550866
-0.582375
-0.602733
-0.61906
-0.643509
-0.68045
-0.723905
-0.771926
-0.821831
392.699
343.535
294.232
244.972
195.715
147.201
99.4875
53.4969
21.7869
3.41129
-0.441437
-0.530122
-0.572555
-0.5999
-0.620313
-0.647505
-0.684152
-0.727119
-0.773671
-0.822064
392.576
343.414
294.11
244.877
195.66
147.361
100.306
55.0939
23.3738
5.3419
-0.440991
-0.521524
-0.56691
-0.602109
-0.623652
-0.650603
-0.68625
-0.729345
-0.775194
-0.822824
392.552
343.393
294.091
244.873
195.677
147.498
100.719
55.8
24.5156
6.49407
-0.45264
-0.524153
-0.561921
-0.603084
-0.626371
-0.652076
-0.687136
-0.729852
-0.775606
-0.823264
392.596
343.436
294.133
244.912
195.714
147.527
100.742
55.8181
24.0517
6.42489
-0.456059
-0.526247
-0.559102
-0.600726
-0.626215
-0.651127
-0.686321
-0.729065
-0.775345
-0.823136
392.705
343.539
294.232
244.988
195.755
147.43
100.356
55.0536
22.9439
5.2716
-0.461564
-0.528752
-0.554698
-0.591851
-0.620499
-0.648492
-0.684419
-0.727775
-0.774692
-0.822983
392.901
343.728
294.417
245.134
195.84
147.295
99.6013
53.3955
21.7865
3.32211
-0.476465
-0.535276
-0.553578
-0.587651
-0.61705
-0.645786
-0.682207
-0.725973
-0.773611
-0.822701
393.212
344.042
294.74
245.418
196.027
147.09
98.7908
50.1334
19.4623
1.38952
-0.505875
-0.545366
-0.563025
-0.59459
-0.621208
-0.648484
-0.682538
-0.725284
-0.773472
-0.823559
393.662
344.518
295.247
245.908
196.391
146.813
96.931
47.8018
15.3202
0.110318
-0.531415
-0.56404
-0.580892
-0.605978
-0.625984
-0.649359
-0.681653
-0.723395
-0.773736
-0.825786
394.245
345.163
295.958
246.661
197.054
146.968
95.5476
44.2396
10.365
-0.278203
-0.540294
-0.587075
-0.602544
-0.610088
-0.612794
-0.633291
-0.669556
-0.71682
-0.774174
-0.833268
394.923
345.934
296.842
247.638
198.014
147.898
95.096
40.8884
7.20536
-0.109437
-0.583522
-0.639289
-0.628439
-0.608038
-0.588985
-0.607412
-0.655148
-0.710762
-0.773643
-0.834582
395.603
346.725
297.802
248.74
199.285
149.801
97.0368
40.5611
5.99508
0.136009
-0.624155
-0.673896
-0.603496
-0.569098
-0.573204
-0.585774
-0.633384
-0.696841
-0.764312
-0.828146
396.202
347.43
298.689
249.771
200.57
152.4
101.265
45.9386
6.15675
0.309757
-0.548556
-0.592252
-0.476617
-0.483034
-0.544178
-0.586975
-0.63009
-0.692298
-0.755172
-0.815254
396.583
347.915
299.297
250.538
201.662
154.48
104.407
52.1928
7.89989
1.13525
0.204967
-0.255279
-0.36321
-0.436551
-0.521495
-0.579975
-0.631634
-0.691006
-0.752312
-0.814958
)
;
    }
    upperSideWalls
    {
        type            calculated;
        value           nonuniform List<scalar> 
800
(
-0.85602
-0.905958
-0.956978
-1.00759
-1.05778
-1.1084
-1.15958
-1.21108
-1.26275
-1.31453
-1.3664
-1.41836
-1.47044
-1.52266
-1.57501
-1.6275
-1.68011
-1.73277
-1.78541
-1.83792
-0.854865
-0.907912
-0.957897
-1.00821
-1.05789
-1.10797
-1.15924
-1.21084
-1.26257
-1.31439
-1.36627
-1.41824
-1.47032
-1.52255
-1.57491
-1.62742
-1.68005
-1.73274
-1.78541
-1.83796
-0.864151
-0.912413
-0.95983
-1.00951
-1.05789
-1.10769
-1.15897
-1.21059
-1.26232
-1.31414
-1.36602
-1.41799
-1.47008
-1.52232
-1.5747
-1.62724
-1.67991
-1.73264
-1.78538
-1.838
-0.871528
-0.91753
-0.963905
-1.01042
-1.05768
-1.10766
-1.15883
-1.21035
-1.26203
-1.31381
-1.36567
-1.41764
-1.46973
-1.522
-1.57441
-1.62698
-1.6797
-1.7325
-1.78531
-1.83802
-0.866439
-0.916171
-0.963345
-1.00947
-1.05766
-1.10777
-1.15873
-1.21008
-1.26166
-1.31338
-1.36522
-1.41717
-1.46932
-1.52159
-1.57404
-1.62666
-1.67942
-1.73229
-1.78518
-1.83798
-0.862242
-0.912307
-0.960513
-1.00842
-1.05753
-1.10766
-1.15845
-1.20966
-1.26113
-1.31281
-1.36463
-1.41661
-1.46879
-1.5211
-1.5736
-1.62627
-1.67909
-1.732
-1.78493
-1.8378
-0.860282
-0.909867
-0.958684
-1.00757
-1.05706
-1.10721
-1.15791
-1.20901
-1.26041
-1.31207
-1.36392
-1.41596
-1.46818
-1.52055
-1.57311
-1.62584
-1.6787
-1.73162
-1.78455
-1.83743
-0.858828
-0.908236
-0.957355
-1.00661
-1.05628
-1.10646
-1.1571
-1.20813
-1.25951
-1.31117
-1.36306
-1.41523
-1.46751
-1.51996
-1.57258
-1.62537
-1.67825
-1.73114
-1.78399
-1.83681
-0.857636
-0.90689
-0.95611
-1.00549
-1.05523
-1.10539
-1.15597
-1.20701
-1.25842
-1.31013
-1.36205
-1.41448
-1.46681
-1.51932
-1.572
-1.62484
-1.67774
-1.73059
-1.78334
-1.83602
-0.856912
-0.905945
-0.955102
-1.00448
-1.05418
-1.1043
-1.15487
-1.20589
-1.25732
-1.30907
-1.36108
-1.4136
-1.46604
-1.51862
-1.57136
-1.62423
-1.67717
-1.73002
-1.78263
-1.83511
-0.870907
-0.919696
-0.967885
-1.01519
-1.0639
-1.11402
-1.16489
-1.21614
-1.26757
-1.31908
-1.37062
-1.42221
-1.47387
-1.52562
-1.57747
-1.62945
-1.68153
-1.73366
-1.7858
-1.83787
-0.870185
-0.918758
-0.968183
-1.01535
-1.06295
-1.11325
-1.16451
-1.21597
-1.2675
-1.31904
-1.3706
-1.42218
-1.47383
-1.52557
-1.57742
-1.6294
-1.68149
-1.73364
-1.78581
-1.8379
-0.871215
-0.919859
-0.969623
-1.0152
-1.06249
-1.11302
-1.1644
-1.21593
-1.26748
-1.31902
-1.37056
-1.42212
-1.47376
-1.52548
-1.57733
-1.6293
-1.68141
-1.7336
-1.7858
-1.83793
-0.874897
-0.92336
-0.970805
-1.01459
-1.06282
-1.11337
-1.16461
-1.21604
-1.26753
-1.31903
-1.37053
-1.42206
-1.47366
-1.52537
-1.57719
-1.62917
-1.68129
-1.73353
-1.78579
-1.83798
-0.873502
-0.922609
-0.968936
-1.01485
-1.0637
-1.11401
-1.16497
-1.21622
-1.2676
-1.31903
-1.37049
-1.42198
-1.47354
-1.52521
-1.57701
-1.62899
-1.68114
-1.73342
-1.78575
-1.83801
-0.871167
-0.919853
-0.967263
-1.01517
-1.0643
-1.11445
-1.16521
-1.21631
-1.2676
-1.31898
-1.3704
-1.42186
-1.47338
-1.52502
-1.5768
-1.62878
-1.68095
-1.73327
-1.78566
-1.83799
-0.869794
-0.918208
-0.966395
-1.01503
-1.06442
-1.11453
-1.16519
-1.21621
-1.26746
-1.31882
-1.37023
-1.42168
-1.47319
-1.5248
-1.57656
-1.62853
-1.68071
-1.73307
-1.78551
-1.83789
-0.868928
-0.917241
-0.965719
-1.01465
-1.06417
-1.11428
-1.16489
-1.21588
-1.26714
-1.31855
-1.37
-1.42147
-1.47297
-1.52457
-1.57631
-1.62827
-1.68044
-1.73281
-1.78527
-1.83769
-0.868044
-0.916373
-0.964963
-1.01401
-1.06357
-1.11366
-1.16423
-1.21527
-1.26661
-1.3181
-1.36962
-1.42115
-1.47268
-1.5243
-1.57604
-1.62798
-1.68013
-1.73248
-1.78494
-1.83735
-0.867311
-0.91564
-0.964287
-1.01331
-1.06283
-1.11288
-1.16344
-1.21449
-1.26592
-1.31749
-1.36912
-1.42074
-1.47233
-1.52398
-1.57573
-1.62766
-1.67979
-1.7321
-1.78452
-1.8369
-0.85602
-0.905958
-0.956978
-1.00759
-1.05778
-1.1084
-1.15958
-1.21108
-1.26275
-1.31453
-1.3664
-1.41836
-1.47044
-1.52266
-1.57501
-1.6275
-1.68011
-1.73277
-1.78541
-1.83792
-0.860268
-0.906982
-0.955019
-1.00578
-1.05703
-1.10803
-1.1594
-1.21105
-1.26279
-1.31459
-1.36645
-1.41839
-1.47044
-1.52264
-1.57499
-1.6275
-1.68013
-1.73285
-1.78556
-1.83814
-0.867921
-0.910198
-0.95358
-1.005
-1.05704
-1.10787
-1.15948
-1.21125
-1.26302
-1.3148
-1.3666
-1.41848
-1.47046
-1.52262
-1.57495
-1.62748
-1.68018
-1.733
-1.78585
-1.83857
-0.880862
-0.920818
-0.961979
-1.00968
-1.05858
-1.10883
-1.16028
-1.21188
-1.26353
-1.31518
-1.36686
-1.41862
-1.4705
-1.52258
-1.57489
-1.62745
-1.68024
-1.73321
-1.78627
-1.83923
-0.879986
-0.923785
-0.967152
-1.01268
-1.0605
-1.11062
-1.1616
-1.21288
-1.26429
-1.31573
-1.36722
-1.4188
-1.47054
-1.52252
-1.57479
-1.62737
-1.68027
-1.73345
-1.78679
-1.84009
-0.872935
-0.9205
-0.966774
-1.01375
-1.06241
-1.1124
-1.16306
-1.21406
-1.26519
-1.31639
-1.36764
-1.41901
-1.47057
-1.52242
-1.57462
-1.62722
-1.68024
-1.73366
-1.78737
-1.8411
-0.870969
-0.918933
-0.966618
-1.01491
-1.06405
-1.11399
-1.16447
-1.21525
-1.26615
-1.31709
-1.36808
-1.4192
-1.47055
-1.52228
-1.5744
-1.627
-1.68015
-1.73383
-1.78796
-1.84221
-0.8707
-0.918978
-0.967269
-1.01603
-1.06539
-1.11535
-1.16574
-1.21637
-1.26707
-1.31775
-1.36847
-1.41935
-1.47054
-1.52211
-1.57417
-1.62678
-1.68003
-1.73396
-1.7885
-1.84326
-0.870979
-0.919323
-0.967907
-1.01692
-1.06642
-1.11644
-1.16682
-1.21741
-1.26801
-1.3185
-1.36899
-1.41965
-1.47064
-1.52205
-1.57405
-1.62662
-1.67992
-1.73403
-1.78886
-1.84401
-0.871267
-0.91966
-0.968378
-1.01752
-1.06711
-1.11718
-1.16757
-1.21807
-1.26847
-1.31859
-1.36881
-1.4194
-1.47041
-1.5219
-1.57394
-1.62654
-1.67986
-1.73402
-1.78894
-1.84417
-0.871397
-0.919895
-0.96868
-1.01788
-1.0675
-1.11759
-1.16801
-1.21856
-1.26909
-1.31947
-1.36967
-1.42026
-1.47114
-1.52242
-1.57439
-1.62682
-1.68002
-1.73404
-1.78879
-1.84377
-0.871537
-0.92009
-0.968839
-1.01798
-1.06757
-1.11763
-1.16803
-1.21857
-1.26914
-1.31964
-1.37008
-1.42077
-1.4717
-1.52302
-1.57484
-1.62724
-1.6803
-1.73408
-1.78841
-1.8429
-0.871806
-0.920397
-0.968956
-1.0179
-1.06739
-1.1174
-1.1678
-1.2184
-1.26907
-1.31974
-1.37041
-1.42123
-1.47227
-1.52364
-1.57545
-1.62776
-1.68065
-1.73412
-1.78802
-1.84195
-0.872841
-0.921089
-0.96916
-1.01766
-1.06692
-1.11689
-1.16734
-1.21805
-1.26887
-1.31972
-1.3706
-1.42157
-1.47275
-1.52419
-1.576
-1.62824
-1.68095
-1.73411
-1.78755
-1.84096
-0.875514
-0.923209
-0.969945
-1.01734
-1.06613
-1.11609
-1.16667
-1.21755
-1.26856
-1.3196
-1.37068
-1.42182
-1.47313
-1.52466
-1.57648
-1.62865
-1.68119
-1.73405
-1.7871
-1.84007
-0.88315
-0.926991
-0.971242
-1.01676
-1.06484
-1.11497
-1.16582
-1.21696
-1.26819
-1.31943
-1.37068
-1.42197
-1.47342
-1.52502
-1.57685
-1.62896
-1.68135
-1.73396
-1.78668
-1.83932
-0.882856
-0.923763
-0.968317
-1.01546
-1.06326
-1.11361
-1.16495
-1.21639
-1.26783
-1.31925
-1.37065
-1.42208
-1.47361
-1.52527
-1.57712
-1.62918
-1.68144
-1.73386
-1.78633
-1.83872
-0.876473
-0.916797
-0.962607
-1.01273
-1.06234
-1.11278
-1.16441
-1.21603
-1.2676
-1.31912
-1.37062
-1.42214
-1.47374
-1.52545
-1.5773
-1.62932
-1.68149
-1.73377
-1.78607
-1.83829
-0.872017
-0.918207
-0.965395
-1.01387
-1.0632
-1.11352
-1.16462
-1.21603
-1.26754
-1.31907
-1.37061
-1.42218
-1.47382
-1.52556
-1.57742
-1.62941
-1.68152
-1.7337
-1.78589
-1.83801
-0.870907
-0.919696
-0.967885
-1.01519
-1.0639
-1.11402
-1.16489
-1.21614
-1.26757
-1.31908
-1.37062
-1.42221
-1.47387
-1.52562
-1.57747
-1.62945
-1.68153
-1.73366
-1.7858
-1.83787
)
;
    }
    lowerWall
    {
        type            calculated;
        value           nonuniform List<scalar> 
200
(
420.746
420.367
419.773
419.103
418.441
417.884
417.477
417.224
417.101
417.077
417.121
417.23
417.426
417.737
418.187
418.77
419.448
420.128
420.727
421.108
420.387
420.011
419.434
418.791
418.161
417.637
417.258
417.028
416.925
416.914
416.962
417.068
417.25
417.547
417.972
418.525
419.17
419.82
420.399
420.777
419.834
419.475
418.928
418.328
417.75
417.284
416.963
416.793
416.736
416.757
416.815
416.912
417.065
417.313
417.684
418.18
418.771
419.375
419.922
420.282
419.228
418.897
418.393
417.853
417.353
416.977
416.757
416.684
416.697
416.763
416.837
416.921
417.029
417.196
417.475
417.88
418.391
418.93
419.431
419.759
418.656
418.357
417.907
417.447
417.054
416.813
416.744
416.805
416.905
417.034
417.122
417.194
417.25
417.303
417.44
417.71
418.107
418.56
419.002
419.294
418.211
417.948
417.56
417.197
416.945
416.884
417.005
417.222
417.411
417.652
417.751
417.794
417.798
417.722
417.671
417.755
418.003
418.349
418.719
418.973
417.935
417.703
417.386
417.137
417.051
417.194
417.514
417.875
418.143
418.55
418.635
418.664
418.627
418.434
418.179
418.043
418.106
418.323
418.613
418.828
417.829
417.623
417.382
417.254
417.333
417.667
418.163
418.696
418.947
419.388
419.479
419.702
419.681
419.349
418.89
418.531
418.397
418.473
418.676
418.854
417.856
417.683
417.504
417.474
417.683
418.164
418.809
419.384
419.871
419.947
420.388
420.853
420.574
420.285
419.632
419.077
418.779
418.732
418.855
418.999
417.972
417.824
417.698
417.749
418.073
418.749
419.684
420.412
420.873
418.318
418.666
422.674
422.334
421.52
420.444
419.629
419.181
419.034
419.094
419.209
)
;
    }
    atmosphere
    {
        type            calculated;
        value           nonuniform List<scalar> 0();
    }
    procBoundary0to1
    {
        type            processor;
        value           nonuniform List<scalar> 
800
(
393.604
344.449
295.153
245.936
196.737
148.559
101.765
56.9778
26.0778
6.28367
-0.455445
-0.529278
-0.553959
-0.582497
-0.605488
-0.631049
-0.668148
-0.712226
-0.758889
-0.806973
393.47
344.237
294.787
245.183
195.278
145.603
96.0775
46.7616
12.3484
0.225739
-0.508384
-0.576074
-0.593534
-0.61217
-0.617115
-0.632678
-0.665962
-0.709965
-0.7572
-0.806017
393.373
344.043
294.374
244.298
193.664
142.432
90.8535
34.8593
3.10734
-0.230038
-0.39972
-0.478115
-0.546918
-0.582313
-0.603562
-0.626935
-0.66232
-0.707084
-0.755345
-0.804737
393.465
344.064
294.233
243.776
192.29
138.908
86.9267
22.4692
0.244676
-0.186918
-0.330965
-0.43089
-0.501465
-0.547095
-0.581715
-0.61603
-0.656409
-0.702797
-0.752742
-0.803367
393.833
344.453
294.658
244.107
192.176
138.051
79.9542
11.7362
-0.0352557
-0.209178
-0.301469
-0.394722
-0.466705
-0.519802
-0.562886
-0.603969
-0.648943
-0.697138
-0.748949
-0.801567
394.545
345.324
295.759
245.424
193.422
138.551
71.1592
6.10154
0.114525
-0.223612
-0.294693
-0.374153
-0.446668
-0.50562
-0.549632
-0.588769
-0.633309
-0.689421
-0.749577
-0.807061
395.487
346.468
297.217
247.355
196.537
143.344
74.799
11.7145
0.660808
-0.233868
-0.332857
-0.392157
-0.460759
-0.516023
-0.551718
-0.588541
-0.641835
-0.709567
-0.773981
-0.830157
396.279
347.317
298.254
248.949
199.551
147.281
81.1505
17.8575
0.636816
-0.254438
-0.413579
-0.466534
-0.513189
-0.567367
-0.608286
-0.640849
-0.688437
-0.744968
-0.79562
-0.857117
397.028
347.603
297.981
247.782
195.807
137.708
72.7582
27.4473
15.8536
9.08468
0.567907
-0.17999
-0.179179
-0.229997
-0.392021
-0.499853
-0.445712
-0.154908
0.571891
0.206405
397.86
349.668
301.057
251.267
198.243
139.306
79.225
39.2325
46.1427
53.7277
31.5878
16.0761
15.7417
7.60371
0.890179
0.255176
1.25724
5.59348
2.83473
-0.422267
398.073
350.23
301.534
252.36
199.623
139.257
76.3893
39.5978
54.3592
48.7509
16.2245
5.16556
4.71984
7.42471
11.1897
18.1048
16.7882
5.78085
-1.07524
-0.671225
397.995
349.061
300.096
250.773
199.559
141.659
78.2326
30.2039
15.0983
4.45819
-0.148985
-0.303065
-0.29255
-0.165472
0.0510993
0.184341
0.558561
0.730399
-0.48496
-0.836867
397.772
349.248
301.026
253.304
205.996
155.157
87.9242
20.1473
1.35924
-0.262178
-0.342531
-0.362953
-0.443068
-0.515559
-0.62068
-0.585571
-0.575934
-0.734623
-0.830291
-0.873788
397.245
348.467
299.796
250.941
201.431
148.942
76.9411
11.3521
0.510402
-0.339271
-0.376943
-0.403152
-0.456675
-0.502832
-0.543197
-0.580286
-0.667413
-0.7437
-0.795838
-0.84096
396.221
347.168
297.946
248.146
196.897
142.254
74.8471
6.24671
-0.0634694
-0.306587
-0.343933
-0.412486
-0.473637
-0.527078
-0.569821
-0.611239
-0.664904
-0.7139
-0.783822
-0.832378
395.41
346.121
296.505
246.215
194.607
140.535
82.3465
14.3769
-0.124096
-0.253223
-0.334603
-0.414905
-0.483211
-0.53694
-0.577834
-0.617626
-0.667021
-0.720758
-0.775728
-0.825026
394.94
345.585
295.838
245.489
194.108
140.768
88.2822
24.1685
0.458097
-0.21416
-0.339676
-0.441585
-0.515102
-0.563923
-0.598031
-0.628497
-0.669082
-0.718718
-0.771544
-0.820286
394.762
345.452
295.818
245.772
195.143
143.856
91.945
35.9145
3.41083
-0.285364
-0.423475
-0.483873
-0.539499
-0.583562
-0.614118
-0.638171
-0.673481
-0.719791
-0.76926
-0.818413
394.798
345.569
296.125
246.519
196.577
146.818
97.109
47.6764
12.7909
0.288338
-0.531154
-0.568101
-0.569922
-0.598776
-0.622812
-0.642785
-0.67676
-0.721652
-0.769397
-0.817943
394.901
345.741
296.44
247.195
197.965
149.692
102.803
57.8669
26.7244
6.19704
-0.46517
-0.524549
-0.543262
-0.577137
-0.608556
-0.640215
-0.679775
-0.724453
-0.770947
-0.818589
-0.855818
-0.904811
-0.953918
-1.00326
-1.05295
-1.10306
-1.15364
-1.20467
-1.2561
-1.30788
-1.35986
-1.41267
-1.46519
-1.51786
-1.57066
-1.62357
-1.67652
-1.72941
-1.78212
-1.8347
-0.855225
-0.904329
-0.953435
-1.00274
-1.05237
-1.10239
-1.15292
-1.20392
-1.25536
-1.30717
-1.35931
-1.41206
-1.46484
-1.5176
-1.57047
-1.62347
-1.67656
-1.72957
-1.78231
-1.83484
-0.854401
-0.903616
-0.9527
-1.0019
-1.05131
-1.10104
-1.1513
-1.2022
-1.25364
-1.30549
-1.35764
-1.41098
-1.46405
-1.51695
-1.56986
-1.62304
-1.67657
-1.72999
-1.78281
-1.83512
-0.853305
-0.902467
-0.951291
-1.00022
-1.04922
-1.09844
-1.14828
-1.19899
-1.25063
-1.30262
-1.35487
-1.40977
-1.46326
-1.5161
-1.56879
-1.62226
-1.67655
-1.73063
-1.78376
-1.83616
-0.852442
-0.900836
-0.948784
-0.997717
-1.04575
-1.09345
-1.14267
-1.19359
-1.24609
-1.29914
-1.35399
-1.40938
-1.46256
-1.51533
-1.5679
-1.6203
-1.67664
-1.7342
-1.78871
-1.83981
-0.855104
-0.898236
-0.945431
-0.994356
-1.04116
-1.08806
-1.13802
-1.19029
-1.24476
-1.3053
-1.36975
-1.41945
-1.46617
-1.516
-1.56309
-1.61452
-1.67507
-1.73736
-1.79221
-1.84023
-0.872015
-0.909864
-0.957241
-1.00677
-1.05029
-1.09566
-1.14841
-1.20371
-1.26508
-1.33402
-1.39714
-1.43752
-1.48173
-1.53215
-1.56672
-1.61105
-1.67242
-1.73823
-1.80159
-1.83905
-0.904743
-0.939372
-0.967809
-1.02926
-1.08087
-1.12722
-1.18526
-1.2509
-1.31661
-1.37165
-1.4036
-1.43404
-1.48099
-1.5342
-1.56239
-1.58251
-1.6446
-1.52782
-1.83742
-1.90086
-0.826051
-0.688425
-0.493643
-0.712402
-0.931222
-0.823453
-0.746003
-0.746763
-0.623116
-0.527461
-0.98385
-1.26958
-1.35493
-1.35522
-1.23781
-1.04812
0.395026
-1.85084
-1.89362
-1.90174
-0.562459
2.92525
6.91052
3.53855
0.259777
2.00334
3.29594
3.09572
3.70814
4.91222
3.35467
-0.764178
-1.46263
-1.38058
0.0452085
0.857173
0.995327
-1.94668
-1.84265
-1.87024
2.1758
4.40959
1.93155
2.97386
4.44299
3.68445
3.46514
3.3856
0.953775
1.3419
1.45148
-0.596626
-1.46715
-1.51241
-1.3205
-0.496727
0.04039
-0.366281
-1.79727
-1.92061
-0.890963
-0.860412
-0.869665
-0.967899
-1.07907
-0.902725
-0.46334
0.237982
0.601376
-0.749489
-1.49191
-1.47062
-1.50539
-1.53574
-1.58051
-1.617
-1.65641
-1.71375
-1.7867
-1.84552
-0.905747
-0.911384
-0.937095
-0.998477
-1.05813
-1.09593
-1.17657
-1.25296
-1.29347
-1.3103
-1.44699
-1.44927
-1.4896
-1.52981
-1.5758
-1.6192
-1.66483
-1.71834
-1.78236
-1.85395
-0.877824
-0.910937
-0.951987
-1.00113
-1.04798
-1.06855
-1.15426
-1.24571
-1.29546
-1.35273
-1.42149
-1.4442
-1.48127
-1.52862
-1.57516
-1.62369
-1.67368
-1.72725
-1.78452
-1.84471
-0.871795
-0.912425
-0.956544
-1.00384
-1.05041
-1.09145
-1.14133
-1.21315
-1.27317
-1.32916
-1.39623
-1.43675
-1.47703
-1.52619
-1.57518
-1.62552
-1.67665
-1.7295
-1.7846
-1.84065
-0.86841
-0.913152
-0.959511
-1.00699
-1.05399
-1.10081
-1.14914
-1.20498
-1.26341
-1.31584
-1.37418
-1.4258
-1.474
-1.52443
-1.57514
-1.62631
-1.67809
-1.73082
-1.78482
-1.83898
-0.866568
-0.913666
-0.961355
-1.00972
-1.0583
-1.107
-1.15656
-1.20908
-1.2629
-1.31502
-1.3684
-1.42116
-1.47257
-1.52386
-1.57518
-1.62677
-1.67881
-1.7314
-1.78457
-1.83784
-0.866143
-0.914132
-0.962382
-1.01111
-1.0602
-1.10986
-1.16014
-1.21168
-1.26388
-1.31598
-1.36833
-1.42051
-1.4721
-1.52363
-1.57523
-1.62703
-1.67912
-1.73154
-1.78424
-1.83697
-0.866165
-0.914494
-0.963042
-1.01199
-1.06139
-1.11132
-1.1618
-1.21294
-1.26458
-1.31639
-1.36829
-1.42017
-1.47188
-1.52355
-1.5753
-1.6272
-1.67931
-1.73163
-1.7841
-1.83657
-0.866604
-0.914897
-0.963488
-1.01248
-1.06195
-1.11194
-1.16246
-1.2135
-1.26494
-1.3166
-1.36836
-1.42015
-1.47186
-1.52358
-1.57538
-1.62731
-1.67941
-1.73167
-1.78403
-1.83637
)
;
    }
    procBoundary0to2
    {
        type            processor;
        value           nonuniform List<scalar> 
200
(
-1.8902
-1.89027
-1.89037
-1.89048
-1.89054
-1.89045
-1.89013
-1.88951
-1.88866
-1.88766
-1.89048
-1.89059
-1.89075
-1.89094
-1.8911
-1.8911
-1.89079
-1.89007
-1.88901
-1.88773
-1.89104
-1.89121
-1.8915
-1.89187
-1.89226
-1.89248
-1.89222
-1.89131
-1.88966
-1.88728
-1.89188
-1.89218
-1.89269
-1.89341
-1.8942
-1.89477
-1.89466
-1.89308
-1.89064
-1.88764
-1.89303
-1.89352
-1.89441
-1.89576
-1.89748
-1.89911
-1.89999
-1.89841
-1.89457
-1.89124
-1.89443
-1.89522
-1.89668
-1.89896
-1.90177
-1.90499
-1.9064
-1.90558
-1.90101
-1.8742
-1.89603
-1.89731
-1.89971
-1.90384
-1.90926
-1.91483
-1.92313
-1.92128
-1.82346
-1.68104
-1.89754
-1.89951
-1.90326
-1.91078
-1.92349
-1.94027
-1.95501
-1.9364
-1.85174
-1.76389
-1.8986
-1.90122
-1.90648
-1.91819
-1.93467
-1.95407
-1.97171
-1.96776
-1.95058
-1.89613
-1.8988
-1.90154
-1.90724
-1.9196
-1.93514
-1.94833
-1.95574
-1.94783
-1.94088
-1.95509
-1.89813
-1.90045
-1.90541
-1.915
-1.93128
-1.94966
-1.95353
-1.94271
-1.92586
-1.92786
-1.89683
-1.89854
-1.90221
-1.90936
-1.92222
-1.94372
-1.95957
-1.95782
-1.94257
-1.93111
-1.89534
-1.89653
-1.899
-1.90348
-1.91084
-1.92336
-1.9406
-1.94806
-1.94128
-1.93266
-1.8939
-1.8947
-1.89625
-1.89886
-1.90288
-1.9085
-1.91562
-1.92137
-1.91862
-1.91232
-1.89267
-1.89316
-1.8941
-1.8956
-1.89772
-1.90044
-1.9029
-1.90411
-1.90321
-1.90053
-1.89166
-1.89195
-1.8925
-1.89336
-1.89449
-1.89582
-1.89706
-1.8975
-1.8967
-1.89493
-1.89088
-1.89105
-1.89137
-1.89184
-1.89243
-1.89307
-1.8935
-1.89354
-1.89307
-1.89217
-1.89032
-1.89043
-1.89061
-1.89087
-1.89117
-1.89145
-1.89158
-1.89148
-1.89107
-1.89039
-1.88997
-1.89003
-1.89014
-1.89029
-1.89044
-1.89054
-1.89054
-1.89039
-1.89004
-1.88952
-1.88979
-1.88983
-1.88991
-1.89
-1.89008
-1.89012
-1.89006
-1.88989
-1.88957
-1.88912
)
;
    }
}


// ************************************************************************* //
