/*--------------------------------*- C++ -*----------------------------------*\
| =========                 |                                                 |
| \\      /  F ield         | OpenFOAM: The Open Source CFD Toolbox           |
|  \\    /   O peration     | Version:  2312                                  |
|   \\  /    A nd           | Website:  www.openfoam.com                      |
|    \\/     M anipulation  |                                                 |
\*---------------------------------------------------------------------------*/
FoamFile
{
    version     2.0;
    format      ascii;
    arch        "LSB;label=32;scalar=64";
    class       volScalarField;
    location    "0.005";
    object      p;
}
// * * * * * * * * * * * * * * * * * * * * * * * * * * * * * * * * * * * * * //

dimensions      [1 -1 -2 0 0 0 0];

internalField   nonuniform List<scalar> 
8000
(
367.8
367.8
367.8
367.8
367.8
367.8
367.8
367.801
367.801
367.801
318.75
318.75
318.75
318.75
318.75
318.75
318.75
318.75
318.75
318.75
269.7
269.7
269.7
269.7
269.7
269.7
269.7
269.7
269.7
269.7
220.65
220.65
220.65
220.65
220.65
220.65
220.65
220.65
220.65
220.65
171.6
171.6
171.6
171.6
171.6
171.6
171.6
171.6
171.6
171.6
122.55
122.55
122.55
122.55
122.55
122.55
122.55
122.55
122.55
122.55
73.5003
73.5003
73.5003
73.5003
73.5003
73.5003
73.5003
73.5003
73.5003
73.5003
24.4503
24.4503
24.4503
24.4503
24.4503
24.4503
24.4503
24.4503
24.4503
24.4503
-0.0992654
-0.0992653
-0.0992651
-0.0992646
-0.0992638
-0.0992631
-0.099262
-0.09926
-0.0992598
-0.0992608
-0.148316
-0.148315
-0.148315
-0.148314
-0.148313
-0.148312
-0.148311
-0.148308
-0.148308
-0.14831
-0.197364
-0.197364
-0.197363
-0.197363
-0.197362
-0.197361
-0.19736
-0.197358
-0.197357
-0.197357
-0.246412
-0.246412
-0.246412
-0.246411
-0.246411
-0.24641
-0.246409
-0.246409
-0.246409
-0.246408
-0.29546
-0.29546
-0.29546
-0.295459
-0.295459
-0.295459
-0.295459
-0.295458
-0.295458
-0.295458
-0.344508
-0.344508
-0.344508
-0.344508
-0.344508
-0.344508
-0.344508
-0.344508
-0.344509
-0.344509
-0.393556
-0.393556
-0.393556
-0.393556
-0.393556
-0.393557
-0.393558
-0.393558
-0.393559
-0.39356
-0.442604
-0.442604
-0.442604
-0.442605
-0.442605
-0.442606
-0.442607
-0.442608
-0.44261
-0.442611
-0.491653
-0.491653
-0.491653
-0.491654
-0.491654
-0.491655
-0.491656
-0.491658
-0.491659
-0.49166
-0.540702
-0.540702
-0.540702
-0.540703
-0.540704
-0.540705
-0.540706
-0.540707
-0.540708
-0.540708
-0.589751
-0.589752
-0.589752
-0.589752
-0.589753
-0.589754
-0.589755
-0.589755
-0.589756
-0.589757
-0.638801
-0.638802
-0.638802
-0.638802
-0.638803
-0.638803
-0.638804
-0.638805
-0.638805
-0.638805
367.8
367.8
367.8
367.8
367.8
367.8
367.8
367.801
367.801
367.801
318.75
318.75
318.75
318.75
318.75
318.75
318.75
318.75
318.75
318.751
269.7
269.7
269.7
269.7
269.7
269.7
269.7
269.7
269.7
269.7
220.65
220.65
220.65
220.65
220.65
220.65
220.65
220.65
220.65
220.65
171.6
171.6
171.6
171.6
171.6
171.6
171.6
171.6
171.6
171.6
122.55
122.55
122.55
122.55
122.55
122.55
122.55
122.55
122.55
122.55
73.5003
73.5003
73.5003
73.5003
73.5003
73.5003
73.5003
73.5003
73.5003
73.5003
24.4503
24.4503
24.4503
24.4503
24.4503
24.4503
24.4503
24.4503
24.4503
24.4503
-0.0992654
-0.099265
-0.0992648
-0.0992643
-0.0992636
-0.0992628
-0.0992619
-0.0992593
-0.0992597
-0.0992613
-0.148315
-0.148315
-0.148314
-0.148314
-0.148313
-0.148312
-0.14831
-0.148308
-0.148307
-0.148309
-0.197364
-0.197363
-0.197363
-0.197362
-0.197361
-0.19736
-0.197359
-0.197358
-0.197357
-0.197356
-0.246412
-0.246411
-0.246411
-0.246411
-0.24641
-0.24641
-0.246409
-0.246408
-0.246408
-0.246407
-0.29546
-0.295459
-0.295459
-0.295459
-0.295459
-0.295459
-0.295458
-0.295458
-0.295458
-0.295457
-0.344508
-0.344507
-0.344507
-0.344507
-0.344508
-0.344508
-0.344508
-0.344508
-0.344509
-0.344508
-0.393555
-0.393555
-0.393556
-0.393556
-0.393556
-0.393557
-0.393558
-0.393558
-0.393559
-0.39356
-0.442604
-0.442603
-0.442604
-0.442604
-0.442605
-0.442606
-0.442607
-0.442608
-0.442609
-0.442611
-0.491653
-0.491653
-0.491653
-0.491654
-0.491654
-0.491655
-0.491656
-0.491658
-0.491659
-0.49166
-0.540702
-0.540702
-0.540703
-0.540703
-0.540704
-0.540704
-0.540705
-0.540706
-0.540708
-0.540708
-0.589751
-0.589752
-0.589752
-0.589752
-0.589753
-0.589754
-0.589755
-0.589755
-0.589756
-0.589757
-0.638801
-0.638802
-0.638802
-0.638802
-0.638803
-0.638804
-0.638804
-0.638805
-0.638805
-0.638805
367.8
367.8
367.8
367.8
367.8
367.8
367.8
367.801
367.801
367.801
318.75
318.75
318.75
318.75
318.75
318.75
318.75
318.75
318.75
318.75
269.7
269.7
269.7
269.7
269.7
269.7
269.7
269.7
269.7
269.7
220.65
220.65
220.65
220.65
220.65
220.65
220.65
220.65
220.65
220.65
171.6
171.6
171.6
171.6
171.6
171.6
171.6
171.6
171.6
171.6
122.55
122.55
122.55
122.55
122.55
122.55
122.55
122.55
122.55
122.55
73.5003
73.5003
73.5003
73.5003
73.5003
73.5003
73.5003
73.5003
73.5003
73.5003
24.4503
24.4503
24.4503
24.4503
24.4503
24.4503
24.4503
24.4503
24.4503
24.4503
-0.0992647
-0.0992643
-0.0992641
-0.0992636
-0.0992629
-0.0992621
-0.0992614
-0.0992589
-0.0992589
-0.0992606
-0.148314
-0.148314
-0.148314
-0.148313
-0.148312
-0.148311
-0.14831
-0.148307
-0.148306
-0.148308
-0.197363
-0.197363
-0.197362
-0.197362
-0.197361
-0.19736
-0.197359
-0.197357
-0.197356
-0.197355
-0.246411
-0.246411
-0.246411
-0.24641
-0.24641
-0.246409
-0.246408
-0.246408
-0.246407
-0.246406
-0.295459
-0.295459
-0.295459
-0.295459
-0.295459
-0.295458
-0.295458
-0.295458
-0.295457
-0.295457
-0.344507
-0.344507
-0.344507
-0.344507
-0.344507
-0.344508
-0.344508
-0.344508
-0.344508
-0.344508
-0.393555
-0.393555
-0.393556
-0.393556
-0.393556
-0.393557
-0.393557
-0.393558
-0.393559
-0.393559
-0.442604
-0.442604
-0.442604
-0.442604
-0.442605
-0.442606
-0.442607
-0.442608
-0.442609
-0.44261
-0.491653
-0.491653
-0.491653
-0.491654
-0.491654
-0.491655
-0.491656
-0.491657
-0.491659
-0.49166
-0.540702
-0.540702
-0.540702
-0.540703
-0.540704
-0.540704
-0.540705
-0.540706
-0.540707
-0.540708
-0.589751
-0.589751
-0.589752
-0.589752
-0.589753
-0.589754
-0.589754
-0.589755
-0.589756
-0.589757
-0.638801
-0.638801
-0.638802
-0.638802
-0.638803
-0.638803
-0.638804
-0.638805
-0.638805
-0.638806
367.8
367.8
367.8
367.8
367.8
367.8
367.8
367.801
367.801
367.801
318.75
318.75
318.75
318.75
318.75
318.75
318.75
318.75
318.75
318.75
269.7
269.7
269.7
269.7
269.7
269.7
269.7
269.7
269.7
269.7
220.65
220.65
220.65
220.65
220.65
220.65
220.65
220.65
220.65
220.65
171.6
171.6
171.6
171.6
171.6
171.6
171.6
171.6
171.6
171.6
122.55
122.55
122.55
122.55
122.55
122.55
122.55
122.55
122.55
122.55
73.5003
73.5003
73.5003
73.5003
73.5003
73.5003
73.5003
73.5003
73.5003
73.5003
24.4503
24.4503
24.4503
24.4503
24.4503
24.4503
24.4503
24.4503
24.4503
24.4503
-0.0992637
-0.0992632
-0.099263
-0.0992625
-0.0992618
-0.0992611
-0.0992604
-0.0992581
-0.099258
-0.0992596
-0.148313
-0.148313
-0.148312
-0.148312
-0.148311
-0.14831
-0.148309
-0.148306
-0.148305
-0.148307
-0.197362
-0.197362
-0.197361
-0.197361
-0.19736
-0.197359
-0.197358
-0.197356
-0.197355
-0.197354
-0.246411
-0.24641
-0.24641
-0.24641
-0.246409
-0.246409
-0.246408
-0.246407
-0.246406
-0.246405
-0.295459
-0.295459
-0.295459
-0.295459
-0.295458
-0.295458
-0.295457
-0.295457
-0.295457
-0.295456
-0.344507
-0.344507
-0.344507
-0.344507
-0.344507
-0.344507
-0.344507
-0.344507
-0.344507
-0.344507
-0.393556
-0.393556
-0.393556
-0.393556
-0.393556
-0.393557
-0.393557
-0.393558
-0.393558
-0.393559
-0.442604
-0.442604
-0.442604
-0.442605
-0.442605
-0.442606
-0.442607
-0.442608
-0.442609
-0.44261
-0.491653
-0.491653
-0.491653
-0.491654
-0.491654
-0.491655
-0.491656
-0.491657
-0.491658
-0.491659
-0.540702
-0.540702
-0.540702
-0.540703
-0.540703
-0.540704
-0.540705
-0.540706
-0.540707
-0.540708
-0.589751
-0.589751
-0.589752
-0.589752
-0.589753
-0.589753
-0.589754
-0.589755
-0.589756
-0.589757
-0.638801
-0.638801
-0.638801
-0.638802
-0.638803
-0.638803
-0.638804
-0.638804
-0.638805
-0.638806
367.8
367.8
367.8
367.8
367.8
367.8
367.8
367.8
367.801
367.801
318.75
318.75
318.75
318.75
318.75
318.75
318.75
318.75
318.75
318.75
269.7
269.7
269.7
269.7
269.7
269.7
269.7
269.7
269.7
269.7
220.65
220.65
220.65
220.65
220.65
220.65
220.65
220.65
220.65
220.65
171.6
171.6
171.6
171.6
171.6
171.6
171.6
171.6
171.6
171.6
122.55
122.55
122.55
122.55
122.55
122.55
122.55
122.55
122.55
122.55
73.5003
73.5003
73.5003
73.5003
73.5003
73.5003
73.5003
73.5003
73.5003
73.5003
24.4503
24.4503
24.4503
24.4503
24.4503
24.4503
24.4503
24.4503
24.4503
24.4503
-0.0992623
-0.0992618
-0.0992616
-0.0992611
-0.0992606
-0.0992599
-0.0992593
-0.0992571
-0.0992569
-0.0992583
-0.148312
-0.148311
-0.148311
-0.14831
-0.148309
-0.148309
-0.148307
-0.148305
-0.148304
-0.148305
-0.197361
-0.197361
-0.19736
-0.197359
-0.197359
-0.197357
-0.197356
-0.197355
-0.197354
-0.197353
-0.24641
-0.24641
-0.24641
-0.246409
-0.246409
-0.246408
-0.246407
-0.246406
-0.246405
-0.246404
-0.295459
-0.295458
-0.295458
-0.295458
-0.295458
-0.295457
-0.295457
-0.295456
-0.295455
-0.295455
-0.344507
-0.344507
-0.344507
-0.344507
-0.344507
-0.344507
-0.344507
-0.344507
-0.344506
-0.344506
-0.393556
-0.393556
-0.393556
-0.393556
-0.393556
-0.393556
-0.393557
-0.393557
-0.393558
-0.393558
-0.442604
-0.442604
-0.442604
-0.442605
-0.442605
-0.442606
-0.442606
-0.442607
-0.442608
-0.442609
-0.491653
-0.491653
-0.491653
-0.491653
-0.491654
-0.491655
-0.491656
-0.491657
-0.491658
-0.491659
-0.540702
-0.540702
-0.540702
-0.540703
-0.540703
-0.540704
-0.540705
-0.540706
-0.540707
-0.540708
-0.589751
-0.589751
-0.589751
-0.589752
-0.589752
-0.589753
-0.589754
-0.589755
-0.589756
-0.589757
-0.638801
-0.638801
-0.638801
-0.638802
-0.638802
-0.638803
-0.638804
-0.638804
-0.638805
-0.638806
367.8
367.8
367.8
367.8
367.8
367.8
367.8
367.8
367.801
367.801
318.75
318.75
318.75
318.75
318.75
318.75
318.75
318.75
318.75
318.75
269.7
269.7
269.7
269.7
269.7
269.7
269.7
269.7
269.7
269.7
220.65
220.65
220.65
220.65
220.65
220.65
220.65
220.65
220.65
220.65
171.6
171.6
171.6
171.6
171.6
171.6
171.6
171.6
171.6
171.6
122.55
122.55
122.55
122.55
122.55
122.55
122.55
122.55
122.55
122.55
73.5003
73.5003
73.5003
73.5003
73.5003
73.5003
73.5003
73.5003
73.5003
73.5003
24.4503
24.4503
24.4503
24.4503
24.4503
24.4503
24.4503
24.4503
24.4503
24.4503
-0.0992608
-0.0992603
-0.0992601
-0.0992597
-0.0992592
-0.0992586
-0.099258
-0.099256
-0.0992558
-0.099257
-0.148311
-0.14831
-0.14831
-0.148309
-0.148308
-0.148307
-0.148306
-0.148304
-0.148303
-0.148304
-0.19736
-0.197359
-0.197359
-0.197358
-0.197357
-0.197356
-0.197355
-0.197353
-0.197352
-0.197351
-0.246409
-0.246409
-0.246409
-0.246408
-0.246408
-0.246407
-0.246406
-0.246405
-0.246404
-0.246402
-0.295458
-0.295458
-0.295458
-0.295457
-0.295457
-0.295456
-0.295456
-0.295455
-0.295454
-0.295453
-0.344507
-0.344507
-0.344507
-0.344507
-0.344506
-0.344506
-0.344506
-0.344506
-0.344505
-0.344505
-0.393556
-0.393556
-0.393556
-0.393556
-0.393556
-0.393556
-0.393556
-0.393556
-0.393557
-0.393557
-0.442604
-0.442604
-0.442604
-0.442605
-0.442605
-0.442605
-0.442606
-0.442606
-0.442607
-0.442608
-0.491653
-0.491653
-0.491653
-0.491653
-0.491654
-0.491654
-0.491655
-0.491656
-0.491658
-0.491659
-0.540702
-0.540702
-0.540702
-0.540702
-0.540703
-0.540704
-0.540705
-0.540706
-0.540707
-0.540708
-0.589751
-0.589751
-0.589751
-0.589751
-0.589752
-0.589753
-0.589754
-0.589755
-0.589756
-0.589757
-0.638801
-0.638801
-0.638801
-0.638801
-0.638802
-0.638803
-0.638803
-0.638804
-0.638805
-0.638806
367.8
367.8
367.8
367.8
367.8
367.8
367.8
367.8
367.8
367.801
318.75
318.75
318.75
318.75
318.75
318.75
318.75
318.75
318.75
318.75
269.7
269.7
269.7
269.7
269.7
269.7
269.7
269.7
269.7
269.7
220.65
220.65
220.65
220.65
220.65
220.65
220.65
220.65
220.65
220.65
171.6
171.6
171.6
171.6
171.6
171.6
171.6
171.6
171.6
171.6
122.55
122.55
122.55
122.55
122.55
122.55
122.55
122.55
122.55
122.55
73.5003
73.5003
73.5003
73.5003
73.5003
73.5003
73.5003
73.5003
73.5003
73.5003
24.4503
24.4503
24.4503
24.4503
24.4503
24.4503
24.4503
24.4503
24.4503
24.4503
-0.0992593
-0.0992588
-0.0992585
-0.0992582
-0.0992578
-0.0992573
-0.0992567
-0.0992548
-0.0992546
-0.0992557
-0.148309
-0.148308
-0.148308
-0.148308
-0.148307
-0.148306
-0.148305
-0.148302
-0.148301
-0.148302
-0.197359
-0.197358
-0.197358
-0.197357
-0.197356
-0.197355
-0.197354
-0.197352
-0.197351
-0.19735
-0.246408
-0.246408
-0.246408
-0.246407
-0.246407
-0.246406
-0.246405
-0.246404
-0.246403
-0.246401
-0.295457
-0.295457
-0.295457
-0.295457
-0.295456
-0.295456
-0.295455
-0.295454
-0.295453
-0.295452
-0.344507
-0.344507
-0.344506
-0.344506
-0.344506
-0.344505
-0.344505
-0.344504
-0.344504
-0.344503
-0.393556
-0.393555
-0.393555
-0.393555
-0.393555
-0.393555
-0.393555
-0.393555
-0.393555
-0.393556
-0.442604
-0.442604
-0.442604
-0.442604
-0.442604
-0.442605
-0.442605
-0.442606
-0.442606
-0.442607
-0.491653
-0.491653
-0.491653
-0.491653
-0.491653
-0.491654
-0.491655
-0.491656
-0.491657
-0.491658
-0.540702
-0.540702
-0.540702
-0.540702
-0.540702
-0.540703
-0.540704
-0.540705
-0.540706
-0.540708
-0.589751
-0.589751
-0.589751
-0.589751
-0.589752
-0.589752
-0.589753
-0.589754
-0.589756
-0.589757
-0.6388
-0.6388
-0.6388
-0.638801
-0.638802
-0.638802
-0.638803
-0.638804
-0.638805
-0.638806
367.8
367.8
367.8
367.8
367.8
367.8
367.8
367.8
367.8
367.801
318.75
318.75
318.75
318.75
318.75
318.75
318.75
318.75
318.75
318.75
269.7
269.7
269.7
269.7
269.7
269.7
269.7
269.7
269.7
269.7
220.65
220.65
220.65
220.65
220.65
220.65
220.65
220.65
220.65
220.65
171.6
171.6
171.6
171.6
171.6
171.6
171.6
171.6
171.6
171.6
122.55
122.55
122.55
122.55
122.55
122.55
122.55
122.55
122.55
122.55
73.5003
73.5003
73.5003
73.5003
73.5003
73.5003
73.5003
73.5003
73.5003
73.5003
24.4503
24.4503
24.4503
24.4503
24.4503
24.4503
24.4503
24.4503
24.4503
24.4503
-0.0992579
-0.0992573
-0.0992571
-0.0992568
-0.0992564
-0.099256
-0.0992555
-0.0992536
-0.0992535
-0.0992544
-0.148308
-0.148307
-0.148307
-0.148306
-0.148306
-0.148305
-0.148303
-0.148301
-0.1483
-0.148301
-0.197357
-0.197357
-0.197357
-0.197356
-0.197355
-0.197354
-0.197353
-0.197351
-0.197349
-0.197349
-0.246407
-0.246407
-0.246407
-0.246406
-0.246406
-0.246405
-0.246404
-0.246403
-0.246401
-0.2464
-0.295457
-0.295456
-0.295456
-0.295456
-0.295455
-0.295455
-0.295454
-0.295453
-0.295451
-0.29545
-0.344506
-0.344506
-0.344506
-0.344506
-0.344505
-0.344504
-0.344504
-0.344503
-0.344503
-0.344502
-0.393555
-0.393555
-0.393555
-0.393555
-0.393555
-0.393554
-0.393554
-0.393554
-0.393554
-0.393554
-0.442604
-0.442604
-0.442604
-0.442604
-0.442604
-0.442604
-0.442604
-0.442605
-0.442606
-0.442606
-0.491653
-0.491653
-0.491653
-0.491653
-0.491653
-0.491653
-0.491654
-0.491655
-0.491656
-0.491657
-0.540701
-0.540701
-0.540701
-0.540702
-0.540702
-0.540703
-0.540704
-0.540705
-0.540706
-0.540707
-0.58975
-0.58975
-0.58975
-0.589751
-0.589751
-0.589752
-0.589753
-0.589754
-0.589755
-0.589756
-0.6388
-0.6388
-0.6388
-0.638801
-0.638801
-0.638802
-0.638803
-0.638803
-0.638804
-0.638805
367.8
367.8
367.8
367.8
367.8
367.8
367.8
367.8
367.801
367.801
318.75
318.75
318.75
318.75
318.75
318.75
318.75
318.75
318.75
318.751
269.7
269.7
269.7
269.7
269.7
269.7
269.7
269.7
269.7
269.7
220.65
220.65
220.65
220.65
220.65
220.65
220.65
220.65
220.65
220.65
171.6
171.6
171.6
171.6
171.6
171.6
171.6
171.6
171.6
171.6
122.55
122.55
122.55
122.55
122.55
122.55
122.55
122.55
122.55
122.55
73.5003
73.5003
73.5003
73.5003
73.5003
73.5003
73.5003
73.5003
73.5003
73.5003
24.4503
24.4503
24.4503
24.4503
24.4503
24.4503
24.4503
24.4503
24.4503
24.4503
-0.0992566
-0.099256
-0.0992558
-0.0992555
-0.0992551
-0.0992547
-0.0992544
-0.0992525
-0.0992524
-0.0992532
-0.148306
-0.148306
-0.148306
-0.148305
-0.148304
-0.148303
-0.148302
-0.1483
-0.148299
-0.1483
-0.197356
-0.197356
-0.197356
-0.197355
-0.197354
-0.197353
-0.197352
-0.19735
-0.197348
-0.197347
-0.246406
-0.246406
-0.246406
-0.246405
-0.246404
-0.246404
-0.246403
-0.246401
-0.2464
-0.246398
-0.295456
-0.295456
-0.295455
-0.295455
-0.295454
-0.295453
-0.295453
-0.295451
-0.29545
-0.295449
-0.344505
-0.344505
-0.344505
-0.344505
-0.344504
-0.344504
-0.344503
-0.344502
-0.344501
-0.344501
-0.393555
-0.393555
-0.393555
-0.393554
-0.393554
-0.393554
-0.393553
-0.393553
-0.393553
-0.393553
-0.442604
-0.442604
-0.442603
-0.442603
-0.442603
-0.442603
-0.442604
-0.442604
-0.442605
-0.442605
-0.491652
-0.491652
-0.491652
-0.491652
-0.491653
-0.491653
-0.491653
-0.491654
-0.491655
-0.491657
-0.540701
-0.540701
-0.540701
-0.540701
-0.540702
-0.540702
-0.540703
-0.540704
-0.540705
-0.540707
-0.58975
-0.58975
-0.58975
-0.58975
-0.589751
-0.589752
-0.589752
-0.589753
-0.589755
-0.589756
-0.6388
-0.6388
-0.6388
-0.6388
-0.638801
-0.638801
-0.638802
-0.638803
-0.638804
-0.638805
367.8
367.8
367.8
367.8
367.8
367.8
367.8
367.801
367.801
367.801
318.75
318.75
318.75
318.75
318.75
318.75
318.75
318.75
318.75
318.751
269.7
269.7
269.7
269.7
269.7
269.7
269.7
269.7
269.7
269.7
220.65
220.65
220.65
220.65
220.65
220.65
220.65
220.65
220.65
220.65
171.6
171.6
171.6
171.6
171.6
171.6
171.6
171.6
171.6
171.6
122.55
122.55
122.55
122.55
122.55
122.55
122.55
122.55
122.55
122.55
73.5003
73.5003
73.5003
73.5003
73.5003
73.5003
73.5003
73.5003
73.5003
73.5003
24.4503
24.4503
24.4503
24.4503
24.4503
24.4503
24.4503
24.4503
24.4503
24.4503
-0.0992554
-0.0992548
-0.0992547
-0.0992544
-0.099254
-0.0992537
-0.0992533
-0.0992515
-0.0992514
-0.0992521
-0.148305
-0.148305
-0.148305
-0.148304
-0.148303
-0.148302
-0.148301
-0.148299
-0.148298
-0.148299
-0.197355
-0.197355
-0.197354
-0.197354
-0.197353
-0.197352
-0.197351
-0.197349
-0.197347
-0.197346
-0.246405
-0.246405
-0.246405
-0.246404
-0.246403
-0.246403
-0.246402
-0.2464
-0.246399
-0.246397
-0.295455
-0.295455
-0.295454
-0.295454
-0.295453
-0.295452
-0.295451
-0.29545
-0.295449
-0.295448
-0.344505
-0.344505
-0.344504
-0.344504
-0.344503
-0.344503
-0.344502
-0.344501
-0.3445
-0.3445
-0.393554
-0.393554
-0.393554
-0.393553
-0.393553
-0.393553
-0.393552
-0.393552
-0.393552
-0.393552
-0.442603
-0.442603
-0.442603
-0.442603
-0.442603
-0.442603
-0.442603
-0.442603
-0.442604
-0.442604
-0.491652
-0.491652
-0.491652
-0.491652
-0.491652
-0.491652
-0.491653
-0.491653
-0.491654
-0.491656
-0.540701
-0.540701
-0.540701
-0.540701
-0.540701
-0.540702
-0.540702
-0.540703
-0.540704
-0.540706
-0.58975
-0.58975
-0.58975
-0.58975
-0.58975
-0.589751
-0.589752
-0.589753
-0.589754
-0.589755
-0.6388
-0.6388
-0.6388
-0.6388
-0.638801
-0.638801
-0.638802
-0.638802
-0.638803
-0.638804
367.8
367.8
367.8
367.8
367.8
367.8
367.8
367.801
367.801
367.801
318.75
318.75
318.75
318.75
318.75
318.75
318.75
318.75
318.751
318.751
269.7
269.7
269.7
269.7
269.7
269.7
269.7
269.7
269.7
269.7
220.65
220.65
220.65
220.65
220.65
220.65
220.65
220.65
220.65
220.65
171.6
171.6
171.6
171.6
171.6
171.6
171.6
171.6
171.6
171.6
122.55
122.55
122.55
122.55
122.55
122.55
122.55
122.55
122.55
122.55
73.5003
73.5003
73.5003
73.5003
73.5003
73.5003
73.5003
73.5003
73.5003
73.5003
24.4503
24.4503
24.4503
24.4503
24.4503
24.4503
24.4503
24.4503
24.4503
24.4503
-0.0992544
-0.0992538
-0.0992537
-0.0992534
-0.0992531
-0.0992527
-0.0992523
-0.0992505
-0.0992504
-0.0992511
-0.148304
-0.148304
-0.148304
-0.148303
-0.148302
-0.148301
-0.1483
-0.148298
-0.148297
-0.148298
-0.197354
-0.197354
-0.197354
-0.197353
-0.197352
-0.197351
-0.19735
-0.197348
-0.197346
-0.197345
-0.246404
-0.246404
-0.246404
-0.246403
-0.246402
-0.246402
-0.246401
-0.246399
-0.246398
-0.246396
-0.295454
-0.295454
-0.295454
-0.295453
-0.295452
-0.295452
-0.295451
-0.295449
-0.295448
-0.295447
-0.344504
-0.344504
-0.344504
-0.344503
-0.344502
-0.344502
-0.344501
-0.3445
-0.344499
-0.344499
-0.393554
-0.393553
-0.393553
-0.393553
-0.393552
-0.393552
-0.393552
-0.393551
-0.393551
-0.393551
-0.442603
-0.442603
-0.442602
-0.442602
-0.442602
-0.442602
-0.442602
-0.442602
-0.442603
-0.442603
-0.491652
-0.491652
-0.491651
-0.491651
-0.491651
-0.491652
-0.491652
-0.491653
-0.491653
-0.491655
-0.540701
-0.540701
-0.5407
-0.540701
-0.540701
-0.540701
-0.540702
-0.540702
-0.540703
-0.540705
-0.58975
-0.58975
-0.58975
-0.58975
-0.58975
-0.589751
-0.589751
-0.589752
-0.589753
-0.589754
-0.6388
-0.6388
-0.6388
-0.6388
-0.6388
-0.638801
-0.638801
-0.638802
-0.638802
-0.638803
367.8
367.8
367.8
367.8
367.8
367.801
367.801
367.801
367.801
367.801
318.75
318.75
318.75
318.75
318.75
318.75
318.75
318.751
318.751
318.751
269.7
269.7
269.7
269.7
269.7
269.7
269.7
269.7
269.7
269.7
220.65
220.65
220.65
220.65
220.65
220.65
220.65
220.65
220.65
220.65
171.6
171.6
171.6
171.6
171.6
171.6
171.6
171.6
171.6
171.6
122.55
122.55
122.55
122.55
122.55
122.55
122.55
122.55
122.55
122.55
73.5003
73.5003
73.5003
73.5003
73.5003
73.5003
73.5003
73.5003
73.5003
73.5003
24.4503
24.4503
24.4503
24.4503
24.4503
24.4503
24.4503
24.4503
24.4503
24.4503
-0.0992535
-0.099253
-0.0992528
-0.0992526
-0.0992522
-0.0992519
-0.0992515
-0.0992497
-0.0992494
-0.0992501
-0.148304
-0.148303
-0.148303
-0.148302
-0.148302
-0.148301
-0.148299
-0.148297
-0.148296
-0.148297
-0.197354
-0.197353
-0.197353
-0.197352
-0.197351
-0.19735
-0.197349
-0.197347
-0.197345
-0.197344
-0.246404
-0.246403
-0.246403
-0.246402
-0.246402
-0.246401
-0.2464
-0.246399
-0.246397
-0.246395
-0.295453
-0.295453
-0.295453
-0.295452
-0.295452
-0.295451
-0.29545
-0.295449
-0.295448
-0.295446
-0.344503
-0.344503
-0.344503
-0.344502
-0.344502
-0.344501
-0.3445
-0.3445
-0.344499
-0.344498
-0.393553
-0.393553
-0.393552
-0.393552
-0.393552
-0.393551
-0.393551
-0.393551
-0.39355
-0.39355
-0.442602
-0.442602
-0.442602
-0.442602
-0.442601
-0.442601
-0.442601
-0.442601
-0.442602
-0.442602
-0.491651
-0.491651
-0.491651
-0.491651
-0.491651
-0.491651
-0.491651
-0.491652
-0.491653
-0.491653
-0.540701
-0.5407
-0.5407
-0.5407
-0.5407
-0.540701
-0.540701
-0.540702
-0.540702
-0.540703
-0.58975
-0.58975
-0.58975
-0.58975
-0.58975
-0.58975
-0.589751
-0.589751
-0.589752
-0.589753
-0.6388
-0.6388
-0.6388
-0.6388
-0.6388
-0.638801
-0.638801
-0.638801
-0.638801
-0.638802
367.8
367.8
367.8
367.8
367.801
367.801
367.801
367.801
367.801
367.801
318.75
318.75
318.75
318.75
318.75
318.75
318.751
318.751
318.751
318.751
269.7
269.7
269.7
269.7
269.7
269.7
269.7
269.7
269.7
269.7
220.65
220.65
220.65
220.65
220.65
220.65
220.65
220.65
220.65
220.65
171.6
171.6
171.6
171.6
171.6
171.6
171.6
171.6
171.6
171.6
122.55
122.55
122.55
122.55
122.55
122.55
122.55
122.55
122.55
122.55
73.5003
73.5003
73.5003
73.5003
73.5003
73.5003
73.5003
73.5003
73.5003
73.5003
24.4503
24.4503
24.4503
24.4503
24.4503
24.4503
24.4503
24.4503
24.4503
24.4503
-0.0992527
-0.0992522
-0.0992521
-0.0992518
-0.0992514
-0.0992511
-0.0992506
-0.0992489
-0.0992485
-0.0992492
-0.148303
-0.148302
-0.148302
-0.148302
-0.148301
-0.1483
-0.148299
-0.148297
-0.148296
-0.148296
-0.197353
-0.197352
-0.197352
-0.197352
-0.197351
-0.19735
-0.197348
-0.197347
-0.197345
-0.197344
-0.246403
-0.246402
-0.246402
-0.246402
-0.246401
-0.2464
-0.246399
-0.246398
-0.246397
-0.246395
-0.295453
-0.295452
-0.295452
-0.295452
-0.295451
-0.29545
-0.295449
-0.295448
-0.295447
-0.295446
-0.344503
-0.344502
-0.344502
-0.344502
-0.344501
-0.3445
-0.3445
-0.344499
-0.344499
-0.344498
-0.393552
-0.393552
-0.393552
-0.393551
-0.393551
-0.393551
-0.39355
-0.39355
-0.39355
-0.39355
-0.442602
-0.442601
-0.442601
-0.442601
-0.442601
-0.442601
-0.442601
-0.442601
-0.442601
-0.442602
-0.491651
-0.491651
-0.491651
-0.49165
-0.49165
-0.49165
-0.491651
-0.491651
-0.491652
-0.491652
-0.5407
-0.5407
-0.5407
-0.5407
-0.5407
-0.5407
-0.5407
-0.540701
-0.540701
-0.540702
-0.58975
-0.58975
-0.58975
-0.58975
-0.58975
-0.58975
-0.58975
-0.58975
-0.589751
-0.589751
-0.6388
-0.6388
-0.6388
-0.6388
-0.6388
-0.6388
-0.6388
-0.6388
-0.638801
-0.638801
367.8
367.8
367.8
367.801
367.801
367.801
367.801
367.801
367.801
367.801
318.75
318.75
318.75
318.75
318.75
318.751
318.751
318.751
318.751
318.751
269.7
269.7
269.7
269.7
269.7
269.7
269.7
269.7
269.7
269.701
220.65
220.65
220.65
220.65
220.65
220.65
220.65
220.65
220.65
220.65
171.6
171.6
171.6
171.6
171.6
171.6
171.6
171.6
171.6
171.6
122.55
122.55
122.55
122.55
122.55
122.55
122.55
122.55
122.55
122.55
73.5003
73.5003
73.5003
73.5003
73.5003
73.5003
73.5003
73.5003
73.5003
73.5003
24.4503
24.4503
24.4503
24.4503
24.4503
24.4503
24.4503
24.4503
24.4503
24.4503
-0.099252
-0.0992515
-0.0992514
-0.0992511
-0.0992507
-0.0992503
-0.0992499
-0.0992481
-0.0992476
-0.0992483
-0.148302
-0.148302
-0.148301
-0.148301
-0.1483
-0.148299
-0.148298
-0.148296
-0.148295
-0.148296
-0.197352
-0.197352
-0.197352
-0.197351
-0.19735
-0.197349
-0.197348
-0.197346
-0.197345
-0.197344
-0.246402
-0.246402
-0.246402
-0.246401
-0.246401
-0.2464
-0.246399
-0.246398
-0.246397
-0.246395
-0.295452
-0.295452
-0.295452
-0.295451
-0.295451
-0.29545
-0.295449
-0.295448
-0.295448
-0.295447
-0.344502
-0.344502
-0.344502
-0.344501
-0.344501
-0.3445
-0.3445
-0.344499
-0.344499
-0.344498
-0.393552
-0.393551
-0.393551
-0.393551
-0.393551
-0.39355
-0.39355
-0.39355
-0.39355
-0.39355
-0.442601
-0.442601
-0.442601
-0.4426
-0.4426
-0.4426
-0.4426
-0.4426
-0.4426
-0.442601
-0.491651
-0.49165
-0.49165
-0.49165
-0.49165
-0.49165
-0.49165
-0.49165
-0.491651
-0.491651
-0.5407
-0.5407
-0.5407
-0.5407
-0.540699
-0.540699
-0.5407
-0.5407
-0.5407
-0.540701
-0.58975
-0.58975
-0.58975
-0.58975
-0.589749
-0.589749
-0.589749
-0.58975
-0.58975
-0.58975
-0.6388
-0.6388
-0.6388
-0.6388
-0.6388
-0.6388
-0.6388
-0.6388
-0.6388
-0.6388
367.8
367.801
367.801
367.801
367.801
367.801
367.801
367.801
367.801
367.801
318.75
318.75
318.75
318.75
318.751
318.751
318.751
318.751
318.751
318.751
269.7
269.7
269.7
269.7
269.7
269.7
269.7
269.7
269.701
269.701
220.65
220.65
220.65
220.65
220.65
220.65
220.65
220.65
220.65
220.65
171.6
171.6
171.6
171.6
171.6
171.6
171.6
171.6
171.6
171.6
122.55
122.55
122.55
122.55
122.55
122.55
122.55
122.55
122.55
122.55
73.5003
73.5003
73.5003
73.5003
73.5003
73.5003
73.5003
73.5003
73.5003
73.5003
24.4503
24.4503
24.4503
24.4503
24.4503
24.4503
24.4503
24.4503
24.4503
24.4503
-0.0992514
-0.0992509
-0.0992508
-0.0992505
-0.0992501
-0.0992497
-0.0992492
-0.0992474
-0.0992469
-0.0992475
-0.148302
-0.148301
-0.148301
-0.1483
-0.1483
-0.148299
-0.148298
-0.148296
-0.148295
-0.148295
-0.197352
-0.197351
-0.197351
-0.19735
-0.19735
-0.197349
-0.197348
-0.197346
-0.197345
-0.197344
-0.246402
-0.246402
-0.246401
-0.246401
-0.2464
-0.2464
-0.246399
-0.246398
-0.246397
-0.246396
-0.295452
-0.295451
-0.295451
-0.295451
-0.29545
-0.29545
-0.295449
-0.295448
-0.295448
-0.295447
-0.344502
-0.344501
-0.344501
-0.344501
-0.3445
-0.3445
-0.344499
-0.344499
-0.344499
-0.344498
-0.393551
-0.393551
-0.393551
-0.393551
-0.39355
-0.39355
-0.39355
-0.39355
-0.39355
-0.39355
-0.442601
-0.4426
-0.4426
-0.4426
-0.4426
-0.4426
-0.4426
-0.4426
-0.4426
-0.4426
-0.49165
-0.49165
-0.49165
-0.49165
-0.491649
-0.491649
-0.491649
-0.491649
-0.49165
-0.49165
-0.5407
-0.5407
-0.5407
-0.540699
-0.540699
-0.540699
-0.540699
-0.540699
-0.540699
-0.540699
-0.58975
-0.58975
-0.58975
-0.589749
-0.589749
-0.589749
-0.589749
-0.589749
-0.589749
-0.589749
-0.6388
-0.6388
-0.6388
-0.6388
-0.6388
-0.6388
-0.6388
-0.638799
-0.638799
-0.638799
367.801
367.801
367.801
367.801
367.801
367.801
367.801
367.801
367.801
367.801
318.75
318.75
318.75
318.751
318.751
318.751
318.751
318.751
318.751
318.751
269.7
269.7
269.7
269.7
269.7
269.7
269.7
269.7
269.701
269.701
220.65
220.65
220.65
220.65
220.65
220.65
220.65
220.65
220.65
220.65
171.6
171.6
171.6
171.6
171.6
171.6
171.6
171.6
171.6
171.6
122.55
122.55
122.55
122.55
122.55
122.55
122.55
122.55
122.55
122.55
73.5003
73.5003
73.5003
73.5003
73.5003
73.5003
73.5003
73.5003
73.5003
73.5003
24.4503
24.4503
24.4503
24.4503
24.4503
24.4503
24.4503
24.4503
24.4503
24.4503
-0.0992509
-0.0992504
-0.0992502
-0.0992499
-0.0992496
-0.0992492
-0.0992486
-0.0992468
-0.0992463
-0.0992469
-0.148301
-0.148301
-0.1483
-0.1483
-0.148299
-0.148299
-0.148297
-0.148295
-0.148294
-0.148295
-0.197351
-0.197351
-0.197351
-0.19735
-0.197349
-0.197348
-0.197347
-0.197346
-0.197345
-0.197344
-0.246402
-0.246401
-0.246401
-0.246401
-0.2464
-0.2464
-0.246399
-0.246398
-0.246397
-0.246396
-0.295451
-0.295451
-0.295451
-0.295451
-0.29545
-0.29545
-0.295449
-0.295449
-0.295448
-0.295448
-0.344501
-0.344501
-0.344501
-0.344501
-0.3445
-0.3445
-0.3445
-0.344499
-0.344499
-0.344499
-0.393551
-0.393551
-0.393551
-0.39355
-0.39355
-0.39355
-0.39355
-0.393549
-0.393549
-0.393549
-0.442601
-0.4426
-0.4426
-0.4426
-0.4426
-0.442599
-0.442599
-0.442599
-0.442599
-0.442599
-0.49165
-0.49165
-0.49165
-0.491649
-0.491649
-0.491649
-0.491649
-0.491649
-0.491649
-0.491649
-0.5407
-0.5407
-0.5407
-0.540699
-0.540699
-0.540699
-0.540698
-0.540698
-0.540698
-0.540698
-0.58975
-0.58975
-0.58975
-0.589749
-0.589749
-0.589749
-0.589748
-0.589748
-0.589748
-0.589748
-0.638801
-0.638801
-0.6388
-0.6388
-0.6388
-0.6388
-0.638799
-0.638799
-0.638799
-0.638799
367.801
367.801
367.801
367.801
367.801
367.801
367.801
367.801
367.801
367.801
318.75
318.75
318.75
318.751
318.751
318.751
318.751
318.751
318.751
318.751
269.7
269.7
269.7
269.7
269.7
269.7
269.7
269.7
269.701
269.701
220.65
220.65
220.65
220.65
220.65
220.65
220.65
220.65
220.65
220.65
171.6
171.6
171.6
171.6
171.6
171.6
171.6
171.6
171.6
171.6
122.55
122.55
122.55
122.55
122.55
122.55
122.55
122.55
122.55
122.55
73.5003
73.5003
73.5003
73.5003
73.5003
73.5003
73.5003
73.5003
73.5003
73.5003
24.4503
24.4503
24.4503
24.4503
24.4503
24.4503
24.4503
24.4503
24.4503
24.4503
-0.0992504
-0.0992499
-0.0992497
-0.0992495
-0.0992491
-0.0992487
-0.0992481
-0.0992462
-0.0992457
-0.0992464
-0.148301
-0.1483
-0.1483
-0.1483
-0.148299
-0.148298
-0.148297
-0.148295
-0.148294
-0.148295
-0.197351
-0.197351
-0.19735
-0.19735
-0.197349
-0.197348
-0.197347
-0.197346
-0.197345
-0.197344
-0.246401
-0.246401
-0.246401
-0.2464
-0.2464
-0.246399
-0.246399
-0.246398
-0.246398
-0.246397
-0.295451
-0.295451
-0.295451
-0.295451
-0.29545
-0.29545
-0.295449
-0.295449
-0.295449
-0.295448
-0.344501
-0.344501
-0.344501
-0.344501
-0.3445
-0.3445
-0.3445
-0.344499
-0.344499
-0.344499
-0.393551
-0.393551
-0.39355
-0.39355
-0.39355
-0.39355
-0.393549
-0.393549
-0.393549
-0.393549
-0.4426
-0.4426
-0.4426
-0.4426
-0.442599
-0.442599
-0.442599
-0.442599
-0.442599
-0.442599
-0.49165
-0.49165
-0.491649
-0.491649
-0.491649
-0.491649
-0.491648
-0.491648
-0.491648
-0.491648
-0.5407
-0.5407
-0.540699
-0.540699
-0.540699
-0.540698
-0.540698
-0.540698
-0.540698
-0.540697
-0.58975
-0.58975
-0.58975
-0.589749
-0.589749
-0.589748
-0.589748
-0.589748
-0.589748
-0.589748
-0.638801
-0.638801
-0.6388
-0.6388
-0.6388
-0.638799
-0.638799
-0.638799
-0.638798
-0.638798
367.801
367.801
367.801
367.801
367.801
367.801
367.801
367.801
367.8
367.801
318.75
318.75
318.75
318.751
318.751
318.751
318.751
318.751
318.751
318.751
269.7
269.7
269.7
269.7
269.7
269.7
269.7
269.7
269.701
269.701
220.65
220.65
220.65
220.65
220.65
220.65
220.65
220.65
220.65
220.65
171.6
171.6
171.6
171.6
171.6
171.6
171.6
171.6
171.6
171.6
122.55
122.55
122.55
122.55
122.55
122.55
122.55
122.55
122.55
122.55
73.5003
73.5003
73.5003
73.5003
73.5003
73.5003
73.5003
73.5003
73.5003
73.5003
24.4503
24.4503
24.4503
24.4503
24.4503
24.4503
24.4503
24.4503
24.4503
24.4503
-0.0992501
-0.0992496
-0.0992494
-0.0992491
-0.0992488
-0.0992483
-0.0992478
-0.0992457
-0.099245
-0.0992459
-0.148301
-0.1483
-0.1483
-0.148299
-0.148299
-0.148298
-0.148297
-0.148295
-0.148294
-0.148295
-0.197351
-0.19735
-0.19735
-0.19735
-0.197349
-0.197348
-0.197348
-0.197346
-0.197346
-0.197345
-0.246401
-0.246401
-0.246401
-0.2464
-0.2464
-0.246399
-0.246399
-0.246398
-0.246398
-0.246397
-0.295451
-0.295451
-0.295451
-0.29545
-0.29545
-0.29545
-0.29545
-0.295449
-0.295449
-0.295449
-0.344501
-0.344501
-0.344501
-0.3445
-0.3445
-0.3445
-0.3445
-0.3445
-0.3445
-0.344499
-0.393551
-0.39355
-0.39355
-0.39355
-0.39355
-0.39355
-0.393549
-0.393549
-0.393549
-0.393549
-0.4426
-0.4426
-0.4426
-0.4426
-0.442599
-0.442599
-0.442599
-0.442599
-0.442598
-0.442598
-0.49165
-0.49165
-0.491649
-0.491649
-0.491649
-0.491648
-0.491648
-0.491648
-0.491648
-0.491647
-0.5407
-0.5407
-0.540699
-0.540699
-0.540699
-0.540698
-0.540698
-0.540697
-0.540697
-0.540697
-0.58975
-0.58975
-0.58975
-0.589749
-0.589749
-0.589748
-0.589748
-0.589747
-0.589747
-0.589747
-0.638801
-0.638801
-0.6388
-0.6388
-0.6388
-0.638799
-0.638799
-0.638798
-0.638798
-0.638798
367.801
367.801
367.801
367.801
367.801
367.801
367.801
367.801
367.8
367.8
318.75
318.75
318.75
318.751
318.751
318.751
318.751
318.751
318.751
318.751
269.7
269.7
269.7
269.7
269.7
269.7
269.7
269.7
269.7
269.701
220.65
220.65
220.65
220.65
220.65
220.65
220.65
220.65
220.65
220.65
171.6
171.6
171.6
171.6
171.6
171.6
171.6
171.6
171.6
171.6
122.55
122.55
122.55
122.55
122.55
122.55
122.55
122.55
122.55
122.55
73.5003
73.5003
73.5003
73.5003
73.5003
73.5003
73.5003
73.5003
73.5003
73.5003
24.4503
24.4503
24.4503
24.4503
24.4503
24.4503
24.4503
24.4503
24.4503
24.4503
-0.0992499
-0.0992494
-0.0992493
-0.099249
-0.0992486
-0.0992482
-0.0992476
-0.0992453
-0.0992443
-0.0992453
-0.148301
-0.1483
-0.1483
-0.148299
-0.148299
-0.148298
-0.148297
-0.148295
-0.148294
-0.148296
-0.197351
-0.19735
-0.19735
-0.19735
-0.197349
-0.197348
-0.197348
-0.197346
-0.197346
-0.197346
-0.246401
-0.246401
-0.2464
-0.2464
-0.2464
-0.246399
-0.246399
-0.246398
-0.246398
-0.246398
-0.295451
-0.295451
-0.295451
-0.29545
-0.29545
-0.29545
-0.29545
-0.295449
-0.295449
-0.295449
-0.344501
-0.344501
-0.344501
-0.3445
-0.3445
-0.3445
-0.3445
-0.3445
-0.3445
-0.344499
-0.393551
-0.39355
-0.39355
-0.39355
-0.39355
-0.39355
-0.393549
-0.393549
-0.393549
-0.393549
-0.4426
-0.4426
-0.4426
-0.442599
-0.442599
-0.442599
-0.442599
-0.442598
-0.442598
-0.442598
-0.49165
-0.49165
-0.491649
-0.491649
-0.491649
-0.491648
-0.491648
-0.491648
-0.491647
-0.491647
-0.5407
-0.5407
-0.540699
-0.540699
-0.540699
-0.540698
-0.540698
-0.540697
-0.540697
-0.540697
-0.58975
-0.58975
-0.58975
-0.589749
-0.589749
-0.589748
-0.589748
-0.589747
-0.589747
-0.589747
-0.638801
-0.638801
-0.638801
-0.6388
-0.6388
-0.638799
-0.638799
-0.638798
-0.638798
-0.638798
367.801
367.801
367.801
367.801
367.801
367.801
367.801
367.801
367.8
367.8
318.75
318.75
318.75
318.751
318.751
318.751
318.751
318.751
318.75
318.75
269.7
269.7
269.7
269.7
269.7
269.7
269.7
269.7
269.7
269.7
220.65
220.65
220.65
220.65
220.65
220.65
220.65
220.65
220.65
220.65
171.6
171.6
171.6
171.6
171.6
171.6
171.6
171.6
171.6
171.6
122.55
122.55
122.55
122.55
122.55
122.55
122.55
122.55
122.55
122.55
73.5003
73.5003
73.5003
73.5003
73.5003
73.5003
73.5003
73.5003
73.5003
73.5003
24.4503
24.4503
24.4503
24.4503
24.4503
24.4503
24.4503
24.4503
24.4503
24.4503
-0.09925
-0.0992496
-0.0992494
-0.0992491
-0.0992487
-0.0992483
-0.0992476
-0.0992455
-0.0992438
-0.099244
-0.148301
-0.1483
-0.1483
-0.148299
-0.148299
-0.148298
-0.148298
-0.148296
-0.148295
-0.148296
-0.197351
-0.197351
-0.19735
-0.19735
-0.197349
-0.197349
-0.197348
-0.197347
-0.197346
-0.197347
-0.246401
-0.246401
-0.246401
-0.2464
-0.2464
-0.2464
-0.246399
-0.246399
-0.246399
-0.246399
-0.295451
-0.295451
-0.295451
-0.295451
-0.29545
-0.29545
-0.29545
-0.29545
-0.29545
-0.29545
-0.344501
-0.344501
-0.344501
-0.344501
-0.3445
-0.3445
-0.3445
-0.3445
-0.3445
-0.3445
-0.393551
-0.39355
-0.39355
-0.39355
-0.39355
-0.39355
-0.393549
-0.393549
-0.393549
-0.393549
-0.4426
-0.4426
-0.4426
-0.4426
-0.442599
-0.442599
-0.442599
-0.442598
-0.442598
-0.442598
-0.49165
-0.49165
-0.49165
-0.491649
-0.491649
-0.491648
-0.491648
-0.491648
-0.491647
-0.491647
-0.5407
-0.5407
-0.5407
-0.540699
-0.540699
-0.540698
-0.540698
-0.540697
-0.540697
-0.540697
-0.58975
-0.58975
-0.58975
-0.58975
-0.589749
-0.589749
-0.589748
-0.589748
-0.589748
-0.589747
-0.638801
-0.638801
-0.638801
-0.6388
-0.6388
-0.638799
-0.638799
-0.638799
-0.638798
-0.638798
-0.687852
-0.687852
-0.687852
-0.687853
-0.687853
-0.687853
-0.687854
-0.687854
-0.687854
-0.687855
-0.736903
-0.736903
-0.736903
-0.736903
-0.736904
-0.736904
-0.736904
-0.736904
-0.736904
-0.736904
-0.785954
-0.785954
-0.785954
-0.785954
-0.785954
-0.785954
-0.785954
-0.785954
-0.785954
-0.785954
-0.835005
-0.835005
-0.835005
-0.835005
-0.835004
-0.835004
-0.835004
-0.835003
-0.835003
-0.835003
-0.884055
-0.884055
-0.884055
-0.884055
-0.884055
-0.884054
-0.884054
-0.884053
-0.884052
-0.884052
-0.933106
-0.933106
-0.933106
-0.933105
-0.933105
-0.933104
-0.933104
-0.933103
-0.933102
-0.933101
-0.982156
-0.982156
-0.982156
-0.982155
-0.982155
-0.982154
-0.982154
-0.982153
-0.982152
-0.982151
-1.03121
-1.03121
-1.03121
-1.03121
-1.03121
-1.0312
-1.0312
-1.0312
-1.0312
-1.0312
-1.08026
-1.08026
-1.08026
-1.08026
-1.08026
-1.08025
-1.08025
-1.08025
-1.08025
-1.08025
-1.12931
-1.12931
-1.12931
-1.12931
-1.12931
-1.1293
-1.1293
-1.1293
-1.1293
-1.1293
-1.17836
-1.17836
-1.17836
-1.17836
-1.17836
-1.17835
-1.17835
-1.17835
-1.17835
-1.17835
-1.22741
-1.22741
-1.22741
-1.22741
-1.22741
-1.2274
-1.2274
-1.2274
-1.2274
-1.2274
-1.27646
-1.27646
-1.27646
-1.27646
-1.27646
-1.27646
-1.27645
-1.27645
-1.27645
-1.27645
-1.32552
-1.32551
-1.32551
-1.32551
-1.32551
-1.32551
-1.32551
-1.3255
-1.3255
-1.3255
-1.37457
-1.37457
-1.37457
-1.37456
-1.37456
-1.37456
-1.37456
-1.37455
-1.37455
-1.37455
-1.42362
-1.42362
-1.42362
-1.42362
-1.42362
-1.42361
-1.42361
-1.42361
-1.4236
-1.4236
-1.47268
-1.47268
-1.47268
-1.47267
-1.47267
-1.47266
-1.47266
-1.47266
-1.47265
-1.47265
-1.52174
-1.52174
-1.52173
-1.52173
-1.52172
-1.52172
-1.52171
-1.52171
-1.52171
-1.5217
-1.5708
-1.5708
-1.57079
-1.57079
-1.57078
-1.57077
-1.57077
-1.57076
-1.57076
-1.57076
-1.61986
-1.61986
-1.61985
-1.61985
-1.61984
-1.61983
-1.61982
-1.61982
-1.61981
-1.61981
-0.687852
-0.687852
-0.687853
-0.687853
-0.687853
-0.687854
-0.687854
-0.687854
-0.687855
-0.687855
-0.736903
-0.736903
-0.736903
-0.736904
-0.736904
-0.736904
-0.736904
-0.736904
-0.736904
-0.736905
-0.785954
-0.785954
-0.785954
-0.785954
-0.785954
-0.785954
-0.785954
-0.785954
-0.785954
-0.785954
-0.835005
-0.835005
-0.835005
-0.835005
-0.835005
-0.835004
-0.835004
-0.835004
-0.835003
-0.835003
-0.884056
-0.884056
-0.884055
-0.884055
-0.884055
-0.884054
-0.884054
-0.884053
-0.884053
-0.884052
-0.933106
-0.933106
-0.933106
-0.933105
-0.933105
-0.933105
-0.933104
-0.933103
-0.933102
-0.933102
-0.982156
-0.982156
-0.982156
-0.982156
-0.982155
-0.982155
-0.982154
-0.982153
-0.982152
-0.982151
-1.03121
-1.03121
-1.03121
-1.03121
-1.03121
-1.0312
-1.0312
-1.0312
-1.0312
-1.0312
-1.08026
-1.08026
-1.08026
-1.08026
-1.08026
-1.08025
-1.08025
-1.08025
-1.08025
-1.08025
-1.12931
-1.12931
-1.12931
-1.12931
-1.1293
-1.1293
-1.1293
-1.1293
-1.1293
-1.1293
-1.17836
-1.17836
-1.17836
-1.17836
-1.17836
-1.17835
-1.17835
-1.17835
-1.17835
-1.17835
-1.22741
-1.22741
-1.22741
-1.22741
-1.22741
-1.2274
-1.2274
-1.2274
-1.2274
-1.2274
-1.27646
-1.27646
-1.27646
-1.27646
-1.27646
-1.27646
-1.27645
-1.27645
-1.27645
-1.27645
-1.32552
-1.32551
-1.32551
-1.32551
-1.32551
-1.32551
-1.32551
-1.3255
-1.3255
-1.3255
-1.37457
-1.37457
-1.37457
-1.37456
-1.37456
-1.37456
-1.37456
-1.37455
-1.37455
-1.37455
-1.42362
-1.42362
-1.42362
-1.42362
-1.42361
-1.42361
-1.42361
-1.4236
-1.4236
-1.4236
-1.47268
-1.47268
-1.47267
-1.47267
-1.47267
-1.47266
-1.47266
-1.47266
-1.47265
-1.47265
-1.52174
-1.52173
-1.52173
-1.52173
-1.52172
-1.52172
-1.52171
-1.52171
-1.5217
-1.5217
-1.5708
-1.57079
-1.57079
-1.57079
-1.57078
-1.57077
-1.57077
-1.57076
-1.57076
-1.57075
-1.61986
-1.61986
-1.61985
-1.61985
-1.61984
-1.61983
-1.61982
-1.61981
-1.61981
-1.6198
-0.687852
-0.687852
-0.687852
-0.687853
-0.687853
-0.687853
-0.687854
-0.687854
-0.687854
-0.687855
-0.736903
-0.736903
-0.736903
-0.736903
-0.736904
-0.736904
-0.736904
-0.736904
-0.736904
-0.736905
-0.785954
-0.785954
-0.785954
-0.785954
-0.785954
-0.785954
-0.785954
-0.785954
-0.785954
-0.785954
-0.835005
-0.835005
-0.835005
-0.835005
-0.835005
-0.835004
-0.835004
-0.835004
-0.835003
-0.835003
-0.884056
-0.884056
-0.884055
-0.884055
-0.884055
-0.884054
-0.884054
-0.884053
-0.884053
-0.884052
-0.933106
-0.933106
-0.933106
-0.933105
-0.933105
-0.933105
-0.933104
-0.933103
-0.933102
-0.933101
-0.982156
-0.982156
-0.982156
-0.982156
-0.982155
-0.982155
-0.982154
-0.982153
-0.982152
-0.982151
-1.03121
-1.03121
-1.03121
-1.03121
-1.03121
-1.0312
-1.0312
-1.0312
-1.0312
-1.0312
-1.08026
-1.08026
-1.08026
-1.08026
-1.08026
-1.08025
-1.08025
-1.08025
-1.08025
-1.08025
-1.12931
-1.12931
-1.12931
-1.12931
-1.1293
-1.1293
-1.1293
-1.1293
-1.1293
-1.1293
-1.17836
-1.17836
-1.17836
-1.17836
-1.17835
-1.17835
-1.17835
-1.17835
-1.17835
-1.17835
-1.22741
-1.22741
-1.22741
-1.22741
-1.22741
-1.2274
-1.2274
-1.2274
-1.2274
-1.2274
-1.27646
-1.27646
-1.27646
-1.27646
-1.27646
-1.27646
-1.27645
-1.27645
-1.27645
-1.27645
-1.32551
-1.32551
-1.32551
-1.32551
-1.32551
-1.32551
-1.3255
-1.3255
-1.3255
-1.3255
-1.37457
-1.37457
-1.37457
-1.37456
-1.37456
-1.37456
-1.37456
-1.37455
-1.37455
-1.37455
-1.42362
-1.42362
-1.42362
-1.42362
-1.42361
-1.42361
-1.42361
-1.4236
-1.4236
-1.4236
-1.47268
-1.47268
-1.47267
-1.47267
-1.47267
-1.47266
-1.47266
-1.47265
-1.47265
-1.47265
-1.52173
-1.52173
-1.52173
-1.52172
-1.52172
-1.52171
-1.52171
-1.5217
-1.5217
-1.5217
-1.57079
-1.57079
-1.57079
-1.57078
-1.57078
-1.57077
-1.57076
-1.57076
-1.57075
-1.57075
-1.61986
-1.61985
-1.61985
-1.61984
-1.61983
-1.61983
-1.61982
-1.61981
-1.6198
-1.6198
-0.687852
-0.687852
-0.687852
-0.687852
-0.687853
-0.687853
-0.687854
-0.687854
-0.687854
-0.687855
-0.736903
-0.736903
-0.736903
-0.736903
-0.736903
-0.736904
-0.736904
-0.736904
-0.736904
-0.736905
-0.785954
-0.785954
-0.785954
-0.785954
-0.785954
-0.785954
-0.785954
-0.785954
-0.785954
-0.785954
-0.835005
-0.835005
-0.835005
-0.835005
-0.835004
-0.835004
-0.835004
-0.835003
-0.835003
-0.835003
-0.884055
-0.884056
-0.884055
-0.884055
-0.884055
-0.884054
-0.884054
-0.884053
-0.884052
-0.884052
-0.933106
-0.933106
-0.933106
-0.933106
-0.933105
-0.933105
-0.933104
-0.933103
-0.933102
-0.933101
-0.982156
-0.982156
-0.982156
-0.982156
-0.982155
-0.982155
-0.982154
-0.982153
-0.982152
-0.982151
-1.03121
-1.03121
-1.03121
-1.03121
-1.03121
-1.0312
-1.0312
-1.0312
-1.0312
-1.0312
-1.08026
-1.08026
-1.08026
-1.08026
-1.08025
-1.08025
-1.08025
-1.08025
-1.08025
-1.08025
-1.12931
-1.12931
-1.12931
-1.12931
-1.1293
-1.1293
-1.1293
-1.1293
-1.1293
-1.1293
-1.17836
-1.17836
-1.17836
-1.17836
-1.17835
-1.17835
-1.17835
-1.17835
-1.17835
-1.17835
-1.22741
-1.22741
-1.22741
-1.22741
-1.22741
-1.2274
-1.2274
-1.2274
-1.2274
-1.2274
-1.27646
-1.27646
-1.27646
-1.27646
-1.27646
-1.27645
-1.27645
-1.27645
-1.27645
-1.27645
-1.32551
-1.32551
-1.32551
-1.32551
-1.32551
-1.32551
-1.3255
-1.3255
-1.3255
-1.3255
-1.37457
-1.37457
-1.37456
-1.37456
-1.37456
-1.37456
-1.37455
-1.37455
-1.37455
-1.37455
-1.42362
-1.42362
-1.42362
-1.42361
-1.42361
-1.42361
-1.4236
-1.4236
-1.4236
-1.4236
-1.47267
-1.47267
-1.47267
-1.47267
-1.47266
-1.47266
-1.47265
-1.47265
-1.47265
-1.47265
-1.52173
-1.52173
-1.52173
-1.52172
-1.52172
-1.52171
-1.52171
-1.5217
-1.5217
-1.52169
-1.57079
-1.57079
-1.57078
-1.57078
-1.57077
-1.57076
-1.57076
-1.57075
-1.57075
-1.57074
-1.61985
-1.61985
-1.61984
-1.61984
-1.61983
-1.61982
-1.61981
-1.6198
-1.6198
-1.61979
-0.687851
-0.687852
-0.687852
-0.687852
-0.687853
-0.687853
-0.687853
-0.687854
-0.687854
-0.687855
-0.736902
-0.736903
-0.736903
-0.736903
-0.736903
-0.736903
-0.736904
-0.736904
-0.736904
-0.736904
-0.785953
-0.785954
-0.785954
-0.785954
-0.785954
-0.785954
-0.785954
-0.785954
-0.785953
-0.785954
-0.835005
-0.835005
-0.835005
-0.835005
-0.835004
-0.835004
-0.835004
-0.835003
-0.835003
-0.835003
-0.884055
-0.884056
-0.884055
-0.884055
-0.884055
-0.884054
-0.884054
-0.884053
-0.884052
-0.884052
-0.933106
-0.933106
-0.933106
-0.933106
-0.933105
-0.933105
-0.933104
-0.933103
-0.933102
-0.933101
-0.982156
-0.982156
-0.982156
-0.982156
-0.982155
-0.982155
-0.982154
-0.982153
-0.982152
-0.982151
-1.03121
-1.03121
-1.03121
-1.03121
-1.03121
-1.0312
-1.0312
-1.0312
-1.0312
-1.0312
-1.08026
-1.08026
-1.08026
-1.08026
-1.08025
-1.08025
-1.08025
-1.08025
-1.08025
-1.08025
-1.12931
-1.12931
-1.12931
-1.12931
-1.1293
-1.1293
-1.1293
-1.1293
-1.1293
-1.1293
-1.17836
-1.17836
-1.17836
-1.17836
-1.17835
-1.17835
-1.17835
-1.17835
-1.17835
-1.17835
-1.22741
-1.22741
-1.22741
-1.22741
-1.2274
-1.2274
-1.2274
-1.2274
-1.2274
-1.2274
-1.27646
-1.27646
-1.27646
-1.27646
-1.27646
-1.27645
-1.27645
-1.27645
-1.27645
-1.27645
-1.32551
-1.32551
-1.32551
-1.32551
-1.32551
-1.3255
-1.3255
-1.3255
-1.3255
-1.3255
-1.37456
-1.37456
-1.37456
-1.37456
-1.37456
-1.37455
-1.37455
-1.37455
-1.37455
-1.37455
-1.42362
-1.42362
-1.42361
-1.42361
-1.42361
-1.4236
-1.4236
-1.4236
-1.4236
-1.42359
-1.47267
-1.47267
-1.47267
-1.47266
-1.47266
-1.47266
-1.47265
-1.47265
-1.47264
-1.47264
-1.52173
-1.52172
-1.52172
-1.52172
-1.52171
-1.52171
-1.5217
-1.5217
-1.52169
-1.52169
-1.57078
-1.57078
-1.57078
-1.57077
-1.57077
-1.57076
-1.57075
-1.57075
-1.57074
-1.57074
-1.61984
-1.61984
-1.61984
-1.61983
-1.61982
-1.61981
-1.6198
-1.6198
-1.61979
-1.61979
-0.687851
-0.687851
-0.687852
-0.687852
-0.687852
-0.687853
-0.687853
-0.687854
-0.687854
-0.687855
-0.736902
-0.736902
-0.736903
-0.736903
-0.736903
-0.736903
-0.736903
-0.736903
-0.736904
-0.736904
-0.785953
-0.785954
-0.785954
-0.785954
-0.785954
-0.785954
-0.785954
-0.785953
-0.785953
-0.785953
-0.835005
-0.835005
-0.835005
-0.835005
-0.835004
-0.835004
-0.835004
-0.835003
-0.835003
-0.835002
-0.884056
-0.884056
-0.884056
-0.884055
-0.884055
-0.884055
-0.884054
-0.884053
-0.884053
-0.884052
-0.933106
-0.933106
-0.933106
-0.933106
-0.933105
-0.933105
-0.933104
-0.933103
-0.933102
-0.933102
-0.982156
-0.982156
-0.982156
-0.982156
-0.982155
-0.982155
-0.982154
-0.982153
-0.982152
-0.982151
-1.03121
-1.03121
-1.03121
-1.03121
-1.03121
-1.0312
-1.0312
-1.0312
-1.0312
-1.0312
-1.08026
-1.08026
-1.08026
-1.08026
-1.08025
-1.08025
-1.08025
-1.08025
-1.08025
-1.08025
-1.12931
-1.12931
-1.12931
-1.12931
-1.1293
-1.1293
-1.1293
-1.1293
-1.1293
-1.1293
-1.17836
-1.17836
-1.17836
-1.17836
-1.17835
-1.17835
-1.17835
-1.17835
-1.17835
-1.17835
-1.22741
-1.22741
-1.22741
-1.22741
-1.2274
-1.2274
-1.2274
-1.2274
-1.2274
-1.2274
-1.27646
-1.27646
-1.27646
-1.27646
-1.27645
-1.27645
-1.27645
-1.27645
-1.27645
-1.27645
-1.32551
-1.32551
-1.32551
-1.32551
-1.32551
-1.3255
-1.3255
-1.3255
-1.3255
-1.3255
-1.37456
-1.37456
-1.37456
-1.37456
-1.37456
-1.37455
-1.37455
-1.37455
-1.37455
-1.37455
-1.42361
-1.42361
-1.42361
-1.42361
-1.42361
-1.4236
-1.4236
-1.4236
-1.42359
-1.42359
-1.47267
-1.47267
-1.47266
-1.47266
-1.47266
-1.47265
-1.47265
-1.47264
-1.47264
-1.47264
-1.52172
-1.52172
-1.52172
-1.52171
-1.52171
-1.5217
-1.5217
-1.52169
-1.52169
-1.52169
-1.57078
-1.57078
-1.57077
-1.57077
-1.57076
-1.57075
-1.57075
-1.57074
-1.57074
-1.57073
-1.61984
-1.61983
-1.61983
-1.61982
-1.61981
-1.6198
-1.6198
-1.61979
-1.61978
-1.61978
-0.687851
-0.687851
-0.687851
-0.687852
-0.687852
-0.687853
-0.687853
-0.687853
-0.687854
-0.687855
-0.736902
-0.736902
-0.736902
-0.736903
-0.736903
-0.736903
-0.736903
-0.736903
-0.736903
-0.736904
-0.785953
-0.785954
-0.785954
-0.785954
-0.785954
-0.785954
-0.785953
-0.785953
-0.785953
-0.785953
-0.835004
-0.835005
-0.835005
-0.835005
-0.835004
-0.835004
-0.835004
-0.835003
-0.835003
-0.835002
-0.884056
-0.884056
-0.884056
-0.884055
-0.884055
-0.884055
-0.884054
-0.884053
-0.884053
-0.884052
-0.933106
-0.933106
-0.933106
-0.933106
-0.933105
-0.933105
-0.933104
-0.933104
-0.933103
-0.933102
-0.982156
-0.982156
-0.982156
-0.982156
-0.982156
-0.982155
-0.982154
-0.982154
-0.982153
-0.982152
-1.03121
-1.03121
-1.03121
-1.03121
-1.03121
-1.0312
-1.0312
-1.0312
-1.0312
-1.0312
-1.08026
-1.08026
-1.08026
-1.08026
-1.08025
-1.08025
-1.08025
-1.08025
-1.08025
-1.08025
-1.12931
-1.12931
-1.12931
-1.1293
-1.1293
-1.1293
-1.1293
-1.1293
-1.1293
-1.1293
-1.17836
-1.17836
-1.17836
-1.17835
-1.17835
-1.17835
-1.17835
-1.17835
-1.17835
-1.17835
-1.22741
-1.22741
-1.22741
-1.2274
-1.2274
-1.2274
-1.2274
-1.2274
-1.2274
-1.2274
-1.27646
-1.27646
-1.27646
-1.27645
-1.27645
-1.27645
-1.27645
-1.27645
-1.27645
-1.27645
-1.32551
-1.32551
-1.32551
-1.32551
-1.3255
-1.3255
-1.3255
-1.3255
-1.3255
-1.3255
-1.37456
-1.37456
-1.37456
-1.37456
-1.37455
-1.37455
-1.37455
-1.37455
-1.37454
-1.37454
-1.42361
-1.42361
-1.42361
-1.42361
-1.4236
-1.4236
-1.4236
-1.42359
-1.42359
-1.42359
-1.47266
-1.47266
-1.47266
-1.47266
-1.47265
-1.47265
-1.47264
-1.47264
-1.47264
-1.47264
-1.52172
-1.52172
-1.52171
-1.52171
-1.5217
-1.5217
-1.52169
-1.52169
-1.52168
-1.52168
-1.57077
-1.57077
-1.57077
-1.57076
-1.57076
-1.57075
-1.57074
-1.57074
-1.57073
-1.57073
-1.61983
-1.61983
-1.61982
-1.61981
-1.61981
-1.6198
-1.61979
-1.61978
-1.61978
-1.61977
-0.687851
-0.687851
-0.687851
-0.687852
-0.687852
-0.687852
-0.687853
-0.687853
-0.687854
-0.687854
-0.736902
-0.736902
-0.736902
-0.736903
-0.736903
-0.736903
-0.736903
-0.736903
-0.736903
-0.736903
-0.785953
-0.785954
-0.785954
-0.785954
-0.785954
-0.785953
-0.785953
-0.785953
-0.785953
-0.785953
-0.835004
-0.835005
-0.835005
-0.835005
-0.835004
-0.835004
-0.835004
-0.835003
-0.835003
-0.835002
-0.884056
-0.884056
-0.884056
-0.884055
-0.884055
-0.884055
-0.884054
-0.884054
-0.884053
-0.884052
-0.933106
-0.933106
-0.933106
-0.933106
-0.933106
-0.933105
-0.933105
-0.933104
-0.933103
-0.933103
-0.982156
-0.982157
-0.982156
-0.982156
-0.982156
-0.982155
-0.982155
-0.982154
-0.982153
-0.982153
-1.03121
-1.03121
-1.03121
-1.03121
-1.03121
-1.0312
-1.0312
-1.0312
-1.0312
-1.0312
-1.08026
-1.08026
-1.08026
-1.08026
-1.08025
-1.08025
-1.08025
-1.08025
-1.08025
-1.08025
-1.12931
-1.12931
-1.12931
-1.1293
-1.1293
-1.1293
-1.1293
-1.1293
-1.1293
-1.1293
-1.17836
-1.17836
-1.17835
-1.17835
-1.17835
-1.17835
-1.17835
-1.17835
-1.17835
-1.17835
-1.22741
-1.22741
-1.2274
-1.2274
-1.2274
-1.2274
-1.2274
-1.2274
-1.2274
-1.2274
-1.27646
-1.27646
-1.27645
-1.27645
-1.27645
-1.27645
-1.27645
-1.27645
-1.27645
-1.27645
-1.32551
-1.32551
-1.32551
-1.3255
-1.3255
-1.3255
-1.3255
-1.3255
-1.3255
-1.3255
-1.37456
-1.37456
-1.37456
-1.37455
-1.37455
-1.37455
-1.37455
-1.37454
-1.37454
-1.37454
-1.42361
-1.42361
-1.42361
-1.4236
-1.4236
-1.4236
-1.42359
-1.42359
-1.42359
-1.42359
-1.47266
-1.47266
-1.47266
-1.47265
-1.47265
-1.47265
-1.47264
-1.47264
-1.47264
-1.47263
-1.52171
-1.52171
-1.52171
-1.52171
-1.5217
-1.5217
-1.52169
-1.52168
-1.52168
-1.52168
-1.57077
-1.57077
-1.57076
-1.57076
-1.57075
-1.57074
-1.57074
-1.57073
-1.57072
-1.57072
-1.61982
-1.61982
-1.61982
-1.61981
-1.6198
-1.61979
-1.61978
-1.61977
-1.61977
-1.61976
-0.687851
-0.687851
-0.687851
-0.687851
-0.687852
-0.687852
-0.687853
-0.687853
-0.687853
-0.687854
-0.736902
-0.736902
-0.736902
-0.736903
-0.736903
-0.736903
-0.736903
-0.736903
-0.736903
-0.736903
-0.785953
-0.785954
-0.785954
-0.785954
-0.785954
-0.785953
-0.785953
-0.785953
-0.785953
-0.785952
-0.835004
-0.835005
-0.835005
-0.835005
-0.835004
-0.835004
-0.835004
-0.835003
-0.835003
-0.835002
-0.884056
-0.884056
-0.884056
-0.884055
-0.884055
-0.884055
-0.884054
-0.884054
-0.884053
-0.884053
-0.933106
-0.933106
-0.933106
-0.933106
-0.933106
-0.933105
-0.933105
-0.933104
-0.933104
-0.933103
-0.982156
-0.982157
-0.982156
-0.982156
-0.982156
-0.982156
-0.982155
-0.982155
-0.982154
-0.982154
-1.03121
-1.03121
-1.03121
-1.03121
-1.03121
-1.03121
-1.0312
-1.0312
-1.0312
-1.0312
-1.08026
-1.08026
-1.08026
-1.08026
-1.08026
-1.08025
-1.08025
-1.08025
-1.08025
-1.08025
-1.12931
-1.12931
-1.1293
-1.1293
-1.1293
-1.1293
-1.1293
-1.1293
-1.1293
-1.1293
-1.17836
-1.17835
-1.17835
-1.17835
-1.17835
-1.17835
-1.17835
-1.17835
-1.17835
-1.17835
-1.2274
-1.2274
-1.2274
-1.2274
-1.2274
-1.2274
-1.2274
-1.2274
-1.2274
-1.2274
-1.27645
-1.27645
-1.27645
-1.27645
-1.27645
-1.27645
-1.27645
-1.27645
-1.27645
-1.27645
-1.32551
-1.3255
-1.3255
-1.3255
-1.3255
-1.3255
-1.3255
-1.3255
-1.3255
-1.3255
-1.37456
-1.37456
-1.37455
-1.37455
-1.37455
-1.37455
-1.37455
-1.37454
-1.37454
-1.37454
-1.42361
-1.42361
-1.4236
-1.4236
-1.4236
-1.4236
-1.42359
-1.42359
-1.42359
-1.42359
-1.47266
-1.47266
-1.47266
-1.47265
-1.47265
-1.47264
-1.47264
-1.47264
-1.47263
-1.47263
-1.52171
-1.52171
-1.52171
-1.5217
-1.5217
-1.52169
-1.52169
-1.52168
-1.52168
-1.52167
-1.57076
-1.57076
-1.57076
-1.57075
-1.57075
-1.57074
-1.57073
-1.57073
-1.57072
-1.57071
-1.61982
-1.61982
-1.61981
-1.6198
-1.6198
-1.61979
-1.61978
-1.61977
-1.61976
-1.61975
-0.687851
-0.687851
-0.687851
-0.687851
-0.687852
-0.687852
-0.687852
-0.687852
-0.687852
-0.687853
-0.736902
-0.736902
-0.736902
-0.736903
-0.736903
-0.736903
-0.736903
-0.736902
-0.736902
-0.736902
-0.785953
-0.785954
-0.785954
-0.785954
-0.785954
-0.785953
-0.785953
-0.785953
-0.785952
-0.785952
-0.835004
-0.835005
-0.835005
-0.835005
-0.835004
-0.835004
-0.835004
-0.835003
-0.835003
-0.835002
-0.884056
-0.884056
-0.884056
-0.884056
-0.884055
-0.884055
-0.884055
-0.884054
-0.884054
-0.884053
-0.933106
-0.933106
-0.933106
-0.933106
-0.933106
-0.933106
-0.933105
-0.933105
-0.933104
-0.933104
-0.982156
-0.982157
-0.982157
-0.982156
-0.982156
-0.982156
-0.982155
-0.982155
-0.982155
-0.982154
-1.03121
-1.03121
-1.03121
-1.03121
-1.03121
-1.03121
-1.03121
-1.0312
-1.0312
-1.0312
-1.08026
-1.08026
-1.08026
-1.08026
-1.08026
-1.08025
-1.08025
-1.08025
-1.08025
-1.08025
-1.12931
-1.12931
-1.1293
-1.1293
-1.1293
-1.1293
-1.1293
-1.1293
-1.1293
-1.1293
-1.17835
-1.17835
-1.17835
-1.17835
-1.17835
-1.17835
-1.17835
-1.17835
-1.17835
-1.17835
-1.2274
-1.2274
-1.2274
-1.2274
-1.2274
-1.2274
-1.2274
-1.2274
-1.2274
-1.2274
-1.27645
-1.27645
-1.27645
-1.27645
-1.27645
-1.27645
-1.27645
-1.27645
-1.27645
-1.27645
-1.3255
-1.3255
-1.3255
-1.3255
-1.3255
-1.3255
-1.3255
-1.3255
-1.3255
-1.32549
-1.37455
-1.37455
-1.37455
-1.37455
-1.37455
-1.37455
-1.37455
-1.37454
-1.37454
-1.37454
-1.42361
-1.4236
-1.4236
-1.4236
-1.4236
-1.4236
-1.42359
-1.42359
-1.42359
-1.42359
-1.47266
-1.47266
-1.47265
-1.47265
-1.47265
-1.47264
-1.47264
-1.47264
-1.47263
-1.47263
-1.52171
-1.52171
-1.5217
-1.5217
-1.5217
-1.52169
-1.52169
-1.52168
-1.52168
-1.52167
-1.57076
-1.57076
-1.57076
-1.57075
-1.57074
-1.57074
-1.57073
-1.57072
-1.57072
-1.57071
-1.61982
-1.61981
-1.61981
-1.6198
-1.61979
-1.61978
-1.61977
-1.61977
-1.61976
-1.61975
-0.687851
-0.687851
-0.687851
-0.687851
-0.687851
-0.687852
-0.687852
-0.687852
-0.687852
-0.687852
-0.736902
-0.736902
-0.736903
-0.736903
-0.736903
-0.736903
-0.736902
-0.736902
-0.736902
-0.736902
-0.785953
-0.785954
-0.785954
-0.785954
-0.785954
-0.785953
-0.785953
-0.785953
-0.785952
-0.785952
-0.835004
-0.835005
-0.835005
-0.835005
-0.835004
-0.835004
-0.835004
-0.835003
-0.835003
-0.835003
-0.884055
-0.884056
-0.884056
-0.884056
-0.884055
-0.884055
-0.884055
-0.884054
-0.884054
-0.884053
-0.933106
-0.933106
-0.933106
-0.933106
-0.933106
-0.933106
-0.933105
-0.933105
-0.933105
-0.933104
-0.982156
-0.982157
-0.982157
-0.982157
-0.982156
-0.982156
-0.982156
-0.982155
-0.982155
-0.982155
-1.03121
-1.03121
-1.03121
-1.03121
-1.03121
-1.03121
-1.03121
-1.03121
-1.0312
-1.03121
-1.08026
-1.08026
-1.08026
-1.08026
-1.08026
-1.08025
-1.08025
-1.08025
-1.08025
-1.08025
-1.12931
-1.12931
-1.1293
-1.1293
-1.1293
-1.1293
-1.1293
-1.1293
-1.1293
-1.1293
-1.17835
-1.17835
-1.17835
-1.17835
-1.17835
-1.17835
-1.17835
-1.17835
-1.17835
-1.17835
-1.2274
-1.2274
-1.2274
-1.2274
-1.2274
-1.2274
-1.2274
-1.2274
-1.2274
-1.2274
-1.27645
-1.27645
-1.27645
-1.27645
-1.27645
-1.27645
-1.27645
-1.27645
-1.27645
-1.27645
-1.3255
-1.3255
-1.3255
-1.3255
-1.3255
-1.3255
-1.3255
-1.3255
-1.3255
-1.3255
-1.37455
-1.37455
-1.37455
-1.37455
-1.37455
-1.37455
-1.37455
-1.37454
-1.37454
-1.37454
-1.4236
-1.4236
-1.4236
-1.4236
-1.4236
-1.4236
-1.42359
-1.42359
-1.42359
-1.42359
-1.47266
-1.47266
-1.47265
-1.47265
-1.47265
-1.47264
-1.47264
-1.47264
-1.47263
-1.47263
-1.52171
-1.52171
-1.5217
-1.5217
-1.5217
-1.52169
-1.52169
-1.52168
-1.52168
-1.52167
-1.57076
-1.57076
-1.57076
-1.57075
-1.57074
-1.57074
-1.57073
-1.57072
-1.57072
-1.57072
-1.61981
-1.61981
-1.61981
-1.6198
-1.61979
-1.61978
-1.61977
-1.61977
-1.61976
-1.61976
-0.687851
-0.687851
-0.687851
-0.687851
-0.687851
-0.687851
-0.687852
-0.687851
-0.687851
-0.687851
-0.736902
-0.736903
-0.736903
-0.736903
-0.736903
-0.736903
-0.736902
-0.736902
-0.736902
-0.736901
-0.785953
-0.785954
-0.785954
-0.785954
-0.785954
-0.785953
-0.785953
-0.785953
-0.785952
-0.785952
-0.835004
-0.835005
-0.835005
-0.835005
-0.835005
-0.835004
-0.835004
-0.835003
-0.835003
-0.835003
-0.884055
-0.884056
-0.884056
-0.884056
-0.884055
-0.884055
-0.884055
-0.884054
-0.884054
-0.884053
-0.933106
-0.933106
-0.933106
-0.933106
-0.933106
-0.933106
-0.933106
-0.933105
-0.933105
-0.933104
-0.982156
-0.982157
-0.982157
-0.982157
-0.982156
-0.982156
-0.982156
-0.982155
-0.982155
-0.982155
-1.03121
-1.03121
-1.03121
-1.03121
-1.03121
-1.03121
-1.03121
-1.03121
-1.03121
-1.03121
-1.08026
-1.08026
-1.08026
-1.08026
-1.08026
-1.08025
-1.08025
-1.08025
-1.08025
-1.08026
-1.12931
-1.12931
-1.1293
-1.1293
-1.1293
-1.1293
-1.1293
-1.1293
-1.1293
-1.1293
-1.17835
-1.17835
-1.17835
-1.17835
-1.17835
-1.17835
-1.17835
-1.17835
-1.17835
-1.17835
-1.2274
-1.2274
-1.2274
-1.2274
-1.2274
-1.2274
-1.2274
-1.2274
-1.2274
-1.2274
-1.27645
-1.27645
-1.27645
-1.27645
-1.27645
-1.27645
-1.27645
-1.27645
-1.27645
-1.27645
-1.3255
-1.3255
-1.3255
-1.3255
-1.3255
-1.3255
-1.3255
-1.3255
-1.3255
-1.3255
-1.37455
-1.37455
-1.37455
-1.37455
-1.37455
-1.37455
-1.37455
-1.37454
-1.37454
-1.37454
-1.4236
-1.4236
-1.4236
-1.4236
-1.4236
-1.4236
-1.42359
-1.42359
-1.42359
-1.42359
-1.47266
-1.47266
-1.47265
-1.47265
-1.47265
-1.47264
-1.47264
-1.47264
-1.47263
-1.47263
-1.52171
-1.52171
-1.5217
-1.5217
-1.5217
-1.52169
-1.52169
-1.52168
-1.52168
-1.52168
-1.57076
-1.57076
-1.57076
-1.57075
-1.57074
-1.57074
-1.57073
-1.57073
-1.57072
-1.57072
-1.61981
-1.61981
-1.61981
-1.6198
-1.61979
-1.61978
-1.61977
-1.61977
-1.61976
-1.61976
-0.687851
-0.687851
-0.687851
-0.687851
-0.687851
-0.687851
-0.687851
-0.687851
-0.687851
-0.687851
-0.736902
-0.736903
-0.736903
-0.736903
-0.736903
-0.736902
-0.736902
-0.736902
-0.736901
-0.736901
-0.785953
-0.785954
-0.785954
-0.785954
-0.785954
-0.785953
-0.785953
-0.785952
-0.785952
-0.785952
-0.835005
-0.835005
-0.835005
-0.835005
-0.835005
-0.835004
-0.835004
-0.835003
-0.835003
-0.835002
-0.884055
-0.884056
-0.884056
-0.884056
-0.884056
-0.884055
-0.884055
-0.884054
-0.884054
-0.884053
-0.933106
-0.933106
-0.933106
-0.933106
-0.933106
-0.933106
-0.933106
-0.933105
-0.933105
-0.933104
-0.982157
-0.982157
-0.982157
-0.982157
-0.982156
-0.982156
-0.982156
-0.982155
-0.982155
-0.982155
-1.03121
-1.03121
-1.03121
-1.03121
-1.03121
-1.03121
-1.03121
-1.03121
-1.03121
-1.03121
-1.08026
-1.08026
-1.08026
-1.08026
-1.08026
-1.08025
-1.08025
-1.08025
-1.08025
-1.08026
-1.12931
-1.12931
-1.1293
-1.1293
-1.1293
-1.1293
-1.1293
-1.1293
-1.1293
-1.12931
-1.17835
-1.17835
-1.17835
-1.17835
-1.17835
-1.17835
-1.17835
-1.17835
-1.17835
-1.17835
-1.2274
-1.2274
-1.2274
-1.2274
-1.2274
-1.2274
-1.2274
-1.2274
-1.2274
-1.2274
-1.27645
-1.27645
-1.27645
-1.27645
-1.27645
-1.27645
-1.27645
-1.27645
-1.27645
-1.27645
-1.3255
-1.3255
-1.3255
-1.3255
-1.3255
-1.3255
-1.3255
-1.3255
-1.3255
-1.3255
-1.37455
-1.37455
-1.37455
-1.37455
-1.37455
-1.37455
-1.37455
-1.37455
-1.37454
-1.37454
-1.4236
-1.4236
-1.4236
-1.4236
-1.4236
-1.4236
-1.42359
-1.42359
-1.42359
-1.42359
-1.47266
-1.47266
-1.47265
-1.47265
-1.47265
-1.47264
-1.47264
-1.47264
-1.47264
-1.47263
-1.52171
-1.52171
-1.52171
-1.5217
-1.5217
-1.52169
-1.52169
-1.52168
-1.52168
-1.52168
-1.57076
-1.57076
-1.57076
-1.57075
-1.57075
-1.57074
-1.57073
-1.57073
-1.57072
-1.57072
-1.61982
-1.61981
-1.61981
-1.6198
-1.61979
-1.61979
-1.61978
-1.61977
-1.61976
-1.61976
-0.687851
-0.687851
-0.687851
-0.687851
-0.687851
-0.687851
-0.687851
-0.687851
-0.68785
-0.68785
-0.736902
-0.736903
-0.736903
-0.736903
-0.736903
-0.736902
-0.736902
-0.736901
-0.736901
-0.736901
-0.785954
-0.785954
-0.785954
-0.785954
-0.785954
-0.785953
-0.785953
-0.785952
-0.785952
-0.785951
-0.835005
-0.835005
-0.835005
-0.835005
-0.835005
-0.835004
-0.835004
-0.835003
-0.835003
-0.835002
-0.884055
-0.884056
-0.884056
-0.884056
-0.884056
-0.884055
-0.884055
-0.884054
-0.884054
-0.884053
-0.933106
-0.933106
-0.933106
-0.933106
-0.933106
-0.933106
-0.933106
-0.933105
-0.933105
-0.933104
-0.982157
-0.982157
-0.982157
-0.982157
-0.982156
-0.982156
-0.982156
-0.982155
-0.982155
-0.982155
-1.03121
-1.03121
-1.03121
-1.03121
-1.03121
-1.03121
-1.03121
-1.03121
-1.0312
-1.03121
-1.08026
-1.08026
-1.08026
-1.08026
-1.08026
-1.08025
-1.08025
-1.08025
-1.08026
-1.08026
-1.12931
-1.12931
-1.1293
-1.1293
-1.1293
-1.1293
-1.1293
-1.1293
-1.12931
-1.12931
-1.17835
-1.17835
-1.17835
-1.17835
-1.17835
-1.17835
-1.17835
-1.17835
-1.17835
-1.17836
-1.2274
-1.2274
-1.2274
-1.2274
-1.2274
-1.2274
-1.2274
-1.2274
-1.2274
-1.2274
-1.27645
-1.27645
-1.27645
-1.27645
-1.27645
-1.27645
-1.27645
-1.27645
-1.27645
-1.27645
-1.3255
-1.3255
-1.3255
-1.3255
-1.3255
-1.3255
-1.3255
-1.3255
-1.3255
-1.3255
-1.37455
-1.37455
-1.37455
-1.37455
-1.37455
-1.37455
-1.37455
-1.37455
-1.37455
-1.37454
-1.42361
-1.4236
-1.4236
-1.4236
-1.4236
-1.4236
-1.4236
-1.42359
-1.42359
-1.42359
-1.47266
-1.47266
-1.47266
-1.47265
-1.47265
-1.47265
-1.47264
-1.47264
-1.47264
-1.47264
-1.52171
-1.52171
-1.52171
-1.5217
-1.5217
-1.5217
-1.52169
-1.52169
-1.52168
-1.52168
-1.57077
-1.57076
-1.57076
-1.57076
-1.57075
-1.57074
-1.57074
-1.57073
-1.57073
-1.57072
-1.61982
-1.61982
-1.61981
-1.61981
-1.6198
-1.61979
-1.61978
-1.61977
-1.61977
-1.61976
-0.687851
-0.687851
-0.687851
-0.687851
-0.687851
-0.687851
-0.687851
-0.68785
-0.68785
-0.68785
-0.736903
-0.736903
-0.736903
-0.736903
-0.736903
-0.736902
-0.736902
-0.736901
-0.736901
-0.736901
-0.785954
-0.785954
-0.785954
-0.785954
-0.785954
-0.785953
-0.785953
-0.785952
-0.785952
-0.785951
-0.835005
-0.835005
-0.835005
-0.835005
-0.835005
-0.835004
-0.835004
-0.835003
-0.835003
-0.835002
-0.884056
-0.884056
-0.884056
-0.884056
-0.884056
-0.884055
-0.884055
-0.884054
-0.884054
-0.884053
-0.933106
-0.933106
-0.933106
-0.933106
-0.933106
-0.933106
-0.933105
-0.933105
-0.933104
-0.933104
-0.982157
-0.982157
-0.982157
-0.982157
-0.982156
-0.982156
-0.982155
-0.982155
-0.982155
-0.982154
-1.03121
-1.03121
-1.03121
-1.03121
-1.03121
-1.03121
-1.03121
-1.0312
-1.0312
-1.0312
-1.08026
-1.08026
-1.08026
-1.08026
-1.08026
-1.08025
-1.08025
-1.08025
-1.08026
-1.08026
-1.12931
-1.12931
-1.1293
-1.1293
-1.1293
-1.1293
-1.1293
-1.1293
-1.12931
-1.12931
-1.17835
-1.17835
-1.17835
-1.17835
-1.17835
-1.17835
-1.17835
-1.17835
-1.17836
-1.17836
-1.2274
-1.2274
-1.2274
-1.2274
-1.2274
-1.2274
-1.2274
-1.2274
-1.2274
-1.2274
-1.27645
-1.27645
-1.27645
-1.27645
-1.27645
-1.27645
-1.27645
-1.27645
-1.27645
-1.27645
-1.3255
-1.3255
-1.3255
-1.3255
-1.3255
-1.3255
-1.3255
-1.3255
-1.3255
-1.3255
-1.37456
-1.37455
-1.37455
-1.37455
-1.37455
-1.37455
-1.37455
-1.37455
-1.37455
-1.37455
-1.42361
-1.42361
-1.42361
-1.4236
-1.4236
-1.4236
-1.4236
-1.4236
-1.42359
-1.42359
-1.47266
-1.47266
-1.47266
-1.47265
-1.47265
-1.47265
-1.47265
-1.47264
-1.47264
-1.47264
-1.52171
-1.52171
-1.52171
-1.52171
-1.5217
-1.5217
-1.52169
-1.52169
-1.52169
-1.52169
-1.57077
-1.57077
-1.57076
-1.57076
-1.57075
-1.57075
-1.57074
-1.57074
-1.57073
-1.57073
-1.61983
-1.61982
-1.61982
-1.61981
-1.6198
-1.6198
-1.61979
-1.61978
-1.61978
-1.61977
-0.687852
-0.687852
-0.687852
-0.687851
-0.687851
-0.687851
-0.68785
-0.68785
-0.68785
-0.68785
-0.736903
-0.736903
-0.736903
-0.736903
-0.736903
-0.736902
-0.736902
-0.736901
-0.736901
-0.736901
-0.785954
-0.785954
-0.785954
-0.785954
-0.785954
-0.785954
-0.785953
-0.785952
-0.785952
-0.785951
-0.835005
-0.835005
-0.835005
-0.835005
-0.835005
-0.835005
-0.835004
-0.835003
-0.835003
-0.835002
-0.884056
-0.884056
-0.884056
-0.884056
-0.884056
-0.884055
-0.884055
-0.884054
-0.884053
-0.884053
-0.933106
-0.933106
-0.933106
-0.933106
-0.933106
-0.933106
-0.933105
-0.933105
-0.933104
-0.933104
-0.982156
-0.982157
-0.982157
-0.982156
-0.982156
-0.982156
-0.982155
-0.982155
-0.982154
-0.982154
-1.03121
-1.03121
-1.03121
-1.03121
-1.03121
-1.03121
-1.0312
-1.0312
-1.0312
-1.0312
-1.08026
-1.08026
-1.08026
-1.08026
-1.08025
-1.08025
-1.08025
-1.08026
-1.08026
-1.08026
-1.1293
-1.1293
-1.1293
-1.1293
-1.1293
-1.1293
-1.1293
-1.12931
-1.12931
-1.12931
-1.17835
-1.17835
-1.17835
-1.17835
-1.17835
-1.17835
-1.17835
-1.17836
-1.17836
-1.17836
-1.2274
-1.2274
-1.2274
-1.2274
-1.2274
-1.2274
-1.2274
-1.2274
-1.2274
-1.22741
-1.27645
-1.27645
-1.27645
-1.27645
-1.27645
-1.27645
-1.27645
-1.27645
-1.27645
-1.27645
-1.3255
-1.3255
-1.3255
-1.3255
-1.3255
-1.3255
-1.3255
-1.3255
-1.3255
-1.3255
-1.37456
-1.37456
-1.37456
-1.37455
-1.37455
-1.37455
-1.37455
-1.37455
-1.37455
-1.37455
-1.42361
-1.42361
-1.42361
-1.42361
-1.4236
-1.4236
-1.4236
-1.4236
-1.4236
-1.4236
-1.47266
-1.47266
-1.47266
-1.47266
-1.47265
-1.47265
-1.47265
-1.47265
-1.47264
-1.47264
-1.52172
-1.52172
-1.52171
-1.52171
-1.52171
-1.5217
-1.5217
-1.52169
-1.52169
-1.52169
-1.57077
-1.57077
-1.57077
-1.57076
-1.57076
-1.57075
-1.57075
-1.57074
-1.57074
-1.57074
-1.61983
-1.61983
-1.61982
-1.61982
-1.61981
-1.6198
-1.6198
-1.61979
-1.61979
-1.61978
-0.687852
-0.687852
-0.687852
-0.687851
-0.687851
-0.687851
-0.68785
-0.68785
-0.68785
-0.68785
-0.736903
-0.736903
-0.736903
-0.736903
-0.736903
-0.736902
-0.736902
-0.736901
-0.736901
-0.736901
-0.785954
-0.785954
-0.785954
-0.785954
-0.785954
-0.785954
-0.785953
-0.785952
-0.785951
-0.785951
-0.835005
-0.835005
-0.835005
-0.835005
-0.835005
-0.835005
-0.835004
-0.835003
-0.835002
-0.835002
-0.884056
-0.884056
-0.884056
-0.884056
-0.884056
-0.884055
-0.884055
-0.884054
-0.884053
-0.884053
-0.933106
-0.933106
-0.933106
-0.933106
-0.933106
-0.933105
-0.933105
-0.933104
-0.933104
-0.933104
-0.982156
-0.982156
-0.982156
-0.982156
-0.982156
-0.982155
-0.982155
-0.982155
-0.982154
-0.982154
-1.03121
-1.03121
-1.03121
-1.03121
-1.03121
-1.03121
-1.0312
-1.0312
-1.0312
-1.0312
-1.08026
-1.08026
-1.08026
-1.08025
-1.08025
-1.08025
-1.08025
-1.08026
-1.08026
-1.08026
-1.1293
-1.1293
-1.1293
-1.1293
-1.1293
-1.1293
-1.12931
-1.12931
-1.12931
-1.12931
-1.17835
-1.17835
-1.17835
-1.17835
-1.17835
-1.17835
-1.17836
-1.17836
-1.17836
-1.17836
-1.2274
-1.2274
-1.2274
-1.2274
-1.2274
-1.2274
-1.2274
-1.2274
-1.22741
-1.22741
-1.27645
-1.27645
-1.27645
-1.27645
-1.27645
-1.27645
-1.27645
-1.27645
-1.27645
-1.27645
-1.32551
-1.32551
-1.32551
-1.3255
-1.3255
-1.3255
-1.3255
-1.3255
-1.3255
-1.3255
-1.37456
-1.37456
-1.37456
-1.37456
-1.37455
-1.37455
-1.37455
-1.37455
-1.37455
-1.37455
-1.42361
-1.42361
-1.42361
-1.42361
-1.42361
-1.4236
-1.4236
-1.4236
-1.4236
-1.4236
-1.47266
-1.47266
-1.47266
-1.47266
-1.47266
-1.47265
-1.47265
-1.47265
-1.47265
-1.47265
-1.52172
-1.52172
-1.52172
-1.52171
-1.52171
-1.52171
-1.5217
-1.5217
-1.5217
-1.52169
-1.57078
-1.57078
-1.57077
-1.57077
-1.57076
-1.57076
-1.57075
-1.57075
-1.57074
-1.57074
-1.61984
-1.61983
-1.61983
-1.61982
-1.61982
-1.61981
-1.6198
-1.6198
-1.61979
-1.61979
-0.687852
-0.687852
-0.687852
-0.687851
-0.687851
-0.687851
-0.68785
-0.68785
-0.68785
-0.68785
-0.736903
-0.736903
-0.736903
-0.736903
-0.736903
-0.736902
-0.736902
-0.736901
-0.736901
-0.7369
-0.785954
-0.785955
-0.785954
-0.785954
-0.785954
-0.785954
-0.785953
-0.785952
-0.785951
-0.785951
-0.835005
-0.835005
-0.835005
-0.835005
-0.835005
-0.835005
-0.835004
-0.835003
-0.835002
-0.835002
-0.884056
-0.884056
-0.884056
-0.884056
-0.884056
-0.884055
-0.884054
-0.884054
-0.884053
-0.884053
-0.933106
-0.933106
-0.933106
-0.933106
-0.933106
-0.933105
-0.933105
-0.933104
-0.933104
-0.933104
-0.982156
-0.982156
-0.982156
-0.982156
-0.982155
-0.982155
-0.982155
-0.982155
-0.982154
-0.982154
-1.03121
-1.03121
-1.03121
-1.03121
-1.03121
-1.0312
-1.0312
-1.0312
-1.0312
-1.0312
-1.08026
-1.08026
-1.08025
-1.08025
-1.08025
-1.08025
-1.08026
-1.08026
-1.08026
-1.08025
-1.1293
-1.1293
-1.1293
-1.1293
-1.1293
-1.12931
-1.12931
-1.12931
-1.12931
-1.12931
-1.17835
-1.17835
-1.17835
-1.17835
-1.17835
-1.17836
-1.17836
-1.17836
-1.17836
-1.17836
-1.2274
-1.2274
-1.2274
-1.2274
-1.2274
-1.2274
-1.2274
-1.22741
-1.22741
-1.22741
-1.27646
-1.27646
-1.27646
-1.27646
-1.27645
-1.27645
-1.27645
-1.27645
-1.27645
-1.27646
-1.32551
-1.32551
-1.32551
-1.32551
-1.3255
-1.3255
-1.3255
-1.3255
-1.3255
-1.3255
-1.37456
-1.37456
-1.37456
-1.37456
-1.37456
-1.37455
-1.37455
-1.37455
-1.37455
-1.37455
-1.42361
-1.42361
-1.42361
-1.42361
-1.42361
-1.4236
-1.4236
-1.4236
-1.4236
-1.4236
-1.47267
-1.47267
-1.47266
-1.47266
-1.47266
-1.47266
-1.47265
-1.47265
-1.47265
-1.47265
-1.52172
-1.52172
-1.52172
-1.52172
-1.52171
-1.52171
-1.5217
-1.5217
-1.5217
-1.5217
-1.57078
-1.57078
-1.57078
-1.57077
-1.57077
-1.57076
-1.57076
-1.57075
-1.57075
-1.57075
-1.61984
-1.61984
-1.61983
-1.61983
-1.61982
-1.61981
-1.61981
-1.6198
-1.6198
-1.6198
-0.687852
-0.687852
-0.687852
-0.687852
-0.687851
-0.687851
-0.68785
-0.68785
-0.687849
-0.68785
-0.736903
-0.736903
-0.736903
-0.736903
-0.736903
-0.736902
-0.736902
-0.736901
-0.7369
-0.7369
-0.785954
-0.785955
-0.785954
-0.785954
-0.785954
-0.785954
-0.785953
-0.785952
-0.785951
-0.785951
-0.835005
-0.835005
-0.835005
-0.835005
-0.835005
-0.835004
-0.835004
-0.835003
-0.835002
-0.835002
-0.884056
-0.884056
-0.884056
-0.884056
-0.884055
-0.884055
-0.884054
-0.884054
-0.884053
-0.884053
-0.933106
-0.933106
-0.933106
-0.933106
-0.933106
-0.933105
-0.933105
-0.933104
-0.933104
-0.933104
-0.982156
-0.982156
-0.982156
-0.982155
-0.982155
-0.982155
-0.982155
-0.982155
-0.982154
-0.982154
-1.03121
-1.03121
-1.03121
-1.03121
-1.0312
-1.0312
-1.0312
-1.0312
-1.0312
-1.0312
-1.08025
-1.08025
-1.08025
-1.08025
-1.08025
-1.08026
-1.08026
-1.08026
-1.08026
-1.08025
-1.1293
-1.1293
-1.1293
-1.1293
-1.1293
-1.12931
-1.12931
-1.12931
-1.12931
-1.12931
-1.17835
-1.17835
-1.17835
-1.17835
-1.17836
-1.17836
-1.17836
-1.17836
-1.17836
-1.17836
-1.22741
-1.22741
-1.22741
-1.22741
-1.22741
-1.22741
-1.2274
-1.22741
-1.22741
-1.22741
-1.27646
-1.27646
-1.27646
-1.27646
-1.27646
-1.27645
-1.27645
-1.27645
-1.27645
-1.27646
-1.32551
-1.32551
-1.32551
-1.32551
-1.32551
-1.3255
-1.3255
-1.3255
-1.3255
-1.3255
-1.37456
-1.37456
-1.37456
-1.37456
-1.37456
-1.37456
-1.37455
-1.37455
-1.37455
-1.37455
-1.42361
-1.42361
-1.42361
-1.42361
-1.42361
-1.42361
-1.4236
-1.4236
-1.4236
-1.4236
-1.47267
-1.47267
-1.47267
-1.47266
-1.47266
-1.47266
-1.47266
-1.47265
-1.47265
-1.47265
-1.52172
-1.52172
-1.52172
-1.52172
-1.52171
-1.52171
-1.52171
-1.5217
-1.5217
-1.5217
-1.57078
-1.57078
-1.57078
-1.57077
-1.57077
-1.57076
-1.57076
-1.57075
-1.57075
-1.57075
-1.61984
-1.61984
-1.61984
-1.61983
-1.61983
-1.61982
-1.61981
-1.61981
-1.6198
-1.6198
-0.687852
-0.687852
-0.687852
-0.687851
-0.687851
-0.687851
-0.68785
-0.687849
-0.687849
-0.687849
-0.736903
-0.736903
-0.736903
-0.736903
-0.736902
-0.736902
-0.736901
-0.7369
-0.7369
-0.736899
-0.785954
-0.785954
-0.785954
-0.785954
-0.785954
-0.785953
-0.785952
-0.785951
-0.78595
-0.78595
-0.835005
-0.835005
-0.835005
-0.835005
-0.835004
-0.835004
-0.835003
-0.835002
-0.835001
-0.835001
-0.884055
-0.884056
-0.884056
-0.884055
-0.884055
-0.884054
-0.884054
-0.884053
-0.884053
-0.884053
-0.933106
-0.933106
-0.933106
-0.933105
-0.933105
-0.933105
-0.933104
-0.933104
-0.933104
-0.933104
-0.982156
-0.982156
-0.982155
-0.982155
-0.982155
-0.982155
-0.982155
-0.982154
-0.982154
-0.982154
-1.03121
-1.03121
-1.0312
-1.0312
-1.0312
-1.0312
-1.0312
-1.0312
-1.0312
-1.0312
-1.08025
-1.08025
-1.08025
-1.08025
-1.08025
-1.08025
-1.08025
-1.08026
-1.08025
-1.08025
-1.1293
-1.1293
-1.1293
-1.1293
-1.1293
-1.12931
-1.12931
-1.12931
-1.12931
-1.1293
-1.17835
-1.17835
-1.17835
-1.17836
-1.17836
-1.17836
-1.17836
-1.17836
-1.17836
-1.17836
-1.22741
-1.22741
-1.22741
-1.22741
-1.22741
-1.22741
-1.2274
-1.22741
-1.22741
-1.22741
-1.27646
-1.27646
-1.27646
-1.27646
-1.27646
-1.27645
-1.27645
-1.27645
-1.27646
-1.27646
-1.32551
-1.32551
-1.32551
-1.32551
-1.32551
-1.3255
-1.3255
-1.3255
-1.3255
-1.32551
-1.37456
-1.37456
-1.37456
-1.37456
-1.37456
-1.37456
-1.37455
-1.37455
-1.37455
-1.37455
-1.42361
-1.42361
-1.42361
-1.42361
-1.42361
-1.42361
-1.42361
-1.4236
-1.4236
-1.4236
-1.47267
-1.47267
-1.47267
-1.47266
-1.47266
-1.47266
-1.47266
-1.47265
-1.47265
-1.47265
-1.52173
-1.52172
-1.52172
-1.52172
-1.52172
-1.52171
-1.52171
-1.52171
-1.5217
-1.5217
-1.57078
-1.57078
-1.57078
-1.57078
-1.57077
-1.57077
-1.57076
-1.57076
-1.57075
-1.57075
-1.61985
-1.61984
-1.61984
-1.61983
-1.61983
-1.61982
-1.61981
-1.61981
-1.6198
-1.6198
)
;

boundaryField
{
    lowerSideWalls
    {
        type            calculated;
        value           nonuniform List<scalar> 
800
(
367.8
318.75
269.7
220.65
171.6
122.55
73.5003
24.4503
-0.0992654
-0.148316
-0.197364
-0.246412
-0.29546
-0.344508
-0.393556
-0.442604
-0.491653
-0.540702
-0.589751
-0.638801
367.8
318.75
269.7
220.65
171.6
122.55
73.5003
24.4503
-0.0992653
-0.148315
-0.197364
-0.246412
-0.29546
-0.344508
-0.393556
-0.442604
-0.491653
-0.540702
-0.589752
-0.638802
367.8
318.75
269.7
220.65
171.6
122.55
73.5003
24.4503
-0.0992651
-0.148315
-0.197363
-0.246412
-0.29546
-0.344508
-0.393556
-0.442604
-0.491653
-0.540702
-0.589752
-0.638802
367.8
318.75
269.7
220.65
171.6
122.55
73.5003
24.4503
-0.0992646
-0.148314
-0.197363
-0.246411
-0.295459
-0.344508
-0.393556
-0.442605
-0.491654
-0.540703
-0.589752
-0.638802
367.8
318.75
269.7
220.65
171.6
122.55
73.5003
24.4503
-0.0992638
-0.148313
-0.197362
-0.246411
-0.295459
-0.344508
-0.393556
-0.442605
-0.491654
-0.540704
-0.589753
-0.638803
367.8
318.75
269.7
220.65
171.6
122.55
73.5003
24.4503
-0.0992631
-0.148312
-0.197361
-0.24641
-0.295459
-0.344508
-0.393557
-0.442606
-0.491655
-0.540705
-0.589754
-0.638803
367.8
318.75
269.7
220.65
171.6
122.55
73.5003
24.4503
-0.099262
-0.148311
-0.19736
-0.246409
-0.295459
-0.344508
-0.393558
-0.442607
-0.491656
-0.540706
-0.589755
-0.638804
367.801
318.75
269.7
220.65
171.6
122.55
73.5003
24.4503
-0.09926
-0.148308
-0.197358
-0.246409
-0.295458
-0.344508
-0.393558
-0.442608
-0.491658
-0.540707
-0.589755
-0.638805
367.801
318.75
269.7
220.65
171.6
122.55
73.5003
24.4503
-0.0992598
-0.148308
-0.197357
-0.246409
-0.295458
-0.344509
-0.393559
-0.44261
-0.491659
-0.540708
-0.589756
-0.638805
367.801
318.75
269.7
220.65
171.6
122.55
73.5003
24.4503
-0.0992608
-0.14831
-0.197357
-0.246408
-0.295458
-0.344509
-0.39356
-0.442611
-0.49166
-0.540708
-0.589757
-0.638805
367.801
318.75
269.7
220.65
171.6
122.55
73.5003
24.4503
-0.09925
-0.148301
-0.197351
-0.246401
-0.295451
-0.344501
-0.393551
-0.4426
-0.49165
-0.5407
-0.58975
-0.638801
367.801
318.75
269.7
220.65
171.6
122.55
73.5003
24.4503
-0.0992496
-0.1483
-0.197351
-0.246401
-0.295451
-0.344501
-0.39355
-0.4426
-0.49165
-0.5407
-0.58975
-0.638801
367.801
318.75
269.7
220.65
171.6
122.55
73.5003
24.4503
-0.0992494
-0.1483
-0.19735
-0.246401
-0.295451
-0.344501
-0.39355
-0.4426
-0.49165
-0.5407
-0.58975
-0.638801
367.801
318.751
269.7
220.65
171.6
122.55
73.5003
24.4503
-0.0992491
-0.148299
-0.19735
-0.2464
-0.295451
-0.344501
-0.39355
-0.4426
-0.491649
-0.540699
-0.58975
-0.6388
367.801
318.751
269.7
220.65
171.6
122.55
73.5003
24.4503
-0.0992487
-0.148299
-0.197349
-0.2464
-0.29545
-0.3445
-0.39355
-0.442599
-0.491649
-0.540699
-0.589749
-0.6388
367.801
318.751
269.7
220.65
171.6
122.55
73.5003
24.4503
-0.0992483
-0.148298
-0.197349
-0.2464
-0.29545
-0.3445
-0.39355
-0.442599
-0.491648
-0.540698
-0.589749
-0.638799
367.801
318.751
269.7
220.65
171.6
122.55
73.5003
24.4503
-0.0992476
-0.148298
-0.197348
-0.246399
-0.29545
-0.3445
-0.393549
-0.442599
-0.491648
-0.540698
-0.589748
-0.638799
367.801
318.751
269.7
220.65
171.6
122.55
73.5003
24.4503
-0.0992455
-0.148296
-0.197347
-0.246399
-0.29545
-0.3445
-0.393549
-0.442598
-0.491648
-0.540697
-0.589748
-0.638799
367.8
318.75
269.7
220.65
171.6
122.55
73.5003
24.4503
-0.0992438
-0.148295
-0.197346
-0.246399
-0.29545
-0.3445
-0.393549
-0.442598
-0.491647
-0.540697
-0.589748
-0.638798
367.8
318.75
269.7
220.65
171.6
122.55
73.5003
24.4503
-0.099244
-0.148296
-0.197347
-0.246399
-0.29545
-0.3445
-0.393549
-0.442598
-0.491647
-0.540697
-0.589747
-0.638798
367.8
318.75
269.7
220.65
171.6
122.55
73.5003
24.4503
-0.0992654
-0.148316
-0.197364
-0.246412
-0.29546
-0.344508
-0.393556
-0.442604
-0.491653
-0.540702
-0.589751
-0.638801
367.8
318.75
269.7
220.65
171.6
122.55
73.5003
24.4503
-0.0992654
-0.148315
-0.197364
-0.246412
-0.29546
-0.344508
-0.393555
-0.442604
-0.491653
-0.540702
-0.589751
-0.638801
367.8
318.75
269.7
220.65
171.6
122.55
73.5003
24.4503
-0.0992647
-0.148314
-0.197363
-0.246411
-0.295459
-0.344507
-0.393555
-0.442604
-0.491653
-0.540702
-0.589751
-0.638801
367.8
318.75
269.7
220.65
171.6
122.55
73.5003
24.4503
-0.0992637
-0.148313
-0.197362
-0.246411
-0.295459
-0.344507
-0.393556
-0.442604
-0.491653
-0.540702
-0.589751
-0.638801
367.8
318.75
269.7
220.65
171.6
122.55
73.5003
24.4503
-0.0992623
-0.148312
-0.197361
-0.24641
-0.295459
-0.344507
-0.393556
-0.442604
-0.491653
-0.540702
-0.589751
-0.638801
367.8
318.75
269.7
220.65
171.6
122.55
73.5003
24.4503
-0.0992608
-0.148311
-0.19736
-0.246409
-0.295458
-0.344507
-0.393556
-0.442604
-0.491653
-0.540702
-0.589751
-0.638801
367.8
318.75
269.7
220.65
171.6
122.55
73.5003
24.4503
-0.0992593
-0.148309
-0.197359
-0.246408
-0.295457
-0.344507
-0.393556
-0.442604
-0.491653
-0.540702
-0.589751
-0.6388
367.8
318.75
269.7
220.65
171.6
122.55
73.5003
24.4503
-0.0992579
-0.148308
-0.197357
-0.246407
-0.295457
-0.344506
-0.393555
-0.442604
-0.491653
-0.540701
-0.58975
-0.6388
367.8
318.75
269.7
220.65
171.6
122.55
73.5003
24.4503
-0.0992566
-0.148306
-0.197356
-0.246406
-0.295456
-0.344505
-0.393555
-0.442604
-0.491652
-0.540701
-0.58975
-0.6388
367.8
318.75
269.7
220.65
171.6
122.55
73.5003
24.4503
-0.0992554
-0.148305
-0.197355
-0.246405
-0.295455
-0.344505
-0.393554
-0.442603
-0.491652
-0.540701
-0.58975
-0.6388
367.8
318.75
269.7
220.65
171.6
122.55
73.5003
24.4503
-0.0992544
-0.148304
-0.197354
-0.246404
-0.295454
-0.344504
-0.393554
-0.442603
-0.491652
-0.540701
-0.58975
-0.6388
367.8
318.75
269.7
220.65
171.6
122.55
73.5003
24.4503
-0.0992535
-0.148304
-0.197354
-0.246404
-0.295453
-0.344503
-0.393553
-0.442602
-0.491651
-0.540701
-0.58975
-0.6388
367.8
318.75
269.7
220.65
171.6
122.55
73.5003
24.4503
-0.0992527
-0.148303
-0.197353
-0.246403
-0.295453
-0.344503
-0.393552
-0.442602
-0.491651
-0.5407
-0.58975
-0.6388
367.8
318.75
269.7
220.65
171.6
122.55
73.5003
24.4503
-0.099252
-0.148302
-0.197352
-0.246402
-0.295452
-0.344502
-0.393552
-0.442601
-0.491651
-0.5407
-0.58975
-0.6388
367.8
318.75
269.7
220.65
171.6
122.55
73.5003
24.4503
-0.0992514
-0.148302
-0.197352
-0.246402
-0.295452
-0.344502
-0.393551
-0.442601
-0.49165
-0.5407
-0.58975
-0.6388
367.801
318.75
269.7
220.65
171.6
122.55
73.5003
24.4503
-0.0992509
-0.148301
-0.197351
-0.246402
-0.295451
-0.344501
-0.393551
-0.442601
-0.49165
-0.5407
-0.58975
-0.638801
367.801
318.75
269.7
220.65
171.6
122.55
73.5003
24.4503
-0.0992504
-0.148301
-0.197351
-0.246401
-0.295451
-0.344501
-0.393551
-0.4426
-0.49165
-0.5407
-0.58975
-0.638801
367.801
318.75
269.7
220.65
171.6
122.55
73.5003
24.4503
-0.0992501
-0.148301
-0.197351
-0.246401
-0.295451
-0.344501
-0.393551
-0.4426
-0.49165
-0.5407
-0.58975
-0.638801
367.801
318.75
269.7
220.65
171.6
122.55
73.5003
24.4503
-0.0992499
-0.148301
-0.197351
-0.246401
-0.295451
-0.344501
-0.393551
-0.4426
-0.49165
-0.5407
-0.58975
-0.638801
367.801
318.75
269.7
220.65
171.6
122.55
73.5003
24.4503
-0.09925
-0.148301
-0.197351
-0.246401
-0.295451
-0.344501
-0.393551
-0.4426
-0.49165
-0.5407
-0.58975
-0.638801
)
;
    }
    upperSideWalls
    {
        type            calculated;
        value           nonuniform List<scalar> 
800
(
-0.687852
-0.736903
-0.785954
-0.835005
-0.884055
-0.933106
-0.982156
-1.03121
-1.08026
-1.12931
-1.17836
-1.22741
-1.27646
-1.32552
-1.37457
-1.42362
-1.47268
-1.52174
-1.5708
-1.61986
-0.687852
-0.736903
-0.785954
-0.835005
-0.884055
-0.933106
-0.982156
-1.03121
-1.08026
-1.12931
-1.17836
-1.22741
-1.27646
-1.32551
-1.37457
-1.42362
-1.47268
-1.52174
-1.5708
-1.61986
-0.687852
-0.736903
-0.785954
-0.835005
-0.884055
-0.933106
-0.982156
-1.03121
-1.08026
-1.12931
-1.17836
-1.22741
-1.27646
-1.32551
-1.37457
-1.42362
-1.47268
-1.52173
-1.57079
-1.61985
-0.687853
-0.736903
-0.785954
-0.835005
-0.884055
-0.933105
-0.982155
-1.03121
-1.08026
-1.12931
-1.17836
-1.22741
-1.27646
-1.32551
-1.37456
-1.42362
-1.47267
-1.52173
-1.57079
-1.61985
-0.687853
-0.736904
-0.785954
-0.835004
-0.884055
-0.933105
-0.982155
-1.03121
-1.08026
-1.12931
-1.17836
-1.22741
-1.27646
-1.32551
-1.37456
-1.42362
-1.47267
-1.52172
-1.57078
-1.61984
-0.687853
-0.736904
-0.785954
-0.835004
-0.884054
-0.933104
-0.982154
-1.0312
-1.08025
-1.1293
-1.17835
-1.2274
-1.27646
-1.32551
-1.37456
-1.42361
-1.47266
-1.52172
-1.57077
-1.61983
-0.687854
-0.736904
-0.785954
-0.835004
-0.884054
-0.933104
-0.982154
-1.0312
-1.08025
-1.1293
-1.17835
-1.2274
-1.27645
-1.32551
-1.37456
-1.42361
-1.47266
-1.52171
-1.57077
-1.61982
-0.687854
-0.736904
-0.785954
-0.835003
-0.884053
-0.933103
-0.982153
-1.0312
-1.08025
-1.1293
-1.17835
-1.2274
-1.27645
-1.3255
-1.37455
-1.42361
-1.47266
-1.52171
-1.57076
-1.61982
-0.687854
-0.736904
-0.785954
-0.835003
-0.884052
-0.933102
-0.982152
-1.0312
-1.08025
-1.1293
-1.17835
-1.2274
-1.27645
-1.3255
-1.37455
-1.4236
-1.47265
-1.52171
-1.57076
-1.61981
-0.687855
-0.736904
-0.785954
-0.835003
-0.884052
-0.933101
-0.982151
-1.0312
-1.08025
-1.1293
-1.17835
-1.2274
-1.27645
-1.3255
-1.37455
-1.4236
-1.47265
-1.5217
-1.57076
-1.61981
-0.687852
-0.736903
-0.785954
-0.835005
-0.884055
-0.933106
-0.982156
-1.03121
-1.08025
-1.1293
-1.17835
-1.22741
-1.27646
-1.32551
-1.37456
-1.42361
-1.47267
-1.52173
-1.57078
-1.61985
-0.687852
-0.736903
-0.785954
-0.835005
-0.884056
-0.933106
-0.982156
-1.03121
-1.08025
-1.1293
-1.17835
-1.22741
-1.27646
-1.32551
-1.37456
-1.42361
-1.47267
-1.52172
-1.57078
-1.61984
-0.687852
-0.736903
-0.785954
-0.835005
-0.884056
-0.933106
-0.982155
-1.0312
-1.08025
-1.1293
-1.17835
-1.22741
-1.27646
-1.32551
-1.37456
-1.42361
-1.47267
-1.52172
-1.57078
-1.61984
-0.687851
-0.736903
-0.785954
-0.835005
-0.884055
-0.933105
-0.982155
-1.0312
-1.08025
-1.1293
-1.17836
-1.22741
-1.27646
-1.32551
-1.37456
-1.42361
-1.47266
-1.52172
-1.57078
-1.61983
-0.687851
-0.736902
-0.785954
-0.835004
-0.884055
-0.933105
-0.982155
-1.0312
-1.08025
-1.1293
-1.17836
-1.22741
-1.27646
-1.32551
-1.37456
-1.42361
-1.47266
-1.52172
-1.57077
-1.61983
-0.687851
-0.736902
-0.785953
-0.835004
-0.884054
-0.933105
-0.982155
-1.0312
-1.08025
-1.12931
-1.17836
-1.22741
-1.27645
-1.3255
-1.37456
-1.42361
-1.47266
-1.52171
-1.57077
-1.61982
-0.68785
-0.736901
-0.785952
-0.835003
-0.884054
-0.933104
-0.982155
-1.0312
-1.08025
-1.12931
-1.17836
-1.2274
-1.27645
-1.3255
-1.37455
-1.42361
-1.47266
-1.52171
-1.57076
-1.61981
-0.687849
-0.7369
-0.785951
-0.835002
-0.884053
-0.933104
-0.982154
-1.0312
-1.08026
-1.12931
-1.17836
-1.22741
-1.27645
-1.3255
-1.37455
-1.4236
-1.47265
-1.52171
-1.57076
-1.61981
-0.687849
-0.7369
-0.78595
-0.835001
-0.884053
-0.933104
-0.982154
-1.0312
-1.08025
-1.12931
-1.17836
-1.22741
-1.27646
-1.3255
-1.37455
-1.4236
-1.47265
-1.5217
-1.57075
-1.6198
-0.687849
-0.736899
-0.78595
-0.835001
-0.884053
-0.933104
-0.982154
-1.0312
-1.08025
-1.1293
-1.17836
-1.22741
-1.27646
-1.32551
-1.37455
-1.4236
-1.47265
-1.5217
-1.57075
-1.6198
-0.687852
-0.736903
-0.785954
-0.835005
-0.884055
-0.933106
-0.982156
-1.03121
-1.08026
-1.12931
-1.17836
-1.22741
-1.27646
-1.32552
-1.37457
-1.42362
-1.47268
-1.52174
-1.5708
-1.61986
-0.687852
-0.736903
-0.785954
-0.835005
-0.884056
-0.933106
-0.982156
-1.03121
-1.08026
-1.12931
-1.17836
-1.22741
-1.27646
-1.32552
-1.37457
-1.42362
-1.47268
-1.52174
-1.5708
-1.61986
-0.687852
-0.736903
-0.785954
-0.835005
-0.884056
-0.933106
-0.982156
-1.03121
-1.08026
-1.12931
-1.17836
-1.22741
-1.27646
-1.32551
-1.37457
-1.42362
-1.47268
-1.52173
-1.57079
-1.61986
-0.687852
-0.736903
-0.785954
-0.835005
-0.884055
-0.933106
-0.982156
-1.03121
-1.08026
-1.12931
-1.17836
-1.22741
-1.27646
-1.32551
-1.37457
-1.42362
-1.47267
-1.52173
-1.57079
-1.61985
-0.687851
-0.736902
-0.785953
-0.835005
-0.884055
-0.933106
-0.982156
-1.03121
-1.08026
-1.12931
-1.17836
-1.22741
-1.27646
-1.32551
-1.37456
-1.42362
-1.47267
-1.52173
-1.57078
-1.61984
-0.687851
-0.736902
-0.785953
-0.835005
-0.884056
-0.933106
-0.982156
-1.03121
-1.08026
-1.12931
-1.17836
-1.22741
-1.27646
-1.32551
-1.37456
-1.42361
-1.47267
-1.52172
-1.57078
-1.61984
-0.687851
-0.736902
-0.785953
-0.835004
-0.884056
-0.933106
-0.982156
-1.03121
-1.08026
-1.12931
-1.17836
-1.22741
-1.27646
-1.32551
-1.37456
-1.42361
-1.47266
-1.52172
-1.57077
-1.61983
-0.687851
-0.736902
-0.785953
-0.835004
-0.884056
-0.933106
-0.982156
-1.03121
-1.08026
-1.12931
-1.17836
-1.22741
-1.27646
-1.32551
-1.37456
-1.42361
-1.47266
-1.52171
-1.57077
-1.61982
-0.687851
-0.736902
-0.785953
-0.835004
-0.884056
-0.933106
-0.982156
-1.03121
-1.08026
-1.12931
-1.17836
-1.2274
-1.27645
-1.32551
-1.37456
-1.42361
-1.47266
-1.52171
-1.57076
-1.61982
-0.687851
-0.736902
-0.785953
-0.835004
-0.884056
-0.933106
-0.982156
-1.03121
-1.08026
-1.12931
-1.17835
-1.2274
-1.27645
-1.3255
-1.37455
-1.42361
-1.47266
-1.52171
-1.57076
-1.61982
-0.687851
-0.736902
-0.785953
-0.835004
-0.884055
-0.933106
-0.982156
-1.03121
-1.08026
-1.12931
-1.17835
-1.2274
-1.27645
-1.3255
-1.37455
-1.4236
-1.47266
-1.52171
-1.57076
-1.61981
-0.687851
-0.736902
-0.785953
-0.835004
-0.884055
-0.933106
-0.982156
-1.03121
-1.08026
-1.12931
-1.17835
-1.2274
-1.27645
-1.3255
-1.37455
-1.4236
-1.47266
-1.52171
-1.57076
-1.61981
-0.687851
-0.736902
-0.785953
-0.835005
-0.884055
-0.933106
-0.982157
-1.03121
-1.08026
-1.12931
-1.17835
-1.2274
-1.27645
-1.3255
-1.37455
-1.4236
-1.47266
-1.52171
-1.57076
-1.61982
-0.687851
-0.736902
-0.785954
-0.835005
-0.884055
-0.933106
-0.982157
-1.03121
-1.08026
-1.12931
-1.17835
-1.2274
-1.27645
-1.3255
-1.37455
-1.42361
-1.47266
-1.52171
-1.57077
-1.61982
-0.687851
-0.736903
-0.785954
-0.835005
-0.884056
-0.933106
-0.982157
-1.03121
-1.08026
-1.12931
-1.17835
-1.2274
-1.27645
-1.3255
-1.37456
-1.42361
-1.47266
-1.52171
-1.57077
-1.61983
-0.687852
-0.736903
-0.785954
-0.835005
-0.884056
-0.933106
-0.982156
-1.03121
-1.08026
-1.1293
-1.17835
-1.2274
-1.27645
-1.3255
-1.37456
-1.42361
-1.47266
-1.52172
-1.57077
-1.61983
-0.687852
-0.736903
-0.785954
-0.835005
-0.884056
-0.933106
-0.982156
-1.03121
-1.08026
-1.1293
-1.17835
-1.2274
-1.27645
-1.32551
-1.37456
-1.42361
-1.47266
-1.52172
-1.57078
-1.61984
-0.687852
-0.736903
-0.785954
-0.835005
-0.884056
-0.933106
-0.982156
-1.03121
-1.08026
-1.1293
-1.17835
-1.2274
-1.27646
-1.32551
-1.37456
-1.42361
-1.47267
-1.52172
-1.57078
-1.61984
-0.687852
-0.736903
-0.785954
-0.835005
-0.884056
-0.933106
-0.982156
-1.03121
-1.08025
-1.1293
-1.17835
-1.22741
-1.27646
-1.32551
-1.37456
-1.42361
-1.47267
-1.52172
-1.57078
-1.61984
-0.687852
-0.736903
-0.785954
-0.835005
-0.884055
-0.933106
-0.982156
-1.03121
-1.08025
-1.1293
-1.17835
-1.22741
-1.27646
-1.32551
-1.37456
-1.42361
-1.47267
-1.52173
-1.57078
-1.61985
)
;
    }
    lowerWall
    {
        type            calculated;
        value           nonuniform List<scalar> 
200
(
392.325
392.325
392.325
392.325
392.325
392.325
392.325
392.325
392.325
392.325
392.325
392.325
392.325
392.325
392.325
392.326
392.326
392.326
392.326
392.326
392.325
392.325
392.325
392.325
392.325
392.325
392.325
392.325
392.325
392.325
392.325
392.325
392.325
392.325
392.326
392.326
392.326
392.326
392.326
392.326
392.325
392.325
392.325
392.325
392.325
392.325
392.325
392.325
392.325
392.325
392.325
392.325
392.325
392.325
392.326
392.326
392.326
392.326
392.326
392.326
392.325
392.325
392.325
392.325
392.325
392.325
392.325
392.325
392.325
392.325
392.325
392.325
392.325
392.326
392.326
392.326
392.326
392.326
392.326
392.326
392.325
392.325
392.325
392.325
392.325
392.325
392.325
392.325
392.325
392.325
392.325
392.325
392.326
392.326
392.326
392.326
392.326
392.326
392.326
392.326
392.325
392.325
392.325
392.325
392.325
392.325
392.325
392.325
392.325
392.325
392.325
392.326
392.326
392.326
392.326
392.326
392.326
392.326
392.326
392.326
392.325
392.325
392.325
392.325
392.325
392.325
392.325
392.325
392.325
392.325
392.325
392.326
392.326
392.326
392.326
392.326
392.326
392.326
392.326
392.326
392.326
392.326
392.326
392.326
392.325
392.325
392.325
392.325
392.325
392.326
392.326
392.326
392.326
392.326
392.326
392.326
392.326
392.326
392.326
392.326
392.326
392.326
392.326
392.326
392.326
392.326
392.325
392.325
392.326
392.326
392.326
392.326
392.326
392.326
392.326
392.326
392.326
392.325
392.325
392.325
392.326
392.326
392.326
392.326
392.326
392.326
392.326
392.326
392.326
392.326
392.326
392.326
392.326
392.326
392.326
392.326
392.326
392.326
392.325
392.325
)
;
    }
    atmosphere
    {
        type            calculated;
        value           nonuniform List<scalar> 0();
    }
    procBoundary0to1
    {
        type            processor;
        value           nonuniform List<scalar> 
800
(
367.801
318.75
269.7
220.65
171.6
122.55
73.5003
24.4503
-0.0992561
-0.148304
-0.197355
-0.246407
-0.295457
-0.344509
-0.39356
-0.442611
-0.49166
-0.540709
-0.589757
-0.638805
367.801
318.75
269.7
220.65
171.6
122.55
73.5003
24.4503
-0.0992547
-0.148303
-0.197355
-0.246406
-0.295457
-0.344509
-0.39356
-0.442611
-0.491661
-0.540709
-0.589757
-0.638806
367.801
318.751
269.7
220.65
171.6
122.55
73.5003
24.4503
-0.0992546
-0.148303
-0.197354
-0.246405
-0.295456
-0.344508
-0.39356
-0.442611
-0.49166
-0.540709
-0.589757
-0.638806
367.801
318.751
269.7
220.65
171.6
122.55
73.5003
24.4503
-0.0992538
-0.148302
-0.197353
-0.246404
-0.295455
-0.344507
-0.393559
-0.44261
-0.49166
-0.540709
-0.589757
-0.638806
367.801
318.75
269.7
220.65
171.6
122.55
73.5003
24.4503
-0.0992528
-0.1483
-0.197352
-0.246403
-0.295454
-0.344506
-0.393558
-0.44261
-0.49166
-0.540709
-0.589757
-0.638806
367.8
318.75
269.7
220.65
171.6
122.55
73.5003
24.4503
-0.0992517
-0.148299
-0.19735
-0.246402
-0.295453
-0.344505
-0.393557
-0.442609
-0.491659
-0.540709
-0.589757
-0.638806
367.8
318.75
269.7
220.65
171.6
122.55
73.5003
24.4503
-0.0992504
-0.148298
-0.197349
-0.2464
-0.295451
-0.344503
-0.393556
-0.442608
-0.491659
-0.540708
-0.589757
-0.638806
367.8
318.75
269.7
220.65
171.6
122.55
73.5003
24.4503
-0.099249
-0.148296
-0.197347
-0.246399
-0.29545
-0.344502
-0.393554
-0.442607
-0.491658
-0.540708
-0.589757
-0.638806
367.801
318.75
269.7
220.65
171.6
122.55
73.5004
24.4503
-0.0992477
-0.148295
-0.197346
-0.246397
-0.295448
-0.3445
-0.393553
-0.442606
-0.491657
-0.540707
-0.589756
-0.638805
367.801
318.75
269.7
220.65
171.6
122.55
73.5004
24.4503
-0.0992464
-0.148293
-0.197344
-0.246396
-0.295447
-0.344499
-0.393552
-0.442605
-0.491656
-0.540706
-0.589755
-0.638804
367.801
318.751
269.7
220.65
171.6
122.55
73.5004
24.4503
-0.0992453
-0.148292
-0.197344
-0.246395
-0.295446
-0.344498
-0.393551
-0.442604
-0.491655
-0.540705
-0.589754
-0.638803
367.801
318.751
269.7
220.65
171.6
122.55
73.5004
24.4503
-0.0992444
-0.148292
-0.197343
-0.246395
-0.295446
-0.344498
-0.39355
-0.442603
-0.491654
-0.540704
-0.589753
-0.638802
367.801
318.751
269.701
220.65
171.6
122.55
73.5004
24.4503
-0.0992436
-0.148291
-0.197343
-0.246394
-0.295446
-0.344498
-0.39355
-0.442602
-0.491653
-0.540702
-0.589752
-0.638801
367.801
318.751
269.701
220.65
171.6
122.55
73.5004
24.4503
-0.0992429
-0.148291
-0.197342
-0.246395
-0.295446
-0.344498
-0.39355
-0.442601
-0.491651
-0.540701
-0.589751
-0.6388
367.801
318.751
269.701
220.65
171.6
122.55
73.5004
24.4503
-0.0992424
-0.14829
-0.197343
-0.246395
-0.295447
-0.344498
-0.39355
-0.4426
-0.49165
-0.5407
-0.589749
-0.6388
367.801
318.751
269.701
220.65
171.6
122.55
73.5004
24.4503
-0.099242
-0.14829
-0.197343
-0.246395
-0.295447
-0.344499
-0.393549
-0.442599
-0.491649
-0.540699
-0.589749
-0.638799
367.801
318.751
269.701
220.65
171.6
122.55
73.5004
24.4503
-0.0992418
-0.14829
-0.197343
-0.246396
-0.295448
-0.344499
-0.393549
-0.442599
-0.491648
-0.540698
-0.589748
-0.638798
367.801
318.751
269.7
220.65
171.6
122.55
73.5004
24.4503
-0.0992419
-0.14829
-0.197343
-0.246396
-0.295448
-0.344499
-0.393549
-0.442598
-0.491647
-0.540697
-0.589747
-0.638798
367.801
318.751
269.701
220.65
171.6
122.55
73.5004
24.4503
-0.0992419
-0.14829
-0.197344
-0.246397
-0.295448
-0.344499
-0.393549
-0.442598
-0.491647
-0.540697
-0.589747
-0.638798
367.801
318.751
269.701
220.651
171.6
122.55
73.5004
24.4503
-0.0992428
-0.148292
-0.197344
-0.246397
-0.295449
-0.344499
-0.393549
-0.442598
-0.491647
-0.540697
-0.589747
-0.638798
-0.687855
-0.736904
-0.785953
-0.835002
-0.884051
-0.9331
-0.98215
-1.0312
-1.08025
-1.1293
-1.17835
-1.2274
-1.27645
-1.3255
-1.37455
-1.4236
-1.47265
-1.5217
-1.57075
-1.6198
-0.687855
-0.736904
-0.785954
-0.835003
-0.884052
-0.933101
-0.98215
-1.0312
-1.08025
-1.1293
-1.17835
-1.2274
-1.27645
-1.3255
-1.37455
-1.4236
-1.47265
-1.5217
-1.57075
-1.61981
-0.687855
-0.736904
-0.785954
-0.835003
-0.884052
-0.933101
-0.98215
-1.0312
-1.08025
-1.1293
-1.17835
-1.2274
-1.27645
-1.3255
-1.37455
-1.4236
-1.47265
-1.5217
-1.57075
-1.6198
-0.687855
-0.736904
-0.785954
-0.835002
-0.884051
-0.933101
-0.98215
-1.0312
-1.08025
-1.1293
-1.17835
-1.2274
-1.27645
-1.3255
-1.37455
-1.4236
-1.47265
-1.52169
-1.57074
-1.61979
-0.687855
-0.736904
-0.785953
-0.835002
-0.884051
-0.933101
-0.98215
-1.0312
-1.08025
-1.1293
-1.17835
-1.2274
-1.27645
-1.3255
-1.37455
-1.42359
-1.47264
-1.52169
-1.57074
-1.61978
-0.687855
-0.736904
-0.785953
-0.835002
-0.884051
-0.933101
-0.982151
-1.0312
-1.08025
-1.1293
-1.17835
-1.2274
-1.27645
-1.3255
-1.37455
-1.42359
-1.47264
-1.52168
-1.57073
-1.61977
-0.687855
-0.736904
-0.785953
-0.835002
-0.884052
-0.933101
-0.982151
-1.0312
-1.08025
-1.1293
-1.17835
-1.2274
-1.27645
-1.3255
-1.37454
-1.42359
-1.47264
-1.52168
-1.57072
-1.61976
-0.687854
-0.736903
-0.785952
-0.835002
-0.884052
-0.933102
-0.982152
-1.0312
-1.08025
-1.1293
-1.17835
-1.2274
-1.27645
-1.3255
-1.37454
-1.42359
-1.47263
-1.52168
-1.57072
-1.61976
-0.687854
-0.736903
-0.785952
-0.835002
-0.884052
-0.933103
-0.982153
-1.0312
-1.08025
-1.1293
-1.17835
-1.2274
-1.27645
-1.32549
-1.37454
-1.42359
-1.47263
-1.52167
-1.57072
-1.61976
-0.687853
-0.736902
-0.785952
-0.835002
-0.884053
-0.933103
-0.982154
-1.0312
-1.08025
-1.1293
-1.17835
-1.2274
-1.27645
-1.32549
-1.37454
-1.42359
-1.47263
-1.52167
-1.57071
-1.61976
-0.687852
-0.736902
-0.785952
-0.835002
-0.884053
-0.933104
-0.982154
-1.0312
-1.08025
-1.1293
-1.17835
-1.2274
-1.27645
-1.32549
-1.37454
-1.42359
-1.47263
-1.52167
-1.57071
-1.61975
-0.687852
-0.736901
-0.785952
-0.835002
-0.884053
-0.933104
-0.982155
-1.03121
-1.08026
-1.1293
-1.17835
-1.2274
-1.27645
-1.3255
-1.37454
-1.42359
-1.47263
-1.52167
-1.57071
-1.61975
-0.687851
-0.736901
-0.785951
-0.835002
-0.884053
-0.933104
-0.982155
-1.03121
-1.08026
-1.12931
-1.17835
-1.2274
-1.27645
-1.3255
-1.37454
-1.42359
-1.47263
-1.52168
-1.57072
-1.61976
-0.68785
-0.736901
-0.785951
-0.835002
-0.884053
-0.933104
-0.982154
-1.0312
-1.08026
-1.12931
-1.17836
-1.2274
-1.27645
-1.3255
-1.37454
-1.42359
-1.47264
-1.52168
-1.57073
-1.61977
-0.68785
-0.7369
-0.785951
-0.835002
-0.884053
-0.933104
-0.982154
-1.0312
-1.08026
-1.12931
-1.17836
-1.2274
-1.27645
-1.3255
-1.37455
-1.42359
-1.47264
-1.52168
-1.57073
-1.61978
-0.68785
-0.7369
-0.785951
-0.835002
-0.884053
-0.933103
-0.982154
-1.0312
-1.08026
-1.12931
-1.17836
-1.22741
-1.27645
-1.3255
-1.37455
-1.4236
-1.47264
-1.52169
-1.57073
-1.61978
-0.687849
-0.7369
-0.785951
-0.835001
-0.884053
-0.933103
-0.982154
-1.0312
-1.08025
-1.12931
-1.17836
-1.22741
-1.27645
-1.3255
-1.37455
-1.4236
-1.47265
-1.52169
-1.57074
-1.61978
-0.687849
-0.7369
-0.78595
-0.835001
-0.884053
-0.933103
-0.982154
-1.0312
-1.08025
-1.12931
-1.17836
-1.22741
-1.27646
-1.3255
-1.37455
-1.4236
-1.47265
-1.5217
-1.57075
-1.61979
-0.687849
-0.7369
-0.78595
-0.835001
-0.884053
-0.933103
-0.982154
-1.0312
-1.08025
-1.12931
-1.17836
-1.22741
-1.27646
-1.32551
-1.37455
-1.4236
-1.47265
-1.5217
-1.57075
-1.6198
-0.687849
-0.736899
-0.785949
-0.835001
-0.884052
-0.933103
-0.982153
-1.0312
-1.08025
-1.1293
-1.17836
-1.22741
-1.27646
-1.32551
-1.37455
-1.4236
-1.47265
-1.5217
-1.57075
-1.6198
)
;
    }
    procBoundary0to2
    {
        type            processor;
        value           nonuniform List<scalar> 
200
(
-1.66893
-1.66893
-1.66892
-1.66891
-1.6689
-1.66889
-1.66888
-1.66887
-1.66886
-1.66886
-1.66893
-1.66893
-1.66892
-1.66891
-1.6689
-1.66889
-1.66888
-1.66887
-1.66886
-1.66886
-1.66892
-1.66892
-1.66891
-1.6689
-1.66889
-1.66888
-1.66887
-1.66886
-1.66886
-1.66885
-1.66892
-1.66891
-1.66891
-1.6689
-1.66889
-1.66887
-1.66886
-1.66885
-1.66885
-1.66884
-1.66891
-1.6689
-1.6689
-1.66889
-1.66888
-1.66887
-1.66885
-1.66884
-1.66884
-1.66883
-1.6689
-1.66889
-1.66889
-1.66888
-1.66887
-1.66886
-1.66884
-1.66883
-1.66882
-1.66882
-1.66889
-1.66888
-1.66888
-1.66887
-1.66886
-1.66885
-1.66883
-1.66882
-1.66881
-1.66881
-1.66888
-1.66888
-1.66887
-1.66886
-1.66885
-1.66884
-1.66883
-1.66882
-1.66881
-1.6688
-1.66887
-1.66887
-1.66886
-1.66885
-1.66884
-1.66883
-1.66882
-1.66881
-1.6688
-1.6688
-1.66887
-1.66886
-1.66886
-1.66885
-1.66884
-1.66883
-1.66881
-1.6688
-1.6688
-1.66879
-1.66887
-1.66886
-1.66886
-1.66885
-1.66884
-1.66882
-1.66881
-1.6688
-1.66879
-1.66878
-1.66887
-1.66887
-1.66886
-1.66885
-1.66884
-1.66883
-1.66882
-1.6688
-1.66879
-1.66878
-1.66887
-1.66887
-1.66886
-1.66885
-1.66884
-1.66883
-1.66882
-1.66881
-1.6688
-1.6688
-1.66888
-1.66887
-1.66887
-1.66886
-1.66885
-1.66884
-1.66883
-1.66882
-1.66881
-1.66881
-1.66889
-1.66888
-1.66888
-1.66887
-1.66886
-1.66885
-1.66883
-1.66882
-1.66882
-1.66882
-1.66889
-1.66889
-1.66888
-1.66888
-1.66886
-1.66885
-1.66884
-1.66883
-1.66883
-1.66882
-1.6689
-1.6689
-1.66889
-1.66888
-1.66887
-1.66886
-1.66885
-1.66884
-1.66884
-1.66883
-1.66891
-1.6689
-1.6689
-1.66889
-1.66888
-1.66887
-1.66886
-1.66885
-1.66884
-1.66884
-1.66891
-1.66891
-1.6689
-1.66889
-1.66888
-1.66887
-1.66887
-1.66886
-1.66885
-1.66885
-1.66891
-1.66891
-1.6689
-1.6689
-1.66889
-1.66888
-1.66887
-1.66886
-1.66885
-1.66885
)
;
    }
}


// ************************************************************************* //
