/*--------------------------------*- C++ -*----------------------------------*\
| =========                 |                                                 |
| \\      /  F ield         | OpenFOAM: The Open Source CFD Toolbox           |
|  \\    /   O peration     | Version:  2312                                  |
|   \\  /    A nd           | Website:  www.openfoam.com                      |
|    \\/     M anipulation  |                                                 |
\*---------------------------------------------------------------------------*/
FoamFile
{
    version     2.0;
    format      ascii;
    arch        "LSB;label=32;scalar=64";
    class       volScalarField;
    location    "0.15";
    object      p;
}
// * * * * * * * * * * * * * * * * * * * * * * * * * * * * * * * * * * * * * //

dimensions      [1 -1 -2 0 0 0 0];

internalField   nonuniform List<scalar> 
8000
(
511.193
508.954
504.886
499.681
494.052
488.602
483.793
479.946
477.277
475.915
458.084
455.911
451.963
446.915
441.455
436.166
431.491
427.746
425.144
423.814
400.561
398.525
394.826
390.101
384.992
380.034
375.641
372.112
369.654
368.396
339.268
337.43
334.085
329.812
325.182
320.673
316.66
313.422
311.159
309.998
274.895
273.282
270.342
266.58
262.49
258.485
254.9
251.992
249.951
248.901
207.852
206.45
203.905
200.656
197.118
193.642
190.515
187.97
186.179
185.258
140.26
139
136.729
133.861
130.76
127.713
124.972
122.742
121.168
120.353
67.8172
66.5851
64.3957
61.7384
58.9694
56.287
53.9291
52.0587
50.7575
50.0899
9.6526
9.31365
8.76939
8.25514
7.76606
7.1721
6.6815
6.32765
6.06772
5.93079
-0.566418
-0.682687
-0.766063
-0.716943
-0.655194
-0.674929
-0.689311
-0.665786
-0.656354
-0.650496
-0.772045
-0.826391
-0.865045
-0.859984
-0.825713
-0.802161
-0.782024
-0.761303
-0.749744
-0.742007
-0.967014
-0.982423
-0.974541
-0.94356
-0.908647
-0.884893
-0.865254
-0.847008
-0.833756
-0.825854
-1.02016
-1.01246
-0.993931
-0.974176
-0.957965
-0.943459
-0.928118
-0.91383
-0.903017
-0.896539
-1.01217
-1.01167
-1.00982
-1.0061
-0.998856
-0.988871
-0.977856
-0.967617
-0.959728
-0.955071
-1.03861
-1.04221
-1.04392
-1.04185
-1.03643
-1.02918
-1.02129
-1.01391
-1.0082
-1.00492
-1.07848
-1.08008
-1.07958
-1.07685
-1.07238
-1.06684
-1.06094
-1.05549
-1.05131
-1.04898
-1.11269
-1.11338
-1.1125
-1.11016
-1.1066
-1.10229
-1.09778
-1.09369
-1.09058
-1.08889
-1.14444
-1.14491
-1.14413
-1.1422
-1.13933
-1.13595
-1.13248
-1.12937
-1.12703
-1.12578
-1.17538
-1.17564
-1.17485
-1.17318
-1.17085
-1.16818
-1.16551
-1.16315
-1.16139
-1.16047
-1.20502
-1.20514
-1.20442
-1.20306
-1.20123
-1.19921
-1.19722
-1.1955
-1.19423
-1.19358
515.954
513.388
508.794
503.004
496.824
490.905
485.723
481.602
478.753
477.303
462.513
460.04
455.612
450.034
444.078
438.365
433.35
429.351
426.582
425.169
404.398
402.108
398.009
392.85
387.337
382.032
377.355
373.611
371.008
369.678
342.27
340.262
336.646
332.081
327.175
322.419
318.192
314.784
312.402
311.18
277.063
275.379
272.306
268.397
264.153
259.991
256.252
253.21
251.07
249.968
209.448
208.046
205.462
202.155
198.537
194.953
191.703
189.041
187.16
186.19
142.356
141.023
138.587
135.537
132.258
129.036
126.12
123.733
122.045
121.17
71.632
70.0292
67.2226
63.9286
60.6821
57.6789
55.0419
52.9409
51.4888
50.7489
12.3204
11.1496
9.51639
8.45523
7.94544
7.47968
6.93996
6.5055
6.21141
6.06483
-0.193293
-0.499501
-0.890957
-1.05949
-0.969409
-0.812726
-0.728616
-0.695854
-0.677136
-0.654225
-0.866105
-0.935149
-0.984095
-0.975475
-0.928305
-0.864565
-0.816315
-0.783939
-0.763353
-0.748504
-1.06264
-1.08457
-1.06832
-1.01287
-0.956951
-0.915973
-0.885173
-0.861036
-0.843951
-0.832825
-1.08964
-1.07846
-1.04511
-1.01045
-0.981971
-0.959441
-0.939453
-0.922678
-0.910144
-0.902588
-1.04234
-1.03646
-1.02681
-1.01816
-1.00811
-0.996442
-0.984188
-0.973032
-0.964415
-0.959338
-1.04743
-1.04933
-1.04923
-1.04641
-1.04073
-1.03322
-1.025
-1.01731
-1.01131
-1.0079
-1.08164
-1.08321
-1.08265
-1.07984
-1.07522
-1.06951
-1.06342
-1.0578
-1.05346
-1.05108
-1.1151
-1.11582
-1.11491
-1.11246
-1.10874
-1.10426
-1.09959
-1.09535
-1.09212
-1.09039
-1.14683
-1.14722
-1.1463
-1.14418
-1.14109
-1.13751
-1.13386
-1.13059
-1.12815
-1.12686
-1.17791
-1.178
-1.17696
-1.17499
-1.17235
-1.16944
-1.16656
-1.16405
-1.1622
-1.16124
-1.20742
-1.20733
-1.2063
-1.20459
-1.20244
-1.20017
-1.19799
-1.19613
-1.19478
-1.19409
525.95
522.628
516.851
509.777
502.419
495.513
489.558
484.872
481.655
480.025
471.728
468.566
463.07
456.346
449.34
442.743
437.028
432.513
429.403
427.823
412.236
409.381
404.409
398.335
391.99
385.979
380.731
376.554
373.66
372.184
348.029
345.703
341.566
336.453
331.035
325.813
321.18
317.442
314.828
313.486
280.608
278.918
275.749
271.69
267.255
262.855
258.855
255.57
253.245
252.043
211.345
210.201
207.864
204.692
201.091
197.404
193.973
191.11
189.063
188.002
144.96
143.842
141.534
138.437
134.99
131.513
128.307
125.641
123.739
122.749
78.0535
76.3158
72.8465
68.5603
64.2639
60.4415
57.2299
54.6825
52.9237
52.0324
20.6021
18.6067
14.0337
10.3393
8.53139
7.8854
7.40984
6.87907
6.49782
6.31464
1.56885
0.708042
-0.164371
-0.811467
-1.08436
-0.992218
-0.794034
-0.706054
-0.695381
-0.664344
-0.898071
-0.901194
-0.92768
-0.939983
-0.932925
-0.903664
-0.851622
-0.8075
-0.782059
-0.759556
-1.04312
-1.05243
-1.04694
-1.02025
-0.983086
-0.944481
-0.910223
-0.88103
-0.859751
-0.845044
-1.08607
-1.07596
-1.05505
-1.03184
-1.00674
-0.980547
-0.956496
-0.936569
-0.921665
-0.912241
-1.06081
-1.05532
-1.04552
-1.03483
-1.02261
-1.00891
-0.994881
-0.982164
-0.97222
-0.96639
-1.06416
-1.065
-1.06285
-1.05774
-1.05027
-1.04143
-1.0321
-1.02347
-1.01669
-1.01298
-1.09141
-1.09271
-1.09158
-1.08787
-1.08217
-1.07546
-1.06851
-1.0622
-1.05733
-1.05479
-1.12208
-1.12274
-1.12152
-1.11844
-1.11393
-1.10871
-1.10338
-1.09859
-1.09498
-1.09314
-1.1533
-1.15342
-1.15197
-1.14911
-1.14524
-1.14098
-1.13674
-1.13303
-1.13028
-1.1289
-1.1843
-1.18393
-1.18215
-1.17929
-1.1758
-1.17221
-1.16879
-1.16588
-1.16377
-1.16272
-1.21331
-1.21264
-1.21079
-1.20815
-1.20518
-1.20227
-1.19962
-1.19743
-1.19588
-1.19511
542.2
537.448
529.523
520.223
510.896
502.391
495.208
489.641
485.858
483.951
486.57
482.084
474.655
465.967
457.238
449.232
442.423
437.11
433.482
431.646
424.509
420.587
414.086
406.506
398.852
391.754
385.639
380.81
377.481
375.788
356.229
353.288
348.39
342.559
336.483
330.647
325.456
321.254
318.306
316.792
284.358
282.517
279.528
275.688
271.305
266.767
262.501
258.917
256.345
255.006
211.663
210.73
209.344
207.153
204.122
200.612
197.088
194.015
191.765
190.583
145.632
144.68
143.407
141.317
138.302
134.797
131.318
128.321
126.138
124.99
82.1534
81.0553
78.8361
74.75
69.6768
64.6395
60.4144
57.2039
55.0004
53.8802
27.2451
26.5232
23.1581
16.5747
11.2846
8.71906
7.87672
7.39487
6.9214
6.66023
8.41829
5.09536
1.97281
0.216258
-0.674353
-1.06306
-1.0022
-0.79765
-0.727113
-0.679538
-1.13161
-1.02053
-0.924869
-0.893767
-0.899069
-0.910899
-0.898194
-0.851887
-0.813234
-0.775951
-1.11687
-1.10662
-1.07591
-1.02412
-0.993605
-0.971204
-0.940218
-0.909134
-0.882477
-0.860935
-1.11278
-1.1005
-1.07564
-1.04801
-1.02522
-1.003
-0.978175
-0.955292
-0.937106
-0.924922
-1.07892
-1.07494
-1.06468
-1.05133
-1.03695
-1.02245
-1.00771
-0.993786
-0.982253
-0.975451
-1.07875
-1.07997
-1.07736
-1.07059
-1.06128
-1.05112
-1.04082
-1.03125
-1.02351
-1.01948
-1.10101
-1.10254
-1.10161
-1.09737
-1.09071
-1.08298
-1.07505
-1.06787
-1.06231
-1.05959
-1.13069
-1.1312
-1.12986
-1.12611
-1.12068
-1.11456
-1.10837
-1.10287
-1.09873
-1.09674
-1.16315
-1.1625
-1.16017
-1.15605
-1.15099
-1.14573
-1.14066
-1.13631
-1.13313
-1.13161
-1.19528
-1.19364
-1.19035
-1.18579
-1.18086
-1.17616
-1.1719
-1.16839
-1.16591
-1.16472
-1.22409
-1.22189
-1.21827
-1.21379
-1.20935
-1.20538
-1.20195
-1.19925
-1.19738
-1.19649
566.401
559.1
547.538
534.657
522.314
511.449
502.511
495.711
491.148
488.865
508.695
501.726
490.932
479.087
467.754
457.705
449.354
442.941
438.605
436.425
442.172
436.247
427.167
417.296
407.774
399.174
391.879
386.175
382.265
380.282
366.25
362.349
356.323
349.793
343.104
336.614
330.771
326
322.634
320.899
284.565
283.621
281.526
279.003
275.516
271.259
266.879
263.017
260.17
258.67
204.546
205.887
206.767
207.441
206.514
203.977
200.698
197.52
195.076
193.764
135.484
138.794
140.302
141.563
140.895
138.279
134.839
131.559
129.077
127.75
79.5996
80.2695
80.3785
79.524
75.6951
70.102
64.6132
60.3841
57.6066
56.2116
28.7354
29.7868
30.1937
26.2266
18.3446
11.7212
8.70098
7.84371
7.44622
7.14932
11.2807
9.55062
7.02291
3.07365
0.466738
-0.608244
-1.06166
-0.998585
-0.811965
-0.650669
-1.40968
-1.34035
-1.12535
-0.951403
-0.873839
-0.879598
-0.906544
-0.900917
-0.86181
-0.791883
-1.23108
-1.25784
-1.20209
-1.10253
-1.01229
-0.98088
-0.968865
-0.941821
-0.91235
-0.878245
-1.14865
-1.1461
-1.12395
-1.08661
-1.04734
-1.02154
-1.00104
-0.977823
-0.955693
-0.938287
-1.08857
-1.09373
-1.08764
-1.07219
-1.0533
-1.03608
-1.02084
-1.00636
-0.993116
-0.985019
-1.08415
-1.09004
-1.09063
-1.08403
-1.07316
-1.06143
-1.05
-1.0395
-1.03069
-1.02636
-1.10479
-1.10927
-1.1107
-1.10693
-1.09975
-1.09116
-1.08223
-1.07407
-1.06766
-1.06478
-1.13817
-1.13962
-1.13893
-1.13452
-1.12818
-1.12113
-1.11398
-1.10764
-1.10285
-1.10071
-1.17626
-1.1745
-1.17083
-1.16465
-1.15791
-1.15135
-1.14521
-1.14005
-1.13631
-1.13463
-1.21293
-1.20861
-1.20231
-1.19461
-1.1874
-1.18109
-1.17564
-1.17133
-1.16834
-1.16697
-1.24281
-1.23731
-1.22989
-1.22191
-1.21502
-1.2094
-1.20484
-1.2014
-1.1991
-1.19805
600.694
589.193
571.759
553.397
536.653
522.485
511.176
502.761
497.198
494.439
540.611
529.108
512.705
495.944
480.817
467.938
457.53
449.688
444.453
441.839
464.783
456.735
443.718
430.594
418.557
407.98
399.161
392.345
387.708
385.366
369.222
369.793
364.018
357.268
350.349
343.331
336.804
331.384
327.526
325.529
259.339
272.463
278.156
279.591
278.765
275.746
271.609
267.568
264.454
262.779
158.33
178.528
194.434
202.557
206.579
206.712
204.368
201.327
198.75
197.316
77.8176
103.46
124.911
135.393
140.583
141.018
138.436
135.097
132.339
130.825
41.6868
61.2577
72.1877
77.8574
79.4654
75.6864
69.6307
64.1794
60.573
58.8547
-2.12612
21.7295
29.8135
31.5176
27.2269
18.2973
11.2518
8.48099
7.88849
7.72169
1.78114
3.21322
8.84869
8.56534
3.66578
0.460436
-0.673702
-1.08038
-0.965895
-0.63158
-1.42018
-1.70449
-1.48408
-1.20044
-0.956559
-0.865309
-0.889098
-0.924036
-0.923259
-0.811432
-1.33597
-1.41696
-1.34879
-1.23303
-1.09597
-1.0024
-0.984824
-0.978439
-0.953637
-0.901029
-1.15497
-1.18702
-1.17708
-1.14239
-1.08861
-1.04257
-1.01933
-1.00188
-0.976993
-0.951235
-1.07675
-1.101
-1.10851
-1.09593
-1.07312
-1.05088
-1.03311
-1.01827
-1.00328
-0.993517
-1.07367
-1.08875
-1.09918
-1.09598
-1.08514
-1.07196
-1.05898
-1.04723
-1.03715
-1.03263
-1.09762
-1.10864
-1.11684
-1.11482
-1.10818
-1.09914
-1.0893
-1.08012
-1.0727
-1.06966
-1.14308
-1.14611
-1.14787
-1.14248
-1.13558
-1.12771
-1.1196
-1.11236
-1.10682
-1.10454
-1.19544
-1.18975
-1.18396
-1.17422
-1.16548
-1.15734
-1.14992
-1.14383
-1.13945
-1.13759
-1.24376
-1.23188
-1.219
-1.20562
-1.19517
-1.18665
-1.17968
-1.17437
-1.17078
-1.16921
-1.27795
-1.26368
-1.24732
-1.2328
-1.22213
-1.21411
-1.20803
-1.20367
-1.20084
-1.19959
650.218
630.281
603.053
576.527
553.632
535.043
520.692
510.285
503.525
500.206
584.279
565.936
540.985
516.772
496.225
479.521
466.471
456.873
450.562
447.44
485.292
480.229
463.599
446.29
430.956
417.812
407.066
398.889
393.385
390.622
350.189
364.891
368.456
364.228
357.72
350.399
343.17
337.02
332.601
330.305
203.127
232.245
261.877
275.713
280.091
279.649
276.299
272.219
268.857
267.001
78.6338
108.957
159.396
189.863
203.041
208.027
207.671
205.11
202.494
200.951
11.7492
30.6923
81.6138
119.474
135.736
141.957
141.624
138.647
135.676
133.965
3.78558
9.73789
45.9155
68.0239
77.9701
79.5737
74.6923
68.4357
63.776
61.5739
-0.979892
2.94742
16.2267
28.2963
31.3311
26.0574
16.4177
10.2557
8.39056
8.18337
-0.769899
-0.918442
0.520747
9.90272
8.51342
3.04054
0.194598
-0.807408
-1.04648
-0.691775
-1.15716
-1.47896
-1.58466
-1.38728
-1.15875
-0.92483
-0.877976
-0.927935
-0.962405
-0.841653
-1.21605
-1.35969
-1.42246
-1.33232
-1.20135
-1.07565
-1.00491
-1.01099
-1.00922
-0.935496
-1.1078
-1.17511
-1.21308
-1.1882
-1.13449
-1.07501
-1.03662
-1.02411
-1.00537
-0.967279
-1.04106
-1.08271
-1.1157
-1.11383
-1.09342
-1.06731
-1.04533
-1.02885
-1.01227
-0.999833
-1.03812
-1.06457
-1.09839
-1.10269
-1.09576
-1.08226
-1.06757
-1.05393
-1.04204
-1.03736
-1.08014
-1.09575
-1.11932
-1.11941
-1.11532
-1.10643
-1.09577
-1.08549
-1.07692
-1.07375
-1.14582
-1.15138
-1.15738
-1.14936
-1.14267
-1.134
-1.12484
-1.11662
-1.11026
-1.10782
-1.22045
-1.21149
-1.20058
-1.18472
-1.1737
-1.16354
-1.15454
-1.14732
-1.14221
-1.14016
-1.28859
-1.27079
-1.24237
-1.21941
-1.20434
-1.19277
-1.18382
-1.17729
-1.17297
-1.17116
-1.33233
-1.31041
-1.27329
-1.24757
-1.23103
-1.21953
-1.21142
-1.2059
-1.20242
-1.20094
728.863
689.314
642.649
603.351
572.262
548.156
530.19
517.527
509.463
505.547
646.517
617.279
576.937
541.441
513.357
491.663
475.396
463.788
456.3
452.632
505.187
496.016
484.027
464.283
444.626
428.1
414.955
405.194
398.723
395.502
351.32
346.095
360.78
369.433
365.232
357.496
349.397
342.406
337.363
334.74
215.062
194.297
223.277
263.142
279.575
282.855
280.592
276.57
272.962
270.916
91.1573
88.3707
104.143
161.112
195.913
208.032
210.294
208.54
205.961
204.318
19.7775
27.5988
29.6963
82.7506
126.026
141.19
144.002
141.892
138.802
136.88
0.578252
-0.235001
7.77963
46.2266
72.6251
80.6177
78.8179
72.6557
66.9902
64.1633
-0.346489
-0.439318
1.34078
16.3807
29.685
29.866
22.7811
13.7117
9.37822
8.6538
-0.558868
-0.631198
-0.741149
0.969902
9.28871
7.00825
1.82618
-0.201789
-0.885216
-0.734275
-1.10711
-1.29739
-1.47497
-1.45324
-1.26515
-1.03596
-0.905534
-0.916715
-0.966847
-0.840816
-1.13768
-1.33351
-1.3993
-1.38311
-1.2793
-1.14295
-1.04782
-1.03049
-1.06299
-0.964231
-1.06977
-1.15377
-1.2031
-1.20646
-1.16042
-1.10394
-1.05889
-1.0442
-1.04001
-0.987296
-1.01294
-1.04538
-1.10387
-1.11895
-1.10678
-1.08183
-1.05752
-1.03874
-1.02081
-1.00341
-1.02191
-1.01807
-1.0845
-1.10275
-1.10245
-1.09027
-1.0747
-1.05901
-1.04472
-1.03921
-1.07204
-1.05543
-1.11696
-1.12135
-1.12034
-1.11185
-1.10071
-1.08943
-1.07978
-1.07649
-1.13811
-1.13027
-1.16443
-1.15551
-1.14895
-1.13917
-1.12899
-1.11985
-1.11275
-1.11017
-1.22473
-1.22251
-1.21602
-1.1957
-1.18192
-1.16914
-1.15843
-1.15005
-1.1442
-1.14198
-1.31363
-1.30371
-1.26632
-1.23517
-1.21405
-1.1986
-1.18746
-1.17963
-1.17459
-1.17257
-1.37302
-1.36295
-1.30406
-1.26615
-1.2409
-1.22485
-1.21444
-1.20769
-1.20357
-1.20188
855.205
772.707
689.653
630.867
589.921
559.909
538.282
523.452
514.189
509.738
742.427
680.33
618.086
567.077
530.161
502.749
483.054
469.464
460.877
456.714
563.062
516.206
497.64
482.051
458.37
437.672
421.801
410.407
403.002
399.351
408.005
371.82
348.695
367.874
372.249
364.31
354.797
346.859
341.192
338.251
257.834
219.091
199.467
235.96
275.403
286.003
284.212
280.103
276.258
274.019
110.986
93.3541
90.7949
113.303
181.705
208.265
212.324
211.224
208.737
206.992
27.8965
26.7477
25.8548
32.113
106.437
140.631
145.717
144.413
141.33
139.204
3.02683
5.32786
-0.874058
9.82781
62.8692
80.8856
81.1662
76.0918
69.6933
66.2753
-0.720176
0.404261
-1.3472
0.676804
20.9341
28.861
25.8698
17.9483
10.7864
9.15901
-0.926317
-0.960107
-0.946599
-1.04978
7.24641
9.31013
4.47814
0.554345
-0.541438
-0.664913
-1.08928
-1.45769
-1.37696
-1.36708
-1.15608
-1.13397
-0.977551
-0.884813
-0.922737
-0.806359
-1.10021
-1.31024
-1.35964
-1.31629
-1.32298
-1.1723
-1.05604
-1.03523
-1.07887
-0.974054
-1.01849
-1.09131
-1.18842
-1.1789
-1.1718
-1.12152
-1.07794
-1.06319
-1.07327
-1.00697
-0.931779
-0.853226
-1.10141
-1.1059
-1.10881
-1.09048
-1.06822
-1.04889
-1.03062
-1.00604
-0.822279
-0.831043
-1.09249
-1.0957
-1.10365
-1.09421
-1.07934
-1.0623
-1.0455
-1.03815
-0.947389
-0.889117
-1.13211
-1.12284
-1.1235
-1.11479
-1.10363
-1.09163
-1.08099
-1.07756
-1.16151
-0.877003
-1.18582
-1.16587
-1.15531
-1.14288
-1.13172
-1.12182
-1.11412
-1.11145
-1.25059
-0.894991
-1.23456
-1.21128
-1.1906
-1.17376
-1.16124
-1.15179
-1.1453
-1.14293
-1.35809
-1.03733
-1.27218
-1.25291
-1.22377
-1.2036
-1.19021
-1.18118
-1.1755
-1.17329
-1.4403
-1.45348
-1.31683
-1.28648
-1.25024
-1.22937
-1.21671
-1.20885
-1.20419
-1.20231
991.807
853.96
728.95
650.818
601.499
567.29
543.13
526.876
516.857
512.077
843.34
742.441
647.814
585.984
541.939
509.922
487.71
472.767
463.471
458.997
608.851
568.555
509.821
488.969
467.368
444.129
426.061
413.481
405.448
401.517
425.687
415.191
360.794
356.205
373.383
369.237
358.316
349.51
343.399
340.238
277.953
262.4
221.497
209.766
264.18
288.337
286.861
282.209
278.169
275.786
131.333
111.451
94.2283
82.2954
163.998
208.668
214.173
212.806
210.351
208.523
19.3169
26.1084
18.1411
9.49089
83.7767
139.353
147.399
145.851
142.791
140.527
3.28647
2.50519
1.05672
2.96525
46.1603
81.4546
82.6717
77.936
71.2346
67.448
0.396817
-0.792666
-0.570157
-1.83929
-3.81448
28.0737
26.5424
19.7902
11.6889
9.43268
-0.575399
-1.01537
-0.832594
-1.22949
2.84937
11.4873
7.6729
1.22336
-0.2725
-0.568591
-0.957164
-1.13905
-1.20895
-1.21008
-1.29186
-1.32722
-1.09597
-0.876855
-0.86196
-0.761135
-1.05045
-1.13137
-1.2078
-1.23727
-1.2986
-1.18359
-1.07616
-1.02336
-1.06014
-0.963157
-1.01285
-1.04626
-1.1221
-1.13209
-1.15638
-1.1343
-1.0955
-1.075
-1.08653
-1.01696
-0.96507
-0.965745
-1.07409
-1.07623
-1.09666
-1.09168
-1.07569
-1.05651
-1.03867
-1.00821
-0.998827
-0.876527
-1.08551
-1.07786
-1.09599
-1.09342
-1.08109
-1.06344
-1.04521
-1.03593
-1.09636
-1.10372
-1.12425
-1.11469
-1.11955
-1.11458
-1.10455
-1.09192
-1.08067
-1.07706
-1.18305
-1.18515
-1.17591
-1.16577
-1.15554
-1.14399
-1.13284
-1.12224
-1.11424
-1.11152
-1.24935
-1.26045
-1.23343
-1.21932
-1.19485
-1.17605
-1.16256
-1.15221
-1.14539
-1.14289
-1.32111
-1.33588
-1.28728
-1.26642
-1.23064
-1.20654
-1.19158
-1.18157
-1.17554
-1.17319
-1.36627
-1.39206
-1.32725
-1.29831
-1.25709
-1.23204
-1.21783
-1.20907
-1.20411
-1.20211
985.763
849.75
727.161
650.15
601.349
567.247
543.152
526.92
516.906
512.126
840.813
739.59
646.692
585.352
541.614
509.866
487.735
472.815
463.522
459.048
609.22
566.898
510.17
489.191
467.345
444.136
426.107
413.538
405.503
401.57
429.441
417.434
364.276
358.541
374.087
369.418
358.407
349.583
343.46
340.292
282.165
267.137
225.528
212.609
265.39
288.709
286.995
282.294
278.231
275.837
134.018
116.097
97.5773
85.1678
165.147
209.057
214.315
212.888
210.405
208.566
20.8836
29.7254
20.7933
11.4071
84.653
139.808
147.484
145.906
142.826
140.553
3.50973
3.27212
1.06593
4.11739
47.6636
81.5586
82.6211
77.9274
71.2239
67.4431
0.390564
-0.924638
-0.789713
-2.10811
-3.58493
27.8285
26.2533
19.711
11.6726
9.43205
-0.623384
-1.08911
-0.899574
-1.32206
3.00538
11.3706
7.70248
1.23068
-0.26626
-0.556484
-0.985301
-1.16357
-1.2146
-1.21724
-1.28572
-1.34254
-1.10081
-0.872843
-0.857446
-0.753553
-1.06088
-1.13421
-1.20325
-1.23736
-1.29653
-1.18326
-1.073
-1.01959
-1.05773
-0.960567
-1.02106
-1.04594
-1.10865
-1.12908
-1.15124
-1.13226
-1.09372
-1.07373
-1.08686
-1.01605
-0.968382
-0.981874
-1.05693
-1.07346
-1.09207
-1.08928
-1.07399
-1.05543
-1.0382
-1.00667
-0.9938
-0.953984
-1.07155
-1.07729
-1.09268
-1.09157
-1.0795
-1.06202
-1.04375
-1.03411
-1.09023
-1.02195
-1.12078
-1.11579
-1.11771
-1.11336
-1.10326
-1.09063
-1.07934
-1.07567
-1.19063
-1.20097
-1.18047
-1.16642
-1.15513
-1.14327
-1.13181
-1.12114
-1.11311
-1.11037
-1.25644
-1.255
-1.24126
-1.21889
-1.19488
-1.17545
-1.16162
-1.15121
-1.14436
-1.14187
-1.32565
-1.31993
-1.29463
-1.26523
-1.23045
-1.20577
-1.19063
-1.18062
-1.1746
-1.17226
-1.37213
-1.38904
-1.33246
-1.29607
-1.25629
-1.23096
-1.21682
-1.20814
-1.20322
-1.20125
852.428
771.007
689.047
630.734
589.994
560.06
538.453
523.618
514.345
509.887
745.3
680.817
618.159
567.205
530.358
502.976
483.265
469.65
461.041
456.867
574.919
520.365
499.638
483.101
459.005
438.096
422.101
410.631
403.182
399.512
419.175
375.998
352.811
370.552
373.601
365.041
355.223
347.133
341.389
338.415
263.408
224.409
204.029
239.945
277.428
287.04
284.757
280.418
276.461
274.178
113.956
100.635
95.3177
117.896
184.241
209.428
212.904
211.538
208.923
207.128
30.6214
32.862
27.3672
35.1758
109.078
141.621
146.183
144.671
141.468
139.295
3.67424
7.76097
-0.363919
11.4304
63.697
81.1018
81.3245
76.1851
69.728
66.2866
-0.96782
0.0959147
-1.3506
0.352544
20.8633
28.6992
25.8175
18.0279
10.8122
9.15399
-1.10494
-1.24568
-1.07399
-1.19282
7.3969
9.73259
4.68828
0.598025
-0.522208
-0.642924
-1.16153
-1.44964
-1.39432
-1.38603
-1.15939
-1.1423
-0.971995
-0.875595
-0.915534
-0.794558
-1.11915
-1.26876
-1.33289
-1.31797
-1.32285
-1.17427
-1.05154
-1.02885
-1.07541
-0.972602
-1.03222
-1.03207
-1.15928
-1.16785
-1.16254
-1.11507
-1.07294
-1.05936
-1.07276
-1.00468
-0.965156
-0.808623
-1.08085
-1.09789
-1.10054
-1.08429
-1.06318
-1.0448
-1.02733
-1.00128
-0.851094
-0.940588
-1.08209
-1.09362
-1.09853
-1.0895
-1.07488
-1.05804
-1.04116
-1.03338
-1.00585
-0.978151
-1.12582
-1.12455
-1.12065
-1.11145
-1.1
-1.08789
-1.07719
-1.07371
-1.20839
-0.935649
-1.18332
-1.16753
-1.15339
-1.14029
-1.12865
-1.11854
-1.11078
-1.1081
-1.25246
-0.939245
-1.23981
-1.21202
-1.18867
-1.17128
-1.15839
-1.14879
-1.14228
-1.1399
-1.32575
-1.02845
-1.28169
-1.25007
-1.22077
-1.20067
-1.18732
-1.17832
-1.1727
-1.17052
-1.39874
-1.29953
-1.31712
-1.27787
-1.24552
-1.22571
-1.21365
-1.20605
-1.20155
-1.19975
728.964
689.47
642.941
603.697
572.631
548.514
530.514
517.814
509.722
505.791
648.49
618.345
577.677
542.065
513.896
492.118
475.771
464.099
456.569
452.881
511.879
499.297
486.078
465.634
445.56
428.759
415.43
405.55
399.011
395.757
362.14
350.992
364.389
371.91
366.756
358.442
350.001
342.815
337.667
334.997
220.795
201.792
228.12
266.5
281.669
284.064
281.3
277.009
273.263
271.158
96.2383
94.9723
109.902
165.16
198.308
209.32
211.009
208.956
206.226
204.52
21.259
28.6042
31.9762
86.6446
128.084
142.208
144.572
142.211
138.987
137.01
0.730595
-0.623573
8.45321
47.6347
73.3825
80.9844
79.0213
72.7593
67.0319
64.1754
-0.836942
-1.50211
1.1331
15.8652
29.6539
29.7618
22.8332
13.7876
9.38687
8.63098
-0.914423
-1.09509
-0.826904
1.02676
9.26175
7.09024
1.88433
-0.181664
-0.872614
-0.71693
-1.19615
-1.33021
-1.47002
-1.45424
-1.27277
-1.0302
-0.892304
-0.906182
-0.961759
-0.829214
-1.17017
-1.29616
-1.36525
-1.38228
-1.27674
-1.13928
-1.03722
-1.01873
-1.06648
-0.958861
-1.08625
-1.13703
-1.18008
-1.19059
-1.14416
-1.09308
-1.04945
-1.0366
-1.03719
-0.980797
-1.03974
-1.06029
-1.09471
-1.1077
-1.09497
-1.07169
-1.04881
-1.03111
-1.01389
-0.995314
-1.0592
-1.06096
-1.08722
-1.09942
-1.09536
-1.08261
-1.06733
-1.05195
-1.03771
-1.03197
-1.11128
-1.10999
-1.12016
-1.12185
-1.11608
-1.10612
-1.09464
-1.08329
-1.07362
-1.07033
-1.17356
-1.17403
-1.16784
-1.15749
-1.14589
-1.1345
-1.12379
-1.11444
-1.10727
-1.10469
-1.23861
-1.2447
-1.2173
-1.19599
-1.17846
-1.16465
-1.15362
-1.1451
-1.13924
-1.13704
-1.29955
-1.2957
-1.26114
-1.23053
-1.20884
-1.19359
-1.18266
-1.17495
-1.17002
-1.16805
-1.33843
-1.32103
-1.28722
-1.25547
-1.23348
-1.21908
-1.20951
-1.20317
-1.1993
-1.19773
651.003
630.986
603.724
577.161
554.213
535.558
521.138
510.672
503.871
500.53
585.6
567.068
541.96
517.622
496.947
480.118
466.96
457.28
450.916
447.767
487.759
482.204
465.264
447.607
431.963
418.569
407.636
399.333
393.751
390.951
354.495
368.271
371.155
366.234
359.124
351.362
343.836
337.499
332.972
330.627
207.519
237.097
265.558
278.389
281.866
280.78
277.024
272.705
269.211
267.296
84.1012
116.188
164.418
192.984
204.956
209.174
208.364
205.546
202.792
201.19
12.035
35.2421
86.2401
122.026
137.217
142.849
142.145
138.955
135.87
134.111
4.26946
10.7833
47.1629
68.8737
78.5639
79.8887
74.8429
68.5032
63.7944
61.5728
-1.827
-0.259938
15.7689
27.9955
31.1489
25.9731
16.397
10.2538
8.36221
8.14882
-1.19197
-1.21356
0.989877
9.68697
8.37514
3.01076
0.20597
-0.79584
-1.04152
-0.676837
-1.1719
-1.33788
-1.46542
-1.35894
-1.14972
-0.904189
-0.860713
-0.915875
-0.955964
-0.829649
-1.20434
-1.28888
-1.36525
-1.30703
-1.18811
-1.05567
-0.988792
-0.999707
-1.00467
-0.926011
-1.10773
-1.14898
-1.1809
-1.16059
-1.11428
-1.0581
-1.02263
-1.0128
-0.996557
-0.95644
-1.05585
-1.08269
-1.10083
-1.09734
-1.07777
-1.05337
-1.03314
-1.01793
-1.00198
-0.989163
-1.0627
-1.08185
-1.0957
-1.09492
-1.08545
-1.07161
-1.05739
-1.04423
-1.03257
-1.02794
-1.10489
-1.11526
-1.11913
-1.11565
-1.10823
-1.09814
-1.08728
-1.07704
-1.06855
-1.06543
-1.16045
-1.1618
-1.15624
-1.14665
-1.13695
-1.12703
-1.11749
-1.10915
-1.10279
-1.10038
-1.21953
-1.21293
-1.19657
-1.18055
-1.16778
-1.15696
-1.1478
-1.14054
-1.13545
-1.13345
-1.271
-1.25447
-1.23207
-1.21172
-1.1971
-1.18591
-1.17729
-1.17095
-1.16677
-1.16505
-1.30285
-1.28197
-1.25683
-1.23623
-1.22225
-1.21221
-1.20495
-1.19989
-1.19668
-1.19534
601.682
590.088
572.609
554.182
537.355
523.096
511.702
503.219
497.609
494.825
541.743
530.237
513.757
496.878
481.617
468.606
458.086
450.159
444.866
442.224
466.577
458.4
445.191
431.824
419.544
408.756
399.771
392.836
388.124
385.745
371.81
372.284
366.095
358.903
351.576
344.231
337.466
331.887
327.933
325.89
261.971
275.591
280.826
281.595
280.184
276.722
272.286
268.053
264.826
263.101
161.885
182.508
197.53
204.7
208.011
207.642
204.977
201.74
199.052
197.568
81.0483
107.557
127.516
137.032
141.68
141.707
138.864
135.368
132.522
130.971
43.7497
62.3631
72.9933
78.4778
79.8542
75.8724
69.7105
64.2045
60.5699
58.8437
-3.41635
20.5006
29.7935
31.2877
27.0628
18.1602
11.197
8.44717
7.85846
7.69877
2.3492
7.44206
9.24231
8.40365
3.55771
0.455979
-0.666349
-1.06939
-0.956593
-0.611783
-1.27344
-1.12058
-1.27963
-1.147
-0.922285
-0.837742
-0.868697
-0.908066
-0.912186
-0.795891
-1.28326
-1.30639
-1.27131
-1.18627
-1.06597
-0.97751
-0.966041
-0.963591
-0.941544
-0.886414
-1.13396
-1.14599
-1.13579
-1.10914
-1.0629
-1.02161
-1.00211
-0.987212
-0.963637
-0.937111
-1.07453
-1.08573
-1.08675
-1.0743
-1.05373
-1.03378
-1.01805
-1.00464
-0.990406
-0.980914
-1.07866
-1.08717
-1.08919
-1.08294
-1.07135
-1.05851
-1.04629
-1.03519
-1.02549
-1.02117
-1.10653
-1.1117
-1.11143
-1.10627
-1.09793
-1.08832
-1.07856
-1.06958
-1.06232
-1.05941
-1.14754
-1.14734
-1.14284
-1.13553
-1.12707
-1.1185
-1.11025
-1.10303
-1.09757
-1.09536
-1.19138
-1.18608
-1.17699
-1.16685
-1.15733
-1.14886
-1.14144
-1.1354
-1.1311
-1.12932
-1.23016
-1.22062
-1.20841
-1.19649
-1.18648
-1.17832
-1.17168
-1.1666
-1.16316
-1.16169
-1.25723
-1.24602
-1.23335
-1.22179
-1.21272
-1.20574
-1.20036
-1.19642
-1.19385
-1.19274
567.407
560.065
548.453
535.497
523.064
512.105
503.081
496.212
491.601
489.293
509.84
502.84
491.973
480.02
468.563
458.395
449.94
443.446
439.055
436.847
443.665
437.677
428.457
418.403
408.693
399.923
392.491
386.684
382.707
380.691
368.277
364.243
357.948
351.119
344.148
337.421
331.398
326.5
323.053
321.279
286.937
285.944
283.442
280.491
276.63
272.077
267.484
263.476
260.541
258.999
207.103
208.336
208.729
208.906
207.56
204.709
201.213
197.893
195.365
194.015
137.743
140.722
141.774
142.664
141.657
138.787
135.175
131.788
129.243
127.889
80.3151
80.6985
80.8591
79.889
75.8944
70.1909
64.6426
60.3832
57.5913
56.1928
28.4746
29.0982
29.9992
26.1005
18.1923
11.6368
8.65864
7.81771
7.42585
7.13285
11.3248
10.0628
7.2155
3.0493
0.466005
-0.599605
-1.0475
-0.979115
-0.796179
-0.629653
-1.32774
-1.13073
-1.02283
-0.892369
-0.833512
-0.85082
-0.883686
-0.881366
-0.845205
-0.773309
-1.17826
-1.17403
-1.13932
-1.05455
-0.976783
-0.95474
-0.947859
-0.923354
-0.895402
-0.860522
-1.12081
-1.1038
-1.08413
-1.05263
-1.01954
-0.998714
-0.981635
-0.960497
-0.939442
-0.92198
-1.07453
-1.07192
-1.06292
-1.04831
-1.03175
-1.0169
-1.00365
-0.990559
-0.97805
-0.969993
-1.07834
-1.07916
-1.07558
-1.06754
-1.05679
-1.04579
-1.03527
-1.02549
-1.01712
-1.01299
-1.10248
-1.10322
-1.10059
-1.09486
-1.0869
-1.07823
-1.06958
-1.06175
-1.05557
-1.05284
-1.135
-1.13414
-1.13035
-1.12448
-1.11735
-1.11
-1.10291
-1.09671
-1.09206
-1.09002
-1.16975
-1.1671
-1.16174
-1.15503
-1.14795
-1.14129
-1.13524
-1.13022
-1.1266
-1.12501
-1.2021
-1.19802
-1.1916
-1.18445
-1.17759
-1.17158
-1.16643
-1.16235
-1.15953
-1.15827
-1.22842
-1.22386
-1.2176
-1.21104
-1.20515
-1.20024
-1.19621
-1.19314
-1.19108
-1.19015
543.186
538.403
530.43
521.059
511.649
503.056
495.794
490.163
486.334
484.404
487.64
483.123
475.63
466.853
458.021
449.913
443.013
437.629
433.951
432.09
425.748
421.786
415.189
407.48
399.686
392.458
386.233
381.319
377.933
376.211
357.697
354.694
349.645
343.628
337.364
331.362
326.037
321.736
318.724
317.178
285.995
284.075
280.876
276.793
272.179
267.449
263.033
259.343
256.704
255.333
213.267
212.241
210.617
208.161
204.89
201.187
197.519
194.347
192.035
190.825
146.712
145.733
144.323
142.03
138.824
135.168
131.58
128.512
126.286
125.119
82.4634
81.3299
79.0886
74.9162
69.7604
64.6676
60.413
57.1877
54.9773
53.8545
26.7776
26.12
23.0422
16.4764
11.2123
8.67155
7.84867
7.37696
6.90644
6.64448
8.12776
4.99791
1.98799
0.231904
-0.659807
-1.04489
-0.978759
-0.772321
-0.707968
-0.659858
-1.09399
-0.966127
-0.874015
-0.847474
-0.86386
-0.882379
-0.87408
-0.829729
-0.792984
-0.755661
-1.0704
-1.0477
-1.02986
-0.983306
-0.962044
-0.9455
-0.917601
-0.888488
-0.863034
-0.841616
-1.08426
-1.06413
-1.04118
-1.01671
-0.998331
-0.979724
-0.95735
-0.936142
-0.918966
-0.907052
-1.0607
-1.05188
-1.04009
-1.02733
-1.01473
-1.00219
-0.989096
-0.976388
-0.965584
-0.959045
-1.06691
-1.06476
-1.05985
-1.05237
-1.04339
-1.03402
-1.02459
-1.01573
-1.00846
-1.00467
-1.0926
-1.09163
-1.08848
-1.08308
-1.07608
-1.06849
-1.06093
-1.05412
-1.04884
-1.0463
-1.12312
-1.12191
-1.11882
-1.11406
-1.10819
-1.10199
-1.09595
-1.09065
-1.08669
-1.08482
-1.15472
-1.15308
-1.14967
-1.14502
-1.13974
-1.13447
-1.12954
-1.12535
-1.12231
-1.12088
-1.1852
-1.18315
-1.17953
-1.17503
-1.17026
-1.16578
-1.16176
-1.15846
-1.15614
-1.15505
-1.21245
-1.2103
-1.20696
-1.20307
-1.19917
-1.19566
-1.19262
-1.1902
-1.18854
-1.18776
526.883
523.539
517.719
510.585
503.153
496.171
490.145
485.401
482.143
480.492
472.702
469.516
463.97
457.174
450.085
443.403
437.611
433.033
429.88
428.277
413.282
410.399
405.362
399.196
392.749
386.637
381.301
377.054
374.113
372.613
349.149
346.789
342.565
337.334
331.79
326.451
321.718
317.904
315.238
313.871
281.733
280.008
276.734
272.536
267.961
263.433
259.329
255.966
253.589
252.363
212.339
211.165
208.722
205.412
201.673
197.866
194.339
191.407
189.316
188.234
145.581
144.476
142.104
138.906
135.355
131.79
128.516
125.804
123.872
122.869
78.1108
76.3863
72.9198
68.6107
64.2797
60.4335
57.2101
54.6574
52.8959
52.0036
20.1553
18.3492
13.9301
10.2864
8.48382
7.8516
7.38929
6.86609
6.48662
6.30414
1.41546
0.68791
-0.148676
-0.788162
-1.0621
-0.968
-0.76703
-0.679176
-0.67292
-0.641027
-0.864331
-0.86068
-0.889051
-0.904885
-0.902174
-0.876565
-0.827069
-0.783445
-0.75973
-0.737486
-1.00776
-1.01394
-1.00868
-0.988823
-0.955604
-0.919015
-0.886742
-0.858935
-0.838767
-0.824326
-1.06014
-1.04639
-1.02553
-1.00427
-0.981424
-0.95712
-0.934798
-0.91621
-0.902191
-0.893078
-1.04157
-1.03307
-1.02195
-1.01143
-1.00037
-0.988067
-0.975348
-0.963659
-0.954381
-0.948842
-1.04961
-1.04799
-1.04428
-1.03871
-1.03156
-1.0234
-1.01485
-1.00688
-1.00056
-0.997091
-1.07988
-1.07928
-1.07671
-1.07226
-1.06641
-1.05991
-1.05335
-1.04742
-1.04285
-1.04048
-1.112
-1.11127
-1.10887
-1.1051
-1.10032
-1.09513
-1.08998
-1.08543
-1.082
-1.08028
-1.14353
-1.1427
-1.14044
-1.13713
-1.1331
-1.12886
-1.12477
-1.12123
-1.11863
-1.11734
-1.17417
-1.17323
-1.17105
-1.16807
-1.16464
-1.16119
-1.15796
-1.15524
-1.15328
-1.15233
-1.2027
-1.20176
-1.19987
-1.19743
-1.19475
-1.19214
-1.18977
-1.18781
-1.18643
-1.18576
516.838
514.254
509.624
503.78
497.537
491.551
486.306
482.132
479.245
477.776
463.411
460.919
456.451
450.815
444.789
439.004
433.922
429.869
427.06
425.628
405.316
403.006
398.859
393.632
388.04
382.654
377.905
374.102
371.458
370.107
343.189
341.159
337.486
332.842
327.846
323.002
318.698
315.228
312.804
311.561
277.92
276.216
273.084
269.09
264.752
260.5
256.684
253.583
251.403
250.281
210.144
208.73
206.094
202.71
199.007
195.343
192.027
189.314
187.4
186.413
142.75
141.427
138.969
135.87
132.532
129.256
126.296
123.877
122.168
121.283
71.5427
69.9857
67.2142
63.9227
60.665
57.6543
55.013
52.9104
51.4581
50.7187
11.9904
10.9874
9.45754
8.41452
7.91003
7.45623
6.9233
6.49382
6.20268
6.05827
-0.211975
-0.487401
-0.861745
-1.03238
-0.943495
-0.785737
-0.701673
-0.670045
-0.652038
-0.627413
-0.838096
-0.899035
-0.949117
-0.944833
-0.902135
-0.837998
-0.789574
-0.758665
-0.739495
-0.724418
-1.03501
-1.05333
-1.04119
-0.987366
-0.931286
-0.890291
-0.860653
-0.837922
-0.822011
-0.810736
-1.06609
-1.05394
-1.02065
-0.985402
-0.957266
-0.935524
-0.917036
-0.901487
-0.88976
-0.882475
-1.0231
-1.01512
-1.00419
-0.995143
-0.985773
-0.975145
-0.964012
-0.953783
-0.945787
-0.940989
-1.03178
-1.03157
-1.03016
-1.02693
-1.02151
-1.0146
-1.00709
-1.00002
-0.994464
-0.991273
-1.06867
-1.06858
-1.06687
-1.06349
-1.05878
-1.05331
-1.04761
-1.04236
-1.03831
-1.03609
-1.10376
-1.10324
-1.10138
-1.09839
-1.09447
-1.09006
-1.08558
-1.08157
-1.07853
-1.07691
-1.13631
-1.13579
-1.13418
-1.13165
-1.12842
-1.12486
-1.12134
-1.11825
-1.11594
-1.11475
-1.16765
-1.16713
-1.16567
-1.1635
-1.16084
-1.15802
-1.1553
-1.15295
-1.15123
-1.15036
-1.19724
-1.19676
-1.19556
-1.19386
-1.19185
-1.18977
-1.1878
-1.18613
-1.18493
-1.18433
512.048
509.793
505.693
500.439
494.751
489.24
484.371
480.474
477.77
476.39
458.941
456.752
452.769
447.669
442.147
436.793
432.056
428.26
425.622
424.273
401.415
399.362
395.624
390.842
385.665
380.637
376.179
372.597
370.102
368.825
340.093
338.238
334.85
330.515
325.811
321.229
317.149
313.857
311.557
310.377
275.634
274.007
271.025
267.2
263.037
258.961
255.312
252.353
250.278
249.21
208.425
207.016
204.438
201.136
197.536
193.998
190.818
188.231
186.413
185.477
140.57
139.316
137.032
134.133
130.993
127.907
125.133
122.877
121.286
120.463
67.7438
66.5331
64.363
61.7125
58.9429
56.2577
53.8963
52.0255
50.7255
50.0587
9.56439
9.25328
8.71696
8.21732
7.74178
7.1555
6.66518
6.31581
6.06032
5.92564
-0.544046
-0.639635
-0.718632
-0.673815
-0.61339
-0.63647
-0.65918
-0.638787
-0.629089
-0.622815
-0.742171
-0.788083
-0.825308
-0.82377
-0.790758
-0.771167
-0.754051
-0.736029
-0.72483
-0.717114
-0.941962
-0.955629
-0.945141
-0.914815
-0.879882
-0.857439
-0.839849
-0.823379
-0.810939
-0.803255
-0.998261
-0.988918
-0.968459
-0.94798
-0.932098
-0.918957
-0.905214
-0.892203
-0.882007
-0.875911
-0.993289
-0.990351
-0.9869
-0.982887
-0.976236
-0.967298
-0.957335
-0.947979
-0.94067
-0.936295
-1.02276
-1.0242
-1.02464
-1.02223
-1.017
-1.0103
-1.00306
-0.996274
-0.990988
-0.987919
-1.06505
-1.06505
-1.06347
-1.06022
-1.05566
-1.05035
-1.04482
-1.03974
-1.03583
-1.03365
-1.10089
-1.10038
-1.09861
-1.09578
-1.09204
-1.0878
-1.08349
-1.07961
-1.07669
-1.0751
-1.13361
-1.13319
-1.13176
-1.12944
-1.12642
-1.12307
-1.11972
-1.11676
-1.11455
-1.11339
-1.16507
-1.1647
-1.16347
-1.16157
-1.15918
-1.15658
-1.15403
-1.15181
-1.15019
-1.14934
-1.19501
-1.19471
-1.19375
-1.19232
-1.19056
-1.18868
-1.18687
-1.18531
-1.18418
-1.1836
-1.23325
-1.23335
-1.23285
-1.2319
-1.23066
-1.22931
-1.22799
-1.22687
-1.22606
-1.22564
-1.26045
-1.26062
-1.26046
-1.26005
-1.25948
-1.25886
-1.25824
-1.2577
-1.25732
-1.25713
-1.28723
-1.28756
-1.28782
-1.28804
-1.2882
-1.28832
-1.28839
-1.28842
-1.28845
-1.28847
-1.31438
-1.31491
-1.31562
-1.31647
-1.31734
-1.31816
-1.31888
-1.31944
-1.31984
-1.32005
-1.34268
-1.34341
-1.34453
-1.34593
-1.34742
-1.34886
-1.35013
-1.35114
-1.35186
-1.35224
-1.37275
-1.37364
-1.37508
-1.3769
-1.37886
-1.38078
-1.38248
-1.38385
-1.38482
-1.38533
-1.40496
-1.40596
-1.40761
-1.4097
-1.41198
-1.41421
-1.4162
-1.41781
-1.41895
-1.41955
-1.43946
-1.4405
-1.44224
-1.44447
-1.4469
-1.44929
-1.45144
-1.45318
-1.45442
-1.45507
-1.47616
-1.4772
-1.47895
-1.48118
-1.48363
-1.48606
-1.48824
-1.49002
-1.49128
-1.49195
-1.5149
-1.51589
-1.51758
-1.51973
-1.5221
-1.52445
-1.52657
-1.52831
-1.52954
-1.53019
-1.55541
-1.55635
-1.55792
-1.55993
-1.56214
-1.56434
-1.56634
-1.56797
-1.56914
-1.56975
-1.59744
-1.5983
-1.59973
-1.60156
-1.60358
-1.60559
-1.60741
-1.60891
-1.60998
-1.61054
-1.64073
-1.64151
-1.64279
-1.64442
-1.64622
-1.64801
-1.64964
-1.65098
-1.65194
-1.65245
-1.68507
-1.68575
-1.68688
-1.6883
-1.68988
-1.69145
-1.69288
-1.69406
-1.6949
-1.69534
-1.73022
-1.73082
-1.73179
-1.73302
-1.73438
-1.73574
-1.73697
-1.73799
-1.73872
-1.7391
-1.77601
-1.77653
-1.77736
-1.77842
-1.77957
-1.78073
-1.78178
-1.78264
-1.78327
-1.78359
-1.82229
-1.82274
-1.82345
-1.82434
-1.82532
-1.82629
-1.82718
-1.82791
-1.82844
-1.82871
-1.86894
-1.86933
-1.86993
-1.87069
-1.87151
-1.87232
-1.87307
-1.87368
-1.87412
-1.87435
-1.91587
-1.91621
-1.91672
-1.91735
-1.91804
-1.91873
-1.91935
-1.91986
-1.92023
-1.92043
-1.963
-1.9633
-1.96373
-1.96427
-1.96485
-1.96543
-1.96595
-1.96638
-1.96669
-1.96685
-1.23512
-1.235
-1.23421
-1.23297
-1.23146
-1.22991
-1.22846
-1.22724
-1.22637
-1.22593
-1.26141
-1.26141
-1.26106
-1.26048
-1.25978
-1.25906
-1.25838
-1.2578
-1.2574
-1.2572
-1.28708
-1.28732
-1.28754
-1.28775
-1.28793
-1.28809
-1.28819
-1.28826
-1.28831
-1.28834
-1.31314
-1.31368
-1.3145
-1.3155
-1.31654
-1.31753
-1.31837
-1.31904
-1.3195
-1.31975
-1.34056
-1.34138
-1.34273
-1.3444
-1.34618
-1.34788
-1.34936
-1.35053
-1.35135
-1.35178
-1.37005
-1.37108
-1.37282
-1.375
-1.37732
-1.37956
-1.38153
-1.38309
-1.38418
-1.38476
-1.40199
-1.40315
-1.40513
-1.40761
-1.41028
-1.41286
-1.41513
-1.41695
-1.41823
-1.41891
-1.43645
-1.43767
-1.43974
-1.44235
-1.44516
-1.4479
-1.45033
-1.45228
-1.45366
-1.45439
-1.47331
-1.47452
-1.47657
-1.47916
-1.48196
-1.48471
-1.48715
-1.48913
-1.49053
-1.49126
-1.5123
-1.51345
-1.5154
-1.51787
-1.52056
-1.52319
-1.52555
-1.52746
-1.52882
-1.52953
-1.55312
-1.55419
-1.556
-1.55828
-1.56076
-1.56321
-1.56541
-1.5672
-1.56847
-1.56914
-1.59547
-1.59645
-1.59808
-1.60013
-1.60238
-1.60459
-1.60659
-1.60821
-1.60937
-1.60998
-1.63908
-1.63996
-1.6414
-1.64321
-1.6452
-1.64716
-1.64893
-1.65037
-1.65141
-1.65195
-1.6837
-1.68447
-1.68572
-1.6873
-1.68902
-1.69073
-1.69227
-1.69353
-1.69443
-1.69491
-1.72912
-1.72978
-1.73085
-1.73221
-1.73368
-1.73514
-1.73646
-1.73754
-1.73832
-1.73873
-1.77513
-1.7757
-1.77661
-1.77776
-1.77901
-1.78024
-1.78136
-1.78228
-1.78293
-1.78328
-1.8216
-1.82209
-1.82286
-1.82382
-1.82487
-1.8259
-1.82684
-1.82761
-1.82816
-1.82846
-1.8684
-1.86881
-1.86947
-1.87028
-1.87115
-1.87201
-1.87279
-1.87343
-1.8739
-1.87414
-1.91544
-1.9158
-1.91635
-1.91703
-1.91776
-1.91848
-1.91913
-1.91966
-1.92005
-1.92025
-1.96265
-1.96297
-1.96344
-1.96401
-1.96463
-1.96523
-1.96577
-1.96622
-1.96654
-1.96671
-1.23967
-1.239
-1.23748
-1.23546
-1.2333
-1.23127
-1.22947
-1.22801
-1.227
-1.22651
-1.26383
-1.26343
-1.26262
-1.26158
-1.26051
-1.25955
-1.25871
-1.25804
-1.25758
-1.25737
-1.28698
-1.28705
-1.28716
-1.2873
-1.28748
-1.28769
-1.28785
-1.28797
-1.28806
-1.28812
-1.31066
-1.31124
-1.31229
-1.3136
-1.31498
-1.31629
-1.3174
-1.31826
-1.31886
-1.31917
-1.33621
-1.33725
-1.33908
-1.34135
-1.34373
-1.34597
-1.34788
-1.34936
-1.35038
-1.35092
-1.36451
-1.36587
-1.36825
-1.37119
-1.37427
-1.37718
-1.37967
-1.38162
-1.38297
-1.38367
-1.39591
-1.39746
-1.40014
-1.40344
-1.40692
-1.41022
-1.41307
-1.41531
-1.41687
-1.41768
-1.43035
-1.43197
-1.43473
-1.43814
-1.44175
-1.4452
-1.4482
-1.45057
-1.45222
-1.45309
-1.46754
-1.46913
-1.47182
-1.47514
-1.47869
-1.48209
-1.48506
-1.48743
-1.48909
-1.48996
-1.50707
-1.50858
-1.51109
-1.51421
-1.51754
-1.52075
-1.52358
-1.52585
-1.52744
-1.52827
-1.54853
-1.54992
-1.5522
-1.55503
-1.55807
-1.56101
-1.56361
-1.56571
-1.56719
-1.56796
-1.59155
-1.59279
-1.59482
-1.59734
-1.60003
-1.60266
-1.60499
-1.60688
-1.60821
-1.60891
-1.63579
-1.63689
-1.63867
-1.64085
-1.6432
-1.6455
-1.64755
-1.64921
-1.65038
-1.651
-1.68101
-1.68195
-1.68347
-1.68535
-1.68736
-1.68933
-1.6911
-1.69253
-1.69354
-1.69408
-1.72694
-1.72775
-1.72904
-1.73062
-1.73232
-1.73399
-1.73548
-1.7367
-1.73756
-1.73802
-1.77342
-1.77409
-1.77517
-1.7765
-1.77792
-1.77931
-1.78055
-1.78157
-1.7823
-1.78268
-1.82026
-1.82083
-1.82173
-1.82283
-1.824
-1.82515
-1.82619
-1.82703
-1.82763
-1.82796
-1.86736
-1.86784
-1.86859
-1.86951
-1.87047
-1.87142
-1.87227
-1.87296
-1.87346
-1.87373
-1.91463
-1.91504
-1.91567
-1.91643
-1.91722
-1.91801
-1.91871
-1.91928
-1.91969
-1.91991
-1.96202
-1.96237
-1.96291
-1.96354
-1.9642
-1.96485
-1.96543
-1.96591
-1.96625
-1.96643
-1.24831
-1.24617
-1.24308
-1.2395
-1.23615
-1.2333
-1.23093
-1.22911
-1.22788
-1.2273
-1.26859
-1.26712
-1.26532
-1.26336
-1.26166
-1.2603
-1.2592
-1.25837
-1.25783
-1.25758
-1.28711
-1.28666
-1.28653
-1.28654
-1.28675
-1.28706
-1.28732
-1.28753
-1.28768
-1.28779
-1.30653
-1.3071
-1.30859
-1.31048
-1.31251
-1.3144
-1.31595
-1.31713
-1.31792
-1.31835
-1.3289
-1.3303
-1.33306
-1.33642
-1.33989
-1.34305
-1.34566
-1.34765
-1.34899
-1.34968
-1.35533
-1.35727
-1.36083
-1.36513
-1.36955
-1.37358
-1.37693
-1.3795
-1.38123
-1.38213
-1.38603
-1.38825
-1.39217
-1.39691
-1.40179
-1.40627
-1.41004
-1.41294
-1.41491
-1.41594
-1.42066
-1.42294
-1.42688
-1.43165
-1.4366
-1.44119
-1.44508
-1.44811
-1.45018
-1.45125
-1.45857
-1.46077
-1.46451
-1.46905
-1.47379
-1.47823
-1.48203
-1.485
-1.48705
-1.48812
-1.49909
-1.50113
-1.50454
-1.5087
-1.51306
-1.51718
-1.52074
-1.52354
-1.52549
-1.5265
-1.54165
-1.54347
-1.54651
-1.5502
-1.5541
-1.55781
-1.56104
-1.5636
-1.56538
-1.56631
-1.58576
-1.58735
-1.58999
-1.59321
-1.59661
-1.59987
-1.60272
-1.60499
-1.60658
-1.60741
-1.63103
-1.63239
-1.63465
-1.6374
-1.64031
-1.64312
-1.64558
-1.64756
-1.64894
-1.64967
-1.67716
-1.67831
-1.68021
-1.68252
-1.68497
-1.68734
-1.68944
-1.69112
-1.6923
-1.69292
-1.72391
-1.72486
-1.72643
-1.72835
-1.73038
-1.73236
-1.7341
-1.73551
-1.73651
-1.73703
-1.77107
-1.77185
-1.77314
-1.77471
-1.77637
-1.77799
-1.77943
-1.78059
-1.78142
-1.78185
-1.81848
-1.81911
-1.82016
-1.82144
-1.82279
-1.82411
-1.82528
-1.82623
-1.82691
-1.82727
-1.86601
-1.86653
-1.86739
-1.86843
-1.86952
-1.87059
-1.87154
-1.87231
-1.87287
-1.87316
-1.91359
-1.91403
-1.91475
-1.9156
-1.91649
-1.91736
-1.91813
-1.91876
-1.91921
-1.91945
-1.9612
-1.96158
-1.96219
-1.9629
-1.96363
-1.96434
-1.96497
-1.96549
-1.96586
-1.96606
-1.26343
-1.25855
-1.25206
-1.2455
-1.24015
-1.23599
-1.23275
-1.2304
-1.22887
-1.22818
-1.27641
-1.27342
-1.26962
-1.26599
-1.26326
-1.26126
-1.25976
-1.25872
-1.25806
-1.25778
-1.28652
-1.28581
-1.28539
-1.28529
-1.28566
-1.28615
-1.28657
-1.28692
-1.28716
-1.28732
-1.29877
-1.30002
-1.30261
-1.30572
-1.30894
-1.31176
-1.31398
-1.31563
-1.31671
-1.31729
-1.3163
-1.31894
-1.32365
-1.32908
-1.33444
-1.33906
-1.34273
-1.34543
-1.34721
-1.34812
-1.34027
-1.34373
-1.34958
-1.35633
-1.36296
-1.36872
-1.37334
-1.37676
-1.37904
-1.3802
-1.37045
-1.37421
-1.38042
-1.38762
-1.39474
-1.40101
-1.4061
-1.40992
-1.41247
-1.41377
-1.4058
-1.40953
-1.41557
-1.4226
-1.42963
-1.43591
-1.44107
-1.44499
-1.44763
-1.44898
-1.44512
-1.44861
-1.45418
-1.46068
-1.46726
-1.4732
-1.47816
-1.48195
-1.48453
-1.48586
-1.48733
-1.49048
-1.49544
-1.50125
-1.50716
-1.51258
-1.51715
-1.52067
-1.52309
-1.52433
-1.53164
-1.53439
-1.53869
-1.54374
-1.54893
-1.55372
-1.5578
-1.56098
-1.56316
-1.56429
-1.57746
-1.57976
-1.58342
-1.58772
-1.59217
-1.59632
-1.59987
-1.60266
-1.60459
-1.60558
-1.62428
-1.62616
-1.62923
-1.63284
-1.63659
-1.64011
-1.64314
-1.64553
-1.64719
-1.64805
-1.67178
-1.6733
-1.67583
-1.67881
-1.68192
-1.68484
-1.68738
-1.68938
-1.69079
-1.69152
-1.71972
-1.72092
-1.72298
-1.7254
-1.72792
-1.73031
-1.7324
-1.73406
-1.73522
-1.73583
-1.76789
-1.76881
-1.77047
-1.7724
-1.77442
-1.77635
-1.77804
-1.77939
-1.78034
-1.78085
-1.81611
-1.81681
-1.81814
-1.81966
-1.82127
-1.82281
-1.82416
-1.82525
-1.82602
-1.82643
-1.86426
-1.86481
-1.86587
-1.86708
-1.86835
-1.86957
-1.87065
-1.87152
-1.87214
-1.87248
-1.91228
-1.91274
-1.9136
-1.91456
-1.91558
-1.91656
-1.91742
-1.91812
-1.91862
-1.91889
-1.96018
-1.96058
-1.9613
-1.96209
-1.96292
-1.96371
-1.96441
-1.96497
-1.96538
-1.9656
-1.29261
-1.28063
-1.26596
-1.25385
-1.24529
-1.23918
-1.23477
-1.23174
-1.22984
-1.22902
-1.2915
-1.28472
-1.27619
-1.26959
-1.26525
-1.26234
-1.26032
-1.259
-1.2582
-1.25789
-1.28582
-1.28452
-1.28337
-1.28331
-1.28402
-1.28486
-1.28555
-1.2861
-1.28647
-1.28672
-1.28546
-1.28837
-1.29329
-1.29882
-1.30403
-1.3083
-1.31151
-1.3138
-1.31526
-1.31603
-1.29524
-1.30087
-1.30957
-1.31879
-1.32716
-1.33397
-1.33912
-1.34278
-1.34513
-1.34633
-1.316
-1.32296
-1.33332
-1.34433
-1.35437
-1.36264
-1.36899
-1.37356
-1.37651
-1.37801
-1.34621
-1.35346
-1.36398
-1.3753
-1.38576
-1.39454
-1.40141
-1.40641
-1.40968
-1.41134
-1.38348
-1.39037
-1.40018
-1.41088
-1.42093
-1.42952
-1.43636
-1.44141
-1.44475
-1.44645
-1.42551
-1.43175
-1.44046
-1.45007
-1.45923
-1.46721
-1.47366
-1.47848
-1.4817
-1.48334
-1.47058
-1.47606
-1.48359
-1.49195
-1.50001
-1.50715
-1.513
-1.51742
-1.52041
-1.52193
-1.51761
-1.52228
-1.52865
-1.53578
-1.54272
-1.54893
-1.55409
-1.55803
-1.5607
-1.56207
-1.56591
-1.56975
-1.57505
-1.58103
-1.58689
-1.5922
-1.59663
-1.60005
-1.60238
-1.60358
-1.61495
-1.61803
-1.62238
-1.62733
-1.63219
-1.63663
-1.64036
-1.64326
-1.64525
-1.64628
-1.66441
-1.66683
-1.67035
-1.67438
-1.67833
-1.68196
-1.68505
-1.68745
-1.68912
-1.68998
-1.71407
-1.71589
-1.7187
-1.72192
-1.72506
-1.72798
-1.73048
-1.73244
-1.73381
-1.73452
-1.76369
-1.765
-1.76722
-1.76974
-1.77218
-1.77449
-1.77648
-1.77806
-1.77916
-1.77975
-1.81305
-1.81401
-1.81573
-1.81765
-1.81954
-1.82135
-1.82291
-1.82416
-1.82505
-1.82552
-1.86203
-1.86277
-1.86409
-1.86556
-1.86702
-1.86843
-1.86966
-1.87064
-1.87135
-1.87173
-1.91059
-1.91123
-1.91226
-1.91342
-1.91455
-1.91567
-1.91663
-1.91741
-1.91797
-1.91828
-1.95882
-1.95941
-1.96026
-1.96121
-1.96211
-1.96301
-1.96378
-1.9644
-1.96485
-1.9651
-1.33979
-1.322
-1.28719
-1.26571
-1.25197
-1.24296
-1.23694
-1.23305
-1.23069
-1.2297
-1.31686
-1.30683
-1.28591
-1.27475
-1.26788
-1.26362
-1.26088
-1.2592
-1.25823
-1.25787
-1.28657
-1.28445
-1.27992
-1.28049
-1.28193
-1.2833
-1.28436
-1.28514
-1.28566
-1.286
-1.26735
-1.27134
-1.27938
-1.28931
-1.29783
-1.30418
-1.3087
-1.31177
-1.31368
-1.31467
-1.26603
-1.27455
-1.28954
-1.30505
-1.31815
-1.32799
-1.33508
-1.3399
-1.34291
-1.34443
-1.28282
-1.29367
-1.3111
-1.32882
-1.34398
-1.35562
-1.36419
-1.37011
-1.37386
-1.37573
-1.31378
-1.32517
-1.3423
-1.35985
-1.37516
-1.38723
-1.3963
-1.40269
-1.40678
-1.40884
-1.35441
-1.36505
-1.38049
-1.39657
-1.41088
-1.42243
-1.4313
-1.43766
-1.44179
-1.44387
-1.40064
-1.41013
-1.42335
-1.43738
-1.45013
-1.46064
-1.46887
-1.47487
-1.4788
-1.4808
-1.44981
-1.45806
-1.46912
-1.48099
-1.492
-1.50125
-1.50863
-1.51407
-1.51768
-1.51951
-1.50042
-1.50743
-1.51659
-1.52648
-1.5358
-1.54377
-1.55021
-1.555
-1.5582
-1.55984
-1.55177
-1.55757
-1.56511
-1.57325
-1.58104
-1.58776
-1.59326
-1.59738
-1.60015
-1.60157
-1.60358
-1.60817
-1.61437
-1.62097
-1.62736
-1.6329
-1.63748
-1.64095
-1.6433
-1.64451
-1.65565
-1.65909
-1.6641
-1.66932
-1.67443
-1.6789
-1.68264
-1.68549
-1.68744
-1.68845
-1.7077
-1.71011
-1.71404
-1.71803
-1.72199
-1.72551
-1.7285
-1.7308
-1.73239
-1.73322
-1.75934
-1.76094
-1.76387
-1.76683
-1.76985
-1.77255
-1.77489
-1.77671
-1.77798
-1.77866
-1.81017
-1.81127
-1.81336
-1.81551
-1.81779
-1.81984
-1.82165
-1.82307
-1.82408
-1.82462
-1.86008
-1.8609
-1.86239
-1.86399
-1.86571
-1.86728
-1.86867
-1.86977
-1.87056
-1.87099
-1.90911
-1.90987
-1.911
-1.91225
-1.91357
-1.91479
-1.91586
-1.91671
-1.91734
-1.91768
-1.95766
-1.95836
-1.9593
-1.96031
-1.96136
-1.96233
-1.96317
-1.96385
-1.96434
-1.96462
-1.3759
-1.3723
-1.31752
-1.28225
-1.25967
-1.24669
-1.23884
-1.23403
-1.23123
-1.23009
-1.32991
-1.32585
-1.30136
-1.28277
-1.27096
-1.26475
-1.26122
-1.25917
-1.25804
-1.25766
-1.27645
-1.27767
-1.27659
-1.27784
-1.2795
-1.28145
-1.28296
-1.28403
-1.28473
-1.28518
-1.24099
-1.24578
-1.26172
-1.27806
-1.29069
-1.29968
-1.30574
-1.30966
-1.31206
-1.31329
-1.23034
-1.23836
-1.26418
-1.2888
-1.30798
-1.32165
-1.33095
-1.33703
-1.34074
-1.3426
-1.24317
-1.25456
-1.28341
-1.31088
-1.33254
-1.34836
-1.3594
-1.36675
-1.37131
-1.37358
-1.27514
-1.28774
-1.31584
-1.34248
-1.36379
-1.37982
-1.39129
-1.39912
-1.40405
-1.40651
-1.31926
-1.33138
-1.35695
-1.38091
-1.40036
-1.41539
-1.42641
-1.4341
-1.43902
-1.44148
-1.37
-1.38052
-1.40324
-1.42379
-1.44078
-1.45424
-1.46431
-1.47148
-1.47613
-1.47847
-1.42403
-1.43312
-1.45216
-1.46939
-1.4838
-1.49553
-1.5045
-1.51094
-1.51518
-1.51731
-1.47931
-1.48762
-1.50221
-1.5166
-1.52873
-1.53877
-1.54655
-1.55219
-1.55593
-1.55782
-1.53468
-1.54128
-1.55282
-1.5648
-1.57499
-1.58349
-1.59009
-1.59491
-1.59813
-1.59976
-1.58992
-1.59491
-1.60405
-1.61396
-1.62225
-1.6293
-1.63479
-1.63882
-1.64153
-1.64292
-1.64492
-1.64838
-1.65565
-1.66371
-1.67017
-1.67593
-1.68037
-1.68367
-1.68592
-1.68707
-1.69952
-1.70165
-1.70751
-1.71367
-1.71844
-1.72302
-1.7266
-1.72926
-1.73109
-1.73204
-1.75353
-1.75458
-1.75927
-1.76355
-1.76712
-1.77054
-1.77334
-1.77544
-1.7769
-1.77766
-1.80635
-1.80709
-1.8102
-1.81313
-1.8157
-1.81826
-1.82041
-1.82204
-1.82318
-1.82381
-1.85749
-1.85844
-1.8602
-1.86232
-1.86413
-1.86605
-1.86769
-1.86892
-1.86983
-1.87029
-1.90712
-1.90827
-1.90942
-1.91108
-1.91238
-1.91384
-1.91507
-1.91603
-1.91674
-1.9171
-1.95581
-1.95721
-1.95769
-1.95946
-1.96043
-1.96159
-1.96255
-1.9633
-1.96386
-1.96414
-1.41912
-1.47546
-1.33765
-1.30095
-1.26619
-1.2496
-1.24012
-1.23456
-1.23139
-1.23015
-1.33278
-1.34626
-1.3081
-1.2907
-1.27241
-1.26515
-1.26113
-1.25888
-1.25766
-1.25728
-1.25675
-1.2511
-1.26586
-1.27418
-1.27561
-1.27913
-1.2814
-1.28287
-1.28378
-1.28435
-1.21092
-1.20952
-1.24057
-1.26609
-1.28266
-1.2951
-1.3029
-1.30773
-1.3106
-1.31205
-1.19723
-1.20116
-1.23875
-1.27205
-1.29757
-1.31562
-1.32722
-1.33451
-1.33888
-1.34104
-1.21134
-1.21745
-1.25436
-1.29275
-1.32149
-1.34175
-1.3552
-1.3639
-1.36919
-1.3718
-1.24644
-1.2533
-1.28797
-1.32546
-1.35329
-1.37329
-1.387
-1.39614
-1.40181
-1.40461
-1.29463
-1.3021
-1.33244
-1.36604
-1.39101
-1.40937
-1.42229
-1.43116
-1.43678
-1.43957
-1.34961
-1.35781
-1.38288
-1.41134
-1.43276
-1.44896
-1.46053
-1.4687
-1.47398
-1.47662
-1.40743
-1.4156
-1.43635
-1.45924
-1.47668
-1.4907
-1.50109
-1.50841
-1.51318
-1.51558
-1.4658
-1.47294
-1.48952
-1.50845
-1.52274
-1.5346
-1.54358
-1.54994
-1.55412
-1.55623
-1.52356
-1.5289
-1.54249
-1.55791
-1.57008
-1.57997
-1.58757
-1.59295
-1.59654
-1.59835
-1.58098
-1.58399
-1.59594
-1.60853
-1.61839
-1.62641
-1.6327
-1.63716
-1.64016
-1.64169
-1.6381
-1.63915
-1.64955
-1.65963
-1.66729
-1.67357
-1.6786
-1.68223
-1.68476
-1.686
-1.69484
-1.69475
-1.70312
-1.71075
-1.71648
-1.72129
-1.72519
-1.72807
-1.73009
-1.73113
-1.75008
-1.75023
-1.75614
-1.76149
-1.76545
-1.7692
-1.77222
-1.77445
-1.77606
-1.77688
-1.80386
-1.8046
-1.80802
-1.81179
-1.81444
-1.81725
-1.81953
-1.82123
-1.82249
-1.82312
-1.85581
-1.85701
-1.85888
-1.86151
-1.86326
-1.86533
-1.86701
-1.86831
-1.86927
-1.86979
-1.90625
-1.90784
-1.90876
-1.91065
-1.9118
-1.91334
-1.91459
-1.91556
-1.9163
-1.91671
-1.95558
-1.95754
-1.95771
-1.9593
-1.96003
-1.96123
-1.96218
-1.96294
-1.9635
-1.96384
-1.34867
-1.37301
-1.33025
-1.30481
-1.27049
-1.25106
-1.24065
-1.23444
-1.2311
-1.22978
-1.29275
-1.29842
-1.29259
-1.28705
-1.27235
-1.26473
-1.26081
-1.25832
-1.2571
-1.25671
-1.23163
-1.23132
-1.24612
-1.26345
-1.27093
-1.27677
-1.28016
-1.28183
-1.28294
-1.28358
-1.1916
-1.19149
-1.21735
-1.25058
-1.27469
-1.29131
-1.3009
-1.30629
-1.3095
-1.3111
-1.18193
-1.18467
-1.2146
-1.25524
-1.28812
-1.31108
-1.32472
-1.33279
-1.33761
-1.33994
-1.1996
-1.20531
-1.23472
-1.27678
-1.31174
-1.33694
-1.35248
-1.36203
-1.36781
-1.37062
-1.23694
-1.24427
-1.27136
-1.31108
-1.34392
-1.36848
-1.38425
-1.39423
-1.4004
-1.4034
-1.28614
-1.29397
-1.31793
-1.35333
-1.38226
-1.40468
-1.41963
-1.42931
-1.4354
-1.43838
-1.34191
-1.34881
-1.36923
-1.39993
-1.42472
-1.44442
-1.45805
-1.46695
-1.47267
-1.47548
-1.40094
-1.40583
-1.42244
-1.44881
-1.47037
-1.48723
-1.49894
-1.5068
-1.51197
-1.51452
-1.46113
-1.46336
-1.47714
-1.49907
-1.51744
-1.53172
-1.54169
-1.54848
-1.55302
-1.55527
-1.52054
-1.52178
-1.53275
-1.55099
-1.56577
-1.57758
-1.5859
-1.59163
-1.59554
-1.59748
-1.5797
-1.58012
-1.58855
-1.60337
-1.61493
-1.62448
-1.63125
-1.63598
-1.63927
-1.64091
-1.63805
-1.63842
-1.64472
-1.65624
-1.66462
-1.6721
-1.67752
-1.68132
-1.68398
-1.68536
-1.69527
-1.69629
-1.70027
-1.70883
-1.71437
-1.72014
-1.72435
-1.72735
-1.72951
-1.7306
-1.75087
-1.75278
-1.75484
-1.76032
-1.76386
-1.76836
-1.77156
-1.77388
-1.7756
-1.77647
-1.80461
-1.80744
-1.80726
-1.81126
-1.81314
-1.81669
-1.81904
-1.8208
-1.82213
-1.82281
-1.8564
-1.86006
-1.85825
-1.86126
-1.86227
-1.86502
-1.86665
-1.86797
-1.86899
-1.86952
-1.90672
-1.91085
-1.90828
-1.91059
-1.9111
-1.9132
-1.91431
-1.9153
-1.91609
-1.9165
-1.95595
-1.96032
-1.95741
-1.95951
-1.95948
-1.9612
-1.96196
-1.96273
-1.96334
-1.96367
-1.35432
-1.38299
-1.33048
-1.3016
-1.26883
-1.24968
-1.23958
-1.23352
-1.23026
-1.22898
-1.29424
-1.30413
-1.28794
-1.28386
-1.27008
-1.2632
-1.25973
-1.25743
-1.25632
-1.25598
-1.22742
-1.22615
-1.23839
-1.26053
-1.26851
-1.2753
-1.27914
-1.28101
-1.28223
-1.28291
-1.18558
-1.18217
-1.20905
-1.24822
-1.27263
-1.29007
-1.3
-1.30556
-1.30887
-1.31051
-1.17709
-1.17505
-1.20781
-1.25367
-1.28674
-1.31015
-1.32399
-1.33218
-1.33706
-1.33943
-1.19779
-1.19744
-1.23085
-1.2758
-1.31103
-1.33631
-1.3519
-1.36152
-1.36735
-1.37017
-1.23906
-1.23783
-1.26922
-1.3104
-1.34362
-1.36808
-1.38381
-1.39382
-1.40001
-1.40302
-1.28967
-1.29037
-1.31664
-1.35292
-1.38222
-1.40446
-1.4193
-1.42897
-1.43507
-1.43806
-1.34539
-1.34691
-1.36819
-1.39996
-1.42491
-1.44441
-1.4578
-1.46668
-1.4724
-1.47522
-1.40395
-1.40542
-1.42185
-1.4495
-1.47036
-1.48708
-1.49875
-1.5066
-1.51176
-1.51431
-1.46314
-1.46457
-1.47699
-1.50042
-1.51752
-1.53163
-1.54158
-1.54833
-1.55286
-1.5551
-1.52211
-1.52312
-1.53272
-1.5521
-1.56587
-1.57755
-1.58587
-1.59155
-1.59542
-1.59735
-1.58065
-1.58121
-1.58841
-1.6042
-1.61496
-1.62446
-1.63127
-1.63595
-1.6392
-1.64082
-1.63845
-1.63842
-1.64412
-1.65673
-1.66466
-1.67208
-1.67752
-1.68128
-1.68395
-1.68529
-1.6951
-1.69487
-1.69994
-1.70852
-1.71423
-1.72008
-1.72434
-1.72731
-1.72947
-1.73055
-1.7503
-1.75023
-1.7542
-1.7602
-1.76376
-1.76832
-1.77156
-1.77386
-1.77557
-1.77643
-1.80373
-1.8041
-1.80688
-1.81114
-1.81308
-1.8167
-1.81904
-1.82078
-1.82211
-1.82279
-1.8554
-1.85606
-1.85797
-1.8609
-1.86236
-1.86505
-1.86666
-1.86796
-1.86898
-1.86951
-1.90577
-1.9063
-1.90783
-1.91011
-1.91113
-1.9132
-1.91431
-1.91529
-1.91608
-1.91649
-1.95493
-1.95534
-1.95678
-1.95885
-1.95947
-1.96118
-1.96196
-1.96273
-1.96334
-1.96367
-1.3918
-1.45091
-1.32798
-1.28809
-1.26023
-1.24538
-1.23695
-1.23184
-1.22892
-1.22779
-1.31049
-1.34287
-1.29305
-1.27821
-1.26604
-1.2608
-1.25801
-1.2563
-1.25538
-1.25512
-1.23163
-1.23907
-1.24621
-1.26263
-1.2694
-1.27506
-1.2785
-1.28051
-1.28171
-1.2824
-1.18713
-1.19192
-1.22262
-1.25709
-1.27742
-1.29168
-1.30038
-1.30565
-1.30876
-1.31032
-1.1788
-1.18667
-1.22622
-1.26667
-1.29378
-1.31298
-1.32514
-1.33274
-1.33729
-1.33952
-1.19991
-1.20868
-1.24993
-1.29002
-1.31888
-1.33974
-1.35353
-1.36242
-1.36784
-1.37049
-1.24045
-1.2473
-1.28622
-1.32364
-1.35131
-1.37167
-1.38564
-1.39492
-1.40067
-1.4035
-1.29042
-1.29468
-1.33048
-1.3641
-1.38922
-1.40793
-1.42117
-1.43015
-1.43583
-1.43863
-1.34658
-1.34944
-1.37953
-1.40916
-1.43107
-1.44761
-1.45959
-1.46786
-1.47319
-1.47583
-1.40455
-1.40911
-1.43132
-1.4574
-1.47575
-1.48992
-1.50039
-1.50773
-1.51253
-1.51493
-1.46342
-1.46915
-1.48541
-1.50765
-1.52236
-1.53417
-1.54307
-1.54939
-1.55359
-1.5557
-1.52267
-1.52899
-1.54131
-1.55873
-1.57025
-1.57985
-1.58721
-1.59252
-1.59611
-1.59791
-1.58148
-1.58718
-1.59694
-1.60988
-1.61886
-1.62651
-1.63246
-1.63682
-1.63982
-1.64133
-1.63918
-1.64318
-1.65134
-1.66089
-1.66763
-1.67377
-1.67853
-1.68204
-1.68449
-1.68574
-1.69579
-1.69798
-1.70394
-1.71176
-1.7166
-1.72143
-1.72519
-1.72797
-1.72993
-1.73095
-1.75129
-1.7522
-1.75638
-1.7625
-1.76564
-1.76935
-1.77225
-1.77441
-1.77597
-1.77677
-1.80522
-1.80517
-1.80851
-1.8127
-1.81461
-1.81734
-1.81957
-1.82123
-1.82244
-1.82308
-1.85729
-1.85657
-1.85957
-1.86216
-1.86342
-1.86542
-1.86707
-1.86831
-1.86925
-1.86975
-1.90754
-1.90644
-1.90925
-1.91101
-1.91193
-1.91342
-1.91463
-1.91558
-1.9163
-1.91669
-1.9564
-1.95543
-1.95786
-1.95942
-1.96014
-1.9613
-1.96223
-1.96296
-1.96352
-1.96384
-1.33475
-1.32473
-1.29506
-1.26805
-1.25088
-1.24043
-1.23388
-1.22971
-1.22725
-1.22628
-1.29228
-1.29169
-1.28
-1.26873
-1.26217
-1.25855
-1.25644
-1.25512
-1.25438
-1.25418
-1.24292
-1.24654
-1.25822
-1.26598
-1.27171
-1.27583
-1.2786
-1.28034
-1.28142
-1.28204
-1.21247
-1.22266
-1.24867
-1.26944
-1.2845
-1.29498
-1.30196
-1.30642
-1.30912
-1.3105
-1.20936
-1.22395
-1.25686
-1.28338
-1.3035
-1.31794
-1.32781
-1.33425
-1.3382
-1.34016
-1.23071
-1.24756
-1.27997
-1.30759
-1.32937
-1.3455
-1.35684
-1.36443
-1.36913
-1.37147
-1.26849
-1.28635
-1.31366
-1.34011
-1.36139
-1.37755
-1.38921
-1.39718
-1.40221
-1.4047
-1.31466
-1.32893
-1.35472
-1.37876
-1.39836
-1.41353
-1.4247
-1.43248
-1.43747
-1.43996
-1.36547
-1.37714
-1.40082
-1.42183
-1.43912
-1.45272
-1.46292
-1.47014
-1.47484
-1.47719
-1.41879
-1.42932
-1.45008
-1.46796
-1.48266
-1.49444
-1.50341
-1.50987
-1.51412
-1.51625
-1.47392
-1.48357
-1.50117
-1.51601
-1.52815
-1.53807
-1.54575
-1.55134
-1.55507
-1.55695
-1.52984
-1.53935
-1.553
-1.56513
-1.57493
-1.58311
-1.58953
-1.59425
-1.59744
-1.59906
-1.58615
-1.59564
-1.60493
-1.61473
-1.62252
-1.62915
-1.63442
-1.63833
-1.64099
-1.64236
-1.64258
-1.6495
-1.65658
-1.66451
-1.67056
-1.67588
-1.68015
-1.68332
-1.68551
-1.68664
-1.6986
-1.70228
-1.70822
-1.7144
-1.71889
-1.7231
-1.72649
-1.72903
-1.7308
-1.73171
-1.75377
-1.75539
-1.75973
-1.76425
-1.76738
-1.77064
-1.77328
-1.77528
-1.77669
-1.77742
-1.80681
-1.80818
-1.81066
-1.81379
-1.81589
-1.81835
-1.82038
-1.82193
-1.82303
-1.82361
-1.85809
-1.85986
-1.86068
-1.86287
-1.86427
-1.86615
-1.86769
-1.86887
-1.86973
-1.87019
-1.90792
-1.90915
-1.90969
-1.91148
-1.91246
-1.91394
-1.91511
-1.91602
-1.91669
-1.91705
-1.95679
-1.95742
-1.95791
-1.95974
-1.96047
-1.96168
-1.9626
-1.96332
-1.96384
-1.96413
-1.30637
-1.29008
-1.26869
-1.25265
-1.24243
-1.23545
-1.23063
-1.22739
-1.2254
-1.22459
-1.28671
-1.2797
-1.26887
-1.2622
-1.25866
-1.25642
-1.25494
-1.25396
-1.25339
-1.25322
-1.26163
-1.26347
-1.26565
-1.26977
-1.2738
-1.27684
-1.27898
-1.2804
-1.2813
-1.28181
-1.24811
-1.25688
-1.26867
-1.281
-1.29116
-1.2987
-1.30402
-1.30759
-1.30981
-1.31095
-1.25269
-1.26559
-1.28235
-1.29908
-1.31297
-1.32352
-1.33112
-1.3363
-1.33955
-1.34118
-1.27421
-1.28827
-1.30645
-1.32458
-1.34003
-1.35205
-1.36091
-1.36706
-1.37096
-1.37291
-1.30838
-1.32136
-1.33896
-1.35664
-1.37208
-1.38435
-1.3936
-1.40013
-1.40432
-1.40642
-1.35058
-1.36185
-1.37773
-1.39393
-1.40838
-1.42008
-1.42907
-1.43552
-1.43971
-1.44182
-1.39748
-1.40734
-1.42097
-1.43518
-1.44811
-1.45874
-1.46705
-1.4731
-1.47707
-1.47908
-1.44691
-1.45584
-1.46718
-1.47928
-1.49046
-1.49978
-1.50718
-1.51263
-1.51625
-1.51808
-1.49784
-1.50614
-1.51528
-1.52535
-1.53474
-1.54268
-1.54908
-1.55384
-1.55704
-1.55866
-1.54972
-1.55729
-1.56451
-1.57268
-1.58041
-1.58701
-1.59241
-1.59646
-1.59921
-1.60061
-1.60229
-1.60867
-1.61431
-1.6208
-1.62702
-1.6324
-1.63686
-1.64025
-1.64256
-1.64374
-1.65534
-1.66006
-1.66429
-1.66938
-1.67428
-1.67858
-1.68219
-1.68496
-1.68686
-1.68784
-1.70808
-1.71129
-1.7143
-1.7182
-1.72195
-1.7253
-1.72818
-1.7304
-1.73194
-1.73275
-1.7597
-1.76209
-1.76414
-1.76708
-1.76985
-1.77241
-1.77466
-1.77641
-1.77764
-1.77829
-1.81068
-1.81233
-1.81366
-1.81581
-1.81782
-1.81976
-1.82149
-1.82286
-1.82383
-1.82434
-1.86079
-1.86187
-1.86275
-1.86431
-1.86577
-1.86724
-1.86857
-1.86963
-1.87038
-1.87079
-1.91014
-1.91076
-1.91139
-1.91256
-1.91365
-1.91479
-1.91581
-1.91663
-1.91722
-1.91755
-1.95889
-1.9592
-1.95969
-1.96061
-1.96147
-1.96236
-1.96317
-1.96381
-1.96428
-1.96454
-1.26926
-1.26029
-1.25057
-1.24198
-1.23562
-1.23094
-1.22747
-1.22501
-1.22345
-1.22279
-1.2697
-1.26562
-1.26159
-1.25817
-1.256
-1.25457
-1.25354
-1.25283
-1.25239
-1.25225
-1.26745
-1.26852
-1.27085
-1.27327
-1.27576
-1.27786
-1.27943
-1.28054
-1.28125
-1.28166
-1.27106
-1.27613
-1.28339
-1.29059
-1.29704
-1.30225
-1.30614
-1.30888
-1.31063
-1.31153
-1.28473
-1.29214
-1.30222
-1.31238
-1.32148
-1.3289
-1.33452
-1.33851
-1.34107
-1.34238
-1.3087
-1.31694
-1.32801
-1.33944
-1.34984
-1.35846
-1.36511
-1.3699
-1.37301
-1.37458
-1.34113
-1.34918
-1.36002
-1.3715
-1.38214
-1.39112
-1.39817
-1.40332
-1.40669
-1.40839
-1.37971
-1.38709
-1.39706
-1.40784
-1.418
-1.42672
-1.43368
-1.43881
-1.44222
-1.44394
-1.42251
-1.4291
-1.43794
-1.44762
-1.45687
-1.46492
-1.47144
-1.47632
-1.47957
-1.48123
-1.46803
-1.47395
-1.48159
-1.49001
-1.49815
-1.50532
-1.5112
-1.51564
-1.51864
-1.52016
-1.51533
-1.52073
-1.52719
-1.53435
-1.54131
-1.54751
-1.55265
-1.55658
-1.55924
-1.56061
-1.56388
-1.56879
-1.5741
-1.58007
-1.58589
-1.59113
-1.59551
-1.59889
-1.6012
-1.60238
-1.61331
-1.61761
-1.62185
-1.62675
-1.63151
-1.63584
-1.6395
-1.64234
-1.6443
-1.64531
-1.6632
-1.66675
-1.67008
-1.67405
-1.67788
-1.6814
-1.68439
-1.68674
-1.68837
-1.68921
-1.71316
-1.71598
-1.71855
-1.72176
-1.72478
-1.72758
-1.72999
-1.73189
-1.73322
-1.73391
-1.76299
-1.7652
-1.76713
-1.76969
-1.77201
-1.77421
-1.77612
-1.77764
-1.77871
-1.77927
-1.81264
-1.81427
-1.81568
-1.81769
-1.81945
-1.82116
-1.82266
-1.82386
-1.82471
-1.82516
-1.86187
-1.86305
-1.8641
-1.86567
-1.86699
-1.86833
-1.86949
-1.87043
-1.87111
-1.87147
-1.91058
-1.91155
-1.91231
-1.91356
-1.91458
-1.91563
-1.91654
-1.91728
-1.91781
-1.9181
-1.95891
-1.95975
-1.96034
-1.96138
-1.96218
-1.96302
-1.96375
-1.96434
-1.96476
-1.965
-1.24746
-1.24372
-1.2391
-1.23442
-1.23043
-1.22724
-1.2247
-1.22282
-1.22157
-1.22103
-1.26096
-1.25909
-1.25721
-1.25543
-1.25409
-1.25313
-1.25237
-1.25181
-1.25146
-1.25134
-1.27293
-1.27322
-1.2744
-1.27585
-1.2774
-1.27881
-1.27991
-1.28071
-1.28124
-1.28154
-1.28756
-1.2897
-1.29346
-1.2977
-1.3018
-1.30533
-1.3081
-1.31012
-1.31145
-1.31215
-1.3075
-1.31088
-1.31636
-1.32253
-1.32846
-1.33357
-1.33763
-1.34062
-1.34259
-1.3436
-1.33359
-1.33758
-1.3439
-1.35107
-1.35803
-1.36411
-1.36899
-1.37262
-1.37503
-1.37627
-1.36538
-1.3695
-1.37598
-1.38341
-1.39071
-1.39717
-1.40243
-1.40639
-1.40903
-1.41038
-1.40188
-1.40584
-1.41204
-1.4192
-1.42634
-1.43273
-1.43801
-1.44201
-1.44471
-1.44609
-1.44204
-1.44567
-1.45134
-1.45793
-1.46457
-1.47059
-1.47561
-1.47945
-1.48207
-1.48341
-1.48486
-1.48814
-1.49318
-1.49904
-1.505
-1.51045
-1.51505
-1.5186
-1.52103
-1.52228
-1.52958
-1.53257
-1.53694
-1.54202
-1.54723
-1.55202
-1.5561
-1.55927
-1.56146
-1.56258
-1.57572
-1.57841
-1.58212
-1.58643
-1.59087
-1.59499
-1.59851
-1.60128
-1.60319
-1.60418
-1.62289
-1.62525
-1.62831
-1.63191
-1.63562
-1.63908
-1.64206
-1.64442
-1.64606
-1.64691
-1.67074
-1.67273
-1.6752
-1.67816
-1.68121
-1.68406
-1.68654
-1.68851
-1.68988
-1.6906
-1.71901
-1.72059
-1.72255
-1.72495
-1.72742
-1.72973
-1.73176
-1.73337
-1.73451
-1.7351
-1.76747
-1.76867
-1.77019
-1.77212
-1.77407
-1.77593
-1.77756
-1.77886
-1.77979
-1.78027
-1.81596
-1.81683
-1.81798
-1.81951
-1.82105
-1.82252
-1.82381
-1.82486
-1.8256
-1.82599
-1.86433
-1.86495
-1.86582
-1.86703
-1.86822
-1.86938
-1.87041
-1.87124
-1.87184
-1.87215
-1.91253
-1.91297
-1.91364
-1.9146
-1.91554
-1.91646
-1.91727
-1.91793
-1.91841
-1.91867
-1.96056
-1.96088
-1.96142
-1.96219
-1.96294
-1.96368
-1.96434
-1.96487
-1.96525
-1.96546
-1.23587
-1.23408
-1.23167
-1.229
-1.22644
-1.22422
-1.22234
-1.22088
-1.21988
-1.21943
-1.25638
-1.25539
-1.25442
-1.25345
-1.25261
-1.25194
-1.25136
-1.25092
-1.25062
-1.25051
-1.27597
-1.276
-1.27667
-1.27757
-1.27856
-1.27951
-1.28027
-1.28084
-1.28122
-1.28145
-1.29693
-1.29792
-1.30007
-1.30267
-1.30532
-1.30773
-1.3097
-1.31118
-1.31218
-1.31271
-1.32097
-1.32271
-1.32595
-1.32982
-1.33373
-1.33728
-1.34021
-1.34243
-1.34393
-1.34472
-1.34896
-1.35116
-1.35503
-1.35966
-1.36436
-1.36866
-1.37224
-1.37498
-1.37684
-1.3778
-1.38098
-1.38337
-1.38747
-1.39241
-1.39747
-1.40212
-1.40604
-1.40907
-1.41113
-1.41219
-1.41664
-1.41902
-1.42307
-1.42796
-1.43302
-1.43772
-1.44171
-1.44482
-1.44695
-1.44805
-1.45535
-1.45761
-1.46141
-1.46603
-1.47084
-1.47534
-1.47921
-1.48223
-1.48432
-1.4854
-1.4965
-1.49858
-1.50205
-1.50625
-1.51065
-1.51481
-1.5184
-1.52123
-1.52319
-1.52421
-1.53954
-1.54143
-1.54452
-1.54825
-1.55216
-1.55588
-1.55911
-1.56168
-1.56347
-1.56439
-1.58407
-1.58576
-1.58844
-1.59167
-1.59507
-1.59832
-1.60116
-1.60342
-1.60501
-1.60583
-1.62971
-1.63119
-1.63347
-1.63622
-1.63912
-1.64189
-1.64433
-1.64629
-1.64766
-1.64837
-1.67616
-1.67744
-1.67934
-1.68164
-1.68406
-1.68639
-1.68845
-1.6901
-1.69126
-1.69187
-1.72318
-1.72425
-1.72581
-1.72771
-1.7297
-1.73163
-1.73333
-1.73471
-1.73568
-1.73619
-1.77058
-1.77146
-1.77271
-1.77425
-1.77588
-1.77745
-1.77884
-1.77997
-1.78077
-1.78119
-1.8182
-1.81891
-1.81989
-1.82114
-1.82245
-1.82372
-1.82484
-1.82576
-1.82641
-1.82676
-1.86591
-1.86648
-1.86726
-1.86827
-1.86931
-1.87033
-1.87124
-1.87197
-1.87251
-1.87279
-1.91364
-1.91411
-1.91473
-1.91555
-1.91638
-1.9172
-1.91793
-1.91853
-1.91896
-1.91919
-1.96136
-1.96176
-1.96226
-1.96293
-1.9636
-1.96427
-1.96487
-1.96535
-1.9657
-1.96589
-1.22884
-1.22814
-1.22685
-1.22526
-1.22355
-1.22194
-1.22049
-1.21931
-1.21849
-1.2181
-1.25329
-1.25301
-1.25257
-1.25206
-1.25152
-1.25103
-1.25057
-1.25019
-1.24993
-1.24982
-1.27724
-1.27748
-1.27799
-1.27865
-1.27934
-1.27999
-1.28053
-1.28093
-1.28121
-1.28137
-1.30204
-1.3028
-1.3042
-1.30595
-1.30776
-1.30946
-1.31089
-1.312
-1.31276
-1.31317
-1.32885
-1.33004
-1.33215
-1.33475
-1.33746
-1.34
-1.34217
-1.34385
-1.34501
-1.34562
-1.35837
-1.35986
-1.36243
-1.3656
-1.36892
-1.37204
-1.37473
-1.37683
-1.37829
-1.37905
-1.39086
-1.3925
-1.3953
-1.39876
-1.4024
-1.40585
-1.40884
-1.41119
-1.41282
-1.41368
-1.42623
-1.4279
-1.43074
-1.43425
-1.43797
-1.44151
-1.4446
-1.44706
-1.44876
-1.44965
-1.46417
-1.4658
-1.46854
-1.47193
-1.47554
-1.479
-1.48204
-1.48446
-1.48615
-1.48703
-1.5043
-1.50585
-1.50841
-1.51157
-1.51494
-1.51819
-1.52105
-1.52335
-1.52496
-1.5258
-1.54626
-1.5477
-1.55003
-1.55289
-1.55594
-1.5589
-1.56152
-1.56363
-1.56511
-1.56589
-1.58972
-1.59102
-1.59309
-1.59562
-1.59832
-1.60095
-1.60328
-1.60517
-1.6065
-1.60719
-1.63435
-1.6355
-1.6373
-1.6395
-1.64184
-1.64412
-1.64616
-1.64781
-1.64897
-1.64958
-1.67988
-1.68089
-1.68243
-1.6843
-1.6863
-1.68825
-1.68999
-1.6914
-1.6924
-1.69293
-1.72609
-1.72696
-1.72826
-1.72983
-1.73151
-1.73314
-1.73461
-1.7358
-1.73665
-1.7371
-1.7728
-1.77354
-1.77461
-1.77592
-1.77731
-1.77867
-1.77988
-1.78087
-1.78158
-1.78196
-1.81986
-1.82048
-1.82135
-1.82243
-1.82357
-1.82468
-1.82568
-1.8265
-1.82709
-1.8274
-1.86715
-1.86766
-1.86837
-1.86925
-1.87018
-1.87109
-1.87191
-1.87258
-1.87306
-1.87331
-1.91458
-1.915
-1.91558
-1.9163
-1.91706
-1.9178
-1.91847
-1.91901
-1.91941
-1.91962
-1.9621
-1.96245
-1.96292
-1.96352
-1.96414
-1.96475
-1.9653
-1.96574
-1.96607
-1.96624
-1.22507
-1.22476
-1.22399
-1.22293
-1.22169
-1.22042
-1.21923
-1.21823
-1.21752
-1.21717
-1.25175
-1.2517
-1.25149
-1.25119
-1.25082
-1.25043
-1.25004
-1.2497
-1.24946
-1.24935
-1.27811
-1.27837
-1.27879
-1.2793
-1.27982
-1.28031
-1.2807
-1.28099
-1.2812
-1.28132
-1.30509
-1.30568
-1.30669
-1.30797
-1.30931
-1.3106
-1.3117
-1.31257
-1.31318
-1.3135
-1.33355
-1.33442
-1.33592
-1.33783
-1.33985
-1.34179
-1.34349
-1.34483
-1.34577
-1.34627
-1.36408
-1.36515
-1.36701
-1.36936
-1.37187
-1.37429
-1.37642
-1.37812
-1.37931
-1.37994
-1.39698
-1.39817
-1.40023
-1.40283
-1.40563
-1.40835
-1.41075
-1.41267
-1.41402
-1.41473
-1.43229
-1.43352
-1.43565
-1.43834
-1.44124
-1.44408
-1.4466
-1.44862
-1.45005
-1.4508
-1.46986
-1.47108
-1.47317
-1.47581
-1.47868
-1.48149
-1.484
-1.48602
-1.48745
-1.4882
-1.50944
-1.51062
-1.5126
-1.5151
-1.51783
-1.5205
-1.5229
-1.52484
-1.52622
-1.52694
-1.55077
-1.55187
-1.5537
-1.55601
-1.55852
-1.56099
-1.5632
-1.56501
-1.56629
-1.56696
-1.59358
-1.59458
-1.59622
-1.59829
-1.60055
-1.60277
-1.60477
-1.6064
-1.60756
-1.60817
-1.63758
-1.63847
-1.63992
-1.64174
-1.64372
-1.64568
-1.64745
-1.64889
-1.64992
-1.65046
-1.68252
-1.68331
-1.68457
-1.68615
-1.68786
-1.68955
-1.69108
-1.69233
-1.69322
-1.69369
-1.72821
-1.72889
-1.72997
-1.73132
-1.73277
-1.73422
-1.73552
-1.73658
-1.73735
-1.73775
-1.77447
-1.77506
-1.77596
-1.7771
-1.77832
-1.77953
-1.78063
-1.78153
-1.78217
-1.78251
-1.82115
-1.82165
-1.82241
-1.82335
-1.82437
-1.82538
-1.82629
-1.82704
-1.82757
-1.82786
-1.86814
-1.86856
-1.86918
-1.86997
-1.87081
-1.87164
-1.8724
-1.87301
-1.87346
-1.8737
-1.91534
-1.91569
-1.91621
-1.91686
-1.91755
-1.91824
-1.91886
-1.91937
-1.91974
-1.91993
-1.96269
-1.96298
-1.96341
-1.96396
-1.96453
-1.9651
-1.96561
-1.96603
-1.96634
-1.9665
-1.22354
-1.22339
-1.22281
-1.22194
-1.22087
-1.21974
-1.21864
-1.21771
-1.21703
-1.2167
-1.25119
-1.25123
-1.25111
-1.25088
-1.25055
-1.25018
-1.2498
-1.24947
-1.24923
-1.24912
-1.27862
-1.2789
-1.27926
-1.27969
-1.28011
-1.2805
-1.28081
-1.28105
-1.28121
-1.28131
-1.30659
-1.30712
-1.30795
-1.309
-1.31012
-1.31119
-1.31213
-1.31288
-1.31341
-1.31369
-1.33583
-1.33656
-1.3378
-1.33937
-1.34106
-1.34272
-1.34418
-1.34535
-1.34618
-1.34662
-1.36685
-1.36775
-1.36928
-1.37123
-1.37336
-1.37545
-1.3773
-1.3788
-1.37986
-1.38042
-1.39996
-1.40096
-1.40268
-1.40487
-1.40727
-1.40963
-1.41174
-1.41345
-1.41466
-1.41529
-1.43526
-1.43631
-1.4381
-1.44039
-1.44291
-1.44539
-1.44763
-1.44944
-1.45073
-1.4514
-1.47266
-1.47371
-1.47549
-1.47777
-1.48028
-1.48277
-1.48501
-1.48684
-1.48814
-1.48882
-1.51199
-1.513
-1.51471
-1.5169
-1.51931
-1.5217
-1.52386
-1.52562
-1.52688
-1.52754
-1.55301
-1.55397
-1.55556
-1.55759
-1.55983
-1.56206
-1.56408
-1.56573
-1.56691
-1.56752
-1.5955
-1.59637
-1.59782
-1.59966
-1.60169
-1.60371
-1.60554
-1.60705
-1.60812
-1.60869
-1.63918
-1.63997
-1.64126
-1.64289
-1.64469
-1.64649
-1.64812
-1.64946
-1.65041
-1.65091
-1.68384
-1.68454
-1.68567
-1.6871
-1.68866
-1.69023
-1.69165
-1.69282
-1.69365
-1.69409
-1.72927
-1.72988
-1.73086
-1.73209
-1.73343
-1.73477
-1.73599
-1.737
-1.73772
-1.73809
-1.77531
-1.77584
-1.77667
-1.77772
-1.77885
-1.77999
-1.78102
-1.78187
-1.78248
-1.7828
-1.82181
-1.82226
-1.82296
-1.82384
-1.82479
-1.82574
-1.82661
-1.82732
-1.82783
-1.8281
-1.86865
-1.86903
-1.86962
-1.87035
-1.87115
-1.87194
-1.87265
-1.87324
-1.87367
-1.87389
-1.91573
-1.91606
-1.91655
-1.91716
-1.91782
-1.91847
-1.91907
-1.91956
-1.91991
-1.9201
-1.963
-1.96328
-1.96369
-1.9642
-1.96475
-1.96529
-1.96578
-1.96619
-1.96648
-1.96664
)
;

boundaryField
{
    lowerSideWalls
    {
        type            calculated;
        value           nonuniform List<scalar> 
800
(
511.193
458.084
400.561
339.268
274.895
207.852
140.26
67.8172
9.6526
-0.566418
-0.772045
-0.967014
-1.02016
-1.01217
-1.03861
-1.07848
-1.11269
-1.14444
-1.17538
-1.20502
508.954
455.911
398.525
337.43
273.282
206.45
139
66.5851
9.31365
-0.682687
-0.826391
-0.982423
-1.01246
-1.01167
-1.04221
-1.08008
-1.11338
-1.14491
-1.17564
-1.20514
504.886
451.963
394.826
334.085
270.342
203.905
136.729
64.3957
8.76939
-0.766063
-0.865045
-0.974541
-0.993931
-1.00982
-1.04392
-1.07958
-1.1125
-1.14413
-1.17485
-1.20442
499.681
446.915
390.101
329.812
266.58
200.656
133.861
61.7384
8.25514
-0.716943
-0.859984
-0.94356
-0.974176
-1.0061
-1.04185
-1.07685
-1.11016
-1.1422
-1.17318
-1.20306
494.052
441.455
384.992
325.182
262.49
197.118
130.76
58.9694
7.76606
-0.655194
-0.825713
-0.908647
-0.957965
-0.998856
-1.03643
-1.07238
-1.1066
-1.13933
-1.17085
-1.20123
488.602
436.166
380.034
320.673
258.485
193.642
127.713
56.287
7.1721
-0.674929
-0.802161
-0.884893
-0.943459
-0.988871
-1.02918
-1.06684
-1.10229
-1.13595
-1.16818
-1.19921
483.793
431.491
375.641
316.66
254.9
190.515
124.972
53.9291
6.6815
-0.689311
-0.782024
-0.865254
-0.928118
-0.977856
-1.02129
-1.06094
-1.09778
-1.13248
-1.16551
-1.19722
479.946
427.746
372.112
313.422
251.992
187.97
122.742
52.0587
6.32765
-0.665786
-0.761303
-0.847008
-0.91383
-0.967617
-1.01391
-1.05549
-1.09369
-1.12937
-1.16315
-1.1955
477.277
425.144
369.654
311.159
249.951
186.179
121.168
50.7575
6.06772
-0.656354
-0.749744
-0.833756
-0.903017
-0.959728
-1.0082
-1.05131
-1.09058
-1.12703
-1.16139
-1.19423
475.915
423.814
368.396
309.998
248.901
185.258
120.353
50.0899
5.93079
-0.650496
-0.742007
-0.825854
-0.896539
-0.955071
-1.00492
-1.04898
-1.08889
-1.12578
-1.16047
-1.19358
475.915
423.814
368.396
309.998
248.901
185.258
120.353
50.0899
5.93079
-0.650496
-0.742007
-0.825854
-0.896539
-0.955071
-1.00492
-1.04898
-1.08889
-1.12578
-1.16047
-1.19358
477.303
425.169
369.678
311.18
249.968
186.19
121.17
50.7489
6.06483
-0.654225
-0.748504
-0.832825
-0.902588
-0.959338
-1.0079
-1.05108
-1.09039
-1.12686
-1.16124
-1.19409
480.025
427.823
372.184
313.486
252.043
188.002
122.749
52.0324
6.31464
-0.664344
-0.759556
-0.845044
-0.912241
-0.96639
-1.01298
-1.05479
-1.09314
-1.1289
-1.16272
-1.19511
483.951
431.646
375.788
316.792
255.006
190.583
124.99
53.8802
6.66023
-0.679538
-0.775951
-0.860935
-0.924922
-0.975451
-1.01948
-1.05959
-1.09674
-1.13161
-1.16472
-1.19649
488.865
436.425
380.282
320.899
258.67
193.764
127.75
56.2116
7.14932
-0.650669
-0.791883
-0.878245
-0.938287
-0.985019
-1.02636
-1.06478
-1.10071
-1.13463
-1.16697
-1.19805
494.439
441.839
385.366
325.529
262.779
197.316
130.825
58.8547
7.72169
-0.63158
-0.811432
-0.901029
-0.951235
-0.993517
-1.03263
-1.06966
-1.10454
-1.13759
-1.16921
-1.19959
500.206
447.44
390.622
330.305
267.001
200.951
133.965
61.5739
8.18337
-0.691775
-0.841653
-0.935496
-0.967279
-0.999833
-1.03736
-1.07375
-1.10782
-1.14016
-1.17116
-1.20094
505.547
452.632
395.502
334.74
270.916
204.318
136.88
64.1633
8.6538
-0.734275
-0.840816
-0.964231
-0.987296
-1.00341
-1.03921
-1.07649
-1.11017
-1.14198
-1.17257
-1.20188
509.738
456.714
399.351
338.251
274.019
206.992
139.204
66.2753
9.15901
-0.664913
-0.806359
-0.974054
-1.00697
-1.00604
-1.03815
-1.07756
-1.11145
-1.14293
-1.17329
-1.20231
512.077
458.997
401.517
340.238
275.786
208.523
140.527
67.448
9.43268
-0.568591
-0.761135
-0.963157
-1.01696
-1.00821
-1.03593
-1.07706
-1.11152
-1.14289
-1.17319
-1.20211
512.126
459.048
401.57
340.292
275.837
208.566
140.553
67.4431
9.43205
-0.556484
-0.753553
-0.960567
-1.01605
-1.00667
-1.03411
-1.07567
-1.11037
-1.14187
-1.17226
-1.20125
509.887
456.867
399.512
338.415
274.178
207.128
139.295
66.2866
9.15399
-0.642924
-0.794558
-0.972602
-1.00468
-1.00128
-1.03338
-1.07371
-1.1081
-1.1399
-1.17052
-1.19975
505.791
452.881
395.757
334.997
271.158
204.52
137.01
64.1754
8.63098
-0.71693
-0.829214
-0.958861
-0.980797
-0.995314
-1.03197
-1.07033
-1.10469
-1.13704
-1.16805
-1.19773
500.53
447.767
390.951
330.627
267.296
201.19
134.111
61.5728
8.14882
-0.676837
-0.829649
-0.926011
-0.95644
-0.989163
-1.02794
-1.06543
-1.10038
-1.13345
-1.16505
-1.19534
494.825
442.224
385.745
325.89
263.101
197.568
130.971
58.8437
7.69877
-0.611783
-0.795891
-0.886414
-0.937111
-0.980914
-1.02117
-1.05941
-1.09536
-1.12932
-1.16169
-1.19274
489.293
436.847
380.691
321.279
258.999
194.015
127.889
56.1928
7.13285
-0.629653
-0.773309
-0.860522
-0.92198
-0.969993
-1.01299
-1.05284
-1.09002
-1.12501
-1.15827
-1.19015
484.404
432.09
376.211
317.178
255.333
190.825
125.119
53.8545
6.64448
-0.659858
-0.755661
-0.841616
-0.907052
-0.959045
-1.00467
-1.0463
-1.08482
-1.12088
-1.15505
-1.18776
480.492
428.277
372.613
313.871
252.363
188.234
122.869
52.0036
6.30414
-0.641027
-0.737486
-0.824326
-0.893078
-0.948842
-0.997091
-1.04048
-1.08028
-1.11734
-1.15233
-1.18576
477.776
425.628
370.107
311.561
250.281
186.413
121.283
50.7187
6.05827
-0.627413
-0.724418
-0.810736
-0.882475
-0.940989
-0.991273
-1.03609
-1.07691
-1.11475
-1.15036
-1.18433
476.39
424.273
368.825
310.377
249.21
185.477
120.463
50.0587
5.92564
-0.622815
-0.717114
-0.803255
-0.875911
-0.936295
-0.987919
-1.03365
-1.0751
-1.11339
-1.14934
-1.1836
512.048
458.941
401.415
340.093
275.634
208.425
140.57
67.7438
9.56439
-0.544046
-0.742171
-0.941962
-0.998261
-0.993289
-1.02276
-1.06505
-1.10089
-1.13361
-1.16507
-1.19501
509.793
456.752
399.362
338.238
274.007
207.016
139.316
66.5331
9.25328
-0.639635
-0.788083
-0.955629
-0.988918
-0.990351
-1.0242
-1.06505
-1.10038
-1.13319
-1.1647
-1.19471
505.693
452.769
395.624
334.85
271.025
204.438
137.032
64.363
8.71696
-0.718632
-0.825308
-0.945141
-0.968459
-0.9869
-1.02464
-1.06347
-1.09861
-1.13176
-1.16347
-1.19375
500.439
447.669
390.842
330.515
267.2
201.136
134.133
61.7125
8.21732
-0.673815
-0.82377
-0.914815
-0.94798
-0.982887
-1.02223
-1.06022
-1.09578
-1.12944
-1.16157
-1.19232
494.751
442.147
385.665
325.811
263.037
197.536
130.993
58.9429
7.74178
-0.61339
-0.790758
-0.879882
-0.932098
-0.976236
-1.017
-1.05566
-1.09204
-1.12642
-1.15918
-1.19056
489.24
436.793
380.637
321.229
258.961
193.998
127.907
56.2577
7.1555
-0.63647
-0.771167
-0.857439
-0.918957
-0.967298
-1.0103
-1.05035
-1.0878
-1.12307
-1.15658
-1.18868
484.371
432.056
376.179
317.149
255.312
190.818
125.133
53.8963
6.66518
-0.65918
-0.754051
-0.839849
-0.905214
-0.957335
-1.00306
-1.04482
-1.08349
-1.11972
-1.15403
-1.18687
480.474
428.26
372.597
313.857
252.353
188.231
122.877
52.0255
6.31581
-0.638787
-0.736029
-0.823379
-0.892203
-0.947979
-0.996274
-1.03974
-1.07961
-1.11676
-1.15181
-1.18531
477.77
425.622
370.102
311.557
250.278
186.413
121.286
50.7255
6.06032
-0.629089
-0.72483
-0.810939
-0.882007
-0.94067
-0.990988
-1.03583
-1.07669
-1.11455
-1.15019
-1.18418
476.39
424.273
368.825
310.377
249.21
185.477
120.463
50.0587
5.92564
-0.622815
-0.717114
-0.803255
-0.875911
-0.936295
-0.987919
-1.03365
-1.0751
-1.11339
-1.14934
-1.1836
)
;
    }
    upperSideWalls
    {
        type            calculated;
        value           nonuniform List<scalar> 
800
(
-1.23325
-1.26045
-1.28723
-1.31438
-1.34268
-1.37275
-1.40496
-1.43946
-1.47616
-1.5149
-1.55541
-1.59744
-1.64073
-1.68507
-1.73022
-1.77601
-1.82229
-1.86894
-1.91587
-1.963
-1.23335
-1.26062
-1.28756
-1.31491
-1.34341
-1.37364
-1.40596
-1.4405
-1.4772
-1.51589
-1.55635
-1.5983
-1.64151
-1.68575
-1.73082
-1.77653
-1.82274
-1.86933
-1.91621
-1.9633
-1.23285
-1.26046
-1.28782
-1.31562
-1.34453
-1.37508
-1.40761
-1.44224
-1.47895
-1.51758
-1.55792
-1.59973
-1.64279
-1.68688
-1.73179
-1.77736
-1.82345
-1.86993
-1.91672
-1.96373
-1.2319
-1.26005
-1.28804
-1.31647
-1.34593
-1.3769
-1.4097
-1.44447
-1.48118
-1.51973
-1.55993
-1.60156
-1.64442
-1.6883
-1.73302
-1.77842
-1.82434
-1.87069
-1.91735
-1.96427
-1.23066
-1.25948
-1.2882
-1.31734
-1.34742
-1.37886
-1.41198
-1.4469
-1.48363
-1.5221
-1.56214
-1.60358
-1.64622
-1.68988
-1.73438
-1.77957
-1.82532
-1.87151
-1.91804
-1.96485
-1.22931
-1.25886
-1.28832
-1.31816
-1.34886
-1.38078
-1.41421
-1.44929
-1.48606
-1.52445
-1.56434
-1.60559
-1.64801
-1.69145
-1.73574
-1.78073
-1.82629
-1.87232
-1.91873
-1.96543
-1.22799
-1.25824
-1.28839
-1.31888
-1.35013
-1.38248
-1.4162
-1.45144
-1.48824
-1.52657
-1.56634
-1.60741
-1.64964
-1.69288
-1.73697
-1.78178
-1.82718
-1.87307
-1.91935
-1.96595
-1.22687
-1.2577
-1.28842
-1.31944
-1.35114
-1.38385
-1.41781
-1.45318
-1.49002
-1.52831
-1.56797
-1.60891
-1.65098
-1.69406
-1.73799
-1.78264
-1.82791
-1.87368
-1.91986
-1.96638
-1.22606
-1.25732
-1.28845
-1.31984
-1.35186
-1.38482
-1.41895
-1.45442
-1.49128
-1.52954
-1.56914
-1.60998
-1.65194
-1.6949
-1.73872
-1.78327
-1.82844
-1.87412
-1.92023
-1.96669
-1.22564
-1.25713
-1.28847
-1.32005
-1.35224
-1.38533
-1.41955
-1.45507
-1.49195
-1.53019
-1.56975
-1.61054
-1.65245
-1.69534
-1.7391
-1.78359
-1.82871
-1.87435
-1.92043
-1.96685
-1.22564
-1.25713
-1.28847
-1.32005
-1.35224
-1.38533
-1.41955
-1.45507
-1.49195
-1.53019
-1.56975
-1.61054
-1.65245
-1.69534
-1.7391
-1.78359
-1.82871
-1.87435
-1.92043
-1.96685
-1.22593
-1.2572
-1.28834
-1.31975
-1.35178
-1.38476
-1.41891
-1.45439
-1.49126
-1.52953
-1.56914
-1.60998
-1.65195
-1.69491
-1.73873
-1.78328
-1.82846
-1.87414
-1.92025
-1.96671
-1.22651
-1.25737
-1.28812
-1.31917
-1.35092
-1.38367
-1.41768
-1.45309
-1.48996
-1.52827
-1.56796
-1.60891
-1.651
-1.69408
-1.73802
-1.78268
-1.82796
-1.87373
-1.91991
-1.96643
-1.2273
-1.25758
-1.28779
-1.31835
-1.34968
-1.38213
-1.41594
-1.45125
-1.48812
-1.5265
-1.56631
-1.60741
-1.64967
-1.69292
-1.73703
-1.78185
-1.82727
-1.87316
-1.91945
-1.96606
-1.22818
-1.25778
-1.28732
-1.31729
-1.34812
-1.3802
-1.41377
-1.44898
-1.48586
-1.52433
-1.56429
-1.60558
-1.64805
-1.69152
-1.73583
-1.78085
-1.82643
-1.87248
-1.91889
-1.9656
-1.22902
-1.25789
-1.28672
-1.31603
-1.34633
-1.37801
-1.41134
-1.44645
-1.48334
-1.52193
-1.56207
-1.60358
-1.64628
-1.68998
-1.73452
-1.77975
-1.82552
-1.87173
-1.91828
-1.9651
-1.2297
-1.25787
-1.286
-1.31467
-1.34443
-1.37573
-1.40884
-1.44387
-1.4808
-1.51951
-1.55984
-1.60157
-1.64451
-1.68845
-1.73322
-1.77866
-1.82462
-1.87099
-1.91768
-1.96462
-1.23009
-1.25766
-1.28518
-1.31329
-1.3426
-1.37358
-1.40651
-1.44148
-1.47847
-1.51731
-1.55782
-1.59976
-1.64292
-1.68707
-1.73204
-1.77766
-1.82381
-1.87029
-1.9171
-1.96414
-1.23015
-1.25728
-1.28435
-1.31205
-1.34104
-1.3718
-1.40461
-1.43957
-1.47662
-1.51558
-1.55623
-1.59835
-1.64169
-1.686
-1.73113
-1.77688
-1.82312
-1.86979
-1.91671
-1.96384
-1.22978
-1.25671
-1.28358
-1.3111
-1.33994
-1.37062
-1.4034
-1.43838
-1.47548
-1.51452
-1.55527
-1.59748
-1.64091
-1.68536
-1.7306
-1.77647
-1.82281
-1.86952
-1.9165
-1.96367
-1.22898
-1.25598
-1.28291
-1.31051
-1.33943
-1.37017
-1.40302
-1.43806
-1.47522
-1.51431
-1.5551
-1.59735
-1.64082
-1.68529
-1.73055
-1.77643
-1.82279
-1.86951
-1.91649
-1.96367
-1.22779
-1.25512
-1.2824
-1.31032
-1.33952
-1.37049
-1.4035
-1.43863
-1.47583
-1.51493
-1.5557
-1.59791
-1.64133
-1.68574
-1.73095
-1.77677
-1.82308
-1.86975
-1.91669
-1.96384
-1.22628
-1.25418
-1.28204
-1.3105
-1.34016
-1.37147
-1.4047
-1.43996
-1.47719
-1.51625
-1.55695
-1.59906
-1.64236
-1.68664
-1.73171
-1.77742
-1.82361
-1.87019
-1.91705
-1.96413
-1.22459
-1.25322
-1.28181
-1.31095
-1.34118
-1.37291
-1.40642
-1.44182
-1.47908
-1.51808
-1.55866
-1.60061
-1.64374
-1.68784
-1.73275
-1.77829
-1.82434
-1.87079
-1.91755
-1.96454
-1.22279
-1.25225
-1.28166
-1.31153
-1.34238
-1.37458
-1.40839
-1.44394
-1.48123
-1.52016
-1.56061
-1.60238
-1.64531
-1.68921
-1.73391
-1.77927
-1.82516
-1.87147
-1.9181
-1.965
-1.22103
-1.25134
-1.28154
-1.31215
-1.3436
-1.37627
-1.41038
-1.44609
-1.48341
-1.52228
-1.56258
-1.60418
-1.64691
-1.6906
-1.7351
-1.78027
-1.82599
-1.87215
-1.91867
-1.96546
-1.21943
-1.25051
-1.28145
-1.31271
-1.34472
-1.3778
-1.41219
-1.44805
-1.4854
-1.52421
-1.56439
-1.60583
-1.64837
-1.69187
-1.73619
-1.78119
-1.82676
-1.87279
-1.91919
-1.96589
-1.2181
-1.24982
-1.28137
-1.31317
-1.34562
-1.37905
-1.41368
-1.44965
-1.48703
-1.5258
-1.56589
-1.60719
-1.64958
-1.69293
-1.7371
-1.78196
-1.8274
-1.87331
-1.91962
-1.96624
-1.21717
-1.24935
-1.28132
-1.3135
-1.34627
-1.37994
-1.41473
-1.4508
-1.4882
-1.52694
-1.56696
-1.60817
-1.65046
-1.69369
-1.73775
-1.78251
-1.82786
-1.8737
-1.91993
-1.9665
-1.2167
-1.24912
-1.28131
-1.31369
-1.34662
-1.38042
-1.41529
-1.4514
-1.48882
-1.52754
-1.56752
-1.60869
-1.65091
-1.69409
-1.73809
-1.7828
-1.8281
-1.87389
-1.9201
-1.96664
-1.22354
-1.25119
-1.27862
-1.30659
-1.33583
-1.36685
-1.39996
-1.43526
-1.47266
-1.51199
-1.55301
-1.5955
-1.63918
-1.68384
-1.72927
-1.77531
-1.82181
-1.86865
-1.91573
-1.963
-1.22339
-1.25123
-1.2789
-1.30712
-1.33656
-1.36775
-1.40096
-1.43631
-1.47371
-1.513
-1.55397
-1.59637
-1.63997
-1.68454
-1.72988
-1.77584
-1.82226
-1.86903
-1.91606
-1.96328
-1.22281
-1.25111
-1.27926
-1.30795
-1.3378
-1.36928
-1.40268
-1.4381
-1.47549
-1.51471
-1.55556
-1.59782
-1.64126
-1.68567
-1.73086
-1.77667
-1.82296
-1.86962
-1.91655
-1.96369
-1.22194
-1.25088
-1.27969
-1.309
-1.33937
-1.37123
-1.40487
-1.44039
-1.47777
-1.5169
-1.55759
-1.59966
-1.64289
-1.6871
-1.73209
-1.77772
-1.82384
-1.87035
-1.91716
-1.9642
-1.22087
-1.25055
-1.28011
-1.31012
-1.34106
-1.37336
-1.40727
-1.44291
-1.48028
-1.51931
-1.55983
-1.60169
-1.64469
-1.68866
-1.73343
-1.77885
-1.82479
-1.87115
-1.91782
-1.96475
-1.21974
-1.25018
-1.2805
-1.31119
-1.34272
-1.37545
-1.40963
-1.44539
-1.48277
-1.5217
-1.56206
-1.60371
-1.64649
-1.69023
-1.73477
-1.77999
-1.82574
-1.87194
-1.91847
-1.96529
-1.21864
-1.2498
-1.28081
-1.31213
-1.34418
-1.3773
-1.41174
-1.44763
-1.48501
-1.52386
-1.56408
-1.60554
-1.64812
-1.69165
-1.73599
-1.78102
-1.82661
-1.87265
-1.91907
-1.96578
-1.21771
-1.24947
-1.28105
-1.31288
-1.34535
-1.3788
-1.41345
-1.44944
-1.48684
-1.52562
-1.56573
-1.60705
-1.64946
-1.69282
-1.737
-1.78187
-1.82732
-1.87324
-1.91956
-1.96619
-1.21703
-1.24923
-1.28121
-1.31341
-1.34618
-1.37986
-1.41466
-1.45073
-1.48814
-1.52688
-1.56691
-1.60812
-1.65041
-1.69365
-1.73772
-1.78248
-1.82783
-1.87367
-1.91991
-1.96648
-1.2167
-1.24912
-1.28131
-1.31369
-1.34662
-1.38042
-1.41529
-1.4514
-1.48882
-1.52754
-1.56752
-1.60869
-1.65091
-1.69409
-1.73809
-1.7828
-1.8281
-1.87389
-1.9201
-1.96664
)
;
    }
    lowerWall
    {
        type            calculated;
        value           nonuniform List<scalar> 
200
(
535.718
540.479
550.475
566.725
590.926
625.219
674.743
753.386
879.708
1016
1009.99
876.933
753.487
675.528
626.207
591.932
567.711
551.408
541.363
536.573
533.479
537.913
547.153
561.973
583.625
613.718
654.806
713.838
797.222
878.465
874.256
795.524
713.994
655.511
614.613
584.59
562.928
548.064
538.779
534.318
529.411
533.319
541.376
554.048
572.063
596.284
627.578
667.174
714.177
753.473
751.685
713.572
667.466
628.249
597.134
572.978
554.955
542.244
534.149
530.218
524.206
527.529
534.302
544.748
559.182
577.922
601.052
627.876
655.392
675.343
674.675
655.259
628.222
601.686
578.707
560.022
545.584
535.11
528.305
524.964
518.577
521.349
526.944
535.421
546.839
561.178
578.157
596.787
614.446
626.024
625.874
614.519
597.156
578.738
561.88
547.589
536.174
527.678
522.062
519.276
513.127
515.43
520.038
526.916
535.974
547.01
559.568
572.681
584.434
591.815
591.772
584.585
573.039
560.083
547.621
536.63
527.581
520.696
516.076
513.765
508.318
510.248
514.083
519.733
527.036
535.701
545.217
554.715
562.807
567.655
567.677
562.978
555.039
545.663
536.227
527.606
520.319
514.67
510.831
508.896
504.471
506.127
509.397
514.166
520.236
527.286
534.81
542.052
547.977
551.401
551.445
548.143
542.339
535.197
527.744
520.737
514.688
509.926
506.657
504.999
501.802
503.278
506.18
510.383
515.673
521.723
528.05
533.988
538.714
541.382
541.431
538.87
534.247
528.396
522.134
516.126
510.859
506.668
503.77
502.295
500.44
501.828
504.55
508.476
513.39
518.964
524.731
530.072
534.263
536.602
536.651
534.412
530.316
525.055
519.35
513.818
508.929
505.017
502.301
500.915
)
;
    }
    atmosphere
    {
        type            calculated;
        value           nonuniform List<scalar> 0();
    }
    procBoundary1to0
    {
        type            processor;
        value           nonuniform List<scalar> 
800
(
511.164
458.051
400.519
339.218
274.842
207.811
140.251
67.8613
9.68851
-0.559447
-0.764322
-0.960965
-1.01636
-1.0086
-1.03529
-1.0759
-1.11061
-1.14275
-1.17404
-1.20396
515.933
462.485
404.355
342.209
276.988
209.379
142.327
71.6795
12.3666
-0.175427
-0.854539
-1.05373
-1.08388
-1.03806
-1.04395
-1.0789
-1.11292
-1.14509
-1.17652
-1.20634
525.958
471.724
412.203
347.946
280.479
211.204
144.889
78.1057
20.7545
1.56257
-0.890164
-1.03226
-1.07761
-1.05552
-1.06032
-1.08845
-1.11975
-1.15144
-1.18281
-1.21217
542.292
486.648
424.528
356.127
284.111
211.34
145.471
82.2377
27.6005
8.35122
-1.11122
-1.09847
-1.10128
-1.07246
-1.07435
-1.09774
-1.12811
-1.16101
-1.1935
-1.22272
566.692
509.02
442.346
366.035
283.903
203.72
134.699
79.2705
28.8136
11.4657
-1.32075
-1.19604
-1.13244
-1.08097
-1.07948
-1.10151
-1.13526
-1.17338
-1.21015
-1.24065
601.282
541.631
465.071
368.057
257.269
156.042
76.9298
40.5077
-2.73679
1.73236
-1.30226
-1.2887
-1.13829
-1.07195
-1.06959
-1.09545
-1.14048
-1.19138
-1.23864
-1.27386
652.13
585.903
484.739
346.042
197.386
71.5888
10.9309
4.16914
-1.2996
-0.866998
-1.13159
-1.19322
-1.09268
-1.03235
-1.02971
-1.07238
-1.14034
-1.21571
-1.28185
-1.32774
733.524
648.698
503.521
346.254
208.309
82.884
17.6096
0.924706
-0.368984
-0.606744
-1.1238
-1.14622
-1.07072
-1.0196
-1.0264
-1.0706
-1.13927
-1.21836
-1.2958
-1.35893
865.325
745.566
562.884
404.146
249.605
100.488
23.8826
2.60024
-0.73946
-0.93875
-1.08891
-1.09323
-0.988467
-0.869551
-0.879677
-1.0533
-1.15557
-1.26247
-1.35345
-1.42489
1007.34
844.498
606.808
420.283
270.972
125.154
15.7361
2.96467
0.331596
-0.560908
-0.939878
-1.03622
-1.00217
-0.965068
-1.01006
-1.09481
-1.16166
-1.22959
-1.30593
-1.3592
1002.67
842.207
608.084
424.616
274.83
128.225
17.6856
3.0491
0.30939
-0.592007
-0.956643
-1.03797
-1.00315
-0.969694
-1.00125
-1.0826
-1.16595
-1.23801
-1.31519
-1.36875
864.085
750.049
573.93
413.815
254.147
103.526
24.5263
2.46368
-0.877484
-1.03746
-1.13299
-1.11275
-1.01075
-0.910734
-0.917184
-1.10272
-1.18241
-1.26747
-1.34403
-1.40281
734.309
651.347
510.114
354.678
212.388
87.3887
17.671
0.934429
-0.571349
-0.767385
-1.18196
-1.17845
-1.09856
-1.05115
-1.06528
-1.10777
-1.16686
-1.2331
-1.29225
-1.33424
653.219
587.562
487.323
349.331
200.792
76.7422
9.94771
3.85739
-1.63241
-1.07909
-1.17968
-1.20488
-1.10524
-1.05262
-1.05761
-1.09993
-1.1579
-1.21755
-1.26855
-1.30166
602.376
542.948
466.947
370.4
259.579
159.042
79.1647
41.4159
-3.25041
1.77628
-1.31245
-1.28296
-1.13752
-1.0774
-1.07897
-1.10593
-1.14633
-1.18959
-1.22802
-1.25559
567.758
510.231
443.881
368.02
286.135
206.089
136.567
80.0178
29.1481
11.4759
-1.31178
-1.17367
-1.1196
-1.07442
-1.07749
-1.10128
-1.13368
-1.16841
-1.20093
-1.22767
543.301
487.741
425.782
357.587
285.711
212.88
146.48
82.6411
27.5059
8.10897
-1.08309
-1.07124
-1.08293
-1.05983
-1.06598
-1.09157
-1.1221
-1.15383
-1.1845
-1.21198
526.899
472.703
413.249
349.056
281.582
212.169
145.477
78.1758
20.3234
1.39698
-0.865281
-1.0081
-1.05803
-1.03997
-1.0486
-1.07895
-1.11113
-1.14278
-1.17358
-1.20226
516.817
463.381
405.268
343.117
277.83
210.058
142.702
71.5934
12.0173
-0.212717
-0.837727
-1.03298
-1.06237
-1.02099
-1.03091
-1.06786
-1.10297
-1.13561
-1.16708
-1.19678
512.016
458.904
401.366
340.033
275.569
208.37
140.548
67.7858
9.58466
-0.55653
-0.748452
-0.941144
-0.996712
-0.992694
-1.02236
-1.06434
-1.10014
-1.13294
-1.16451
-1.19455
-1.23243
-1.25983
-1.28676
-1.31402
-1.34239
-1.37251
-1.40475
-1.43925
-1.47597
-1.51471
-1.55523
-1.59726
-1.64054
-1.6849
-1.73007
-1.77587
-1.82215
-1.8688
-1.91573
-1.96287
-1.2343
-1.26081
-1.28666
-1.31283
-1.34032
-1.36984
-1.40179
-1.43626
-1.47312
-1.51211
-1.55293
-1.59528
-1.63888
-1.6835
-1.72895
-1.77497
-1.82144
-1.86825
-1.91529
-1.96251
-1.23885
-1.2633
-1.28667
-1.31048
-1.33608
-1.36438
-1.39576
-1.43019
-1.46736
-1.50687
-1.54831
-1.59131
-1.63554
-1.68078
-1.72673
-1.77322
-1.82007
-1.86718
-1.91446
-1.96185
-1.24744
-1.26819
-1.28704
-1.30661
-1.32899
-1.35534
-1.38595
-1.42049
-1.45834
-1.49882
-1.54133
-1.58543
-1.63069
-1.67683
-1.72358
-1.7708
-1.81822
-1.86576
-1.91336
-1.96098
-1.26235
-1.27625
-1.28696
-1.29942
-1.31686
-1.34057
-1.37045
-1.40556
-1.4447
-1.48677
-1.53096
-1.57689
-1.62376
-1.67131
-1.71929
-1.7675
-1.81574
-1.86391
-1.91197
-1.95989
-1.29112
-1.292
-1.28717
-1.28712
-1.29664
-1.31664
-1.3462
-1.38303
-1.42475
-1.46956
-1.51639
-1.56477
-1.61404
-1.66365
-1.71343
-1.76313
-1.81253
-1.86153
-1.91012
-1.95841
-1.3393
-1.31932
-1.28934
-1.27029
-1.26803
-1.28285
-1.31285
-1.35292
-1.39871
-1.44755
-1.49811
-1.5497
-1.6019
-1.65431
-1.70655
-1.75831
-1.80929
-1.85942
-1.90865
-1.95721
-1.37688
-1.33864
-1.27945
-1.24233
-1.2309
-1.24345
-1.2742
-1.31761
-1.36808
-1.42151
-1.47614
-1.53138
-1.58707
-1.64293
-1.69827
-1.75247
-1.80518
-1.85637
-1.90629
-1.95533
-1.3983
-1.32309
-1.25506
-1.21065
-1.19744
-1.21117
-1.24467
-1.29116
-1.34508
-1.40235
-1.46063
-1.5189
-1.57693
-1.63459
-1.69157
-1.74734
-1.80149
-1.85372
-1.90427
-1.95361
-1.35098
-1.29541
-1.2344
-1.19322
-1.18148
-1.19725
-1.23274
-1.28086
-1.33611
-1.39476
-1.45458
-1.51438
-1.5739
-1.63278
-1.69058
-1.7467
-1.80095
-1.85324
-1.90382
-1.95314
-1.35311
-1.29671
-1.23561
-1.19554
-1.18585
-1.20236
-1.23847
-1.28663
-1.34168
-1.40015
-1.45988
-1.51968
-1.57913
-1.63785
-1.69541
-1.75136
-1.80541
-1.85733
-1.90776
-1.95678
-1.37849
-1.30272
-1.23795
-1.19869
-1.19129
-1.21049
-1.24815
-1.29641
-1.35016
-1.40585
-1.46247
-1.51966
-1.57781
-1.6368
-1.69555
-1.75286
-1.80815
-1.86144
-1.91235
-1.9613
-1.33802
-1.29776
-1.25055
-1.22121
-1.2172
-1.23564
-1.27118
-1.31688
-1.36758
-1.42016
-1.47455
-1.52947
-1.58555
-1.6425
-1.69895
-1.75376
-1.8066
-1.85807
-1.9084
-1.95762
-1.3073
-1.28809
-1.2642
-1.25078
-1.25457
-1.27523
-1.30887
-1.35064
-1.39697
-1.44572
-1.49635
-1.54823
-1.60088
-1.65412
-1.70719
-1.75941
-1.81068
-1.86101
-1.91049
-1.95926
-1.26903
-1.27062
-1.26911
-1.2727
-1.2858
-1.30904
-1.34098
-1.37924
-1.42197
-1.46765
-1.51485
-1.56335
-1.61278
-1.66281
-1.713
-1.763
-1.8126
-1.86174
-1.91049
-1.95891
-1.24732
-1.2613
-1.27352
-1.28813
-1.30786
-1.33368
-1.36522
-1.40149
-1.44175
-1.48456
-1.52923
-1.57534
-1.62251
-1.67042
-1.71874
-1.76723
-1.81573
-1.86413
-1.91237
-1.96044
-1.23566
-1.25639
-1.27611
-1.29708
-1.32106
-1.34895
-1.38088
-1.41646
-1.45514
-1.49623
-1.5392
-1.58374
-1.6294
-1.67586
-1.72291
-1.77034
-1.81799
-1.86573
-1.91349
-1.96124
-1.22857
-1.25316
-1.27718
-1.30201
-1.3288
-1.35829
-1.39075
-1.42608
-1.46399
-1.50408
-1.546
-1.5895
-1.63413
-1.67966
-1.72588
-1.77262
-1.8197
-1.867
-1.91445
-1.96197
-1.22474
-1.25152
-1.27794
-1.30496
-1.33342
-1.36395
-1.39684
-1.43214
-1.4697
-1.50927
-1.55056
-1.59339
-1.63739
-1.68234
-1.72803
-1.7743
-1.821
-1.868
-1.91521
-1.96257
-1.2232
-1.25092
-1.27842
-1.30643
-1.33568
-1.3667
-1.39982
-1.43511
-1.47251
-1.51183
-1.55282
-1.59533
-1.63902
-1.68367
-1.7291
-1.77516
-1.82167
-1.86852
-1.91561
-1.96289
)
;
    }
    procBoundary1to3
    {
        type            processor;
        value           nonuniform List<scalar> 
200
(
-2.01029
-2.01055
-2.01093
-2.01139
-2.01188
-2.01237
-2.01281
-2.01317
-2.01343
-2.01357
-2.01
-2.01028
-2.01069
-2.01118
-2.0117
-2.01221
-2.01266
-2.01304
-2.01331
-2.01345
-2.00948
-2.0098
-2.01026
-2.0108
-2.01136
-2.01191
-2.01239
-2.01279
-2.01307
-2.01323
-2.00882
-2.00916
-2.00969
-2.01029
-2.0109
-2.0115
-2.01202
-2.01245
-2.01275
-2.01292
-2.008
-2.00835
-2.00897
-2.00964
-2.01033
-2.01099
-2.01157
-2.01203
-2.01236
-2.01255
-2.00684
-2.0074
-2.00813
-2.00893
-2.00968
-2.01043
-2.01106
-2.01157
-2.01193
-2.01214
-2.00591
-2.00658
-2.00737
-2.00823
-2.00909
-2.00989
-2.01058
-2.01113
-2.01152
-2.01173
-2.00415
-2.00529
-2.00588
-2.00754
-2.00833
-2.0093
-2.01007
-2.01067
-2.01112
-2.01137
-2.00405
-2.00632
-2.00604
-2.00751
-2.00803
-2.00904
-2.00979
-2.0104
-2.01086
-2.01113
-2.00432
-2.00889
-2.00571
-2.0079
-2.00756
-2.00906
-2.0096
-2.01024
-2.01073
-2.01099
-2.00322
-2.00363
-2.00503
-2.00712
-2.00754
-2.00903
-2.0096
-2.01024
-2.01073
-2.01099
-2.00449
-2.00414
-2.00581
-2.00754
-2.00811
-2.00909
-2.00984
-2.01043
-2.01088
-2.01113
-2.00503
-2.00542
-2.00599
-2.00778
-2.00836
-2.0094
-2.01014
-2.01072
-2.01114
-2.01138
-2.00714
-2.00733
-2.00774
-2.00851
-2.00922
-2.00996
-2.01061
-2.01113
-2.01151
-2.01172
-2.00702
-2.00775
-2.00824
-2.00914
-2.0098
-2.01049
-2.01108
-2.01156
-2.01191
-2.0121
-2.00848
-2.0087
-2.00915
-2.0098
-2.01042
-2.01103
-2.01157
-2.012
-2.01231
-2.01248
-2.00908
-2.00942
-2.00984
-2.0104
-2.01095
-2.01151
-2.01199
-2.01239
-2.01268
-2.01283
-2.00967
-2.00997
-2.01037
-2.01087
-2.01139
-2.01189
-2.01234
-2.01271
-2.01298
-2.01312
-2.01014
-2.0104
-2.01076
-2.01122
-2.0117
-2.01218
-2.0126
-2.01295
-2.0132
-2.01334
-2.0104
-2.01064
-2.01099
-2.01142
-2.01188
-2.01233
-2.01274
-2.01308
-2.01332
-2.01345
)
;
    }
}


// ************************************************************************* //
