/*--------------------------------*- C++ -*----------------------------------*\
| =========                 |                                                 |
| \\      /  F ield         | OpenFOAM: The Open Source CFD Toolbox           |
|  \\    /   O peration     | Version:  2312                                  |
|   \\  /    A nd           | Website:  www.openfoam.com                      |
|    \\/     M anipulation  |                                                 |
\*---------------------------------------------------------------------------*/
FoamFile
{
    version     2.0;
    format      ascii;
    arch        "LSB;label=32;scalar=64";
    class       volScalarField;
    location    "0.57";
    object      p;
}
// * * * * * * * * * * * * * * * * * * * * * * * * * * * * * * * * * * * * * //

dimensions      [1 -1 -2 0 0 0 0];

internalField   nonuniform List<scalar> 
8000
(
388.814
388.366
387.327
385.92
384.386
382.909
381.619
380.616
379.947
379.656
340.342
339.887
338.719
337.147
335.462
333.855
332.449
331.342
330.602
330.276
292.498
292.041
290.536
288.6
286.607
284.74
283.112
281.825
280.945
280.529
245.4
244.926
242.667
240.095
237.664
235.451
233.51
231.92
230.817
230.272
198.791
197.91
194.522
191.155
188.279
185.741
183.456
181.466
180.046
179.262
151.732
149.431
145.139
141.362
138.274
135.565
132.848
130.001
128.243
127.101
102.406
98.8489
94.9932
91.6471
88.6588
85.7823
82.4569
79.1027
75.6577
73.5776
53.9274
49.2248
44.4981
41.0043
39.5045
38.7884
36.4582
32.2447
28.023
25.5336
21.5011
13.8649
6.95477
4.78287
4.6042
5.26642
5.36746
4.02895
2.40437
2.57562
0.629987
-0.220998
-0.383338
-0.406152
-0.41295
-0.418849
-0.402319
-0.396761
-0.469711
-0.450131
-0.450743
-0.422915
-0.420994
-0.42978
-0.43846
-0.449005
-0.456515
-0.435902
-0.408224
-0.407038
-0.409926
-0.406874
-0.42276
-0.43966
-0.453874
-0.461854
-0.459742
-0.44933
-0.431604
-0.422376
-0.435396
-0.446484
-0.46631
-0.479419
-0.489882
-0.495305
-0.492913
-0.483025
-0.475623
-0.477251
-0.496708
-0.506567
-0.521608
-0.532982
-0.541715
-0.54506
-0.542713
-0.536799
-0.533015
-0.536594
-0.55969
-0.564762
-0.576292
-0.588911
-0.598377
-0.602527
-0.600378
-0.595329
-0.591474
-0.591568
-0.616633
-0.619524
-0.62832
-0.637015
-0.643381
-0.649776
-0.65255
-0.651436
-0.648887
-0.647084
-0.669453
-0.671668
-0.67746
-0.684245
-0.687979
-0.692747
-0.697548
-0.699946
-0.700504
-0.700046
-0.721881
-0.724011
-0.728168
-0.737194
-0.738547
-0.741116
-0.744709
-0.747384
-0.749279
-0.750083
-0.776579
-0.78067
-0.781198
-0.790882
-0.792871
-0.791991
-0.795051
-0.797349
-0.799294
-0.800591
-0.831427
-0.83918
-0.835312
-0.839714
-0.845168
-0.84294
-0.845799
-0.847972
-0.849962
-0.851601
388.38
387.99
387
385.635
384.143
382.706
381.449
380.466
379.812
379.542
339.907
339.543
338.429
336.887
335.232
333.655
332.277
331.189
330.451
330.143
292.08
291.856
290.4
288.434
286.427
284.571
282.963
281.684
280.821
280.392
245.007
245.11
242.945
240.187
237.604
235.335
233.389
231.8
230.709
230.164
198.16
198.275
195.097
191.513
188.402
185.732
183.413
181.519
180.058
179.26
149.964
149.23
145.192
141.344
138.156
135.371
132.799
130.267
128.193
126.954
99.4481
98.5809
94.2466
90.4928
87.4204
84.4087
81.1955
77.957
74.8418
72.5623
49.5382
46.8231
40.811
38.2545
37.0333
35.6565
32.9905
29.2613
25.6151
22.3968
13.4411
4.88256
3.20207
3.54036
3.75445
3.4342
2.75766
2.39084
1.8184
1.97495
-0.216541
-0.371562
-0.419708
-0.419211
-0.424002
-0.435089
-0.447617
-0.433121
-0.45212
-0.408465
-0.422707
-0.418095
-0.42814
-0.434211
-0.442846
-0.459102
-0.477956
-0.47925
-0.439607
-0.414588
-0.407787
-0.413773
-0.435108
-0.449895
-0.460308
-0.465655
-0.463975
-0.45721
-0.439977
-0.42958
-0.449899
-0.467873
-0.48399
-0.494043
-0.502609
-0.506166
-0.500097
-0.48666
-0.481008
-0.48907
-0.5089
-0.521777
-0.533185
-0.5448
-0.553527
-0.556396
-0.551683
-0.542554
-0.537198
-0.543383
-0.576123
-0.578087
-0.583891
-0.598008
-0.608347
-0.611864
-0.608384
-0.601628
-0.597401
-0.598727
-0.633006
-0.631687
-0.627998
-0.638391
-0.650693
-0.660241
-0.662203
-0.659831
-0.656893
-0.65635
-0.68137
-0.681953
-0.67367
-0.679815
-0.68948
-0.699562
-0.705815
-0.708734
-0.709166
-0.707895
-0.733849
-0.735958
-0.724646
-0.730651
-0.738206
-0.744442
-0.748515
-0.751788
-0.754054
-0.754635
-0.787177
-0.796282
-0.779832
-0.785607
-0.790276
-0.794602
-0.796908
-0.799145
-0.80138
-0.802884
-0.843505
-0.861675
-0.840628
-0.839706
-0.84049
-0.84534
-0.847206
-0.849225
-0.851501
-0.853457
387.36
387.019
386.139
384.904
383.536
382.207
381.037
380.12
379.515
379.27
338.762
338.451
337.486
336.109
334.599
333.145
331.864
330.848
330.16
329.865
290.601
290.427
289.237
287.534
285.732
284.038
282.556
281.366
280.531
280.11
242.77
242.975
241.396
239.113
236.832
234.785
233.028
231.611
230.607
230.166
194.741
195.174
193.182
190.364
187.623
185.22
183.153
181.453
180.141
179.431
145.544
145.407
142.808
139.936
137.255
134.858
132.736
130.672
128.855
127.706
95.3683
94.6042
91.2302
88.3294
85.8296
83.453
81.1045
78.853
76.5869
74.5576
44.8043
41.1803
38.405
36.9153
35.4422
33.9494
31.8511
29.0972
26.0945
22.5635
7.14042
3.14375
3.73551
4.37987
4.11309
3.40294
2.46106
2.20152
1.79549
1.45885
-0.380529
-0.412373
-0.414569
-0.40556
-0.412146
-0.410927
-0.42591
-0.457402
-0.451458
-0.362206
-0.418579
-0.426999
-0.428012
-0.424275
-0.431421
-0.44725
-0.461802
-0.456469
-0.418833
-0.386668
-0.421093
-0.433985
-0.445232
-0.451644
-0.459402
-0.465239
-0.472718
-0.464879
-0.444658
-0.431002
-0.465553
-0.481796
-0.493619
-0.502737
-0.513648
-0.521845
-0.521773
-0.511414
-0.505785
-0.51272
-0.516604
-0.53085
-0.541196
-0.549958
-0.559742
-0.569185
-0.570817
-0.561286
-0.554285
-0.561199
-0.57173
-0.583902
-0.589108
-0.596199
-0.60459
-0.612412
-0.617029
-0.614076
-0.606847
-0.609447
-0.63005
-0.635905
-0.631974
-0.635726
-0.645103
-0.652027
-0.658352
-0.661272
-0.660142
-0.660404
-0.685392
-0.684939
-0.675888
-0.676254
-0.686783
-0.695439
-0.701442
-0.706142
-0.708881
-0.709715
-0.731834
-0.735755
-0.726528
-0.725181
-0.734267
-0.742986
-0.747956
-0.752532
-0.756093
-0.757702
-0.780526
-0.788411
-0.781438
-0.780027
-0.786197
-0.793025
-0.7972
-0.801231
-0.804512
-0.806629
-0.83435
-0.844972
-0.841007
-0.837444
-0.839771
-0.844565
-0.847114
-0.850892
-0.854212
-0.857162
385.977
385.679
384.929
383.864
382.663
381.479
380.424
379.597
379.048
378.844
337.213
336.934
336.134
334.972
333.666
332.381
331.229
330.3
329.668
329.415
288.689
288.488
287.561
286.191
284.676
283.21
281.898
280.819
280.046
279.7
240.217
240.249
239.138
237.426
235.595
233.884
232.374
231.114
230.161
229.72
191.352
191.621
190.396
188.397
186.247
184.296
182.595
181.154
179.984
179.334
141.69
141.603
140.027
138.001
135.901
134.045
132.476
130.926
129.486
128.59
91.9634
90.9714
88.5308
86.1039
84.008
82.2722
80.8695
79.6412
78.4038
77.2603
41.336
38.7047
37.006
34.85
33.0196
31.9706
31.1764
29.7395
28.0844
25.9763
5.1026
3.36982
4.26476
4.11823
3.52325
3.03588
2.60098
2.3613
2.19665
1.80001
-0.408493
-0.418408
-0.410169
-0.389266
-0.379266
-0.367678
-0.376304
-0.415757
-0.42817
-0.361903
-0.428315
-0.435719
-0.434897
-0.424575
-0.41271
-0.418604
-0.43997
-0.448801
-0.424505
-0.396333
-0.440409
-0.450431
-0.459152
-0.458308
-0.45713
-0.47154
-0.49463
-0.497297
-0.473516
-0.450422
-0.479225
-0.492503
-0.503853
-0.510577
-0.518728
-0.537873
-0.555407
-0.548461
-0.530265
-0.536653
-0.530334
-0.542265
-0.549418
-0.555974
-0.567807
-0.587869
-0.604442
-0.603724
-0.580963
-0.580271
-0.582369
-0.592899
-0.597168
-0.600162
-0.608855
-0.624145
-0.638464
-0.644546
-0.629481
-0.626941
-0.630913
-0.637087
-0.638759
-0.640449
-0.6472
-0.657201
-0.667041
-0.676601
-0.674434
-0.672911
-0.679551
-0.682769
-0.683101
-0.683788
-0.690002
-0.698944
-0.705506
-0.713269
-0.718097
-0.718532
-0.727026
-0.731827
-0.733729
-0.732358
-0.738551
-0.746187
-0.751321
-0.757294
-0.762442
-0.764196
-0.775808
-0.782482
-0.785596
-0.785879
-0.791103
-0.795812
-0.799647
-0.804656
-0.809636
-0.812196
-0.827647
-0.835322
-0.842266
-0.841684
-0.844448
-0.845903
-0.848624
-0.853271
-0.85866
-0.863179
384.472
384.216
383.591
382.694
381.662
380.626
379.689
378.942
378.444
378.288
335.558
335.31
334.657
333.698
332.591
331.473
330.439
329.589
328.99
328.776
286.726
286.517
285.796
284.712
283.468
282.217
281.052
280.047
279.27
278.945
237.819
237.713
236.903
235.636
234.209
232.802
231.485
230.291
229.315
228.813
188.5
188.558
187.711
186.295
184.699
183.182
181.784
180.508
179.347
178.729
138.609
138.457
137.431
135.998
134.504
133.193
132.091
130.998
130.008
129.374
89.0069
87.9864
86.2058
84.2249
82.7608
81.8973
81.6162
81.6451
82.0708
82.0288
39.8149
37.6613
35.742
33.1762
31.8347
31.6864
32.3001
32.8709
33.9394
34.2022
4.8523
3.71467
4.13656
3.5987
3.27597
3.25012
3.22779
3.30132
3.85711
3.42813
-0.414716
-0.416291
-0.389799
-0.375439
-0.361332
-0.345535
-0.352189
-0.380336
-0.42623
-0.440981
-0.435309
-0.440639
-0.435817
-0.429975
-0.423318
-0.400718
-0.419942
-0.449561
-0.445781
-0.443083
-0.458473
-0.459667
-0.469087
-0.477436
-0.480669
-0.469097
-0.490727
-0.513389
-0.488191
-0.422122
-0.496193
-0.501974
-0.51108
-0.525954
-0.533918
-0.537388
-0.55704
-0.568613
-0.54801
-0.550867
-0.541928
-0.549536
-0.553654
-0.564378
-0.577738
-0.590719
-0.608283
-0.629687
-0.621085
-0.602162
-0.589552
-0.596713
-0.597836
-0.603864
-0.617143
-0.631519
-0.646871
-0.670126
-0.659154
-0.650444
-0.635352
-0.638966
-0.63987
-0.643687
-0.65519
-0.666844
-0.679828
-0.699053
-0.691758
-0.690261
-0.681592
-0.684499
-0.686237
-0.688243
-0.696685
-0.705556
-0.712842
-0.725149
-0.729815
-0.72992
-0.728926
-0.733427
-0.735318
-0.735998
-0.743261
-0.750392
-0.755878
-0.763463
-0.770886
-0.772257
-0.777401
-0.782206
-0.78594
-0.786646
-0.792212
-0.797216
-0.802324
-0.808705
-0.816384
-0.818401
-0.828745
-0.83314
-0.836837
-0.838191
-0.842071
-0.844977
-0.849401
-0.855816
-0.865156
-0.871626
383.027
382.813
382.297
381.547
380.666
379.764
378.923
378.243
377.776
377.648
333.985
333.771
333.241
332.452
331.514
330.535
329.598
328.807
328.212
328.041
284.898
284.707
284.146
283.29
282.264
281.177
280.099
279.082
278.206
277.804
235.656
235.507
234.917
233.978
232.856
231.65
230.398
229.103
227.824
227.031
186.027
185.976
185.391
184.409
183.246
182.022
180.702
179.15
177.469
176.374
135.968
135.772
135.145
134.237
133.29
132.326
131.306
130.167
128.693
129.284
86.2183
85.135
84.0361
82.7214
82.1392
82.1179
82.3765
82.8439
83.2207
83.9863
39.1646
36.7081
34.7075
32.5277
31.9939
32.4989
33.7457
35.8906
39.0622
39.7172
5.6684
3.66276
3.6413
3.24944
3.37395
3.72928
3.78473
4.0944
6.05128
7.2379
-0.418866
-0.408779
-0.378977
-0.36217
-0.350508
-0.352024
-0.350519
-0.364733
-0.432451
-0.65384
-0.447886
-0.451918
-0.434205
-0.425974
-0.436486
-0.441869
-0.443944
-0.458429
-0.493812
-0.624571
-0.472499
-0.472199
-0.474768
-0.478899
-0.504832
-0.507273
-0.504031
-0.511146
-0.504364
-0.510072
-0.512013
-0.514751
-0.514379
-0.524556
-0.547255
-0.552571
-0.547034
-0.550384
-0.551096
-0.538449
-0.550666
-0.55832
-0.557564
-0.567895
-0.588196
-0.599925
-0.602371
-0.62632
-0.635252
-0.611764
-0.592966
-0.601472
-0.60169
-0.61097
-0.631166
-0.645769
-0.664721
-0.688802
-0.688601
-0.676734
-0.636141
-0.641042
-0.644977
-0.651523
-0.669347
-0.687762
-0.708073
-0.726463
-0.712567
-0.718564
-0.680669
-0.685156
-0.689456
-0.693341
-0.70677
-0.722159
-0.732928
-0.743214
-0.745297
-0.749613
-0.726945
-0.731167
-0.734466
-0.737911
-0.747431
-0.758757
-0.764849
-0.768527
-0.778945
-0.783908
-0.774653
-0.777707
-0.780471
-0.783854
-0.790884
-0.79933
-0.806457
-0.810011
-0.821215
-0.825304
-0.824806
-0.827308
-0.82955
-0.832285
-0.837178
-0.842973
-0.849873
-0.856321
-0.86996
-0.88171
381.769
381.59
381.164
380.535
379.78
378.978
378.209
377.576
377.12
377.005
332.614
332.43
331.999
331.342
330.53
329.656
328.792
328.022
327.423
327.245
283.312
283.144
282.71
282.023
281.155
280.165
279.088
277.971
276.889
276.435
233.773
233.623
233.215
232.517
231.601
230.484
229.176
227.464
225.502
223.804
183.827
183.754
183.397
182.755
181.915
180.78
179.21
176.71
173.707
172.535
133.38
133.312
133.097
132.695
132.22
131.383
130.143
128.179
129.035
130.677
83.1319
82.0534
81.8396
81.3966
81.9256
82.5731
83.0504
83.2015
85.3341
89.2306
37.3568
34.4092
32.9546
31.8337
32.6216
34.0025
35.8731
39.3213
44.5812
47.932
5.97658
3.15201
2.91259
2.89473
3.42189
3.87847
3.84904
5.82484
11.0001
17.1426
-0.420001
-0.418063
-0.396126
-0.361056
-0.325636
-0.33623
-0.372841
-0.307965
-0.457804
3.69815
-0.459438
-0.461993
-0.436735
-0.417442
-0.410571
-0.450028
-0.504697
-0.497196
-0.725246
0.0477006
-0.477784
-0.479537
-0.478994
-0.475505
-0.485739
-0.532817
-0.558646
-0.574619
-0.267109
-0.509432
-0.516816
-0.520348
-0.521575
-0.528117
-0.540939
-0.560953
-0.552135
-0.52418
-0.498659
-0.460034
-0.553722
-0.564143
-0.566675
-0.57641
-0.587336
-0.600114
-0.602758
-0.627085
-0.618248
-0.558139
-0.593044
-0.605508
-0.611054
-0.622019
-0.640554
-0.668781
-0.685938
-0.713491
-0.72034
-0.68455
-0.633931
-0.642797
-0.652529
-0.662812
-0.687387
-0.722314
-0.742496
-0.75485
-0.759616
-0.76876
-0.677008
-0.68288
-0.69131
-0.70106
-0.721582
-0.75004
-0.761136
-0.771676
-0.775943
-0.795973
-0.722357
-0.725933
-0.730978
-0.73857
-0.754052
-0.774416
-0.778269
-0.779095
-0.788761
-0.812806
-0.769031
-0.771112
-0.773961
-0.778622
-0.788678
-0.802928
-0.810896
-0.807037
-0.821272
-0.840354
-0.818352
-0.819637
-0.821363
-0.82404
-0.829881
-0.838859
-0.848896
-0.85283
-0.867911
-0.89553
380.787
380.632
380.279
379.756
379.09
378.373
377.671
377.105
376.728
376.615
331.532
331.37
331.013
330.446
329.74
328.948
328.135
327.427
326.947
326.674
282.054
281.896
281.552
280.983
280.217
279.262
278.128
276.877
276.017
275.414
232.228
232.079
231.828
231.288
230.473
229.323
227.683
225.457
223.572
221.512
181.909
181.905
181.711
181.305
180.674
179.421
177.303
173.885
169.162
165.934
130.713
130.871
131.008
131.062
131.085
130.346
128.348
125.147
118.985
113.619
79.9003
78.9354
79.4507
79.9684
81.7637
83.1926
83.0397
82.8058
85.0823
69.383
33.3613
30.6075
29.637
29.7405
32.6085
36.0943
39.6997
44.5113
49.4957
36.2805
4.8241
2.78988
2.47107
2.40058
3.2314
4.26224
5.69744
12.0702
19.0378
9.53895
-0.404759
-0.407776
-0.3931
-0.362735
-0.308432
-0.282522
-0.328931
-1.27825
10.264
2.51493
-0.452755
-0.454309
-0.425634
-0.403271
-0.376146
-0.407355
-0.515019
-0.788334
5.99432
2.48594
-0.473304
-0.469035
-0.46795
-0.468644
-0.473182
-0.528297
-0.642802
-0.615708
0.880865
0.950616
-0.510194
-0.511456
-0.520017
-0.533096
-0.553887
-0.627767
-0.585176
-0.475811
-0.419736
-0.399603
-0.548412
-0.559692
-0.571222
-0.590932
-0.630557
-0.683148
-0.641498
-0.631175
-0.614484
-0.535663
-0.587304
-0.602129
-0.615643
-0.643449
-0.714746
-0.762801
-0.752115
-0.779808
-0.79495
-0.725664
-0.626698
-0.637652
-0.654142
-0.683159
-0.748251
-0.808905
-0.806557
-0.84007
-0.886251
-0.853569
-0.668918
-0.675188
-0.689613
-0.714121
-0.748144
-0.785055
-0.791071
-0.831555
-0.865895
-0.863506
-0.71317
-0.716272
-0.724764
-0.741074
-0.758992
-0.773458
-0.775957
-0.802653
-0.821235
-0.833949
-0.759319
-0.760356
-0.763422
-0.770752
-0.782428
-0.79362
-0.798081
-0.805485
-0.825708
-0.846289
-0.808717
-0.808664
-0.808997
-0.810839
-0.816536
-0.825758
-0.835384
-0.848502
-0.865057
-0.887019
380.125
379.99
379.692
379.231
378.649
378.004
377.364
376.918
376.672
376.701
330.801
330.646
330.345
329.855
329.208
328.475
327.74
327.207
326.919
326.848
281.183
281.041
280.737
280.241
279.517
278.551
277.282
276.446
275.455
275.221
231.135
230.992
230.819
230.332
229.545
228.288
226.369
224.58
220.974
220.009
180.485
180.444
180.36
180.053
179.503
177.844
174.518
168.122
162.247
159.793
128.877
128.755
129.039
129.366
129.84
128.658
127.631
119.601
105.985
95.4832
76.5712
75.7277
76.8207
78.2973
81.515
83.6717
84.0673
82.6722
60.1007
42.8641
29.0043
26.5838
25.9227
27.2906
32.974
39.3348
45.1033
45.9779
24.7423
17.2311
3.27771
2.30998
2.03487
2.08472
3.55623
6.17923
10.7871
15.75
7.43555
6.19519
-0.336401
-0.348606
-0.317343
-0.318572
-0.291667
-0.318219
-1.07185
2.1635
1.80455
2.20319
-0.438209
-0.431442
-0.400547
-0.373675
-0.358631
-0.361439
-0.812355
0.686633
0.517912
1.08173
-0.457634
-0.449093
-0.444921
-0.45689
-0.481453
-0.54879
-0.0986601
0.899557
0.137295
0.418613
-0.494506
-0.493918
-0.512904
-0.55294
-0.601165
-0.766678
-0.0487491
0.156051
-0.243749
-0.0760163
-0.535281
-0.549632
-0.573465
-0.621232
-0.697228
-0.665039
-0.478986
-0.885165
-0.644625
-0.428568
-0.573992
-0.592418
-0.620138
-0.675414
-0.775391
-0.760926
-0.808605
-0.81833
-0.62508
-0.762302
-0.612258
-0.625758
-0.656379
-0.707744
-0.750535
-0.863029
-0.808493
-0.826538
-0.831464
-0.937847
-0.654109
-0.66098
-0.685435
-0.721026
-0.713641
-0.711204
-0.792986
-0.791679
-0.865434
-0.903667
-0.698376
-0.699745
-0.710615
-0.728628
-0.72372
-0.716628
-0.741195
-0.77926
-0.791125
-0.830065
-0.745574
-0.743789
-0.742726
-0.744917
-0.75577
-0.767558
-0.770959
-0.783713
-0.815995
-0.871168
-0.796804
-0.794315
-0.789579
-0.783622
-0.782981
-0.796018
-0.816368
-0.827611
-0.860716
-0.899909
379.821
379.706
379.436
379.021
378.499
377.902
377.314
376.96
376.968
377.607
330.46
330.321
330.038
329.586
328.981
328.308
327.622
327.179
327.235
328.414
280.755
280.602
280.313
279.851
279.145
278.135
276.931
276.194
275.738
276.599
230.574
230.417
230.299
229.778
228.943
227.447
225.092
223.023
221.17
221.143
179.692
179.608
179.559
179.226
178.771
176.226
173.814
169.247
161.543
158.274
127.729
127.459
127.787
128.217
129.188
130.295
128.178
115.116
96.1387
92.4361
74.4542
73.2775
74.521
76.7262
80.8988
83.9072
83.218
72.286
42.1605
32.0572
26.2741
23.0112
22.0743
24.7287
32.3299
41.4794
45.0842
37.1522
17.2145
13.8369
2.86293
2.10496
1.5601
1.79069
3.6956
8.71742
15.6081
9.09343
7.83069
5.76813
-0.306099
-0.286719
-0.246041
-0.23038
-0.232786
-0.264208
-1.39059
3.28805
2.18697
2.67621
-0.421779
-0.400307
-0.367897
-0.349839
-0.339446
-0.350478
-1.09356
8.95942
0.588582
1.1669
-0.431851
-0.420497
-0.428004
-0.462092
-0.492045
-0.487916
0.0263857
8.22524
0.151913
0.314642
-0.47042
-0.473636
-0.51676
-0.583027
-0.650246
-0.86781
0.660199
1.23457
-0.220598
0.0290775
-0.515617
-0.545646
-0.579685
-0.622604
-0.680938
-0.594172
-0.0372664
-0.970327
-0.71494
-0.326052
-0.54896
-0.590002
-0.632087
-0.653881
-0.717261
-0.35196
-0.925612
-1.17019
-1.14975
-0.812611
-0.586739
-0.614998
-0.675134
-0.746213
-0.813737
-0.621312
-0.91149
-1.02524
-1.04289
-1.01127
-0.633598
-0.646766
-0.69421
-0.78252
-0.752524
-0.806192
-0.88078
-0.881472
-0.838236
-0.845438
-0.68188
-0.682452
-0.696222
-0.715248
-0.726643
-0.79892
-0.81921
-0.816697
-0.815581
-0.762726
-0.732202
-0.725907
-0.71342
-0.68715
-0.681596
-0.70399
-0.776946
-0.797777
-0.864348
-0.899576
-0.786384
-0.780297
-0.765465
-0.736116
-0.702127
-0.703813
-0.766082
-0.821589
-0.883948
-0.937586
379.879
379.769
379.512
379.118
378.629
378.087
377.583
377.296
377.266
377.696
330.52
330.384
330.114
329.687
329.12
328.524
327.987
327.675
327.717
328.325
280.82
280.676
280.406
279.965
279.301
278.395
277.503
276.867
276.38
276.748
230.639
230.49
230.38
229.874
229.025
227.632
226.079
224.446
222.528
221.286
179.763
179.688
179.642
179.297
178.541
175.918
173.888
169.094
161.666
159.271
127.805
127.538
127.96
128.363
129.026
129.968
126.388
113.797
98.4012
98.8145
74.5809
73.3697
74.8087
77.1848
81.2084
83.8248
85.4925
70.5017
43.3061
39.8528
26.7267
23.318
22.5579
25.2341
32.9284
40.7998
50.2171
40.3303
19.9574
15.5068
2.83589
2.08601
1.6803
2.01651
3.5917
7.6893
18.7891
15.096
9.8756
7.67952
-0.378348
-0.300387
-0.241373
-0.204411
-0.200314
-0.466072
9.37188
5.55111
3.18179
2.62562
-0.393647
-0.372094
-0.333295
-0.326771
-0.301615
-0.551428
7.18974
1.00861
0.586216
0.794911
-0.399555
-0.391116
-0.40091
-0.40805
-0.425065
0.723214
-0.304732
0.218711
0.147132
0.304034
-0.440904
-0.449956
-0.49244
-0.557527
-0.197746
-0.362781
-0.229105
-0.193112
-0.235815
-0.0573579
-0.493652
-0.550036
-0.563856
-0.503528
-0.518534
-0.598361
-0.666797
-0.784436
-0.732525
-0.499989
-0.499394
-0.572363
-0.594034
-0.575631
-0.710155
-0.795056
-0.949969
-1.09808
-1.01283
-0.836612
-0.528669
-0.565453
-0.647475
-0.692101
-0.783528
-0.926952
-1.00849
-1.11829
-1.02799
-0.873641
-0.606273
-0.617947
-0.668812
-0.739332
-0.842253
-0.925248
-0.906975
-1.00422
-0.94034
-0.712085
-0.672591
-0.676064
-0.691753
-0.721973
-0.748509
-0.757292
-0.821439
-0.864983
-0.90943
-0.698371
-0.728513
-0.72809
-0.726731
-0.717233
-0.682388
-0.674714
-0.747969
-0.819475
-0.903052
-0.891301
-0.784099
-0.78208
-0.776797
-0.761989
-0.72839
-0.701298
-0.750732
-0.838057
-0.910212
-0.575221
380.294
380.168
379.903
379.495
378.995
378.462
377.963
377.577
377.229
377.056
330.969
330.805
330.554
330.128
329.576
328.996
328.457
328.065
327.725
327.3
281.367
281.26
280.971
280.54
279.946
279.218
278.422
277.685
276.821
275.688
231.315
231.183
231.041
230.618
229.96
229.02
227.696
226.11
223.813
221.876
180.66
180.617
180.535
180.254
179.704
178.269
175.929
173.07
166.427
163.453
129.019
128.838
129.188
129.491
129.858
128.832
128.159
123.929
112.316
108.656
76.6047
75.637
76.8342
78.3661
81.4
82.7047
83.5458
82.0169
68.01
56.7912
29.3318
26.7875
26.5319
27.9973
32.9946
37.7125
43.6025
45.323
32.5248
24.7342
2.99624
2.38216
2.20652
2.28084
3.63595
6.49243
7.73254
20.6269
13.8637
8.84154
-0.3875
-0.345862
-0.304822
-0.236093
-0.122722
-0.425339
2.61661
7.27673
4.91865
2.85273
-0.380087
-0.398388
-0.345729
-0.284582
-0.439293
4.49488
2.11185
0.00289135
0.375157
0.514567
-0.395792
-0.397196
-0.379867
-0.308015
0.474741
-0.532583
-0.385753
-0.102357
0.0350415
0.148642
-0.447762
-0.469509
-0.49236
-0.44637
-0.692361
-0.609661
-0.426364
-0.300301
-0.231018
-0.165529
-0.515063
-0.583623
-0.646084
-0.83659
-0.793406
-0.740826
-0.672126
-0.628965
-0.543798
-0.457294
-0.46112
-0.520408
-0.647007
-0.798219
-0.818512
-0.831754
-0.863109
-0.890033
-0.82007
-0.699807
-0.446483
-0.465705
-0.608527
-0.762703
-0.808839
-0.875601
-0.943428
-1.00052
-0.9326
-0.797686
-0.559794
-0.57623
-0.660107
-0.73662
-0.803313
-0.881074
-0.917886
-0.961794
-0.941662
-0.778591
-0.655672
-0.661491
-0.683656
-0.723178
-0.763946
-0.80377
-0.824568
-0.866667
-0.912011
-0.79058
-0.723521
-0.726512
-0.732906
-0.739164
-0.738698
-0.735375
-0.768382
-0.824874
-0.899488
-0.936754
-0.78366
-0.78359
-0.783205
-0.77971
-0.770158
-0.759807
-0.78046
-0.846435
-0.919715
-1.02367
381.05
380.909
380.59
380.12
379.557
378.967
378.404
377.917
377.368
376.972
331.798
331.647
331.328
330.835
330.227
329.599
328.997
328.445
327.778
327.082
282.33
282.19
281.88
281.39
280.766
280.06
279.302
278.484
277.095
275.231
232.5
232.348
232.129
231.662
231.014
230.19
229.161
227.691
225.013
223.046
182.183
182.179
181.954
181.577
181.041
180.004
178.574
176.416
172.85
172.829
130.947
130.986
131.114
131.134
131.151
130.58
129.799
128.464
129.419
129.045
79.8449
78.799
79.2665
79.7625
81.3498
82.6006
83.0605
83.7518
86.1414
86.5883
33.3935
30.6301
29.8564
29.9893
31.9344
34.4106
37.3841
41.6452
47.4995
44.8454
4.5819
2.76521
2.48566
2.50532
2.93538
3.09403
4.20827
8.54093
16.7364
18.6735
-0.374838
-0.382837
-0.344243
-0.292551
-0.257969
-0.53293
-0.628615
3.11196
13.9219
14.7526
-0.419495
-0.443261
-0.398303
-0.372908
-0.383701
-0.382259
-0.230456
-0.274482
-0.0948969
0.0687785
-0.421943
-0.426406
-0.432629
-0.505433
-0.492556
-0.462471
-0.34028
-0.259642
-0.191202
-0.0840055
-0.481325
-0.511229
-0.551871
-0.64724
-0.615812
-0.563211
-0.459641
-0.372907
-0.308208
-0.260962
-0.549731
-0.639537
-0.766384
-0.776685
-0.723944
-0.694514
-0.651297
-0.595333
-0.52663
-0.464991
-0.545436
-0.634199
-0.787641
-0.842283
-0.807328
-0.807624
-0.811843
-0.777444
-0.71328
-0.634401
-0.54888
-0.582223
-0.657396
-0.755248
-0.809434
-0.862238
-0.897576
-0.879825
-0.814845
-0.720493
-0.615324
-0.628306
-0.664187
-0.722311
-0.777462
-0.835258
-0.874296
-0.860862
-0.838946
-0.747316
-0.678491
-0.688562
-0.703175
-0.725782
-0.756344
-0.789761
-0.815232
-0.81009
-0.825424
-0.782506
-0.73497
-0.739906
-0.747887
-0.755617
-0.762971
-0.768714
-0.779231
-0.797726
-0.832972
-0.845084
-0.790686
-0.792054
-0.794204
-0.795978
-0.796061
-0.796234
-0.803815
-0.832497
-0.868025
-0.903301
382.104
381.938
381.54
380.963
380.292
379.606
378.953
378.386
377.791
377.46
332.954
332.782
332.376
331.771
331.047
330.31
329.615
328.976
328.225
327.801
283.662
283.503
283.089
282.46
281.705
280.911
280.104
279.276
277.924
276.495
234.127
233.975
233.559
232.894
232.096
231.216
230.24
229.016
226.26
224.314
184.18
184.088
183.657
182.98
182.209
181.306
180.229
178.747
176.698
178.392
133.659
133.505
133.152
132.64
132.111
131.486
130.944
130.376
129.771
137.165
83.2772
82.0432
81.438
80.7386
81.0147
81.6186
82.421
83.5559
84.6592
89.5298
37.4963
34.4601
32.4475
31.0098
31.0906
31.9268
33.0528
36.9468
41.9394
47.3186
5.99231
3.06607
2.55759
2.41371
2.6049
1.97198
1.46076
3.87472
9.00298
12.268
-0.388015
-0.399139
-0.345221
-0.28058
-0.242929
-0.339852
-0.431458
0.0120998
3.5997
5.61058
-0.433445
-0.435004
-0.405543
-0.367985
-0.343404
-0.354187
-0.324568
-0.278088
-0.199847
-0.116861
-0.437195
-0.428076
-0.424175
-0.4342
-0.434468
-0.443997
-0.422186
-0.344554
-0.270951
-0.219928
-0.488726
-0.496595
-0.511441
-0.526407
-0.534604
-0.525417
-0.487629
-0.424639
-0.371142
-0.329349
-0.547946
-0.584711
-0.6268
-0.65642
-0.663167
-0.651657
-0.631337
-0.585852
-0.532518
-0.47889
-0.585465
-0.630862
-0.700365
-0.767179
-0.78216
-0.770942
-0.75736
-0.715951
-0.652781
-0.596747
-0.610767
-0.641193
-0.687003
-0.756477
-0.799283
-0.825243
-0.823809
-0.790515
-0.723246
-0.671621
-0.649599
-0.667513
-0.690494
-0.728467
-0.767428
-0.791674
-0.8014
-0.783053
-0.753935
-0.714518
-0.696101
-0.706174
-0.719151
-0.735014
-0.752057
-0.766578
-0.773823
-0.761148
-0.765931
-0.752155
-0.746441
-0.750597
-0.757824
-0.765112
-0.77117
-0.775042
-0.775011
-0.780411
-0.79489
-0.799129
-0.79846
-0.800135
-0.803263
-0.806026
-0.808009
-0.809606
-0.812027
-0.824578
-0.840944
-0.848584
383.414
383.207
382.709
381.994
381.175
380.358
379.605
378.973
378.418
378.19
334.38
334.172
333.655
332.898
332.019
331.132
330.319
329.623
328.928
328.716
285.309
285.119
284.559
283.728
282.775
281.824
280.932
280.123
279.133
278.962
236.089
235.929
235.303
234.352
233.287
232.24
231.25
230.282
228.588
228.003
186.481
186.397
185.707
184.631
183.458
182.369
181.412
180.416
178.97
180.996
136.417
136.122
135.275
134.153
133.087
132.223
131.595
131.228
131.092
132.815
86.7052
85.4069
83.8123
82.0372
81.0767
81.0007
81.3968
82.5333
84.5799
87.3823
39.6854
36.9608
34.5163
31.6254
30.1734
29.9549
31.0835
33.1868
38.4183
43.2054
5.92325
3.59205
3.3708
2.79098
2.565
2.46398
1.82061
2.29556
6.37188
12.0176
-0.385096
-0.385446
-0.351128
-0.306395
-0.271131
-0.280087
-0.417953
-0.501549
-0.0947718
0.390108
-0.416064
-0.408512
-0.384932
-0.356199
-0.349328
-0.367507
-0.391662
-0.390365
-0.332421
-0.287855
-0.432642
-0.421776
-0.401971
-0.391293
-0.402249
-0.419982
-0.443725
-0.438851
-0.430367
-0.412003
-0.474654
-0.477507
-0.480481
-0.47802
-0.489953
-0.492329
-0.484527
-0.456175
-0.431886
-0.421693
-0.528774
-0.546216
-0.567967
-0.583211
-0.598318
-0.598394
-0.578779
-0.546361
-0.513997
-0.490174
-0.579226
-0.604046
-0.634419
-0.671011
-0.699183
-0.694532
-0.66803
-0.631673
-0.593994
-0.564345
-0.617801
-0.640746
-0.6639
-0.698202
-0.733583
-0.740179
-0.724161
-0.691474
-0.65691
-0.628482
-0.657666
-0.672482
-0.688607
-0.7063
-0.730021
-0.73867
-0.732636
-0.714634
-0.700448
-0.681139
-0.703652
-0.710613
-0.721448
-0.73065
-0.739314
-0.743538
-0.739687
-0.73359
-0.738252
-0.731449
-0.753076
-0.756239
-0.762342
-0.766941
-0.770613
-0.772218
-0.770667
-0.774752
-0.783082
-0.787111
-0.803986
-0.806723
-0.809405
-0.811175
-0.812941
-0.813739
-0.814976
-0.822228
-0.834069
-0.846972
384.891
384.639
384.02
383.141
382.145
381.162
380.282
379.571
379.029
378.812
335.989
335.742
335.089
334.142
333.068
332.005
331.044
330.26
329.631
329.413
287.182
286.967
286.23
285.144
283.93
282.754
281.703
280.825
280.041
279.824
238.319
238.19
237.325
236.014
234.588
233.255
232.102
231.152
230.247
230.278
189.064
189.073
188.096
186.551
184.883
183.399
182.207
181.271
180.512
180.356
139.249
139.01
137.735
136.027
134.309
132.91
131.924
131.236
130.952
131.373
89.7705
88.5817
86.3644
83.8745
81.8823
80.6899
80.3415
80.5288
81.4652
82.9186
40.5938
38.2134
36.0426
32.7851
30.2244
29.1334
29.2365
29.6814
31.8755
34.9005
5.22735
3.82797
4.09691
3.35624
2.64345
2.27062
1.88877
1.79748
3.08325
5.81757
-0.367223
-0.365069
-0.345195
-0.314746
-0.295792
-0.288905
-0.339696
-0.465142
-0.619967
-0.463146
-0.394491
-0.386585
-0.364455
-0.353265
-0.351872
-0.371767
-0.404347
-0.443106
-0.469196
-0.474498
-0.416749
-0.413575
-0.390309
-0.386507
-0.389302
-0.400353
-0.424032
-0.461354
-0.515106
-0.549677
-0.458965
-0.46502
-0.464117
-0.461949
-0.467553
-0.469041
-0.46473
-0.458928
-0.459154
-0.466602
-0.511435
-0.524447
-0.531798
-0.539429
-0.548874
-0.545778
-0.531856
-0.515964
-0.501853
-0.492362
-0.564465
-0.584698
-0.59222
-0.605971
-0.613333
-0.61289
-0.597486
-0.577398
-0.561244
-0.546507
-0.608282
-0.62923
-0.637615
-0.646886
-0.658371
-0.660854
-0.648226
-0.631358
-0.619992
-0.60467
-0.651773
-0.664118
-0.674927
-0.679812
-0.687097
-0.691186
-0.683715
-0.674515
-0.672275
-0.662258
-0.702026
-0.707161
-0.715623
-0.71944
-0.721597
-0.723986
-0.719687
-0.717721
-0.721001
-0.717304
-0.753893
-0.75694
-0.761287
-0.762765
-0.764506
-0.766148
-0.764603
-0.76651
-0.771038
-0.772857
-0.806017
-0.809574
-0.810407
-0.807994
-0.812525
-0.813291
-0.813334
-0.816741
-0.82219
-0.827648
386.413
386.114
385.362
384.302
383.116
381.956
380.931
380.122
379.555
379.321
337.663
337.38
336.572
335.407
334.11
332.849
331.73
330.836
330.198
329.942
289.166
288.952
288.004
286.615
285.098
283.655
282.396
281.385
280.635
280.352
240.75
240.742
239.574
237.808
235.944
234.236
232.787
231.651
230.791
230.543
191.988
192.206
190.843
188.7
186.439
184.438
182.802
181.544
180.658
180.463
142.479
142.355
140.551
138.231
135.834
133.733
132.098
130.696
129.741
129.579
92.9192
91.8812
89.0945
86.18
83.5164
81.3039
79.8375
78.391
77.574
77.3803
42.3809
39.7196
37.7251
34.8378
31.8287
29.5904
28.0386
26.8604
26.1963
26.0583
5.60005
3.71702
4.49187
4.11835
3.15292
2.27057
1.51923
1.39569
1.92758
2.93244
-0.360469
-0.358956
-0.341523
-0.325813
-0.310491
-0.302864
-0.304264
-0.339814
-0.459082
-0.532303
-0.382238
-0.374703
-0.36153
-0.354228
-0.348623
-0.359331
-0.382751
-0.393784
-0.437798
-0.504151
-0.398709
-0.399412
-0.390694
-0.389622
-0.386974
-0.387133
-0.390156
-0.413759
-0.453609
-0.490374
-0.445163
-0.453652
-0.454367
-0.454436
-0.45522
-0.451981
-0.442706
-0.433286
-0.439159
-0.457778
-0.498514
-0.510322
-0.51381
-0.517086
-0.521276
-0.516145
-0.504868
-0.491927
-0.48202
-0.483035
-0.550426
-0.565461
-0.564933
-0.570095
-0.579894
-0.575458
-0.564569
-0.552756
-0.542058
-0.538203
-0.596928
-0.611971
-0.609546
-0.613424
-0.622221
-0.621108
-0.61564
-0.6096
-0.60267
-0.598078
-0.648248
-0.657367
-0.657351
-0.656688
-0.663008
-0.663994
-0.660832
-0.660109
-0.660171
-0.656198
-0.702075
-0.705086
-0.706375
-0.705377
-0.707826
-0.709561
-0.707735
-0.708817
-0.71134
-0.709591
-0.754923
-0.757004
-0.75593
-0.754969
-0.756956
-0.758524
-0.757733
-0.759422
-0.762001
-0.763078
-0.807483
-0.810853
-0.807071
-0.806145
-0.808569
-0.809598
-0.809421
-0.811509
-0.814317
-0.816973
387.801
387.456
386.571
385.332
383.962
382.634
381.47
380.556
379.94
379.684
339.211
338.895
337.921
336.533
335.015
333.557
332.279
331.265
330.571
330.292
291.071
290.877
289.673
287.95
286.123
284.411
282.93
281.752
280.923
280.588
243.277
243.434
241.821
239.494
237.159
235.063
233.283
231.873
230.953
230.534
195.358
195.761
193.672
190.716
187.831
185.308
183.193
181.524
180.291
179.763
146.41
146.28
143.504
140.336
137.312
134.579
132.212
130.076
128.421
127.671
96.5248
95.7736
92.0812
88.6783
85.6007
82.6764
79.954
77.384
75.0894
73.5823
46.2803
42.8245
39.5425
37.1383
34.6882
32.1638
29.409
26.3701
23.784
21.7679
8.07414
3.76043
4.17343
4.55602
3.97091
2.89808
1.70196
1.45119
1.47202
1.83203
-0.328603
-0.357861
-0.347171
-0.339253
-0.326655
-0.316546
-0.312554
-0.269749
-0.251526
-0.335646
-0.374243
-0.37341
-0.37018
-0.365653
-0.356935
-0.356624
-0.360929
-0.338266
-0.330071
-0.408805
-0.378546
-0.382184
-0.39131
-0.397527
-0.391671
-0.379594
-0.366666
-0.364559
-0.371203
-0.40047
-0.428452
-0.439635
-0.445864
-0.449859
-0.448333
-0.440458
-0.423815
-0.405573
-0.401399
-0.411941
-0.484624
-0.493355
-0.497128
-0.503089
-0.50397
-0.499124
-0.486671
-0.47048
-0.460543
-0.462207
-0.544139
-0.547615
-0.544005
-0.554456
-0.558892
-0.554365
-0.547145
-0.535288
-0.525833
-0.526323
-0.601286
-0.606849
-0.59266
-0.598069
-0.606811
-0.602848
-0.600755
-0.596417
-0.590681
-0.589808
-0.655519
-0.661512
-0.645613
-0.643076
-0.653607
-0.651082
-0.65079
-0.651911
-0.650961
-0.649779
-0.701382
-0.710017
-0.69833
-0.692478
-0.702354
-0.701315
-0.701184
-0.703441
-0.705199
-0.704349
-0.754472
-0.761272
-0.750803
-0.744982
-0.753319
-0.753066
-0.753326
-0.754543
-0.756172
-0.757035
-0.807312
-0.815282
-0.805015
-0.800622
-0.806289
-0.8061
-0.806349
-0.80749
-0.808984
-0.810609
388.817
388.424
387.429
386.055
384.548
383.097
381.828
380.833
380.164
379.894
340.347
339.978
338.859
337.304
335.626
334.025
332.628
331.52
330.746
330.47
292.521
292.28
290.826
288.84
286.794
284.894
283.25
281.954
281.117
280.678
245.438
245.513
243.361
240.572
237.916
235.558
233.529
231.872
230.812
230.288
198.67
198.797
195.611
191.914
188.63
185.78
183.324
181.364
179.862
179.131
150.789
150.078
145.895
141.791
138.271
135.12
132.194
129.44
127.292
126.173
100.805
99.7292
95.1209
90.9122
87.3079
83.789
80.0074
76.2014
72.7193
70.6331
51.7368
48.6646
42.2891
38.7975
36.5575
34.3334
31.0495
26.6204
22.8283
20.2842
15.9236
5.90694
3.74574
3.85473
3.82809
3.22269
2.26394
1.7588
1.20952
1.53561
-0.156679
-0.328785
-0.363459
-0.357412
-0.338882
-0.329131
-0.330995
-0.275281
-0.281201
-0.286235
-0.361038
-0.374131
-0.375177
-0.374615
-0.367535
-0.36618
-0.372602
-0.353209
-0.316658
-0.340082
-0.359359
-0.361884
-0.382715
-0.399497
-0.400946
-0.387093
-0.370495
-0.358795
-0.344307
-0.347007
-0.403626
-0.420285
-0.435242
-0.446403
-0.4528
-0.442559
-0.420724
-0.398889
-0.385559
-0.386538
-0.465885
-0.47742
-0.484899
-0.492033
-0.497902
-0.497308
-0.483347
-0.46439
-0.452333
-0.448689
-0.530075
-0.533123
-0.534951
-0.543583
-0.547396
-0.550339
-0.546761
-0.534126
-0.523949
-0.520495
-0.59717
-0.599208
-0.587272
-0.594527
-0.597548
-0.597054
-0.597699
-0.596575
-0.590693
-0.590692
-0.654285
-0.66083
-0.643171
-0.644277
-0.647962
-0.646883
-0.647042
-0.65008
-0.650103
-0.650218
-0.698386
-0.710226
-0.698002
-0.696304
-0.699295
-0.699048
-0.699636
-0.700671
-0.701781
-0.701476
-0.743145
-0.754805
-0.750175
-0.749515
-0.751068
-0.751193
-0.751669
-0.751867
-0.75236
-0.752647
-0.797147
-0.806898
-0.804757
-0.803782
-0.804531
-0.804556
-0.804757
-0.805065
-0.805558
-0.80641
389.249
388.797
387.752
386.332
384.777
383.278
381.968
380.948
380.266
379.974
340.779
340.319
339.145
337.554
335.84
334.199
332.762
331.633
330.878
330.558
292.937
292.473
290.964
288.998
286.953
285.026
283.346
282.025
281.138
280.729
245.834
245.363
243.114
240.485
237.953
235.627
233.584
231.925
230.806
230.287
199.285
198.46
195.049
191.552
188.477
185.725
183.257
181.142
179.669
178.941
152.481
150.247
145.761
141.72
138.31
135.251
132.188
129.096
127.184
126.167
103.73
100.082
95.7179
91.9318
88.4168
85.0135
81.132
77.0017
73.4039
71.7555
55.7477
51.3245
45.6902
41.5969
39.0216
37.1392
34.2458
29.5614
25.2748
23.724
22.7744
15.8823
7.73023
5.21658
4.5995
4.75916
4.54187
3.3529
1.73952
1.85041
1.38094
-0.147728
-0.314788
-0.339894
-0.335781
-0.323385
-0.296053
-0.243731
-0.2837
-0.220486
-0.347176
-0.350681
-0.365135
-0.368298
-0.364432
-0.361971
-0.356364
-0.322103
-0.26308
-0.222043
-0.35038
-0.353616
-0.37364
-0.387409
-0.392883
-0.388514
-0.374673
-0.359925
-0.334036
-0.307378
-0.387802
-0.396892
-0.422781
-0.433221
-0.441342
-0.441158
-0.427074
-0.406068
-0.392659
-0.384957
-0.451731
-0.457575
-0.477127
-0.480385
-0.483332
-0.485708
-0.481297
-0.466854
-0.454663
-0.451226
-0.515577
-0.517363
-0.533579
-0.536427
-0.534387
-0.533864
-0.532875
-0.527227
-0.52009
-0.517403
-0.575983
-0.580171
-0.587659
-0.591422
-0.589757
-0.587679
-0.585961
-0.583937
-0.581481
-0.580047
-0.633217
-0.641429
-0.643075
-0.644927
-0.644767
-0.64333
-0.64136
-0.639978
-0.638983
-0.638506
-0.689895
-0.699594
-0.700844
-0.698181
-0.697088
-0.697153
-0.696992
-0.695618
-0.694214
-0.693648
-0.747099
-0.750081
-0.752432
-0.74881
-0.748792
-0.749631
-0.750389
-0.75017
-0.749266
-0.748824
-0.807939
-0.799898
-0.802616
-0.800909
-0.802084
-0.802998
-0.803797
-0.803942
-0.803981
-0.80421
-0.886926
-0.890034
-0.888638
-0.888035
-0.895466
-0.893323
-0.896076
-0.897968
-0.899913
-0.901817
-0.939904
-0.933278
-0.933654
-0.937561
-0.944888
-0.94391
-0.946219
-0.94763
-0.949156
-0.951149
-0.993971
-0.982653
-0.979209
-0.987553
-0.995796
-0.995385
-0.996424
-0.996942
-0.997797
-0.999264
-1.04998
-1.04371
-1.03803
-1.04315
-1.04896
-1.04778
-1.04677
-1.04587
-1.04566
-1.04644
-1.10531
-1.10725
-1.1033
-1.10218
-1.10284
-1.09999
-1.09679
-1.09452
-1.09313
-1.09312
-1.15484
-1.15816
-1.15878
-1.15686
-1.15465
-1.1505
-1.14618
-1.14302
-1.14083
-1.14002
-1.20299
-1.20446
-1.20623
-1.20552
-1.20349
-1.19958
-1.19557
-1.19225
-1.18956
-1.18816
-1.25235
-1.25284
-1.25382
-1.25362
-1.25216
-1.24929
-1.24615
-1.24318
-1.24036
-1.23839
-1.30351
-1.30348
-1.30345
-1.30327
-1.30245
-1.30083
-1.29878
-1.29643
-1.29386
-1.29168
-1.3563
-1.35618
-1.35568
-1.35565
-1.35545
-1.35481
-1.35371
-1.35216
-1.35021
-1.34818
-1.41045
-1.41044
-1.41014
-1.41038
-1.41062
-1.4107
-1.41051
-1.40997
-1.40895
-1.40748
-1.46546
-1.46559
-1.46567
-1.46617
-1.46683
-1.46755
-1.46827
-1.46885
-1.46905
-1.46855
-1.52091
-1.52113
-1.52151
-1.52225
-1.52327
-1.52454
-1.52602
-1.52759
-1.52901
-1.52969
-1.57648
-1.57677
-1.57732
-1.57824
-1.57951
-1.5811
-1.58302
-1.58519
-1.58742
-1.58922
-1.63195
-1.63229
-1.63291
-1.63396
-1.63531
-1.63699
-1.639
-1.64125
-1.64368
-1.64617
-1.6872
-1.68756
-1.68824
-1.68931
-1.69066
-1.69229
-1.69415
-1.69615
-1.6982
-1.70068
-1.74216
-1.74254
-1.74326
-1.74432
-1.74569
-1.74726
-1.74897
-1.75071
-1.75229
-1.75427
-1.79678
-1.7972
-1.79795
-1.79906
-1.80047
-1.8021
-1.80387
-1.80565
-1.80698
-1.80844
-1.85101
-1.85147
-1.85228
-1.85347
-1.855
-1.8568
-1.85877
-1.86095
-1.86237
-1.86338
-1.90482
-1.9053
-1.90616
-1.90743
-1.90907
-1.91103
-1.9132
-1.91547
-1.91714
-1.91811
-0.900722
-0.927957
-0.901384
-0.892553
-0.891322
-0.895586
-0.897412
-0.899194
-0.901401
-0.903921
-0.952955
-0.969202
-0.95718
-0.94636
-0.945822
-0.945998
-0.947396
-0.948536
-0.950376
-0.952718
-1.00185
-1.00562
-1.00192
-1.00033
-1.0021
-0.997886
-0.997519
-0.997407
-0.998256
-1.00006
-1.05378
-1.05655
-1.05413
-1.05407
-1.05703
-1.05057
-1.04736
-1.04572
-1.04523
-1.04609
-1.10508
-1.10833
-1.10779
-1.10576
-1.10838
-1.10189
-1.09673
-1.09354
-1.09174
-1.0915
-1.1532
-1.15385
-1.15502
-1.15436
-1.15636
-1.15116
-1.14543
-1.14138
-1.13852
-1.1372
-1.2015
-1.20306
-1.20356
-1.2042
-1.20471
-1.19951
-1.19435
-1.19014
-1.18665
-1.18445
-1.25128
-1.25294
-1.25445
-1.25444
-1.25291
-1.2487
-1.2446
-1.2409
-1.23727
-1.23441
-1.30257
-1.30289
-1.30338
-1.30311
-1.30194
-1.29976
-1.29726
-1.29448
-1.29099
-1.28804
-1.35542
-1.35531
-1.35458
-1.35465
-1.35453
-1.35385
-1.35261
-1.35079
-1.34828
-1.34549
-1.40974
-1.40975
-1.40926
-1.40962
-1.41001
-1.41018
-1.41006
-1.40954
-1.4084
-1.40645
-1.46497
-1.46512
-1.46516
-1.46576
-1.46656
-1.46748
-1.46848
-1.46946
-1.47014
-1.46979
-1.5206
-1.52083
-1.52121
-1.52205
-1.52325
-1.52477
-1.52667
-1.5289
-1.53131
-1.53296
-1.57627
-1.57659
-1.57717
-1.57817
-1.57959
-1.58143
-1.58376
-1.58656
-1.58987
-1.59343
-1.63181
-1.63217
-1.63284
-1.63393
-1.63539
-1.63724
-1.63951
-1.64216
-1.64522
-1.64906
-1.68711
-1.6875
-1.68821
-1.68929
-1.6907
-1.69238
-1.6943
-1.69638
-1.69863
-1.70193
-1.74212
-1.74253
-1.74327
-1.74436
-1.74574
-1.7473
-1.74893
-1.75049
-1.75194
-1.75421
-1.79678
-1.79723
-1.79803
-1.7992
-1.80068
-1.80237
-1.80415
-1.80585
-1.80705
-1.80851
-1.85106
-1.85155
-1.85243
-1.85373
-1.85542
-1.85745
-1.85994
-1.86261
-1.86395
-1.86491
-1.9049
-1.90541
-1.90634
-1.90774
-1.9096
-1.91191
-1.91466
-1.91771
-1.91966
-1.92013
-0.894845
-0.912248
-0.906218
-0.895921
-0.892103
-0.896452
-0.896924
-0.900351
-0.903496
-0.907616
-0.954914
-0.981844
-0.967123
-0.953464
-0.94501
-0.947835
-0.947122
-0.949323
-0.952043
-0.955935
-1.00877
-1.03147
-1.02117
-1.00869
-0.998268
-0.999643
-0.997192
-0.997414
-0.998752
-1.00168
-1.05861
-1.07074
-1.06811
-1.06034
-1.05547
-1.05209
-1.04663
-1.04463
-1.04397
-1.04515
-1.10639
-1.10944
-1.11122
-1.1097
-1.10965
-1.10263
-1.09586
-1.09135
-1.08855
-1.08775
-1.15132
-1.15161
-1.15298
-1.15771
-1.16013
-1.15177
-1.14407
-1.13801
-1.13354
-1.13097
-1.19709
-1.19591
-1.20146
-1.20564
-1.20742
-1.19962
-1.19192
-1.18574
-1.18043
-1.17641
-1.24679
-1.24539
-1.25078
-1.25297
-1.25217
-1.24681
-1.24126
-1.23612
-1.2307
-1.22583
-1.29921
-1.29849
-1.29792
-1.29921
-1.29948
-1.29709
-1.29397
-1.29015
-1.28523
-1.28024
-1.35313
-1.3527
-1.35055
-1.35123
-1.35203
-1.35168
-1.3503
-1.34796
-1.34431
-1.33961
-1.4082
-1.40809
-1.40704
-1.40768
-1.40856
-1.40907
-1.40916
-1.40879
-1.40754
-1.40458
-1.46399
-1.46408
-1.46398
-1.46481
-1.46596
-1.46733
-1.46897
-1.47094
-1.47316
-1.474
-1.51995
-1.52018
-1.52059
-1.52163
-1.52315
-1.52525
-1.52809
-1.53182
-1.53692
-1.54197
-1.57585
-1.57615
-1.57682
-1.57801
-1.57973
-1.58209
-1.58533
-1.58961
-1.5956
-1.60409
-1.63153
-1.6319
-1.63264
-1.63384
-1.6355
-1.63764
-1.6405
-1.64409
-1.64894
-1.6572
-1.68692
-1.68732
-1.68805
-1.6892
-1.69065
-1.69238
-1.69442
-1.69676
-1.69972
-1.70497
-1.74199
-1.74241
-1.74315
-1.74429
-1.74564
-1.74711
-1.74848
-1.74966
-1.75092
-1.75345
-1.79672
-1.79719
-1.79801
-1.79921
-1.80077
-1.80255
-1.80435
-1.80652
-1.80776
-1.80846
-1.85106
-1.85159
-1.85254
-1.85397
-1.85593
-1.85855
-1.86183
-1.86629
-1.86908
-1.86761
-1.90495
-1.90552
-1.90655
-1.90815
-1.91038
-1.9134
-1.91738
-1.92241
-1.92603
-1.92362
-0.883622
-0.893236
-0.898764
-0.895811
-0.896871
-0.896471
-0.898042
-0.902073
-0.907552
-0.914851
-0.942532
-0.953425
-0.954613
-0.949383
-0.947126
-0.947324
-0.947256
-0.950122
-0.955112
-0.962339
-1.00206
-1.01673
-1.01114
-1.00327
-0.998225
-0.998534
-0.996105
-0.996845
-0.999616
-1.00484
-1.05586
-1.06741
-1.06572
-1.0582
-1.05236
-1.04986
-1.04451
-1.04228
-1.04173
-1.04345
-1.10515
-1.10777
-1.11177
-1.10962
-1.10493
-1.10056
-1.09241
-1.08706
-1.08304
-1.08098
-1.14905
-1.14666
-1.15414
-1.15704
-1.15575
-1.14922
-1.14003
-1.13219
-1.1251
-1.12011
-1.19324
-1.19035
-1.19435
-1.19966
-1.20278
-1.19597
-1.18724
-1.17891
-1.17035
-1.16162
-1.24278
-1.24033
-1.24042
-1.24437
-1.24702
-1.2427
-1.2363
-1.2291
-1.22035
-1.21015
-1.29612
-1.29477
-1.29242
-1.29478
-1.29559
-1.29333
-1.28952
-1.28414
-1.27619
-1.26617
-1.35085
-1.34998
-1.34733
-1.3483
-1.34936
-1.34902
-1.34731
-1.34416
-1.33843
-1.32892
-1.40654
-1.40626
-1.40503
-1.40583
-1.407
-1.40779
-1.40819
-1.40816
-1.40721
-1.40225
-1.4628
-1.46289
-1.46279
-1.46383
-1.46537
-1.46736
-1.47004
-1.4738
-1.48039
-1.48671
-1.51915
-1.51942
-1.51992
-1.52121
-1.52322
-1.52616
-1.53054
-1.5369
-1.54837
-1.56637
-1.5753
-1.57567
-1.57645
-1.57788
-1.58005
-1.58318
-1.58794
-1.59459
-1.60541
-1.62623
-1.63115
-1.63157
-1.63242
-1.6338
-1.63574
-1.63824
-1.64194
-1.64667
-1.65396
-1.66992
-1.68665
-1.68709
-1.68791
-1.68911
-1.6906
-1.69223
-1.69401
-1.69516
-1.69748
-1.70443
-1.74181
-1.74229
-1.74309
-1.74422
-1.74545
-1.7465
-1.74662
-1.74437
-1.74297
-1.74541
-1.79663
-1.79717
-1.79809
-1.79941
-1.80103
-1.80282
-1.80507
-1.80641
-1.80526
-1.80904
-1.85107
-1.85169
-1.85279
-1.85455
-1.85717
-1.86099
-1.86778
-1.87782
-1.8791
-1.88239
-1.90502
-1.9057
-1.90692
-1.90892
-1.91199
-1.91664
-1.92433
-1.93537
-1.93979
-1.93534
-0.88397
-0.888327
-0.890567
-0.890362
-0.892858
-0.894018
-0.897433
-0.903752
-0.914593
-0.928582
-0.940654
-0.945724
-0.946029
-0.942889
-0.945252
-0.944151
-0.945649
-0.95057
-0.960253
-0.976825
-0.996448
-1.00191
-1.00013
-0.995883
-0.997096
-0.994622
-0.993257
-0.99553
-1.00154
-1.01165
-1.05004
-1.05378
-1.05189
-1.0477
-1.04808
-1.04515
-1.04029
-1.03849
-1.0388
-1.04138
-1.09988
-1.1007
-1.10274
-1.10166
-1.09988
-1.09554
-1.08677
-1.08082
-1.07514
-1.0696
-1.14511
-1.1448
-1.14873
-1.15201
-1.15086
-1.14412
-1.13357
-1.12393
-1.11329
-1.10093
-1.1907
-1.18959
-1.19069
-1.19553
-1.19714
-1.19047
-1.18037
-1.16949
-1.1559
-1.13846
-1.24058
-1.23887
-1.23699
-1.2401
-1.24173
-1.23736
-1.2297
-1.21988
-1.20622
-1.18795
-1.29388
-1.29248
-1.28969
-1.29114
-1.29156
-1.28904
-1.28409
-1.27664
-1.26502
-1.24869
-1.34888
-1.34798
-1.3457
-1.34628
-1.34694
-1.34615
-1.34376
-1.33956
-1.33214
-1.31463
-1.405
-1.40474
-1.40373
-1.4045
-1.4056
-1.40645
-1.40713
-1.4077
-1.40918
-1.39644
-1.46164
-1.46175
-1.4618
-1.463
-1.46487
-1.46754
-1.47167
-1.47767
-1.49236
-1.50315
-1.51829
-1.5186
-1.51927
-1.52084
-1.5234
-1.52737
-1.53408
-1.54381
-1.56756
-1.61022
-1.57471
-1.57509
-1.57603
-1.57773
-1.58043
-1.58448
-1.59142
-1.60255
-1.62205
-1.68327
-1.63069
-1.63114
-1.6321
-1.63361
-1.63586
-1.63859
-1.64344
-1.65054
-1.66512
-1.7038
-1.68628
-1.68669
-1.68754
-1.68867
-1.68999
-1.69119
-1.69236
-1.69116
-1.69579
-1.70704
-1.74151
-1.74195
-1.74272
-1.74366
-1.74436
-1.74449
-1.74104
-1.72951
-1.72611
-1.73026
-1.79641
-1.79692
-1.79784
-1.79912
-1.80035
-1.80252
-1.80203
-1.79116
-1.78463
-1.79262
-1.85094
-1.85163
-1.85286
-1.855
-1.85833
-1.86514
-1.87741
-1.884
-1.87615
-1.88388
-1.90501
-1.90579
-1.90724
-1.90982
-1.91437
-1.92271
-1.93842
-1.95023
-1.94444
-1.93961
-0.878294
-0.880562
-0.882102
-0.883462
-0.886272
-0.889698
-0.895505
-0.904159
-0.920919
-0.943398
-0.93409
-0.936307
-0.937175
-0.936782
-0.937441
-0.938507
-0.94207
-0.949805
-0.966815
-0.991063
-0.989478
-0.991768
-0.992953
-0.991097
-0.989301
-0.988146
-0.988305
-0.992919
-1.0038
-1.0204
-1.04257
-1.04429
-1.04718
-1.0455
-1.04178
-1.03811
-1.03445
-1.03336
-1.03554
-1.04093
-1.09274
-1.09424
-1.09868
-1.09843
-1.09446
-1.08773
-1.07987
-1.07342
-1.06664
-1.06072
-1.14065
-1.14219
-1.14564
-1.14729
-1.14471
-1.13622
-1.12586
-1.11516
-1.10157
-1.08729
-1.18869
-1.1887
-1.18945
-1.19164
-1.19065
-1.18312
-1.17288
-1.16052
-1.14422
-1.12489
-1.23905
-1.23787
-1.23596
-1.2371
-1.23669
-1.23154
-1.22325
-1.21175
-1.19717
-1.17586
-1.29213
-1.29089
-1.28856
-1.28857
-1.28805
-1.28486
-1.2791
-1.27049
-1.26064
-1.23833
-1.34726
-1.34653
-1.34483
-1.34486
-1.34469
-1.34326
-1.3405
-1.33644
-1.33345
-1.30923
-1.40362
-1.40345
-1.40269
-1.4033
-1.40414
-1.40503
-1.40648
-1.40903
-1.42284
-1.41965
-1.46045
-1.4606
-1.46087
-1.46214
-1.46436
-1.46791
-1.47435
-1.48322
-1.51461
-1.55333
-1.51729
-1.51769
-1.51859
-1.52049
-1.52377
-1.52904
-1.53834
-1.55279
-1.58869
-1.6478
-1.5739
-1.57441
-1.57559
-1.57773
-1.58125
-1.58664
-1.59601
-1.61023
-1.63688
-1.67613
-1.63011
-1.63064
-1.6318
-1.63368
-1.63641
-1.64007
-1.64623
-1.65434
-1.66882
-1.67754
-1.68584
-1.68636
-1.68733
-1.68868
-1.69017
-1.69094
-1.69176
-1.68853
-1.68993
-1.68639
-1.74117
-1.7417
-1.74258
-1.74366
-1.74435
-1.74348
-1.73609
-1.72936
-1.72662
-1.71424
-1.79618
-1.79686
-1.79796
-1.7996
-1.80207
-1.80414
-1.80176
-1.79693
-1.78495
-1.7957
-1.85084
-1.85171
-1.8533
-1.85611
-1.86175
-1.87068
-1.88033
-1.88612
-1.86932
-1.87003
-1.905
-1.90592
-1.90768
-1.9109
-1.91713
-1.92901
-1.94439
-1.94237
-1.92719
-1.91736
-0.870417
-0.871586
-0.872624
-0.874064
-0.877147
-0.882344
-0.891943
-0.90161
-0.919428
-0.955256
-0.924662
-0.925974
-0.926643
-0.927039
-0.927788
-0.930019
-0.936529
-0.948287
-0.968177
-0.991647
-0.979579
-0.981356
-0.982185
-0.981613
-0.979972
-0.979303
-0.981421
-0.988969
-1.0028
-1.01844
-1.03357
-1.03587
-1.03803
-1.03647
-1.03281
-1.02904
-1.02614
-1.02736
-1.03172
-1.03863
-1.08543
-1.08774
-1.09052
-1.08968
-1.08495
-1.07847
-1.07174
-1.06637
-1.06103
-1.05566
-1.13566
-1.1371
-1.13942
-1.13909
-1.13475
-1.1269
-1.11752
-1.10751
-1.09493
-1.08037
-1.18559
-1.18541
-1.18588
-1.18559
-1.18234
-1.17543
-1.16532
-1.15245
-1.13637
-1.11683
-1.23681
-1.23574
-1.2343
-1.23359
-1.2312
-1.22569
-1.21642
-1.20269
-1.18488
-1.16193
-1.29027
-1.28923
-1.2873
-1.2864
-1.28444
-1.28017
-1.27299
-1.26105
-1.25246
-1.23406
-1.34565
-1.34506
-1.3436
-1.34307
-1.34186
-1.33922
-1.33497
-1.32849
-1.32823
-1.30761
-1.40218
-1.40198
-1.40151
-1.40174
-1.40206
-1.40228
-1.40305
-1.40355
-1.42119
-1.41205
-1.45927
-1.45942
-1.45984
-1.46115
-1.46342
-1.46719
-1.47484
-1.48261
-1.51991
-1.55944
-1.51644
-1.51685
-1.51792
-1.5201
-1.52395
-1.53023
-1.54205
-1.56084
-1.60163
-1.6775
-1.57318
-1.5738
-1.57515
-1.57759
-1.58185
-1.5886
-1.60131
-1.62123
-1.65196
-1.69736
-1.62947
-1.63009
-1.63135
-1.63322
-1.63625
-1.64074
-1.65159
-1.66621
-1.68494
-1.70727
-1.68527
-1.68579
-1.68667
-1.68752
-1.6878
-1.68764
-1.69754
-1.70339
-1.7079
-1.70322
-1.74065
-1.74109
-1.74167
-1.74185
-1.73864
-1.73738
-1.74513
-1.74672
-1.74417
-1.7267
-1.7957
-1.79629
-1.79722
-1.79865
-1.79592
-1.79145
-1.80008
-1.81141
-1.80351
-1.79293
-1.85044
-1.85139
-1.8534
-1.85779
-1.86528
-1.86664
-1.86432
-1.88189
-1.87376
-1.87536
-1.90472
-1.90584
-1.90832
-1.91397
-1.92561
-1.93402
-1.93639
-1.93475
-1.93521
-1.92356
-0.861114
-0.860747
-0.860255
-0.859991
-0.862649
-0.867851
-0.87827
-0.896077
-0.908039
-0.936394
-0.915407
-0.915312
-0.914811
-0.913885
-0.914584
-0.917185
-0.926816
-0.941016
-0.95209
-0.984269
-0.970338
-0.970625
-0.970531
-0.969284
-0.96844
-0.969022
-0.973398
-0.98189
-0.988052
-1.01626
-1.02471
-1.02516
-1.02521
-1.02433
-1.02189
-1.02092
-1.01989
-1.0219
-1.02148
-1.03773
-1.07795
-1.07849
-1.07916
-1.07768
-1.07431
-1.07189
-1.06625
-1.06206
-1.05546
-1.05353
-1.12997
-1.12992
-1.13026
-1.12874
-1.12491
-1.12136
-1.11318
-1.10285
-1.08817
-1.06478
-1.18157
-1.18082
-1.18001
-1.17831
-1.17473
-1.17005
-1.16054
-1.14595
-1.12354
-1.0758
-1.23407
-1.23302
-1.23115
-1.22927
-1.22584
-1.22044
-1.21015
-1.19279
-1.16962
-1.12337
-1.28817
-1.28721
-1.28525
-1.28332
-1.2801
-1.27453
-1.26447
-1.24498
-1.23027
-1.16494
-1.34375
-1.34306
-1.3417
-1.34017
-1.33773
-1.3331
-1.32509
-1.30951
-1.30275
-1.20528
-1.40033
-1.40006
-1.39955
-1.39907
-1.39847
-1.3969
-1.39451
-1.38837
-1.39304
-1.35742
-1.45749
-1.45766
-1.4581
-1.45913
-1.46124
-1.46445
-1.47131
-1.47944
-1.50998
-1.60917
-1.51492
-1.51541
-1.5167
-1.51922
-1.52389
-1.53143
-1.54548
-1.57086
-1.61664
-1.77467
-1.57206
-1.57278
-1.57452
-1.5779
-1.58377
-1.59328
-1.60991
-1.64085
-1.68033
-1.80345
-1.62863
-1.62946
-1.63111
-1.63427
-1.63932
-1.64713
-1.66078
-1.68808
-1.71652
-1.78124
-1.68461
-1.68532
-1.68677
-1.68887
-1.69138
-1.69337
-1.70254
-1.72359
-1.73691
-1.75321
-1.74008
-1.74072
-1.74193
-1.74303
-1.74357
-1.7389
-1.74274
-1.76589
-1.7672
-1.76319
-1.79516
-1.79588
-1.79716
-1.79884
-1.80175
-1.7946
-1.79678
-1.82253
-1.81945
-1.8174
-1.84987
-1.85076
-1.85261
-1.85599
-1.86564
-1.87227
-1.86839
-1.8792
-1.87857
-1.88366
-1.90414
-1.905
-1.90676
-1.90982
-1.91719
-1.92441
-1.92454
-1.92316
-1.92371
-1.93226
-0.851048
-0.848874
-0.84465
-0.838528
-0.833345
-0.833321
-0.856241
-0.881799
-0.897629
-0.923245
-0.906757
-0.905212
-0.902304
-0.898081
-0.89484
-0.889934
-0.908685
-0.929864
-0.928382
-0.966644
-0.962669
-0.961685
-0.959882
-0.956936
-0.954943
-0.950036
-0.959011
-0.973804
-0.959832
-0.998101
-1.01791
-1.01718
-1.01618
-1.01379
-1.01138
-1.004
-1.00796
-1.01567
-1.0042
-1.02133
-1.07208
-1.07144
-1.07055
-1.06848
-1.06573
-1.0595
-1.05594
-1.05796
-1.05568
-1.0526
-1.12522
-1.12441
-1.12327
-1.12125
-1.11831
-1.11282
-1.10435
-1.10235
-1.10738
-1.07842
-1.17805
-1.17703
-1.17533
-1.17319
-1.16971
-1.16611
-1.15262
-1.14575
-1.14769
-1.09542
-1.23146
-1.23037
-1.22829
-1.22588
-1.22177
-1.21629
-1.20207
-1.18726
-1.1828
-1.12431
-1.28602
-1.285
-1.28302
-1.28059
-1.27645
-1.26947
-1.25348
-1.23259
-1.21144
-1.13776
-1.34182
-1.34106
-1.33956
-1.33762
-1.3341
-1.32708
-1.31102
-1.28558
-1.23879
-1.1652
-1.39867
-1.3983
-1.39767
-1.397
-1.39537
-1.39096
-1.381
-1.36374
-1.33644
-1.31256
-1.45621
-1.45629
-1.45681
-1.45814
-1.45976
-1.46047
-1.46213
-1.46747
-1.48569
-1.57515
-1.51376
-1.51437
-1.51601
-1.51952
-1.52456
-1.53171
-1.54467
-1.58
-1.64618
-1.77757
-1.57102
-1.57195
-1.57409
-1.57883
-1.58615
-1.59734
-1.61766
-1.66454
-1.74496
-1.90437
-1.62774
-1.62871
-1.63089
-1.63536
-1.64271
-1.65379
-1.67356
-1.71655
-1.77774
-1.86689
-1.68388
-1.68478
-1.68667
-1.69003
-1.69542
-1.703
-1.71584
-1.74597
-1.78006
-1.82021
-1.73944
-1.74025
-1.74181
-1.74406
-1.74735
-1.75073
-1.75754
-1.77371
-1.78321
-1.79528
-1.79449
-1.79524
-1.7966
-1.79846
-1.80174
-1.8064
-1.8095
-1.80972
-1.80197
-1.80165
-1.84912
-1.84984
-1.85117
-1.85324
-1.85738
-1.8646
-1.86525
-1.8506
-1.83447
-1.82728
-1.90335
-1.90396
-1.90509
-1.90674
-1.90934
-1.91269
-1.91004
-1.89458
-1.87936
-1.85973
-0.843071
-0.83887
-0.829052
-0.811482
-0.788316
-0.781516
-0.822548
-0.879368
-0.913995
-0.940905
-0.900376
-0.897756
-0.892062
-0.883153
-0.872093
-0.868086
-0.895183
-0.929472
-0.943135
-0.968463
-0.957258
-0.955623
-0.95227
-0.947388
-0.941121
-0.938575
-0.951205
-0.972151
-0.965938
-1.02222
-1.01317
-1.01205
-1.00971
-1.00657
-1.00064
-0.998453
-1.00313
-1.0095
-0.987312
-1.0237
-1.06796
-1.067
-1.0651
-1.0626
-1.05618
-1.0534
-1.05282
-1.04928
-1.02425
-1.02814
-1.12179
-1.12079
-1.11882
-1.11595
-1.11103
-1.1066
-1.10168
-1.09276
-1.07128
-1.05334
-1.17522
-1.17404
-1.17169
-1.1676
-1.16302
-1.15815
-1.15023
-1.13681
-1.11812
-1.09156
-1.22898
-1.22767
-1.22507
-1.22018
-1.21415
-1.21116
-1.19845
-1.17827
-1.17895
-1.12272
-1.28361
-1.2823
-1.2797
-1.27446
-1.26799
-1.26264
-1.24723
-1.21815
-1.23207
-1.15449
-1.33931
-1.33824
-1.33599
-1.33135
-1.3254
-1.31783
-1.30103
-1.27009
-1.26711
-1.17723
-1.39627
-1.39549
-1.39413
-1.39151
-1.38968
-1.38216
-1.36587
-1.34693
-1.31798
-1.22247
-1.4539
-1.45388
-1.45366
-1.4537
-1.45557
-1.45446
-1.45209
-1.45186
-1.42929
-1.41397
-1.51161
-1.51223
-1.51348
-1.51672
-1.5226
-1.53177
-1.54668
-1.57367
-1.62906
-1.57479
-1.56903
-1.56996
-1.57209
-1.57808
-1.58804
-1.60346
-1.63089
-1.68114
-1.80599
-1.93928
-1.62601
-1.62703
-1.6293
-1.6358
-1.64721
-1.66331
-1.69303
-1.74815
-1.86157
-1.96754
-1.68249
-1.68348
-1.68563
-1.69077
-1.69995
-1.71345
-1.73671
-1.7777
-1.84962
-1.90018
-1.73834
-1.73923
-1.74109
-1.74434
-1.74995
-1.75836
-1.77135
-1.79108
-1.8167
-1.8252
-1.7935
-1.79425
-1.79563
-1.79766
-1.8005
-1.80417
-1.80782
-1.80608
-1.79488
-1.76008
-1.84814
-1.84872
-1.84969
-1.85089
-1.85218
-1.8522
-1.84718
-1.8305
-1.79468
-1.71664
-1.90241
-1.90281
-1.90341
-1.9039
-1.90378
-1.90108
-1.89191
-1.86958
-1.83155
-1.73266
-0.841115
-0.839048
-0.834348
-0.824959
-0.810722
-0.801698
-0.827175
-0.885803
-0.924583
-0.206089
-0.898403
-0.896781
-0.893358
-0.887744
-0.880395
-0.879479
-0.895455
-0.926132
-0.937039
-0.703655
-0.955204
-0.954039
-0.951563
-0.947949
-0.942459
-0.941634
-0.949187
-0.963763
-0.951982
-1.04626
-1.01112
-1.01016
-1.00824
-1.00541
-1.00108
-0.998798
-0.998966
-1.00079
-0.961786
-1.00302
-1.06596
-1.06508
-1.06336
-1.06102
-1.05716
-1.05353
-1.04914
-1.04741
-0.987483
-1.02304
-1.11993
-1.11901
-1.11718
-1.11488
-1.11135
-1.10755
-1.10141
-1.0971
-1.05422
-1.07266
-1.1735
-1.17241
-1.17028
-1.16738
-1.16278
-1.15996
-1.15202
-1.14024
-1.12094
-1.12048
-1.22731
-1.22607
-1.22363
-1.22002
-1.21395
-1.20869
-1.1999
-1.17709
-1.17177
-1.13706
-1.28193
-1.28058
-1.27797
-1.2738
-1.26645
-1.25795
-1.24391
-1.20945
-1.20825
-1.12783
-1.33763
-1.33639
-1.33392
-1.32959
-1.32153
-1.31108
-1.29298
-1.25417
-1.23716
-1.12471
-1.39432
-1.39352
-1.39174
-1.38842
-1.38157
-1.37215
-1.35584
-1.32238
-1.28371
-1.1332
-1.45187
-1.45162
-1.45128
-1.45009
-1.44724
-1.44198
-1.43304
-1.41523
-1.36423
-1.27379
-1.50979
-1.5102
-1.51152
-1.51332
-1.51558
-1.51876
-1.52608
-1.54766
-1.54339
-1.54246
-1.56758
-1.56847
-1.57068
-1.57482
-1.58251
-1.59474
-1.61927
-1.68625
-1.80735
-1.7062
-1.6249
-1.62603
-1.62867
-1.6338
-1.64408
-1.66182
-1.69494
-1.77443
-1.93103
-1.96982
-1.68158
-1.68275
-1.68533
-1.69018
-1.69964
-1.71653
-1.74591
-1.80779
-1.91993
-1.97869
-1.73748
-1.73854
-1.7407
-1.74452
-1.75106
-1.7621
-1.77911
-1.81125
-1.86516
-1.89727
-1.79265
-1.79347
-1.79497
-1.79733
-1.80068
-1.80454
-1.80783
-1.81085
-1.81295
-1.79661
-1.84726
-1.84779
-1.84861
-1.84954
-1.85004
-1.84826
-1.84085
-1.82191
-1.78467
-1.70781
-1.90154
-1.90183
-1.90212
-1.902
-1.90048
-1.89514
-1.88187
-1.85333
-1.80815
-1.67713
-0.841827
-0.840902
-0.83871
-0.834491
-0.828813
-0.826508
-0.843379
-0.885422
-0.927427
-1.00463
-0.899033
-0.898078
-0.895929
-0.892596
-0.88884
-0.889019
-0.900241
-0.922488
-0.939145
-0.978854
-0.955491
-0.95468
-0.952837
-0.950129
-0.946988
-0.94593
-0.950506
-0.959938
-0.959237
-0.974422
-1.01108
-1.01033
-1.00866
-1.00609
-1.00293
-1.00027
-0.999394
-1.00019
-0.98657
-0.990611
-1.06567
-1.06488
-1.06315
-1.06056
-1.05714
-1.05344
-1.04933
-1.04636
-1.03077
-1.02893
-1.11939
-1.11848
-1.11653
-1.11367
-1.10979
-1.10534
-1.09958
-1.09472
-1.0849
-1.08029
-1.17265
-1.17151
-1.1692
-1.16581
-1.16109
-1.15586
-1.148
-1.13943
-1.13223
-1.12445
-1.22608
-1.22475
-1.22207
-1.21799
-1.21219
-1.20498
-1.19332
-1.17847
-1.16777
-1.14794
-1.28027
-1.27886
-1.27599
-1.27126
-1.26425
-1.25411
-1.23757
-1.21335
-1.1905
-1.14024
-1.33558
-1.33423
-1.33147
-1.32662
-1.31879
-1.30637
-1.2849
-1.25041
-1.20856
-1.09376
-1.39203
-1.39096
-1.38876
-1.38455
-1.37725
-1.36494
-1.34146
-1.29999
-1.22864
-1.0691
-1.44946
-1.44887
-1.44768
-1.44529
-1.44095
-1.4314
-1.4134
-1.38113
-1.29629
-1.16075
-1.50743
-1.50744
-1.50745
-1.50775
-1.50831
-1.50639
-1.50599
-1.51633
-1.4726
-1.4412
-1.56545
-1.56602
-1.56752
-1.57072
-1.5765
-1.58497
-1.60528
-1.67273
-1.77094
-1.61903
-1.62309
-1.62411
-1.62661
-1.63116
-1.64094
-1.65806
-1.69055
-1.78005
-1.9562
-1.916
-1.68007
-1.68125
-1.68381
-1.68904
-1.69923
-1.71842
-1.75225
-1.82852
-1.9613
-1.98612
-1.73618
-1.73726
-1.73961
-1.74398
-1.75185
-1.76625
-1.79022
-1.83695
-1.91143
-1.94047
-1.7915
-1.79233
-1.79399
-1.79675
-1.80101
-1.80767
-1.81688
-1.83142
-1.85799
-1.88095
-1.84623
-1.84674
-1.84757
-1.84859
-1.84931
-1.84868
-1.84442
-1.83265
-1.82411
-1.82257
-1.90061
-1.90085
-1.90105
-1.90075
-1.89887
-1.89325
-1.88026
-1.85145
-1.81875
-1.79521
-0.84641
-0.846589
-0.846458
-0.845752
-0.844835
-0.845768
-0.854855
-0.876334
-0.901897
-0.93063
-0.90231
-0.902127
-0.901305
-0.899862
-0.898475
-0.898844
-0.905114
-0.917506
-0.930292
-0.947013
-0.957977
-0.957753
-0.956747
-0.954804
-0.95277
-0.95146
-0.953512
-0.957999
-0.959976
-0.96771
-1.013
-1.0127
-1.01156
-1.00935
-1.00649
-1.00342
-1.00184
-1.00107
-0.995432
-0.998611
-1.06712
-1.06663
-1.06532
-1.0628
-1.05922
-1.05488
-1.05071
-1.04763
-1.0396
-1.04128
-1.12033
-1.1196
-1.118
-1.11508
-1.11087
-1.10575
-1.09969
-1.09506
-1.08833
-1.08862
-1.17296
-1.17195
-1.16991
-1.16647
-1.16151
-1.15531
-1.14732
-1.13993
-1.13269
-1.12945
-1.22566
-1.22436
-1.22182
-1.2178
-1.21192
-1.2041
-1.1931
-1.18072
-1.16832
-1.1572
-1.27917
-1.27773
-1.27484
-1.27028
-1.26335
-1.2533
-1.2382
-1.21842
-1.19502
-1.16847
-1.33396
-1.33254
-1.32966
-1.32485
-1.31715
-1.30511
-1.2856
-1.25693
-1.21517
-1.15878
-1.39008
-1.3888
-1.38644
-1.38191
-1.37445
-1.3619
-1.33928
-1.29974
-1.22974
-1.13997
-1.44734
-1.44655
-1.44489
-1.44174
-1.43611
-1.42521
-1.40489
-1.36392
-1.27166
-1.15187
-1.50526
-1.50501
-1.50451
-1.50349
-1.50153
-1.49638
-1.48855
-1.47427
-1.39605
-1.29272
-1.56336
-1.56368
-1.56448
-1.56597
-1.56873
-1.57256
-1.58589
-1.62633
-1.63675
-1.52483
-1.62119
-1.62197
-1.62381
-1.6273
-1.63421
-1.6469
-1.67485
-1.75914
-1.89924
-1.78364
-1.67839
-1.67941
-1.68179
-1.68619
-1.69472
-1.71167
-1.74347
-1.82392
-2.00114
-1.9856
-1.73477
-1.73574
-1.73802
-1.74221
-1.74973
-1.76445
-1.79057
-1.85076
-1.97574
-2.00281
-1.79027
-1.79108
-1.79275
-1.79564
-1.80028
-1.80853
-1.82223
-1.84905
-1.9098
-1.93227
-1.84516
-1.84567
-1.84656
-1.84778
-1.84898
-1.84996
-1.8496
-1.84458
-1.85464
-1.84859
-1.89969
-1.89994
-1.90017
-1.90002
-1.89846
-1.89383
-1.88299
-1.85428
-1.82433
-1.7816
-0.852078
-0.853046
-0.854219
-0.854648
-0.85489
-0.855762
-0.860456
-0.872478
-0.891138
-0.897872
-0.906947
-0.907768
-0.90798
-0.907164
-0.906205
-0.9057
-0.90909
-0.916663
-0.930334
-0.937876
-0.962011
-0.962764
-0.962681
-0.961011
-0.958789
-0.956724
-0.957255
-0.959559
-0.964562
-0.970257
-1.01655
-1.01716
-1.01696
-1.01492
-1.01166
-1.00784
-1.0057
-1.00419
-1.00356
-1.00347
-1.07018
-1.07047
-1.07018
-1.06793
-1.06383
-1.0587
-1.05452
-1.05097
-1.04806
-1.04838
-1.12272
-1.123
-1.12229
-1.11943
-1.11465
-1.10873
-1.10308
-1.09813
-1.09417
-1.09606
-1.17454
-1.17419
-1.17294
-1.16952
-1.16423
-1.15763
-1.15044
-1.14354
-1.13764
-1.1373
-1.22602
-1.22498
-1.22294
-1.2191
-1.21341
-1.20586
-1.19648
-1.18621
-1.17601
-1.17098
-1.27844
-1.277
-1.27425
-1.27007
-1.26381
-1.25478
-1.24234
-1.22701
-1.20941
-1.19597
-1.33254
-1.33106
-1.32809
-1.3237
-1.31689
-1.30624
-1.29024
-1.26823
-1.24037
-1.21237
-1.38829
-1.38698
-1.3842
-1.3801
-1.37353
-1.36195
-1.34337
-1.31439
-1.27254
-1.22613
-1.44531
-1.44441
-1.44246
-1.43919
-1.43352
-1.4233
-1.40549
-1.37358
-1.3162
-1.2523
-1.50311
-1.50269
-1.50178
-1.50015
-1.49711
-1.49098
-1.47988
-1.45772
-1.40178
-1.31189
-1.56119
-1.56129
-1.56154
-1.562
-1.56269
-1.56301
-1.56441
-1.56912
-1.53771
-1.45191
-1.6191
-1.61964
-1.62091
-1.62329
-1.62761
-1.63472
-1.6493
-1.6881
-1.70801
-1.69602
-1.67647
-1.67729
-1.67918
-1.68272
-1.68923
-1.70129
-1.72253
-1.78564
-1.89443
-1.7641
-1.73308
-1.73396
-1.73599
-1.73973
-1.74589
-1.75943
-1.77732
-1.83385
-1.98102
-1.89934
-1.78888
-1.78957
-1.79114
-1.79388
-1.79831
-1.80673
-1.8205
-1.85301
-1.94448
-1.98395
-1.844
-1.84448
-1.84538
-1.84674
-1.84837
-1.85083
-1.85422
-1.85911
-1.8944
-1.91273
-1.89871
-1.89898
-1.89931
-1.89943
-1.8986
-1.89584
-1.88966
-1.87149
-1.85823
-1.85394
-0.85737
-0.859993
-0.86065
-0.861029
-0.861316
-0.861375
-0.863835
-0.870282
-0.882731
-0.898764
-0.912442
-0.914707
-0.914259
-0.913659
-0.912652
-0.911202
-0.912353
-0.916398
-0.923725
-0.934264
-0.967543
-0.969478
-0.968971
-0.967551
-0.965363
-0.961967
-0.961094
-0.961782
-0.96418
-0.969155
-1.02166
-1.02359
-1.02353
-1.02193
-1.01842
-1.01306
-1.01011
-1.00805
-1.0072
-1.00906
-1.07492
-1.07707
-1.07744
-1.0753
-1.07072
-1.06355
-1.05896
-1.05522
-1.05287
-1.05358
-1.12722
-1.12906
-1.12932
-1.1263
-1.12076
-1.11343
-1.10734
-1.1023
-1.09904
-1.09897
-1.17763
-1.17891
-1.17852
-1.17517
-1.16916
-1.16172
-1.15462
-1.14821
-1.14346
-1.1421
-1.22731
-1.22683
-1.22562
-1.22205
-1.21637
-1.20912
-1.20104
-1.19262
-1.18495
-1.1809
-1.27797
-1.27651
-1.27402
-1.27033
-1.26502
-1.25753
-1.24782
-1.23628
-1.22399
-1.21503
-1.33118
-1.32958
-1.32649
-1.32277
-1.31721
-1.30877
-1.29679
-1.28114
-1.26301
-1.24684
-1.38661
-1.38525
-1.38239
-1.37893
-1.37317
-1.364
-1.35023
-1.33062
-1.30532
-1.2801
-1.44348
-1.4425
-1.44045
-1.43737
-1.43229
-1.42388
-1.41037
-1.38882
-1.35648
-1.32452
-1.50116
-1.50061
-1.49944
-1.49755
-1.4943
-1.48858
-1.47875
-1.46113
-1.42948
-1.39069
-1.55918
-1.55908
-1.55888
-1.55861
-1.55807
-1.55681
-1.55447
-1.54946
-1.53231
-1.48436
-1.6171
-1.6174
-1.6181
-1.61942
-1.62171
-1.62534
-1.63156
-1.64505
-1.65405
-1.60215
-1.67457
-1.67514
-1.67645
-1.67888
-1.68316
-1.69044
-1.70242
-1.73025
-1.76803
-1.74422
-1.73136
-1.73203
-1.73355
-1.7363
-1.74103
-1.74955
-1.76191
-1.79286
-1.85685
-1.87556
-1.7874
-1.78801
-1.78931
-1.79159
-1.79522
-1.80204
-1.81114
-1.83204
-1.89102
-1.91566
-1.8428
-1.84325
-1.84409
-1.84547
-1.84707
-1.84987
-1.85392
-1.85954
-1.89665
-1.9074
-1.89774
-1.89802
-1.89843
-1.89885
-1.89877
-1.89783
-1.89594
-1.88933
-1.89683
-1.91817
-0.860494
-0.8646
-0.862814
-0.859835
-0.863573
-0.863226
-0.863495
-0.866327
-0.870786
-0.875793
-0.916704
-0.920884
-0.918899
-0.914923
-0.916316
-0.914488
-0.913731
-0.914973
-0.918579
-0.92272
-0.972407
-0.975748
-0.97676
-0.972687
-0.970276
-0.96657
-0.963983
-0.963078
-0.964359
-0.966422
-1.02602
-1.02839
-1.03182
-1.02967
-1.02488
-1.0189
-1.01416
-1.0112
-1.01035
-1.01079
-1.07907
-1.08074
-1.08443
-1.0834
-1.07848
-1.07088
-1.0636
-1.05915
-1.057
-1.05672
-1.13075
-1.13374
-1.13507
-1.13551
-1.12935
-1.11978
-1.11201
-1.10654
-1.10359
-1.10292
-1.18063
-1.18339
-1.18294
-1.18177
-1.17569
-1.16692
-1.15911
-1.15303
-1.14907
-1.14774
-1.22857
-1.22845
-1.22747
-1.22519
-1.22004
-1.21293
-1.2056
-1.19874
-1.19314
-1.19028
-1.27739
-1.27537
-1.27296
-1.27008
-1.26618
-1.26036
-1.25302
-1.24459
-1.23648
-1.23073
-1.32966
-1.32762
-1.32408
-1.3211
-1.31737
-1.31142
-1.30304
-1.29218
-1.28074
-1.2711
-1.38495
-1.38344
-1.38034
-1.37745
-1.37317
-1.3665
-1.35683
-1.34385
-1.32851
-1.31437
-1.44182
-1.44078
-1.43865
-1.43595
-1.43187
-1.42545
-1.41577
-1.40168
-1.3832
-1.36486
-1.49945
-1.49882
-1.49752
-1.49565
-1.49272
-1.48798
-1.48048
-1.46807
-1.44955
-1.42861
-1.5574
-1.55716
-1.55668
-1.556
-1.55491
-1.55302
-1.54968
-1.54322
-1.53037
-1.51007
-1.61529
-1.6154
-1.61566
-1.61621
-1.61715
-1.61853
-1.62048
-1.62278
-1.6214
-1.60749
-1.6728
-1.67316
-1.67397
-1.67545
-1.67796
-1.68197
-1.68823
-1.69867
-1.71327
-1.71532
-1.72972
-1.7302
-1.73126
-1.73314
-1.73628
-1.7414
-1.74932
-1.76403
-1.7886
-1.80279
-1.78598
-1.78645
-1.78745
-1.78916
-1.79187
-1.79631
-1.80276
-1.81461
-1.83851
-1.85543
-1.84162
-1.842
-1.84275
-1.84392
-1.84551
-1.84794
-1.85122
-1.85615
-1.8717
-1.88792
-1.89679
-1.89706
-1.89754
-1.89813
-1.8986
-1.89882
-1.8985
-1.89659
-1.89981
-1.91078
-0.862132
-0.866862
-0.860071
-0.860406
-0.861451
-0.861956
-0.861586
-0.863192
-0.865872
-0.868699
-0.918423
-0.927777
-0.915548
-0.916454
-0.915384
-0.915355
-0.913735
-0.913882
-0.915578
-0.917723
-0.974618
-0.982265
-0.97284
-0.971653
-0.97022
-0.969188
-0.965631
-0.963805
-0.963989
-0.965001
-1.03082
-1.03153
-1.02804
-1.02743
-1.02943
-1.02194
-1.01691
-1.01319
-1.01194
-1.0119
-1.08194
-1.08038
-1.08109
-1.07909
-1.08438
-1.07351
-1.06702
-1.06192
-1.05964
-1.059
-1.13251
-1.13222
-1.13268
-1.12808
-1.13196
-1.12304
-1.11551
-1.10987
-1.10698
-1.10595
-1.18116
-1.18206
-1.18268
-1.17857
-1.17727
-1.17025
-1.16269
-1.15703
-1.15358
-1.15214
-1.22796
-1.2267
-1.22492
-1.22349
-1.22117
-1.21582
-1.20941
-1.20385
-1.19965
-1.19739
-1.27613
-1.27278
-1.26945
-1.26808
-1.26644
-1.26272
-1.25735
-1.25142
-1.24588
-1.24218
-1.32811
-1.32523
-1.32089
-1.31882
-1.31721
-1.31371
-1.30808
-1.30092
-1.2936
-1.2878
-1.38348
-1.38171
-1.37809
-1.37588
-1.37327
-1.36882
-1.36228
-1.35384
-1.34439
-1.33619
-1.44045
-1.43936
-1.43707
-1.43481
-1.43186
-1.4271
-1.42033
-1.41115
-1.4001
-1.38959
-1.49807
-1.49739
-1.49603
-1.49428
-1.49178
-1.48795
-1.48223
-1.47386
-1.46262
-1.45041
-1.55595
-1.55562
-1.55495
-1.55405
-1.55272
-1.55063
-1.54728
-1.54175
-1.53265
-1.52048
-1.61378
-1.61375
-1.61369
-1.61371
-1.61377
-1.6138
-1.61361
-1.61254
-1.6081
-1.59959
-1.6713
-1.67148
-1.6719
-1.67266
-1.67391
-1.67578
-1.67847
-1.68207
-1.68379
-1.68111
-1.7283
-1.72862
-1.72929
-1.73047
-1.73235
-1.73519
-1.73935
-1.7455
-1.75157
-1.75394
-1.78472
-1.78507
-1.78579
-1.787
-1.78884
-1.79158
-1.79548
-1.80153
-1.80963
-1.81462
-1.84057
-1.84088
-1.8415
-1.84247
-1.8438
-1.84564
-1.84806
-1.85181
-1.85868
-1.86575
-1.89592
-1.89619
-1.89668
-1.89735
-1.89808
-1.89881
-1.8994
-1.90016
-1.90348
-1.90998
-0.857654
-0.867566
-0.861421
-0.858887
-0.86102
-0.860107
-0.859754
-0.860491
-0.861888
-0.863384
-0.90684
-0.9213
-0.919634
-0.918411
-0.916904
-0.914836
-0.91314
-0.912586
-0.913206
-0.914196
-0.965674
-0.976702
-0.977466
-0.977677
-0.973481
-0.969771
-0.966225
-0.963858
-0.963341
-0.96359
-1.02141
-1.02865
-1.03319
-1.03492
-1.02908
-1.02386
-1.01841
-1.01426
-1.01265
-1.01218
-1.07867
-1.07847
-1.08595
-1.08815
-1.08212
-1.07615
-1.06898
-1.06365
-1.06125
-1.06031
-1.13435
-1.12909
-1.13503
-1.13529
-1.1314
-1.12556
-1.11772
-1.11209
-1.10932
-1.10806
-1.18241
-1.17875
-1.18016
-1.17849
-1.17659
-1.17196
-1.16499
-1.15986
-1.15686
-1.15538
-1.22758
-1.22488
-1.22176
-1.22038
-1.22008
-1.21704
-1.21198
-1.20759
-1.20437
-1.20246
-1.27494
-1.2717
-1.266
-1.26521
-1.26563
-1.26403
-1.26045
-1.25635
-1.25252
-1.24985
-1.32694
-1.32379
-1.31824
-1.317
-1.31692
-1.31539
-1.31177
-1.30707
-1.30227
-1.29845
-1.38242
-1.38042
-1.37638
-1.37473
-1.37339
-1.37061
-1.36632
-1.36071
-1.35465
-1.34944
-1.43951
-1.43834
-1.43587
-1.43413
-1.43188
-1.4285
-1.4238
-1.41764
-1.41059
-1.40407
-1.49712
-1.49641
-1.49502
-1.49345
-1.49133
-1.48825
-1.48398
-1.47814
-1.47089
-1.46345
-1.55491
-1.55452
-1.55375
-1.55276
-1.55138
-1.54936
-1.54636
-1.54192
-1.53564
-1.52804
-1.61266
-1.61253
-1.61227
-1.61196
-1.61153
-1.61087
-1.60976
-1.60763
-1.60353
-1.59695
-1.67014
-1.6702
-1.67035
-1.67063
-1.67108
-1.67171
-1.67243
-1.67297
-1.67191
-1.66741
-1.72719
-1.72738
-1.72778
-1.72846
-1.72948
-1.73094
-1.73287
-1.73531
-1.73753
-1.73549
-1.78372
-1.78397
-1.78448
-1.7853
-1.78649
-1.78816
-1.79038
-1.79338
-1.79673
-1.79795
-1.83971
-1.83997
-1.84048
-1.84125
-1.84231
-1.84368
-1.84545
-1.84788
-1.85122
-1.85351
-1.89522
-1.89547
-1.89594
-1.89661
-1.89742
-1.89833
-1.89932
-1.90064
-1.90303
-1.9062
-0.855015
-0.863656
-0.864975
-0.861414
-0.860067
-0.858927
-0.858558
-0.858612
-0.859172
-0.86001
-0.916099
-0.919888
-0.924541
-0.920952
-0.917258
-0.914065
-0.912368
-0.911452
-0.91151
-0.912023
-0.973228
-0.975504
-0.97931
-0.979453
-0.974025
-0.969045
-0.965596
-0.963387
-0.962645
-0.962609
-1.02896
-1.03346
-1.03415
-1.0354
-1.0293
-1.02301
-1.01778
-1.01435
-1.01278
-1.01218
-1.08306
-1.08854
-1.08741
-1.0885
-1.08152
-1.07493
-1.06847
-1.06421
-1.06206
-1.06105
-1.13307
-1.13467
-1.13568
-1.13638
-1.13019
-1.12393
-1.11751
-1.11311
-1.11073
-1.10943
-1.17978
-1.1787
-1.17971
-1.17946
-1.17516
-1.17049
-1.16545
-1.16156
-1.15901
-1.15755
-1.22675
-1.22473
-1.22313
-1.2217
-1.21979
-1.21718
-1.21361
-1.21023
-1.2075
-1.20575
-1.27599
-1.27397
-1.27035
-1.26848
-1.26775
-1.2661
-1.26332
-1.25998
-1.25683
-1.2546
-1.32832
-1.32657
-1.32299
-1.32121
-1.32013
-1.31823
-1.31532
-1.31154
-1.30773
-1.30477
-1.3833
-1.38194
-1.37932
-1.37756
-1.37574
-1.37329
-1.36965
-1.36529
-1.36082
-1.35702
-1.4397
-1.43882
-1.43711
-1.43535
-1.43316
-1.43037
-1.42642
-1.42175
-1.4167
-1.41211
-1.49686
-1.49625
-1.49506
-1.49357
-1.49162
-1.48901
-1.4854
-1.48092
-1.47573
-1.47059
-1.55438
-1.554
-1.55325
-1.55222
-1.5508
-1.54884
-1.5461
-1.54243
-1.53774
-1.53253
-1.61197
-1.6118
-1.61144
-1.61094
-1.61024
-1.60922
-1.60769
-1.60536
-1.60186
-1.59721
-1.66939
-1.66938
-1.66936
-1.66935
-1.66935
-1.66928
-1.66901
-1.66829
-1.66648
-1.66302
-1.72645
-1.72656
-1.72678
-1.72714
-1.72766
-1.72832
-1.72905
-1.72964
-1.72966
-1.72784
-1.78304
-1.78322
-1.78358
-1.78415
-1.78494
-1.78596
-1.78719
-1.78855
-1.78958
-1.78964
-1.83912
-1.83934
-1.83976
-1.8404
-1.84124
-1.84229
-1.84356
-1.84506
-1.84668
-1.84788
-1.89472
-1.89495
-1.8954
-1.89605
-1.89685
-1.89778
-1.89883
-1.90007
-1.90163
-1.90325
-0.861144
-0.856084
-0.858533
-0.857513
-0.8579
-0.857671
-0.85777
-0.857723
-0.857926
-0.858384
-0.917181
-0.91819
-0.916026
-0.917
-0.914627
-0.912815
-0.911626
-0.910837
-0.910668
-0.910923
-0.973131
-0.977469
-0.974213
-0.975824
-0.970932
-0.967487
-0.96487
-0.963056
-0.962228
-0.962068
-1.0288
-1.0341
-1.0336
-1.03207
-1.02586
-1.02096
-1.01707
-1.01428
-1.01276
-1.01213
-1.08215
-1.08527
-1.08828
-1.08384
-1.07771
-1.07254
-1.06789
-1.06445
-1.0624
-1.06139
-1.13169
-1.1322
-1.13591
-1.13211
-1.12699
-1.12196
-1.11728
-1.1137
-1.11141
-1.11013
-1.17901
-1.17848
-1.17978
-1.17742
-1.17385
-1.16985
-1.16584
-1.16253
-1.16014
-1.15868
-1.22686
-1.22585
-1.22452
-1.22278
-1.22052
-1.21774
-1.21463
-1.21162
-1.20912
-1.20744
-1.27651
-1.27511
-1.27267
-1.27093
-1.26935
-1.26734
-1.26472
-1.26176
-1.25893
-1.25689
-1.32882
-1.32741
-1.32493
-1.32319
-1.32162
-1.31958
-1.31682
-1.31354
-1.3103
-1.30771
-1.38349
-1.38236
-1.38032
-1.37859
-1.3767
-1.3743
-1.37114
-1.36745
-1.36369
-1.36048
-1.43966
-1.43885
-1.43733
-1.43566
-1.43363
-1.43102
-1.42765
-1.4237
-1.41951
-1.41572
-1.49667
-1.4961
-1.49499
-1.49356
-1.49171
-1.48928
-1.48611
-1.48225
-1.47795
-1.47376
-1.5541
-1.55372
-1.55297
-1.55193
-1.55052
-1.54862
-1.54606
-1.54276
-1.53878
-1.53454
-1.61162
-1.61143
-1.61102
-1.61043
-1.60961
-1.60846
-1.60682
-1.60448
-1.6013
-1.59744
-1.66901
-1.66896
-1.66886
-1.66871
-1.66849
-1.66813
-1.66751
-1.66636
-1.66433
-1.66129
-1.72606
-1.72613
-1.72627
-1.72647
-1.72674
-1.72703
-1.72726
-1.72725
-1.72649
-1.72456
-1.78268
-1.78283
-1.78312
-1.78355
-1.78413
-1.78484
-1.7856
-1.78631
-1.78669
-1.78592
-1.83881
-1.83901
-1.83939
-1.83995
-1.84067
-1.84155
-1.84253
-1.84357
-1.84447
-1.84479
-1.89446
-1.89469
-1.89512
-1.89575
-1.89653
-1.89744
-1.89845
-1.89954
-1.90065
-1.9015
)
;

boundaryField
{
    lowerSideWalls
    {
        type            calculated;
        value           nonuniform List<scalar> 
800
(
388.814
340.342
292.498
245.4
198.791
151.732
102.406
53.9274
21.5011
0.629987
-0.450743
-0.409926
-0.435396
-0.496708
-0.55969
-0.616633
-0.669453
-0.721881
-0.776579
-0.831427
388.366
339.887
292.041
244.926
197.91
149.431
98.8489
49.2248
13.8649
-0.220998
-0.422915
-0.406874
-0.446484
-0.506567
-0.564762
-0.619524
-0.671668
-0.724011
-0.78067
-0.83918
387.327
338.719
290.536
242.667
194.522
145.139
94.9932
44.4981
6.95477
-0.383338
-0.420994
-0.42276
-0.46631
-0.521608
-0.576292
-0.62832
-0.67746
-0.728168
-0.781198
-0.835312
385.92
337.147
288.6
240.095
191.155
141.362
91.6471
41.0043
4.78287
-0.406152
-0.42978
-0.43966
-0.479419
-0.532982
-0.588911
-0.637015
-0.684245
-0.737194
-0.790882
-0.839714
384.386
335.462
286.607
237.664
188.279
138.274
88.6588
39.5045
4.6042
-0.41295
-0.43846
-0.453874
-0.489882
-0.541715
-0.598377
-0.643381
-0.687979
-0.738547
-0.792871
-0.845168
382.909
333.855
284.74
235.451
185.741
135.565
85.7823
38.7884
5.26642
-0.418849
-0.449005
-0.461854
-0.495305
-0.54506
-0.602527
-0.649776
-0.692747
-0.741116
-0.791991
-0.84294
381.619
332.449
283.112
233.51
183.456
132.848
82.4569
36.4582
5.36746
-0.402319
-0.456515
-0.459742
-0.492913
-0.542713
-0.600378
-0.65255
-0.697548
-0.744709
-0.795051
-0.845799
380.616
331.342
281.825
231.92
181.466
130.001
79.1027
32.2447
4.02895
-0.396761
-0.435902
-0.44933
-0.483025
-0.536799
-0.595329
-0.651436
-0.699946
-0.747384
-0.797349
-0.847972
379.947
330.602
280.945
230.817
180.046
128.243
75.6577
28.023
2.40437
-0.469711
-0.408224
-0.431604
-0.475623
-0.533015
-0.591474
-0.648887
-0.700504
-0.749279
-0.799294
-0.849962
379.656
330.276
280.529
230.272
179.262
127.101
73.5776
25.5336
2.57562
-0.450131
-0.407038
-0.422376
-0.477251
-0.536594
-0.591568
-0.647084
-0.700046
-0.750083
-0.800591
-0.851601
389.249
340.779
292.937
245.834
199.285
152.481
103.73
55.7477
22.7744
1.38094
-0.347176
-0.35038
-0.387802
-0.451731
-0.515577
-0.575983
-0.633217
-0.689895
-0.747099
-0.807939
388.797
340.319
292.473
245.363
198.46
150.247
100.082
51.3245
15.8823
-0.147728
-0.350681
-0.353616
-0.396892
-0.457575
-0.517363
-0.580171
-0.641429
-0.699594
-0.750081
-0.799898
387.752
339.145
290.964
243.114
195.049
145.761
95.7179
45.6902
7.73023
-0.314788
-0.365135
-0.37364
-0.422781
-0.477127
-0.533579
-0.587659
-0.643075
-0.700844
-0.752432
-0.802616
386.332
337.554
288.998
240.485
191.552
141.72
91.9318
41.5969
5.21658
-0.339894
-0.368298
-0.387409
-0.433221
-0.480385
-0.536427
-0.591422
-0.644927
-0.698181
-0.74881
-0.800909
384.777
335.84
286.953
237.953
188.477
138.31
88.4168
39.0216
4.5995
-0.335781
-0.364432
-0.392883
-0.441342
-0.483332
-0.534387
-0.589757
-0.644767
-0.697088
-0.748792
-0.802084
383.278
334.199
285.026
235.627
185.725
135.251
85.0135
37.1392
4.75916
-0.323385
-0.361971
-0.388514
-0.441158
-0.485708
-0.533864
-0.587679
-0.64333
-0.697153
-0.749631
-0.802998
381.968
332.762
283.346
233.584
183.257
132.188
81.132
34.2458
4.54187
-0.296053
-0.356364
-0.374673
-0.427074
-0.481297
-0.532875
-0.585961
-0.64136
-0.696992
-0.750389
-0.803797
380.948
331.633
282.025
231.925
181.142
129.096
77.0017
29.5614
3.3529
-0.243731
-0.322103
-0.359925
-0.406068
-0.466854
-0.527227
-0.583937
-0.639978
-0.695618
-0.75017
-0.803942
380.266
330.878
281.138
230.806
179.669
127.184
73.4039
25.2748
1.73952
-0.2837
-0.26308
-0.334036
-0.392659
-0.454663
-0.52009
-0.581481
-0.638983
-0.694214
-0.749266
-0.803981
379.974
330.558
280.729
230.287
178.941
126.167
71.7555
23.724
1.85041
-0.220486
-0.222043
-0.307378
-0.384957
-0.451226
-0.517403
-0.580047
-0.638506
-0.693648
-0.748824
-0.80421
388.814
340.342
292.498
245.4
198.791
151.732
102.406
53.9274
21.5011
0.629987
-0.450743
-0.409926
-0.435396
-0.496708
-0.55969
-0.616633
-0.669453
-0.721881
-0.776579
-0.831427
388.38
339.907
292.08
245.007
198.16
149.964
99.4481
49.5382
13.4411
-0.216541
-0.422707
-0.407787
-0.449899
-0.5089
-0.576123
-0.633006
-0.68137
-0.733849
-0.787177
-0.843505
387.36
338.762
290.601
242.77
194.741
145.544
95.3683
44.8043
7.14042
-0.380529
-0.418579
-0.421093
-0.465553
-0.516604
-0.57173
-0.63005
-0.685392
-0.731834
-0.780526
-0.83435
385.977
337.213
288.689
240.217
191.352
141.69
91.9634
41.336
5.1026
-0.408493
-0.428315
-0.440409
-0.479225
-0.530334
-0.582369
-0.630913
-0.679551
-0.727026
-0.775808
-0.827647
384.472
335.558
286.726
237.819
188.5
138.609
89.0069
39.8149
4.8523
-0.414716
-0.435309
-0.458473
-0.496193
-0.541928
-0.589552
-0.635352
-0.681592
-0.728926
-0.777401
-0.828745
383.027
333.985
284.898
235.656
186.027
135.968
86.2183
39.1646
5.6684
-0.418866
-0.447886
-0.472499
-0.512013
-0.550666
-0.592966
-0.636141
-0.680669
-0.726945
-0.774653
-0.824806
381.769
332.614
283.312
233.773
183.827
133.38
83.1319
37.3568
5.97658
-0.420001
-0.459438
-0.477784
-0.516816
-0.553722
-0.593044
-0.633931
-0.677008
-0.722357
-0.769031
-0.818352
380.787
331.532
282.054
232.228
181.909
130.713
79.9003
33.3613
4.8241
-0.404759
-0.452755
-0.473304
-0.510194
-0.548412
-0.587304
-0.626698
-0.668918
-0.71317
-0.759319
-0.808717
380.125
330.801
281.183
231.135
180.485
128.877
76.5712
29.0043
3.27771
-0.336401
-0.438209
-0.457634
-0.494506
-0.535281
-0.573992
-0.612258
-0.654109
-0.698376
-0.745574
-0.796804
379.821
330.46
280.755
230.574
179.692
127.729
74.4542
26.2741
2.86293
-0.306099
-0.421779
-0.431851
-0.47042
-0.515617
-0.54896
-0.586739
-0.633598
-0.68188
-0.732202
-0.786384
379.879
330.52
280.82
230.639
179.763
127.805
74.5809
26.7267
2.83589
-0.378348
-0.393647
-0.399555
-0.440904
-0.493652
-0.499394
-0.528669
-0.606273
-0.672591
-0.728513
-0.784099
380.294
330.969
281.367
231.315
180.66
129.019
76.6047
29.3318
2.99624
-0.3875
-0.380087
-0.395792
-0.447762
-0.515063
-0.46112
-0.446483
-0.559794
-0.655672
-0.723521
-0.78366
381.05
331.798
282.33
232.5
182.183
130.947
79.8449
33.3935
4.5819
-0.374838
-0.419495
-0.421943
-0.481325
-0.549731
-0.545436
-0.54888
-0.615324
-0.678491
-0.73497
-0.790686
382.104
332.954
283.662
234.127
184.18
133.659
83.2772
37.4963
5.99231
-0.388015
-0.433445
-0.437195
-0.488726
-0.547946
-0.585465
-0.610767
-0.649599
-0.696101
-0.746441
-0.79846
383.414
334.38
285.309
236.089
186.481
136.417
86.7052
39.6854
5.92325
-0.385096
-0.416064
-0.432642
-0.474654
-0.528774
-0.579226
-0.617801
-0.657666
-0.703652
-0.753076
-0.803986
384.891
335.989
287.182
238.319
189.064
139.249
89.7705
40.5938
5.22735
-0.367223
-0.394491
-0.416749
-0.458965
-0.511435
-0.564465
-0.608282
-0.651773
-0.702026
-0.753893
-0.806017
386.413
337.663
289.166
240.75
191.988
142.479
92.9192
42.3809
5.60005
-0.360469
-0.382238
-0.398709
-0.445163
-0.498514
-0.550426
-0.596928
-0.648248
-0.702075
-0.754923
-0.807483
387.801
339.211
291.071
243.277
195.358
146.41
96.5248
46.2803
8.07414
-0.328603
-0.374243
-0.378546
-0.428452
-0.484624
-0.544139
-0.601286
-0.655519
-0.701382
-0.754472
-0.807312
388.817
340.347
292.521
245.438
198.67
150.789
100.805
51.7368
15.9236
-0.156679
-0.361038
-0.359359
-0.403626
-0.465885
-0.530075
-0.59717
-0.654285
-0.698386
-0.743145
-0.797147
389.249
340.779
292.937
245.834
199.285
152.481
103.73
55.7477
22.7744
1.38094
-0.347176
-0.35038
-0.387802
-0.451731
-0.515577
-0.575983
-0.633217
-0.689895
-0.747099
-0.807939
)
;
    }
    upperSideWalls
    {
        type            calculated;
        value           nonuniform List<scalar> 
800
(
-0.886926
-0.939904
-0.993971
-1.04998
-1.10531
-1.15484
-1.20299
-1.25235
-1.30351
-1.3563
-1.41045
-1.46546
-1.52091
-1.57648
-1.63195
-1.6872
-1.74216
-1.79678
-1.85101
-1.90482
-0.890034
-0.933278
-0.982653
-1.04371
-1.10725
-1.15816
-1.20446
-1.25284
-1.30348
-1.35618
-1.41044
-1.46559
-1.52113
-1.57677
-1.63229
-1.68756
-1.74254
-1.7972
-1.85147
-1.9053
-0.888638
-0.933654
-0.979209
-1.03803
-1.1033
-1.15878
-1.20623
-1.25382
-1.30345
-1.35568
-1.41014
-1.46567
-1.52151
-1.57732
-1.63291
-1.68824
-1.74326
-1.79795
-1.85228
-1.90616
-0.888035
-0.937561
-0.987553
-1.04315
-1.10218
-1.15686
-1.20552
-1.25362
-1.30327
-1.35565
-1.41038
-1.46617
-1.52225
-1.57824
-1.63396
-1.68931
-1.74432
-1.79906
-1.85347
-1.90743
-0.895466
-0.944888
-0.995796
-1.04896
-1.10284
-1.15465
-1.20349
-1.25216
-1.30245
-1.35545
-1.41062
-1.46683
-1.52327
-1.57951
-1.63531
-1.69066
-1.74569
-1.80047
-1.855
-1.90907
-0.893323
-0.94391
-0.995385
-1.04778
-1.09999
-1.1505
-1.19958
-1.24929
-1.30083
-1.35481
-1.4107
-1.46755
-1.52454
-1.5811
-1.63699
-1.69229
-1.74726
-1.8021
-1.8568
-1.91103
-0.896076
-0.946219
-0.996424
-1.04677
-1.09679
-1.14618
-1.19557
-1.24615
-1.29878
-1.35371
-1.41051
-1.46827
-1.52602
-1.58302
-1.639
-1.69415
-1.74897
-1.80387
-1.85877
-1.9132
-0.897968
-0.94763
-0.996942
-1.04587
-1.09452
-1.14302
-1.19225
-1.24318
-1.29643
-1.35216
-1.40997
-1.46885
-1.52759
-1.58519
-1.64125
-1.69615
-1.75071
-1.80565
-1.86095
-1.91547
-0.899913
-0.949156
-0.997797
-1.04566
-1.09313
-1.14083
-1.18956
-1.24036
-1.29386
-1.35021
-1.40895
-1.46905
-1.52901
-1.58742
-1.64368
-1.6982
-1.75229
-1.80698
-1.86237
-1.91714
-0.901817
-0.951149
-0.999264
-1.04644
-1.09312
-1.14002
-1.18816
-1.23839
-1.29168
-1.34818
-1.40748
-1.46855
-1.52969
-1.58922
-1.64617
-1.70068
-1.75427
-1.80844
-1.86338
-1.91811
-0.861144
-0.917181
-0.973131
-1.0288
-1.08215
-1.13169
-1.17901
-1.22686
-1.27651
-1.32882
-1.38349
-1.43966
-1.49667
-1.5541
-1.61162
-1.66901
-1.72606
-1.78268
-1.83881
-1.89446
-0.856084
-0.91819
-0.977469
-1.0341
-1.08527
-1.1322
-1.17848
-1.22585
-1.27511
-1.32741
-1.38236
-1.43885
-1.4961
-1.55372
-1.61143
-1.66896
-1.72613
-1.78283
-1.83901
-1.89469
-0.858533
-0.916026
-0.974213
-1.0336
-1.08828
-1.13591
-1.17978
-1.22452
-1.27267
-1.32493
-1.38032
-1.43733
-1.49499
-1.55297
-1.61102
-1.66886
-1.72627
-1.78312
-1.83939
-1.89512
-0.857513
-0.917
-0.975824
-1.03207
-1.08384
-1.13211
-1.17742
-1.22278
-1.27093
-1.32319
-1.37859
-1.43566
-1.49356
-1.55193
-1.61043
-1.66871
-1.72647
-1.78355
-1.83995
-1.89575
-0.8579
-0.914627
-0.970932
-1.02586
-1.07771
-1.12699
-1.17385
-1.22052
-1.26935
-1.32162
-1.3767
-1.43363
-1.49171
-1.55052
-1.60961
-1.66849
-1.72674
-1.78413
-1.84067
-1.89653
-0.857671
-0.912815
-0.967487
-1.02096
-1.07254
-1.12196
-1.16985
-1.21774
-1.26734
-1.31958
-1.3743
-1.43102
-1.48928
-1.54862
-1.60846
-1.66813
-1.72703
-1.78484
-1.84155
-1.89744
-0.85777
-0.911626
-0.96487
-1.01707
-1.06789
-1.11728
-1.16584
-1.21463
-1.26472
-1.31682
-1.37114
-1.42765
-1.48611
-1.54606
-1.60682
-1.66751
-1.72726
-1.7856
-1.84253
-1.89845
-0.857723
-0.910837
-0.963056
-1.01428
-1.06445
-1.1137
-1.16253
-1.21162
-1.26176
-1.31354
-1.36745
-1.4237
-1.48225
-1.54276
-1.60448
-1.66636
-1.72725
-1.78631
-1.84357
-1.89954
-0.857926
-0.910668
-0.962228
-1.01276
-1.0624
-1.11141
-1.16014
-1.20912
-1.25893
-1.3103
-1.36369
-1.41951
-1.47795
-1.53878
-1.6013
-1.66433
-1.72649
-1.78669
-1.84447
-1.90065
-0.858384
-0.910923
-0.962068
-1.01213
-1.06139
-1.11013
-1.15868
-1.20744
-1.25689
-1.30771
-1.36048
-1.41572
-1.47376
-1.53454
-1.59744
-1.66129
-1.72456
-1.78592
-1.84479
-1.9015
-0.886926
-0.939904
-0.993971
-1.04998
-1.10531
-1.15484
-1.20299
-1.25235
-1.30351
-1.3563
-1.41045
-1.46546
-1.52091
-1.57648
-1.63195
-1.6872
-1.74216
-1.79678
-1.85101
-1.90482
-0.900722
-0.952955
-1.00185
-1.05378
-1.10508
-1.1532
-1.2015
-1.25128
-1.30257
-1.35542
-1.40974
-1.46497
-1.5206
-1.57627
-1.63181
-1.68711
-1.74212
-1.79678
-1.85106
-1.9049
-0.894845
-0.954914
-1.00877
-1.05861
-1.10639
-1.15132
-1.19709
-1.24679
-1.29921
-1.35313
-1.4082
-1.46399
-1.51995
-1.57585
-1.63153
-1.68692
-1.74199
-1.79672
-1.85106
-1.90495
-0.883622
-0.942532
-1.00206
-1.05586
-1.10515
-1.14905
-1.19324
-1.24278
-1.29612
-1.35085
-1.40654
-1.4628
-1.51915
-1.5753
-1.63115
-1.68665
-1.74181
-1.79663
-1.85107
-1.90502
-0.88397
-0.940654
-0.996448
-1.05004
-1.09988
-1.14511
-1.1907
-1.24058
-1.29388
-1.34888
-1.405
-1.46164
-1.51829
-1.57471
-1.63069
-1.68628
-1.74151
-1.79641
-1.85094
-1.90501
-0.878294
-0.93409
-0.989478
-1.04257
-1.09274
-1.14065
-1.18869
-1.23905
-1.29213
-1.34726
-1.40362
-1.46045
-1.51729
-1.5739
-1.63011
-1.68584
-1.74117
-1.79618
-1.85084
-1.905
-0.870417
-0.924662
-0.979579
-1.03357
-1.08543
-1.13566
-1.18559
-1.23681
-1.29027
-1.34565
-1.40218
-1.45927
-1.51644
-1.57318
-1.62947
-1.68527
-1.74065
-1.7957
-1.85044
-1.90472
-0.861114
-0.915407
-0.970338
-1.02471
-1.07795
-1.12997
-1.18157
-1.23407
-1.28817
-1.34375
-1.40033
-1.45749
-1.51492
-1.57206
-1.62863
-1.68461
-1.74008
-1.79516
-1.84987
-1.90414
-0.851048
-0.906757
-0.962669
-1.01791
-1.07208
-1.12522
-1.17805
-1.23146
-1.28602
-1.34182
-1.39867
-1.45621
-1.51376
-1.57102
-1.62774
-1.68388
-1.73944
-1.79449
-1.84912
-1.90335
-0.843071
-0.900376
-0.957258
-1.01317
-1.06796
-1.12179
-1.17522
-1.22898
-1.28361
-1.33931
-1.39627
-1.4539
-1.51161
-1.56903
-1.62601
-1.68249
-1.73834
-1.7935
-1.84814
-1.90241
-0.841115
-0.898403
-0.955204
-1.01112
-1.06596
-1.11993
-1.1735
-1.22731
-1.28193
-1.33763
-1.39432
-1.45187
-1.50979
-1.56758
-1.6249
-1.68158
-1.73748
-1.79265
-1.84726
-1.90154
-0.841827
-0.899033
-0.955491
-1.01108
-1.06567
-1.11939
-1.17265
-1.22608
-1.28027
-1.33558
-1.39203
-1.44946
-1.50743
-1.56545
-1.62309
-1.68007
-1.73618
-1.7915
-1.84623
-1.90061
-0.84641
-0.90231
-0.957977
-1.013
-1.06712
-1.12033
-1.17296
-1.22566
-1.27917
-1.33396
-1.39008
-1.44734
-1.50526
-1.56336
-1.62119
-1.67839
-1.73477
-1.79027
-1.84516
-1.89969
-0.852078
-0.906947
-0.962011
-1.01655
-1.07018
-1.12272
-1.17454
-1.22602
-1.27844
-1.33254
-1.38829
-1.44531
-1.50311
-1.56119
-1.6191
-1.67647
-1.73308
-1.78888
-1.844
-1.89871
-0.85737
-0.912442
-0.967543
-1.02166
-1.07492
-1.12722
-1.17763
-1.22731
-1.27797
-1.33118
-1.38661
-1.44348
-1.50116
-1.55918
-1.6171
-1.67457
-1.73136
-1.7874
-1.8428
-1.89774
-0.860494
-0.916704
-0.972407
-1.02602
-1.07907
-1.13075
-1.18063
-1.22857
-1.27739
-1.32966
-1.38495
-1.44182
-1.49945
-1.5574
-1.61529
-1.6728
-1.72972
-1.78598
-1.84162
-1.89679
-0.862132
-0.918423
-0.974618
-1.03082
-1.08194
-1.13251
-1.18116
-1.22796
-1.27613
-1.32811
-1.38348
-1.44045
-1.49807
-1.55595
-1.61378
-1.6713
-1.7283
-1.78472
-1.84057
-1.89592
-0.857654
-0.90684
-0.965674
-1.02141
-1.07867
-1.13435
-1.18241
-1.22758
-1.27494
-1.32694
-1.38242
-1.43951
-1.49712
-1.55491
-1.61266
-1.67014
-1.72719
-1.78372
-1.83971
-1.89522
-0.855015
-0.916099
-0.973228
-1.02896
-1.08306
-1.13307
-1.17978
-1.22675
-1.27599
-1.32832
-1.3833
-1.4397
-1.49686
-1.55438
-1.61197
-1.66939
-1.72645
-1.78304
-1.83912
-1.89472
-0.861144
-0.917181
-0.973131
-1.0288
-1.08215
-1.13169
-1.17901
-1.22686
-1.27651
-1.32882
-1.38349
-1.43966
-1.49667
-1.5541
-1.61162
-1.66901
-1.72606
-1.78268
-1.83881
-1.89446
)
;
    }
    lowerWall
    {
        type            calculated;
        value           nonuniform List<scalar> 
200
(
413.339
412.905
411.885
410.502
408.997
407.552
406.294
405.312
404.65
404.346
404.404
404.819
405.575
406.629
407.939
409.416
410.938
412.326
413.342
413.774
412.891
412.515
411.544
410.204
408.741
407.338
406.115
405.157
404.515
404.231
404.294
404.693
405.434
406.463
407.732
409.164
410.639
411.981
412.949
413.322
411.852
411.525
410.664
409.454
408.116
406.822
405.689
404.804
404.217
403.961
404.037
404.428
405.115
406.065
407.234
408.545
409.887
411.096
411.954
412.277
410.445
410.16
409.429
408.389
407.219
406.072
405.06
404.281
403.756
403.546
403.643
404.02
404.645
405.488
406.519
407.666
408.827
409.857
410.58
410.857
408.911
408.668
408.061
407.188
406.187
405.191
404.305
403.615
403.174
403.024
403.154
403.52
404.082
404.817
405.7
406.67
407.641
408.487
409.073
409.302
407.434
407.231
406.732
406.004
405.151
404.289
403.503
402.898
402.529
402.427
402.612
402.987
403.492
404.131
404.883
405.687
406.481
407.159
407.622
407.803
406.144
405.974
405.562
404.949
404.214
403.448
402.734
402.196
401.889
401.839
402.108
402.488
402.929
403.478
404.13
404.807
405.456
405.995
406.353
406.493
405.141
404.991
404.645
404.122
403.467
402.768
402.101
401.63
401.443
401.485
401.821
402.102
402.442
402.911
403.498
404.096
404.647
405.081
405.358
405.473
404.472
404.337
404.04
403.573
402.969
402.301
401.645
401.253
401.197
401.493
401.791
401.754
401.893
402.316
402.943
403.554
404.08
404.465
404.689
404.791
404.181
404.067
403.795
403.369
402.813
402.173
401.53
401.14
401.226
401.276
401.546
401.581
401.497
401.985
402.715
403.337
403.846
404.209
404.419
404.499
)
;
    }
    atmosphere
    {
        type            calculated;
        value           nonuniform List<scalar> 0();
    }
    procBoundary0to1
    {
        type            processor;
        value           nonuniform List<scalar> 
800
(
379.748
330.37
280.621
230.352
179.312
127.078
73.4206
25.1812
2.74478
-0.237496
-0.319658
-0.398631
-0.478098
-0.539396
-0.592152
-0.645357
-0.698141
-0.749521
-0.800819
-0.852381
379.639
330.243
280.493
230.257
179.332
126.953
72.401
22.0446
2.04233
-0.272378
-0.351361
-0.428726
-0.503658
-0.552673
-0.601334
-0.655316
-0.70527
-0.752995
-0.802922
-0.854394
379.379
329.976
280.229
230.296
179.527
127.761
74.4947
22.0805
1.60631
-0.220759
-0.362899
-0.45529
-0.524061
-0.571099
-0.614449
-0.660991
-0.7088
-0.757184
-0.80706
-0.858243
378.976
329.556
279.862
229.868
179.432
128.689
77.462
25.7134
1.86374
-0.235302
-0.401494
-0.469263
-0.575471
-0.597934
-0.633894
-0.67425
-0.718077
-0.764025
-0.812157
-0.863643
378.452
328.959
279.174
229.077
178.846
129.36
82.125
34.2055
3.43154
-0.46362
-0.351752
-0.562187
-0.623688
-0.634442
-0.659373
-0.689231
-0.726966
-0.768803
-0.81382
-0.868871
377.858
328.289
278.199
227.556
175.931
129.518
84.1045
41.5126
5.69377
-0.0233917
-0.232812
-0.589759
-0.596669
-0.622364
-0.666322
-0.703721
-0.738627
-0.769552
-0.804047
-0.863573
377.282
327.63
277.159
225.541
171.661
124.292
84.8012
44.8777
21.7977
10.1585
0.236126
-0.355524
-0.478522
-0.559496
-0.652562
-0.731224
-0.777672
-0.787044
-0.79278
-0.844332
376.94
327.236
276.377
223.683
167.005
114.898
68.6594
35.8273
9.98597
2.77268
1.47009
0.315941
-0.350346
-0.551358
-0.728345
-0.814253
-0.842203
-0.819913
-0.800912
-0.795615
376.917
327.283
275.916
221.487
160.26
96.6153
55.6153
19.0159
4.15505
2.13814
1.5333
0.827634
0.132473
-0.401309
-0.680118
-0.853376
-0.907209
-0.871298
-0.912399
-0.898019
377.504
328.057
276.29
220.213
156.267
92.7164
41.8425
15.7643
4.25047
2.3045
1.51732
0.825747
0.212858
-0.367935
-0.724579
-0.824317
-0.448495
-0.54651
-0.717048
-0.931833
377.909
329.025
277.105
220.318
159.158
105.576
43.3068
19.7734
7.23701
1.98599
0.93968
0.460107
9.88607e-05
-0.40409
-0.728596
-0.797601
-0.597024
-0.566653
-0.664263
-0.453155
377.107
327.529
275.824
220.258
163.988
113.885
64.1865
26.7162
5.56247
1.84678
0.613601
0.184931
-0.152606
-0.376614
-0.549323
-0.665412
-0.73825
-0.840177
-0.974759
-0.978921
377.017
327.221
275.612
221.941
172.46
130.861
84.4821
44.9155
11.9842
1.84631
0.156336
-0.0221006
-0.224932
-0.393697
-0.528913
-0.625832
-0.695787
-0.77001
-0.843684
-0.904417
377.47
327.682
276.426
223.902
181.022
138.264
91.9525
45.1676
12.9198
0.878047
-0.101505
-0.196345
-0.322428
-0.441382
-0.535317
-0.612561
-0.68371
-0.753356
-0.815395
-0.864714
378.183
328.554
278.283
227.454
182.985
134.372
89.2573
44.0011
17.1148
0.405799
-0.315155
-0.394111
-0.435022
-0.483404
-0.539152
-0.598019
-0.664724
-0.73178
-0.793883
-0.848761
378.853
329.404
279.704
230.131
181.081
132.62
84.9399
38.8375
11.0854
-0.0455849
-0.494921
-0.526368
-0.473847
-0.495819
-0.54202
-0.594613
-0.655203
-0.716491
-0.774785
-0.828164
379.392
330.01
280.391
230.647
180.989
130.501
78.8186
29.4181
5.09209
-0.422301
-0.540979
-0.515473
-0.479018
-0.497755
-0.541386
-0.593796
-0.651233
-0.708001
-0.764336
-0.81913
379.768
330.378
280.627
230.737
180.095
128.212
74.3259
22.8505
2.98056
-0.350644
-0.472392
-0.437986
-0.439225
-0.478814
-0.531659
-0.589125
-0.64745
-0.702306
-0.756956
-0.811834
379.986
330.57
280.77
230.427
179.349
126.475
70.9595
20.3596
2.133
-0.119557
-0.312633
-0.358902
-0.400136
-0.456715
-0.522926
-0.591468
-0.649144
-0.698937
-0.751679
-0.806944
380.065
330.656
280.833
230.417
179.131
126.395
71.9989
23.9605
2.33466
0.176684
-0.134314
-0.292873
-0.378478
-0.448742
-0.51531
-0.577735
-0.635927
-0.691688
-0.748125
-0.804431
-0.903105
-0.952696
-1.00088
-1.04799
-1.09435
-1.14057
-1.18769
-1.23739
-1.29019
-1.34635
-1.40558
-1.46687
-1.5285
-1.58864
-1.64629
-1.70155
-1.75523
-1.80921
-1.86373
-1.91829
-0.905312
-0.954705
-1.0022
-1.04793
-1.09271
-1.13724
-1.1834
-1.23264
-1.28581
-1.34284
-1.40366
-1.46733
-1.53135
-1.59275
-1.65021
-1.70405
-1.75671
-1.81033
-1.86505
-1.91948
-0.909384
-0.958587
-1.0047
-1.04746
-1.08873
-1.12991
-1.17323
-1.22184
-1.27606
-1.33467
-1.39961
-1.47067
-1.54079
-1.60444
-1.6618
-1.71328
-1.76049
-1.81277
-1.86801
-1.92171
-0.917263
-0.967546
-1.01096
-1.04721
-1.08133
-1.11516
-1.15332
-1.20268
-1.26081
-1.31992
-1.38949
-1.4775
-1.5635
-1.62947
-1.68177
-1.72255
-1.76384
-1.81854
-1.87574
-1.92526
-0.931719
-0.98684
-1.02218
-1.04711
-1.06647
-1.08935
-1.12345
-1.17938
-1.24647
-1.291
-1.34249
-1.4558
-1.59639
-1.66357
-1.70895
-1.75424
-1.76797
-1.82768
-1.88496
-1.92769
-0.945064
-1.0176
-1.05131
-1.0574
-1.06071
-1.07407
-1.10271
-1.15446
-1.21414
-1.25884
-1.33066
-1.37635
-1.46689
-1.49501
-1.71453
-1.74367
-1.76712
-1.81584
-1.86378
-1.90835
-0.911339
-0.92846
-0.989013
-1.06806
-1.06138
-1.06311
-1.05809
-1.08961
-1.19096
-1.21441
-1.26102
-1.43563
-1.42525
-1.50588
-1.708
-1.74255
-1.76463
-1.80935
-1.85661
-1.90364
-0.863848
-0.88491
-0.94791
-1.06408
-1.07771
-1.03695
-0.97806
-1.02111
-1.14057
-1.11737
-1.26739
-1.44847
-1.42532
-1.46884
-1.61733
-1.76302
-1.77746
-1.81722
-1.86711
-1.92081
-0.882409
-0.889076
-0.923439
-0.858373
-0.704832
-0.682482
-0.841883
-0.94687
-0.917261
-1.05928
-1.22179
-1.38647
-1.40276
-1.37264
-1.58422
-1.803
-1.80266
-1.81818
-1.84725
-1.89986
-0.972785
-0.986947
-0.994571
-1.0035
-1.00797
-1.02264
-1.02348
-0.903708
-1.05044
-1.14728
-1.21352
-1.34267
-1.35749
-1.42246
-1.74245
-1.81856
-1.78246
-1.69677
-1.6732
-1.75317
-0.84939
-1.01476
-1.0081
-1.01815
-1.03942
-1.07719
-1.09212
-1.04335
-1.04113
-1.10947
-1.24294
-1.28304
-1.35715
-1.48394
-1.75185
-1.84926
-1.82444
-1.71108
-1.58975
-0.975625
-0.949543
-0.950661
-0.963499
-0.995502
-1.04381
-1.09931
-1.14491
-1.14182
-1.09574
-1.06759
-1.13034
-1.29108
-1.38567
-1.48073
-1.69516
-1.83798
-1.8485
-1.83807
-1.87609
-1.851
-0.938948
-0.9535
-0.965593
-0.995697
-1.04576
-1.10035
-1.14046
-1.1612
-1.15875
-1.14471
-1.11535
-1.16951
-1.34847
-1.36076
-1.60906
-1.85146
-1.87857
-1.88924
-1.88847
-1.91448
-0.901559
-0.931034
-0.962629
-1.00829
-1.05442
-1.10434
-1.14621
-1.17454
-1.18875
-1.20172
-1.20995
-1.23306
-1.29405
-1.41744
-1.52699
-1.63926
-1.69254
-1.74521
-1.89873
-1.92686
-0.897662
-0.93424
-0.969602
-1.00893
-1.05488
-1.10306
-1.14685
-1.18372
-1.21327
-1.24156
-1.27119
-1.31033
-1.36432
-1.42701
-1.54481
-1.72968
-1.7996
-1.79811
-1.91743
-1.9459
-0.877167
-0.923935
-0.967408
-1.01158
-1.05809
-1.10534
-1.15062
-1.19237
-1.23048
-1.26828
-1.30839
-1.35508
-1.41315
-1.48416
-1.58103
-1.69237
-1.78934
-1.85322
-1.90132
-1.93598
-0.870077
-0.918691
-0.965636
-1.01234
-1.05957
-1.10681
-1.15309
-1.19786
-1.24146
-1.28545
-1.33196
-1.38302
-1.44109
-1.50861
-1.58771
-1.67093
-1.74898
-1.81434
-1.86936
-1.91761
-0.864571
-0.915045
-0.96413
-1.01243
-1.06045
-1.10818
-1.15543
-1.20222
-1.24899
-1.29665
-1.34647
-1.39975
-1.45771
-1.52104
-1.58951
-1.66082
-1.73073
-1.79529
-1.85427
-1.90951
-0.860836
-0.912803
-0.963077
-1.01234
-1.06098
-1.10921
-1.15716
-1.2051
-1.25357
-1.30312
-1.35462
-1.40888
-1.46655
-1.52786
-1.59231
-1.65847
-1.72422
-1.78748
-1.84735
-1.90425
-0.858932
-0.911476
-0.962419
-1.01221
-1.06122
-1.10978
-1.15816
-1.20672
-1.25581
-1.30615
-1.35832
-1.41293
-1.4704
-1.53077
-1.59357
-1.6577
-1.72164
-1.78398
-1.84396
-1.90166
)
;
    }
    procBoundary0to2
    {
        type            processor;
        value           nonuniform List<scalar> 
200
(
-1.95814
-1.95862
-1.9595
-1.96081
-1.96249
-1.96448
-1.96664
-1.96886
-1.97075
-1.97201
-1.95823
-1.95874
-1.95968
-1.96108
-1.96291
-1.96511
-1.96753
-1.97009
-1.97229
-1.97333
-1.95833
-1.95889
-1.95992
-1.96148
-1.96356
-1.96611
-1.969
-1.97199
-1.97502
-1.9749
-1.95846
-1.95909
-1.96027
-1.9621
-1.9646
-1.96764
-1.97112
-1.97521
-1.97945
-1.97803
-1.95853
-1.95924
-1.96058
-1.96276
-1.96599
-1.96984
-1.97512
-1.97803
-1.9801
-1.97844
-1.95855
-1.95931
-1.96076
-1.96299
-1.96605
-1.97026
-1.97565
-1.97455
-1.97029
-1.96658
-1.9584
-1.95931
-1.96116
-1.96427
-1.9697
-1.97312
-1.97638
-1.97585
-1.97429
-1.97302
-1.95789
-1.95854
-1.95976
-1.96115
-1.9623
-1.96151
-1.9648
-1.96518
-1.9671
-1.97472
-1.95722
-1.95767
-1.9585
-1.9594
-1.95982
-1.95872
-1.95478
-1.94771
-1.94209
-1.91725
-1.95641
-1.95669
-1.95709
-1.95713
-1.95607
-1.95187
-1.94245
-1.92442
-1.91071
-1.81896
-1.95565
-1.95583
-1.95593
-1.95541
-1.9532
-1.94688
-1.93338
-1.90543
-1.87459
-1.78459
-1.95485
-1.955
-1.95496
-1.95416
-1.95131
-1.94387
-1.92893
-1.89337
-1.84502
-1.80723
-1.95406
-1.95421
-1.95418
-1.95344
-1.95065
-1.94344
-1.93014
-1.89067
-1.83547
-1.77813
-1.95324
-1.95342
-1.95349
-1.95304
-1.95087
-1.9448
-1.93511
-1.90158
-1.8326
-1.84028
-1.95241
-1.95264
-1.95286
-1.95283
-1.95178
-1.94859
-1.94231
-1.92662
-1.90468
-1.92055
-1.95162
-1.95187
-1.95223
-1.95254
-1.95238
-1.9512
-1.94818
-1.94112
-1.93261
-1.9379
-1.95089
-1.95115
-1.9516
-1.95214
-1.95255
-1.95258
-1.95187
-1.95021
-1.94983
-1.95515
-1.95029
-1.95055
-1.95104
-1.95169
-1.95239
-1.95302
-1.95343
-1.95375
-1.9549
-1.958
-1.94985
-1.95012
-1.95062
-1.95131
-1.95213
-1.953
-1.95387
-1.95479
-1.95605
-1.9578
-1.94963
-1.9499
-1.9504
-1.95111
-1.95197
-1.95293
-1.95393
-1.95498
-1.9561
-1.9572
)
;
    }
}


// ************************************************************************* //
