/*--------------------------------*- C++ -*----------------------------------*\
| =========                 |                                                 |
| \\      /  F ield         | OpenFOAM: The Open Source CFD Toolbox           |
|  \\    /   O peration     | Version:  2312                                  |
|   \\  /    A nd           | Website:  www.openfoam.com                      |
|    \\/     M anipulation  |                                                 |
\*---------------------------------------------------------------------------*/
FoamFile
{
    version     2.0;
    format      ascii;
    arch        "LSB;label=32;scalar=64";
    class       volScalarField;
    location    "0.58";
    object      p_rgh;
}
// * * * * * * * * * * * * * * * * * * * * * * * * * * * * * * * * * * * * * //

dimensions      [1 -1 -2 0 0 0 0];

internalField   nonuniform List<scalar> 
8000
(
408.297
408.526
408.801
409.167
409.683
410.367
411.18
412.004
412.613
412.787
408.104
408.328
408.595
408.962
409.491
410.203
411.082
412.011
412.706
412.823
407.715
407.941
408.189
408.513
409.02
409.765
410.77
411.946
412.91
412.882
407.069
407.264
407.442
407.684
408.096
408.79
409.9
411.506
413.135
412.922
406.088
406.229
406.263
406.268
406.342
406.73
407.734
409.79
412.512
412.539
404.56
404.55
404.302
404.023
403.743
403.543
403.978
405.801
409.159
410.203
402.649
402.623
402.281
401.806
400.724
399.046
397.892
398.476
401.909
404.349
326.61
323.608
314.17
318.566
332.386
320.753
304.066
303.54
327.809
378.917
93.19
90.5882
91.494
77.4684
53.2196
31.2506
19.1673
20.5762
41.8987
111.504
1.48786
1.85672
1.36624
0.800044
0.565932
0.390584
0.320226
0.310435
0.317567
0.337245
0.556275
0.857614
0.600267
0.390136
0.335918
0.311521
0.302922
0.318115
0.346027
0.362693
0.225582
0.261275
0.200891
0.191623
0.232433
0.273765
0.298015
0.335602
0.425486
0.414118
0.141944
0.130576
0.138195
0.171491
0.21447
0.249299
0.271489
0.450115
0.505015
0.408821
0.133153
0.132813
0.149886
0.174201
0.198015
0.219502
0.261431
0.475364
0.472186
0.292745
0.149356
0.143023
0.14548
0.158577
0.173048
0.188814
0.409503
0.456403
0.327634
0.241197
0.16011
0.163211
0.160546
0.149607
0.154955
0.165442
0.380278
0.382483
0.220008
0.213036
0.157389
0.1582
0.157337
0.150421
0.147965
0.154783
0.188337
0.183897
0.188345
0.191714
0.127421
0.128383
0.130675
0.138151
0.142285
0.147049
0.15149
0.159218
0.173247
0.178788
0.120522
0.121649
0.124061
0.127964
0.1322
0.135428
0.138376
0.145649
0.159877
0.358378
0.118797
0.119292
0.120558
0.122262
0.123149
0.122461
0.122806
0.133024
0.150969
0.380524
408.38
408.604
408.862
409.209
409.699
410.352
411.137
411.931
412.496
412.596
408.171
408.401
408.661
409.02
409.53
410.231
411.109
412.037
412.692
412.676
407.789
408.035
408.295
408.625
409.139
409.916
410.998
412.279
413.231
412.852
407.154
407.391
407.605
407.866
408.338
409.172
410.546
412.45
413.998
412.994
406.337
406.533
406.581
406.592
406.798
407.436
408.803
411.103
413.41
412.08
404.863
404.94
404.77
404.43
404.176
404.239
404.948
406.819
409.541
408.307
402.869
402.905
402.349
401.498
400.389
398.626
396.621
394.803
397.605
401.154
328.119
330.73
337.946
336.274
328.051
303.486
263.072
217.318
219.299
332.742
90.7228
82.5533
74.1748
53.4046
38.9429
22.6621
5.61288
0.615604
0.636508
45.9087
1.0141
1.86181
0.910273
0.429281
0.287596
0.3116
0.302138
0.297937
0.286309
0.319231
0.334336
2.26119
0.875187
0.153063
0.159238
0.224411
0.261591
0.30228
0.319417
0.334997
0.108114
0.711825
0.434472
0.0669887
0.11182
0.206911
0.265018
0.305172
0.343052
0.40625
0.0674367
0.0296744
0.0536353
0.104886
0.159906
0.213779
0.249404
0.268279
0.407156
0.48131
0.0971417
0.0857
0.10608
0.140723
0.173756
0.202776
0.224088
0.242706
0.267565
0.438564
0.131294
0.116149
0.125447
0.141587
0.157983
0.174433
0.19325
0.216263
0.228881
0.255819
0.144825
0.128159
0.132514
0.137355
0.141966
0.152073
0.173711
0.191535
0.201919
0.205762
0.129027
0.130476
0.134582
0.136679
0.140223
0.148527
0.163121
0.176216
0.195178
0.184958
0.118697
0.1235
0.127617
0.132088
0.13743
0.144207
0.155291
0.16711
0.198388
0.175199
0.1183
0.119584
0.122045
0.125736
0.12958
0.133669
0.146593
0.159709
0.187384
0.199645
0.116715
0.117329
0.118683
0.120516
0.122085
0.128356
0.148573
0.16048
0.151677
0.190305
408.494
408.711
408.921
409.2
409.6
410.146
410.805
411.465
411.917
411.972
408.283
408.504
408.735
409.026
409.446
410.031
410.763
411.518
412.016
411.961
407.96
408.218
408.422
408.677
409.083
409.719
410.6
411.595
412.252
411.856
407.443
407.702
407.829
407.992
408.335
409.006
410.112
411.519
412.41
411.346
406.762
407.001
406.999
406.853
406.953
407.474
408.558
410.025
410.933
409.437
405.684
405.849
405.533
404.838
404.46
404.391
404.684
405.406
406.387
405.216
404.755
404.789
403.77
402.139
400.599
398.878
396.924
394.886
394.359
397.894
342.025
345.714
350.405
344.297
336.025
321.166
296.979
253.509
217.917
303.393
88.2781
93.0542
78.1609
57.0989
46.6499
38.6763
23.6256
5.48036
0.595525
20.6152
1.36712
1.97684
4.03266
0.160743
0.16034
0.256826
0.292662
0.290885
0.275261
0.303602
0.673833
1.76306
0.305519
0.0974019
0.0784188
0.161802
0.236325
0.27113
0.275256
0.309757
0.887792
0.824944
0.479714
0.0641391
0.0647269
0.165174
0.234298
0.281031
0.29785
0.319969
0.146933
0.0208253
0.0395824
0.103925
0.132943
0.188509
0.222669
0.246546
0.279331
0.45656
0.0714849
0.0652236
0.0795422
0.112018
0.15104
0.182998
0.206843
0.231226
0.273536
0.525311
0.0994819
0.0981745
0.106753
0.123926
0.145025
0.16421
0.191092
0.215729
0.251681
0.495842
0.107066
0.11074
0.115442
0.124799
0.139929
0.147619
0.167961
0.213187
0.25649
0.260746
0.112123
0.115592
0.118893
0.125173
0.137762
0.142762
0.154385
0.206443
0.244447
0.18591
0.114254
0.115807
0.118602
0.123536
0.132827
0.136994
0.146112
0.207689
0.20514
0.156237
0.113494
0.114229
0.11612
0.119835
0.124679
0.130116
0.13683
0.187787
0.144413
0.137632
0.111606
0.112263
0.113878
0.11655
0.120173
0.178514
0.160476
0.140291
0.119107
0.129528
408.632
408.836
408.989
409.167
409.438
409.83
410.315
410.795
411.113
411.14
408.411
408.646
408.809
408.994
409.28
409.696
410.223
410.75
411.075
411.022
408.082
408.397
408.554
408.695
408.935
409.351
409.946
410.582
410.947
410.667
407.607
407.992
408.077
408.071
408.201
408.594
409.288
410.093
410.469
409.721
407.027
407.47
407.394
407.063
406.92
407.161
407.809
408.503
408.587
407.413
406.484
406.868
406.391
405.365
404.642
404.369
404.42
404.502
404.471
403.532
406.645
406.686
404.906
402.496
400.728
399.138
397.769
396.525
395.881
397.11
369.933
373.824
368.117
352.065
335.54
323.115
314.279
296.177
262.428
298.147
110.142
114.622
84.7293
50.6257
36.9977
35.0252
32.5838
23.2768
5.90836
16.9506
2.82386
38.3016
17.9664
0.868678
0.129667
0.183957
0.260148
0.277316
0.258135
0.312901
4.26246
0.0268194
0.115248
0.125456
0.0868223
0.108079
0.189007
0.213716
0.22106
0.299387
1.48611
0.179475
-0.0152026
0.0360875
0.0708669
0.129274
0.187831
0.227643
0.25021
0.299909
0.227055
0.0617092
0.0498303
0.107218
0.133522
0.166041
0.194407
0.251583
0.24508
0.277954
0.0522651
0.0575989
0.0689319
0.0955046
0.132402
0.159014
0.184633
0.255887
0.222559
0.298753
0.0792878
0.0778696
0.0893862
0.106231
0.127089
0.147977
0.192157
0.238547
0.225674
0.361336
0.0933765
0.0930158
0.0999925
0.111322
0.127078
0.138353
0.171854
0.229773
0.284794
0.296392
0.10324
0.104589
0.107472
0.113866
0.124189
0.132524
0.15284
0.219637
0.21315
0.18855
0.108048
0.108881
0.109961
0.113753
0.119584
0.127397
0.139405
0.169948
0.146916
0.154889
0.10646
0.107085
0.108112
0.111081
0.115623
0.12352
0.147298
0.134316
0.133022
0.136407
0.102028
0.103773
0.106036
0.109166
0.112742
0.125863
0.158091
0.124036
0.122089
0.127223
408.822
409.013
409.092
409.158
409.285
409.513
409.821
410.13
410.325
410.326
408.563
408.821
408.91
408.973
409.113
409.357
409.686
410.009
410.19
410.141
408.187
408.598
408.713
408.733
408.808
409.01
409.34
409.685
409.848
409.656
407.665
408.248
408.323
408.186
408.115
408.243
408.579
408.957
409.058
408.597
407.072
407.852
407.82
407.35
406.956
406.886
407.134
407.376
407.196
406.379
407.219
408.022
407.434
406.119
404.975
404.43
404.279
404.155
403.783
403.037
409.528
409.899
407.477
403.946
401.932
400.076
398.937
398.318
397.756
398.079
400.193
399.435
394.792
370.933
342.952
326.218
319.411
316.393
298.964
311.435
168.606
198.797
136.534
66.5933
37.2594
30.3308
31.2555
34.8353
21.501
26.4822
32.83
81.9492
28.1456
1.16847
0.17945
0.152444
0.183505
0.22706
0.240993
0.397495
11.9187
0.107282
0.121861
0.146114
0.1437
0.109867
0.115221
0.131864
0.144538
0.305952
0.00125709
0.0229266
0.0508918
0.0755613
0.105452
0.106821
0.12283
0.132075
0.147515
0.259667
-0.00209681
0.0325577
0.0714345
0.125466
0.163637
0.159935
0.171864
0.207528
0.211333
0.250371
0.0422265
0.0516519
0.0655775
0.0918572
0.131667
0.141937
0.156109
0.237559
0.210905
0.225025
0.0632207
0.0658987
0.0719976
0.0859217
0.106986
0.126103
0.154907
0.203159
0.180214
0.194542
0.0812529
0.0827565
0.0818315
0.0891812
0.102363
0.118677
0.147588
0.169452
0.17602
0.174046
0.100041
0.0987894
0.0962618
0.0966064
0.103824
0.114999
0.134842
0.140737
0.164404
0.165318
0.109846
0.104711
0.101416
0.0999339
0.103417
0.111081
0.121087
0.130313
0.140861
0.155613
0.0985709
0.099235
0.0979611
0.0987565
0.102116
0.107095
0.114387
0.12248
0.127499
0.135527
0.0822792
0.0902733
0.0936524
0.0982145
0.102661
0.105385
0.110105
0.11634
0.120064
0.124507
409.09
409.267
409.247
409.191
409.188
409.265
409.418
409.583
409.677
409.653
408.836
409.099
409.085
409.009
408.999
409.092
409.258
409.42
409.493
409.438
408.319
408.859
408.918
408.816
408.761
408.792
408.913
409.044
409.067
408.916
407.502
408.518
408.572
408.333
408.152
408.101
408.174
408.264
408.201
407.904
405.872
407.833
408.027
407.669
407.229
406.957
406.883
406.802
406.503
405.948
377.027
408.21
408.092
406.93
405.762
404.882
404.458
404.111
403.648
403.114
402.12
411.86
409.491
405.987
403.298
402.127
400.657
400.122
399.571
399.731
414.466
401.359
407.281
390.848
364.224
341.316
329.517
327.837
318.562
321.409
261.243
366.234
198.89
99.1416
54.9835
35.3156
29.6688
36.7459
32.4299
41.5007
190.557
100.643
31.9517
9.69024
0.197004
0.164608
0.140699
0.139035
0.207995
0.539146
8.84843
0.285607
0.223273
0.138549
0.167862
0.160848
0.117106
0.0796173
0.0987314
0.333862
0.0507181
0.12944
0.131134
0.129968
0.151444
0.124887
0.0839582
0.00770945
-0.0158051
0.197294
0.0562267
0.0867
0.0929307
0.144212
0.20078
0.162115
0.143072
0.132132
0.115191
0.197622
0.0529162
0.053679
0.0624427
0.113707
0.159991
0.134624
0.141641
0.176296
0.193941
0.210892
0.0579864
0.0570739
0.0567542
0.0858148
0.127088
0.111527
0.135261
0.157579
0.185079
0.188748
0.0852639
0.0862531
0.073124
0.0740198
0.0885536
0.100425
0.122578
0.13898
0.157603
0.164897
0.119932
0.115952
0.0967548
0.0792007
0.0909282
0.0967954
0.111711
0.125542
0.143316
0.150894
0.165438
0.126458
0.0995409
0.0829305
0.0901358
0.0941367
0.104586
0.118694
0.132209
0.142116
0.423525
0.0974814
0.0851392
0.0815379
0.0873123
0.0929154
0.100396
0.11005
0.119925
0.126157
0.690178
0.093246
0.0701974
0.0816579
0.0901967
0.095007
0.099635
0.105431
0.111775
0.115338
409.459
409.595
409.433
409.236
409.121
409.092
409.131
409.188
409.209
409.167
409.271
409.491
409.303
409.064
408.93
408.905
408.958
409.007
409.002
408.937
408.678
409.21
409.106
408.863
408.743
408.686
408.669
408.649
408.572
408.428
407.485
408.828
408.783
408.443
408.226
408.143
408.052
407.936
407.745
407.544
404.369
407.345
407.893
407.93
407.667
407.395
407.094
406.708
406.268
405.857
370.193
407.419
408.229
407.847
407.025
406.156
405.231
404.299
403.729
403.266
322.494
412.049
410.872
408.464
406.236
404.227
402.607
401.91
400.808
400.841
351.124
404.774
391.942
397.411
392.65
371.861
349.469
338.658
325.506
310.896
405.645
404.063
256.496
154.492
99.8269
68.0332
47.8636
48.1027
43.8327
58.1324
331.949
84.1292
32.2413
15.2627
8.19892
2.162
0.24115
0.0864722
0.155721
0.619414
17.8854
0.714496
0.576274
0.283041
0.186876
0.215738
0.182914
0.118201
0.156567
0.452786
0.288732
0.370662
0.44801
0.366325
0.187948
0.187952
0.124622
-0.00308038
-0.0941065
0.181226
0.170285
0.216098
0.296478
0.319855
0.171171
0.172643
0.142135
0.0749957
-0.00514047
0.138659
0.130853
0.0868753
0.0272012
0.0983512
0.130481
0.129588
0.142175
0.141285
0.150269
0.193005
0.101077
0.100494
0.0409514
0.0430682
0.0878316
0.0995854
0.131964
0.157355
0.183425
0.193351
0.133049
0.167565
0.0707783
0.0388115
0.0843579
0.0788214
0.108367
0.135403
0.150367
0.173095
0.0828124
0.155537
0.102012
0.0545681
0.0821998
0.0698022
0.0911314
0.126651
0.123544
0.149649
0.181995
0.235208
0.106458
0.0510394
0.0719914
0.0682496
0.0809638
0.113694
0.116392
0.12569
2.8549
1.3188
0.0846603
0.056945
0.0727323
0.0736813
0.0785475
0.0925199
0.10949
0.112773
4.49487
2.66081
0.0473894
0.0592148
0.0762414
0.079373
0.0838633
0.0911567
0.100507
0.104752
410.011
409.978
409.599
409.245
409.044
408.958
408.941
408.935
408.912
408.865
409.973
409.974
409.452
409.031
408.835
408.762
408.761
408.747
408.695
408.638
409.451
409.623
409.129
408.723
408.668
408.604
408.535
408.437
408.289
408.182
408.198
408.95
408.519
408.027
408.121
408.214
408.094
407.864
407.562
407.351
403.934
404.957
406.932
407.399
407.845
407.895
407.541
406.962
406.35
405.937
401.848
379.174
407.67
408.644
408.378
407.669
406.552
405.356
404.229
403.621
359.261
386.249
412.576
411.443
409.881
407.846
405.297
403.558
401.35
400.984
314.839
392.479
395.734
399.706
411.182
392.878
365.205
345.341
325.008
302.154
205.1
180.909
359.893
247.28
210.142
156.483
104.137
79.9326
71.4985
79.5325
19.9147
4.76018
22.0351
17.2899
10.6398
2.35599
0.384943
0.208904
0.113726
1.16226
2.4221
2.60182
1.34851
0.659247
0.335005
0.327327
0.283698
0.186416
0.229233
0.73093
1.44254
1.51243
1.06502
0.686175
0.292728
0.2758
0.200855
0.0523457
-0.0677404
0.228646
1.81354
0.334431
1.38393
0.830603
0.220379
0.213057
0.173421
0.062148
-0.0977605
0.119102
0.175012
0.118235
1.15827
0.559956
0.13473
0.137729
0.153715
0.127288
0.101147
0.185166
0.0110668
0.172596
0.911753
0.987929
0.0751924
0.0813677
0.11892
0.16024
0.192541
0.215674
0.00373857
1.05167
0.63615
1.01267
0.0417825
0.0383776
0.0722218
0.130596
0.16038
0.183272
0.0321866
2.92744
0.595151
0.465515
0.0494496
0.0192998
0.0378195
0.104
0.111738
0.148412
0.106451
4.92739
0.704306
0.123098
0.0503407
0.0203178
0.0283209
0.066674
0.0856138
0.109603
1.18255
5.82482
1.00644
0.0213723
0.0490186
0.0328148
0.0358578
0.0533637
0.0817497
0.0943194
4.4741
4.67016
0.543365
0.0343008
0.0541754
0.0522019
0.0537765
0.0654508
0.0832861
0.0899609
410.65
410.212
409.452
408.955
408.793
408.766
408.782
408.778
408.745
408.695
410.881
410.286
409.112
408.459
408.418
408.508
408.582
408.584
408.533
408.482
410.361
409.723
408.057
407.115
407.776
408.29
408.362
408.298
408.146
408.059
408.579
408.16
406.602
405.938
406.174
407.715
408.023
407.825
407.462
407.309
402.128
403.933
403.541
406.104
407.086
407.952
407.847
407.193
406.484
406.099
394.384
403.733
342.36
408.229
408.721
408.595
407.481
406.094
404.686
404.096
267.896
318.334
368.012
413.674
412.329
410.47
407.351
404.981
402.067
401.418
141.312
354.075
415.484
415.588
415.322
391.68
359.514
339.112
316.153
304.121
27.6549
77.2134
284.045
318.772
305.692
247.745
167.554
102.525
84.7681
104.241
4.24965
5.40608
4.80588
7.72098
9.49812
6.81055
0.832705
0.75847
0.715401
2.11695
3.05818
4.812
2.49182
1.06934
0.576725
0.465856
0.403786
0.276845
0.302119
1.19861
3.70782
5.16035
1.34854
0.71658
0.469972
0.385679
0.281926
0.109497
-0.0153512
0.356114
3.45498
2.66315
1.87829
0.587861
0.319258
0.258027
0.211465
0.0602572
-0.125687
0.151153
1.23217
3.30053
14.9319
1.5744
0.163259
0.130142
0.183943
0.126721
0.074416
0.202677
0.380942
14.4012
23.1232
5.41337
0.0514804
0.0383574
0.0977009
0.192612
0.211571
0.241838
0.182399
24.8534
25.5453
9.05271
-0.00506009
-0.0250776
0.00683419
0.159305
0.194903
0.198147
0.310605
25.6859
26.5426
9.30417
-0.0182539
-0.0464416
-0.0519819
0.0436522
0.111773
0.13613
0.043628
22.894
18.1728
3.55544
-0.00664251
-0.029672
-0.05112
-0.0226079
0.0520261
0.0908437
0.0872944
1.57937
0.999054
0.598308
0.0167514
0.00479205
-0.0208548
-0.0166029
0.041674
0.0718215
0.709988
0.13644
0.0782269
0.172178
0.0442475
0.0350166
0.0150555
0.021158
0.0562872
0.0696319
410.859
410.328
409.138
408.708
408.602
408.639
408.696
408.711
408.681
408.633
410.34
410.085
408.134
407.819
408.202
408.365
408.486
408.52
408.473
408.433
407.295
409.132
406.424
405.504
407.296
408.052
408.26
408.234
408.091
408.027
405.277
407.283
405.347
399.705
396.901
406.522
408.033
407.845
407.444
407.342
398.945
401.23
401.962
358.741
376.346
407.74
408.076
407.32
406.579
406.239
354.858
380.586
333.92
339.112
401.653
409.005
407.927
406.433
404.989
404.519
198.9
297.71
345.96
396.377
412.857
411.112
407.755
405.189
402.363
402.074
34.4513
229.55
415.523
417.401
415.649
397.18
358.551
328.669
311.927
304.845
10.2901
31.081
194.279
225.62
233.004
208.103
159.479
107.799
75.3046
116.024
4.96919
10.5448
4.56521
1.83351
1.16054
1.10839
1.04495
0.99405
1.2646
3.24756
3.39766
19.7104
1.66647
1.033
0.864785
0.668221
0.500806
0.348439
0.362587
1.24915
2.96422
21.7047
1.3554
0.790766
0.768878
0.613167
0.372008
0.152456
0.00976246
0.38449
4.46123
22.6694
1.42783
0.673326
1.13579
1.07153
0.350984
0.0813971
-0.106979
0.189533
16.9515
23.8503
5.39889
0.696932
1.44386
2.15309
0.537982
0.157325
0.10459
0.241514
25.0064
25.2424
18.8335
1.40952
1.15586
2.58292
1.68518
0.301169
0.263113
0.276345
26.0362
26.6133
26.0825
3.30706
0.522749
2.24789
3.47858
0.441011
0.223919
0.227368
18.5936
27.7588
27.1697
4.97468
0.0880233
0.90891
4.12016
0.878173
0.114555
0.156427
1.83315
11.378
28.3006
5.87112
0.0455394
0.000357575
2.76988
1.35627
0.051577
0.0934346
0.214272
0.0996624
10.1978
4.99885
0.0488316
0.0100147
0.90222
1.49737
0.0283183
0.0572622
0.328775
0.124237
0.103429
1.33576
0.145821
0.0376677
0.191462
1.32481
0.0324741
0.0495042
410.838
410.353
409.094
408.516
408.496
408.612
408.7
408.73
408.707
408.66
410.008
410.332
408.139
407.486
407.787
408.269
408.48
408.544
408.503
408.464
407.238
409.131
405.964
404.683
406.794
408.019
408.252
408.257
408.129
408.066
405.674
405.79
404.106
394.583
394.695
405.75
408.042
407.9
407.503
407.402
397.983
400.76
389.729
349.566
359.869
405.982
408.215
407.452
406.679
406.344
302.243
357.206
331.84
337.284
393.086
408.814
408.103
406.625
405.135
404.721
268.988
335.05
365.142
397.446
410.204
410.133
407.863
405.497
402.611
402.554
39.4871
90.0843
326.152
380.789
408.544
408.615
367.896
325.878
308.013
306.17
8.076
10.1829
42.086
82.6972
124.579
147.162
138.478
118.933
89.3307
133.353
4.50233
4.42115
2.92729
1.8996
1.84499
1.68944
1.0656
0.994911
1.20677
3.67756
2.83727
4.36919
1.36473
1.32611
1.26641
0.880237
0.544734
0.380113
0.356992
1.00915
4.10654
14.8191
0.954324
0.991262
0.969626
0.732256
0.460132
0.180521
0.0361496
0.343157
4.73265
22.211
0.99665
0.761668
5.25941
4.73796
0.579357
0.118504
-0.0455014
0.207771
6.54495
23.4001
4.75778
0.933872
18.7963
19.11
1.03404
0.23508
0.16222
0.262355
19.2833
24.9661
20.1913
12.8509
21.5123
20.7326
8.43717
0.443589
0.335362
0.307345
26.4391
26.5671
26.0271
25.588
24.6311
22.8502
21.5216
1.07191
0.303498
0.267783
27.5502
27.9209
27.2861
26.154
24.1376
23.3322
22.8934
4.30555
0.169332
0.187614
26.5412
19.2828
21.891
20.5519
7.48419
18.241
24.0422
13.8261
0.0991293
0.114541
5.23392
0.17509
2.20424
0.470447
0.0935662
2.02201
22.8701
17.9269
0.178809
0.0652216
0.0560024
0.105099
0.0955097
0.117649
0.13228
0.0808867
4.57195
3.80967
0.167034
0.0466493
410.497
410.147
409.378
408.888
408.75
408.756
408.81
408.836
408.82
408.777
410.67
410.15
408.97
408.348
408.316
408.455
408.596
408.644
408.612
408.57
409.627
408.94
407.298
406.517
407.43
408.122
408.345
408.349
408.235
408.16
405.936
405.226
402.88
404.323
405.456
407.119
407.917
407.871
407.569
407.439
401.374
403.711
364.644
383.389
407.165
407.871
407.94
407.37
406.683
406.317
382.757
359.349
381.573
404.947
408.544
408.519
407.69
406.423
405
404.481
345.205
387.504
403.837
408.755
409.859
410.074
407.768
405.588
402.662
402.145
225.9
179.831
393.08
406.329
410.558
397.215
362.262
342.978
322.221
309.607
49.4625
8.34281
56.8546
97.3742
191.637
236.133
197.867
122.75
90.6497
116.191
2.4731
2.77948
1.68485
1.63119
1.99677
2.25205
0.898818
0.828796
0.683586
1.88216
1.06897
1.11532
0.943355
1.08729
0.986446
0.710708
0.479595
0.33532
0.304702
0.975343
0.869025
0.66743
0.734698
0.789265
0.790309
0.633581
0.380159
0.198223
0.0636132
0.301612
0.204922
0.651263
0.587194
0.550154
1.45567
1.21491
0.368974
0.142217
-0.0171152
0.183078
0.0781572
0.427079
0.951648
2.78393
3.84874
2.38035
0.526634
0.214987
0.155615
0.231464
0.0555292
0.707375
1.15857
5.39489
7.07927
5.14827
1.22121
0.344267
0.290742
0.274569
0.619703
0.962567
0.859758
3.04784
7.62957
15.12
6.63245
0.548614
0.273162
0.248197
1.6247
0.949099
0.285727
0.399304
2.98206
22.3776
18.2514
1.5664
0.166136
0.182401
1.56197
0.434779
0.0164381
0.00953534
0.695404
22.5892
23.4059
4.11856
0.0699021
0.115759
0.844451
0.265226
0.111635
0.113614
0.40265
22.5735
23.6934
5.58101
0.0251181
0.0704145
0.321402
0.194475
0.240599
0.187424
2.0286
8.02269
13.517
4.39271
0.0205373
0.0557978
409.646
409.701
409.393
409.105
408.978
408.962
409.003
409.037
409.038
409.001
409.386
409.491
409.091
408.806
408.712
408.739
408.815
408.854
408.829
408.782
407.95
408.416
408.388
408.296
408.455
408.556
408.594
408.554
408.45
408.344
404.975
405.24
406.502
407.001
407.63
408.074
408.141
408.001
407.72
407.53
397.155
373.307
398.037
407.444
407.945
408.077
407.805
407.243
406.621
406.22
347.694
390.391
408.625
408.917
408.772
408.145
407.038
405.821
404.582
404.02
364.821
408.027
409.248
410.69
410.243
408.758
406.158
404.25
401.653
401.46
413.968
409.681
407.247
403.799
407.502
398.416
373.147
350.026
323.958
304.672
292.341
158.577
159.611
317.566
310.18
209.721
115.49
85.6996
69.5527
83.4429
46.1183
1.53576
1.33602
27.6704
27.0797
10.4968
0.543589
0.304642
0.151112
0.79855
0.243328
0.395603
0.534385
0.565165
0.512607
0.426319
0.356737
0.261487
0.241154
0.509907
0.325191
0.320843
0.432334
0.470093
0.402311
0.358642
0.279938
0.155481
0.0388505
0.211502
0.214503
0.203314
0.26185
0.302089
0.218561
0.231666
0.229249
0.136881
0.0136981
0.149513
0.133882
0.0839608
0.0907801
0.323186
0.0634352
0.123219
0.211315
0.189386
0.144811
0.196077
0.0863606
0.0392524
0.0192506
0.306251
-0.0231499
0.0469459
0.174311
0.221144
0.223849
0.223079
0.0573349
0.0241986
0.0113966
0.206561
-0.0696205
0.0237722
0.141569
0.213115
0.213826
0.203254
0.0377217
0.024652
0.00495906
0.129726
-0.0756652
0.0101355
0.509095
0.148532
0.140012
0.158465
0.075238
0.0661919
0.0497694
0.129598
-0.0321635
-0.0523328
0.778759
0.0306156
0.0689414
0.110411
0.362117
0.123396
0.159756
0.178004
0.0334481
-0.0336484
0.453617
-0.0201101
0.040498
0.0778145
0.565471
0.685411
0.836792
0.331088
0.119273
0.0483625
0.111813
0.024252
0.048417
0.0702313
409.143
409.353
409.253
409.127
409.092
409.14
409.241
409.343
409.392
409.362
408.684
409.074
409.017
408.89
408.866
408.94
409.068
409.168
409.193
409.139
407.145
408.336
408.596
408.548
408.621
408.707
408.784
408.821
408.776
408.65
403.399
406.255
407.578
407.778
407.971
408.124
408.188
408.135
407.954
407.725
361.714
397.897
408.002
408.06
407.92
407.713
407.433
407.037
406.572
406.185
352.279
409.449
409.603
408.831
407.811
406.778
405.778
404.794
404.069
403.635
398.501
413.478
412.25
410.102
407.767
405.506
403.522
402.286
400.684
400.949
420.195
415.799
398.626
395.769
402.32
381.393
355.897
339.532
322.507
312.342
320.905
287.806
366.817
264.357
153.984
83.2855
53.9338
52.0283
40.3182
59.738
24.7855
9.79482
60.8413
64.9853
33.5366
6.68973
0.282698
0.128443
0.308679
0.419886
0.25454
0.160809
0.136432
0.241994
0.29028
0.282795
0.241239
0.179458
0.181905
0.320521
0.298518
0.305324
0.29968
0.281057
0.259075
0.248523
0.194632
0.104049
0.0700373
0.190873
0.230946
0.239898
0.228311
0.198785
0.189824
0.200251
0.190452
0.146463
0.094946
0.166777
0.152772
0.149143
0.128539
0.1097
0.119201
0.147895
0.179918
0.189937
0.167056
0.18753
0.106191
0.0923977
0.0676155
0.0543093
0.0684484
0.0955561
0.153598
0.19534
0.201775
0.193967
0.0820904
0.0774289
0.0464026
0.0291687
0.0312787
0.0389034
0.0990144
0.149167
0.187781
0.178767
0.0638314
0.0808388
0.0517715
0.031381
0.014791
-0.0028008
0.0258513
0.091397
0.138698
0.149338
0.0686278
0.0952315
0.0734841
0.0560501
0.0321017
-0.00114732
-0.0142659
0.0440539
0.0907504
0.116097
0.0997819
0.103228
0.103551
0.0921831
0.0696186
0.0264961
0.0128882
0.0390557
0.07543
0.0932521
0.346226
0.128436
0.132381
0.131468
0.114828
0.0681095
0.0472809
0.0576198
0.0792491
0.0888132
408.928
409.134
409.158
409.164
409.23
409.379
409.592
409.8
409.922
409.91
408.514
408.882
408.954
408.96
409.026
409.21
409.439
409.644
409.745
409.703
407.622
408.494
408.724
408.747
408.823
408.923
409.108
409.282
409.331
409.194
406.058
407.37
408.163
408.184
408.179
408.256
408.409
408.526
408.471
408.187
373.108
408.09
408.541
408.106
407.668
407.35
407.255
407.121
406.787
406.276
399.625
410.04
409.58
408.077
406.58
405.305
404.924
404.412
403.784
403.393
415.214
413.85
411.537
407.962
404.954
403.175
401.418
400.353
399.327
399.831
408.647
406.124
396.943
401.15
375.261
345.164
331.325
327.717
314.656
324.916
301.708
360.263
316.878
143.333
71.9512
37.8001
32.1417
39.8649
27.8565
41.2494
7.98425
28.8297
70.1338
60.3676
26.6959
0.192285
0.102901
0.196816
0.250506
0.365519
0.259916
0.183816
0.16361
0.212249
0.204968
0.189267
0.131276
0.14935
0.184858
0.255701
0.201167
0.25496
0.235111
0.1978
0.174191
0.161106
0.127926
0.121544
0.147811
0.204589
0.189707
0.213231
0.21296
0.171177
0.162858
0.175885
0.180885
0.173625
0.172614
0.196776
0.137887
0.154199
0.149319
0.124945
0.131565
0.161062
0.197508
0.205626
0.184336
0.193817
0.112254
0.108848
0.103828
0.0950583
0.106572
0.132804
0.179088
0.194002
0.1976
0.190095
0.103109
0.0968868
0.0884159
0.0803702
0.0860899
0.104563
0.131037
0.160973
0.18754
0.17843
0.0966108
0.0953802
0.0893768
0.0780619
0.0766347
0.0850006
0.0992271
0.123858
0.153995
0.159944
0.095826
0.0984678
0.0964267
0.0873776
0.0878396
0.0842178
0.0794238
0.101054
0.117242
0.129322
0.101552
0.110049
0.110569
0.106432
0.117061
0.0980657
0.0792067
0.0918751
0.104448
0.110768
0.11148
0.123704
0.126993
0.125955
0.140014
0.120894
0.0877228
0.0931058
0.100803
0.104943
408.81
408.998
409.109
409.226
409.414
409.705
410.067
410.415
410.637
410.65
408.541
408.794
408.927
409.045
409.252
409.561
409.942
410.304
410.513
410.476
408.163
408.561
408.743
408.829
408.974
409.24
409.62
409.999
410.185
410.011
408.059
408.186
408.391
408.321
408.333
408.534
408.906
409.287
409.4
408.973
407.478
408.507
408.43
407.905
407.446
407.343
407.54
407.7
407.503
406.783
409.586
409.448
408.652
407.071
405.492
405.003
404.788
404.394
403.898
403.38
412.325
411.755
409.238
405.599
403.256
401.188
399.69
398.547
397.717
398.498
393.003
387.312
393.589
379.323
345.882
326.216
320.355
313.939
291.395
315.089
239.026
302.329
182.143
80.91
41.5706
29.3798
33.4383
33.1752
15.1663
26.1477
6.10127
24.6193
47.8057
36.6373
6.38574
0.102299
0.150484
0.265889
0.282462
0.304282
0.129631
0.168756
0.192475
0.186253
0.146076
0.0871856
0.0809428
0.18217
0.215502
0.251315
0.138765
0.178993
0.174676
0.138586
0.100495
0.0850625
0.106488
0.167672
0.195759
0.238074
0.194034
0.215522
0.199755
0.1528
0.141233
0.14884
0.180591
0.197588
0.197108
0.223675
0.139986
0.157987
0.158318
0.133764
0.135127
0.15584
0.199062
0.207395
0.192869
0.20955
0.12373
0.113169
0.124847
0.120326
0.125711
0.160376
0.191309
0.189975
0.185765
0.200555
0.131098
0.113361
0.114884
0.111658
0.117306
0.143661
0.155746
0.170488
0.189369
0.18894
0.129312
0.114668
0.114534
0.114042
0.129412
0.144511
0.129353
0.14323
0.161734
0.167988
0.11673
0.114589
0.114575
0.175204
0.302646
0.136615
0.112113
0.124513
0.134005
0.140313
0.116412
0.119092
0.120304
0.235008
0.327518
0.217164
0.101502
0.110804
0.119714
0.124093
0.122764
0.12628
0.127589
0.221306
0.347959
0.334025
0.116648
0.103304
0.111053
0.114981
408.722
408.915
409.095
409.317
409.644
410.093
410.628
411.147
411.491
411.53
408.52
408.738
408.929
409.161
409.502
409.975
410.551
411.117
411.469
411.429
408.24
408.52
408.711
408.893
409.192
409.669
410.309
410.976
411.365
411.107
407.979
408.198
408.309
408.342
408.535
408.982
409.697
410.504
410.9
410.208
408.091
408.113
407.98
407.611
407.436
407.665
408.264
408.894
409.01
407.983
407.953
407.884
407.205
405.992
405.25
405.083
405.023
404.872
404.832
404.141
407.657
407.744
406.017
403.6
401.871
400.146
398.366
396.751
396.231
398.074
362.2
363.917
367.765
353.184
333.148
322.82
314.166
289.172
255.586
304.287
141.359
162.227
99.0661
51.9445
32.8773
33.8352
35.3543
19.1236
2.70413
18.855
0.618103
13.3267
13.9275
7.80428
0.135173
0.133058
0.198147
0.274903
0.274934
0.28194
0.0600538
0.129222
0.190482
0.176551
0.122309
0.0581275
0.107267
0.207083
0.234334
0.267636
0.0776451
0.14346
0.152889
0.113468
0.0673523
0.0499951
0.130496
0.210656
0.23711
0.264301
0.123533
0.147417
0.161633
0.159714
0.153482
0.147299
0.192804
0.219607
0.222533
0.248548
0.131341
0.122633
0.139699
0.153816
0.155686
0.16187
0.207494
0.212821
0.208343
0.232388
0.125751
0.117534
0.131558
0.136633
0.142964
0.180295
0.207062
0.185349
0.198649
0.215257
0.129242
0.124066
0.130294
0.133345
0.140848
0.186744
0.182457
0.177131
0.186013
0.195286
0.130612
0.127954
0.133527
0.167708
0.179067
0.174086
0.154166
0.160454
0.166822
0.171419
0.126344
0.126911
0.135158
0.265749
0.309612
0.145166
0.137521
0.141242
0.147387
0.150231
0.126392
0.12795
0.139619
0.334179
0.343367
0.136473
0.123965
0.125095
0.131194
0.134771
0.129133
0.13058
0.138912
0.331164
0.357083
0.139388
0.114926
0.112515
0.118905
0.122733
408.632
408.843
409.083
409.407
409.863
410.465
411.175
411.874
412.351
412.417
408.447
408.663
408.912
409.248
409.724
410.368
411.153
411.948
412.473
412.429
408.13
408.379
408.619
408.925
409.397
410.097
411.033
412.065
412.744
412.372
407.696
407.91
408.056
408.284
408.709
409.444
410.591
412.023
412.935
411.939
407.2
407.375
407.397
407.267
407.42
407.989
409.09
410.581
411.562
410.223
406.199
406.289
405.87
405.087
405.043
405.148
405.411
406.112
407.216
406.273
404.964
405.306
404.277
402.985
401.509
399.608
397.154
395.348
395.88
399.482
337.69
344.577
348.446
341.63
332.477
320.435
292.539
249.49
221.739
314.058
87.0436
90.3717
73.2919
47.788
41.694
42.3738
24.0627
3.49037
0.650623
26.7969
0.607291
0.453835
0.36815
0.530258
0.192711
0.199217
0.241867
0.282598
0.281227
0.284546
0.0902378
0.122416
0.189901
0.200333
0.141364
0.0877551
0.155811
0.236051
0.271378
0.290563
0.0736792
0.121076
0.191476
0.150676
0.0825983
0.0620611
0.170342
0.250515
0.275959
0.296455
0.124265
0.127839
0.149873
0.178632
0.150219
0.145517
0.205421
0.237416
0.264258
0.28115
0.154226
0.139287
0.145385
0.148047
0.148968
0.176876
0.215612
0.229961
0.256851
0.268447
0.156807
0.167249
0.169669
0.179277
0.182333
0.184888
0.207836
0.230669
0.270602
0.284114
0.14225
0.14557
0.184047
0.206572
0.210411
0.191603
0.202938
0.223666
0.215903
0.202845
0.138081
0.140901
0.155244
0.206107
0.169352
0.184486
0.183328
0.196936
0.178551
0.176865
0.134738
0.135934
0.139104
0.188072
0.153987
0.157729
0.164391
0.16404
0.162339
0.157378
0.134079
0.135025
0.135502
0.17315
0.215211
0.136324
0.148358
0.143177
0.137888
0.140112
0.134444
0.134611
0.133385
0.173316
0.277472
0.126589
0.134766
0.127639
0.118292
0.12665
408.543
408.77
409.055
409.448
409.994
410.706
411.544
412.379
412.968
413.077
408.332
408.567
408.857
409.267
409.839
410.603
411.538
412.509
413.189
413.184
407.937
408.193
408.496
408.887
409.474
410.326
411.474
412.802
413.771
413.411
407.267
407.519
407.787
408.133
408.705
409.625
411.074
413.036
414.6
413.647
406.41
406.633
406.759
406.869
407.192
407.939
409.422
411.854
414.225
413.011
404.7
404.831
404.739
404.564
404.692
404.966
405.815
407.898
410.797
409.723
402.235
402.515
402.338
402.262
401.1
398.932
396.621
396.184
400.977
403.198
318.181
323.494
329.723
328.29
323.497
298.842
258.493
223.938
245.115
344.486
82.3961
76.8864
69.1348
51.7923
41.5236
25.1025
5.78691
0.588128
4.17221
56.1013
0.734206
0.46613
0.304316
0.335707
0.294159
0.27237
0.278755
0.279074
0.284074
0.310596
0.188951
0.160138
0.190272
0.29167
0.185942
0.14994
0.195337
0.251611
0.296344
0.322923
0.0733359
0.0730719
0.120558
0.172828
0.104808
0.0908493
0.194308
0.287283
0.314064
0.336371
0.134365
0.111497
0.112312
0.123498
0.105686
0.136482
0.222482
0.261612
0.341164
0.39322
0.203697
0.181903
0.135452
0.125818
0.128404
0.179515
0.21695
0.240643
0.381195
0.430349
0.21678
0.2098
0.196915
0.160787
0.162496
0.18522
0.20296
0.224483
0.403662
0.408909
0.1834
0.199792
0.206396
0.212224
0.219577
0.211605
0.197713
0.20916
0.345304
0.392886
0.145264
0.151522
0.15623
0.175793
0.179363
0.194432
0.196082
0.187669
0.266417
0.301455
0.140888
0.142076
0.145089
0.14819
0.150445
0.155484
0.179531
0.167211
0.192464
0.17301
0.140221
0.141325
0.14221
0.141334
0.140315
0.14299
0.164761
0.148204
0.141446
0.146683
0.138736
0.138599
0.138112
0.13505
0.131813
0.131862
0.142106
0.131392
0.126914
0.137246
408.463
408.7
409.004
409.416
409.989
410.732
411.599
412.463
413.098
413.284
408.259
408.495
408.795
409.214
409.805
410.582
411.52
412.493
413.214
413.345
407.839
408.085
408.379
408.769
409.351
410.173
411.248
412.476
413.463
413.456
407.118
407.344
407.588
407.921
408.434
409.224
410.427
412.109
413.752
413.576
405.995
406.19
406.32
406.45
406.66
407.193
408.369
410.579
413.292
413.357
404.144
404.204
404.096
404.08
404.118
404.175
404.884
407.002
410.343
411.3
401.588
401.637
401.744
402.049
400.927
398.911
397.688
399.195
403.268
405.706
315.27
307.022
299.557
315.657
327.399
315.083
300.875
309.553
342.14
382.061
92.4299
89.7074
86.9443
72.165
50.2893
31.6086
20.2252
25.7708
54.9943
116.254
1.89701
1.45394
0.940922
0.651606
0.5597
0.45367
0.340364
0.28461
0.300681
0.322717
0.707201
0.579335
0.449526
0.40106
0.332918
0.307463
0.283513
0.291645
0.323693
0.346398
0.287606
0.243683
0.216209
0.23686
0.20158
0.212479
0.273556
0.327558
0.347265
0.365243
0.214594
0.191525
0.174865
0.169693
0.174533
0.217695
0.273852
0.303639
0.336727
0.442118
0.207417
0.196728
0.183514
0.17866
0.190359
0.226712
0.253155
0.265182
0.311722
0.453416
0.187226
0.184448
0.182929
0.183679
0.198688
0.217244
0.224535
0.234134
0.299713
0.428206
0.175106
0.174042
0.17379
0.176485
0.189917
0.22262
0.222011
0.212525
0.289156
0.407552
0.158351
0.163948
0.16575
0.167906
0.181789
0.197724
0.212093
0.188411
0.252407
0.389268
0.148494
0.151223
0.154764
0.158006
0.158895
0.161485
0.168134
0.168563
0.201187
0.263629
0.144619
0.14516
0.146177
0.146474
0.146393
0.149345
0.151558
0.155158
0.155916
0.166958
0.140827
0.140717
0.140579
0.13925
0.138018
0.138503
0.140917
0.144165
0.145929
0.170462
0.118098
0.11802
0.118186
0.117863
0.115594
0.109716
0.10777
0.124251
0.139398
0.378566
0.118473
0.117826
0.117007
0.115355
0.112214
0.102477
0.102245
0.119107
0.12771
0.380004
0.119225
0.118105
0.116526
0.114426
0.112405
0.107347
0.111019
0.121756
0.229352
0.23438
0.119359
0.117784
0.115334
0.112661
0.112063
0.119503
0.15413
0.231114
0.28537
0.126724
0.117949
0.115784
0.11215
0.107598
0.105478
0.151122
0.276712
0.277972
0.237057
0.105614
0.114298
0.111599
0.10687
0.100186
0.0948069
0.111151
0.180018
0.205037
0.101053
0.0968759
0.107938
0.105254
0.100724
0.093647
0.0854254
0.0838644
0.0844451
0.0864309
0.0879239
0.0890031
0.098645
0.0965062
0.0937161
0.0884352
0.081459
0.0768602
0.0760618
0.0773698
0.0798086
0.0830924
0.0863387
0.0856839
0.085011
0.0834188
0.0810061
0.0780122
0.0748541
0.0751766
0.0775481
0.080194
0.0721892
0.072939
0.0744316
0.0761236
0.0779209
0.0785669
0.0773029
0.0765945
0.0772015
0.0783309
0.0579875
0.0598259
0.0629204
0.0667543
0.0709578
0.0742724
0.0755538
0.0751627
0.0750731
0.0753332
0.0458548
0.0482856
0.0522027
0.0570741
0.0621747
0.0664521
0.0690946
0.0697194
0.069976
0.0701747
0.0370038
0.0394455
0.0434709
0.0484646
0.0535019
0.0577774
0.0608033
0.0622349
0.0629726
0.0633527
0.0311608
0.0333565
0.0368398
0.0411914
0.0455996
0.0494255
0.0523215
0.0540721
0.0550579
0.0555659
0.0276662
0.028815
0.0313878
0.0347596
0.0382817
0.0414363
0.0439509
0.0456464
0.0466624
0.0471979
0.0241276
0.0244649
0.0261592
0.0285292
0.0311415
0.0335727
0.0356022
0.0370634
0.0379828
0.0384652
0.0195211
0.0194151
0.0204652
0.0220148
0.0238481
0.0256273
0.0271835
0.0283665
0.0291405
0.0295416
0.013717
0.0134914
0.0141169
0.0150482
0.0162681
0.0175247
0.01869
0.0196288
0.020269
0.020597
0.00744275
0.00714805
0.00739037
0.00780493
0.0085341
0.00938917
0.0102647
0.0110287
0.0115767
0.0118563
0.00173008
0.00108104
0.000807765
0.000707727
0.00100602
0.00154313
0.00221351
0.00287244
0.00337604
0.00363478
0.116401
0.116409
0.116588
0.116429
0.115573
0.120691
0.157729
0.15522
0.11864
0.139739
0.117994
0.117194
0.115946
0.113728
0.110685
0.111899
0.146438
0.124918
0.121489
0.301111
0.12039
0.118846
0.116189
0.11213
0.111224
0.103085
0.120182
0.105357
0.123486
0.377632
0.122308
0.120009
0.115895
0.110012
0.112265
0.102338
0.115684
0.107056
0.147285
0.21388
0.12248
0.119405
0.11407
0.105436
0.103485
0.096789
0.122903
0.127232
0.264455
0.109059
0.119628
0.115811
0.10959
0.0991844
0.0898047
0.0848166
0.10112
0.175698
0.266323
0.101462
0.112969
0.109343
0.103526
0.0939943
0.084661
0.0788657
0.0872615
0.169647
0.140999
0.0883258
0.102317
0.0999899
0.096232
0.0902722
0.0858117
0.0937499
0.11915
0.16481
0.0833456
0.0825022
0.0879943
0.087331
0.0864794
0.0849159
0.0860114
0.123304
0.15422
0.124941
0.0773069
0.0804308
0.0708758
0.0721346
0.0741163
0.0767242
0.0810135
0.0976291
0.108428
0.0808224
0.0772506
0.0794692
0.0538148
0.0567223
0.0607818
0.066201
0.0721435
0.076823
0.0784335
0.076698
0.0765019
0.0769043
0.0405252
0.0441102
0.0491461
0.0557683
0.0624048
0.0679586
0.0712574
0.071439
0.071474
0.0716118
0.0321459
0.0354311
0.0406475
0.0471376
0.0533361
0.0585414
0.0621121
0.0634646
0.064159
0.0645268
0.0280127
0.03053
0.0347644
0.0402339
0.0454567
0.0499224
0.0531775
0.0550076
0.0560024
0.0565148
0.0259716
0.0271606
0.0302742
0.0343152
0.038317
0.0418666
0.0446082
0.0463788
0.0474061
0.0479425
0.0238279
0.0238033
0.0257967
0.0284834
0.0313323
0.0339697
0.0361105
0.0376079
0.0385249
0.0390001
0.0194181
0.0190831
0.0203881
0.0220858
0.0240373
0.0259125
0.0275069
0.0286919
0.0294498
0.0298359
0.0127913
0.0129261
0.0138867
0.0149269
0.0162326
0.0175427
0.0187213
0.0196542
0.0202806
0.0205957
0.00565047
0.0061958
0.00676399
0.00725115
0.00805884
0.00896532
0.00987034
0.0106529
0.0112125
0.0114948
-0.000119143
-0.00013852
-0.0003072
-0.000433663
-7.27893e-05
0.000534095
0.00128005
0.0020116
0.00257112
0.00285943
0.112229
0.112657
0.113499
0.114829
0.11699
0.204371
0.20635
0.123492
0.111915
0.130621
0.116945
0.116121
0.115231
0.114355
0.114886
0.204867
0.205709
0.111899
0.134255
0.344205
0.123518
0.121319
0.118011
0.11412
0.113932
0.203232
0.204242
0.104067
0.178012
0.368962
0.129714
0.126075
0.120086
0.112771
0.117816
0.200175
0.217871
0.0994675
0.132233
0.225886
0.133591
0.128369
0.11985
0.109034
0.133259
0.210249
0.215458
0.102312
0.227446
0.122819
0.13202
0.125833
0.116404
0.102709
0.159681
0.215542
0.210901
0.10172
0.262602
0.120801
0.124134
0.118858
0.10988
0.0965044
0.150899
0.214947
0.119363
0.112052
0.258769
0.104788
0.11093
0.107618
0.101315
0.0916341
0.115865
0.204455
0.132877
0.201546
0.183956
0.0853834
0.0906637
0.0909417
0.0892389
0.0867416
0.0883722
0.162017
0.222839
0.212081
0.0879697
0.0815007
0.0643975
0.0698033
0.0730014
0.0779307
0.0849609
0.120023
0.193762
0.148205
0.0793464
0.0820847
0.0398223
0.048505
0.0553825
0.0651668
0.0759173
0.0853328
0.0932555
0.0836064
0.0803333
0.0803665
0.0248135
0.0339672
0.0417821
0.0531777
0.0634377
0.0724789
0.077753
0.0763814
0.0750152
0.0746826
0.0178621
0.027354
0.0341268
0.0444029
0.0532147
0.0604869
0.0654128
0.0662898
0.0667351
0.066955
0.0164668
0.0258821
0.0304338
0.0384274
0.0453445
0.0511199
0.0550679
0.0570097
0.0579757
0.0584494
0.0205648
0.0247851
0.0282412
0.0337029
0.0386203
0.0428934
0.0460363
0.0479282
0.0489554
0.0494741
0.0225795
0.0233299
0.0253669
0.0287445
0.0319827
0.0349578
0.0372634
0.0387928
0.0396842
0.0401329
0.0189933
0.0189292
0.0205104
0.022589
0.0246883
0.0266967
0.0283103
0.0294569
0.0301615
0.0305112
0.010451
0.0119131
0.0136553
0.0149931
0.0164102
0.0177853
0.0189421
0.0198274
0.020408
0.0206972
0.00167501
0.00436717
0.00572845
0.00635903
0.00729036
0.00827647
0.0092096
0.0100102
0.0105806
0.0108751
-0.00371722
-0.00242116
-0.00236114
-0.00260558
-0.00214659
-0.0014149
-0.000524584
0.000352487
0.00102932
0.00139287
0.104135
0.105132
0.107241
0.109714
0.111732
0.143113
0.145193
0.115963
0.11736
0.124895
0.113956
0.112936
0.11281
0.112763
0.11232
0.193998
0.132476
0.110076
0.134997
0.224807
0.128924
0.124782
0.120753
0.116652
0.112892
0.22417
0.135513
0.104333
0.146037
0.250437
0.144049
0.136414
0.127718
0.119087
0.114213
0.227966
0.194567
0.0995034
0.10868
0.150618
0.157514
0.144626
0.131258
0.118016
0.118933
0.228319
0.219291
0.191038
0.102714
0.123767
0.157074
0.143289
0.128936
0.112804
0.130062
0.22375
0.215382
0.150833
0.25356
0.117432
0.144839
0.135026
0.122258
0.105448
0.127759
0.219151
0.209256
0.0906257
0.260563
0.103173
0.127988
0.121476
0.110982
0.0986883
0.114197
0.220785
0.216562
0.181821
0.210989
0.0886757
0.0998047
0.0970893
0.0933618
0.0904236
0.0963936
0.217628
0.226648
0.219684
0.10594
0.0854459
0.05386
0.0631681
0.0687729
0.0769383
0.0873178
0.125038
0.213597
0.176617
0.0864739
0.08663
0.0113475
0.0298673
0.0426818
0.0603378
0.0749992
0.0873604
0.0990128
0.0900715
0.0850359
0.08461
-0.00387446
0.011196
0.0267793
0.0474319
0.0617721
0.073211
0.0802229
0.0796435
0.0786256
0.0783413
0.0218457
0.00488755
0.0207665
0.0392703
0.0517909
0.0612652
0.0673843
0.0692264
0.0698586
0.070129
0.0625974
0.00803336
0.0222204
0.0352938
0.0448271
0.0522205
0.0571336
0.0595637
0.0606646
0.0611735
0.0698124
0.0183419
0.0254492
0.0329172
0.039234
0.0444265
0.0480446
0.0501595
0.0512364
0.0517499
0.0648363
0.0220594
0.0257471
0.029605
0.0334079
0.0367554
0.0391572
0.0406885
0.0415253
0.0419242
0.0510276
0.0184199
0.0217948
0.0239076
0.0262789
0.0283481
0.0298356
0.0308422
0.0314226
0.0316989
0.0529714
0.0104025
0.0142981
0.0156396
0.0172852
0.0186426
0.0196384
0.0203733
0.0208386
0.0210693
0.00754898
0.00222711
0.00496867
0.00542394
0.00657245
0.00761274
0.00852096
0.00930341
0.00986581
0.0101689
-0.00941156
-0.00495796
-0.00511335
-0.00578325
-0.00515873
-0.00422316
-0.00309797
-0.00198307
-0.00111331
-0.000623473
0.0834042
0.0906071
0.0960657
0.101899
0.105357
0.106814
0.108826
0.112637
0.116255
0.120541
0.105606
0.105364
0.107501
0.109833
0.109974
0.109243
0.108954
0.110634
0.112729
0.116047
0.139196
0.128639
0.123698
0.119376
0.114605
0.111033
0.108815
0.108539
0.107447
0.110432
0.174226
0.154085
0.13891
0.126988
0.116874
0.110927
0.110231
0.107264
0.102757
0.105323
0.19625
0.16713
0.147052
0.129526
0.114766
0.112891
0.134195
0.110412
0.101267
0.106873
0.19496
0.168004
0.146579
0.126098
0.109109
0.1224
0.145422
0.114893
0.178305
0.105579
0.168684
0.159699
0.138356
0.11819
0.102926
0.138273
0.145635
0.0979951
0.224255
0.0995388
0.189763
0.148096
0.123524
0.10808
0.0987547
0.156977
0.199954
0.145278
0.141394
0.0926469
0.589241
0.116817
0.0952073
0.093142
0.094454
0.150477
0.206219
0.198809
0.101582
0.0922311
2.54265
0.0727251
0.0554721
0.0729534
0.0859713
0.108629
0.138209
0.132945
0.0941581
0.0926255
6.03678
0.148111
0.0179423
0.0535149
0.0723678
0.0857332
0.0930248
0.0923095
0.0900739
0.0894985
9.01587
0.468238
-0.00277634
0.0427069
0.060131
0.0734508
0.0816506
0.0830198
0.0828626
0.082756
7.27447
0.793417
-0.000671685
0.0351438
0.0507548
0.0627252
0.0699777
0.0728634
0.0738796
0.0741955
0.738902
0.956246
0.0114274
0.0334396
0.0448983
0.0542261
0.0600131
0.0629847
0.064264
0.0647997
0.0207617
0.927189
0.022878
0.0338129
0.040825
0.0470578
0.0510353
0.0533299
0.0544182
0.05489
0.0744053
0.383575
0.0271852
0.0325314
0.0363313
0.0399384
0.0421828
0.0435614
0.0442365
0.0445229
0.153028
0.155445
0.0239093
0.0271072
0.0295612
0.0315068
0.0325274
0.0331636
0.0334671
0.0335892
0.0565661
0.0879197
0.0150858
0.0173464
0.0194678
0.020727
0.0212782
0.0216441
0.0218436
0.0219437
-0.0180213
0.0309861
0.00381209
0.00437136
0.00623823
0.00740564
0.00817905
0.00884385
0.00933084
0.00962171
-0.0129257
-0.00910446
-0.00894427
-0.0104589
-0.00906322
-0.00776336
-0.00631022
-0.00483752
-0.00366825
-0.00297314
0.591473
0.0868817
0.0725924
0.0895359
0.0961459
0.0991099
0.101745
0.105136
0.109642
0.112971
0.278309
0.0924882
0.0952112
0.104176
0.105265
0.105658
0.105524
0.106426
0.108918
0.111554
0.17604
0.127373
0.125401
0.121248
0.115802
0.112247
0.109163
0.107099
0.107511
0.109619
0.188214
0.167865
0.151999
0.136028
0.124199
0.116546
0.110521
0.1063
0.105453
0.107455
0.232125
0.197886
0.167912
0.143918
0.127173
0.116401
0.10879
0.104521
0.104767
0.105723
0.302324
0.214616
0.170795
0.14257
0.123537
0.111063
0.103894
0.101857
0.105886
0.104027
0.28912
0.20456
0.157866
0.132107
0.115735
0.103127
0.0978098
0.0976118
0.103581
0.101914
3.08752
0.217811
0.133316
0.11592
0.107851
0.0987799
0.1007
0.0977822
0.0991246
0.100496
14.6518
0.707494
0.0850894
0.0892802
0.0985095
0.0994567
0.103714
0.104213
0.100496
0.100494
19.7372
2.73722
0.0214022
0.0607721
0.0854535
0.0960607
0.101049
0.103263
0.0999931
0.0993795
20.3695
6.80724
-0.027723
0.0422986
0.0713631
0.0864561
0.0949798
0.0966041
0.095653
0.0951956
20.6762
9.94185
-0.0361251
0.0374473
0.0609406
0.0761438
0.0848793
0.0876604
0.0880314
0.0880727
9.22708
6.95471
-0.0209123
0.0314575
0.0525068
0.0665297
0.0743722
0.0776753
0.0786922
0.079187
-0.0290046
0.553851
-0.00295783
0.0312302
0.0469455
0.0580329
0.0643189
0.0675331
0.0688274
0.0693362
0.026803
0.013776
0.0164544
0.0348669
0.0440698
0.0513398
0.0553667
0.057591
0.0585465
0.0588957
0.0780083
0.0258718
0.0267572
0.0371652
0.0416789
0.0451782
0.0467532
0.0475983
0.0478994
0.04796
0.0274463
0.0233382
0.0274142
0.033781
0.0360112
0.0371757
0.0370312
0.0367707
0.0364889
0.0363019
0.00800945
0.0169129
0.0192149
0.0222217
0.0244501
0.0251774
0.0246827
0.02415
0.0237442
0.0235491
0.00319647
0.00662965
0.00442843
0.00423779
0.00701507
0.00848871
0.00890626
0.0091477
0.00934944
0.00953304
0.00462117
-0.00443563
-0.0141568
-0.0163154
-0.0139866
-0.0118313
-0.00990202
-0.00794783
-0.00634278
-0.00535789
4.88121
2.74863
0.0361278
0.072221
0.0851271
0.0885764
0.0919507
0.0959735
0.101851
0.104229
1.9373
0.747807
0.0667552
0.0928097
0.0978047
0.0995766
0.100833
0.102478
0.105324
0.106611
0.127975
0.111535
0.120129
0.118114
0.113172
0.110545
0.108384
0.10771
0.108513
0.108887
0.195851
0.178607
0.162815
0.141045
0.127323
0.119364
0.113797
0.111147
0.110638
0.110401
0.256572
0.235549
0.192916
0.156074
0.136197
0.124021
0.116166
0.112627
0.111687
0.111118
0.29893
0.308141
0.202572
0.157744
0.137162
0.123367
0.115195
0.112037
0.111929
0.111076
5.86966
0.559458
0.182062
0.143787
0.130706
0.118662
0.112106
0.110233
0.11103
0.110493
18.6867
2.77202
0.148467
0.117885
0.119553
0.112977
0.109927
0.109544
0.110094
0.109981
19.3241
12.9536
0.268786
0.0797474
0.104995
0.107038
0.109634
0.11031
0.109885
0.109399
19.8345
19.7174
0.892212
0.042788
0.0879176
0.101043
0.107822
0.109122
0.108069
0.107235
20.3386
12.0896
0.763724
0.0313947
0.0751989
0.0927951
0.101564
0.103654
0.10305
0.102393
20.5246
-0.0989566
0.319723
0.0327933
0.0672555
0.083626
0.0918879
0.0947358
0.0950748
0.0948753
6.82301
-0.0162756
0.0984458
0.0355545
0.060004
0.0733239
0.0807288
0.0843069
0.0852754
0.0854372
-0.0371891
0.00614468
0.024111
0.0357641
0.0521384
0.0637919
0.0700817
0.0733816
0.0745577
0.0748594
0.0241091
0.0207942
0.0245661
0.041077
0.0499742
0.0573645
0.0609181
0.0628663
0.0635889
0.0637273
0.0483187
0.0292852
0.0379189
0.0482852
0.0511399
0.0531235
0.0530024
0.0527885
0.0524906
0.0522071
0.0279733
0.0263551
0.0399747
0.0470997
0.0482434
0.0466941
0.0440341
0.0419817
0.0406352
0.039922
0.0119417
0.0155695
0.0239737
0.0279944
0.0339056
0.0335359
0.0310716
0.0286155
0.0269377
0.0261481
0.0024461
0.00250746
-0.00484635
-0.00350682
0.00594907
0.0114077
0.012113
0.0111777
0.0105112
0.0103396
0.0141401
-0.00145863
-0.0354417
-0.0353153
-0.0290925
-0.0189408
-0.0132663
-0.0105738
-0.00852184
-0.00724726
5.14195
0.494495
0.0775615
0.0565125
0.0661388
0.071161
0.0728572
0.0787115
0.090629
0.093406
4.45536
0.287023
0.0608348
0.0807423
0.0837043
0.0889465
0.0908296
0.0944271
0.100304
0.100683
0.876324
0.213611
0.109205
0.108285
0.104213
0.10507
0.105118
0.106301
0.108477
0.107505
0.323056
0.196095
0.170052
0.139521
0.124825
0.118825
0.115422
0.114255
0.114278
0.11265
0.315622
0.304234
0.22134
0.163682
0.140658
0.12852
0.121974
0.119076
0.117835
0.116051
2.3992
0.365889
0.239646
0.170944
0.148161
0.133079
0.125118
0.121551
0.119972
0.118108
14.7172
6.88559
0.312754
0.153273
0.144161
0.131593
0.125448
0.122423
0.120818
0.118998
18.9243
18.68
1.18572
0.108115
0.129238
0.125979
0.12472
0.122828
0.120991
0.118995
19.3815
19.1849
1.70077
0.0636961
0.112996
0.118886
0.123324
0.122534
0.120461
0.118473
19.9006
19.6719
0.784603
0.0487058
0.10029
0.115229
0.120957
0.120314
0.11798
0.116113
20.4645
6.10078
-0.0147765
0.0534729
0.0950856
0.110384
0.115492
0.114871
0.112767
0.111042
20.8821
-0.0403499
0.0121505
0.0608271
0.0884089
0.10126
0.105422
0.10573
0.10439
0.103104
13.9354
0.01906
0.0306249
0.0511873
0.0712384
0.0856591
0.0913125
0.0934931
0.0934665
0.0928405
-0.0403887
0.0519336
0.0280255
0.040599
0.0555986
0.0706245
0.0771652
0.080437
0.081328
0.0811925
0.00192217
0.246652
0.0344371
0.0485713
0.0542351
0.0636009
0.0667236
0.0685695
0.0692182
0.0690919
0.0357122
0.202808
0.0545993
0.0670757
0.0656567
0.0637736
0.0603612
0.058555
0.0575807
0.0569452
0.0377238
0.0464586
0.0591781
0.0707584
0.0715992
0.0615092
0.0540323
0.0487286
0.045618
0.0442515
0.0422648
0.0438335
0.0290217
0.0376392
0.0568611
0.0490272
0.0424286
0.0358301
0.0315681
0.0298361
-0.00232581
0.14355
-0.0186001
-0.0128791
0.0203202
0.0237844
0.0218571
0.0165976
0.0134851
0.0124877
-0.0214042
0.170592
-0.0685704
-0.0645239
-0.0386138
-0.0159232
-0.0111763
-0.0104694
-0.00911252
-0.00784294
4.61302
0.603995
0.0546153
0.149878
0.0575304
0.0585841
0.0490307
0.0542665
0.0758455
0.0791924
13.5525
2.33389
0.0474776
0.157383
0.0682743
0.0772791
0.077198
0.0809969
0.0942005
0.092826
14.6517
3.40561
0.090297
0.248365
0.0866122
0.094167
0.0978102
0.101833
0.108465
0.104957
15.3708
3.76543
0.153641
0.300405
0.111356
0.110808
0.112412
0.115319
0.117954
0.113928
16.1246
3.88518
0.182119
0.333177
0.135639
0.125372
0.122827
0.123558
0.124018
0.120065
17.1237
4.99311
0.226205
0.370937
0.155138
0.135777
0.130121
0.128683
0.127628
0.1241
18.4535
7.89404
0.279323
0.352494
0.161567
0.139569
0.134884
0.132014
0.129879
0.126721
19.1306
9.11425
0.374657
0.269108
0.149177
0.138909
0.13793
0.13428
0.131261
0.128442
19.5673
5.93151
0.379705
0.121987
0.133103
0.138474
0.139115
0.135158
0.13133
0.128205
19.9303
2.04078
0.12657
0.118456
0.133092
0.14122
0.139094
0.133977
0.129312
0.125799
20.4454
0.377948
0.0942351
0.145618
0.145573
0.14312
0.135752
0.12932
0.124124
0.120665
20.6372
0.0809842
0.0997463
0.135352
0.141429
0.132976
0.125128
0.119706
0.115263
0.11234
14.8675
0.0770601
0.103563
0.12
0.0905759
0.104276
0.105565
0.104867
0.102801
0.101
1.02896
0.60129
0.117752
0.0113221
0.0413317
0.0756197
0.0844534
0.0879387
0.0885578
0.0878704
-0.0300265
3.09229
0.00794149
0.035094
0.0420708
0.0659593
0.0702793
0.0732412
0.0746865
0.0744101
0.00936476
3.17642
0.0567761
0.0856279
0.0898113
0.0767736
0.0667024
0.0643665
0.0623871
0.06159
0.0306783
0.265992
0.0934044
0.120334
0.126538
0.0862843
0.0675285
0.0582424
0.0513375
0.0489208
0.0306452
0.0326083
0.0574668
0.106847
0.135069
0.0804585
0.062121
0.0481826
0.0383375
0.0345967
0.0222853
0.0651726
-0.00561975
0.17167
0.149314
0.070446
0.043669
0.0270413
0.0189428
0.0163003
0.153476
0.150417
-0.07461
0.783862
2.45042
0.0671843
0.00997149
-0.00778465
-0.0074732
-0.00630678
0.466542
0.15145
0.137036
0.144167
0.139932
0.0604537
0.109362
1.11112
0.0458955
0.0629227
0.493566
0.193783
0.122155
0.144757
0.131337
0.0791941
0.121936
0.530471
0.0772492
0.0830609
0.4315
0.250358
0.211399
0.158655
0.12956
0.0912219
0.138094
0.311148
0.100282
0.100749
2.56135
3.02282
0.560773
0.828821
0.139946
0.103579
0.147032
0.254281
0.115233
0.113593
13.5232
12.5165
0.69221
1.25286
0.174203
0.117806
0.150497
0.229778
0.1245
0.122306
17.8245
13.3604
0.575953
1.32478
0.205056
0.131895
0.153142
0.216707
0.130631
0.128229
18.4223
2.45276
0.454784
1.38994
0.221953
0.145121
0.157908
0.207796
0.135218
0.132391
19.0648
0.908775
0.331033
1.44738
0.784957
0.15412
0.162355
0.200412
0.13871
0.13518
19.7302
0.640657
0.193899
1.48492
1.57738
0.184879
0.164932
0.204709
0.14067
0.136192
20.0691
0.102584
0.180312
0.438445
1.63581
0.191631
0.164247
0.213493
0.140268
0.134865
19.7742
0.16484
0.193979
0.275008
1.65523
0.187492
0.169286
0.208688
0.136344
0.130282
14.0144
0.173661
0.258181
0.755197
0.479844
0.185652
0.166499
0.191629
0.1277
0.121966
2.79598
0.124377
1.51425
2.96474
0.475947
0.152944
0.146038
0.16963
0.11394
0.109507
-0.0593002
1.58179
3.90984
4.25132
1.16406
0.116498
0.104388
0.146542
0.0994212
0.0945851
-0.0418632
4.79224
4.09139
3.65367
1.34826
0.16003
0.0728874
0.122414
0.0854227
0.0793207
0.0884628
4.6999
2.18466
3.28467
0.64351
0.341233
0.0743556
0.0956569
0.0753431
0.0656011
0.296501
5.01184
2.78887
2.81095
1.2781
0.569105
0.100232
0.0783569
0.0634278
0.0534192
5.93797
17.1943
12.7432
18.5213
3.87746
1.22154
0.144273
0.0648563
0.0469693
0.0398908
44.9981
41.8926
36.5353
103.827
55.6062
3.41032
0.182665
0.0385864
0.0255515
0.0214557
85.7326
53.3757
54.4352
151.444
142.536
18.5299
0.337293
-0.00959328
-0.00499552
-0.00224315
0.104937
0.167548
0.148773
0.164084
0.647303
0.148067
0.0361053
0.0134585
0.113979
0.0574753
0.144461
0.255835
0.170928
0.245749
0.717837
0.177199
0.0864422
0.0671975
0.107044
0.0805329
0.198628
0.224295
0.22536
0.253553
0.301702
0.138791
0.11122
0.097566
0.112855
0.100517
0.319886
1.01247
0.33582
0.178688
0.123481
0.10584
0.127067
0.114948
0.121466
0.114619
0.638698
2.02606
0.552361
0.416977
0.116953
0.111867
0.136613
0.125853
0.12991
0.124263
1.00808
2.0086
0.918556
1.22823
0.293248
0.128067
0.13951
0.134702
0.13576
0.131187
3.0848
3.4201
0.948231
1.38403
1.06925
0.148488
0.146414
0.143097
0.141324
0.136403
14.771
6.21055
0.420379
0.623317
1.47982
0.185862
0.162306
0.158501
0.146016
0.140186
19.4841
4.48776
0.233221
0.245701
1.58046
0.206602
0.26687
0.239769
0.149407
0.142295
20.0725
1.21047
0.227841
0.306444
1.15818
0.237186
0.433125
0.28622
0.150031
0.142231
20.4377
0.364683
0.284121
0.420882
0.334561
0.270624
0.452467
0.285807
0.147497
0.138376
20.0973
0.329265
0.431348
0.849023
0.496301
0.46033
0.451663
0.321665
0.139506
0.129893
10.3302
0.461041
0.906395
7.60276
1.58697
0.434189
0.354435
0.362076
0.131136
0.11657
0.665168
1.08871
6.22936
87.9633
8.11999
0.176496
0.111508
0.323636
0.127828
0.0998837
-0.0576337
26.0411
68.6004
129.094
50.5795
0.575129
0.0739493
0.197402
0.114291
0.0825257
0.0902692
117.202
132.389
134.71
126.617
6.15536
0.0599999
0.068376
0.0947154
0.0676497
28.9694
136.536
138.366
140.994
141.077
16.7169
0.0767358
0.0628237
0.0666872
0.0553281
123.437
140.87
143.41
145.447
144.96
33.0929
0.172971
0.0716248
0.0470273
0.0420115
144.1
145.196
147.868
148.698
148.776
97.3496
1.11616
0.0444564
0.0274169
0.0249542
145.795
148.826
151.287
152.05
152.912
152.639
7.92565
-0.0156769
-0.00145587
0.00324212
0.134712
0.929614
0.318908
0.297027
4.03002
0.0715388
0.0258121
1.03998
0.0470757
0.0649589
0.205531
2.83884
0.490434
0.855387
4.26727
0.185521
0.0930534
0.0656707
0.0809673
0.0854376
0.282735
2.90888
2.34383
2.97925
4.07165
0.401959
0.115566
0.103047
0.105672
0.104152
0.381821
2.97706
3.12562
3.03057
0.285065
0.425795
0.147489
0.119536
0.119801
0.117102
0.553577
3.05441
1.88849
0.466026
0.167305
0.43813
0.219487
0.128498
0.128935
0.125888
0.796952
2.57058
0.339935
0.3663
0.343252
0.32437
0.26172
0.137551
0.13509
0.132404
1.04076
0.499824
0.399602
0.489927
0.634091
0.261261
0.274708
0.150178
0.140573
0.137762
0.819195
0.355512
0.412101
0.358611
0.773704
0.263781
0.29161
0.162442
0.145973
0.141941
4.73407
1.75213
0.389545
0.214708
0.303312
0.407188
0.347758
0.169073
0.150334
0.144699
18.0471
3.12874
0.197659
0.249146
0.238714
0.469592
0.375242
0.170128
0.152454
0.145044
19.9291
2.21288
0.27722
0.314372
0.274604
0.490806
0.291935
0.169007
0.150394
0.141523
20.4817
1.06538
0.354853
0.475477
0.369521
0.362632
0.219089
0.16111
0.141881
0.13294
20.6775
1.10787
0.480364
8.04798
0.888733
0.227302
0.153505
0.137976
0.125393
0.118879
16.2156
13.804
5.34538
15.8141
2.49883
0.64956
0.0903896
0.100488
0.1024
0.100591
2.89698
34.0436
11.6879
14.5869
30.3854
1.8523
0.0234033
0.0627643
0.0781853
0.0810144
0.183937
35.1366
11.4646
5.64141
66.882
2.02415
-0.0080892
0.0425592
0.0590127
0.0634711
3.58919
14.4565
6.66186
1.41648
60.9781
2.47553
0.0176246
0.042666
0.046792
0.0495299
14.6061
13.5787
5.52638
0.257612
20.622
4.70668
0.0643797
0.044256
0.0370815
0.0373736
29.7387
65.7609
10.3739
0.16496
10.4794
7.78756
0.159046
0.0292762
0.0238183
0.0240087
44.0874
143.869
20.0796
1.09041
10.443
12.972
0.448537
-0.000481874
0.00585994
0.00826551
0.250925
0.874115
0.94589
0.385405
0.22764
0.118745
0.0859141
0.0528574
0.0724391
0.079778
0.207298
0.299165
1.0091
0.343442
0.620696
0.205627
0.109651
0.0929573
0.0970002
0.0951127
0.214986
0.258675
0.959226
2.88125
3.81759
0.656929
0.127999
0.11562
0.113983
0.109326
0.174302
0.251757
1.25396
5.04855
5.04179
2.35275
0.147114
0.128001
0.124142
0.119394
0.171498
0.235563
1.74438
5.20443
5.26494
5.02699
0.381311
0.133707
0.130293
0.12658
0.187787
0.181502
1.88743
5.30603
5.39885
5.23871
0.817342
0.134519
0.134127
0.132323
0.230323
0.176448
1.73032
3.46138
5.09506
5.39535
0.984384
0.137025
0.138233
0.13694
0.291971
0.223131
1.18012
0.131175
1.0053
3.17225
0.852407
0.143783
0.142832
0.140805
0.381558
0.262428
0.355949
0.170843
0.168122
0.164991
0.452941
0.155812
0.146983
0.14356
0.868286
0.422024
0.208673
0.211065
0.202263
0.196417
0.206737
0.162798
0.14969
0.143935
9.74153
1.14129
0.234617
0.250122
0.23364
0.219504
0.191753
0.164835
0.147767
0.140456
20.2014
1.39361
0.286633
0.294966
0.253025
0.220908
0.188105
0.158554
0.139369
0.131959
19.9781
2.92712
0.344518
0.404597
0.335035
0.257455
0.158887
0.137851
0.123499
0.118078
19.905
17.5482
1.22814
4.10514
2.5769
0.374438
0.0996758
0.103743
0.101227
0.0998667
17.9144
24.2629
7.80587
11.0943
5.24133
0.342154
0.0315753
0.0665414
0.0769493
0.0800625
1.86757
4.72011
11.2937
8.7256
4.20951
0.171134
-0.00537215
0.0424375
0.0563989
0.06185
0.0595081
0.34161
1.26851
0.0881442
1.06125
-0.0117722
-0.00955695
0.0323818
0.0415507
0.0469473
0.320639
0.290496
0.122304
0.106437
0.0556312
-0.0614496
0.00756653
0.0302724
0.0320289
0.035648
7.51017
0.430986
0.092932
0.150733
0.0945219
-0.00370604
0.0324004
0.0298104
0.0251847
0.025763
35.9664
0.000264211
0.0779646
0.134876
0.138207
0.0929661
0.0616729
0.0295704
0.0182656
0.0154685
0.586555
0.156113
0.15821
0.168182
0.15019
0.112969
0.0802309
0.0803234
0.0911647
0.0945602
0.616809
0.278303
0.176449
0.187839
0.163181
0.134996
0.107937
0.101399
0.103744
0.103904
0.495697
0.215498
0.170648
0.227815
0.184703
0.140935
0.123579
0.115567
0.113855
0.112497
0.164821
0.208689
0.144844
0.388895
0.284074
0.13622
0.132202
0.123762
0.121395
0.119861
0.192923
0.193801
0.164337
0.468723
0.353871
0.13105
0.135644
0.128056
0.127156
0.125844
0.238693
0.187747
0.185374
0.444239
0.387252
0.132209
0.13503
0.132148
0.132023
0.1311
0.237582
0.177963
0.166204
0.343016
0.37758
0.14007
0.138181
0.13731
0.136776
0.135708
0.251896
0.196523
0.153768
0.284735
0.317877
0.153843
0.146938
0.143921
0.141307
0.139438
0.284301
0.230904
0.183232
0.248535
0.279915
0.171136
0.15919
0.151139
0.14469
0.141639
0.310575
0.248802
0.210108
0.21618
0.245595
0.186867
0.169031
0.155669
0.145452
0.141232
0.342363
0.275768
0.230721
0.225657
0.224893
0.197231
0.173385
0.154533
0.142552
0.137185
2.54579
0.45451
0.241815
0.244331
0.220256
0.19404
0.166962
0.145964
0.133905
0.128546
13.8663
0.915842
0.237032
0.233957
0.200209
0.171595
0.143658
0.127463
0.119117
0.115218
19.6919
2.12236
0.214605
0.192659
0.175285
0.126629
0.108659
0.10228
0.0998031
0.0983294
19.8637
3.34191
0.44497
0.522569
0.232866
0.0892001
0.0678027
0.0746511
0.0787111
0.0801025
18.4303
4.05453
1.85216
2.39684
1.01768
0.101576
0.0349827
0.0520616
0.0601371
0.0630983
3.58355
3.58118
3.04884
2.99412
1.70003
0.0988896
0.0162678
0.0378069
0.0459489
0.0490525
0.108134
0.15758
3.07935
3.08462
1.62111
0.0631683
0.0129989
0.0309822
0.0356139
0.037736
0.592027
0.0583433
3.0601
3.15074
0.766013
0.00886319
0.0239009
0.0292017
0.0280709
0.0283602
5.57149
0.0639576
1.78076
0.806799
0.203999
0.0390082
0.0420626
0.0298607
0.0223317
0.0198348
0.141144
0.135677
0.140948
0.142713
0.149207
0.14181
0.100403
0.0992809
0.102979
0.105166
0.187168
0.144344
0.14955
0.15235
0.148245
0.159406
0.115951
0.106527
0.107544
0.108586
0.164942
0.146927
0.1478
0.14713
0.143934
0.140651
0.122722
0.113947
0.113089
0.113248
0.176359
0.14487
0.139836
0.134274
0.134857
0.133358
0.126999
0.12038
0.118865
0.118889
0.182812
0.143568
0.13375
0.12708
0.127475
0.132188
0.131073
0.125601
0.12441
0.124598
0.178029
0.148662
0.134193
0.127574
0.128705
0.133949
0.134139
0.13044
0.129921
0.129723
0.193469
0.16235
0.14488
0.136237
0.135787
0.139187
0.138482
0.136265
0.135502
0.134208
0.216189
0.182297
0.161615
0.150147
0.146809
0.147261
0.144724
0.142033
0.139846
0.137739
0.235073
0.202229
0.179488
0.166532
0.159823
0.156293
0.150744
0.146268
0.141934
0.139224
0.240594
0.21444
0.193215
0.180836
0.17128
0.163104
0.154256
0.147289
0.141065
0.137823
0.231587
0.212569
0.198597
0.189077
0.177008
0.163907
0.152987
0.143773
0.13659
0.132986
0.21903
0.197004
0.189468
0.186779
0.173786
0.158215
0.143743
0.134512
0.127679
0.124277
0.428084
0.186549
0.169997
0.173588
0.156882
0.140184
0.12766
0.119411
0.11422
0.111781
3.09555
0.113328
0.13424
0.136956
0.120153
0.10863
0.102143
0.0989421
0.0969835
0.0962995
10.4868
0.0373764
0.0787547
0.0760875
0.067677
0.0685751
0.0719593
0.0761114
0.0785648
0.0796057
16.1055
-0.00934846
0.0316653
0.0193031
0.0147341
0.0307062
0.0440125
0.0551907
0.0611562
0.0636538
6.23698
-0.0317664
0.120703
0.224974
0.00552705
0.0123033
0.025491
0.0397222
0.0468091
0.0498056
0.0244638
0.0539639
0.604421
0.358799
0.0121003
0.0118619
0.0185364
0.0309148
0.0361339
0.0385342
0.00112996
0.0899687
1.01401
0.327859
-0.00554787
0.0164224
0.0201818
0.0271448
0.0284704
0.029414
-0.0113135
0.10027
1.14521
0.205278
0.00942336
0.0300868
0.0279617
0.0258577
0.0226537
0.0214318
0.130033
0.133783
0.134906
0.163077
0.369263
0.352608
0.288126
0.101247
0.107398
0.109961
0.136956
0.139535
0.140053
0.142167
0.256474
0.371168
0.320126
0.116049
0.107851
0.108822
0.142371
0.142442
0.141955
0.140064
0.172799
0.347313
0.235292
0.123709
0.111339
0.111633
0.146014
0.142862
0.13981
0.136315
0.143553
0.201042
0.186679
0.131844
0.1164
0.1173
0.149771
0.143864
0.138402
0.134331
0.133468
0.148959
0.157892
0.134466
0.122542
0.12417
0.156039
0.148137
0.140563
0.135697
0.134185
0.136462
0.138955
0.135341
0.128927
0.129832
0.16599
0.156445
0.147401
0.141494
0.138989
0.138264
0.138938
0.139149
0.134564
0.133326
0.177747
0.167517
0.157104
0.150021
0.146378
0.144301
0.143256
0.142274
0.138701
0.135761
0.187923
0.177144
0.166259
0.158521
0.153594
0.150009
0.146436
0.142857
0.139362
0.136642
0.191975
0.180688
0.171184
0.163945
0.157977
0.152401
0.146597
0.1416
0.13692
0.134359
0.182953
0.17661
0.168787
0.163837
0.157569
0.150238
0.142437
0.136192
0.131251
0.128757
0.159377
0.158928
0.158821
0.15634
0.149823
0.141568
0.133284
0.126773
0.122185
0.119941
0.120611
0.12645
0.138168
0.139592
0.133202
0.125619
0.118572
0.113278
0.10971
0.108123
0.0696375
0.0841387
0.108015
0.111548
0.106388
0.102035
0.0985288
0.0961899
0.0947661
0.0941394
0.0363015
0.0423301
0.0691933
0.0719854
0.0721764
0.0739404
0.0756781
0.0773644
0.0785421
0.0791128
0.320969
0.00644898
0.0320719
0.031558
0.0380377
0.0466877
0.0539405
0.0594534
0.0628468
0.0644106
0.440916
-0.019148
-0.00164919
-0.00357576
0.00998472
0.0255619
0.0370257
0.044825
0.0492318
0.0512121
0.184563
-0.0293848
-0.0256596
-0.0241476
-0.00473676
0.0146301
0.026915
0.0345644
0.0383627
0.0400498
0.0440955
-0.0279089
-0.0345995
-0.0258526
-0.00455779
0.0128895
0.0228206
0.0280962
0.0299141
0.0307412
-0.00105297
-0.025989
-0.0292021
-0.0166587
0.00374145
0.0177128
0.0229846
0.0238586
0.0229877
0.0225599
0.132727
0.133905
0.135657
0.293929
0.369938
0.201933
0.106549
0.103412
0.111473
0.114548
0.136569
0.137055
0.13588
0.240364
0.382763
0.35988
0.104406
0.102458
0.108919
0.111179
0.139987
0.139514
0.137937
0.180846
0.396837
0.390907
0.25059
0.114777
0.109965
0.113513
0.142785
0.141217
0.139006
0.138609
0.314243
0.408217
0.393777
0.169082
0.113793
0.119885
0.145703
0.143132
0.139962
0.137293
0.149563
0.372178
0.379944
0.194298
0.121045
0.126117
0.149696
0.146394
0.142283
0.138785
0.136844
0.155377
0.16542
0.166985
0.135552
0.131958
0.155045
0.15127
0.14648
0.14234
0.139191
0.138498
0.14058
0.147264
0.144938
0.134519
0.160414
0.156613
0.151485
0.14706
0.143896
0.143223
0.145706
0.14537
0.141745
0.134572
0.164071
0.160279
0.155154
0.150645
0.14747
0.145422
0.143638
0.14016
0.137234
0.134182
0.162982
0.159956
0.155151
0.151021
0.14741
0.144295
0.141137
0.137437
0.133579
0.13131
0.154678
0.153035
0.150221
0.146873
0.143008
0.139023
0.134742
0.130716
0.12708
0.125235
0.136752
0.13798
0.138802
0.137485
0.134052
0.129602
0.125218
0.121112
0.118027
0.116488
0.108208
0.115199
0.12079
0.121972
0.119414
0.115562
0.111754
0.108661
0.106537
0.105468
0.0748289
0.0869209
0.0973055
0.100462
0.0992798
0.0971698
0.095196
0.0938135
0.0929209
0.0925
0.0433275
0.0580191
0.0709042
0.074236
0.0754251
0.0761427
0.0768729
0.0777397
0.0783774
0.0787079
0.0183815
0.0327021
0.0449306
0.0477992
0.0514511
0.0553413
0.0589787
0.0620664
0.0640921
0.0650716
0.00258488
0.0142236
0.0224702
0.0241777
0.030792
0.0376854
0.0437133
0.0483307
0.0511589
0.0524813
0.00170888
0.0042435
0.00641019
0.00783159
0.0171662
0.0255556
0.0325404
0.0374374
0.0401839
0.0414272
-0.00118343
-0.00205609
-0.00239675
0.00125621
0.0102217
0.0190894
0.0254409
0.0293028
0.0311046
0.0318887
-0.0045898
-0.00626091
-0.00556298
0.000806483
0.00922441
0.0169391
0.0212468
0.0230218
0.0233267
0.0234044
0.13534
0.135059
0.133
0.168443
0.245826
0.118343
0.12641
0.146866
0.109689
0.118564
0.136882
0.136204
0.133728
0.153562
0.208788
0.11507
0.123464
0.149549
0.111912
0.115857
0.138659
0.137716
0.135319
0.139167
0.20644
0.145044
0.121316
0.155186
0.117741
0.12215
0.140459
0.139321
0.136953
0.133911
0.180425
0.260128
0.131509
0.160145
0.120188
0.128611
0.142413
0.141098
0.138732
0.135903
0.141839
0.232579
0.166849
0.151621
0.123024
0.13029
0.144711
0.143302
0.140837
0.13796
0.135868
0.145979
0.17901
0.151742
0.135062
0.130713
0.14716
0.145828
0.14334
0.140506
0.13785
0.141617
0.152496
0.151768
0.149923
0.133878
0.149001
0.147882
0.145546
0.143025
0.140742
0.142945
0.144571
0.145797
0.142918
0.133628
0.148908
0.148065
0.145989
0.143834
0.141921
0.14076
0.139219
0.137157
0.134566
0.131962
0.145361
0.145241
0.143527
0.141386
0.139474
0.137795
0.135985
0.133259
0.130338
0.128515
0.13692
0.13774
0.137065
0.135493
0.133455
0.131154
0.128767
0.126204
0.123624
0.122246
0.122736
0.124954
0.125998
0.125578
0.123939
0.121531
0.118984
0.116575
0.114601
0.113604
0.103271
0.107283
0.110461
0.111549
0.110686
0.108853
0.106849
0.105063
0.103697
0.102926
0.0805756
0.0862098
0.0914395
0.0939738
0.0941227
0.0934078
0.092547
0.0918191
0.091277
0.0909941
0.0575678
0.0643257
0.0707822
0.0741655
0.0754945
0.0763184
0.0770064
0.0776097
0.0780245
0.078236
0.038029
0.0443103
0.0507131
0.0542718
0.0567531
0.0592751
0.061611
0.0635348
0.0648306
0.0654728
0.0236216
0.0279457
0.0331433
0.0361361
0.0398902
0.0440222
0.047747
0.0506432
0.0525126
0.0534153
0.0147225
0.0160068
0.0193283
0.0218048
0.0266515
0.0319804
0.0364022
0.0396258
0.0415868
0.0425055
0.00924267
0.00752187
0.00950909
0.0122578
0.0178048
0.0234658
0.0277546
0.0305831
0.0321267
0.0328223
0.00409321
0.00206437
0.00348686
0.00697285
0.0128158
0.0178935
0.0212156
0.0230365
0.023825
0.0241184
0.137565
0.136843
0.135323
0.130927
0.125692
0.122858
0.125036
0.13392
0.120604
0.131824
0.137464
0.136522
0.13433
0.129478
0.122877
0.120531
0.121463
0.142909
0.122672
0.131339
0.138049
0.137096
0.134898
0.130772
0.124124
0.121946
0.123789
0.131618
0.127961
0.130698
0.139011
0.138099
0.136077
0.132832
0.128187
0.123683
0.126712
0.126522
0.129574
0.132154
0.140187
0.13941
0.137565
0.13479
0.131582
0.127735
0.127182
0.126363
0.137531
0.132798
0.141407
0.140821
0.139194
0.136778
0.134052
0.136927
0.138002
0.137727
0.142056
0.130269
0.142327
0.141987
0.140622
0.138694
0.136538
0.141026
0.147613
0.147916
0.143108
0.1309
0.142287
0.142244
0.141122
0.139609
0.138161
0.138605
0.142438
0.142746
0.133745
0.13063
0.140374
0.140732
0.139929
0.138528
0.137446
0.136277
0.134922
0.133026
0.130593
0.129302
0.135628
0.136516
0.136138
0.135053
0.133837
0.132494
0.130918
0.128944
0.126821
0.125665
0.127248
0.128813
0.1291
0.128453
0.127313
0.125798
0.124071
0.122236
0.12038
0.119471
0.114907
0.11732
0.118564
0.118651
0.117909
0.11654
0.11493
0.113354
0.111963
0.1112
0.099103
0.102389
0.104757
0.105803
0.10572
0.104807
0.10373
0.102647
0.101754
0.101262
0.0811421
0.085056
0.0884685
0.0904693
0.0911386
0.0911112
0.0908079
0.0904481
0.0901346
0.0899599
0.0628146
0.0669328
0.0709985
0.0736983
0.0752129
0.0761969
0.0768929
0.0774036
0.0777325
0.0778919
0.0460357
0.0497776
0.053884
0.0569014
0.0592072
0.0612351
0.0629672
0.0643367
0.0652622
0.0657207
0.032239
0.0349746
0.0385254
0.0414443
0.0444387
0.0474135
0.0500092
0.0520358
0.0533812
0.0540401
0.0221029
0.0233078
0.0258852
0.0285088
0.0320184
0.0356458
0.0387378
0.0410586
0.0425414
0.0432525
0.014668
0.0145947
0.016267
0.0187417
0.0225069
0.0263093
0.0293944
0.0315889
0.0328875
0.0334963
0.00886399
0.0082624
0.00942381
0.0119535
0.0156586
0.0191284
0.021717
0.0233831
0.024292
0.0246644
0.138713
0.138094
0.137068
0.134619
0.13133
0.128411
0.129257
0.133819
0.177362
0.179045
0.137899
0.137063
0.135454
0.132379
0.127737
0.122967
0.121207
0.129603
0.191926
0.147754
0.137919
0.137072
0.135316
0.132443
0.128258
0.123365
0.119556
0.153863
0.191351
0.125705
0.138397
0.137675
0.136042
0.133649
0.130672
0.126808
0.124385
0.156663
0.182794
0.124789
0.139105
0.138584
0.137138
0.135078
0.133074
0.130726
0.128865
0.131722
0.129681
0.125816
0.139774
0.139498
0.138277
0.136359
0.134461
0.133362
0.131322
0.129083
0.128237
0.128307
0.13999
0.140004
0.139061
0.137449
0.135468
0.133965
0.132892
0.1317
0.130122
0.129838
0.13914
0.139494
0.138869
0.137646
0.136115
0.134379
0.133004
0.131893
0.130431
0.129779
0.136479
0.137225
0.136946
0.136016
0.134918
0.133577
0.132032
0.13052
0.129083
0.12817
0.13128
0.132482
0.132605
0.131965
0.131023
0.129845
0.128428
0.126841
0.12531
0.124397
0.123012
0.12475
0.125392
0.125131
0.124378
0.123243
0.121874
0.120415
0.119048
0.118303
0.111535
0.113873
0.115181
0.115482
0.115108
0.114216
0.112969
0.111809
0.110759
0.11018
0.0972759
0.100184
0.10223
0.103241
0.103399
0.102954
0.102228
0.101462
0.100798
0.100429
0.0812405
0.0845237
0.0872287
0.0889614
0.0897826
0.0900138
0.0899408
0.0897511
0.0895494
0.0894268
0.0648208
0.0681333
0.0712447
0.0735521
0.0750688
0.076075
0.076772
0.0772566
0.077558
0.0776968
0.0494789
0.0523847
0.0555197
0.0581449
0.0602753
0.0620544
0.0635304
0.0646749
0.0654451
0.0658226
0.0363363
0.0384369
0.0412008
0.0438543
0.0464464
0.0488992
0.0510176
0.052677
0.0537915
0.0543379
0.0258879
0.0269534
0.0290937
0.0315776
0.034447
0.0373328
0.0398379
0.0417581
0.0430155
0.0436243
0.0177237
0.0179051
0.0194649
0.0217474
0.0246998
0.0277043
0.0302443
0.0321297
0.0332876
0.0338463
0.0111021
0.0108027
0.0120687
0.0142237
0.0170855
0.0198803
0.0221071
0.0236526
0.0245669
0.0249657
)
;

boundaryField
{
    lowerSideWalls
    {
        type            fixedFluxPressure;
        gradient        uniform 0;
        value           nonuniform List<scalar> 
800
(
408.297
408.104
407.715
407.069
406.088
404.56
402.649
326.61
93.19
1.48786
0.556275
0.225582
0.141944
0.133153
0.149356
0.16011
0.157389
0.127421
0.120522
0.118797
408.526
408.328
407.941
407.264
406.229
404.55
402.623
323.608
90.5882
1.85672
0.857614
0.261275
0.130576
0.132813
0.143023
0.163211
0.1582
0.128383
0.121649
0.119292
408.801
408.595
408.189
407.442
406.263
404.302
402.281
314.17
91.494
1.36624
0.600267
0.200891
0.138195
0.149886
0.14548
0.160546
0.157337
0.130675
0.124061
0.120558
409.167
408.962
408.513
407.684
406.268
404.023
401.806
318.566
77.4684
0.800044
0.390136
0.191623
0.171491
0.174201
0.158577
0.149607
0.150421
0.138151
0.127964
0.122262
409.683
409.491
409.02
408.096
406.342
403.743
400.724
332.386
53.2196
0.565932
0.335918
0.232433
0.21447
0.198015
0.173048
0.154955
0.147965
0.142285
0.1322
0.123149
410.367
410.203
409.765
408.79
406.73
403.543
399.046
320.753
31.2506
0.390584
0.311521
0.273765
0.249299
0.219502
0.188814
0.165442
0.154783
0.147049
0.135428
0.122461
411.18
411.082
410.77
409.9
407.734
403.978
397.892
304.066
19.1673
0.320226
0.302922
0.298015
0.271489
0.261431
0.409503
0.380278
0.188337
0.15149
0.138376
0.122806
412.004
412.011
411.946
411.506
409.79
405.801
398.476
303.54
20.5762
0.310435
0.318115
0.335602
0.450115
0.475364
0.456403
0.382483
0.183897
0.159218
0.145649
0.133024
412.613
412.706
412.91
413.135
412.512
409.159
401.909
327.809
41.8987
0.317567
0.346027
0.425486
0.505015
0.472186
0.327634
0.220008
0.188345
0.173247
0.159877
0.150969
412.787
412.823
412.882
412.922
412.539
410.203
404.349
378.917
111.504
0.337245
0.362693
0.414118
0.408821
0.292745
0.241197
0.213036
0.191714
0.178788
0.358378
0.380524
412.787
412.823
412.882
412.922
412.539
410.203
404.349
378.917
111.504
0.337245
0.362693
0.414118
0.408821
0.292745
0.241197
0.213036
0.191714
0.178788
0.358378
0.380524
412.596
412.676
412.852
412.994
412.08
408.307
401.154
332.742
45.9087
0.319231
0.334997
0.40625
0.48131
0.438564
0.255819
0.205762
0.184958
0.175199
0.199645
0.190305
411.972
411.961
411.856
411.346
409.437
405.216
397.894
303.393
20.6152
0.303602
0.309757
0.319969
0.45656
0.525311
0.495842
0.260746
0.18591
0.156237
0.137632
0.129528
411.14
411.022
410.667
409.721
407.413
403.532
397.11
298.147
16.9506
0.312901
0.299387
0.299909
0.277954
0.298753
0.361336
0.296392
0.18855
0.154889
0.136407
0.127223
410.326
410.141
409.656
408.597
406.379
403.037
398.079
311.435
26.4822
0.397495
0.305952
0.259667
0.250371
0.225025
0.194542
0.174046
0.165318
0.155613
0.135527
0.124507
409.653
409.438
408.916
407.904
405.948
403.114
399.731
321.409
41.5007
0.539146
0.333862
0.197294
0.197622
0.210892
0.188748
0.164897
0.150894
0.142116
0.126157
0.115338
409.167
408.937
408.428
407.544
405.857
403.266
400.841
310.896
58.1324
0.619414
0.452786
0.181226
0.138659
0.193005
0.193351
0.173095
0.149649
0.12569
0.112773
0.104752
408.865
408.638
408.182
407.351
405.937
403.621
400.984
302.154
79.5325
1.16226
0.73093
0.228646
0.119102
0.185166
0.215674
0.183272
0.148412
0.109603
0.0943194
0.0899609
408.695
408.482
408.059
407.309
406.099
404.096
401.418
304.121
104.241
2.11695
1.19861
0.356114
0.151153
0.202677
0.241838
0.198147
0.13613
0.0908437
0.0718215
0.0696319
408.633
408.433
408.027
407.342
406.239
404.519
402.074
304.845
116.024
3.24756
1.24915
0.38449
0.189533
0.241514
0.276345
0.227368
0.156427
0.0934346
0.0572622
0.0495042
408.66
408.464
408.066
407.402
406.344
404.721
402.554
306.17
133.353
3.67756
1.00915
0.343157
0.207771
0.262355
0.307345
0.267783
0.187614
0.114541
0.0652216
0.0466493
408.777
408.57
408.16
407.439
406.317
404.481
402.145
309.607
116.191
1.88216
0.975343
0.301612
0.183078
0.231464
0.274569
0.248197
0.182401
0.115759
0.0704145
0.0557978
409.001
408.782
408.344
407.53
406.22
404.02
401.46
304.672
83.4429
0.79855
0.509907
0.211502
0.149513
0.196077
0.223079
0.203254
0.158465
0.110411
0.0778145
0.0702313
409.362
409.139
408.65
407.725
406.185
403.635
400.949
312.342
59.738
0.419886
0.320521
0.190873
0.166777
0.18753
0.193967
0.178767
0.149338
0.116097
0.0932521
0.0888132
409.91
409.703
409.194
408.187
406.276
403.393
399.831
324.916
41.2494
0.365519
0.255701
0.204589
0.196776
0.193817
0.190095
0.17843
0.159944
0.129322
0.110768
0.104943
410.65
410.476
410.011
408.973
406.783
403.38
398.498
315.089
26.1477
0.304282
0.251315
0.238074
0.223675
0.20955
0.200555
0.18894
0.167988
0.140313
0.124093
0.114981
411.53
411.429
411.107
410.208
407.983
404.141
398.074
304.287
18.855
0.28194
0.267636
0.264301
0.248548
0.232388
0.215257
0.195286
0.171419
0.150231
0.134771
0.122733
412.417
412.429
412.372
411.939
410.223
406.273
399.482
314.058
26.7969
0.284546
0.290563
0.296455
0.28115
0.268447
0.284114
0.202845
0.176865
0.157378
0.140112
0.12665
413.077
413.184
413.411
413.647
413.011
409.723
403.198
344.486
56.1013
0.310596
0.322923
0.336371
0.39322
0.430349
0.408909
0.392886
0.301455
0.17301
0.146683
0.137246
413.284
413.345
413.456
413.576
413.357
411.3
405.706
382.061
116.254
0.322717
0.346398
0.365243
0.442118
0.453416
0.428206
0.407552
0.389268
0.263629
0.166958
0.170462
408.463
408.259
407.839
407.118
405.995
404.144
401.588
315.27
92.4299
1.89701
0.707201
0.287606
0.214594
0.207417
0.187226
0.175106
0.158351
0.148494
0.144619
0.140827
408.7
408.495
408.085
407.344
406.19
404.204
401.637
307.022
89.7074
1.45394
0.579335
0.243683
0.191525
0.196728
0.184448
0.174042
0.163948
0.151223
0.14516
0.140717
409.004
408.795
408.379
407.588
406.32
404.096
401.744
299.557
86.9443
0.940922
0.449526
0.216209
0.174865
0.183514
0.182929
0.17379
0.16575
0.154764
0.146177
0.140579
409.416
409.214
408.769
407.921
406.45
404.08
402.049
315.657
72.165
0.651606
0.40106
0.23686
0.169693
0.17866
0.183679
0.176485
0.167906
0.158006
0.146474
0.13925
409.989
409.805
409.351
408.434
406.66
404.118
400.927
327.399
50.2893
0.5597
0.332918
0.20158
0.174533
0.190359
0.198688
0.189917
0.181789
0.158895
0.146393
0.138018
410.732
410.582
410.173
409.224
407.193
404.175
398.911
315.083
31.6086
0.45367
0.307463
0.212479
0.217695
0.226712
0.217244
0.22262
0.197724
0.161485
0.149345
0.138503
411.599
411.52
411.248
410.427
408.369
404.884
397.688
300.875
20.2252
0.340364
0.283513
0.273556
0.273852
0.253155
0.224535
0.222011
0.212093
0.168134
0.151558
0.140917
412.463
412.493
412.476
412.109
410.579
407.002
399.195
309.553
25.7708
0.28461
0.291645
0.327558
0.303639
0.265182
0.234134
0.212525
0.188411
0.168563
0.155158
0.144165
413.098
413.214
413.463
413.752
413.292
410.343
403.268
342.14
54.9943
0.300681
0.323693
0.347265
0.336727
0.311722
0.299713
0.289156
0.252407
0.201187
0.155916
0.145929
413.284
413.345
413.456
413.576
413.357
411.3
405.706
382.061
116.254
0.322717
0.346398
0.365243
0.442118
0.453416
0.428206
0.407552
0.389268
0.263629
0.166958
0.170462
)
;
    }
    upperSideWalls
    {
        type            fixedFluxPressure;
        gradient        uniform 0;
        value           nonuniform List<scalar> 
800
(
0.118098
0.118473
0.119225
0.119359
0.117949
0.114298
0.107938
0.098645
0.0863387
0.0721892
0.0579875
0.0458548
0.0370038
0.0311608
0.0276662
0.0241276
0.0195211
0.013717
0.00744275
0.00173008
0.11802
0.117826
0.118105
0.117784
0.115784
0.111599
0.105254
0.0965062
0.0856839
0.072939
0.0598259
0.0482856
0.0394455
0.0333565
0.028815
0.0244649
0.0194151
0.0134914
0.00714805
0.00108104
0.118186
0.117007
0.116526
0.115334
0.11215
0.10687
0.100724
0.0937161
0.085011
0.0744316
0.0629204
0.0522027
0.0434709
0.0368398
0.0313878
0.0261592
0.0204652
0.0141169
0.00739037
0.000807765
0.117863
0.115355
0.114426
0.112661
0.107598
0.100186
0.093647
0.0884352
0.0834188
0.0761236
0.0667543
0.0570741
0.0484646
0.0411914
0.0347596
0.0285292
0.0220148
0.0150482
0.00780493
0.000707727
0.115594
0.112214
0.112405
0.112063
0.105478
0.0948069
0.0854254
0.081459
0.0810061
0.0779209
0.0709578
0.0621747
0.0535019
0.0455996
0.0382817
0.0311415
0.0238481
0.0162681
0.0085341
0.00100602
0.109716
0.102477
0.107347
0.119503
0.151122
0.111151
0.0838644
0.0768602
0.0780122
0.0785669
0.0742724
0.0664521
0.0577774
0.0494255
0.0414363
0.0335727
0.0256273
0.0175247
0.00938917
0.00154313
0.10777
0.102245
0.111019
0.15413
0.276712
0.180018
0.0844451
0.0760618
0.0748541
0.0773029
0.0755538
0.0690946
0.0608033
0.0523215
0.0439509
0.0356022
0.0271835
0.01869
0.0102647
0.00221351
0.124251
0.119107
0.121756
0.231114
0.277972
0.205037
0.0864309
0.0773698
0.0751766
0.0765945
0.0751627
0.0697194
0.0622349
0.0540721
0.0456464
0.0370634
0.0283665
0.0196288
0.0110287
0.00287244
0.139398
0.12771
0.229352
0.28537
0.237057
0.101053
0.0879239
0.0798086
0.0775481
0.0772015
0.0750731
0.069976
0.0629726
0.0550579
0.0466624
0.0379828
0.0291405
0.020269
0.0115767
0.00337604
0.378566
0.380004
0.23438
0.126724
0.105614
0.0968759
0.0890031
0.0830924
0.080194
0.0783309
0.0753332
0.0701747
0.0633527
0.0555659
0.0471979
0.0384652
0.0295416
0.020597
0.0118563
0.00363478
0.378566
0.380004
0.23438
0.126724
0.105614
0.0968759
0.0890031
0.0830924
0.080194
0.0783309
0.0753332
0.0701747
0.0633527
0.0555659
0.0471979
0.0384652
0.0295416
0.020597
0.0118563
0.00363478
0.139739
0.301111
0.377632
0.21388
0.109059
0.101462
0.0883258
0.0825022
0.0804308
0.0794692
0.0769043
0.0716118
0.0645268
0.0565148
0.0479425
0.0390001
0.0298359
0.0205957
0.0114948
0.00285943
0.130621
0.344205
0.368962
0.225886
0.122819
0.120801
0.104788
0.0853834
0.0815007
0.0820847
0.0803665
0.0746826
0.066955
0.0584494
0.0494741
0.0401329
0.0305112
0.0206972
0.0108751
0.00139287
0.124895
0.224807
0.250437
0.150618
0.123767
0.117432
0.103173
0.0886757
0.0854459
0.08663
0.08461
0.0783413
0.070129
0.0611735
0.0517499
0.0419242
0.0316989
0.0210693
0.0101689
-0.000623473
0.120541
0.116047
0.110432
0.105323
0.106873
0.105579
0.0995388
0.0926469
0.0922311
0.0926255
0.0894985
0.082756
0.0741955
0.0647997
0.05489
0.0445229
0.0335892
0.0219437
0.00962171
-0.00297314
0.112971
0.111554
0.109619
0.107455
0.105723
0.104027
0.101914
0.100496
0.100494
0.0993795
0.0951956
0.0880727
0.079187
0.0693362
0.0588957
0.04796
0.0363019
0.0235491
0.00953304
-0.00535789
0.104229
0.106611
0.108887
0.110401
0.111118
0.111076
0.110493
0.109981
0.109399
0.107235
0.102393
0.0948753
0.0854372
0.0748594
0.0637273
0.0522071
0.039922
0.0261481
0.0103396
-0.00724726
0.093406
0.100683
0.107505
0.11265
0.116051
0.118108
0.118998
0.118995
0.118473
0.116113
0.111042
0.103104
0.0928405
0.0811925
0.0690919
0.0569452
0.0442515
0.0298361
0.0124877
-0.00784294
0.0791924
0.092826
0.104957
0.113928
0.120065
0.1241
0.126721
0.128442
0.128205
0.125799
0.120665
0.11234
0.101
0.0878704
0.0744101
0.06159
0.0489208
0.0345967
0.0163003
-0.00630678
0.0629227
0.0830609
0.100749
0.113593
0.122306
0.128229
0.132391
0.13518
0.136192
0.134865
0.130282
0.121966
0.109507
0.0945851
0.0793207
0.0656011
0.0534192
0.0398908
0.0214557
-0.00224315
0.0574753
0.0805329
0.100517
0.114619
0.124263
0.131187
0.136403
0.140186
0.142295
0.142231
0.138376
0.129893
0.11657
0.0998837
0.0825257
0.0676497
0.0553281
0.0420115
0.0249542
0.00324212
0.0649589
0.0854376
0.104152
0.117102
0.125888
0.132404
0.137762
0.141941
0.144699
0.145044
0.141523
0.13294
0.118879
0.100591
0.0810144
0.0634711
0.0495299
0.0373736
0.0240087
0.00826551
0.079778
0.0951127
0.109326
0.119394
0.12658
0.132323
0.13694
0.140805
0.14356
0.143935
0.140456
0.131959
0.118078
0.0998667
0.0800625
0.06185
0.0469473
0.035648
0.025763
0.0154685
0.0945602
0.103904
0.112497
0.119861
0.125844
0.1311
0.135708
0.139438
0.141639
0.141232
0.137185
0.128546
0.115218
0.0983294
0.0801025
0.0630983
0.0490525
0.037736
0.0283602
0.0198348
0.105166
0.108586
0.113248
0.118889
0.124598
0.129723
0.134208
0.137739
0.139224
0.137823
0.132986
0.124277
0.111781
0.0962995
0.0796057
0.0636538
0.0498056
0.0385342
0.029414
0.0214318
0.109961
0.108822
0.111633
0.1173
0.12417
0.129832
0.133326
0.135761
0.136642
0.134359
0.128757
0.119941
0.108123
0.0941394
0.0791128
0.0644106
0.0512121
0.0400498
0.0307412
0.0225599
0.114548
0.111179
0.113513
0.119885
0.126117
0.131958
0.134519
0.134572
0.134182
0.13131
0.125235
0.116488
0.105468
0.0925
0.0787079
0.0650716
0.0524813
0.0414272
0.0318887
0.0234044
0.118564
0.115857
0.12215
0.128611
0.13029
0.130713
0.133878
0.133628
0.131962
0.128515
0.122246
0.113604
0.102926
0.0909941
0.078236
0.0654728
0.0534153
0.0425055
0.0328223
0.0241184
0.131824
0.131339
0.130698
0.132154
0.132798
0.130269
0.1309
0.13063
0.129302
0.125665
0.119471
0.1112
0.101262
0.0899599
0.0778919
0.0657207
0.0540401
0.0432525
0.0334963
0.0246644
0.179045
0.147754
0.125705
0.124789
0.125816
0.128307
0.129838
0.129779
0.12817
0.124397
0.118303
0.11018
0.100429
0.0894268
0.0776968
0.0658226
0.0543379
0.0436243
0.0338463
0.0249657
0.138713
0.137899
0.137919
0.138397
0.139105
0.139774
0.13999
0.13914
0.136479
0.13128
0.123012
0.111535
0.0972759
0.0812405
0.0648208
0.0494789
0.0363363
0.0258879
0.0177237
0.0111021
0.138094
0.137063
0.137072
0.137675
0.138584
0.139498
0.140004
0.139494
0.137225
0.132482
0.12475
0.113873
0.100184
0.0845237
0.0681333
0.0523847
0.0384369
0.0269534
0.0179051
0.0108027
0.137068
0.135454
0.135316
0.136042
0.137138
0.138277
0.139061
0.138869
0.136946
0.132605
0.125392
0.115181
0.10223
0.0872287
0.0712447
0.0555197
0.0412008
0.0290937
0.0194649
0.0120687
0.134619
0.132379
0.132443
0.133649
0.135078
0.136359
0.137449
0.137646
0.136016
0.131965
0.125131
0.115482
0.103241
0.0889614
0.0735521
0.0581449
0.0438543
0.0315776
0.0217474
0.0142237
0.13133
0.127737
0.128258
0.130672
0.133074
0.134461
0.135468
0.136115
0.134918
0.131023
0.124378
0.115108
0.103399
0.0897826
0.0750688
0.0602753
0.0464464
0.034447
0.0246998
0.0170855
0.128411
0.122967
0.123365
0.126808
0.130726
0.133362
0.133965
0.134379
0.133577
0.129845
0.123243
0.114216
0.102954
0.0900138
0.076075
0.0620544
0.0488992
0.0373328
0.0277043
0.0198803
0.129257
0.121207
0.119556
0.124385
0.128865
0.131322
0.132892
0.133004
0.132032
0.128428
0.121874
0.112969
0.102228
0.0899408
0.076772
0.0635304
0.0510176
0.0398379
0.0302443
0.0221071
0.133819
0.129603
0.153863
0.156663
0.131722
0.129083
0.1317
0.131893
0.13052
0.126841
0.120415
0.111809
0.101462
0.0897511
0.0772566
0.0646749
0.052677
0.0417581
0.0321297
0.0236526
0.177362
0.191926
0.191351
0.182794
0.129681
0.128237
0.130122
0.130431
0.129083
0.12531
0.119048
0.110759
0.100798
0.0895494
0.077558
0.0654451
0.0537915
0.0430155
0.0332876
0.0245669
0.179045
0.147754
0.125705
0.124789
0.125816
0.128307
0.129838
0.129779
0.12817
0.124397
0.118303
0.11018
0.100429
0.0894268
0.0776968
0.0658226
0.0543379
0.0436243
0.0338463
0.0249657
)
;
    }
    lowerWall
    {
        type            fixedFluxPressure;
        gradient        uniform 0;
        value           nonuniform List<scalar> 
200
(
408.297
408.38
408.494
408.632
408.822
409.09
409.459
410.011
410.65
410.859
410.838
410.497
409.646
409.143
408.928
408.81
408.722
408.632
408.543
408.463
408.526
408.604
408.711
408.836
409.013
409.267
409.595
409.978
410.212
410.328
410.353
410.147
409.701
409.353
409.134
408.998
408.915
408.843
408.77
408.7
408.801
408.862
408.921
408.989
409.092
409.247
409.433
409.599
409.452
409.138
409.094
409.378
409.393
409.253
409.158
409.109
409.095
409.083
409.055
409.004
409.167
409.209
409.2
409.167
409.158
409.191
409.236
409.245
408.955
408.708
408.516
408.888
409.105
409.127
409.164
409.226
409.317
409.407
409.448
409.416
409.683
409.699
409.6
409.438
409.285
409.188
409.121
409.044
408.793
408.602
408.496
408.75
408.978
409.092
409.23
409.414
409.644
409.863
409.994
409.989
410.367
410.352
410.146
409.83
409.513
409.265
409.092
408.958
408.766
408.639
408.612
408.756
408.962
409.14
409.379
409.705
410.093
410.465
410.706
410.732
411.18
411.137
410.805
410.315
409.821
409.418
409.131
408.941
408.782
408.696
408.7
408.81
409.003
409.241
409.592
410.067
410.628
411.175
411.544
411.599
412.004
411.931
411.465
410.795
410.13
409.583
409.188
408.935
408.778
408.711
408.73
408.836
409.037
409.343
409.8
410.415
411.147
411.874
412.379
412.463
412.613
412.496
411.917
411.113
410.325
409.677
409.209
408.912
408.745
408.681
408.707
408.82
409.038
409.392
409.922
410.637
411.491
412.351
412.968
413.098
412.787
412.596
411.972
411.14
410.326
409.653
409.167
408.865
408.695
408.633
408.66
408.777
409.001
409.362
409.91
410.65
411.53
412.417
413.077
413.284
)
;
    }
    atmosphere
    {
        type            totalPressure;
        rho             rho;
        psi             none;
        gamma           1;
        p0              nonuniform List<scalar> 0();
        value           nonuniform List<scalar> 0();
    }
    procBoundary1to0
    {
        type            processor;
        value           nonuniform List<scalar> 
800
(
408.105
407.907
407.508
406.856
405.875
404.371
402.52
326.582
104.22
0.764428
0.334421
0.196704
0.146361
0.137306
0.156783
0.159718
0.14724
0.122922
0.120413
0.118908
408.181
407.966
407.567
406.921
406.083
404.605
402.62
328.121
101.87
0.680522
0.192404
0.1158
0.0959105
0.113602
0.149281
0.150304
0.142237
0.118526
0.117588
0.116801
408.278
408.061
407.701
407.169
406.45
405.305
404.232
341.089
91.8829
0.554695
0.130881
0.0917565
0.0745058
0.0908009
0.109419
0.112797
0.113928
0.112902
0.112448
0.111643
408.394
408.153
407.782
407.278
406.664
405.969
405.5
366.013
100.538
0.507599
0.256479
0.415673
0.116813
0.0766101
0.089972
0.0964703
0.10167
0.104788
0.103816
0.10271
408.549
408.259
407.813
407.197
406.629
406.849
408.784
399.078
161.489
2.01638
0.58829
1.90275
0.0409589
0.0637748
0.0714938
0.0805906
0.09137
0.0958547
0.0922957
0.0880198
408.767
408.457
407.773
406.729
398.875
375.28
401.958
412.994
210.688
42.6226
31.3825
2.41416
0.0629291
0.065653
0.0679657
0.0879463
0.0903864
0.0889687
0.106307
0.119649
409.06
408.739
407.76
405.513
380.047
335.331
327.373
371.415
377.102
312.269
104.554
5.35807
0.194295
0.139877
0.14173
0.114573
0.0882214
0.046169
0.0700163
0.089131
409.574
409.31
408.433
406.06
402.521
400.97
390.892
312.364
245.776
145.236
59.7648
25.877
0.626534
0.190215
0.0935306
0.000110249
-0.007806
0.0234943
0.0443539
0.066053
410.337
410.372
409.654
406.969
401.424
391.327
338.404
152.492
22.1733
4.87392
2.51184
1.4576
0.817157
0.294099
0.057881
-0.0845822
-0.032529
-0.00427075
0.056569
0.0942779
410.693
409.797
407.342
403.286
400.168
390.396
272.639
47.8036
10.8437
4.51932
2.54529
1.8337
1.11699
0.525977
0.256717
0.162553
0.42645
2.33703
3.65071
3.4275
410.798
410.287
407.138
405.118
399.738
369.405
227.797
71.1934
17.3791
4.18865
1.54696
1.1625
0.714417
0.405336
0.554783
5.83811
19.2964
25.7182
26.0021
12.5708
410.373
410.401
409.44
407.555
402.425
399.611
363.772
308.465
206.288
33.2463
0.440542
0.59745
0.352389
0.182698
0.0830816
0.170187
0.504095
0.740674
0.677549
0.300469
409.505
409.164
407.503
405.765
404.921
371.672
350.033
390.025
399.471
210.509
0.216859
0.34352
0.25878
0.15454
0.0735209
0.0156218
-0.00433039
0.0106506
0.0517225
0.129499
409.035
408.678
407.096
404.125
382.968
352.104
391.932
422.792
347.117
102.203
0.359845
0.308669
0.260266
0.172655
0.092624
0.0558648
0.0445408
0.0753049
0.43404
0.549088
408.84
408.563
408.108
406.864
384.386
405.061
413.79
418.101
283.602
29.042
0.295263
0.19563
0.198443
0.165012
0.132216
0.0933836
0.086135
0.104246
0.19841
0.225435
408.681
408.457
408.179
408.009
407.721
408.512
410.337
396.1
192.903
1.18025
0.140016
0.0665054
0.130846
0.149989
0.14909
0.14155
0.126217
0.112377
0.114364
0.120566
408.568
408.361
408.095
407.778
407.494
406.997
406.238
360.309
111.322
0.331874
0.0513845
0.0269741
0.110607
0.144794
0.134637
0.128381
0.124679
0.123942
0.126061
0.128928
408.469
408.263
407.927
407.442
406.765
405.541
404.024
334.714
87.3743
0.2914
0.0774974
0.0544164
0.125229
0.171614
0.162588
0.148111
0.139119
0.132789
0.133906
0.134946
408.367
408.145
407.725
407.014
406.061
404.234
401.55
315.983
85.5993
0.559556
0.174022
0.0881536
0.154738
0.19285
0.227049
0.172808
0.140053
0.137702
0.139671
0.139293
408.284
408.069
407.627
406.872
405.686
403.75
401.044
314.238
92.128
1.48213
0.561454
0.258213
0.209524
0.201733
0.183973
0.170173
0.155027
0.146876
0.144187
0.141237
0.118346
0.118738
0.119278
0.119083
0.117317
0.113299
0.106626
0.0970753
0.0847803
0.0707664
0.0568852
0.0451569
0.036932
0.0317924
0.0284903
0.0253297
0.0209729
0.0151731
0.00860447
0.00299509
0.116898
0.118453
0.120491
0.121774
0.121112
0.117545
0.110693
0.100007
0.0856671
0.0688781
0.0524905
0.039521
0.0319236
0.0285064
0.0275319
0.026299
0.0220381
0.0148439
0.00647744
0.000415854
0.113297
0.117758
0.123365
0.127914
0.129829
0.127235
0.119623
0.106421
0.0869556
0.062651
0.0399092
0.025788
0.0193929
0.0204604
0.0258442
0.0284695
0.0247805
0.0133643
0.00353194
-0.00416785
0.106649
0.11632
0.128664
0.13904
0.146069
0.146045
0.13722
0.120269
0.0911902
0.0551261
0.0364857
0.0162381
0.00702438
0.0150727
0.0298828
0.042402
0.0689338
0.299535
0.361616
0.156563
0.0939444
0.111901
0.136626
0.158989
0.173722
0.176983
0.181928
0.24256
0.386327
0.584332
0.697444
0.675412
0.49332
0.29974
0.178826
0.189083
1.1532
1.73865
0.206523
-0.0172739
0.116374
0.1393
0.177222
0.201702
0.201187
0.222921
0.412186
0.849338
1.0982
1.08461
0.765142
0.378659
-0.00530936
0.00563705
0.289977
1.0731
1.1042
0.392351
-0.00046681
-0.00312194
0.0774748
0.109394
0.147226
0.186873
0.20795
0.2406
0.369718
0.355224
0.280403
0.257376
0.0639647
-0.0954059
-0.0700153
-0.0156032
0.0468269
0.356684
0.985659
0.615591
0.00764733
-0.0106261
0.0808552
0.109051
0.14459
0.185698
0.229313
0.228617
0.219739
0.284017
0.532875
2.51318
4.35711
3.03815
0.524434
-0.00961985
9.43759e-05
0.0383698
0.0968735
0.21833
0.174456
-0.00878161
0.111717
0.134764
0.14784
0.169748
0.188669
0.220625
0.263941
0.332091
0.551413
6.6882
17.0667
13.2163
0.742747
-0.156532
-0.0543202
0.0159854
0.0538174
0.0647903
0.0554379
0.0357693
0.864771
0.124461
0.190936
0.327321
0.522386
0.706935
0.885564
0.878384
0.879426
7.45151
18.4435
17.5396
4.15751
-0.232728
-0.101819
0.0224687
0.135495
0.20901
0.177217
0.396376
0.0283361
0.138009
0.206374
0.571148
0.837389
0.852414
0.709056
0.811237
1.10306
2.70776
12.9391
19.4035
14.522
-0.141288
-0.157089
-0.0274339
0.128837
0.246072
2.28835
21.9274
0.159364
0.148019
0.180664
0.191607
0.192392
0.208196
0.254049
0.342129
0.459701
2.03254
13.6452
20.0503
19.3809
3.61577
-0.184564
-0.10273
0.000333796
0.0968723
0.16093
0.19943
0.16247
0.199594
0.189956
0.196514
0.198585
0.20238
0.229814
0.280746
0.361613
0.463895
5.06828
18.2332
19.5503
18.3108
1.78961
-0.131122
-0.0264598
0.104562
0.9307
24.1263
0.589026
0.464139
0.276754
0.299094
0.289171
0.194155
0.212069
0.233841
0.274575
0.31139
0.34628
1.15033
8.19111
18.7323
18.9924
8.11853
-0.00631533
0.0434472
0.120664
13.966
0.179078
0.151184
0.161915
0.161731
0.159856
0.17367
0.194979
0.210549
0.225979
0.236306
0.210698
0.162718
0.142999
0.956484
3.19017
5.19291
5.62439
1.58451
0.0282206
0.342653
0.127856
0.136242
0.143007
0.147815
0.152289
0.158304
0.166847
0.176308
0.184029
0.185146
0.170464
0.136133
0.0908346
0.0343163
-0.0127361
-0.00223085
-0.0302263
-0.00756448
0.0217369
0.0317576
0.132346
0.136464
0.140255
0.143397
0.146446
0.150118
0.154496
0.158569
0.160464
0.157469
0.146409
0.12521
0.095175
0.061014
0.0326138
0.0143702
0.0068462
0.00795123
0.0129788
0.0133287
0.135756
0.137216
0.13891
0.140593
0.142362
0.144318
0.146214
0.147251
0.146162
0.141416
0.131514
0.115803
0.0953777
0.0726992
0.0512467
0.0340292
0.0224144
0.0175168
0.0147135
0.011288
0.138159
0.137905
0.138267
0.138932
0.139796
0.140637
0.141093
0.140532
0.137969
0.132486
0.123302
0.110218
0.0939522
0.0760358
0.0584043
0.0430119
0.031133
0.0232655
0.017314
0.0119658
0.13922
0.138284
0.138068
0.138255
0.138583
0.138866
0.13867
0.137379
0.134219
0.128476
0.119656
0.107711
0.0932141
0.0773069
0.0614657
0.0471402
0.035325
0.0262511
0.019098
0.0129106
)
;
    }
    procBoundary1to3
    {
        type            processor;
        value           nonuniform List<scalar> 
200
(
-0.00293418
-0.00421353
-0.00511043
-0.00572568
-0.0058185
-0.00555574
-0.00503349
-0.0044356
-0.00393809
-0.00367946
-0.0045325
-0.00568351
-0.00675584
-0.00751576
-0.00758587
-0.00721643
-0.0065551
-0.00581162
-0.00520178
-0.00488026
-0.00747181
-0.00858321
-0.0099963
-0.0111158
-0.0111406
-0.0105891
-0.0096276
-0.00856598
-0.00770357
-0.00722917
-0.0107684
-0.0124169
-0.0150956
-0.0169169
-0.0168764
-0.0159317
-0.014381
-0.0127255
-0.0114007
-0.0106464
-0.0133512
-0.0181328
-0.0226326
-0.0259072
-0.0253052
-0.0236312
-0.0210796
-0.0183834
-0.0162395
-0.0149898
0.0145086
-0.0148678
-0.0338918
-0.0377294
-0.0370195
-0.0343863
-0.030266
-0.0257587
-0.0221363
-0.0200313
0.07812
-0.0389876
-0.0627513
-0.0659064
-0.0655289
-0.0563877
-0.0437897
-0.0349831
-0.0286946
-0.0252409
-0.00746443
0.0246698
-0.106568
-0.111091
-0.103036
-0.0864652
-0.0603559
-0.0442128
-0.0344677
-0.0295531
0.731945
-0.102383
-0.127713
9.20004
12.8778
0.901503
-0.0611696
-0.0534411
-0.0377158
-0.0311619
52.4136
29.8547
46.9299
151.893
154.942
58.9655
1.0936
-0.0637624
-0.03773
-0.0281931
104.126
149.176
151.786
154.815
156.356
154.932
16.0694
-0.0528056
-0.0286814
-0.0198496
42.8394
105.161
25.0288
14.3044
37.9934
33.0497
0.460582
-0.0150626
-0.0100077
-0.008083
42.5169
0.0514179
0.0759278
0.0608705
0.302061
0.48093
0.117542
0.0387538
0.0112989
0.00472657
8.58234
0.0205137
0.0720433
0.06753
0.0829756
0.0804847
0.0631542
0.0314989
0.0159203
0.0106916
-0.00841443
0.0950968
0.607816
0.114143
0.0312022
0.0445218
0.0356194
0.0244184
0.0164136
0.0130694
-0.0247861
-0.0213013
-0.0136656
-0.00173319
0.0144287
0.0239807
0.0235182
0.01964
0.0160803
0.0143611
-0.0101235
-0.00909019
-0.00510487
0.00232362
0.0106072
0.0162329
0.0178326
0.0171124
0.0158975
0.0152207
-0.00128316
-0.00197448
0.000277389
0.00465221
0.00989722
0.013735
0.015642
0.0161605
0.0160632
0.0159279
0.00319579
0.00291302
0.00447867
0.00718867
0.010516
0.0132834
0.0150684
0.0159889
0.0163668
0.0164854
0.00520078
0.00502339
0.0062958
0.00841256
0.0110177
0.0133376
0.0150159
0.0160449
0.016582
0.0167982
)
;
    }
}


// ************************************************************************* //
