/*--------------------------------*- C++ -*----------------------------------*\
| =========                 |                                                 |
| \\      /  F ield         | OpenFOAM: The Open Source CFD Toolbox           |
|  \\    /   O peration     | Version:  2312                                  |
|   \\  /    A nd           | Website:  www.openfoam.com                      |
|    \\/     M anipulation  |                                                 |
\*---------------------------------------------------------------------------*/
FoamFile
{
    version     2.0;
    format      ascii;
    arch        "LSB;label=32;scalar=64";
    class       volScalarField;
    location    "0.48";
    object      p;
}
// * * * * * * * * * * * * * * * * * * * * * * * * * * * * * * * * * * * * * //

dimensions      [1 -1 -2 0 0 0 0];

internalField   nonuniform List<scalar> 
8000
(
364.369
364.662
365.553
366.97
368.774
370.782
372.778
374.525
375.837
376.586
315.7
316.016
316.966
318.482
320.422
322.594
324.766
326.677
328.104
328.944
267.36
267.73
268.816
270.543
272.774
275.286
277.807
280.038
281.698
282.689
219.694
220.112
221.378
223.391
226.023
229.044
232.097
234.826
236.838
238.055
172.485
173.148
174.652
176.98
180.193
184.004
187.836
191.274
193.739
195.231
126.098
126.827
128.649
131.661
135.46
140.273
145.298
149.848
153.154
155.025
79.6726
80.5522
82.6437
86.2187
91.5768
97.8395
104.72
110.924
115.471
117.704
35.5836
36.1311
37.5711
40.7512
47.1813
56.0952
65.744
74.7926
81.5919
84.8463
7.08229
7.16472
7.55795
8.71003
11.4395
18.1858
29.9774
42.966
53.4718
58.9914
-0.225098
-0.213008
-0.186063
-0.139634
-0.111569
0.257131
4.49543
15.2586
28.7978
37.9926
-0.269297
-0.262877
-0.249878
-0.235599
-0.232552
-0.258746
-0.27146
0.232748
9.30965
21.3963
-0.337494
-0.336867
-0.333153
-0.327008
-0.32765
-0.338535
-0.413747
-0.658073
0.915341
17.2718
-0.420303
-0.420887
-0.421116
-0.418321
-0.417024
-0.427534
-0.454529
-0.484904
0.138628
10.9952
-0.488311
-0.488267
-0.488639
-0.488861
-0.492218
-0.509942
-0.539353
-0.588889
-0.635065
-0.59323
-0.544978
-0.544559
-0.546219
-0.551368
-0.566439
-0.604656
-0.653626
-0.667497
-0.631698
-0.646449
-0.598015
-0.599311
-0.603741
-0.613578
-0.635033
-0.674632
-0.741146
-0.722651
-0.658956
-0.651256
-0.651057
-0.653608
-0.659667
-0.67156
-0.691426
-0.725644
-0.754493
-0.718803
-0.684048
-0.685545
-0.703617
-0.706104
-0.711719
-0.722742
-0.740408
-0.76516
-0.772209
-0.738344
-0.728119
-0.743682
-0.754607
-0.756545
-0.760578
-0.768616
-0.781327
-0.800946
-0.818587
-0.803824
-0.798663
-0.797341
-0.804743
-0.805949
-0.808194
-0.812995
-0.820557
-0.830255
-0.849587
-0.857405
-0.854061
-0.843442
363.305
363.59
364.498
365.955
367.81
369.872
371.922
373.708
375.051
375.824
314.504
314.811
315.786
317.361
319.354
321.589
323.819
325.772
327.225
328.093
265.976
266.327
267.433
269.208
271.522
274.117
276.71
278.991
280.676
281.696
217.888
218.328
219.641
221.769
224.505
227.631
230.779
233.57
235.601
236.862
170.292
170.963
172.509
174.867
178.388
182.311
186.269
189.781
192.123
193.791
123.864
124.513
126.3
129.491
133.569
138.516
143.584
148.156
151.401
153.253
76.9606
77.9086
80.1335
83.7917
89.5639
96.3707
103.236
109.254
113.632
115.635
36.1017
36.646
38.0448
40.5274
47.0325
55.8086
65.3769
73.6631
79.6404
81.8696
9.59055
9.92517
10.9152
12.695
15.9829
21.3844
30.9529
41.5414
50.0795
54.0485
-0.265013
-0.255985
-0.238594
-0.203834
-0.0790647
1.31644
6.74521
15.4804
25.0748
29.8358
-0.29259
-0.287523
-0.277246
-0.269453
-0.277922
-0.24469
-0.270456
1.1026
9.75283
10.2687
-0.358538
-0.359111
-0.356352
-0.355236
-0.367239
-0.35724
-0.431113
-0.60084
-0.153076
1.01854
-0.433879
-0.436628
-0.441342
-0.439293
-0.435647
-0.441508
-0.484254
-0.578266
-0.504121
0.115907
-0.49433
-0.497561
-0.500979
-0.500765
-0.500509
-0.508378
-0.539698
-0.576741
-0.595017
-0.635563
-0.550895
-0.552283
-0.555248
-0.559838
-0.57822
-0.607457
-0.638214
-0.637201
-0.626257
-0.639887
-0.602203
-0.604587
-0.609443
-0.622269
-0.652971
-0.705758
-0.737854
-0.720951
-0.671159
-0.663115
-0.651941
-0.655047
-0.662298
-0.678348
-0.704915
-0.762983
-0.799728
-0.766615
-0.713906
-0.689563
-0.702734
-0.705622
-0.711491
-0.72431
-0.745368
-0.790176
-0.83426
-0.793431
-0.763402
-0.739204
-0.753161
-0.755259
-0.758735
-0.766802
-0.777525
-0.800587
-0.843617
-0.839349
-0.831775
-0.803265
-0.80335
-0.804334
-0.806086
-0.810081
-0.812571
-0.813178
-0.832512
-0.859459
-0.866008
-0.855168
361.296
361.563
362.51
364.049
366.019
368.209
370.379
372.264
373.677
374.48
312.303
312.586
313.605
315.264
317.395
319.779
322.149
324.213
325.744
326.639
263.415
263.727
264.886
266.79
269.255
272.027
274.789
277.201
278.971
280.017
214.805
215.151
216.525
218.798
221.746
225.109
228.479
231.439
233.568
234.844
166.717
167.087
168.806
171.566
175.111
179.307
183.502
187.228
189.809
191.34
119.351
119.943
121.364
124.685
129.278
134.782
140.104
144.993
148.278
150.008
71.0956
72.3702
75.0838
79.2346
85.1151
91.9999
99.1367
105.318
109.468
111.261
33.4422
33.4828
33.7719
37.3088
43.9848
51.8063
60.38
68.4998
73.9485
75.406
6.47029
6.85241
7.78596
9.78171
13.1153
18.2256
26.3704
35.6448
42.1287
44.205
-0.303038
-0.295265
-0.280184
-0.259844
-0.173291
0.923306
4.70909
11.1933
16.3176
16.7862
-0.328803
-0.323619
-0.314889
-0.312178
-0.324525
-0.322918
-0.334802
-0.358088
1.41106
0.561793
-0.365609
-0.365828
-0.365875
-0.369539
-0.381021
-0.393778
-0.428947
-0.533027
-0.597669
-0.681596
-0.428777
-0.432635
-0.439083
-0.447497
-0.454096
-0.466386
-0.494412
-0.531386
-0.58435
-0.483577
-0.48361
-0.48603
-0.490832
-0.49821
-0.50961
-0.518189
-0.542057
-0.552814
-0.575499
-0.581041
-0.539244
-0.541346
-0.547526
-0.558259
-0.57696
-0.593243
-0.605221
-0.606843
-0.63296
-0.653702
-0.594002
-0.597286
-0.603988
-0.617873
-0.645699
-0.678484
-0.686612
-0.684507
-0.70899
-0.702021
-0.647016
-0.650993
-0.657398
-0.671726
-0.700796
-0.744899
-0.762636
-0.754164
-0.754452
-0.711896
-0.699091
-0.70289
-0.706963
-0.719895
-0.74612
-0.78566
-0.812362
-0.79826
-0.792901
-0.747767
-0.750326
-0.752751
-0.755033
-0.761866
-0.772945
-0.796995
-0.817025
-0.814228
-0.821693
-0.811849
-0.800908
-0.801964
-0.802499
-0.804477
-0.802529
-0.801657
-0.806568
-0.825022
-0.835118
-0.851888
358.573
358.798
359.806
361.466
363.598
365.965
368.302
370.324
371.836
372.679
309.253
309.479
310.563
312.372
314.703
317.301
319.872
322.098
323.741
324.68
259.7
259.912
261.147
263.26
266.007
269.08
272.12
274.744
276.649
277.749
210.021
210.149
211.594
214.19
217.581
221.4
225.185
228.451
230.752
232.101
160.192
160.257
162.011
165.335
169.681
174.551
179.351
183.491
186.291
187.931
109.876
110.115
112.668
116.83
122.265
128.334
134.571
140.094
143.68
145.568
59.0748
61.3626
64.132
69.0405
76.1738
84.2499
91.8388
98.8808
103.568
105.344
20.8043
20.6859
21.651
25.4987
32.9033
41.9575
51.7971
60.6105
66.033
66.6974
1.92936
2.07092
2.42965
3.53207
5.72686
10.2592
17.6375
26.7603
32.0331
31.8818
-0.402811
-0.377132
-0.346882
-0.301233
-0.230284
-0.0813768
1.30804
4.97289
7.61755
5.43866
-0.359762
-0.361818
-0.352136
-0.342915
-0.323617
-0.324868
-0.355676
-0.335208
-0.280272
-0.29451
-0.358461
-0.353004
-0.348469
-0.358362
-0.371007
-0.383228
-0.40926
-0.43447
-0.443619
-0.430655
-0.415905
-0.416155
-0.422364
-0.43776
-0.454798
-0.470109
-0.492201
-0.506253
-0.503134
-0.458709
-0.469857
-0.470806
-0.476433
-0.488818
-0.509646
-0.534909
-0.551703
-0.553906
-0.548708
-0.531746
-0.526855
-0.529205
-0.534708
-0.545895
-0.564803
-0.587744
-0.605419
-0.611481
-0.627276
-0.629964
-0.58309
-0.587228
-0.593169
-0.604256
-0.624815
-0.650331
-0.67173
-0.68782
-0.71488
-0.704354
-0.638889
-0.643572
-0.648976
-0.660477
-0.682126
-0.715074
-0.739562
-0.758984
-0.770976
-0.723246
-0.693658
-0.698129
-0.700331
-0.711167
-0.729833
-0.762434
-0.789255
-0.797926
-0.793489
-0.761058
-0.746418
-0.749205
-0.7499
-0.755863
-0.762782
-0.782624
-0.808302
-0.814983
-0.802339
-0.805674
-0.797747
-0.798832
-0.798372
-0.800234
-0.799298
-0.79958
-0.816124
-0.832313
-0.831401
-0.840991
355.347
355.513
356.612
358.428
360.762
363.346
365.886
368.075
369.708
370.603
305.606
305.723
306.939
308.945
311.532
314.401
317.223
319.648
321.433
322.432
255.18
255.237
256.61
259.013
262.128
265.599
268.999
271.903
273.984
275.161
203.811
203.827
205.52
208.534
212.51
216.97
221.324
225.008
227.549
229.008
151.001
151.352
153.598
157.487
162.762
168.755
174.499
179.256
182.318
184.121
95.679
97.439
100.677
105.791
112.773
120.74
128.351
134.843
138.726
140.675
46.131
47.553
49.4493
54.744
63.4832
74.159
84.4785
92.2356
96.9747
98.7552
11.2046
11.5872
10.8059
12.9787
19.4178
30.1236
42.1902
52.4242
56.8454
57.4023
-0.30417
-0.189702
0.0765711
0.309142
1.53129
4.40217
10.339
19.0364
22.9099
20.6225
-0.4351
-0.423873
-0.346603
-0.309302
-0.260231
-0.212047
-0.0716504
1.24809
1.91856
0.869085
-0.298798
-0.326062
-0.307288
-0.313425
-0.32393
-0.288812
-0.324263
-0.309911
-0.245769
-0.249876
-0.331729
-0.32261
-0.315214
-0.330629
-0.345872
-0.354811
-0.375107
-0.398101
-0.363824
-0.3299
-0.399229
-0.387577
-0.388996
-0.399577
-0.420295
-0.440156
-0.462156
-0.483475
-0.472672
-0.434921
-0.454325
-0.448835
-0.452666
-0.46421
-0.482295
-0.503367
-0.521097
-0.540605
-0.537251
-0.511631
-0.511195
-0.512746
-0.517337
-0.528992
-0.545109
-0.563962
-0.578341
-0.594212
-0.602777
-0.584583
-0.567956
-0.574472
-0.578778
-0.589442
-0.604956
-0.630664
-0.644316
-0.658588
-0.670824
-0.644264
-0.627142
-0.635126
-0.637148
-0.647615
-0.661818
-0.690712
-0.715016
-0.715721
-0.714187
-0.695611
-0.687132
-0.693261
-0.692177
-0.700702
-0.711876
-0.73605
-0.764194
-0.76671
-0.753659
-0.744893
-0.743592
-0.746797
-0.743741
-0.748481
-0.753133
-0.766472
-0.792101
-0.79739
-0.786968
-0.788305
-0.79591
-0.79607
-0.793443
-0.795108
-0.795547
-0.796851
-0.813918
-0.824354
-0.826055
-0.829264
352.074
352.102
353.355
355.323
357.874
360.678
363.424
365.782
367.539
368.489
301.873
301.862
303.225
305.396
308.276
311.436
314.519
317.154
319.089
320.152
250.277
249.938
251.75
254.591
258.097
262.004
265.799
269.006
271.272
272.538
196.422
196.283
198.637
202.38
207.116
212.335
217.345
221.493
224.301
225.892
139.84
140.225
143.549
148.665
155.263
162.538
169.458
174.896
178.253
180.319
68.4254
74.9367
85.1037
93.0866
102.487
112.494
122.188
129.22
133.745
135.942
14.6897
20.603
32.4042
38.7252
49.7164
63.5774
76.2756
85.3708
90.2878
92.5599
1.64976
2.26632
4.40026
5.11558
9.84794
19.4658
33.2279
44.6746
48.338
49.4003
0.0797807
-0.237132
0.0262418
0.0704535
0.125031
1.5186
5.87409
13.7514
17.8324
13.7737
-0.10767
-0.236349
-0.21252
-0.197624
-0.261436
-0.254796
-0.213209
-0.0980878
0.102749
-0.0355363
-0.199081
-0.244429
-0.245963
-0.258084
-0.297979
-0.323524
-0.315622
-0.320205
-0.288723
-0.232226
-0.302804
-0.282465
-0.281437
-0.292753
-0.315685
-0.336456
-0.354522
-0.380446
-0.378394
-0.334733
-0.38369
-0.358093
-0.355707
-0.364214
-0.38416
-0.40911
-0.430589
-0.45278
-0.464188
-0.432174
-0.438716
-0.428433
-0.4287
-0.437553
-0.455068
-0.474483
-0.492496
-0.510801
-0.527376
-0.500472
-0.496488
-0.495785
-0.497836
-0.506925
-0.521135
-0.537974
-0.553894
-0.567398
-0.573829
-0.556977
-0.558897
-0.56247
-0.562713
-0.571126
-0.583283
-0.597492
-0.613814
-0.623333
-0.624823
-0.615011
-0.628846
-0.628496
-0.624715
-0.632385
-0.641264
-0.658788
-0.671818
-0.679269
-0.681407
-0.673939
-0.696969
-0.691522
-0.684079
-0.68824
-0.695389
-0.708463
-0.724513
-0.727611
-0.728464
-0.726167
-0.753596
-0.746333
-0.738119
-0.739446
-0.743561
-0.750693
-0.765405
-0.770878
-0.771252
-0.772334
-0.79987
-0.7919
-0.78755
-0.787842
-0.790231
-0.792988
-0.801954
-0.810744
-0.814437
-0.816479
349.141
349.069
350.571
352.639
355.297
358.276
361.19
363.691
365.553
366.551
298.565
298.459
300.028
302.328
305.335
308.769
312.07
314.889
316.953
318.069
245.795
245.13
247.341
250.429
254.479
258.749
262.889
266.376
268.799
270.145
191.912
188.763
191.722
196.295
202.028
208.05
213.688
218.3
221.374
223.062
134.575
133.373
133.729
139.386
147.905
156.702
164.722
171
174.627
176.83
43.4912
39.69
62.7011
78.1249
92.1589
104.663
116.267
124.248
129.407
131.887
7.44959
3.12943
12.4546
24.4479
38.1048
54.2507
68.6958
79.1595
84.449
87.2129
1.36347
0.637999
1.26374
1.99129
4.92809
12.4943
25.3807
37.7708
41.7777
43.136
0.278458
0.0566973
0.124775
0.146224
0.0604481
0.168125
3.57126
10.5968
14.8046
10.7832
-7.07806e-05
-0.0584893
-0.0628997
-0.104764
-0.188605
-0.294209
-0.281047
-0.249597
-0.181247
-0.144106
-0.191534
-0.126722
-0.170732
-0.212131
-0.26656
-0.30915
-0.334858
-0.304763
-0.273978
-0.236604
-0.307005
-0.222292
-0.249403
-0.266584
-0.297634
-0.324979
-0.345975
-0.3595
-0.357805
-0.325078
-0.376292
-0.322293
-0.332129
-0.338618
-0.362258
-0.390457
-0.415682
-0.432359
-0.443238
-0.419728
-0.421736
-0.403828
-0.408271
-0.415249
-0.434303
-0.455913
-0.47675
-0.491708
-0.517815
-0.495444
-0.489146
-0.47639
-0.478227
-0.485729
-0.501919
-0.520082
-0.538537
-0.554398
-0.569634
-0.549998
-0.565594
-0.546818
-0.545568
-0.55216
-0.565373
-0.580915
-0.597685
-0.612192
-0.616357
-0.602897
-0.643551
-0.615763
-0.613372
-0.615419
-0.625051
-0.63677
-0.651315
-0.660671
-0.663839
-0.657568
-0.724331
-0.684731
-0.678409
-0.675183
-0.681541
-0.689711
-0.702263
-0.708334
-0.711465
-0.710535
-0.776036
-0.743867
-0.734807
-0.729153
-0.733632
-0.739111
-0.74908
-0.755028
-0.758056
-0.759254
-0.803143
-0.781914
-0.780176
-0.777797
-0.782897
-0.787664
-0.794587
-0.801327
-0.804887
-0.806603
346.748
346.971
348.727
350.721
353.416
356.42
359.429
362.018
363.945
364.979
295.715
295.77
297.907
300.084
303.262
306.768
310.152
313.083
315.215
316.382
242.658
241.298
244.144
247.192
251.632
256.275
260.622
264.311
266.818
268.216
188.615
184.915
185.896
191.002
197.868
204.704
210.778
215.717
218.95
220.785
123.221
123.758
126.257
130.015
140.995
151.914
160.809
167.908
171.662
174.128
41.074
25.2843
36.454
60.4843
81.7765
98.2303
110.924
120.237
125.826
128.585
7.05751
2.09812
4.17516
13.3656
28.5576
47.5371
62.8039
74.3023
80.3306
83.3671
1.13503
0.413714
0.463901
0.788426
2.97348
8.98873
20.7644
33.2117
38.9849
39.6026
0.17638
0.0118661
0.0656511
-0.00945937
0.0214594
-0.0355679
1.96052
8.29263
12.6052
9.45371
0.104861
-0.026568
-0.0471124
-0.128009
-0.201605
-0.280343
-0.314097
-0.259934
-0.226636
-0.176914
0.314683
-0.0740928
-0.136011
-0.20641
-0.277447
-0.308079
-0.347162
-0.308749
-0.274534
-0.24519
0.00628005
-0.18619
-0.23101
-0.261683
-0.300252
-0.324823
-0.344968
-0.352195
-0.345943
-0.319225
-0.294615
-0.290855
-0.314665
-0.32528
-0.356636
-0.384425
-0.409642
-0.422778
-0.427884
-0.40725
-0.374454
-0.371056
-0.389653
-0.398057
-0.422757
-0.446665
-0.470383
-0.481783
-0.497128
-0.486291
-0.430664
-0.43608
-0.45565
-0.46594
-0.488672
-0.508185
-0.530671
-0.541993
-0.55875
-0.544745
-0.51959
-0.504572
-0.523595
-0.532373
-0.551119
-0.567328
-0.584553
-0.597694
-0.607388
-0.594806
-0.644589
-0.584574
-0.598447
-0.597865
-0.61156
-0.624073
-0.635958
-0.64529
-0.650666
-0.64653
-0.761925
-0.667915
-0.672933
-0.661046
-0.67032
-0.678119
-0.687376
-0.694516
-0.698925
-0.698878
-0.803817
-0.735658
-0.732771
-0.717253
-0.724612
-0.729978
-0.737892
-0.743911
-0.747905
-0.749408
-0.8093
-0.749474
-0.77107
-0.764248
-0.774549
-0.780358
-0.787753
-0.793417
-0.79699
-0.798817
345.084
345.369
347.81
349.94
352.468
355.36
358.316
360.917
362.867
363.915
292.99
293.504
297.09
299.349
302.338
305.573
308.934
311.889
314.055
315.244
237.565
237.233
242.577
246.128
250.304
255.041
259.285
262.917
265.488
266.909
176.204
176.908
182.281
188.294
195.725
202.782
209.01
214.065
217.364
219.251
100.44
109.484
111.583
119.883
134.563
148.282
158.155
165.65
169.802
172.336
47.504
31.2529
20.4298
34.6714
70.6056
92.7307
106.88
117.578
123.493
126.396
45.0779
2.96007
1.98783
4.63923
20.0591
42.376
58.6843
70.8008
77.6226
80.9015
7.97411
0.283047
0.0849716
0.090115
2.68707
8.53561
18.1003
32.3861
37.2688
37.6572
1.02629
-0.165695
0.0377023
-0.112561
-0.0701884
0.0219592
1.09095
7.08301
11.4774
8.90515
0.720479
-0.0865408
-0.0137862
-0.152821
-0.288896
-0.275951
-0.294619
-0.258571
-0.237939
-0.20707
2.34968
-0.0548591
-0.130383
-0.232899
-0.318796
-0.329326
-0.344381
-0.322378
-0.285561
-0.260261
1.98856
-0.137039
-0.212187
-0.265697
-0.3165
-0.345451
-0.359481
-0.356514
-0.345683
-0.322631
0.503744
-0.24038
-0.287837
-0.318745
-0.357204
-0.386148
-0.407951
-0.417426
-0.420078
-0.402808
-0.419489
-0.337551
-0.366201
-0.383895
-0.415014
-0.440932
-0.463964
-0.474765
-0.485916
-0.47751
-0.446177
-0.404942
-0.426667
-0.445746
-0.475785
-0.49927
-0.521838
-0.53194
-0.545988
-0.53863
0.438587
-0.437321
-0.49007
-0.508426
-0.534948
-0.556286
-0.574895
-0.586553
-0.596787
-0.588715
1.74448
-0.507035
-0.569966
-0.574625
-0.597576
-0.612128
-0.625627
-0.63594
-0.642308
-0.63918
0.200589
-0.63485
-0.664309
-0.64336
-0.659924
-0.667638
-0.677501
-0.685323
-0.690476
-0.691329
-0.639229
-0.663641
-0.729615
-0.702122
-0.716101
-0.720373
-0.729554
-0.736124
-0.740806
-0.742796
-0.754729
-0.605174
-0.743529
-0.741739
-0.763968
-0.771133
-0.781129
-0.786859
-0.79127
-0.79338
345.358
345.97
349.128
351.005
352.814
355.245
357.973
360.483
362.402
363.441
293.901
292.628
298.81
300.824
302.968
305.627
308.551
311.417
313.55
314.732
239.519
232.247
243.717
249.161
251.301
254.946
258.945
262.382
264.911
266.312
181.344
163.237
173.63
186.831
195.537
202.142
208.389
213.392
216.656
218.538
120.513
96.8295
89.7052
88.6342
123.615
145.171
156.585
164.596
168.916
171.471
86.0487
44.5249
21.0957
23.6195
54.7465
86.0242
103.717
116.255
122.379
125.346
88.0722
12.7513
2.75132
5.56139
9.72427
38.4307
56.2083
69.2125
76.324
79.7109
33.9179
1.06075
0.0476611
0.535605
2.26324
9.47653
17.7341
31.9064
36.4573
36.7593
2.59955
0.0934508
0.0804493
0.173412
0.0415316
0.291527
1.14634
6.61057
11.0481
8.73076
-0.184095
-0.080495
0.0505633
0.0311941
-0.214156
-0.210467
-0.230731
-0.238311
-0.234843
-0.219353
1.33321
-0.0622924
-0.214318
-0.193534
-0.274179
-0.29602
-0.318794
-0.321638
-0.292583
-0.271281
1.53893
-0.118741
-0.240166
-0.259643
-0.308244
-0.346818
-0.366277
-0.367097
-0.354241
-0.333283
1.41519
-0.186683
-0.292535
-0.317245
-0.355509
-0.387287
-0.412689
-0.42194
-0.423028
-0.407512
-0.278016
-0.276191
-0.346798
-0.374968
-0.411266
-0.439905
-0.464598
-0.473791
-0.483259
-0.476728
0.227547
-0.330261
-0.38895
-0.429594
-0.468687
-0.494328
-0.518222
-0.527724
-0.541597
-0.536477
3.18925
-0.307834
-0.433737
-0.487874
-0.527654
-0.550792
-0.570338
-0.582393
-0.59278
-0.586588
4.45679
-0.415698
-0.525814
-0.562953
-0.588661
-0.606732
-0.621968
-0.632223
-0.638554
-0.636357
2.61883
-0.732412
-0.677231
-0.647147
-0.653352
-0.663289
-0.673963
-0.681815
-0.686812
-0.687938
1.26628
-0.883355
-0.799416
-0.708907
-0.710657
-0.718049
-0.726824
-0.733078
-0.737713
-0.739473
-0.168235
-0.747365
-0.807713
-0.751888
-0.761409
-0.770324
-0.779451
-0.784534
-0.788555
-0.790501
346.044
345.712
348.836
350.954
352.835
355.348
358.138
360.634
362.537
363.567
294.796
293.161
298.722
300.73
303.015
305.755
308.753
311.57
313.682
314.854
240.811
235.985
246.274
249.397
251.395
255.126
259.04
262.517
265.037
266.429
184.389
169.02
182.173
190.071
196.142
202.495
208.593
213.534
216.782
218.646
129.13
106.303
99.4044
87.7278
123.647
145.601
156.821
164.795
169.074
171.576
113.796
64.1106
26.6687
25.225
51.4757
86.1948
103.725
116.597
122.51
125.424
117.992
21.9807
3.95707
5.89202
9.94032
38.2274
56.2887
69.4339
76.4231
79.7758
54.1272
1.84736
0.265917
0.658303
2.56336
10.8263
18.6394
32.2516
36.4685
36.8286
5.18807
0.29265
0.163744
0.388062
0.135056
0.482926
1.57366
6.7419
11.1246
8.72075
0.243125
0.148427
0.139516
0.141284
-0.168314
-0.193452
-0.225676
-0.245119
-0.239459
-0.224044
-0.0139268
0.0824357
-0.158622
-0.150787
-0.250655
-0.292087
-0.324511
-0.325802
-0.298466
-0.278488
-0.416995
0.113949
-0.280696
-0.277007
-0.307052
-0.347201
-0.373593
-0.371972
-0.358184
-0.336888
-0.254611
-0.0760114
-0.357386
-0.343809
-0.363926
-0.391734
-0.419378
-0.428808
-0.42759
-0.411172
1.96391
-0.257662
-0.362912
-0.380897
-0.414497
-0.443256
-0.46887
-0.479937
-0.48859
-0.481409
3.88756
-0.228792
-0.34413
-0.412325
-0.461757
-0.494662
-0.520377
-0.531423
-0.544673
-0.539356
1.63941
-0.0431221
-0.412338
-0.476928
-0.517712
-0.547795
-0.569975
-0.583442
-0.594688
-0.588245
1.57802
0.0340327
-0.595567
-0.590373
-0.58948
-0.605257
-0.620664
-0.631965
-0.639079
-0.63725
1.41387
0.212072
-0.745609
-0.678509
-0.655419
-0.661749
-0.672279
-0.680985
-0.686676
-0.687884
1.55969
1.38464
-0.715139
-0.691426
-0.690002
-0.710308
-0.722672
-0.731154
-0.736748
-0.738846
0.229496
3.68481
-0.284867
-0.691692
-0.720033
-0.754849
-0.772203
-0.78174
-0.787253
-0.789618
346.719
347.541
349.471
351.309
353.452
356.109
358.914
361.397
363.273
364.288
294.764
296.086
299.154
300.892
303.378
306.326
309.547
312.366
314.453
315.606
239.555
242.395
246.761
248.449
251.594
255.911
259.881
263.382
265.87
267.254
176.652
186.609
192.554
192.712
197.455
203.777
209.65
214.539
217.71
219.558
110.452
118.976
124.345
126.413
135.941
149.173
158.744
166.158
170.049
172.597
75.0748
35.8985
19.3475
30.7114
69.9205
92.3052
107.002
117.895
123.683
126.57
38.8659
0.833037
1.22273
3.03772
18.985
41.8756
58.8258
71.0971
77.8157
81.0235
4.39505
-0.409717
-0.272571
0.0126523
2.86147
8.95568
19.1055
32.6103
37.3365
37.6288
0.985186
0.024748
0.0563984
-0.0801305
-0.0759436
0.0997113
1.45269
7.28132
11.537
8.79739
1.88499
0.121788
0.0284331
-0.151245
-0.341573
-0.314877
-0.311199
-0.263386
-0.246847
-0.217224
0.0106307
-0.0683652
-0.155159
-0.227797
-0.319725
-0.33217
-0.354373
-0.331202
-0.297775
-0.274992
-0.312052
-0.231403
-0.2507
-0.274166
-0.32451
-0.357787
-0.376431
-0.37201
-0.359933
-0.33778
-0.359068
-0.330647
-0.315706
-0.330224
-0.370219
-0.40031
-0.424387
-0.435037
-0.438776
-0.419606
-0.335455
-0.372885
-0.368548
-0.391796
-0.425352
-0.45217
-0.474935
-0.488093
-0.500961
-0.490863
-0.352648
-0.438737
-0.418586
-0.45042
-0.480763
-0.506167
-0.529339
-0.542375
-0.554498
-0.544955
-0.500013
-0.550297
-0.494852
-0.519539
-0.539366
-0.560621
-0.578299
-0.591626
-0.601959
-0.593249
-0.505721
-0.637042
-0.605836
-0.597563
-0.601754
-0.614224
-0.62687
-0.63733
-0.64429
-0.642029
-0.503086
-0.678134
-0.721671
-0.664714
-0.663015
-0.667776
-0.676684
-0.684773
-0.69062
-0.691488
-0.669651
-0.680507
-0.812071
-0.709786
-0.71314
-0.71799
-0.727002
-0.734107
-0.739235
-0.741242
-0.775189
-0.66517
-0.814058
-0.745437
-0.757532
-0.767542
-0.777804
-0.78445
-0.789186
-0.791311
349.629
349.883
351.224
352.754
354.964
357.6
360.355
362.768
364.587
365.571
299.514
299.57
301.081
302.512
304.965
307.966
311.09
313.824
315.843
316.958
249.125
248.077
249.014
250.594
253.729
257.698
261.599
265.015
267.422
268.765
195.923
197.236
194.357
195.726
200.463
206.252
211.776
216.465
219.514
221.279
121.326
134.744
138.221
136.454
143.871
153.422
161.693
168.508
172.169
174.565
41.0213
22.4369
37.5807
66.1011
83.4398
98.7655
111.313
120.623
126.116
128.85
4.8404
1.16426
3.94961
13.0394
28.1325
47.3109
62.8834
74.5617
80.5938
83.5336
0.62509
-0.310865
0.112642
0.763103
2.86422
8.67047
20.7478
33.3437
39.1289
39.4349
0.0212059
-0.0207029
0.0283729
-0.0395005
-0.0172976
-0.0500864
1.97036
8.3095
12.5901
9.24428
-0.142424
-0.047124
-0.076451
-0.16857
-0.242503
-0.308788
-0.340189
-0.273166
-0.244025
-0.193861
-0.304632
-0.174056
-0.200371
-0.242065
-0.301004
-0.330311
-0.36951
-0.326265
-0.292405
-0.266164
-0.380167
-0.259718
-0.27997
-0.288248
-0.317415
-0.343381
-0.363725
-0.371339
-0.365399
-0.34199
-0.387698
-0.329703
-0.344642
-0.347459
-0.37284
-0.400516
-0.424075
-0.441309
-0.454728
-0.430738
-0.412074
-0.395211
-0.405849
-0.413496
-0.435381
-0.461919
-0.481563
-0.497107
-0.513809
-0.497269
-0.456185
-0.464854
-0.464847
-0.476479
-0.496786
-0.52008
-0.541436
-0.554922
-0.56366
-0.549087
-0.52778
-0.543484
-0.533986
-0.540873
-0.554799
-0.572382
-0.590129
-0.603908
-0.610059
-0.600226
-0.582602
-0.615062
-0.608753
-0.606073
-0.611892
-0.622462
-0.634886
-0.646199
-0.652785
-0.649795
-0.627288
-0.669455
-0.679771
-0.666969
-0.667457
-0.672699
-0.68136
-0.690261
-0.69687
-0.697632
-0.661785
-0.705998
-0.733585
-0.718926
-0.719525
-0.723148
-0.730319
-0.737924
-0.743573
-0.745723
-0.716571
-0.73544
-0.776496
-0.768094
-0.77064
-0.774866
-0.781598
-0.788082
-0.792608
-0.794706
352.136
352.277
353.312
354.944
357.143
359.725
362.35
364.649
366.385
367.325
302.082
302.097
303.221
304.919
307.345
310.274
313.242
315.838
317.768
318.823
251.066
250.441
251.683
253.628
256.711
260.365
264.08
267.304
269.585
270.864
200.368
197.194
197.569
200.345
204.618
209.747
214.847
219.182
222.089
223.706
127.577
139.898
140.826
143.956
150.552
158.288
165.677
171.74
175.249
177.386
34.7128
42.6269
69.3728
80.508
93.3447
105.563
116.598
124.686
129.798
132.247
6.18277
3.61158
15.3572
23.428
37.5691
53.9894
68.7312
79.3807
84.767
87.4489
0.468541
0.0704425
1.22937
1.54768
4.38096
11.9183
24.9512
37.7735
42.0866
42.9915
0.0860305
-0.0833749
0.0765276
0.109333
0.0331741
0.0554476
3.37412
10.3854
14.6492
10.5979
-0.0166218
-0.186941
-0.13155
-0.137577
-0.20658
-0.315934
-0.312505
-0.269968
-0.200156
-0.152362
-0.209772
-0.240905
-0.222801
-0.239319
-0.285299
-0.328404
-0.362082
-0.324625
-0.291779
-0.260814
-0.316781
-0.269364
-0.272549
-0.285262
-0.310755
-0.339205
-0.363648
-0.381743
-0.378221
-0.346697
-0.369494
-0.32786
-0.341829
-0.355301
-0.380165
-0.406553
-0.431961
-0.456108
-0.467306
-0.435699
-0.422836
-0.404113
-0.41287
-0.42774
-0.448465
-0.471186
-0.491984
-0.512059
-0.519679
-0.497471
-0.480553
-0.478235
-0.479944
-0.494395
-0.512135
-0.533618
-0.552963
-0.568121
-0.569934
-0.556063
-0.544468
-0.547147
-0.544858
-0.555246
-0.569505
-0.587681
-0.60486
-0.616386
-0.620342
-0.610255
-0.602107
-0.608468
-0.609074
-0.613737
-0.621189
-0.632614
-0.645145
-0.656532
-0.664662
-0.660633
-0.654674
-0.662999
-0.669088
-0.668977
-0.671441
-0.676827
-0.685776
-0.69652
-0.704565
-0.706128
-0.703632
-0.718079
-0.724502
-0.721471
-0.722644
-0.725822
-0.732234
-0.741656
-0.748858
-0.751875
-0.76302
-0.764961
-0.774387
-0.772794
-0.775324
-0.778585
-0.783574
-0.791597
-0.797087
-0.799527
354.538
354.864
355.928
357.594
359.769
362.232
364.711
366.877
368.51
369.402
304.912
305.023
306.093
307.868
310.266
313.024
315.807
318.236
320.041
321.042
254.066
254.091
255.277
257.352
260.23
263.64
267.077
270.054
272.187
273.385
201.498
201.306
202.807
205.545
209.382
213.962
218.553
222.466
225.147
226.647
141.087
145.348
148.214
151.961
157.419
163.965
170.443
175.716
179.043
180.909
67.3422
80.371
88.3318
94.8757
103.667
113.309
122.738
129.78
134.287
136.404
11.7862
24.6119
31.7104
38.3238
49.5366
63.124
76.7752
85.697
90.6824
92.9365
2.08154
4.03481
3.67018
4.67466
9.3341
18.8394
32.8771
44.6252
48.7078
49.5563
-0.18658
-0.223476
-0.0340585
0.00833546
0.0656316
1.31356
5.52449
13.5391
17.7717
13.7349
-0.319626
-0.351088
-0.235657
-0.229658
-0.283988
-0.279484
-0.229388
-0.13456
0.0987053
-0.0486377
-0.323635
-0.307118
-0.276943
-0.285395
-0.318715
-0.345337
-0.333385
-0.335314
-0.304027
-0.264179
-0.335441
-0.302437
-0.299794
-0.309165
-0.329682
-0.357029
-0.381574
-0.403524
-0.389473
-0.349371
-0.382208
-0.36046
-0.367232
-0.382512
-0.406304
-0.435803
-0.463368
-0.481216
-0.467302
-0.435194
-0.438411
-0.432431
-0.437435
-0.452599
-0.476116
-0.505152
-0.527238
-0.542418
-0.529353
-0.502732
-0.49643
-0.500469
-0.503144
-0.517922
-0.539881
-0.568768
-0.588098
-0.600526
-0.594794
-0.573565
-0.558441
-0.564189
-0.5641
-0.574827
-0.593881
-0.620097
-0.638879
-0.646063
-0.64402
-0.629754
-0.618239
-0.622281
-0.62103
-0.625139
-0.633847
-0.650115
-0.666521
-0.672766
-0.681263
-0.67612
-0.673734
-0.675621
-0.675342
-0.674597
-0.674704
-0.678508
-0.690172
-0.70312
-0.714993
-0.717077
-0.722747
-0.726676
-0.727894
-0.725982
-0.723953
-0.722856
-0.72812
-0.743408
-0.755291
-0.759642
-0.77656
-0.77834
-0.780206
-0.779452
-0.778542
-0.778988
-0.78209
-0.793515
-0.802721
-0.80553
357.381
357.773
358.825
360.481
362.566
364.896
367.22
369.247
370.772
371.616
307.859
308.179
309.302
311.098
313.381
315.962
318.548
320.802
322.477
323.423
257.788
258.189
259.374
261.343
264.044
267.162
270.294
273.015
274.987
276.109
206.617
207.057
208.483
210.975
214.433
218.478
222.534
226.033
228.479
229.877
153.014
154.461
156.567
159.838
164.506
170.046
175.503
180.123
183.153
184.899
96.5745
98.9376
102.331
107.266
113.88
121.614
129.052
135.486
139.426
141.335
44.9968
46.5774
50.0391
55.2761
63.5581
74.4977
84.721
92.6526
97.4804
99.2839
11.144
11.0669
10.3845
12.6317
19.1343
29.8283
42.0231
52.444
57.2627
57.8314
-0.283226
-0.15351
-0.0620919
0.218005
1.39773
4.10507
10.0265
18.6928
22.9768
20.8657
-0.459777
-0.412263
-0.356756
-0.338185
-0.290192
-0.225721
-0.075746
1.14595
1.85466
0.937473
-0.372406
-0.35286
-0.335377
-0.343783
-0.347839
-0.299236
-0.330255
-0.325585
-0.262959
-0.258119
-0.343697
-0.335595
-0.335137
-0.346611
-0.362471
-0.378108
-0.401476
-0.409344
-0.363076
-0.336695
-0.400385
-0.394577
-0.400492
-0.417445
-0.447356
-0.485143
-0.504727
-0.495774
-0.467664
-0.438372
-0.458389
-0.458185
-0.464583
-0.483853
-0.517256
-0.56138
-0.585325
-0.580904
-0.560544
-0.52458
-0.517719
-0.520954
-0.526103
-0.54664
-0.583169
-0.622766
-0.652933
-0.665005
-0.643586
-0.596541
-0.574653
-0.577833
-0.581309
-0.59748
-0.629206
-0.663872
-0.693102
-0.70703
-0.688837
-0.660557
-0.628774
-0.630575
-0.631156
-0.63639
-0.647977
-0.670197
-0.695977
-0.70878
-0.707971
-0.697006
-0.681747
-0.682103
-0.680676
-0.678533
-0.673055
-0.673407
-0.695636
-0.713442
-0.731544
-0.731144
-0.735274
-0.733631
-0.732002
-0.728385
-0.720904
-0.71211
-0.720912
-0.744565
-0.763921
-0.769388
-0.786977
-0.785863
-0.78482
-0.782463
-0.778056
-0.774058
-0.776234
-0.793702
-0.809282
-0.814687
360.219
360.666
361.71
363.291
365.269
367.461
369.638
371.533
372.958
373.758
310.965
311.428
312.537
314.237
316.388
318.794
321.193
323.286
324.843
325.74
261.525
262.026
263.251
265.187
267.701
270.549
273.4
275.888
277.711
278.77
211.825
212.325
213.748
216.108
219.228
222.796
226.379
229.507
231.751
233.059
161.453
162.26
164.075
167.094
171.143
175.763
180.374
184.396
187.23
188.831
109.586
111.059
113.937
118.053
123.414
129.343
135.4
140.751
144.653
146.412
60.1283
61.867
64.9117
69.9345
77.3426
84.858
92.4438
99.6443
104.28
106.05
20.101
20.788
22.0658
26.1956
33.2934
42.1761
52.0371
61.0098
66.575
67.2855
1.80607
2.03052
2.52312
3.62987
5.75312
10.1197
17.5687
26.7986
32.3996
32.3366
-0.397068
-0.371263
-0.350965
-0.319198
-0.239662
-0.078945
1.26835
4.95781
7.67984
5.64118
-0.391343
-0.376155
-0.362372
-0.355327
-0.332909
-0.329933
-0.36421
-0.344229
-0.283177
-0.271878
-0.362389
-0.361796
-0.363141
-0.374177
-0.386529
-0.400736
-0.421836
-0.430226
-0.421467
-0.365778
-0.421624
-0.422096
-0.4289
-0.450804
-0.483042
-0.506037
-0.51455
-0.504667
-0.489048
-0.435103
-0.478358
-0.481562
-0.489742
-0.515177
-0.553365
-0.58203
-0.587476
-0.586456
-0.574424
-0.526909
-0.537292
-0.54156
-0.551021
-0.579263
-0.62116
-0.648379
-0.659592
-0.67949
-0.667251
-0.593566
-0.589769
-0.593208
-0.599962
-0.622589
-0.666646
-0.702062
-0.718686
-0.738321
-0.719675
-0.688115
-0.640192
-0.640888
-0.64238
-0.648563
-0.664727
-0.689881
-0.717566
-0.746056
-0.729623
-0.721952
-0.69095
-0.689193
-0.687105
-0.681896
-0.669777
-0.665465
-0.697836
-0.737693
-0.753401
-0.746547
-0.742099
-0.739637
-0.73676
-0.730727
-0.716547
-0.699765
-0.719154
-0.753807
-0.780115
-0.779814
-0.793073
-0.791381
-0.789348
-0.78578
-0.778189
-0.769924
-0.776902
-0.799703
-0.817791
-0.822516
362.687
363.151
364.17
365.685
367.568
369.643
371.698
373.487
374.831
375.601
313.705
314.196
315.282
316.906
318.94
321.2
323.45
325.417
326.881
327.744
264.822
265.368
266.585
268.432
270.779
273.413
276.048
278.361
280.071
281.087
216.134
216.76
218.183
220.378
223.202
226.419
229.656
232.519
234.613
235.861
167.791
168.609
170.31
172.967
176.429
180.471
184.534
188.159
190.795
192.308
119.637
120.626
122.49
125.845
130.417
135.734
140.93
145.567
149.282
150.943
71.8795
73.2666
75.9511
80.2461
86.1684
92.8925
99.6758
105.919
110.277
112.107
32.9785
33.1842
33.8025
38.1282
44.815
52.5693
60.9434
69.1473
74.6725
76.0735
6.65596
7.17666
8.31586
10.4451
13.4972
18.8035
26.8389
36.1671
42.7312
44.5385
-0.315495
-0.298609
-0.280477
-0.264409
-0.150202
1.09481
4.94953
11.4877
16.7648
16.2503
-0.336986
-0.329321
-0.321818
-0.3222
-0.334852
-0.327885
-0.341488
-0.356142
1.67272
0.0534035
-0.369658
-0.369932
-0.375149
-0.388544
-0.404308
-0.40898
-0.432314
-0.500191
-0.533622
-0.38581
-0.431266
-0.434798
-0.445907
-0.465179
-0.483379
-0.49297
-0.502799
-0.515074
-0.580446
-0.503277
-0.48821
-0.49378
-0.506881
-0.531338
-0.558435
-0.56653
-0.565357
-0.560944
-0.607685
-0.593905
-0.549147
-0.55492
-0.567451
-0.599251
-0.638354
-0.66342
-0.658321
-0.645864
-0.666803
-0.635189
-0.60269
-0.607211
-0.616194
-0.642615
-0.690983
-0.740689
-0.734879
-0.710905
-0.70813
-0.686544
-0.649348
-0.651242
-0.653603
-0.662849
-0.690426
-0.732255
-0.744813
-0.739449
-0.733181
-0.737034
-0.69699
-0.696278
-0.695052
-0.690966
-0.686278
-0.699621
-0.729966
-0.762619
-0.765026
-0.758993
-0.747001
-0.745209
-0.742718
-0.737573
-0.724721
-0.713784
-0.73751
-0.781457
-0.795911
-0.785456
-0.7978
-0.796044
-0.794137
-0.791391
-0.785341
-0.777718
-0.78776
-0.809194
-0.82345
-0.821673
364.539
364.999
365.994
367.461
369.27
371.257
373.222
374.935
376.224
376.97
315.728
316.218
317.278
318.856
320.803
322.958
325.102
326.981
328.383
329.225
267.176
267.717
268.908
270.693
272.947
275.454
277.957
280.163
281.802
282.798
219.035
219.65
221.043
223.189
225.874
228.908
231.964
234.685
236.679
237.915
171.44
172.109
173.716
176.268
179.689
183.506
187.375
190.825
193.149
194.799
124.612
125.456
127.404
130.615
134.748
139.617
144.614
149.193
152.435
154.214
77.8391
78.9451
81.3211
85.1445
90.8429
97.5103
104.202
110.06
114.683
116.574
36.8843
37.5677
39.1667
41.862
48.3896
56.9561
66.454
74.5711
80.5378
82.6588
10.3288
10.7963
11.9614
13.9529
17.189
22.4218
31.9856
42.4591
50.8692
54.5011
-0.267475
-0.259939
-0.244219
-0.207458
-0.0197393
1.6885
7.49805
16.3938
25.6047
30.0483
-0.300431
-0.297607
-0.29274
-0.290676
-0.305853
-0.259036
-0.272168
1.59426
9.96863
10.5277
-0.362249
-0.366212
-0.373514
-0.382457
-0.390232
-0.366601
-0.431094
-0.54848
-0.0824818
2.29086
-0.433008
-0.440135
-0.455687
-0.466018
-0.466995
-0.471121
-0.506397
-0.583427
-0.52956
0.224888
-0.497059
-0.506263
-0.521004
-0.533391
-0.549519
-0.570257
-0.594125
-0.60185
-0.624987
-0.668341
-0.558815
-0.565834
-0.574572
-0.598867
-0.644788
-0.677189
-0.682389
-0.65426
-0.654838
-0.698546
-0.610874
-0.614422
-0.619303
-0.645383
-0.705038
-0.757077
-0.743215
-0.697701
-0.690756
-0.69486
-0.654981
-0.657434
-0.661658
-0.671144
-0.699886
-0.749593
-0.762837
-0.741092
-0.737557
-0.73884
-0.701521
-0.702252
-0.704105
-0.705487
-0.708775
-0.725626
-0.748926
-0.769208
-0.772354
-0.762981
-0.750629
-0.74979
-0.749523
-0.748779
-0.747809
-0.748116
-0.765295
-0.788743
-0.795008
-0.785208
-0.800805
-0.799666
-0.799214
-0.798782
-0.798775
-0.800615
-0.811616
-0.82208
-0.822662
-0.817536
365.532
365.99
366.972
368.412
370.19
372.141
374.068
375.753
377.02
377.744
316.842
317.328
318.371
319.911
321.824
323.938
326.042
327.891
329.272
330.09
268.462
269.011
270.192
271.947
274.148
276.6
279.05
281.218
282.838
283.806
220.683
221.311
222.68
224.738
227.349
230.309
233.292
235.96
237.938
239.13
173.565
174.288
175.866
178.291
181.483
185.225
188.98
192.356
194.795
196.248
127.008
127.87
129.794
132.843
136.713
141.448
146.4
150.891
154.177
155.989
80.6132
81.6288
83.8615
87.5357
92.8642
99.1408
105.874
111.94
116.501
118.723
36.5238
37.2045
38.8993
42.3087
48.7276
57.3355
66.8693
75.7691
82.5428
85.7916
7.73847
7.88941
8.4129
9.70954
12.5916
19.513
31.2075
43.8137
54.2855
59.6432
-0.236625
-0.226654
-0.204965
-0.172165
-0.0847272
0.664518
5.05183
15.2557
29.6323
38.552
-0.282647
-0.278654
-0.273266
-0.269321
-0.266023
-0.263657
-0.291806
-0.182723
10.3827
22.4447
-0.343139
-0.349805
-0.356862
-0.357833
-0.353542
-0.342799
-0.378661
-0.438434
2.60037
18.1922
-0.420994
-0.430227
-0.439062
-0.443784
-0.445594
-0.454161
-0.46528
-0.494884
0.283894
9.09831
-0.492629
-0.499089
-0.50405
-0.510586
-0.523624
-0.555026
-0.56755
-0.607941
-0.687441
-0.648892
-0.552071
-0.55411
-0.55889
-0.574098
-0.597922
-0.623388
-0.628942
-0.645585
-0.695736
-0.691565
-0.602329
-0.6043
-0.609575
-0.628469
-0.665381
-0.688829
-0.673863
-0.674309
-0.710069
-0.698159
-0.651923
-0.654113
-0.659232
-0.670572
-0.696006
-0.735048
-0.738848
-0.724636
-0.743693
-0.727072
-0.70218
-0.703045
-0.705497
-0.711003
-0.719165
-0.737784
-0.75788
-0.764056
-0.764633
-0.755507
-0.752309
-0.751879
-0.752462
-0.754229
-0.757298
-0.763433
-0.77723
-0.788212
-0.785926
-0.783019
-0.802584
-0.801661
-0.801546
-0.802565
-0.804732
-0.810148
-0.820333
-0.825495
-0.817818
-0.816438
-0.854681
-0.855041
-0.856022
-0.858429
-0.862304
-0.863862
-0.867162
-0.878678
-0.87881
-0.878683
-0.904827
-0.904592
-0.904624
-0.905624
-0.907285
-0.90542
-0.899111
-0.901099
-0.909757
-0.915127
-0.955379
-0.954729
-0.954128
-0.95428
-0.954766
-0.951695
-0.944031
-0.9433
-0.954545
-0.956566
-1.00615
-1.00539
-1.00438
-1.00376
-1.0037
-1.00115
-0.995115
-0.99287
-1.00066
-1.00319
-1.05748
-1.05664
-1.05535
-1.05402
-1.05299
-1.05189
-1.0488
-1.04669
-1.0514
-1.05225
-1.10903
-1.10826
-1.10688
-1.10526
-1.10342
-1.10197
-1.10115
-1.10058
-1.10237
-1.10258
-1.16066
-1.16006
-1.15875
-1.15719
-1.15532
-1.1535
-1.15237
-1.15225
-1.15333
-1.15363
-1.21222
-1.21181
-1.21064
-1.20936
-1.20781
-1.20632
-1.20522
-1.20485
-1.20547
-1.2057
-1.26368
-1.26347
-1.26251
-1.26155
-1.26037
-1.25928
-1.25846
-1.25811
-1.25828
-1.25836
-1.31513
-1.3151
-1.31436
-1.31375
-1.31291
-1.31216
-1.31158
-1.31128
-1.31127
-1.3113
-1.36672
-1.36684
-1.36633
-1.36602
-1.3655
-1.36504
-1.36466
-1.36444
-1.36438
-1.36437
-1.41861
-1.41882
-1.41854
-1.41846
-1.41819
-1.41795
-1.41774
-1.41759
-1.41753
-1.41751
-1.47086
-1.47113
-1.47104
-1.47112
-1.47103
-1.47095
-1.47084
-1.47074
-1.47069
-1.47067
-1.52345
-1.52378
-1.52381
-1.52398
-1.524
-1.52399
-1.52393
-1.52386
-1.5238
-1.52378
-1.57632
-1.57666
-1.57677
-1.57695
-1.577
-1.577
-1.57695
-1.57688
-1.57682
-1.57679
-1.62932
-1.62963
-1.62974
-1.62987
-1.62991
-1.62989
-1.62982
-1.62974
-1.62967
-1.62963
-1.68226
-1.68247
-1.68255
-1.68261
-1.68262
-1.68257
-1.68248
-1.68239
-1.68231
-1.68227
-1.7351
-1.73515
-1.73514
-1.73514
-1.73509
-1.73501
-1.73491
-1.7348
-1.73471
-1.73467
-1.78784
-1.78772
-1.7876
-1.78749
-1.78738
-1.78725
-1.78712
-1.787
-1.7869
-1.78686
-1.84065
-1.84032
-1.84004
-1.83978
-1.83955
-1.83935
-1.83917
-1.83903
-1.83893
-1.83887
-0.853479
-0.853717
-0.854214
-0.856093
-0.856742
-0.849928
-0.847611
-0.869476
-0.87773
-0.88098
-0.903885
-0.903576
-0.903279
-0.904446
-0.905842
-0.901693
-0.894054
-0.897305
-0.906943
-0.91094
-0.954739
-0.954041
-0.953152
-0.953587
-0.95519
-0.953911
-0.94638
-0.94107
-0.950278
-0.955504
-1.0058
-1.00504
-1.00375
-1.00291
-1.00299
-1.00248
-0.995911
-0.990555
-1.00069
-1.00256
-1.05745
-1.05662
-1.05505
-1.05334
-1.05157
-1.05014
-1.04775
-1.04645
-1.05239
-1.05219
-1.10925
-1.10854
-1.10689
-1.10494
-1.10241
-1.0998
-1.09862
-1.0992
-1.10208
-1.10235
-1.16102
-1.16053
-1.15895
-1.15717
-1.15488
-1.15238
-1.15067
-1.15076
-1.15267
-1.15311
-1.21257
-1.21231
-1.21094
-1.2095
-1.20767
-1.20589
-1.20456
-1.20405
-1.20505
-1.20527
-1.26387
-1.2638
-1.26269
-1.26168
-1.26031
-1.25907
-1.25811
-1.25767
-1.25799
-1.25809
-1.31511
-1.31521
-1.31437
-1.31376
-1.31284
-1.31203
-1.31138
-1.31105
-1.31108
-1.31112
-1.36648
-1.36674
-1.36618
-1.36592
-1.36537
-1.36492
-1.36453
-1.36431
-1.36426
-1.36427
-1.41825
-1.41859
-1.41829
-1.41831
-1.41806
-1.41787
-1.41767
-1.41753
-1.41748
-1.41748
-1.47045
-1.47086
-1.4708
-1.471
-1.47096
-1.47093
-1.47084
-1.47076
-1.47071
-1.4707
-1.52309
-1.52361
-1.5237
-1.52399
-1.52405
-1.52407
-1.52403
-1.52395
-1.5239
-1.52388
-1.57614
-1.57669
-1.57685
-1.57711
-1.57718
-1.57719
-1.57714
-1.57705
-1.57697
-1.57694
-1.62933
-1.62984
-1.62997
-1.63015
-1.63018
-1.63016
-1.63007
-1.62996
-1.62987
-1.62982
-1.68235
-1.68273
-1.6828
-1.68291
-1.68291
-1.68285
-1.68275
-1.68262
-1.68251
-1.68246
-1.7351
-1.73527
-1.73529
-1.73534
-1.73532
-1.73525
-1.73513
-1.735
-1.73489
-1.73484
-1.78772
-1.78764
-1.78759
-1.78755
-1.78749
-1.78739
-1.78726
-1.78713
-1.78702
-1.78697
-1.84048
-1.84016
-1.83993
-1.83973
-1.83955
-1.83937
-1.83921
-1.83907
-1.83897
-1.83892
-0.851376
-0.851562
-0.851246
-0.851464
-0.847239
-0.834678
-0.830389
-0.852075
-0.868078
-0.876418
-0.902217
-0.901958
-0.901266
-0.901564
-0.900682
-0.893347
-0.88621
-0.891702
-0.907095
-0.909423
-0.953619
-0.953152
-0.952126
-0.95227
-0.953317
-0.952043
-0.946299
-0.94036
-0.946133
-0.952969
-1.00546
-1.00492
-1.00334
-1.00257
-1.00256
-1.00245
-0.998245
-0.990128
-0.997406
-1.00049
-1.05768
-1.05717
-1.05522
-1.05336
-1.05132
-1.04934
-1.04642
-1.04414
-1.05074
-1.05159
-1.11003
-1.10968
-1.1076
-1.10523
-1.10191
-1.09837
-1.09616
-1.09692
-1.10012
-1.10158
-1.16214
-1.16202
-1.16
-1.15781
-1.15467
-1.15113
-1.14838
-1.14853
-1.1512
-1.1522
-1.21363
-1.2137
-1.2119
-1.21018
-1.20777
-1.20529
-1.20305
-1.2023
-1.20427
-1.20466
-1.26447
-1.2647
-1.26326
-1.26211
-1.26042
-1.25886
-1.25756
-1.25697
-1.25754
-1.25771
-1.31517
-1.31552
-1.31444
-1.31383
-1.31277
-1.31187
-1.3111
-1.31073
-1.31082
-1.31089
-1.36604
-1.36656
-1.36584
-1.3657
-1.36514
-1.36474
-1.36434
-1.36412
-1.36411
-1.36413
-1.41742
-1.41804
-1.41771
-1.41793
-1.41777
-1.41771
-1.41755
-1.41745
-1.41742
-1.41742
-1.46941
-1.4702
-1.47019
-1.47069
-1.47078
-1.47089
-1.47086
-1.4708
-1.47076
-1.47075
-1.52215
-1.52318
-1.52337
-1.52396
-1.52412
-1.52425
-1.52422
-1.52415
-1.52408
-1.52404
-1.57571
-1.57678
-1.57701
-1.57746
-1.57756
-1.57761
-1.57753
-1.5774
-1.57729
-1.57722
-1.62944
-1.63049
-1.63055
-1.6308
-1.63079
-1.63074
-1.6306
-1.63042
-1.63026
-1.63018
-1.68257
-1.68342
-1.68343
-1.68359
-1.68357
-1.68348
-1.68331
-1.6831
-1.68294
-1.68285
-1.7351
-1.73556
-1.73563
-1.73581
-1.73584
-1.73577
-1.73561
-1.73542
-1.73527
-1.73518
-1.78713
-1.78736
-1.78751
-1.78769
-1.78775
-1.78769
-1.78757
-1.78741
-1.78728
-1.78721
-1.83985
-1.83975
-1.83966
-1.83961
-1.83954
-1.83944
-1.8393
-1.83917
-1.83907
-1.83902
-0.848561
-0.848666
-0.847719
-0.847932
-0.84549
-0.839221
-0.843731
-0.86019
-0.872967
-0.876333
-0.899818
-0.89975
-0.898557
-0.898795
-0.898762
-0.895882
-0.893977
-0.901112
-0.913808
-0.912355
-0.952032
-0.952156
-0.950478
-0.950665
-0.952205
-0.953357
-0.951096
-0.949888
-0.955621
-0.954014
-1.00507
-1.00526
-1.00298
-1.00222
-1.0028
-1.00458
-1.00308
-0.999078
-1.00195
-1.00203
-1.05851
-1.05856
-1.05618
-1.05427
-1.05212
-1.05064
-1.04865
-1.04704
-1.04975
-1.05185
-1.11209
-1.11208
-1.10965
-1.10703
-1.10327
-1.09905
-1.09563
-1.09582
-1.09875
-1.10081
-1.16498
-1.16521
-1.16252
-1.15988
-1.15622
-1.15226
-1.14859
-1.14779
-1.15052
-1.15169
-1.21604
-1.2166
-1.21405
-1.2119
-1.20898
-1.20621
-1.20373
-1.20254
-1.20399
-1.2044
-1.26566
-1.26654
-1.26444
-1.26306
-1.26104
-1.25928
-1.25779
-1.25703
-1.25736
-1.2575
-1.31533
-1.31622
-1.31459
-1.31396
-1.31281
-1.3119
-1.31105
-1.31061
-1.31064
-1.31069
-1.36621
-1.36642
-1.36522
-1.36521
-1.36477
-1.36453
-1.36417
-1.36398
-1.36396
-1.36398
-1.41677
-1.41708
-1.41662
-1.41718
-1.41729
-1.41748
-1.41744
-1.41739
-1.41737
-1.41739
-1.46741
-1.46883
-1.46902
-1.47009
-1.47051
-1.47089
-1.47096
-1.47093
-1.47088
-1.47086
-1.52013
-1.52213
-1.52278
-1.52395
-1.52434
-1.52464
-1.52463
-1.52452
-1.5244
-1.52434
-1.57492
-1.57675
-1.57756
-1.57821
-1.57834
-1.57842
-1.57825
-1.57801
-1.57781
-1.5777
-1.6302
-1.63193
-1.63202
-1.63214
-1.63201
-1.63187
-1.63156
-1.63121
-1.63093
-1.63078
-1.68394
-1.68502
-1.68493
-1.68499
-1.68488
-1.68468
-1.68434
-1.68395
-1.68365
-1.68348
-1.73599
-1.73614
-1.73634
-1.73675
-1.73687
-1.73678
-1.7365
-1.73617
-1.7359
-1.73575
-1.78743
-1.78668
-1.78728
-1.78793
-1.78826
-1.78829
-1.78814
-1.78791
-1.78772
-1.78761
-1.84045
-1.83917
-1.83916
-1.83935
-1.83954
-1.83956
-1.83947
-1.83935
-1.83924
-1.83918
-0.845982
-0.84499
-0.843165
-0.843655
-0.843042
-0.841371
-0.847076
-0.858787
-0.868138
-0.86986
-0.896895
-0.896826
-0.894834
-0.89514
-0.89667
-0.897418
-0.896286
-0.903121
-0.912858
-0.910981
-0.949906
-0.9515
-0.94824
-0.948168
-0.949818
-0.953197
-0.952956
-0.954314
-0.957816
-0.955457
-1.00451
-1.00696
-1.00323
-1.0019
-1.00186
-1.00405
-1.00501
-1.00326
-1.00331
-1.00344
-1.06038
-1.06164
-1.0589
-1.05628
-1.0534
-1.05176
-1.05074
-1.04947
-1.04962
-1.05136
-1.11715
-1.11647
-1.11427
-1.11058
-1.10605
-1.10191
-1.09849
-1.09734
-1.09901
-1.10044
-1.17261
-1.17131
-1.16779
-1.16368
-1.15905
-1.15496
-1.15143
-1.14977
-1.15118
-1.1519
-1.22282
-1.22192
-1.21825
-1.21484
-1.21104
-1.20787
-1.20526
-1.20384
-1.2043
-1.20452
-1.2696
-1.26937
-1.26646
-1.26445
-1.26197
-1.25998
-1.2583
-1.25739
-1.25738
-1.25743
-1.31777
-1.31688
-1.31454
-1.3138
-1.31264
-1.31179
-1.31096
-1.31051
-1.31046
-1.31048
-1.36866
-1.36579
-1.36384
-1.36396
-1.36384
-1.3639
-1.36373
-1.36365
-1.36367
-1.3637
-1.41617
-1.41526
-1.41442
-1.41545
-1.41612
-1.41677
-1.41695
-1.41706
-1.41712
-1.41719
-1.46301
-1.46635
-1.46675
-1.46866
-1.4697
-1.47053
-1.47082
-1.47089
-1.47088
-1.47089
-1.51588
-1.52082
-1.52235
-1.52376
-1.52448
-1.52505
-1.52507
-1.52492
-1.52475
-1.52465
-1.57424
-1.57723
-1.57937
-1.57947
-1.57958
-1.57966
-1.5793
-1.57885
-1.57849
-1.5783
-1.63306
-1.63603
-1.63562
-1.63465
-1.6341
-1.6337
-1.63306
-1.63239
-1.63188
-1.6316
-1.68687
-1.68919
-1.6882
-1.68763
-1.6872
-1.6867
-1.68598
-1.68526
-1.68469
-1.68438
-1.73685
-1.73701
-1.73778
-1.73848
-1.73873
-1.73851
-1.73795
-1.73733
-1.73684
-1.73658
-1.78453
-1.78411
-1.78667
-1.78835
-1.7892
-1.78931
-1.78906
-1.78868
-1.78837
-1.7882
-1.83928
-1.83842
-1.83833
-1.83894
-1.83956
-1.83974
-1.83973
-1.83961
-1.83949
-1.83942
-0.843933
-0.837502
-0.835887
-0.836797
-0.839321
-0.841906
-0.845223
-0.854224
-0.859888
-0.860515
-0.894651
-0.892644
-0.887949
-0.888869
-0.891724
-0.894618
-0.896841
-0.902636
-0.906695
-0.90629
-0.950988
-0.95142
-0.942144
-0.943816
-0.945743
-0.948307
-0.950311
-0.952446
-0.953783
-0.953528
-1.00848
-1.00582
-1.0005
-1.00093
-1.00012
-1.00036
-1.00133
-1.00131
-1.00102
-1.00176
-1.06957
-1.06297
-1.06208
-1.05909
-1.05501
-1.05213
-1.05051
-1.0495
-1.04945
-1.05032
-1.13355
-1.12341
-1.12282
-1.11584
-1.10967
-1.10485
-1.10136
-1.09954
-1.10004
-1.10065
-1.19155
-1.18237
-1.17737
-1.16932
-1.16292
-1.1579
-1.15416
-1.15208
-1.15217
-1.15235
-1.2368
-1.23073
-1.22563
-1.21915
-1.214
-1.20993
-1.20687
-1.2051
-1.20477
-1.20472
-1.27709
-1.27234
-1.26956
-1.26618
-1.26332
-1.2609
-1.25896
-1.25782
-1.25747
-1.2574
-1.32232
-1.31537
-1.31361
-1.31296
-1.31236
-1.31166
-1.31091
-1.31044
-1.3103
-1.3103
-1.36963
-1.3625
-1.36068
-1.36156
-1.36257
-1.36321
-1.36331
-1.36336
-1.36341
-1.36345
-1.412
-1.41119
-1.40971
-1.41261
-1.4149
-1.41621
-1.41659
-1.41682
-1.41694
-1.41698
-1.45616
-1.45971
-1.46132
-1.46657
-1.46935
-1.47061
-1.47089
-1.47096
-1.47093
-1.4709
-1.5116
-1.51343
-1.52107
-1.52342
-1.52538
-1.52619
-1.52597
-1.52558
-1.52524
-1.52505
-1.57744
-1.57594
-1.58393
-1.58111
-1.5819
-1.58194
-1.58107
-1.58015
-1.57947
-1.5791
-1.64627
-1.64669
-1.64399
-1.63889
-1.63777
-1.63684
-1.63551
-1.6342
-1.63323
-1.63273
-1.69685
-1.69724
-1.69516
-1.69237
-1.69144
-1.69021
-1.68871
-1.68732
-1.68621
-1.68567
-1.73453
-1.7348
-1.73976
-1.74151
-1.74223
-1.7416
-1.74037
-1.73914
-1.73822
-1.73775
-1.77484
-1.7731
-1.78447
-1.78885
-1.79096
-1.79111
-1.79059
-1.78989
-1.78933
-1.78903
-1.82886
-1.83042
-1.83587
-1.83776
-1.83944
-1.83999
-1.84013
-1.84001
-1.83985
-1.83976
-0.837481
-0.821235
-0.822872
-0.826108
-0.83251
-0.837348
-0.842504
-0.849041
-0.852391
-0.854036
-0.895441
-0.891187
-0.875515
-0.879327
-0.885521
-0.889447
-0.893608
-0.898052
-0.900598
-0.901629
-0.961363
-0.966493
-0.937204
-0.938298
-0.941178
-0.943259
-0.945903
-0.948191
-0.949373
-0.950252
-1.02714
-1.01638
-1.00492
-1.00127
-0.998687
-0.997769
-0.998084
-0.998498
-0.998874
-0.999586
-1.09609
-1.0599
-1.07747
-1.06544
-1.05714
-1.05265
-1.05034
-1.04923
-1.04928
-1.04971
-1.16222
-1.1197
-1.14184
-1.12467
-1.11387
-1.10713
-1.10302
-1.10093
-1.10067
-1.10078
-1.21361
-1.18653
-1.19449
-1.17741
-1.16732
-1.16029
-1.15569
-1.15327
-1.15265
-1.15251
-1.24658
-1.24091
-1.23721
-1.22493
-1.21718
-1.21145
-1.20754
-1.20545
-1.20476
-1.20456
-1.27077
-1.27092
-1.27193
-1.26733
-1.26404
-1.2609
-1.25859
-1.25735
-1.25692
-1.2568
-1.30725
-1.30485
-1.30892
-1.30971
-1.31041
-1.31007
-1.30961
-1.30931
-1.30931
-1.30943
-1.36268
-1.35536
-1.35336
-1.35558
-1.35865
-1.36061
-1.36147
-1.36198
-1.36232
-1.36255
-1.40706
-1.40996
-1.39975
-1.40494
-1.41014
-1.41355
-1.41501
-1.41571
-1.41608
-1.41625
-1.44799
-1.45662
-1.45616
-1.4611
-1.46657
-1.46963
-1.47036
-1.47056
-1.47059
-1.47058
-1.4975
-1.49988
-1.52363
-1.52257
-1.52615
-1.52752
-1.52691
-1.52618
-1.5256
-1.52529
-1.58346
-1.5683
-1.5976
-1.58413
-1.58587
-1.5854
-1.58344
-1.58178
-1.58058
-1.57994
-1.61119
-1.66761
-1.66298
-1.64626
-1.64342
-1.64194
-1.639
-1.63663
-1.63493
-1.63405
-1.64476
-1.72194
-1.71127
-1.70187
-1.69882
-1.69622
-1.69299
-1.69012
-1.68822
-1.68725
-1.7326
-1.72742
-1.74567
-1.74812
-1.74943
-1.74735
-1.7444
-1.74186
-1.74013
-1.73926
-1.77053
-1.75789
-1.78646
-1.79159
-1.79521
-1.79463
-1.79312
-1.79169
-1.79065
-1.79012
-1.75825
-1.81019
-1.83769
-1.8374
-1.83976
-1.84055
-1.84072
-1.84055
-1.84032
-1.8402
-0.840191
-0.754179
-0.801968
-0.810419
-0.824773
-0.831262
-0.837964
-0.843207
-0.846445
-0.848178
-0.912936
-0.846463
-0.832296
-0.862607
-0.879401
-0.884269
-0.889893
-0.893698
-0.896252
-0.897602
-1.00134
-0.925288
-0.886369
-0.927386
-0.937482
-0.939605
-0.943146
-0.945071
-0.946595
-0.947558
-1.08722
-0.953287
-0.97507
-0.996368
-0.997927
-0.996904
-0.99703
-0.996979
-0.997525
-0.998066
-1.15576
-1.00769
-1.07633
-1.06932
-1.05919
-1.05401
-1.05105
-1.04926
-1.04906
-1.04916
-1.19238
-1.08421
-1.16662
-1.13774
-1.11838
-1.10966
-1.1046
-1.10178
-1.1009
-1.10069
-1.245
-1.23241
-1.23197
-1.19066
-1.17315
-1.16319
-1.15726
-1.15411
-1.15292
-1.15252
-1.26666
-1.26981
-1.26954
-1.23629
-1.22248
-1.21368
-1.20846
-1.20579
-1.2048
-1.20446
-1.26027
-1.26795
-1.28366
-1.27137
-1.26642
-1.26142
-1.25833
-1.25693
-1.25657
-1.25641
-1.2647
-1.28483
-1.30315
-1.30634
-1.30942
-1.3087
-1.30805
-1.30816
-1.30845
-1.30861
-1.28682
-1.34643
-1.33889
-1.34944
-1.35637
-1.35797
-1.35913
-1.36025
-1.36106
-1.36146
-1.37736
-1.40424
-1.37789
-1.39983
-1.40948
-1.41152
-1.4129
-1.4141
-1.41487
-1.41525
-1.41537
-1.42006
-1.43751
-1.45072
-1.46667
-1.46959
-1.4697
-1.46987
-1.46995
-1.46999
-1.43848
-1.46459
-1.53728
-1.51938
-1.52965
-1.53105
-1.52848
-1.52691
-1.52589
-1.52538
-1.41887
-1.5926
-1.62843
-1.58951
-1.58985
-1.59079
-1.58692
-1.58398
-1.58188
-1.58079
-1.71034
-1.72161
-1.69526
-1.65873
-1.64876
-1.64701
-1.644
-1.64014
-1.63711
-1.63556
-1.76524
-1.75012
-1.73476
-1.72199
-1.71034
-1.70542
-1.69959
-1.6945
-1.69093
-1.6892
-1.74135
-1.73829
-1.75422
-1.7647
-1.76513
-1.75767
-1.75087
-1.74596
-1.74277
-1.74124
-1.75233
-1.75205
-1.79272
-1.80139
-1.80537
-1.80041
-1.797
-1.79439
-1.79249
-1.79155
-1.75788
-1.80115
-1.84175
-1.83921
-1.84049
-1.84082
-1.84139
-1.84133
-1.84099
-1.84079
-0.726981
-0.64874
-0.736028
-0.784708
-0.810677
-0.823136
-0.832062
-0.838281
-0.842111
-0.84385
-0.690094
-0.867793
-0.765133
-0.84669
-0.866358
-0.877955
-0.885102
-0.89014
-0.893164
-0.894558
-0.730884
-0.590721
-0.86334
-0.928836
-0.92961
-0.935467
-0.939535
-0.942568
-0.944535
-0.945493
-0.711259
-0.247924
-1.0432
-1.01238
-0.996779
-0.99491
-0.994665
-0.995346
-0.9962
-0.996673
-0.529858
-0.392491
-1.17083
-1.09188
-1.06238
-1.05497
-1.04971
-1.04818
-1.04809
-1.04824
-0.352947
-1.07629
-1.19049
-1.15308
-1.12179
-1.11114
-1.10351
-1.10074
-1.09999
-1.09978
-1.16674
-1.21696
-1.22214
-1.20208
-1.17718
-1.16411
-1.15618
-1.153
-1.15177
-1.15136
-1.26207
-1.25201
-1.25852
-1.24205
-1.22515
-1.21371
-1.20701
-1.20417
-1.20326
-1.20294
-1.22275
-1.24481
-1.28169
-1.27323
-1.26611
-1.25969
-1.25605
-1.25492
-1.25466
-1.25481
-1.23661
-1.27087
-1.29964
-1.29776
-1.30353
-1.30438
-1.30459
-1.3055
-1.30634
-1.30683
-1.28962
-1.31494
-1.31699
-1.33324
-1.34345
-1.3512
-1.35464
-1.35714
-1.35877
-1.35956
-1.11092
-1.31693
-1.3145
-1.37942
-1.39812
-1.40542
-1.40869
-1.41113
-1.41268
-1.41345
-0.571325
-1.0137
-1.37693
-1.43656
-1.46589
-1.46999
-1.46813
-1.46814
-1.46845
-1.46866
-0.875232
-1.04737
-1.58535
-1.52549
-1.53803
-1.54025
-1.53087
-1.52735
-1.52564
-1.52489
-1.6545
-1.4366
-1.64481
-1.60709
-1.60059
-1.60648
-1.59261
-1.58685
-1.58308
-1.58127
-1.73297
-1.79653
-1.74386
-1.66314
-1.64505
-1.66219
-1.65295
-1.6455
-1.6397
-1.63694
-1.7439
-1.7803
-1.77403
-1.75727
-1.72998
-1.72438
-1.71242
-1.70152
-1.69441
-1.69128
-1.73438
-1.77145
-1.78743
-1.80377
-1.79726
-1.77944
-1.76341
-1.7524
-1.74627
-1.74345
-1.77495
-1.79348
-1.78629
-1.79493
-1.82898
-1.81419
-1.80438
-1.79878
-1.79489
-1.79317
-1.8308
-1.85152
-1.85789
-1.85159
-1.84315
-1.84192
-1.84294
-1.84262
-1.84183
-1.84143
0.583479
-0.733119
-0.805791
-0.823785
-0.820711
-0.825744
-0.832689
-0.836908
-0.840023
-0.841615
1.87898
-0.883478
-0.831296
-0.89726
-0.887827
-0.884735
-0.887705
-0.889924
-0.891854
-0.892934
1.71986
-0.943197
-0.85161
-0.952307
-0.946596
-0.942881
-0.942686
-0.943121
-0.943918
-0.944463
1.74955
-1.06734
-0.923659
-1.02222
-1.00442
-1.00005
-0.997314
-0.996219
-0.996092
-0.996165
2.07779
-1.39125
-1.10938
-1.10684
-1.06345
-1.0575
-1.05115
-1.04895
-1.04827
-1.048
1.12538
-1.05137
-1.17721
-1.16743
-1.12588
-1.11293
-1.10384
-1.10097
-1.10017
-1.09977
-1.38825
-0.875675
-1.14477
-1.20818
-1.18405
-1.16612
-1.15573
-1.15239
-1.15169
-1.15138
-1.30616
-1.28282
-1.2845
-1.25223
-1.23367
-1.21532
-1.20577
-1.20302
-1.2027
-1.20262
-1.26855
-1.27901
-1.30601
-1.28014
-1.27162
-1.25874
-1.25333
-1.25267
-1.25328
-1.25375
-1.20088
-1.28281
-1.30108
-1.30361
-1.30865
-1.30136
-1.29986
-1.30206
-1.30418
-1.30525
-0.872174
-1.31984
-1.30047
-1.33275
-1.35007
-1.34613
-1.34784
-1.35262
-1.35603
-1.3576
-0.0736475
-1.34128
-1.29438
-1.38791
-1.41291
-1.40016
-1.40152
-1.40618
-1.40963
-1.41135
-0.705709
-1.2622
-1.29927
-1.40416
-1.48286
-1.47837
-1.46517
-1.4645
-1.46586
-1.46681
-0.908962
-0.84727
-1.51888
-1.48381
-1.53604
-1.56417
-1.53374
-1.52656
-1.52443
-1.52366
-1.41374
-0.589188
-1.60257
-1.55927
-1.57623
-1.6166
-1.5991
-1.58956
-1.58365
-1.58079
-1.74427
-1.78364
-1.57025
-1.62059
-1.5909
-1.66437
-1.66897
-1.65359
-1.64213
-1.63737
-1.75854
-1.78489
-1.78857
-1.76206
-1.78387
-1.75019
-1.73408
-1.71257
-1.69831
-1.69314
-1.76408
-1.8055
-1.84565
-1.85262
-1.83762
-1.81884
-1.78055
-1.76172
-1.75084
-1.7461
-1.77796
-1.82019
-1.85403
-1.89071
-1.86764
-1.83294
-1.8122
-1.80312
-1.79747
-1.79515
-1.79848
-1.84089
-1.8422
-1.85115
-1.84881
-1.83857
-1.84168
-1.84274
-1.84222
-1.84204
0.23264
3.7262
-0.121711
-0.783599
-0.801247
-0.810905
-0.825074
-0.83359
-0.838465
-0.840613
0.868343
2.83094
-0.396485
-0.893633
-0.891436
-0.876781
-0.881014
-0.886684
-0.8902
-0.891878
0.711182
2.53355
-0.666525
-0.964442
-0.958612
-0.939385
-0.937026
-0.939962
-0.942171
-0.943335
0.571804
2.33398
-0.224139
-1.04895
-1.0127
-0.996245
-0.991677
-0.992739
-0.994089
-0.994853
0.436398
1.95865
1.04646
-1.08366
-1.05862
-1.04736
-1.04416
-1.04483
-1.04581
-1.04634
0.72935
1.64158
0.51419
-1.09228
-1.11171
-1.10084
-1.09621
-1.09671
-1.09733
-1.09773
-1.45611
-0.555272
-0.904045
-1.11366
-1.18356
-1.16139
-1.14975
-1.1484
-1.14874
-1.14906
-1.35701
-1.25631
-1.23238
-1.1959
-1.23805
-1.21598
-1.20204
-1.19952
-1.19995
-1.20045
-1.27652
-1.25937
-1.25285
-1.24463
-1.26586
-1.25582
-1.2497
-1.2493
-1.25072
-1.25167
-1.23138
-1.27603
-1.27963
-1.25945
-1.27869
-1.28928
-1.29319
-1.2979
-1.30135
-1.30308
-1.20525
-1.32342
-1.29733
-1.29839
-1.30321
-1.31768
-1.33587
-1.34687
-1.35261
-1.35521
-1.14443
-1.46594
-1.41314
-1.40751
-1.37194
-1.35644
-1.38261
-1.39876
-1.40575
-1.40874
-0.899795
-0.755943
-0.650788
-0.697674
-1.40756
-1.44105
-1.44457
-1.45611
-1.46222
-1.46409
-0.722475
-0.884682
0.083973
-0.205487
-0.818039
-1.55532
-1.51845
-1.51814
-1.52177
-1.52104
-0.655853
-1.13467
-1.45163
-1.00586
-0.381584
-1.34415
-1.57769
-1.58303
-1.58157
-1.57802
-1.4598
-1.06034
-1.04768
-0.755279
-0.77068
-1.2289
-1.67012
-1.66018
-1.64257
-1.63433
-1.83016
-1.81036
-1.81405
-1.88113
-1.95017
-1.83551
-1.76778
-1.73275
-1.7029
-1.69178
-1.79862
-1.81084
-1.82618
-1.88524
-1.93033
-1.89475
-1.77941
-1.77994
-1.75917
-1.74741
-1.76652
-1.78637
-1.80895
-1.84299
-1.86346
-1.84917
-1.82118
-1.81931
-1.80412
-1.797
-1.75244
-1.797
-1.80972
-1.83228
-1.84278
-1.84313
-1.85214
-1.85018
-1.84548
-1.84337
-0.421036
-0.627545
-0.804854
-0.802019
-0.813684
-0.822397
-0.830697
-0.836372
-0.840121
-0.841913
1.47128
-0.710533
-0.85316
-0.882737
-0.883224
-0.882538
-0.885925
-0.889231
-0.891682
-0.892947
2.30573
-0.984869
-0.963212
-0.97004
-0.951799
-0.94208
-0.941183
-0.942236
-0.943472
-0.944237
0.445033
-1.10281
-1.09635
-1.05683
-1.0152
-0.999485
-0.995356
-0.994829
-0.995212
-0.995625
-0.992543
-1.0187
-1.12178
-1.09968
-1.06322
-1.05033
-1.04723
-1.0467
-1.04689
-1.04708
-1.14527
-0.721736
-1.05945
-1.10047
-1.09856
-1.09745
-1.09738
-1.09786
-1.09822
-1.09843
-1.35265
-0.231963
-1.03827
-1.10437
-1.1285
-1.14351
-1.14692
-1.14857
-1.14937
-1.14973
-1.33746
-1.26777
-1.13916
-1.14731
-1.17369
-1.19019
-1.1962
-1.19885
-1.20031
-1.20096
-1.29731
-1.30968
-1.17883
-1.17803
-1.23109
-1.2413
-1.24534
-1.24871
-1.25107
-1.25214
-1.30111
-1.33252
-1.19953
-1.11554
-1.27589
-1.28335
-1.29207
-1.29815
-1.30192
-1.3036
-1.34027
-1.37183
-1.3407
-1.22392
-1.28463
-1.31716
-1.33682
-1.34809
-1.35344
-1.35579
-1.40541
-1.43963
-1.47479
-1.47562
-1.33418
-1.36342
-1.38706
-1.40093
-1.40667
-1.40934
-1.44578
-1.43952
-1.45031
-1.51144
-1.52016
-1.43894
-1.44614
-1.45835
-1.46262
-1.46467
-1.46327
-1.42952
-1.44622
-1.49805
-1.57829
-1.54434
-1.51865
-1.52128
-1.52195
-1.52167
-1.53689
-1.49329
-1.47037
-1.51085
-1.57326
-1.60051
-1.5962
-1.58747
-1.582
-1.57918
-1.7018
-1.67454
-1.589
-1.54208
-1.49873
-1.61442
-1.67765
-1.65567
-1.64114
-1.63653
-1.77261
-1.53503
-1.43334
-1.57874
-1.5647
-1.64019
-1.74882
-1.7175
-1.69876
-1.69308
-1.78375
-1.72525
-1.82655
-1.74197
-1.64624
-1.73636
-1.80215
-1.76758
-1.75203
-1.74647
-1.78445
-1.8208
-1.82721
-1.8497
-1.87655
-1.86288
-1.83912
-1.81144
-1.80031
-1.79592
-1.8009
-1.81643
-1.82241
-1.84094
-1.85592
-1.85237
-1.8505
-1.84658
-1.84377
-1.84242
-0.850095
-0.783008
-0.826536
-0.826711
-0.826657
-0.829521
-0.834815
-0.839533
-0.842913
-0.844541
-0.876481
-0.844706
-0.893971
-0.894842
-0.888375
-0.886924
-0.88919
-0.891826
-0.893903
-0.894953
-0.86416
-0.958899
-0.978497
-0.965176
-0.950969
-0.944284
-0.943304
-0.943956
-0.944968
-0.945668
-0.866032
-1.03909
-1.05077
-1.02911
-1.00995
-0.999555
-0.99634
-0.995747
-0.99609
-0.996513
-1.01316
-1.04578
-1.08261
-1.07107
-1.05932
-1.05074
-1.04782
-1.04707
-1.04728
-1.04759
-1.14389
-1.03118
-1.08716
-1.10036
-1.10263
-1.09921
-1.09812
-1.09808
-1.09841
-1.09872
-1.22568
-1.13725
-1.11243
-1.13767
-1.14866
-1.14796
-1.14818
-1.14896
-1.14956
-1.14994
-1.28924
-1.27667
-1.20106
-1.19676
-1.20261
-1.19955
-1.1987
-1.19987
-1.20076
-1.20127
-1.30182
-1.30799
-1.29883
-1.27492
-1.25393
-1.25161
-1.24948
-1.25086
-1.25205
-1.25276
-1.3178
-1.34469
-1.35691
-1.34784
-1.30495
-1.30098
-1.29981
-1.3016
-1.30355
-1.3046
-1.34875
-1.37278
-1.40009
-1.40863
-1.3689
-1.34909
-1.35081
-1.35315
-1.35576
-1.35712
-1.39918
-1.42096
-1.45279
-1.46628
-1.44893
-1.40636
-1.4053
-1.40668
-1.40937
-1.41078
-1.45363
-1.459
-1.47208
-1.49726
-1.51097
-1.47633
-1.46387
-1.46286
-1.46482
-1.46581
-1.49936
-1.47913
-1.47479
-1.48728
-1.52745
-1.54199
-1.52568
-1.522
-1.52201
-1.52204
-1.55779
-1.52577
-1.4991
-1.49501
-1.52984
-1.58067
-1.58506
-1.58194
-1.57965
-1.57864
-1.64231
-1.63126
-1.5916
-1.55854
-1.57227
-1.62767
-1.64387
-1.64083
-1.63686
-1.63482
-1.72019
-1.74166
-1.73265
-1.70949
-1.69091
-1.7059
-1.70919
-1.69903
-1.69277
-1.68992
-1.76254
-1.79173
-1.81734
-1.59532
-1.73152
-1.78995
-1.77117
-1.75432
-1.74618
-1.74273
-1.78711
-1.80997
-1.80575
-1.57611
-1.75438
-1.83365
-1.81572
-1.80209
-1.79555
-1.79274
-1.81786
-1.82359
-1.83729
-1.85476
-1.86842
-1.8541
-1.84732
-1.844
-1.84181
-1.84077
-0.83961
-0.816419
-0.827637
-0.82841
-0.830908
-0.833697
-0.83784
-0.842986
-0.846848
-0.84833
-0.898941
-0.873435
-0.889099
-0.888481
-0.888949
-0.889825
-0.892192
-0.894855
-0.896942
-0.897841
-0.947981
-0.94492
-0.953242
-0.949437
-0.94685
-0.945205
-0.945341
-0.94628
-0.947175
-0.947796
-1.01485
-1.01105
-1.01436
-1.00692
-1.00208
-0.9985
-0.997086
-0.996941
-0.997343
-0.997968
-1.10068
-1.06223
-1.06415
-1.05779
-1.05334
-1.0498
-1.04817
-1.04765
-1.04792
-1.04851
-1.16455
-1.09831
-1.10587
-1.10315
-1.10218
-1.10003
-1.099
-1.09868
-1.09892
-1.09942
-1.21816
-1.17262
-1.15483
-1.1518
-1.15233
-1.15067
-1.15004
-1.14999
-1.1503
-1.15067
-1.25854
-1.24726
-1.21814
-1.20805
-1.20546
-1.20266
-1.20153
-1.20152
-1.20188
-1.20222
-1.29125
-1.29337
-1.2796
-1.26897
-1.25924
-1.25504
-1.25323
-1.2532
-1.25365
-1.25404
-1.32492
-1.33379
-1.33107
-1.3246
-1.31272
-1.307
-1.30495
-1.30504
-1.30571
-1.30621
-1.3631
-1.37169
-1.3786
-1.37752
-1.36772
-1.35921
-1.35726
-1.35747
-1.35836
-1.35895
-1.40853
-1.41518
-1.42555
-1.42798
-1.42266
-1.41326
-1.41115
-1.41109
-1.41196
-1.41253
-1.45781
-1.45849
-1.46408
-1.4714
-1.47266
-1.4695
-1.4666
-1.4661
-1.46668
-1.46702
-1.50718
-1.49889
-1.49832
-1.50744
-1.52149
-1.52555
-1.52328
-1.52234
-1.52234
-1.52226
-1.56448
-1.55528
-1.55078
-1.55489
-1.57111
-1.57982
-1.58008
-1.57904
-1.57826
-1.57773
-1.63372
-1.62972
-1.62283
-1.61352
-1.62673
-1.63965
-1.6385
-1.63593
-1.63394
-1.63284
-1.69977
-1.70495
-1.70028
-1.68483
-1.69349
-1.70286
-1.6976
-1.69215
-1.68872
-1.68706
-1.74576
-1.75779
-1.7661
-1.74601
-1.75435
-1.75825
-1.75196
-1.74564
-1.74159
-1.73968
-1.7843
-1.79549
-1.81286
-1.80076
-1.80533
-1.80622
-1.79973
-1.7949
-1.79176
-1.79037
-1.82337
-1.82898
-1.84796
-1.81522
-1.84925
-1.84642
-1.84275
-1.84096
-1.83968
-1.83912
-0.838048
-0.832879
-0.834767
-0.834677
-0.835166
-0.836457
-0.840076
-0.847012
-0.852332
-0.852975
-0.895846
-0.889514
-0.892174
-0.892119
-0.892163
-0.893207
-0.896291
-0.899899
-0.902295
-0.901641
-0.948889
-0.948924
-0.951006
-0.949658
-0.947847
-0.947545
-0.949126
-0.950573
-0.951214
-0.950719
-1.0096
-1.00877
-1.00829
-1.00509
-1.00166
-0.99946
-0.998918
-0.999135
-0.999305
-0.999942
-1.07644
-1.0638
-1.06116
-1.05724
-1.05352
-1.05057
-1.04881
-1.04822
-1.04855
-1.04946
-1.13516
-1.11351
-1.11091
-1.10698
-1.10403
-1.10144
-1.09976
-1.09903
-1.09935
-1.10003
-1.18999
-1.16836
-1.16283
-1.1576
-1.15496
-1.15273
-1.15139
-1.1508
-1.15094
-1.15138
-1.23919
-1.22544
-1.21658
-1.21038
-1.20713
-1.20467
-1.20336
-1.20286
-1.2029
-1.20315
-1.28286
-1.27781
-1.27096
-1.2648
-1.25996
-1.25694
-1.25548
-1.255
-1.25503
-1.25522
-1.32531
-1.32529
-1.32249
-1.31803
-1.31251
-1.30915
-1.30767
-1.3073
-1.30741
-1.3076
-1.36997
-1.37045
-1.37164
-1.37004
-1.36506
-1.36142
-1.36016
-1.35998
-1.3602
-1.36042
-1.41531
-1.4164
-1.42013
-1.42115
-1.41783
-1.41421
-1.41335
-1.4133
-1.41358
-1.4138
-1.46354
-1.46401
-1.46675
-1.46982
-1.47104
-1.46783
-1.46737
-1.46739
-1.46762
-1.46777
-1.51464
-1.51265
-1.51266
-1.51583
-1.52037
-1.52151
-1.52201
-1.52214
-1.52219
-1.52218
-1.56986
-1.56643
-1.5644
-1.56493
-1.57075
-1.57576
-1.57717
-1.57722
-1.57694
-1.57671
-1.62853
-1.62602
-1.62312
-1.62138
-1.62573
-1.63168
-1.63303
-1.63234
-1.63148
-1.63095
-1.68645
-1.68764
-1.68672
-1.68454
-1.68587
-1.68837
-1.68856
-1.68682
-1.6853
-1.68448
-1.73729
-1.74264
-1.74862
-1.74944
-1.74598
-1.7443
-1.74212
-1.73962
-1.73775
-1.73679
-1.78307
-1.78872
-1.7965
-1.79672
-1.79792
-1.79519
-1.79238
-1.79004
-1.78846
-1.78758
-1.82671
-1.83008
-1.83856
-1.83971
-1.84252
-1.84064
-1.83936
-1.83839
-1.83775
-1.83745
-0.841384
-0.839917
-0.839221
-0.838167
-0.837196
-0.837599
-0.841313
-0.851119
-0.861011
-0.862214
-0.896912
-0.894732
-0.894627
-0.894165
-0.894447
-0.89708
-0.902528
-0.907315
-0.910837
-0.907633
-0.950837
-0.950022
-0.950144
-0.949519
-0.949684
-0.951684
-0.955914
-0.957627
-0.957774
-0.954471
-1.00611
-1.00622
-1.00489
-1.00315
-1.00164
-1.00161
-1.0026
-1.00278
-1.00279
-1.00292
-1.06345
-1.06071
-1.058
-1.05545
-1.05313
-1.05104
-1.04931
-1.04864
-1.0492
-1.05092
-1.11861
-1.11299
-1.10982
-1.10681
-1.10439
-1.10202
-1.09982
-1.09864
-1.09943
-1.10068
-1.173
-1.166
-1.16191
-1.15835
-1.15601
-1.15385
-1.15209
-1.15114
-1.15141
-1.15206
-1.22551
-1.21949
-1.21456
-1.21083
-1.20818
-1.20603
-1.20452
-1.20376
-1.20373
-1.20399
-1.27416
-1.27097
-1.26695
-1.26352
-1.26057
-1.25833
-1.25692
-1.25625
-1.25611
-1.25622
-1.32117
-1.32027
-1.31801
-1.31561
-1.31276
-1.31061
-1.30934
-1.30878
-1.30866
-1.30872
-1.36858
-1.36854
-1.368
-1.36693
-1.36478
-1.36291
-1.36189
-1.3615
-1.36145
-1.36152
-1.41697
-1.417
-1.41769
-1.41786
-1.41684
-1.41542
-1.41477
-1.41457
-1.4146
-1.41468
-1.46647
-1.46646
-1.46718
-1.4682
-1.46873
-1.46822
-1.46806
-1.46805
-1.46812
-1.46819
-1.51793
-1.51704
-1.51706
-1.51835
-1.52022
-1.52125
-1.52172
-1.52188
-1.52194
-1.52196
-1.57133
-1.5698
-1.56914
-1.56994
-1.57262
-1.57474
-1.5757
-1.57589
-1.57584
-1.57578
-1.62634
-1.62551
-1.62476
-1.62477
-1.62677
-1.62902
-1.62991
-1.62984
-1.62955
-1.62935
-1.68103
-1.68163
-1.68153
-1.68098
-1.68225
-1.68368
-1.68388
-1.68333
-1.68273
-1.68237
-1.73293
-1.73495
-1.73642
-1.73589
-1.73709
-1.73741
-1.73673
-1.73576
-1.73497
-1.73456
-1.78178
-1.78402
-1.78636
-1.78697
-1.78825
-1.78836
-1.78758
-1.78674
-1.7861
-1.78579
-1.82932
-1.83092
-1.8337
-1.83533
-1.83658
-1.83686
-1.83667
-1.83645
-1.83626
-1.83617
-0.846068
-0.844562
-0.843206
-0.841777
-0.839926
-0.840112
-0.845151
-0.856208
-0.866226
-0.86631
-0.899736
-0.898291
-0.897437
-0.897282
-0.898788
-0.903424
-0.909413
-0.911013
-0.914196
-0.908561
-0.952914
-0.951993
-0.951251
-0.951265
-0.953095
-0.9581
-0.964204
-0.962407
-0.959846
-0.953238
-1.00629
-1.00572
-1.00442
-1.00325
-1.00308
-1.00502
-1.00724
-1.00593
-1.0054
-1.00326
-1.06004
-1.05898
-1.05697
-1.05513
-1.05335
-1.05157
-1.04962
-1.04875
-1.05022
-1.05266
-1.11351
-1.11154
-1.10909
-1.10686
-1.10459
-1.10202
-1.09894
-1.09752
-1.09918
-1.10141
-1.16606
-1.16388
-1.16116
-1.15874
-1.15646
-1.15428
-1.15214
-1.15085
-1.15162
-1.15254
-1.21769
-1.21594
-1.21324
-1.21085
-1.20862
-1.20671
-1.20516
-1.20429
-1.20435
-1.20467
-1.26822
-1.26722
-1.26504
-1.26291
-1.26082
-1.25908
-1.25779
-1.25708
-1.25692
-1.25702
-1.31795
-1.31768
-1.31627
-1.3147
-1.31289
-1.31139
-1.31032
-1.30974
-1.30954
-1.30956
-1.36752
-1.36766
-1.36705
-1.3662
-1.36485
-1.36368
-1.36287
-1.36244
-1.36229
-1.3623
-1.41744
-1.4177
-1.41772
-1.41755
-1.41683
-1.41607
-1.41556
-1.41531
-1.41524
-1.41526
-1.46813
-1.46827
-1.46852
-1.46885
-1.4689
-1.46862
-1.46846
-1.4684
-1.4684
-1.46843
-1.51984
-1.51964
-1.51976
-1.52032
-1.52105
-1.52136
-1.52158
-1.52167
-1.5217
-1.52174
-1.57247
-1.5721
-1.57204
-1.57253
-1.57351
-1.57438
-1.57485
-1.57501
-1.57503
-1.57503
-1.6257
-1.62558
-1.62553
-1.62581
-1.62677
-1.62773
-1.62819
-1.62826
-1.62819
-1.62813
-1.67873
-1.67912
-1.67938
-1.67964
-1.68037
-1.68107
-1.68129
-1.68115
-1.68094
-1.68082
-1.73061
-1.73152
-1.73239
-1.7329
-1.73342
-1.73371
-1.73368
-1.73335
-1.73306
-1.73291
-1.78111
-1.78215
-1.78343
-1.78421
-1.78485
-1.78502
-1.7849
-1.78465
-1.78444
-1.78434
-1.83079
-1.83153
-1.83284
-1.83376
-1.83462
-1.83497
-1.83511
-1.83516
-1.83518
-1.8352
-0.849665
-0.848144
-0.846915
-0.84611
-0.845529
-0.845949
-0.851764
-0.858388
-0.864125
-0.863698
-0.902055
-0.90075
-0.899977
-0.900237
-0.902474
-0.906916
-0.910735
-0.910046
-0.910225
-0.905112
-0.954262
-0.953269
-0.952544
-0.952901
-0.955369
-0.960363
-0.963251
-0.958693
-0.955169
-0.949632
-1.00661
-1.00576
-1.00467
-1.00404
-1.0048
-1.00704
-1.00811
-1.00465
-1.00348
-1.00104
-1.05903
-1.05812
-1.05664
-1.05524
-1.05396
-1.05271
-1.05101
-1.04963
-1.05154
-1.05336
-1.11139
-1.11028
-1.10853
-1.10681
-1.10482
-1.10222
-1.09919
-1.09836
-1.10032
-1.10262
-1.1634
-1.16226
-1.16045
-1.15867
-1.15673
-1.15458
-1.15223
-1.15102
-1.15216
-1.15325
-1.21504
-1.21399
-1.2123
-1.21061
-1.20885
-1.20715
-1.20564
-1.20472
-1.20496
-1.20534
-1.26615
-1.26536
-1.26395
-1.2625
-1.26095
-1.25955
-1.25841
-1.25773
-1.2576
-1.2577
-1.31676
-1.31633
-1.31534
-1.31424
-1.31297
-1.31184
-1.31095
-1.3104
-1.31019
-1.31019
-1.36716
-1.36708
-1.36652
-1.36584
-1.36494
-1.3641
-1.36345
-1.36304
-1.36286
-1.36284
-1.41787
-1.4179
-1.4177
-1.41742
-1.41691
-1.41641
-1.416
-1.41575
-1.41564
-1.41563
-1.46905
-1.46905
-1.46904
-1.46906
-1.46895
-1.46881
-1.46867
-1.46858
-1.46854
-1.46856
-1.52075
-1.52068
-1.52071
-1.5209
-1.52111
-1.52135
-1.52146
-1.5215
-1.52152
-1.52154
-1.57294
-1.57283
-1.57285
-1.57313
-1.5736
-1.57405
-1.57432
-1.57443
-1.57447
-1.5745
-1.62542
-1.62542
-1.62551
-1.6258
-1.62634
-1.62686
-1.62715
-1.62726
-1.62727
-1.62728
-1.6778
-1.67802
-1.67829
-1.67862
-1.67911
-1.67954
-1.67977
-1.6798
-1.67977
-1.67975
-1.72964
-1.73006
-1.73054
-1.73098
-1.73143
-1.73176
-1.73193
-1.73189
-1.73182
-1.73179
-1.78081
-1.78123
-1.78184
-1.7824
-1.7829
-1.78322
-1.78336
-1.78338
-1.78336
-1.78336
-1.83154
-1.83175
-1.8323
-1.83292
-1.8335
-1.83392
-1.83419
-1.83437
-1.83448
-1.83454
-0.851932
-0.850799
-0.850363
-0.850705
-0.853006
-0.858165
-0.865156
-0.867626
-0.863073
-0.859732
-0.903405
-0.902446
-0.902036
-0.902697
-0.905757
-0.911785
-0.915763
-0.913487
-0.908233
-0.905113
-0.955132
-0.95421
-0.953679
-0.954051
-0.956423
-0.961588
-0.964141
-0.958915
-0.955118
-0.952495
-1.00689
-1.006
-1.00516
-1.00474
-1.00533
-1.0075
-1.00933
-1.0068
-1.00511
-1.00311
-1.0587
-1.05783
-1.05671
-1.05568
-1.05476
-1.05392
-1.05334
-1.05331
-1.0544
-1.05423
-1.11052
-1.10966
-1.10839
-1.10706
-1.1056
-1.10389
-1.10209
-1.10176
-1.10292
-1.10381
-1.16221
-1.16141
-1.16009
-1.15871
-1.15722
-1.15566
-1.15415
-1.15339
-1.15383
-1.15437
-1.21371
-1.21303
-1.21179
-1.2105
-1.20911
-1.20777
-1.20662
-1.20596
-1.20596
-1.20614
-1.26497
-1.26445
-1.2634
-1.26229
-1.26108
-1.25994
-1.259
-1.25843
-1.25825
-1.25829
-1.31602
-1.31568
-1.31489
-1.31403
-1.31305
-1.31214
-1.31139
-1.3109
-1.31068
-1.31066
-1.36698
-1.36682
-1.36631
-1.36573
-1.36502
-1.36435
-1.36379
-1.36342
-1.36323
-1.3632
-1.41809
-1.41803
-1.41777
-1.41745
-1.41703
-1.41661
-1.41625
-1.41601
-1.41588
-1.41586
-1.46949
-1.46946
-1.46937
-1.46927
-1.46912
-1.46894
-1.46879
-1.46867
-1.46862
-1.46862
-1.52122
-1.52119
-1.52119
-1.52125
-1.52133
-1.52137
-1.52139
-1.52139
-1.52139
-1.52141
-1.57323
-1.57321
-1.57328
-1.57344
-1.57367
-1.57387
-1.57401
-1.57408
-1.57412
-1.57415
-1.62539
-1.62543
-1.62556
-1.62579
-1.6261
-1.62638
-1.62657
-1.62667
-1.62671
-1.62675
-1.67748
-1.67762
-1.67783
-1.67811
-1.67845
-1.67874
-1.67893
-1.67902
-1.67906
-1.67909
-1.7293
-1.7295
-1.72978
-1.73012
-1.73047
-1.73077
-1.73095
-1.73103
-1.73107
-1.7311
-1.78077
-1.78093
-1.78124
-1.78162
-1.782
-1.78231
-1.78252
-1.78265
-1.78272
-1.78276
-1.832
-1.83201
-1.83226
-1.83263
-1.83304
-1.83341
-1.8337
-1.83391
-1.83406
-1.83414
-0.853275
-0.852292
-0.852037
-0.852937
-0.854827
-0.860322
-0.868286
-0.869935
-0.858456
-0.858532
-0.904367
-0.903428
-0.903134
-0.903833
-0.905768
-0.910009
-0.913055
-0.910459
-0.906691
-0.905832
-0.955691
-0.95482
-0.954391
-0.954742
-0.956419
-0.959429
-0.959375
-0.955554
-0.95453
-0.954804
-1.00712
-1.00626
-1.00558
-1.00533
-1.00602
-1.00815
-1.00886
-1.0062
-1.00503
-1.00467
-1.05865
-1.05783
-1.05692
-1.05613
-1.05556
-1.0555
-1.05611
-1.05594
-1.05528
-1.05469
-1.11023
-1.10946
-1.1084
-1.10731
-1.10619
-1.10509
-1.10424
-1.1041
-1.10421
-1.10442
-1.16177
-1.16107
-1.15998
-1.15882
-1.15757
-1.15633
-1.15523
-1.15467
-1.15475
-1.15504
-1.21324
-1.21263
-1.2116
-1.2105
-1.20931
-1.20816
-1.2072
-1.20662
-1.2065
-1.2066
-1.26457
-1.26408
-1.2632
-1.26223
-1.26118
-1.26019
-1.25936
-1.25884
-1.25862
-1.25862
-1.31576
-1.31542
-1.31473
-1.31397
-1.31311
-1.31231
-1.31163
-1.31118
-1.31095
-1.31091
-1.36693
-1.36673
-1.36625
-1.3657
-1.36508
-1.36448
-1.36397
-1.36362
-1.36342
-1.36338
-1.41822
-1.41811
-1.41782
-1.41749
-1.41709
-1.4167
-1.41637
-1.41613
-1.416
-1.41597
-1.46972
-1.46965
-1.46952
-1.46937
-1.46919
-1.469
-1.46884
-1.46872
-1.46865
-1.46864
-1.52144
-1.52141
-1.52138
-1.52138
-1.52138
-1.52137
-1.52135
-1.52133
-1.52132
-1.52134
-1.57337
-1.57337
-1.57342
-1.57352
-1.57365
-1.57378
-1.57387
-1.57392
-1.57395
-1.57398
-1.62541
-1.62545
-1.62556
-1.62573
-1.62595
-1.62616
-1.62631
-1.6264
-1.62645
-1.62649
-1.6774
-1.67748
-1.67765
-1.67788
-1.67814
-1.67838
-1.67856
-1.67867
-1.67873
-1.67877
-1.72921
-1.72931
-1.72951
-1.72978
-1.73007
-1.73034
-1.73053
-1.73066
-1.73073
-1.73077
-1.7808
-1.78085
-1.78105
-1.78133
-1.78165
-1.78194
-1.78216
-1.78232
-1.78242
-1.78248
-1.83223
-1.83216
-1.83229
-1.83256
-1.83289
-1.83321
-1.83349
-1.83371
-1.83386
-1.83395
)
;

boundaryField
{
    lowerSideWalls
    {
        type            calculated;
        value           nonuniform List<scalar> 
800
(
364.369
315.7
267.36
219.694
172.485
126.098
79.6726
35.5836
7.08229
-0.225098
-0.269297
-0.337494
-0.420303
-0.488311
-0.544978
-0.598015
-0.651057
-0.703617
-0.754607
-0.804743
364.662
316.016
267.73
220.112
173.148
126.827
80.5522
36.1311
7.16472
-0.213008
-0.262877
-0.336867
-0.420887
-0.488267
-0.544559
-0.599311
-0.653608
-0.706104
-0.756545
-0.805949
365.553
316.966
268.816
221.378
174.652
128.649
82.6437
37.5711
7.55795
-0.186063
-0.249878
-0.333153
-0.421116
-0.488639
-0.546219
-0.603741
-0.659667
-0.711719
-0.760578
-0.808194
366.97
318.482
270.543
223.391
176.98
131.661
86.2187
40.7512
8.71003
-0.139634
-0.235599
-0.327008
-0.418321
-0.488861
-0.551368
-0.613578
-0.67156
-0.722742
-0.768616
-0.812995
368.774
320.422
272.774
226.023
180.193
135.46
91.5768
47.1813
11.4395
-0.111569
-0.232552
-0.32765
-0.417024
-0.492218
-0.566439
-0.635033
-0.691426
-0.740408
-0.781327
-0.820557
370.782
322.594
275.286
229.044
184.004
140.273
97.8395
56.0952
18.1858
0.257131
-0.258746
-0.338535
-0.427534
-0.509942
-0.604656
-0.674632
-0.725644
-0.76516
-0.800946
-0.830255
372.778
324.766
277.807
232.097
187.836
145.298
104.72
65.744
29.9774
4.49543
-0.27146
-0.413747
-0.454529
-0.539353
-0.653626
-0.741146
-0.754493
-0.772209
-0.818587
-0.849587
374.525
326.677
280.038
234.826
191.274
149.848
110.924
74.7926
42.966
15.2586
0.232748
-0.658073
-0.484904
-0.588889
-0.667497
-0.722651
-0.718803
-0.738344
-0.803824
-0.857405
375.837
328.104
281.698
236.838
193.739
153.154
115.471
81.5919
53.4718
28.7978
9.30965
0.915341
0.138628
-0.635065
-0.631698
-0.658956
-0.684048
-0.728119
-0.798663
-0.854061
376.586
328.944
282.689
238.055
195.231
155.025
117.704
84.8463
58.9914
37.9926
21.3963
17.2718
10.9952
-0.59323
-0.646449
-0.651256
-0.685545
-0.743682
-0.797341
-0.843442
376.586
328.944
282.689
238.055
195.231
155.025
117.704
84.8463
58.9914
37.9926
21.3963
17.2718
10.9952
-0.59323
-0.646449
-0.651256
-0.685545
-0.743682
-0.797341
-0.843442
375.824
328.093
281.696
236.862
193.791
153.253
115.635
81.8696
54.0485
29.8358
10.2687
1.01854
0.115907
-0.635563
-0.639887
-0.663115
-0.689563
-0.739204
-0.803265
-0.855168
374.48
326.639
280.017
234.844
191.34
150.008
111.261
75.406
44.205
16.7862
0.561793
-0.681596
-0.483577
-0.581041
-0.653702
-0.702021
-0.711896
-0.747767
-0.811849
-0.851888
372.679
324.68
277.749
232.101
187.931
145.568
105.344
66.6974
31.8818
5.43866
-0.29451
-0.430655
-0.458709
-0.531746
-0.629964
-0.704354
-0.723246
-0.761058
-0.805674
-0.840991
370.603
322.432
275.161
229.008
184.121
140.675
98.7552
57.4023
20.6225
0.869085
-0.249876
-0.3299
-0.434921
-0.511631
-0.584583
-0.644264
-0.695611
-0.744893
-0.788305
-0.829264
368.489
320.152
272.538
225.892
180.319
135.942
92.5599
49.4003
13.7737
-0.0355363
-0.232226
-0.334733
-0.432174
-0.500472
-0.556977
-0.615011
-0.673939
-0.726167
-0.772334
-0.816479
366.551
318.069
270.145
223.062
176.83
131.887
87.2129
43.136
10.7832
-0.144106
-0.236604
-0.325078
-0.419728
-0.495444
-0.549998
-0.602897
-0.657568
-0.710535
-0.759254
-0.806603
364.979
316.382
268.216
220.785
174.128
128.585
83.3671
39.6026
9.45371
-0.176914
-0.24519
-0.319225
-0.40725
-0.486291
-0.544745
-0.594806
-0.64653
-0.698878
-0.749408
-0.798817
363.915
315.244
266.909
219.251
172.336
126.396
80.9015
37.6572
8.90515
-0.20707
-0.260261
-0.322631
-0.402808
-0.47751
-0.53863
-0.588715
-0.63918
-0.691329
-0.742796
-0.79338
363.441
314.732
266.312
218.538
171.471
125.346
79.7109
36.7593
8.73076
-0.219353
-0.271281
-0.333283
-0.407512
-0.476728
-0.536477
-0.586588
-0.636357
-0.687938
-0.739473
-0.790501
363.567
314.854
266.429
218.646
171.576
125.424
79.7758
36.8286
8.72075
-0.224044
-0.278488
-0.336888
-0.411172
-0.481409
-0.539356
-0.588245
-0.63725
-0.687884
-0.738846
-0.789618
364.288
315.606
267.254
219.558
172.597
126.57
81.0235
37.6288
8.79739
-0.217224
-0.274992
-0.33778
-0.419606
-0.490863
-0.544955
-0.593249
-0.642029
-0.691488
-0.741242
-0.791311
365.571
316.958
268.765
221.279
174.565
128.85
83.5336
39.4349
9.24428
-0.193861
-0.266164
-0.34199
-0.430738
-0.497269
-0.549087
-0.600226
-0.649795
-0.697632
-0.745723
-0.794706
367.325
318.823
270.864
223.706
177.386
132.247
87.4489
42.9915
10.5979
-0.152362
-0.260814
-0.346697
-0.435699
-0.497471
-0.556063
-0.610255
-0.660633
-0.706128
-0.751875
-0.799527
369.402
321.042
273.385
226.647
180.909
136.404
92.9365
49.5563
13.7349
-0.0486377
-0.264179
-0.349371
-0.435194
-0.502732
-0.573565
-0.629754
-0.67612
-0.717077
-0.759642
-0.80553
371.616
323.423
276.109
229.877
184.899
141.335
99.2839
57.8314
20.8657
0.937473
-0.258119
-0.336695
-0.438372
-0.52458
-0.596541
-0.660557
-0.697006
-0.731144
-0.769388
-0.814687
373.758
325.74
278.77
233.059
188.831
146.412
106.05
67.2855
32.3366
5.64118
-0.271878
-0.365778
-0.435103
-0.526909
-0.593566
-0.688115
-0.721952
-0.746547
-0.779814
-0.822516
375.601
327.744
281.087
235.861
192.308
150.943
112.107
76.0735
44.5385
16.2503
0.0534035
-0.38581
-0.503277
-0.593905
-0.635189
-0.686544
-0.737034
-0.758993
-0.785456
-0.821673
376.97
329.225
282.798
237.915
194.799
154.214
116.574
82.6588
54.5011
30.0483
10.5277
2.29086
0.224888
-0.668341
-0.698546
-0.69486
-0.73884
-0.762981
-0.785208
-0.817536
377.744
330.09
283.806
239.13
196.248
155.989
118.723
85.7916
59.6432
38.552
22.4447
18.1922
9.09831
-0.648892
-0.691565
-0.698159
-0.727072
-0.755507
-0.783019
-0.816438
365.532
316.842
268.462
220.683
173.565
127.008
80.6132
36.5238
7.73847
-0.236625
-0.282647
-0.343139
-0.420994
-0.492629
-0.552071
-0.602329
-0.651923
-0.70218
-0.752309
-0.802584
365.99
317.328
269.011
221.311
174.288
127.87
81.6288
37.2045
7.88941
-0.226654
-0.278654
-0.349805
-0.430227
-0.499089
-0.55411
-0.6043
-0.654113
-0.703045
-0.751879
-0.801661
366.972
318.371
270.192
222.68
175.866
129.794
83.8615
38.8993
8.4129
-0.204965
-0.273266
-0.356862
-0.439062
-0.50405
-0.55889
-0.609575
-0.659232
-0.705497
-0.752462
-0.801546
368.412
319.911
271.947
224.738
178.291
132.843
87.5357
42.3087
9.70954
-0.172165
-0.269321
-0.357833
-0.443784
-0.510586
-0.574098
-0.628469
-0.670572
-0.711003
-0.754229
-0.802565
370.19
321.824
274.148
227.349
181.483
136.713
92.8642
48.7276
12.5916
-0.0847272
-0.266023
-0.353542
-0.445594
-0.523624
-0.597922
-0.665381
-0.696006
-0.719165
-0.757298
-0.804732
372.141
323.938
276.6
230.309
185.225
141.448
99.1408
57.3355
19.513
0.664518
-0.263657
-0.342799
-0.454161
-0.555026
-0.623388
-0.688829
-0.735048
-0.737784
-0.763433
-0.810148
374.068
326.042
279.05
233.292
188.98
146.4
105.874
66.8693
31.2075
5.05183
-0.291806
-0.378661
-0.46528
-0.56755
-0.628942
-0.673863
-0.738848
-0.75788
-0.77723
-0.820333
375.753
327.891
281.218
235.96
192.356
150.891
111.94
75.7691
43.8137
15.2557
-0.182723
-0.438434
-0.494884
-0.607941
-0.645585
-0.674309
-0.724636
-0.764056
-0.788212
-0.825495
377.02
329.272
282.838
237.938
194.795
154.177
116.501
82.5428
54.2855
29.6323
10.3827
2.60037
0.283894
-0.687441
-0.695736
-0.710069
-0.743693
-0.764633
-0.785926
-0.817818
377.744
330.09
283.806
239.13
196.248
155.989
118.723
85.7916
59.6432
38.552
22.4447
18.1922
9.09831
-0.648892
-0.691565
-0.698159
-0.727072
-0.755507
-0.783019
-0.816438
)
;
    }
    upperSideWalls
    {
        type            calculated;
        value           nonuniform List<scalar> 
800
(
-0.854681
-0.904827
-0.955379
-1.00615
-1.05748
-1.10903
-1.16066
-1.21222
-1.26368
-1.31513
-1.36672
-1.41861
-1.47086
-1.52345
-1.57632
-1.62932
-1.68226
-1.7351
-1.78784
-1.84065
-0.855041
-0.904592
-0.954729
-1.00539
-1.05664
-1.10826
-1.16006
-1.21181
-1.26347
-1.3151
-1.36684
-1.41882
-1.47113
-1.52378
-1.57666
-1.62963
-1.68247
-1.73515
-1.78772
-1.84032
-0.856022
-0.904624
-0.954128
-1.00438
-1.05535
-1.10688
-1.15875
-1.21064
-1.26251
-1.31436
-1.36633
-1.41854
-1.47104
-1.52381
-1.57677
-1.62974
-1.68255
-1.73514
-1.7876
-1.84004
-0.858429
-0.905624
-0.95428
-1.00376
-1.05402
-1.10526
-1.15719
-1.20936
-1.26155
-1.31375
-1.36602
-1.41846
-1.47112
-1.52398
-1.57695
-1.62987
-1.68261
-1.73514
-1.78749
-1.83978
-0.862304
-0.907285
-0.954766
-1.0037
-1.05299
-1.10342
-1.15532
-1.20781
-1.26037
-1.31291
-1.3655
-1.41819
-1.47103
-1.524
-1.577
-1.62991
-1.68262
-1.73509
-1.78738
-1.83955
-0.863862
-0.90542
-0.951695
-1.00115
-1.05189
-1.10197
-1.1535
-1.20632
-1.25928
-1.31216
-1.36504
-1.41795
-1.47095
-1.52399
-1.577
-1.62989
-1.68257
-1.73501
-1.78725
-1.83935
-0.867162
-0.899111
-0.944031
-0.995115
-1.0488
-1.10115
-1.15237
-1.20522
-1.25846
-1.31158
-1.36466
-1.41774
-1.47084
-1.52393
-1.57695
-1.62982
-1.68248
-1.73491
-1.78712
-1.83917
-0.878678
-0.901099
-0.9433
-0.99287
-1.04669
-1.10058
-1.15225
-1.20485
-1.25811
-1.31128
-1.36444
-1.41759
-1.47074
-1.52386
-1.57688
-1.62974
-1.68239
-1.7348
-1.787
-1.83903
-0.87881
-0.909757
-0.954545
-1.00066
-1.0514
-1.10237
-1.15333
-1.20547
-1.25828
-1.31127
-1.36438
-1.41753
-1.47069
-1.5238
-1.57682
-1.62967
-1.68231
-1.73471
-1.7869
-1.83893
-0.878683
-0.915127
-0.956566
-1.00319
-1.05225
-1.10258
-1.15363
-1.2057
-1.25836
-1.3113
-1.36437
-1.41751
-1.47067
-1.52378
-1.57679
-1.62963
-1.68227
-1.73467
-1.78686
-1.83887
-0.878683
-0.915127
-0.956566
-1.00319
-1.05225
-1.10258
-1.15363
-1.2057
-1.25836
-1.3113
-1.36437
-1.41751
-1.47067
-1.52378
-1.57679
-1.62963
-1.68227
-1.73467
-1.78686
-1.83887
-0.88098
-0.91094
-0.955504
-1.00256
-1.05219
-1.10235
-1.15311
-1.20527
-1.25809
-1.31112
-1.36427
-1.41748
-1.4707
-1.52388
-1.57694
-1.62982
-1.68246
-1.73484
-1.78697
-1.83892
-0.876418
-0.909423
-0.952969
-1.00049
-1.05159
-1.10158
-1.1522
-1.20466
-1.25771
-1.31089
-1.36413
-1.41742
-1.47075
-1.52404
-1.57722
-1.63018
-1.68285
-1.73518
-1.78721
-1.83902
-0.876333
-0.912355
-0.954014
-1.00203
-1.05185
-1.10081
-1.15169
-1.2044
-1.2575
-1.31069
-1.36398
-1.41739
-1.47086
-1.52434
-1.5777
-1.63078
-1.68348
-1.73575
-1.78761
-1.83918
-0.86986
-0.910981
-0.955457
-1.00344
-1.05136
-1.10044
-1.1519
-1.20452
-1.25743
-1.31048
-1.3637
-1.41719
-1.47089
-1.52465
-1.5783
-1.6316
-1.68438
-1.73658
-1.7882
-1.83942
-0.860515
-0.90629
-0.953528
-1.00176
-1.05032
-1.10065
-1.15235
-1.20472
-1.2574
-1.3103
-1.36345
-1.41698
-1.4709
-1.52505
-1.5791
-1.63273
-1.68567
-1.73775
-1.78903
-1.83976
-0.854036
-0.901629
-0.950252
-0.999586
-1.04971
-1.10078
-1.15251
-1.20456
-1.2568
-1.30943
-1.36255
-1.41625
-1.47058
-1.52529
-1.57994
-1.63405
-1.68725
-1.73926
-1.79012
-1.8402
-0.848178
-0.897602
-0.947558
-0.998066
-1.04916
-1.10069
-1.15252
-1.20446
-1.25641
-1.30861
-1.36146
-1.41525
-1.46999
-1.52538
-1.58079
-1.63556
-1.6892
-1.74124
-1.79155
-1.84079
-0.84385
-0.894558
-0.945493
-0.996673
-1.04824
-1.09978
-1.15136
-1.20294
-1.25481
-1.30683
-1.35956
-1.41345
-1.46866
-1.52489
-1.58127
-1.63694
-1.69128
-1.74345
-1.79317
-1.84143
-0.841615
-0.892934
-0.944463
-0.996165
-1.048
-1.09977
-1.15138
-1.20262
-1.25375
-1.30525
-1.3576
-1.41135
-1.46681
-1.52366
-1.58079
-1.63737
-1.69314
-1.7461
-1.79515
-1.84204
-0.840613
-0.891878
-0.943335
-0.994853
-1.04634
-1.09773
-1.14906
-1.20045
-1.25167
-1.30308
-1.35521
-1.40874
-1.46409
-1.52104
-1.57802
-1.63433
-1.69178
-1.74741
-1.797
-1.84337
-0.841913
-0.892947
-0.944237
-0.995625
-1.04708
-1.09843
-1.14973
-1.20096
-1.25214
-1.3036
-1.35579
-1.40934
-1.46467
-1.52167
-1.57918
-1.63653
-1.69308
-1.74647
-1.79592
-1.84242
-0.844541
-0.894953
-0.945668
-0.996513
-1.04759
-1.09872
-1.14994
-1.20127
-1.25276
-1.3046
-1.35712
-1.41078
-1.46581
-1.52204
-1.57864
-1.63482
-1.68992
-1.74273
-1.79274
-1.84077
-0.84833
-0.897841
-0.947796
-0.997968
-1.04851
-1.09942
-1.15067
-1.20222
-1.25404
-1.30621
-1.35895
-1.41253
-1.46702
-1.52226
-1.57773
-1.63284
-1.68706
-1.73968
-1.79037
-1.83912
-0.852975
-0.901641
-0.950719
-0.999942
-1.04946
-1.10003
-1.15138
-1.20315
-1.25522
-1.3076
-1.36042
-1.4138
-1.46777
-1.52218
-1.57671
-1.63095
-1.68448
-1.73679
-1.78758
-1.83745
-0.862214
-0.907633
-0.954471
-1.00292
-1.05092
-1.10068
-1.15206
-1.20399
-1.25622
-1.30872
-1.36152
-1.41468
-1.46819
-1.52196
-1.57578
-1.62935
-1.68237
-1.73456
-1.78579
-1.83617
-0.86631
-0.908561
-0.953238
-1.00326
-1.05266
-1.10141
-1.15254
-1.20467
-1.25702
-1.30956
-1.3623
-1.41526
-1.46843
-1.52174
-1.57503
-1.62813
-1.68082
-1.73291
-1.78434
-1.8352
-0.863698
-0.905112
-0.949632
-1.00104
-1.05336
-1.10262
-1.15325
-1.20534
-1.2577
-1.31019
-1.36284
-1.41563
-1.46856
-1.52154
-1.5745
-1.62728
-1.67975
-1.73179
-1.78336
-1.83454
-0.859732
-0.905113
-0.952495
-1.00311
-1.05423
-1.10381
-1.15437
-1.20614
-1.25829
-1.31066
-1.3632
-1.41586
-1.46862
-1.52141
-1.57415
-1.62675
-1.67909
-1.7311
-1.78276
-1.83414
-0.858532
-0.905832
-0.954804
-1.00467
-1.05469
-1.10442
-1.15504
-1.2066
-1.25862
-1.31091
-1.36338
-1.41597
-1.46864
-1.52134
-1.57398
-1.62649
-1.67877
-1.73077
-1.78248
-1.83395
-0.853275
-0.904367
-0.955691
-1.00712
-1.05865
-1.11023
-1.16177
-1.21324
-1.26457
-1.31576
-1.36693
-1.41822
-1.46972
-1.52144
-1.57337
-1.62541
-1.6774
-1.72921
-1.7808
-1.83223
-0.852292
-0.903428
-0.95482
-1.00626
-1.05783
-1.10946
-1.16107
-1.21263
-1.26408
-1.31542
-1.36673
-1.41811
-1.46965
-1.52141
-1.57337
-1.62545
-1.67748
-1.72931
-1.78085
-1.83216
-0.852037
-0.903134
-0.954391
-1.00558
-1.05692
-1.1084
-1.15998
-1.2116
-1.2632
-1.31473
-1.36625
-1.41782
-1.46952
-1.52138
-1.57342
-1.62556
-1.67765
-1.72951
-1.78105
-1.83229
-0.852937
-0.903833
-0.954742
-1.00533
-1.05613
-1.10731
-1.15882
-1.2105
-1.26223
-1.31397
-1.3657
-1.41749
-1.46937
-1.52138
-1.57352
-1.62573
-1.67788
-1.72978
-1.78133
-1.83256
-0.854827
-0.905768
-0.956419
-1.00602
-1.05556
-1.10619
-1.15757
-1.20931
-1.26118
-1.31311
-1.36508
-1.41709
-1.46919
-1.52138
-1.57365
-1.62595
-1.67814
-1.73007
-1.78165
-1.83289
-0.860322
-0.910009
-0.959429
-1.00815
-1.0555
-1.10509
-1.15633
-1.20816
-1.26019
-1.31231
-1.36448
-1.4167
-1.469
-1.52137
-1.57378
-1.62616
-1.67838
-1.73034
-1.78194
-1.83321
-0.868286
-0.913055
-0.959375
-1.00886
-1.05611
-1.10424
-1.15523
-1.2072
-1.25936
-1.31163
-1.36397
-1.41637
-1.46884
-1.52135
-1.57387
-1.62631
-1.67856
-1.73053
-1.78216
-1.83349
-0.869935
-0.910459
-0.955554
-1.0062
-1.05594
-1.1041
-1.15467
-1.20662
-1.25884
-1.31118
-1.36362
-1.41613
-1.46872
-1.52133
-1.57392
-1.6264
-1.67867
-1.73066
-1.78232
-1.83371
-0.858456
-0.906691
-0.95453
-1.00503
-1.05528
-1.10421
-1.15475
-1.2065
-1.25862
-1.31095
-1.36342
-1.416
-1.46865
-1.52132
-1.57395
-1.62645
-1.67873
-1.73073
-1.78242
-1.83386
-0.858532
-0.905832
-0.954804
-1.00467
-1.05469
-1.10442
-1.15504
-1.2066
-1.25862
-1.31091
-1.36338
-1.41597
-1.46864
-1.52134
-1.57398
-1.62649
-1.67877
-1.73077
-1.78248
-1.83395
)
;
    }
    lowerWall
    {
        type            calculated;
        value           nonuniform List<scalar> 
200
(
388.894
387.83
385.821
383.098
379.872
376.599
373.666
371.273
369.609
368.039
368.24
371.11
374.154
376.661
379.063
381.906
384.744
387.212
389.064
390.057
389.187
388.115
386.088
383.323
380.038
376.627
373.594
371.496
369.894
370.495
369.977
372.066
374.408
376.802
379.389
382.298
385.191
387.676
389.524
390.515
390.078
389.023
387.035
384.331
381.137
377.88
375.096
373.252
372.335
373.653
373.361
373.996
375.749
377.837
380.453
383.35
386.235
388.695
390.519
391.497
391.495
390.48
388.574
385.991
382.953
379.848
377.164
375.246
374.465
375.53
375.479
375.834
377.279
379.469
382.119
385.006
387.816
390.21
391.986
392.937
393.299
392.335
390.544
388.123
385.287
382.399
379.822
377.941
376.993
377.339
377.36
377.977
379.489
381.668
384.294
387.091
389.794
392.093
393.795
394.715
395.307
394.397
392.734
390.49
387.871
385.203
382.801
380.945
379.885
379.77
379.873
380.634
382.125
384.25
386.757
389.421
391.986
394.168
395.782
396.666
397.303
396.447
394.904
392.827
390.411
387.949
385.715
383.954
382.841
382.498
382.663
383.439
384.88
386.875
389.236
391.745
394.163
396.223
397.747
398.593
399.05
398.233
396.789
394.849
392.6
390.307
388.216
386.543
385.442
385.008
385.159
385.922
387.293
389.174
391.402
393.772
396.058
398.012
399.46
400.278
400.362
399.576
398.202
396.361
394.233
392.064
390.078
388.47
387.392
386.927
387.062
387.798
389.112
390.91
393.035
395.297
397.483
399.356
400.749
401.545
401.111
400.349
399.005
397.204
395.128
393.014
391.076
389.504
388.44
387.966
388.092
388.813
390.096
391.85
393.927
396.141
398.283
400.126
401.495
402.269
)
;
    }
    atmosphere
    {
        type            calculated;
        value           nonuniform List<scalar> 0();
    }
    procBoundary1to0
    {
        type            processor;
        value           nonuniform List<scalar> 
800
(
364.684
316.024
267.694
220.032
172.824
126.4
79.8841
35.6287
7.05406
-0.226986
-0.27166
-0.335968
-0.419737
-0.489596
-0.548347
-0.600829
-0.653176
-0.70523
-0.755885
-0.805787
363.653
314.865
266.363
218.304
170.78
124.251
77.2511
36.3206
9.64688
-0.269273
-0.296704
-0.359862
-0.437811
-0.500257
-0.556594
-0.607005
-0.654909
-0.704784
-0.754762
-0.804417
361.71
312.746
263.917
215.367
167.27
119.842
71.5645
33.4212
6.41557
-0.310154
-0.334542
-0.367817
-0.433034
-0.489795
-0.545744
-0.600074
-0.651163
-0.701975
-0.752371
-0.80232
359.099
309.841
260.422
210.878
161.104
110.865
60.7165
20.9492
1.81442
-0.404255
-0.363541
-0.359714
-0.419222
-0.477204
-0.535813
-0.591179
-0.644677
-0.697512
-0.749041
-0.799483
356.064
306.462
256.246
205.101
152.066
96.5628
46.5102
11.382
-0.0909457
-0.390787
-0.313359
-0.3319
-0.396731
-0.458408
-0.520832
-0.579729
-0.636841
-0.692008
-0.743978
-0.794293
353.048
303.116
251.876
198.666
140.623
69.8347
16.1254
1.79486
0.0620699
-0.150542
-0.232924
-0.304381
-0.373695
-0.43925
-0.503334
-0.569458
-0.633855
-0.692993
-0.743833
-0.791179
350.473
300.137
248.117
195.505
134.981
48.0495
10.4444
1.64916
0.230061
-0.074374
-0.303639
-0.322813
-0.364125
-0.428458
-0.503134
-0.578977
-0.652186
-0.711765
-0.752551
-0.790332
348.344
297.984
246.056
191.724
122.256
36.1721
3.01534
0.839692
0.178463
-0.234798
-0.350487
-0.304409
-0.327739
-0.387557
-0.481097
-0.592494
-0.679005
-0.731531
-0.763354
-0.804514
346.194
294.34
239.581
178.782
107.328
41.7707
21.8989
17.1618
0.761199
-0.00253916
-0.323911
-0.29779
-0.332347
-0.428929
-0.511254
-0.593276
-0.672103
-0.742153
-0.790671
-0.841662
346.41
295.516
242.144
185.913
128.563
78.3233
55.1522
52.5564
3.84844
0.460362
-0.128015
-0.284354
-0.328366
-0.353323
-0.348674
-0.438601
-0.606589
-0.662758
-0.747522
-0.857291
346.266
295.168
242.032
186.054
130.357
93.3096
86.792
39.914
1.5696
0.227346
-0.0919081
-0.247018
-0.356348
-0.344692
-0.266309
-0.162327
-0.291577
-0.683266
-0.779061
-0.785011
347.482
295.291
238.877
173.522
105.694
58.5334
33.0362
3.57987
0.595508
-0.0527638
-0.401223
-0.386208
-0.376212
-0.414554
-0.508559
-0.602807
-0.663903
-0.71371
-0.768265
-0.823984
350.583
300.682
249.121
189.365
108.612
35.3471
4.81479
0.803708
0.203919
-0.0205131
-0.23319
-0.379001
-0.389998
-0.430863
-0.498274
-0.573679
-0.637075
-0.687786
-0.727908
-0.783639
352.728
302.618
251.393
197.269
115.67
34.2199
6.83618
0.994741
0.312036
-0.0477449
-0.266439
-0.331404
-0.375573
-0.432513
-0.497038
-0.557777
-0.617385
-0.672387
-0.724985
-0.783563
354.919
305.233
254.008
200.072
135.457
62.4049
9.94831
1.60683
-0.0225469
-0.275481
-0.339395
-0.355119
-0.396423
-0.448333
-0.50545
-0.56569
-0.625338
-0.68184
-0.735378
-0.788681
357.6
308.095
257.842
206.162
151.418
94.5606
44.6282
10.4007
-0.257463
-0.432275
-0.36954
-0.354996
-0.407887
-0.464353
-0.523211
-0.579909
-0.634009
-0.687346
-0.739958
-0.792521
360.356
311.1
261.664
211.83
161.217
109.61
60.508
20.2227
1.68623
-0.390408
-0.388211
-0.371959
-0.427874
-0.481538
-0.540593
-0.59457
-0.64422
-0.693844
-0.744967
-0.796718
362.795
313.813
264.933
216.221
167.796
119.745
72.0285
32.9693
6.846
-0.314146
-0.338227
-0.374256
-0.432672
-0.487593
-0.548451
-0.60408
-0.652146
-0.699679
-0.749317
-0.800147
364.635
315.828
267.282
219.146
171.569
124.773
78.0035
36.995
10.4505
-0.267925
-0.304328
-0.361615
-0.430525
-0.495566
-0.557039
-0.610868
-0.656293
-0.703655
-0.752912
-0.802903
365.624
316.938
268.563
220.788
173.681
127.146
80.7209
36.5169
7.77919
-0.240336
-0.288627
-0.340357
-0.41501
-0.488784
-0.550647
-0.601924
-0.652643
-0.704003
-0.754483
-0.804652
-0.855664
-0.905817
-0.956338
-1.00719
-1.05837
-1.10979
-1.16128
-1.21272
-1.2641
-1.3155
-1.36703
-1.41885
-1.47101
-1.52351
-1.57631
-1.62926
-1.68222
-1.73516
-1.78802
-1.84099
-0.854482
-0.904917
-0.955734
-1.00688
-1.05845
-1.11015
-1.16177
-1.21317
-1.26438
-1.31556
-1.36692
-1.41863
-1.47072
-1.52327
-1.5762
-1.62929
-1.68229
-1.7352
-1.78798
-1.84073
-0.852688
-0.903559
-0.954959
-1.00679
-1.05883
-1.11094
-1.16272
-1.21396
-1.26472
-1.31545
-1.36648
-1.41801
-1.46998
-1.52268
-1.57609
-1.62962
-1.68269
-1.73551
-1.78777
-1.84048
-0.850103
-0.90155
-0.95401
-1.00744
-1.06092
-1.11393
-1.16561
-1.21613
-1.2657
-1.31526
-1.36572
-1.41698
-1.46854
-1.52138
-1.57567
-1.63023
-1.68372
-1.73702
-1.78952
-1.84296
-0.845241
-0.89769
-0.951747
-1.00685
-1.062
-1.1168
-1.17025
-1.2197
-1.2667
-1.31512
-1.36619
-1.41666
-1.46677
-1.52049
-1.5769
-1.63351
-1.68638
-1.73724
-1.78446
-1.84312
-0.839967
-0.894278
-0.953554
-1.01557
-1.07575
-1.13509
-1.18893
-1.2349
-1.27583
-1.31916
-1.36768
-1.41424
-1.46222
-1.5171
-1.57822
-1.64055
-1.69198
-1.73305
-1.76442
-1.81063
-0.835013
-0.894681
-0.962803
-1.03537
-1.11084
-1.17603
-1.22381
-1.25534
-1.28133
-1.31646
-1.36414
-1.42177
-1.47366
-1.53184
-1.6015
-1.66818
-1.70783
-1.73062
-1.74912
-1.78046
-0.859555
-0.93288
-1.01225
-1.09383
-1.17269
-1.20883
-1.23888
-1.25947
-1.27973
-1.31993
-1.37013
-1.41533
-1.46041
-1.50472
-1.58375
-1.70052
-1.7492
-1.73344
-1.7249
-1.78513
-0.903797
-0.977808
-1.04791
-1.08533
-1.09793
-1.13434
-1.2048
-1.23919
-1.24462
-1.2645
-1.31591
-1.36782
-1.39491
-1.42734
-1.59674
-1.68956
-1.79864
-1.74573
-1.72296
-1.77572
-0.868345
-0.863834
-0.907255
-0.98342
-1.02333
-1.04033
-1.10587
-1.28271
-1.27614
-1.24839
-1.27255
-1.31252
-1.42638
-1.44736
-1.34764
-1.79805
-1.81623
-1.77307
-1.75004
-1.7601
-0.817696
-0.858942
-0.914014
-0.973597
-1.04022
-1.14455
-1.32142
-1.32494
-1.27723
-1.2481
-1.24002
-1.28385
-1.40599
-1.05113
-1.00915
-1.80796
-1.82837
-1.77362
-1.76211
-1.77793
-0.889738
-0.917966
-0.961297
-0.996497
-1.06071
-1.13743
-1.23834
-1.27687
-1.28
-1.29223
-1.32052
-1.3671
-1.45798
-1.52926
-1.59384
-1.71435
-1.75722
-1.75799
-1.77995
-1.81093
-0.895726
-0.996545
-1.02949
-1.05447
-1.08166
-1.1296
-1.19703
-1.2527
-1.28308
-1.30821
-1.34097
-1.38803
-1.45704
-1.52054
-1.57898
-1.6499
-1.70994
-1.74862
-1.78474
-1.82379
-0.85117
-0.909453
-0.964793
-1.02728
-1.087
-1.13476
-1.18397
-1.23431
-1.27926
-1.31807
-1.3576
-1.40513
-1.46067
-1.51693
-1.57432
-1.6359
-1.69525
-1.74049
-1.78273
-1.82536
-0.848665
-0.908358
-0.963019
-1.01793
-1.07422
-1.12664
-1.17797
-1.2279
-1.27436
-1.31876
-1.36417
-1.41236
-1.46397
-1.51775
-1.57307
-1.62967
-1.68476
-1.73457
-1.78158
-1.82781
-0.847579
-0.903043
-0.956251
-1.00978
-1.06414
-1.11748
-1.16966
-1.22082
-1.26995
-1.31782
-1.36611
-1.41559
-1.46662
-1.51916
-1.57276
-1.6269
-1.68034
-1.73155
-1.78093
-1.82971
-0.84971
-0.903094
-0.955968
-1.00889
-1.06178
-1.11421
-1.16592
-1.21704
-1.26734
-1.31703
-1.36679
-1.4171
-1.46827
-1.52029
-1.57293
-1.62583
-1.6784
-1.73002
-1.78072
-1.83102
-0.852041
-0.90408
-0.956064
-1.00811
-1.06015
-1.11206
-1.16369
-1.21499
-1.26588
-1.31645
-1.36699
-1.41783
-1.46914
-1.52094
-1.57313
-1.62548
-1.67768
-1.72944
-1.78073
-1.8318
-0.853841
-0.905095
-0.956508
-1.00803
-1.05962
-1.11122
-1.16271
-1.21402
-1.26514
-1.31609
-1.36704
-1.41816
-1.46958
-1.52132
-1.57331
-1.62541
-1.67745
-1.72927
-1.78084
-1.83229
-0.85517
-0.905996
-0.95703
-1.00821
-1.05952
-1.11091
-1.16228
-1.21359
-1.2648
-1.31591
-1.36705
-1.41832
-1.4698
-1.52153
-1.57344
-1.62544
-1.67741
-1.72924
-1.78093
-1.83254
)
;
    }
    procBoundary1to3
    {
        type            processor;
        value           nonuniform List<scalar> 
200
(
-1.89361
-1.89303
-1.89254
-1.89208
-1.8917
-1.89139
-1.89115
-1.89096
-1.89084
-1.89078
-1.8935
-1.89291
-1.89242
-1.89197
-1.89161
-1.89132
-1.89109
-1.89092
-1.89081
-1.89075
-1.89293
-1.89256
-1.89213
-1.89171
-1.89141
-1.89116
-1.89098
-1.89083
-1.89074
-1.8907
-1.89341
-1.89243
-1.89171
-1.89122
-1.89102
-1.89088
-1.89077
-1.89069
-1.89063
-1.89061
-1.8968
-1.89355
-1.89125
-1.89032
-1.89032
-1.89035
-1.89041
-1.89045
-1.89046
-1.89047
-1.86864
-1.89096
-1.89006
-1.88847
-1.88891
-1.88937
-1.8898
-1.89007
-1.89022
-1.8903
-1.7335
-1.86424
-1.88888
-1.88524
-1.88647
-1.88766
-1.88876
-1.88946
-1.88985
-1.89005
-1.7681
-1.82502
-1.88053
-1.87891
-1.8823
-1.88471
-1.88708
-1.88859
-1.88939
-1.88978
-1.28236
-1.87104
-1.88387
-1.87334
-1.8769
-1.88177
-1.88502
-1.88748
-1.88879
-1.88941
-1.81228
-1.86671
-1.8708
-1.86902
-1.87184
-1.87569
-1.88184
-1.88559
-1.8879
-1.88898
-1.78355
-1.83587
-1.84623
-1.85995
-1.86886
-1.87496
-1.88262
-1.88567
-1.88813
-1.88905
-1.82973
-1.848
-1.85231
-1.86158
-1.8738
-1.87696
-1.88229
-1.88543
-1.88763
-1.88854
-1.85637
-1.85937
-1.86763
-1.88537
-1.88631
-1.88288
-1.88485
-1.88634
-1.88743
-1.88796
-1.86512
-1.8683
-1.87492
-1.89067
-1.88421
-1.88439
-1.88535
-1.88637
-1.88699
-1.88733
-1.87166
-1.87393
-1.8787
-1.88375
-1.88421
-1.88444
-1.88532
-1.88599
-1.88643
-1.88668
-1.87716
-1.87789
-1.87992
-1.88236
-1.88338
-1.88428
-1.88501
-1.88558
-1.88595
-1.88616
-1.88054
-1.88064
-1.88158
-1.88265
-1.88351
-1.88421
-1.8848
-1.88527
-1.88559
-1.88577
-1.88228
-1.88208
-1.88243
-1.88302
-1.88364
-1.88421
-1.8847
-1.88509
-1.88536
-1.88551
-1.88322
-1.88299
-1.8831
-1.88341
-1.88383
-1.88427
-1.88467
-1.885
-1.88523
-1.88537
-1.88366
-1.88341
-1.88342
-1.88363
-1.88395
-1.88432
-1.88467
-1.88496
-1.88518
-1.8853
)
;
    }
}


// ************************************************************************* //
