/*--------------------------------*- C++ -*----------------------------------*\
| =========                 |                                                 |
| \\      /  F ield         | OpenFOAM: The Open Source CFD Toolbox           |
|  \\    /   O peration     | Version:  2312                                  |
|   \\  /    A nd           | Website:  www.openfoam.com                      |
|    \\/     M anipulation  |                                                 |
\*---------------------------------------------------------------------------*/
FoamFile
{
    version     2.0;
    format      ascii;
    arch        "LSB;label=32;scalar=64";
    class       volScalarField;
    location    "0.5";
    object      p;
}
// * * * * * * * * * * * * * * * * * * * * * * * * * * * * * * * * * * * * * //

dimensions      [1 -1 -2 0 0 0 0];

internalField   nonuniform List<scalar> 
8000
(
368.267
367.458
366.124
364.24
361.75
359.362
357.085
355.17
353.712
352.915
320.764
319.893
318.471
316.446
313.936
311.362
308.976
306.846
305.279
304.432
274.64
273.709
272.101
269.757
266.948
264.009
261.216
259.034
257.367
256.445
230.116
229.08
227.227
224.401
221.163
217.954
214.74
212.012
210.069
209.016
186.931
185.632
183.725
180.31
176.26
172.313
168.764
165.656
163.401
162.185
147.598
145.999
142.767
138.316
133.677
128.234
123.337
119.295
116.441
114.934
109.931
107.86
104.269
98.3957
91.3433
83.9071
77.1449
71.8148
68.23
66.3873
76.0009
72.9342
66.0811
59.1162
49.7117
39.6173
30.9352
25.5705
22.5711
21.1708
49.1158
45.0702
37.7127
26.9718
16.6477
8.06406
4.18495
2.45011
1.56458
1.22662
29.302
22.1837
14.1884
5.37769
0.424211
-0.193207
-0.180128
-0.167354
-0.185756
-0.189491
11.1573
7.15704
1.20835
-0.261323
-0.359324
-0.282264
-0.255429
-0.236357
-0.237675
-0.240956
8.57664
2.55889
-0.517349
-0.367773
-0.37827
-0.356353
-0.333237
-0.315396
-0.315851
-0.323801
13.7654
3.45902
-0.479722
-0.446192
-0.405522
-0.419769
-0.413509
-0.402109
-0.400812
-0.403875
-0.633589
-0.740386
-0.650011
-0.545638
-0.49141
-0.489425
-0.485131
-0.477488
-0.471508
-0.469507
-0.612111
-0.633715
-0.615721
-0.609578
-0.571887
-0.550042
-0.541598
-0.536715
-0.531617
-0.527976
-0.614278
-0.58492
-0.610454
-0.667285
-0.649048
-0.614317
-0.596533
-0.589216
-0.584883
-0.582264
-0.66618
-0.645318
-0.67192
-0.7242
-0.716916
-0.676485
-0.655208
-0.645277
-0.639824
-0.637124
-0.725458
-0.71369
-0.722308
-0.739633
-0.749868
-0.728873
-0.712746
-0.702529
-0.696415
-0.69372
-0.781983
-0.771479
-0.761425
-0.764016
-0.781854
-0.776255
-0.765095
-0.756955
-0.752042
-0.749841
-0.829588
-0.829624
-0.817942
-0.820453
-0.828745
-0.822039
-0.814516
-0.809073
-0.805687
-0.804313
367.377
366.642
365.264
363.291
360.876
358.354
355.937
353.901
352.396
351.568
319.815
318.967
317.548
315.434
312.88
310.166
307.63
305.482
303.873
303.004
273.633
272.705
271.144
268.705
265.762
262.782
259.978
257.644
255.91
254.955
228.996
227.889
226.182
223.292
219.958
216.53
213.321
210.601
208.61
207.526
185.69
184.652
182.594
179.378
175.483
171.347
167.478
164.304
162.006
160.761
145.811
144.215
141.276
137.178
132.58
127.373
122.536
118.486
115.597
114.046
107.767
106.057
102.483
97.4932
91.0694
83.5621
77.1152
72.1006
68.7192
66.936
72.8493
71.0105
66.2103
58.1879
48.6702
41.4589
34.6876
30.4077
28.2318
27.2374
44.9453
41.9352
35.6357
27.4996
19.8937
11.7585
7.09995
4.70003
3.49049
2.98555
22.0394
17.629
11.1235
5.65086
0.580856
-0.24197
-0.233117
-0.211462
-0.227043
-0.228028
6.64804
8.1943
3.84176
-0.530485
-0.418275
-0.31887
-0.287519
-0.271217
-0.273229
-0.275648
2.31923
-0.678672
-0.480931
-0.441627
-0.411682
-0.389557
-0.357897
-0.340711
-0.338809
-0.343202
2.97221
-0.340718
-0.499172
-0.469421
-0.448999
-0.448773
-0.434607
-0.42326
-0.421644
-0.420377
-0.785909
-0.75715
-0.569024
-0.534958
-0.51819
-0.511563
-0.500751
-0.48939
-0.482355
-0.477128
-0.660113
-0.616004
-0.570352
-0.579768
-0.571871
-0.563328
-0.558777
-0.552579
-0.542556
-0.535509
-0.627884
-0.630224
-0.610019
-0.633122
-0.634525
-0.622657
-0.609348
-0.603052
-0.595959
-0.589817
-0.682591
-0.722903
-0.689138
-0.706045
-0.707941
-0.690854
-0.666409
-0.65231
-0.644803
-0.640575
-0.743791
-0.780275
-0.761105
-0.762846
-0.769084
-0.745571
-0.719575
-0.70566
-0.69795
-0.694386
-0.800828
-0.810153
-0.814034
-0.80642
-0.809849
-0.786235
-0.767492
-0.757747
-0.752198
-0.749679
-0.846815
-0.851916
-0.857658
-0.844395
-0.832336
-0.821213
-0.814028
-0.808631
-0.805306
-0.804068
365.917
365.118
363.664
361.591
359.06
356.377
353.801
351.592
349.92
348.994
318.249
317.399
315.927
313.726
310.968
308.094
305.378
303.069
301.287
300.315
271.877
270.998
269.448
266.828
263.793
260.609
257.624
255.091
253.183
252.101
226.991
226.005
224.244
221.304
217.795
214.125
210.724
207.837
205.707
204.508
183.56
182.451
180.449
177.449
173.403
168.89
164.784
161.385
158.96
157.618
142.488
141.085
138.439
134.37
129.927
125.093
119.99
115.911
113.038
111.445
103.973
102.228
99.0433
94.2583
88.2468
81.4203
75.7579
70.9197
67.4531
65.5886
65.3114
65.8093
62.4781
56.4512
48.6269
41.0183
35.3283
31.2826
28.9244
27.9386
37.1946
35.5973
31.8634
25.3993
18.4539
11.8001
7.18983
4.52988
3.18641
2.6735
13.4075
11.4706
12.1352
7.20683
1.19131
-0.309808
-0.270992
-0.240756
-0.258848
-0.254995
1.33711
3.26693
0.685971
-0.351536
-0.385582
-0.356209
-0.330135
-0.3134
-0.313465
-0.31423
-0.489037
-0.432976
-0.455156
-0.429257
-0.432245
-0.401872
-0.37586
-0.357556
-0.353444
-0.357839
-0.411466
-0.453584
-0.468597
-0.453244
-0.457253
-0.450456
-0.433477
-0.421989
-0.418214
-0.418116
-0.629206
-0.57436
-0.518073
-0.517808
-0.521334
-0.508021
-0.489103
-0.477062
-0.475105
-0.472008
-0.592231
-0.580639
-0.563051
-0.569412
-0.572144
-0.562736
-0.547791
-0.535431
-0.531666
-0.527091
-0.615226
-0.634078
-0.62051
-0.618393
-0.623677
-0.618638
-0.603972
-0.593884
-0.587075
-0.58245
-0.692622
-0.7393
-0.7078
-0.6857
-0.688405
-0.679219
-0.660932
-0.648461
-0.640703
-0.636675
-0.756906
-0.821253
-0.797143
-0.758423
-0.75408
-0.738404
-0.714467
-0.702795
-0.695252
-0.69159
-0.814155
-0.857537
-0.853331
-0.815959
-0.80271
-0.785796
-0.765583
-0.756206
-0.750238
-0.747637
-0.857102
-0.874267
-0.881113
-0.84973
-0.832137
-0.823547
-0.813605
-0.807722
-0.804235
-0.803072
363.777
362.92
361.369
359.154
356.441
353.522
350.666
348.201
346.269
345.197
315.98
315.053
313.508
311.123
308.241
305.098
302.089
299.526
297.386
296.268
269.315
268.323
266.564
264.227
260.941
257.304
253.984
251.158
248.985
247.645
223.966
223.007
221.162
218.268
214.7
210.471
206.632
203.378
200.962
199.424
179.954
179.08
177.183
173.861
169.711
164.986
160.197
156.324
153.581
151.83
137.818
136.76
134.227
130.566
125.898
120.586
114.815
110.039
106.568
104.328
97.5875
96.8145
94.0415
89.6511
83.9972
77.4836
70.9891
65.4075
61.024
58.3744
57.8666
57.8218
56.4942
51.7679
45.0457
37.2263
31.0004
26.7993
24.1653
23.4217
26.8348
27.2564
25.3992
20.7103
15.0935
9.14528
5.49035
3.62198
2.49385
2.12921
5.22566
5.36983
6.66884
4.71477
0.940005
-0.351623
-0.288812
-0.247788
-0.255106
-0.258724
-0.266425
-0.461527
-0.351606
-0.35059
-0.435378
-0.401926
-0.358844
-0.338394
-0.346059
-0.344456
-0.338168
-0.352417
-0.420254
-0.4382
-0.466908
-0.419237
-0.386368
-0.366312
-0.36364
-0.372836
-0.376959
-0.36526
-0.434444
-0.45027
-0.45467
-0.441585
-0.425058
-0.412729
-0.408071
-0.415347
-0.491055
-0.483819
-0.502491
-0.516631
-0.512262
-0.49329
-0.477566
-0.468147
-0.464283
-0.465581
-0.55973
-0.558057
-0.561104
-0.570495
-0.564331
-0.548083
-0.535342
-0.528102
-0.524083
-0.521686
-0.599793
-0.616008
-0.619089
-0.618472
-0.615934
-0.605633
-0.593329
-0.583453
-0.578461
-0.575325
-0.679808
-0.70954
-0.703306
-0.681871
-0.677715
-0.667103
-0.651641
-0.640822
-0.633526
-0.629769
-0.749779
-0.790522
-0.791588
-0.761013
-0.745115
-0.72801
-0.708462
-0.697352
-0.689913
-0.686151
-0.811755
-0.840992
-0.856402
-0.830628
-0.802861
-0.780746
-0.762136
-0.75255
-0.746626
-0.744187
-0.854141
-0.867448
-0.887662
-0.8666
-0.840515
-0.824006
-0.812249
-0.80593
-0.802428
-0.801636
361.054
360.226
358.542
356.132
353.097
349.841
346.662
343.86
341.592
340.332
313.194
312.199
310.43
307.943
304.57
301.177
297.846
294.917
292.261
290.969
266.222
265.093
263.264
260.578
257.274
253.054
249.216
245.927
243.092
241.459
220.446
219.321
217.276
214.407
210.365
205.721
201.061
197.251
194.194
191.944
175.772
175.025
173.048
169.405
164.791
159.427
153.414
148.686
145.164
141.835
132.713
131.802
129.232
125.568
120.455
114.196
106.71
100.113
95.5297
91.3615
90.3488
90.2833
87.7037
83.745
78.1868
71.1071
63.395
56.3882
50.6691
45.5866
48.7186
48.2034
47.9245
44.8105
39.1303
32.3175
26.2338
21.5586
18.6642
18.4275
16.15
19.078
18.2443
15.0861
11.3404
6.8016
3.98168
2.46279
1.42538
1.11307
0.472107
0.541632
0.951902
0.784106
-0.128326
-0.335623
-0.28607
-0.267808
-0.308148
-0.353753
-0.384614
-0.386168
-0.394344
-0.43095
-0.475256
-0.413343
-0.360151
-0.34768
-0.371118
-0.367952
-0.393282
-0.399179
-0.431895
-0.467752
-0.46211
-0.416548
-0.38256
-0.365544
-0.373016
-0.383393
-0.387757
-0.421213
-0.444659
-0.457175
-0.45014
-0.42541
-0.405774
-0.393324
-0.387806
-0.407022
-0.474153
-0.493198
-0.502747
-0.510809
-0.496721
-0.474338
-0.456474
-0.44561
-0.441199
-0.453178
-0.545773
-0.55317
-0.556431
-0.560475
-0.54841
-0.531651
-0.518379
-0.509764
-0.504481
-0.509015
-0.598943
-0.611921
-0.613151
-0.611244
-0.602236
-0.590648
-0.57933
-0.570464
-0.564523
-0.562624
-0.671759
-0.690948
-0.691441
-0.6739
-0.665853
-0.652694
-0.640394
-0.630361
-0.622499
-0.617527
-0.737729
-0.759757
-0.762585
-0.744053
-0.733079
-0.714338
-0.700049
-0.689469
-0.681402
-0.676411
-0.795084
-0.807777
-0.816663
-0.805106
-0.789642
-0.76983
-0.756272
-0.746893
-0.740624
-0.737883
-0.842867
-0.849652
-0.857932
-0.850997
-0.831256
-0.817611
-0.808711
-0.802621
-0.799421
-0.799793
358.342
357.373
355.493
352.805
349.425
345.685
342.047
338.843
336.199
334.684
310.294
309.166
307.19
304.356
300.795
296.589
292.768
289.381
286.387
284.74
262.968
261.815
259.699
256.543
252.551
248.01
243.516
239.575
235.903
233.683
216.87
215.514
213.194
209.645
205.198
199.702
194.051
189.029
185.63
181.77
171.287
170.193
167.956
164.163
158.866
152.01
144.624
137.362
131.191
125.029
127.105
126.296
124.046
119.797
113.605
105.054
95.0544
85.1433
75.3536
69.6453
82.737
82.6174
80.8537
76.9786
70.8002
62.0719
51.1185
39.2675
28.0068
17.7134
38.5243
40.4551
40.3466
36.9264
32.2962
25.9686
18.8237
12.6093
8.48762
3.86069
7.57364
10.8117
11.2395
9.10801
6.91826
4.63419
2.31873
0.830808
-0.334177
0.123824
-0.200601
-0.225572
-0.247205
-0.259581
-0.244481
-0.266543
-0.266775
-0.336274
-0.470986
-0.467094
-0.310366
-0.320618
-0.354042
-0.399833
-0.410329
-0.381687
-0.329722
-0.327434
-0.393108
-0.336341
-0.380564
-0.390515
-0.403169
-0.424243
-0.427411
-0.404021
-0.364913
-0.335762
-0.354615
-0.360263
-0.421257
-0.440558
-0.444911
-0.448488
-0.435373
-0.408005
-0.380606
-0.35937
-0.346687
-0.38339
-0.480313
-0.499322
-0.49887
-0.498889
-0.482065
-0.453148
-0.428077
-0.415079
-0.404529
-0.437386
-0.538668
-0.54903
-0.550698
-0.549522
-0.537035
-0.51784
-0.500264
-0.486869
-0.482592
-0.499987
-0.597244
-0.605652
-0.606317
-0.601603
-0.59308
-0.579791
-0.566188
-0.554794
-0.548607
-0.55096
-0.662114
-0.673668
-0.672378
-0.664586
-0.654697
-0.642587
-0.630043
-0.618708
-0.610262
-0.605063
-0.72359
-0.734144
-0.736337
-0.727188
-0.715584
-0.702769
-0.691026
-0.680622
-0.67234
-0.666514
-0.779408
-0.786372
-0.78883
-0.783667
-0.769825
-0.759324
-0.748988
-0.740607
-0.734729
-0.732971
-0.829767
-0.833935
-0.834865
-0.830881
-0.81703
-0.811251
-0.803597
-0.799024
-0.797243
-0.80041
355.699
354.583
352.485
349.465
345.683
341.447
337.259
333.597
330.542
328.728
307.542
306.242
304.033
300.845
296.78
292.085
287.366
283.487
280.023
277.752
259.815
258.61
256.235
252.632
248.022
242.597
236.456
231.712
227.993
224.902
213.285
211.896
209.304
205.237
199.807
193.03
185.749
180.048
176.139
170.368
167.355
166.061
163.376
158.814
152.135
143.545
133.021
122.102
113.763
104.757
121.955
121.154
118.684
113.662
105.674
94.0381
77.5966
58.8985
46.3187
29.4555
75.8057
75.9714
74.7291
70.1765
62.6689
50.3012
32.1892
16.338
11.5036
8.92333
29.7233
33.5674
34.6411
30.8822
26.4104
18.9633
10.4419
4.61059
0.983803
2.38968
3.78021
6.38111
6.7407
5.52402
4.33782
2.57318
0.823334
-0.0172603
0.0600461
0.685187
-0.184852
-0.209817
-0.207986
-0.201492
-0.207552
-0.25108
-0.291466
-0.37792
-0.309763
0.0529769
-0.273012
-0.304899
-0.327846
-0.357846
-0.371664
-0.378942
-0.340123
-0.289018
-0.310963
-0.162918
-0.364463
-0.37828
-0.387615
-0.403619
-0.421323
-0.413686
-0.35829
-0.270465
-0.285659
-0.275244
-0.430243
-0.447655
-0.441327
-0.441156
-0.427516
-0.397481
-0.359409
-0.307928
-0.285173
-0.325869
-0.483815
-0.500854
-0.493529
-0.491687
-0.474545
-0.438425
-0.405589
-0.381302
-0.358533
-0.40515
-0.536224
-0.545637
-0.545345
-0.542129
-0.529863
-0.50553
-0.484515
-0.467292
-0.458647
-0.491852
-0.593396
-0.60034
-0.600672
-0.595035
-0.587431
-0.573034
-0.556268
-0.542217
-0.533458
-0.542023
-0.654236
-0.661343
-0.658768
-0.652458
-0.646245
-0.637273
-0.621403
-0.607995
-0.597417
-0.593488
-0.712532
-0.717092
-0.716362
-0.711337
-0.704181
-0.698075
-0.682792
-0.672066
-0.661923
-0.659374
-0.767479
-0.770435
-0.770695
-0.766857
-0.759526
-0.754264
-0.741755
-0.734074
-0.728147
-0.730025
-0.818836
-0.820346
-0.819923
-0.816659
-0.809997
-0.80715
-0.798739
-0.794786
-0.796091
-0.802133
353.439
352.107
349.805
346.451
342.247
337.531
332.863
328.825
325.491
323.637
305.06
303.666
301.222
297.663
293.166
287.893
282.636
278.18
274.309
271.964
257.26
255.784
253.156
249.118
243.863
237.57
231.05
225.734
220.878
216.707
210.197
208.721
205.832
201.19
195.035
186.261
178.457
173.252
164.721
156.608
163.871
162.449
159.372
154.061
146.207
134.724
121.557
108.093
89.3435
83.7857
117.649
116.773
114.154
108.08
97.9886
82.0688
56.6483
35.9334
18.2963
17.3572
70.2689
70.7959
69.7606
64.1937
54.6936
36.2282
12.9373
7.94601
1.60922
4.77209
24.2366
29.2371
30.7022
26.9371
21.9928
13.0631
4.77361
1.58121
1.3389
1.68437
2.19463
4.15681
4.27606
3.91427
2.9346
1.11235
0.443242
0.898329
0.878184
0.712666
-0.160576
-0.191064
-0.202455
-0.190688
-0.205541
-0.254283
-0.318978
-0.159783
0.0876762
0.0450022
-0.254022
-0.294513
-0.316318
-0.319956
-0.332757
-0.357479
-0.416916
-0.359989
-0.212647
-0.113677
-0.350374
-0.370625
-0.382288
-0.391305
-0.395276
-0.392658
-0.399659
-0.352217
-0.245483
-0.180359
-0.426396
-0.44449
-0.437106
-0.439267
-0.435182
-0.38028
-0.350122
-0.310621
-0.257966
-0.245562
-0.482863
-0.498479
-0.489419
-0.487302
-0.481662
-0.426303
-0.382692
-0.350735
-0.341807
-0.349293
-0.533957
-0.543542
-0.541499
-0.535651
-0.530798
-0.497729
-0.463323
-0.447598
-0.447012
-0.455491
-0.589589
-0.595467
-0.59554
-0.588009
-0.582839
-0.565738
-0.5565
-0.532787
-0.525071
-0.514805
-0.647798
-0.651943
-0.650504
-0.645421
-0.639098
-0.631135
-0.62576
-0.60317
-0.585385
-0.588713
-0.70492
-0.707104
-0.706668
-0.703918
-0.696813
-0.689313
-0.682236
-0.667761
-0.652706
-0.674188
-0.759378
-0.760666
-0.76089
-0.758818
-0.753559
-0.746644
-0.736644
-0.730503
-0.727009
-0.755425
-0.811361
-0.81173
-0.811331
-0.810207
-0.806629
-0.806702
-0.791983
-0.79257
-0.802123
-0.836804
351.621
350.239
347.688
343.973
339.296
334.1
329.006
324.599
320.999
319.069
303.148
301.681
298.976
294.932
289.694
283.847
278.139
273.287
268.9
266.39
255.211
253.646
250.709
246.161
240.124
232.51
224.958
219.484
212.632
209.541
207.889
206.287
203.076
197.753
190.192
180.462
172.764
165.313
147.799
145.425
161.262
159.686
156.239
150.117
140.437
125.652
112.142
90.0318
65.389
75.4385
114.552
113.557
110.686
103.261
90.0143
64.8208
32.631
13.3232
9.68846
27.2054
66.5728
67.2352
66.1079
59.145
46.4484
17.4603
7.16415
0.514476
18.4966
26.7594
21.4092
27.0245
28.5127
25.2113
19.403
9.07811
1.31438
1.10983
1.69958
2.69738
1.40227
3.15093
3.1941
3.07718
2.17495
0.756102
0.754458
1.04622
0.900789
0.971624
-0.181893
-0.211404
-0.219709
-0.219726
-0.19528
-0.140471
-0.0626735
0.121146
0.210641
0.134286
-0.253702
-0.295662
-0.318923
-0.319665
-0.307144
-0.305199
-0.367099
-0.317058
-0.197496
-0.137524
-0.341268
-0.363068
-0.37814
-0.379895
-0.376976
-0.377154
-0.410372
-0.393148
-0.275879
-0.192272
-0.420227
-0.433625
-0.431143
-0.428093
-0.417891
-0.400867
-0.379285
-0.349154
-0.283385
-0.275976
-0.480618
-0.491883
-0.481311
-0.476215
-0.465606
-0.444448
-0.411819
-0.376762
-0.352675
-0.37971
-0.532283
-0.541031
-0.532502
-0.526104
-0.516505
-0.49442
-0.479384
-0.455702
-0.448641
-0.467232
-0.586794
-0.591039
-0.585766
-0.579835
-0.571294
-0.551574
-0.546496
-0.53091
-0.525557
-0.529238
-0.643247
-0.644812
-0.641742
-0.636847
-0.629448
-0.61392
-0.605791
-0.597681
-0.593265
-0.60509
-0.6994
-0.699881
-0.697501
-0.694268
-0.690053
-0.675198
-0.660759
-0.661423
-0.66317
-0.692662
-0.7538
-0.75402
-0.752907
-0.75113
-0.750931
-0.734248
-0.720011
-0.722162
-0.732095
-0.767374
-0.806438
-0.806558
-0.805916
-0.804583
-0.809275
-0.790346
-0.780323
-0.781784
-0.795487
-0.833329
350.531
349.104
346.398
342.448
337.451
331.896
326.483
321.794
318.327
317.326
302.013
300.491
297.615
293.307
287.659
281.329
275.165
269.705
265.763
265.065
253.989
252.363
249.205
244.282
237.162
228.702
220.577
213.836
209.243
208.44
206.546
204.839
201.356
195.333
186.151
173.608
163.38
154.861
147.65
149.343
159.781
158.072
154.275
147.129
134.465
115.167
99.7049
85.5191
78.7905
93.8193
112.868
111.784
108.613
99.5359
81.5829
55.7327
24.3894
11.9416
24.4577
57.4337
64.6867
65.3354
64.0871
55.8992
37.6399
13.6755
5.9834
1.54803
34.06
45.8088
20.134
26.0675
27.732
24.9724
19.2628
3.8582
2.33319
1.60625
2.45318
5.06173
1.08205
2.83572
2.82858
2.76781
1.759
1.5239
1.65918
1.38911
1.04788
1.39965
-0.188135
-0.205591
-0.222349
-0.246474
-0.243314
-0.172453
0.198525
0.36849
0.366058
0.351995
-0.254263
-0.292372
-0.320304
-0.323156
-0.314083
-0.294166
-0.255927
-0.199433
-0.105527
0.036623
-0.336246
-0.357744
-0.375802
-0.377892
-0.370206
-0.353581
-0.316071
-0.28421
-0.24048
-0.0688771
-0.413101
-0.425399
-0.426708
-0.42135
-0.40626
-0.380925
-0.34536
-0.311309
-0.272283
-0.15315
-0.476969
-0.484083
-0.475886
-0.467775
-0.454293
-0.433434
-0.406245
-0.378492
-0.351323
-0.317087
-0.531877
-0.537818
-0.526258
-0.517204
-0.507607
-0.495214
-0.479926
-0.465146
-0.470142
-0.492431
-0.58582
-0.589122
-0.580758
-0.572972
-0.566541
-0.559885
-0.550352
-0.542424
-0.561141
-0.611773
-0.641121
-0.641736
-0.637119
-0.631296
-0.62703
-0.623806
-0.614529
-0.604773
-0.612613
-0.616057
-0.696154
-0.696272
-0.693434
-0.689383
-0.687852
-0.686741
-0.675817
-0.662063
-0.660447
-0.643475
-0.750488
-0.750325
-0.748832
-0.746197
-0.747255
-0.747106
-0.736519
-0.720019
-0.71875
-0.710727
-0.803477
-0.803266
-0.802533
-0.800537
-0.802686
-0.801725
-0.794405
-0.779014
-0.774268
-0.753708
350.277
348.813
346.043
342.009
336.852
331.093
325.378
320.186
316.697
315.153
301.763
300.206
297.268
292.867
287.015
280.449
274.014
268.19
263.769
262.237
253.744
252.08
248.868
243.915
236.383
227.803
219.159
211.905
206.275
204.841
206.314
204.572
201.004
194.849
185.496
172.501
161.708
151.681
143.356
145.334
159.575
157.842
154.001
146.844
134.616
116.31
98.9301
81.7425
69.9237
87.9713
112.69
111.6
108.41
99.2236
82.9
53.5227
19.369
7.6872
23.4417
48.5246
64.5801
65.2041
63.899
55.6038
37.0936
10.0297
4.99291
0.754728
15.3929
17.544
20.0967
26.1422
27.7673
25.0064
19.3016
2.73423
1.86376
1.62889
1.87268
2.52458
1.05006
2.80458
2.81785
2.76937
1.46611
1.00448
0.801889
1.26508
1.0532
1.19226
-0.188701
-0.212518
-0.229654
-0.269955
-0.359399
-0.482196
-0.155536
0.378921
0.46347
0.491701
-0.253217
-0.290364
-0.32566
-0.350599
-0.382315
-0.411028
-0.316515
-0.0797534
0.0642889
0.198037
-0.335294
-0.356514
-0.376289
-0.386632
-0.391422
-0.378512
-0.305165
-0.200023
-0.148193
-0.0903287
-0.411343
-0.426139
-0.428838
-0.424269
-0.405661
-0.371297
-0.319807
-0.270603
-0.277752
-0.168489
-0.475965
-0.483987
-0.477184
-0.468417
-0.44951
-0.420366
-0.388094
-0.374815
-0.395949
-0.311016
-0.532455
-0.53644
-0.525677
-0.515988
-0.502816
-0.488212
-0.475042
-0.476019
-0.501635
-0.564027
-0.586096
-0.588924
-0.579612
-0.572118
-0.563526
-0.558004
-0.552218
-0.551249
-0.564756
-0.580811
-0.640564
-0.641796
-0.636644
-0.631995
-0.625898
-0.624702
-0.619292
-0.610224
-0.603248
-0.561987
-0.695123
-0.695822
-0.692768
-0.690246
-0.686473
-0.687485
-0.679739
-0.664333
-0.651576
-0.57873
-0.749221
-0.749355
-0.747728
-0.746264
-0.745086
-0.74558
-0.737525
-0.719074
-0.7082
-0.631563
-0.802327
-0.802284
-0.801193
-0.800337
-0.800363
-0.799739
-0.793364
-0.778395
-0.776866
-0.744506
350.889
349.395
346.65
342.697
337.638
331.882
326.074
320.853
316.758
314.539
302.432
300.857
297.974
293.651
287.969
281.389
274.737
268.688
263.497
259.738
254.51
252.809
249.693
244.775
237.938
229.44
220.659
212.444
204.346
196.75
207.209
205.501
202.054
196.249
188.044
175.485
162.422
152.648
139.194
124.984
160.652
158.977
155.303
148.695
138.428
122.377
107.549
84.3759
63.5386
60.3247
114.03
112.953
109.95
102.321
89.3744
67.1619
32.045
6.14195
5.14143
18.5574
66.2589
66.8645
65.6093
58.5508
46.5042
19.8115
3.71363
2.85746
2.48236
3.65155
21.2911
27.1657
28.4443
24.8065
19.1437
8.07755
1.69344
2.0974
2.05446
2.39185
1.30132
3.16336
3.18986
2.80253
1.60347
-0.236403
-0.0826105
1.04083
1.10106
1.23796
-0.186303
-0.215046
-0.23407
-0.265196
-0.352796
-0.532593
-0.470251
0.0938227
0.33809
0.300861
-0.252375
-0.287509
-0.32697
-0.365089
-0.409812
-0.445745
-0.411608
-0.231583
-0.0260671
-0.0573543
-0.336269
-0.356061
-0.375134
-0.38618
-0.382634
-0.359721
-0.304608
-0.243488
-0.185726
-0.232176
-0.412247
-0.428322
-0.431341
-0.424957
-0.393653
-0.339896
-0.282874
-0.26229
-0.289473
-0.354008
-0.477657
-0.488796
-0.480411
-0.472009
-0.448406
-0.407189
-0.366289
-0.352372
-0.387698
-0.444953
-0.53438
-0.539812
-0.529712
-0.519525
-0.505423
-0.486786
-0.46545
-0.459759
-0.481128
-0.520496
-0.587051
-0.590878
-0.584649
-0.576792
-0.566725
-0.558194
-0.548409
-0.544235
-0.556959
-0.581765
-0.641125
-0.64376
-0.640593
-0.635456
-0.628594
-0.623994
-0.61879
-0.614653
-0.622942
-0.635589
-0.695871
-0.696916
-0.694699
-0.691758
-0.687923
-0.68499
-0.681119
-0.678272
-0.688693
-0.708757
-0.749882
-0.750096
-0.748586
-0.746726
-0.744479
-0.742618
-0.739498
-0.735266
-0.743127
-0.723107
-0.802882
-0.802669
-0.801443
-0.800173
-0.798644
-0.797003
-0.794993
-0.789617
-0.789129
-0.75099
352.289
350.828
348.322
344.537
339.764
334.32
328.644
323.555
319.557
317.744
303.972
302.405
299.695
295.663
290.453
284.375
277.918
271.929
266.902
264.043
256.042
254.564
251.632
247.097
240.933
233.465
225.017
216.352
208.633
203.375
209.128
207.536
204.323
199.022
191.648
181.978
169.426
155.64
143.973
128.357
162.936
161.383
157.998
152.077
143.211
130.595
114.826
97.6448
68.9783
44.0591
116.875
115.873
113.008
106.533
95.8865
79.7428
55.6007
24.9459
5.74062
1.5207
69.8063
70.2344
69.0012
63.104
53.0556
35.3868
11.71
2.39126
2.89618
3.11022
24.1627
29.3585
30.4488
26.3429
20.1814
10.8145
4.04383
1.91235
2.17366
3.00689
2.05643
4.23956
4.35769
3.62012
2.31441
0.427316
0.112388
0.655265
1.17201
1.57925
-0.171672
-0.20441
-0.227427
-0.23502
-0.288194
-0.368969
-0.317388
-0.0751004
0.348471
0.370614
-0.249432
-0.283961
-0.324509
-0.357804
-0.376247
-0.339449
-0.285641
-0.235059
-0.0916055
-0.0373756
-0.337712
-0.355355
-0.371353
-0.383477
-0.376984
-0.327026
-0.272661
-0.274631
-0.256365
-0.23569
-0.413118
-0.429456
-0.432152
-0.426722
-0.401006
-0.356703
-0.322759
-0.325317
-0.319535
-0.32711
-0.478967
-0.493062
-0.47983
-0.474774
-0.455521
-0.425468
-0.400666
-0.396639
-0.389296
-0.396925
-0.535897
-0.543607
-0.531436
-0.523996
-0.513797
-0.498397
-0.479105
-0.469891
-0.468984
-0.474921
-0.588809
-0.594651
-0.590654
-0.582792
-0.574111
-0.56363
-0.551515
-0.545329
-0.552786
-0.560377
-0.643462
-0.647561
-0.647331
-0.641641
-0.634288
-0.626947
-0.620498
-0.619398
-0.639325
-0.663258
-0.698761
-0.700514
-0.700641
-0.697599
-0.692093
-0.687501
-0.68452
-0.687054
-0.713161
-0.795367
-0.752566
-0.753089
-0.75239
-0.750598
-0.747601
-0.744887
-0.743637
-0.746534
-0.771202
-0.837885
-0.805048
-0.804789
-0.803565
-0.802615
-0.800965
-0.799375
-0.79881
-0.799809
-0.816546
-0.847771
354.22
352.969
350.607
347.153
342.782
337.802
332.599
328.042
324.148
322.79
306.033
304.631
302.144
298.471
293.757
288.277
282.287
276.968
272.829
270.885
258.373
257.06
254.384
250.283
244.834
238.478
230.733
223.664
217.885
216.096
211.959
210.437
207.519
202.868
196.394
188.521
177.965
166.596
158.587
154.233
166.197
164.767
161.772
156.635
149.113
138.91
125.174
107.287
91.3043
66.4749
121.025
120.086
117.348
111.812
103.208
90.603
73.7959
50.4989
26.837
20.7155
75.2618
75.2886
73.8126
68.7671
60.5861
47.7672
30.8797
12.6037
0.954312
4.60213
29.732
33.5565
34.2729
29.8123
24.5988
16.0508
8.59857
4.48926
1.58137
2.35013
3.72868
6.49917
6.89351
5.40561
3.70668
1.92362
0.48194
0.113626
0.258859
0.47649
-0.184183
-0.230992
-0.239982
-0.242831
-0.266568
-0.297986
-0.285714
-0.276669
-0.13685
0.0224227
-0.270359
-0.300767
-0.331073
-0.351131
-0.364717
-0.352054
-0.311492
-0.299777
-0.254711
-0.123883
-0.35005
-0.366381
-0.381101
-0.391701
-0.390903
-0.365199
-0.325785
-0.325972
-0.333354
-0.285978
-0.413071
-0.427645
-0.429916
-0.429184
-0.41369
-0.384215
-0.356981
-0.354517
-0.359461
-0.347008
-0.475772
-0.493258
-0.474748
-0.474942
-0.462933
-0.440872
-0.419964
-0.4123
-0.411532
-0.397188
-0.534747
-0.544437
-0.530224
-0.527748
-0.520785
-0.507829
-0.491591
-0.482936
-0.481806
-0.46683
-0.589162
-0.59699
-0.594802
-0.588058
-0.581859
-0.571856
-0.559142
-0.553295
-0.5566
-0.551026
-0.646246
-0.652668
-0.653148
-0.647231
-0.641819
-0.633788
-0.625492
-0.623061
-0.632622
-0.641416
-0.703791
-0.706832
-0.708
-0.704717
-0.699868
-0.693753
-0.688432
-0.68753
-0.699292
-0.711619
-0.757483
-0.758609
-0.759466
-0.757773
-0.754255
-0.749818
-0.74626
-0.745327
-0.753528
-0.759052
-0.809128
-0.808662
-0.808079
-0.807278
-0.805312
-0.802568
-0.800333
-0.798359
-0.803191
-0.803249
356.613
355.512
353.375
350.288
346.388
341.962
337.477
333.571
330.163
328.968
308.575
307.328
305.101
301.854
297.767
292.855
287.894
283.511
280.203
278.602
261.328
260.066
257.68
254.106
249.638
244.094
237.93
232.456
228.375
226.583
215.366
213.886
211.283
207.376
202.255
195.675
187.895
180.673
175.297
174.074
169.984
168.771
166.274
162.003
155.821
147.966
139.088
127.905
118.899
110.899
126.081
125.145
122.67
117.906
111.021
101.81
90.6574
77.7237
63.5835
46.21
82.1065
81.8403
79.677
75.5317
68.7591
59.2846
47.9957
36.38
25.5232
17.6467
38.5239
40.2948
39.9065
36.1641
30.9244
23.597
15.8723
10.7814
7.92608
8.16099
7.81381
10.9869
11.385
9.06041
6.60274
3.85279
1.70421
0.317126
-0.389272
-0.724343
-0.171
-0.234626
-0.250892
-0.280888
-0.292585
-0.311614
-0.292315
-0.342586
-0.399146
-0.475584
-0.316014
-0.328004
-0.347053
-0.380442
-0.390699
-0.371521
-0.334575
-0.323758
-0.339287
-0.319397
-0.383609
-0.391911
-0.398074
-0.407929
-0.410196
-0.383794
-0.347328
-0.340885
-0.362207
-0.35713
-0.409073
-0.416322
-0.423083
-0.430436
-0.423335
-0.401657
-0.378714
-0.37366
-0.387848
-0.378244
-0.47512
-0.477733
-0.467435
-0.477523
-0.471741
-0.45473
-0.438658
-0.432061
-0.433143
-0.4221
-0.536032
-0.54284
-0.528062
-0.533487
-0.529479
-0.518432
-0.504406
-0.497609
-0.494329
-0.483821
-0.59169
-0.602713
-0.602412
-0.596199
-0.589763
-0.581472
-0.568801
-0.563442
-0.561788
-0.554665
-0.652758
-0.664835
-0.667724
-0.658516
-0.652197
-0.643895
-0.631539
-0.628155
-0.630006
-0.629712
-0.713202
-0.720666
-0.725446
-0.717329
-0.7115
-0.702554
-0.692915
-0.689939
-0.693806
-0.700019
-0.766725
-0.768636
-0.772663
-0.770207
-0.764885
-0.757455
-0.749983
-0.747127
-0.749655
-0.753554
-0.816065
-0.814249
-0.814342
-0.813543
-0.811296
-0.807077
-0.803082
-0.800565
-0.802165
-0.802378
359.166
358.218
356.309
353.548
350.055
346.202
342.348
339.048
336.092
335.192
311.331
310.227
308.268
305.421
301.584
297.52
293.297
289.643
286.828
285.496
264.433
263.255
261.2
258.165
254.187
249.252
244.431
240.193
237.097
235.539
218.827
217.607
215.225
211.956
207.416
202.025
196.112
191.007
187.407
185.705
174.386
173.549
171.38
167.259
162.029
155.779
148.986
142.541
138.113
134.461
131.614
130.611
127.824
123.75
118.073
110.993
103.223
94.9401
88.2522
81.1316
89.6272
89.4473
86.6915
82.4436
76.4519
68.7216
60.4714
52.8149
46.8139
42.518
48.5547
48.0155
47.4882
44.1855
38.1529
30.7834
24.1492
19.3704
16.9261
16.0188
16.5303
19.1825
18.2216
14.871
11.2218
6.48264
3.41148
1.91869
0.683967
0.104597
0.669331
0.580062
1.00699
0.87986
0.019921
-0.32329
-0.292913
-0.290528
-0.340168
-0.361614
-0.410223
-0.400099
-0.38921
-0.420002
-0.442478
-0.393943
-0.347448
-0.337724
-0.345586
-0.357771
-0.419395
-0.407211
-0.421989
-0.448375
-0.453777
-0.396645
-0.358287
-0.342985
-0.352826
-0.36888
-0.380625
-0.395669
-0.415785
-0.436192
-0.438559
-0.414069
-0.395892
-0.388124
-0.395545
-0.396061
-0.485358
-0.473514
-0.464575
-0.482088
-0.482506
-0.466494
-0.453944
-0.447776
-0.44691
-0.443718
-0.550749
-0.555843
-0.532627
-0.538549
-0.539437
-0.529112
-0.517166
-0.511648
-0.509511
-0.503367
-0.606702
-0.62735
-0.615774
-0.604186
-0.600073
-0.592853
-0.579659
-0.574222
-0.571232
-0.566122
-0.666764
-0.69637
-0.698309
-0.675239
-0.664572
-0.656398
-0.64033
-0.634731
-0.632614
-0.630117
-0.727591
-0.749418
-0.755009
-0.739695
-0.728379
-0.714542
-0.699211
-0.692955
-0.691502
-0.691004
-0.7811
-0.784409
-0.796388
-0.790681
-0.779955
-0.766062
-0.754391
-0.748659
-0.747138
-0.746693
-0.82505
-0.819066
-0.82751
-0.82365
-0.818785
-0.811676
-0.80564
-0.801713
-0.800332
-0.798724
361.801
360.837
359.083
356.559
353.449
350.033
346.698
343.847
341.384
340.525
314.046
313.027
311.281
308.587
305.316
301.603
298.025
294.963
292.617
291.539
267.5
266.401
264.432
261.739
258.014
253.895
249.906
246.455
243.941
242.601
222.291
221.301
219.197
215.959
211.919
207.271
202.61
198.622
195.73
194.151
178.522
177.566
175.432
171.824
167.274
162.084
156.476
151.764
148.088
145.52
136.679
135.55
132.9
128.957
123.875
118.086
111.671
106.123
101.773
98.1692
96.7515
95.9732
93.1658
88.6095
82.6443
75.7754
68.7839
62.6521
57.636
54.3718
57.2874
57.6323
56.2798
51.4595
44.4639
36.4691
29.8169
25.8835
23.1331
22.0026
27.4818
27.4673
25.4309
20.7619
14.9979
9.53676
5.78445
3.61953
2.22521
1.74741
5.67679
5.43479
6.78468
4.98329
1.0929
-0.294618
-0.276861
-0.258689
-0.267953
-0.284023
-0.255776
-0.478172
-0.353152
-0.330386
-0.395461
-0.358018
-0.331367
-0.318313
-0.324226
-0.334577
-0.360388
-0.37189
-0.412004
-0.420746
-0.440348
-0.387913
-0.358566
-0.342732
-0.343304
-0.356187
-0.371462
-0.372941
-0.414652
-0.425132
-0.438127
-0.419538
-0.406889
-0.400163
-0.402407
-0.403895
-0.479335
-0.492399
-0.474614
-0.479213
-0.486677
-0.472146
-0.463452
-0.459274
-0.457107
-0.455177
-0.588654
-0.593327
-0.551578
-0.542585
-0.546303
-0.536817
-0.526845
-0.52295
-0.520161
-0.517533
-0.65075
-0.68384
-0.638461
-0.611725
-0.611559
-0.602067
-0.589161
-0.584231
-0.580785
-0.579027
-0.691753
-0.753574
-0.716455
-0.68517
-0.682229
-0.666492
-0.649571
-0.642269
-0.638579
-0.636229
-0.736395
-0.794898
-0.772397
-0.756757
-0.754645
-0.727663
-0.706057
-0.697074
-0.693003
-0.69144
-0.794696
-0.810649
-0.809532
-0.809348
-0.810939
-0.78169
-0.759946
-0.750849
-0.746999
-0.745544
-0.840124
-0.826497
-0.837238
-0.838721
-0.842637
-0.823327
-0.808317
-0.803027
-0.800221
-0.798584
363.886
363.001
361.369
359.031
356.174
353.109
350.162
347.627
345.607
344.723
316.285
315.347
313.701
311.247
308.15
304.867
301.739
299.069
297.069
296.061
270.023
269.055
267.302
264.367
261.107
257.519
254.077
251.137
248.992
247.9
225.295
224.185
222.225
219.15
215.263
211.244
207.368
204.048
201.636
200.407
182.126
180.949
178.785
175.505
171.297
166.386
161.826
157.978
155.147
153.527
141.221
139.868
137.152
133.032
128.205
122.918
117.618
113.161
109.874
107.834
102.871
101.396
98.2792
93.5289
87.3592
80.6765
74.5023
69.3764
65.6071
63.3792
65.2428
65.7072
62.3912
56.6835
48.2106
40.9044
35.2594
31.1091
28.7191
27.6916
37.7902
36.0153
32.0424
25.8391
18.7136
12.8466
8.18085
5.25322
3.67179
3.03248
14.102
11.5029
11.3888
7.67418
1.56002
-0.244144
-0.255038
-0.236959
-0.258773
-0.261134
1.97782
4.03851
0.9677
-0.3131
-0.338128
-0.305432
-0.302443
-0.29127
-0.295749
-0.299971
-0.57241
-0.424668
-0.445754
-0.419098
-0.425214
-0.383363
-0.357615
-0.343707
-0.339141
-0.344795
-0.363055
-0.469145
-0.452557
-0.428554
-0.436887
-0.425721
-0.411023
-0.40539
-0.403831
-0.404105
-0.642537
-0.592487
-0.49619
-0.483509
-0.489164
-0.475717
-0.468025
-0.467095
-0.460245
-0.457924
-0.677894
-0.647266
-0.564845
-0.551381
-0.553931
-0.541014
-0.533402
-0.532792
-0.527137
-0.524433
-0.662146
-0.695999
-0.638192
-0.622003
-0.62221
-0.605582
-0.595602
-0.592223
-0.588125
-0.585321
-0.672274
-0.729066
-0.700589
-0.690556
-0.691504
-0.670201
-0.655169
-0.648618
-0.643211
-0.640336
-0.697316
-0.771479
-0.758193
-0.758151
-0.759925
-0.730885
-0.711068
-0.701225
-0.695333
-0.692705
-0.764071
-0.810367
-0.802928
-0.82589
-0.816735
-0.782778
-0.763242
-0.753195
-0.74787
-0.745692
-0.838456
-0.843853
-0.845855
-0.871286
-0.854164
-0.827298
-0.812545
-0.804747
-0.800671
-0.798672
365.345
364.52
362.979
360.748
358.069
355.252
352.54
350.211
348.5
347.622
317.842
316.915
315.333
312.966
310.11
307.121
304.277
301.867
300.074
299.133
271.782
270.786
269.08
266.311
263.199
259.949
256.818
254.137
252.239
251.228
227.338
226.139
224.309
221.241
217.651
213.936
210.409
207.403
205.22
204.055
184.378
183.224
181.047
177.687
173.695
169.217
165.063
161.629
159.107
157.72
144.513
142.984
140.084
135.893
131.171
125.852
120.841
116.595
113.482
111.729
106.88
105.248
101.796
96.9073
90.5392
83.194
76.6326
71.4961
67.9359
65.9776
72.5386
70.7619
66.2025
58.5316
49.0909
42.0257
35.1058
30.7044
28.4786
27.4565
45.1172
42.411
36.3912
28.431
21.0578
12.8706
8.06071
5.46969
4.095
3.50639
22.2894
18.1653
12.0644
7.30317
0.829497
-0.203939
-0.216496
-0.202462
-0.221489
-0.226067
7.58499
10.5397
4.26586
-0.482987
-0.381724
-0.266067
-0.27563
-0.263915
-0.264503
-0.267341
0.954252
-0.753975
-0.477688
-0.421868
-0.428021
-0.396604
-0.363792
-0.343951
-0.330682
-0.330347
3.39277
-0.596898
-0.507208
-0.434694
-0.427712
-0.438988
-0.430904
-0.417921
-0.405838
-0.401481
-0.827472
-0.783507
-0.581169
-0.517568
-0.48394
-0.47763
-0.486622
-0.486696
-0.470906
-0.464731
-0.692241
-0.664913
-0.59969
-0.586212
-0.563503
-0.541265
-0.542388
-0.553532
-0.538958
-0.532006
-0.603066
-0.629317
-0.640518
-0.644868
-0.629453
-0.60933
-0.600363
-0.598867
-0.596657
-0.592666
-0.624377
-0.657181
-0.691748
-0.70171
-0.688149
-0.669687
-0.656562
-0.649685
-0.645683
-0.642931
-0.66868
-0.717065
-0.748382
-0.761925
-0.744706
-0.726379
-0.711638
-0.703053
-0.696397
-0.693538
-0.755329
-0.794085
-0.806311
-0.815383
-0.800348
-0.779137
-0.763692
-0.754461
-0.749027
-0.746408
-0.838283
-0.862213
-0.854516
-0.857345
-0.847236
-0.826234
-0.813455
-0.805685
-0.801292
-0.79906
366.229
365.332
363.88
361.635
359.018
356.359
353.809
351.63
349.998
349.136
318.799
317.847
316.278
313.999
311.234
308.39
305.723
303.513
301.717
300.771
272.808
271.811
270.057
267.482
264.393
261.218
258.179
255.722
253.935
252.943
228.509
227.425
225.426
222.398
218.952
215.384
211.994
209.083
206.998
205.875
185.684
184.344
182.249
178.765
174.736
170.528
166.641
163.335
160.927
159.621
146.213
144.673
141.607
137.119
132.306
126.99
122.021
117.868
114.882
113.267
109.032
107.07
103.671
98.0451
90.9987
83.7203
77.0401
71.7156
68.0812
66.1469
75.5562
72.624
65.7155
58.6313
50.313
40.5017
31.9344
26.5926
23.705
22.2409
48.821
45.2096
38.3707
28.2085
18.2871
9.01654
4.87655
3.0487
2.03071
1.58945
28.5166
22.6039
15.0009
5.79701
0.561877
-0.173737
-0.18721
-0.160542
-0.179189
-0.189157
12.7471
8.21422
3.47464
-0.271368
-0.355947
-0.266981
-0.262029
-0.2349
-0.236885
-0.241433
8.85013
0.823875
-0.596622
-0.394469
-0.409692
-0.373806
-0.353433
-0.330234
-0.313608
-0.311999
14.4522
3.40416
-0.418476
-0.424872
-0.384354
-0.415219
-0.419518
-0.411517
-0.395723
-0.3883
-0.660357
-0.847412
-0.683429
-0.517861
-0.463288
-0.464649
-0.471433
-0.474712
-0.466402
-0.45827
-0.6107
-0.683873
-0.653931
-0.595993
-0.55609
-0.533636
-0.531107
-0.532229
-0.528972
-0.523784
-0.591142
-0.603273
-0.644072
-0.643398
-0.619157
-0.602913
-0.592123
-0.588208
-0.584354
-0.581482
-0.633455
-0.645667
-0.670567
-0.687465
-0.675779
-0.664201
-0.653763
-0.644393
-0.639169
-0.635932
-0.699689
-0.708144
-0.718418
-0.738862
-0.732147
-0.720649
-0.709528
-0.701181
-0.694667
-0.691142
-0.769648
-0.77677
-0.791771
-0.80055
-0.787506
-0.773729
-0.762359
-0.754144
-0.748711
-0.745904
-0.835031
-0.843999
-0.855777
-0.852779
-0.836585
-0.822542
-0.812827
-0.805928
-0.80154
-0.799167
-0.873617
-0.880877
-0.879627
-0.881305
-0.87281
-0.867509
-0.863274
-0.859903
-0.857908
-0.857295
-0.91566
-0.919704
-0.925777
-0.922343
-0.916867
-0.91408
-0.911878
-0.910003
-0.908977
-0.908854
-0.959823
-0.957727
-0.959696
-0.962
-0.962643
-0.961772
-0.960496
-0.959505
-0.9591
-0.959258
-1.00646
-1.00585
-1.00606
-1.00824
-1.01021
-1.00983
-1.00899
-1.00859
-1.00859
-1.00887
-1.05476
-1.05513
-1.0548
-1.05682
-1.05808
-1.05764
-1.05739
-1.05754
-1.05783
-1.05817
-1.10389
-1.10452
-1.10452
-1.10542
-1.10581
-1.10597
-1.10634
-1.10679
-1.10721
-1.10755
-1.15427
-1.15443
-1.15428
-1.15453
-1.15496
-1.15556
-1.15615
-1.15665
-1.15707
-1.15737
-1.2054
-1.20534
-1.20511
-1.20527
-1.20574
-1.2063
-1.20681
-1.20723
-1.20757
-1.20782
-1.25718
-1.25711
-1.25695
-1.25708
-1.25741
-1.2578
-1.25817
-1.25847
-1.25873
-1.25895
-1.30935
-1.3093
-1.30923
-1.30931
-1.30952
-1.30978
-1.31005
-1.31028
-1.3105
-1.31073
-1.36175
-1.36172
-1.3617
-1.36176
-1.36191
-1.36211
-1.36232
-1.36254
-1.36277
-1.36305
-1.41431
-1.4143
-1.4143
-1.41435
-1.41447
-1.41464
-1.41485
-1.41509
-1.41538
-1.41573
-1.46698
-1.46698
-1.46699
-1.46704
-1.46713
-1.46728
-1.4675
-1.46778
-1.46814
-1.46857
-1.51976
-1.51976
-1.51976
-1.51978
-1.51984
-1.51996
-1.52015
-1.52043
-1.52082
-1.5213
-1.57263
-1.57263
-1.57261
-1.5726
-1.57261
-1.57265
-1.57276
-1.57297
-1.5733
-1.57376
-1.62562
-1.62561
-1.62557
-1.62552
-1.62546
-1.62541
-1.62539
-1.62544
-1.62561
-1.62597
-1.67875
-1.67873
-1.67868
-1.6786
-1.67849
-1.67835
-1.67819
-1.67804
-1.67797
-1.67816
-1.73201
-1.732
-1.73196
-1.7319
-1.73178
-1.73161
-1.73136
-1.73104
-1.73071
-1.73071
-1.78542
-1.78542
-1.78542
-1.78541
-1.78537
-1.78525
-1.78503
-1.78463
-1.78407
-1.78387
-1.83893
-1.83897
-1.83903
-1.83911
-1.83919
-1.83925
-1.83922
-1.83898
-1.83841
-1.83777
-0.882196
-0.892849
-0.895151
-0.872634
-0.862244
-0.863647
-0.861911
-0.859257
-0.857708
-0.857322
-0.915026
-0.921383
-0.918681
-0.906965
-0.911239
-0.912877
-0.911181
-0.909618
-0.908902
-0.909015
-0.955867
-0.954206
-0.954432
-0.956725
-0.963269
-0.962029
-0.960174
-0.95925
-0.959088
-0.959433
-1.00349
-0.999754
-1.00081
-1.00834
-1.01169
-1.01004
-1.00864
-1.00831
-1.00855
-1.00905
-1.05193
-1.05164
-1.05024
-1.05578
-1.0579
-1.05727
-1.05694
-1.05718
-1.05767
-1.05821
-1.10238
-1.10341
-1.10215
-1.10405
-1.10494
-1.1053
-1.10578
-1.10634
-1.1069
-1.1074
-1.15366
-1.15386
-1.15314
-1.15347
-1.15407
-1.15489
-1.15559
-1.15615
-1.15664
-1.15704
-1.20507
-1.20495
-1.20447
-1.20455
-1.20514
-1.20576
-1.2063
-1.20671
-1.20707
-1.20739
-1.25689
-1.2568
-1.25657
-1.25665
-1.25698
-1.25737
-1.25772
-1.25799
-1.25825
-1.25855
-1.30913
-1.30906
-1.30895
-1.30901
-1.3092
-1.30945
-1.30968
-1.30988
-1.31008
-1.31037
-1.36158
-1.36153
-1.36149
-1.36154
-1.36167
-1.36185
-1.36205
-1.36225
-1.36247
-1.36278
-1.41417
-1.41414
-1.41413
-1.41419
-1.4143
-1.41447
-1.41469
-1.41494
-1.41527
-1.41569
-1.46687
-1.46686
-1.46686
-1.4669
-1.467
-1.46717
-1.46742
-1.46775
-1.4682
-1.46876
-1.51965
-1.51964
-1.51964
-1.51966
-1.51973
-1.51986
-1.52009
-1.52044
-1.52095
-1.52161
-1.57252
-1.57251
-1.57248
-1.57247
-1.57247
-1.57251
-1.57265
-1.5729
-1.57333
-1.57399
-1.62551
-1.62548
-1.62543
-1.62537
-1.62528
-1.62519
-1.62515
-1.62518
-1.62536
-1.62588
-1.67863
-1.6786
-1.67853
-1.67843
-1.67827
-1.67805
-1.6778
-1.67754
-1.67734
-1.67765
-1.73189
-1.73187
-1.73182
-1.73172
-1.73156
-1.73129
-1.73091
-1.7304
-1.7298
-1.7299
-1.78531
-1.78531
-1.78531
-1.78528
-1.78521
-1.78504
-1.78471
-1.7841
-1.78304
-1.78309
-1.83884
-1.83888
-1.83895
-1.83906
-1.83918
-1.8393
-1.83938
-1.83924
-1.83841
-1.83741
-0.88897
-0.898536
-0.896749
-0.867066
-0.86403
-0.863734
-0.861411
-0.858794
-0.857435
-0.85748
-0.918536
-0.926351
-0.917399
-0.903617
-0.909012
-0.911323
-0.910765
-0.90952
-0.909156
-0.909741
-0.955226
-0.957383
-0.952571
-0.952738
-0.96072
-0.961566
-0.960362
-0.959408
-0.959609
-0.960446
-1.00051
-0.998995
-0.998347
-1.00535
-1.01076
-1.01076
-1.00909
-1.00841
-1.00896
-1.00987
-1.04765
-1.04702
-1.0453
-1.05274
-1.05752
-1.05756
-1.05675
-1.05686
-1.05765
-1.05852
-1.09911
-1.09976
-1.09718
-1.1003
-1.10349
-1.10412
-1.10482
-1.10559
-1.10639
-1.10708
-1.15185
-1.15191
-1.15072
-1.15117
-1.15192
-1.15317
-1.15441
-1.15517
-1.15574
-1.15619
-1.20391
-1.20346
-1.20256
-1.20255
-1.20333
-1.20446
-1.20525
-1.20567
-1.20596
-1.2061
-1.25617
-1.25594
-1.25532
-1.25545
-1.25595
-1.25648
-1.25685
-1.25701
-1.25712
-1.25733
-1.30871
-1.30857
-1.30833
-1.30837
-1.30858
-1.30883
-1.30899
-1.30904
-1.30908
-1.30929
-1.36131
-1.36123
-1.36113
-1.36115
-1.36128
-1.36144
-1.36157
-1.36166
-1.36178
-1.362
-1.41397
-1.41393
-1.41389
-1.41394
-1.41405
-1.41422
-1.41443
-1.41467
-1.41504
-1.41549
-1.46669
-1.46667
-1.46666
-1.46672
-1.46683
-1.46703
-1.46734
-1.46777
-1.46842
-1.46926
-1.51947
-1.51946
-1.51945
-1.51948
-1.51956
-1.51974
-1.52007
-1.52058
-1.5214
-1.52253
-1.57233
-1.57231
-1.57227
-1.57224
-1.57224
-1.57229
-1.57248
-1.57289
-1.57358
-1.57479
-1.62529
-1.62525
-1.62518
-1.62507
-1.62493
-1.62477
-1.62467
-1.62473
-1.62492
-1.6259
-1.67839
-1.67834
-1.67824
-1.67807
-1.6778
-1.67742
-1.67697
-1.6765
-1.67593
-1.67655
-1.73165
-1.73162
-1.73152
-1.73136
-1.73107
-1.73061
-1.72993
-1.72904
-1.72779
-1.72795
-1.78508
-1.78508
-1.78506
-1.78501
-1.78487
-1.78458
-1.78398
-1.78274
-1.78048
-1.78118
-1.83867
-1.83872
-1.83881
-1.83896
-1.83917
-1.83949
-1.83989
-1.84006
-1.83857
-1.83734
-0.888414
-0.895916
-0.898079
-0.88127
-0.871026
-0.865344
-0.861073
-0.858142
-0.857128
-0.857912
-0.923762
-0.926863
-0.914015
-0.909615
-0.910555
-0.911397
-0.910521
-0.909602
-0.910088
-0.911738
-0.961015
-0.963624
-0.951568
-0.954258
-0.959482
-0.961239
-0.960324
-0.95987
-0.961064
-0.963012
-1.00271
-1.00571
-1.00058
-1.00575
-1.01041
-1.01092
-1.00927
-1.00891
-1.01025
-1.01219
-1.04842
-1.04907
-1.04838
-1.05357
-1.05813
-1.05795
-1.05689
-1.05701
-1.05826
-1.05989
-1.09978
-1.09954
-1.09719
-1.09901
-1.10327
-1.10418
-1.10464
-1.1052
-1.1061
-1.10712
-1.15192
-1.151
-1.14971
-1.14975
-1.15126
-1.15286
-1.15384
-1.15428
-1.15473
-1.15526
-1.20359
-1.20295
-1.20183
-1.20182
-1.20286
-1.2039
-1.20443
-1.20451
-1.20461
-1.20498
-1.25589
-1.25561
-1.25493
-1.25503
-1.25546
-1.25583
-1.25595
-1.25577
-1.2556
-1.25546
-1.30846
-1.30829
-1.308
-1.30799
-1.30812
-1.30823
-1.30818
-1.30793
-1.30767
-1.30734
-1.36109
-1.36099
-1.36085
-1.36085
-1.36092
-1.36099
-1.36099
-1.36086
-1.36082
-1.36072
-1.41376
-1.41371
-1.41367
-1.4137
-1.41381
-1.41397
-1.41417
-1.41436
-1.41485
-1.41529
-1.46648
-1.46646
-1.46645
-1.46652
-1.46667
-1.46694
-1.46738
-1.46795
-1.46897
-1.47018
-1.51924
-1.51922
-1.51921
-1.51926
-1.5194
-1.51967
-1.52021
-1.52102
-1.52239
-1.5244
-1.57206
-1.57203
-1.57198
-1.57195
-1.57195
-1.57205
-1.57237
-1.57304
-1.57418
-1.57641
-1.62498
-1.62493
-1.62481
-1.62465
-1.62443
-1.62417
-1.62397
-1.62401
-1.62417
-1.62593
-1.67804
-1.67797
-1.6778
-1.67752
-1.67707
-1.67638
-1.67549
-1.67449
-1.67319
-1.67431
-1.73128
-1.73123
-1.73107
-1.73077
-1.73024
-1.72934
-1.72791
-1.72601
-1.72309
-1.72444
-1.78474
-1.78473
-1.78466
-1.78454
-1.78425
-1.78365
-1.78242
-1.78004
-1.77654
-1.77709
-1.83838
-1.83844
-1.83855
-1.83877
-1.83916
-1.83993
-1.84138
-1.84352
-1.84512
-1.83974
-0.88583
-0.888308
-0.88489
-0.880259
-0.866964
-0.862959
-0.85946
-0.857003
-0.856975
-0.859685
-0.925794
-0.926008
-0.914931
-0.91214
-0.908697
-0.910784
-0.910118
-0.909914
-0.91212
-0.915588
-0.965042
-0.966732
-0.956878
-0.957234
-0.959433
-0.96098
-0.960372
-0.960883
-0.963869
-0.967029
-1.00673
-1.00919
-1.00434
-1.00751
-1.01169
-1.01061
-1.00942
-1.00983
-1.01272
-1.01542
-1.05269
-1.05341
-1.05185
-1.0549
-1.05892
-1.05776
-1.057
-1.0574
-1.0595
-1.06122
-1.10212
-1.10097
-1.09976
-1.10111
-1.10375
-1.10429
-1.10459
-1.10479
-1.10579
-1.1062
-1.15239
-1.15125
-1.15021
-1.15026
-1.15178
-1.15293
-1.15335
-1.1531
-1.15321
-1.15253
-1.20375
-1.20316
-1.20213
-1.20224
-1.20302
-1.20355
-1.20349
-1.20282
-1.20252
-1.20151
-1.25593
-1.25563
-1.25505
-1.25504
-1.2552
-1.25519
-1.25477
-1.25394
-1.25352
-1.25269
-1.30838
-1.3082
-1.3079
-1.3078
-1.30774
-1.30754
-1.30704
-1.30627
-1.30596
-1.30521
-1.36095
-1.36084
-1.36069
-1.36063
-1.3606
-1.36047
-1.36019
-1.35974
-1.36013
-1.36044
-1.41358
-1.41353
-1.41348
-1.41351
-1.4136
-1.41372
-1.41392
-1.41407
-1.41541
-1.41698
-1.46625
-1.46623
-1.46624
-1.46633
-1.46656
-1.46695
-1.46769
-1.46866
-1.47093
-1.47388
-1.51896
-1.51895
-1.51895
-1.51904
-1.51929
-1.51977
-1.52082
-1.52238
-1.52548
-1.53001
-1.57172
-1.5717
-1.57164
-1.5716
-1.57166
-1.57189
-1.57261
-1.57422
-1.57673
-1.58151
-1.62457
-1.62451
-1.62435
-1.62411
-1.6238
-1.62338
-1.62324
-1.62386
-1.6244
-1.62729
-1.67757
-1.67748
-1.67722
-1.67677
-1.67601
-1.67473
-1.67341
-1.67191
-1.67001
-1.66988
-1.73079
-1.7307
-1.73042
-1.7299
-1.72891
-1.72722
-1.72448
-1.71929
-1.71628
-1.71359
-1.78426
-1.78422
-1.78406
-1.78379
-1.78315
-1.7821
-1.7799
-1.7725
-1.76689
-1.76123
-1.83796
-1.83802
-1.83813
-1.83845
-1.83911
-1.84105
-1.84508
-1.8502
-1.84407
-1.83502
-0.876115
-0.877732
-0.873977
-0.870327
-0.86126
-0.860977
-0.857039
-0.856124
-0.858985
-0.866638
-0.920258
-0.920832
-0.914191
-0.911166
-0.909216
-0.91056
-0.909761
-0.911156
-0.918114
-0.928752
-0.964023
-0.965821
-0.959757
-0.958986
-0.960644
-0.960483
-0.960741
-0.962812
-0.970804
-0.980613
-1.00863
-1.00997
-1.00848
-1.00913
-1.01072
-1.00957
-1.00984
-1.01158
-1.01863
-1.02813
-1.05513
-1.05484
-1.05486
-1.05616
-1.05742
-1.05695
-1.05747
-1.05841
-1.06318
-1.07063
-1.1032
-1.10208
-1.10165
-1.10236
-1.10373
-1.1043
-1.10477
-1.10464
-1.1072
-1.11174
-1.15301
-1.1522
-1.15123
-1.15156
-1.15253
-1.15302
-1.1529
-1.15186
-1.15303
-1.15538
-1.20425
-1.20378
-1.20301
-1.20305
-1.20329
-1.20315
-1.20243
-1.20091
-1.20165
-1.20313
-1.25617
-1.25588
-1.25539
-1.25522
-1.25501
-1.25446
-1.25348
-1.25174
-1.25249
-1.25329
-1.30843
-1.30824
-1.30794
-1.30773
-1.30741
-1.30679
-1.30572
-1.30432
-1.30489
-1.30471
-1.36087
-1.36076
-1.3606
-1.36049
-1.36033
-1.35997
-1.3593
-1.3583
-1.35938
-1.36005
-1.41342
-1.41336
-1.41331
-1.41335
-1.41349
-1.41367
-1.41377
-1.41355
-1.41582
-1.41919
-1.46601
-1.46599
-1.46601
-1.46616
-1.46658
-1.46733
-1.46841
-1.46977
-1.4739
-1.47942
-1.51865
-1.51864
-1.51866
-1.51881
-1.5193
-1.52029
-1.522
-1.52503
-1.53177
-1.54161
-1.57133
-1.5713
-1.57125
-1.57123
-1.57149
-1.57211
-1.57361
-1.57659
-1.58233
-1.59159
-1.6241
-1.62401
-1.62381
-1.6235
-1.62324
-1.6229
-1.62314
-1.62437
-1.62626
-1.62964
-1.67702
-1.67688
-1.67653
-1.6759
-1.67499
-1.67348
-1.67151
-1.67016
-1.66748
-1.66182
-1.73017
-1.73002
-1.72961
-1.72888
-1.72762
-1.72472
-1.71918
-1.71497
-1.70552
-1.6898
-1.78362
-1.78353
-1.78326
-1.78287
-1.78203
-1.7802
-1.77775
-1.76855
-1.76099
-1.73992
-1.83737
-1.8374
-1.83749
-1.83795
-1.83938
-1.84206
-1.85166
-1.84967
-1.81195
-1.80258
-0.867289
-0.867889
-0.866072
-0.863256
-0.859846
-0.858813
-0.855248
-0.854644
-0.863705
-0.876006
-0.914137
-0.914854
-0.912409
-0.910421
-0.909622
-0.909749
-0.909663
-0.912154
-0.927359
-0.94343
-0.960778
-0.961573
-0.960303
-0.959376
-0.959434
-0.959598
-0.960956
-0.964887
-0.983172
-1.00619
-1.00756
-1.00781
-1.0078
-1.00793
-1.00827
-1.00853
-1.01033
-1.01415
-1.03112
-1.05699
-1.05497
-1.05445
-1.05453
-1.05507
-1.05575
-1.05633
-1.05821
-1.06071
-1.07287
-1.09563
-1.10362
-1.10292
-1.10248
-1.10294
-1.1037
-1.10422
-1.10509
-1.10541
-1.11247
-1.12916
-1.15368
-1.15317
-1.1525
-1.15264
-1.15289
-1.15283
-1.15229
-1.15063
-1.15389
-1.16322
-1.20476
-1.20439
-1.2038
-1.20361
-1.20323
-1.20246
-1.20088
-1.19811
-1.20003
-1.20429
-1.25644
-1.25618
-1.25572
-1.25536
-1.25466
-1.25346
-1.25141
-1.24809
-1.2492
-1.24978
-1.30853
-1.30834
-1.30803
-1.30772
-1.30703
-1.30582
-1.30379
-1.30052
-1.3009
-1.29908
-1.36085
-1.36075
-1.36059
-1.36047
-1.36008
-1.35925
-1.35782
-1.35528
-1.3559
-1.36972
-1.41328
-1.41324
-1.41322
-1.41326
-1.41334
-1.41337
-1.41319
-1.41221
-1.41405
-1.43758
-1.46578
-1.46578
-1.46584
-1.46599
-1.4665
-1.46744
-1.46898
-1.47194
-1.4767
-1.50465
-1.51832
-1.51832
-1.51839
-1.51857
-1.51925
-1.52051
-1.52321
-1.52969
-1.54159
-1.56513
-1.5709
-1.57087
-1.57083
-1.57082
-1.57118
-1.57179
-1.57393
-1.58139
-1.59148
-1.60713
-1.62356
-1.62344
-1.62317
-1.62264
-1.62212
-1.6205
-1.62129
-1.62794
-1.63009
-1.63242
-1.67637
-1.67615
-1.67559
-1.67445
-1.67244
-1.66734
-1.66864
-1.6746
-1.66676
-1.65536
-1.72942
-1.72916
-1.72839
-1.72681
-1.72337
-1.71526
-1.71482
-1.72441
-1.70518
-1.68158
-1.78281
-1.78259
-1.78192
-1.78051
-1.77854
-1.77106
-1.76831
-1.77529
-1.75104
-1.72117
-1.83657
-1.83649
-1.83627
-1.83627
-1.83824
-1.84457
-1.8466
-1.82492
-1.8104
-1.77243
-0.861379
-0.861385
-0.860631
-0.859647
-0.857828
-0.858714
-0.848569
-0.854078
-0.871447
-0.913258
-0.910111
-0.910023
-0.909319
-0.90871
-0.908252
-0.909856
-0.907417
-0.91509
-0.937645
-0.977565
-0.9582
-0.958068
-0.957769
-0.957564
-0.957737
-0.958701
-0.961695
-0.968972
-0.991962
-1.04375
-1.00622
-1.0059
-1.00585
-1.00598
-1.00643
-1.00697
-1.01079
-1.01935
-1.04097
-1.09154
-1.05466
-1.05417
-1.05398
-1.05421
-1.05482
-1.05544
-1.05928
-1.06557
-1.08062
-1.10787
-1.10401
-1.10347
-1.10307
-1.10319
-1.1035
-1.10399
-1.10547
-1.1068
-1.11331
-1.12571
-1.15417
-1.15376
-1.15321
-1.153
-1.15258
-1.15234
-1.15112
-1.14829
-1.14754
-1.15268
-1.20511
-1.20477
-1.20416
-1.20364
-1.20259
-1.2013
-1.19838
-1.19315
-1.18978
-1.19532
-1.25663
-1.25634
-1.25581
-1.25516
-1.25396
-1.25213
-1.24837
-1.24226
-1.23919
-1.25064
-1.30855
-1.30834
-1.308
-1.30749
-1.30654
-1.30477
-1.30086
-1.29466
-1.29444
-1.30183
-1.3607
-1.36058
-1.36044
-1.36025
-1.36004
-1.35915
-1.35542
-1.34964
-1.34942
-1.35732
-1.41296
-1.4129
-1.4129
-1.41307
-1.41392
-1.41485
-1.41246
-1.4072
-1.40319
-1.41279
-1.46531
-1.46529
-1.46537
-1.46577
-1.46741
-1.47053
-1.47117
-1.47089
-1.47322
-1.49651
-1.51778
-1.51775
-1.51782
-1.51825
-1.51999
-1.52366
-1.52824
-1.53664
-1.5523
-1.59607
-1.57035
-1.57028
-1.57028
-1.57039
-1.5716
-1.57413
-1.57969
-1.59102
-1.60706
-1.63601
-1.62298
-1.62283
-1.6226
-1.62223
-1.62229
-1.62226
-1.62477
-1.63452
-1.63591
-1.63511
-1.67571
-1.67546
-1.67491
-1.67391
-1.67264
-1.66928
-1.66812
-1.67574
-1.66254
-1.62045
-1.72867
-1.72835
-1.72756
-1.72612
-1.72414
-1.71788
-1.71648
-1.72663
-1.70203
-1.64775
-1.78198
-1.78166
-1.78089
-1.77952
-1.77801
-1.77362
-1.77065
-1.79161
-1.76431
-1.72115
-1.83568
-1.83545
-1.835
-1.83447
-1.83529
-1.83803
-1.84503
-1.85977
-1.84262
-1.84703
-0.857466
-0.857361
-0.857033
-0.856003
-0.861625
-0.845438
-0.841335
-0.841379
-0.854688
-0.88486
-0.907361
-0.907171
-0.906917
-0.906676
-0.910176
-0.895118
-0.90877
-0.900964
-0.912778
-0.935613
-0.956533
-0.956281
-0.95607
-0.956357
-0.957872
-0.950841
-0.960264
-0.964778
-0.972826
-0.990855
-1.00545
-1.00512
-1.00494
-1.00523
-1.00584
-1.00521
-1.01179
-1.02446
-1.04307
-1.08808
-1.05457
-1.05418
-1.05392
-1.05408
-1.05449
-1.05087
-1.06045
-1.07498
-1.09359
-1.12609
-1.10421
-1.10383
-1.10343
-1.10346
-1.10354
-1.09704
-1.10481
-1.1096
-1.11481
-1.11431
-1.15446
-1.15411
-1.15353
-1.15326
-1.15244
-1.14795
-1.14737
-1.1432
-1.13411
-1.11307
-1.20535
-1.20501
-1.20434
-1.20369
-1.20208
-1.19878
-1.18962
-1.18078
-1.16403
-1.13756
-1.25681
-1.25653
-1.25599
-1.25532
-1.25381
-1.24964
-1.2381
-1.22556
-1.20758
-1.18379
-1.30871
-1.30858
-1.3084
-1.30834
-1.30765
-1.30517
-1.29164
-1.27449
-1.26292
-1.24699
-1.36086
-1.3609
-1.36104
-1.36208
-1.36254
-1.36127
-1.34798
-1.32723
-1.31037
-1.29709
-1.41307
-1.41315
-1.41327
-1.41437
-1.4168
-1.41721
-1.40908
-1.39293
-1.35664
-1.33722
-1.46534
-1.46535
-1.46537
-1.46593
-1.46871
-1.4708
-1.47204
-1.46896
-1.45392
-1.48956
-1.51768
-1.51768
-1.51771
-1.51799
-1.51999
-1.52379
-1.53149
-1.54872
-1.54322
-1.59687
-1.5701
-1.57007
-1.57015
-1.57046
-1.5717
-1.5752
-1.58368
-1.60273
-1.58971
-1.60424
-1.62256
-1.62246
-1.62234
-1.62231
-1.62278
-1.62428
-1.6283
-1.63907
-1.60403
-1.64072
-1.67515
-1.67492
-1.67446
-1.67375
-1.67295
-1.67155
-1.6707
-1.6725
-1.65612
-1.63472
-1.72797
-1.72762
-1.72685
-1.72555
-1.72362
-1.72028
-1.71722
-1.7127
-1.7031
-1.63551
-1.78115
-1.78074
-1.77986
-1.77838
-1.77635
-1.77399
-1.77411
-1.76754
-1.76565
-1.72192
-1.83475
-1.83437
-1.83363
-1.83254
-1.83162
-1.83244
-1.8379
-1.83714
-1.85699
-1.9192
-0.855136
-0.854903
-0.854257
-0.853362
-0.853147
-0.851876
-0.849908
-0.839307
-0.827459
-0.794766
-0.905705
-0.905448
-0.904929
-0.904328
-0.90261
-0.901251
-0.904159
-0.898628
-0.867211
-0.828951
-0.955531
-0.955228
-0.954866
-0.954229
-0.953611
-0.950885
-0.960177
-0.961988
-0.934795
-0.932503
-1.00499
-1.00463
-1.00436
-1.00389
-1.00354
-1.00204
-1.01842
-1.03349
-1.03669
-1.07785
-1.05447
-1.0541
-1.05368
-1.05357
-1.05187
-1.05206
-1.07318
-1.09203
-1.10478
-1.05645
-1.10428
-1.10389
-1.10327
-1.10314
-1.10057
-1.09694
-1.11588
-1.12223
-1.12662
-1.12178
-1.15454
-1.15412
-1.15313
-1.15228
-1.14769
-1.144
-1.15441
-1.14809
-1.13406
-1.12268
-1.20536
-1.20492
-1.20384
-1.20199
-1.19517
-1.19534
-1.19388
-1.17816
-1.15702
-1.10979
-1.25674
-1.25637
-1.25571
-1.25378
-1.2476
-1.24889
-1.23842
-1.21781
-1.20122
-1.10674
-1.3085
-1.30831
-1.30849
-1.3075
-1.30614
-1.30289
-1.29002
-1.26723
-1.24551
-1.17239
-1.36036
-1.36037
-1.36086
-1.36125
-1.36202
-1.35907
-1.34841
-1.32753
-1.29484
-1.35873
-1.41217
-1.41213
-1.41214
-1.41327
-1.41736
-1.4166
-1.41357
-1.39458
-1.33339
-1.35652
-1.46419
-1.46402
-1.46346
-1.46367
-1.47003
-1.47559
-1.47829
-1.46564
-1.43537
-1.36463
-1.51656
-1.51631
-1.51582
-1.5153
-1.52051
-1.53221
-1.5482
-1.5687
-1.57351
-1.66454
-1.56917
-1.56895
-1.56871
-1.56877
-1.57067
-1.58289
-1.60788
-1.64444
-1.68953
-1.69677
-1.62181
-1.62161
-1.62145
-1.62137
-1.62219
-1.62876
-1.64893
-1.674
-1.70326
-1.67733
-1.67445
-1.67416
-1.67374
-1.67301
-1.67302
-1.67304
-1.68025
-1.68472
-1.67938
-1.64942
-1.72723
-1.72682
-1.72601
-1.72467
-1.72302
-1.71964
-1.71767
-1.71082
-1.68903
-1.6272
-1.78033
-1.77982
-1.77878
-1.77703
-1.77439
-1.77017
-1.76555
-1.75684
-1.74121
-1.66469
-1.83386
-1.83333
-1.8323
-1.83059
-1.82804
-1.82469
-1.82251
-1.81835
-1.82475
-1.77327
-0.854229
-0.853974
-0.853137
-0.852622
-0.852973
-0.852729
-0.849481
-0.842458
-0.8443
-0.869185
-0.905093
-0.904811
-0.904237
-0.904065
-0.904724
-0.906781
-0.907968
-0.907641
-0.907247
-0.963879
-0.955208
-0.954907
-0.95461
-0.954712
-0.955876
-0.960508
-0.968103
-0.976153
-0.978691
-1.02481
-1.0049
-1.00456
-1.00448
-1.0048
-1.0064
-1.01249
-1.02549
-1.04211
-1.06104
-1.15793
-1.05452
-1.05418
-1.05411
-1.0546
-1.05619
-1.06361
-1.07522
-1.08955
-1.11253
-1.18846
-1.10437
-1.10402
-1.10378
-1.10405
-1.10481
-1.1079
-1.11463
-1.1177
-1.12148
-1.13461
-1.15463
-1.15424
-1.15371
-1.15329
-1.15251
-1.15339
-1.14946
-1.14185
-1.12704
-1.10008
-1.20542
-1.20501
-1.2043
-1.20325
-1.20135
-1.19937
-1.1886
-1.17356
-1.14137
-1.07287
-1.25676
-1.25641
-1.25584
-1.25475
-1.25245
-1.24879
-1.23649
-1.21597
-1.18416
-1.0701
-1.30854
-1.30833
-1.30819
-1.30775
-1.30611
-1.30109
-1.29017
-1.2675
-1.22733
-1.11887
-1.36053
-1.36045
-1.36076
-1.36126
-1.36158
-1.35779
-1.35039
-1.33479
-1.29945
-1.3403
-1.41254
-1.41256
-1.41295
-1.41394
-1.41677
-1.41643
-1.41536
-1.41275
-1.36081
-0.609426
-1.46465
-1.46467
-1.46493
-1.46572
-1.47004
-1.47471
-1.48059
-1.49506
-1.52068
-1.03423
-1.51692
-1.51694
-1.51712
-1.51789
-1.52158
-1.53118
-1.54605
-1.57302
-1.67597
-1.78438
-1.56928
-1.5693
-1.56944
-1.57027
-1.57252
-1.58115
-1.59594
-1.62547
-1.69273
-1.72158
-1.62166
-1.62158
-1.62155
-1.62184
-1.62315
-1.62716
-1.63574
-1.65114
-1.67538
-1.68272
-1.6741
-1.67386
-1.67346
-1.67293
-1.67261
-1.67202
-1.6722
-1.67187
-1.67007
-1.65856
-1.72672
-1.7263
-1.72548
-1.72415
-1.7221
-1.71843
-1.71298
-1.70401
-1.68859
-1.65556
-1.77968
-1.77913
-1.77801
-1.77615
-1.77305
-1.76789
-1.76038
-1.74837
-1.72834
-1.67245
-1.83311
-1.8325
-1.83132
-1.82932
-1.82604
-1.82092
-1.81397
-1.80208
-1.78792
-1.70699
-0.854641
-0.85431
-0.853236
-0.852301
-0.851292
-0.850175
-0.849616
-0.845519
-0.837088
-0.807072
-0.905453
-0.905132
-0.90434
-0.903824
-0.903415
-0.903383
-0.905156
-0.905542
-0.904069
-0.923262
-0.955556
-0.95522
-0.95472
-0.954522
-0.954778
-0.955911
-0.960302
-0.967514
-0.980146
-1.02864
-1.00519
-1.00479
-1.00451
-1.00453
-1.00513
-1.0071
-1.01297
-1.02496
-1.04671
-1.09756
-1.05468
-1.05426
-1.054
-1.05402
-1.05454
-1.05672
-1.06175
-1.07231
-1.09067
-1.12568
-1.10441
-1.10396
-1.10356
-1.1033
-1.10312
-1.10401
-1.10612
-1.11016
-1.11729
-1.13283
-1.15456
-1.15409
-1.15348
-1.15273
-1.15151
-1.15053
-1.14916
-1.1455
-1.1403
-1.13607
-1.20526
-1.2048
-1.20405
-1.20288
-1.20088
-1.19809
-1.19339
-1.18347
-1.16943
-1.15198
-1.2565
-1.2561
-1.25541
-1.25418
-1.25202
-1.24821
-1.24146
-1.22937
-1.21131
-1.16879
-1.3082
-1.30789
-1.30749
-1.3067
-1.30525
-1.30164
-1.29507
-1.28461
-1.26796
-1.2203
-1.36017
-1.36003
-1.35996
-1.35994
-1.36007
-1.35821
-1.35409
-1.34908
-1.33871
-1.37899
-1.41227
-1.41224
-1.41239
-1.413
-1.41503
-1.41622
-1.41539
-1.41683
-1.40054
-1.45902
-1.46444
-1.46447
-1.46469
-1.46553
-1.46855
-1.47282
-1.4763
-1.48183
-1.48136
-1.51901
-1.5167
-1.51674
-1.51697
-1.51782
-1.52059
-1.52672
-1.5349
-1.54661
-1.56981
-1.63084
-1.569
-1.569
-1.56916
-1.56979
-1.57172
-1.57658
-1.5846
-1.59853
-1.62291
-1.66908
-1.62132
-1.62121
-1.62114
-1.62121
-1.62203
-1.6239
-1.62785
-1.63513
-1.64628
-1.66556
-1.6737
-1.67344
-1.67297
-1.6723
-1.67161
-1.67044
-1.66919
-1.66813
-1.66733
-1.67005
-1.72627
-1.72584
-1.72497
-1.72356
-1.72143
-1.71783
-1.71249
-1.70552
-1.69625
-1.68496
-1.77916
-1.77861
-1.77746
-1.77553
-1.77243
-1.7674
-1.75999
-1.7501
-1.73623
-1.71335
-1.8325
-1.83191
-1.83066
-1.82856
-1.82518
-1.81985
-1.81223
-1.80172
-1.78676
-1.75031
-0.856376
-0.855973
-0.854532
-0.853806
-0.852898
-0.851967
-0.852013
-0.852044
-0.864289
-0.874928
-0.906844
-0.90653
-0.905353
-0.904807
-0.904528
-0.904664
-0.906244
-0.908217
-0.920553
-0.926487
-0.956643
-0.956351
-0.955647
-0.955331
-0.955534
-0.956596
-0.959736
-0.964127
-0.977856
-0.97773
-1.00598
-1.00558
-1.00522
-1.00515
-1.00568
-1.00717
-1.01107
-1.01674
-1.03096
-1.03437
-1.0551
-1.05459
-1.05429
-1.0543
-1.05488
-1.05625
-1.05957
-1.06436
-1.07742
-1.08766
-1.10451
-1.10397
-1.10358
-1.10345
-1.10365
-1.10412
-1.10562
-1.10745
-1.1163
-1.12651
-1.15447
-1.15397
-1.15348
-1.15304
-1.15257
-1.15184
-1.15105
-1.14924
-1.15221
-1.15778
-1.2051
-1.20467
-1.20411
-1.2034
-1.20234
-1.20055
-1.19767
-1.19239
-1.18852
-1.1885
-1.25633
-1.25597
-1.25545
-1.25465
-1.25332
-1.25092
-1.24678
-1.23991
-1.23275
-1.22423
-1.30801
-1.30777
-1.30736
-1.30672
-1.30564
-1.3034
-1.29956
-1.29351
-1.28722
-1.28377
-1.35997
-1.35982
-1.35964
-1.35934
-1.35894
-1.35768
-1.35541
-1.35168
-1.34642
-1.36023
-1.4121
-1.41203
-1.41204
-1.41214
-1.41252
-1.41262
-1.41262
-1.41252
-1.4072
-1.42645
-1.4643
-1.4643
-1.46442
-1.46482
-1.46582
-1.46745
-1.46965
-1.47315
-1.47118
-1.48577
-1.51654
-1.51656
-1.51672
-1.51722
-1.51839
-1.52102
-1.52492
-1.53185
-1.53931
-1.55479
-1.5688
-1.56878
-1.56886
-1.5692
-1.57008
-1.57231
-1.57641
-1.58349
-1.59435
-1.61382
-1.62107
-1.62096
-1.62081
-1.62072
-1.6209
-1.62157
-1.62346
-1.62726
-1.63436
-1.64733
-1.67342
-1.67317
-1.6727
-1.67201
-1.67113
-1.66989
-1.66864
-1.66763
-1.66805
-1.67216
-1.72594
-1.72555
-1.72474
-1.72344
-1.72147
-1.71846
-1.7143
-1.70897
-1.70299
-1.69896
-1.77878
-1.77827
-1.77721
-1.77543
-1.77265
-1.76837
-1.76226
-1.75411
-1.7434
-1.73269
-1.83204
-1.83149
-1.83031
-1.82834
-1.82522
-1.82043
-1.81352
-1.80396
-1.79016
-1.77123
-0.85958
-0.858874
-0.856975
-0.856108
-0.855107
-0.853821
-0.852919
-0.851018
-0.857091
-0.861145
-0.909117
-0.909313
-0.907145
-0.90622
-0.905579
-0.90525
-0.905698
-0.905688
-0.914622
-0.923354
-0.958426
-0.95889
-0.957627
-0.956822
-0.95637
-0.95652
-0.95803
-0.959994
-0.97178
-0.980873
-1.00736
-1.00748
-1.00701
-1.00657
-1.00641
-1.00691
-1.00893
-1.01193
-1.02387
-1.03286
-1.05584
-1.05542
-1.05513
-1.05503
-1.05528
-1.05596
-1.05783
-1.06048
-1.07147
-1.07619
-1.10461
-1.10394
-1.10354
-1.10353
-1.10385
-1.10425
-1.10528
-1.10632
-1.11411
-1.11493
-1.15423
-1.1536
-1.15308
-1.15292
-1.1529
-1.15263
-1.15246
-1.15173
-1.15603
-1.15366
-1.20476
-1.20428
-1.20376
-1.20336
-1.20285
-1.20187
-1.20052
-1.19817
-1.19876
-1.19632
-1.25599
-1.25564
-1.25519
-1.25467
-1.25388
-1.25249
-1.25042
-1.24717
-1.24572
-1.2458
-1.3077
-1.30746
-1.30713
-1.30668
-1.30598
-1.3047
-1.30274
-1.29975
-1.29793
-1.29649
-1.3597
-1.35956
-1.35939
-1.35918
-1.35887
-1.35821
-1.35709
-1.35526
-1.35379
-1.35594
-1.41187
-1.4118
-1.41179
-1.41186
-1.41206
-1.41231
-1.41245
-1.41229
-1.41043
-1.41409
-1.4641
-1.46409
-1.46417
-1.46444
-1.465
-1.46613
-1.46759
-1.46915
-1.46801
-1.47194
-1.51635
-1.51635
-1.51645
-1.51677
-1.51748
-1.51898
-1.52133
-1.52452
-1.52728
-1.53282
-1.56859
-1.56856
-1.56856
-1.56874
-1.56926
-1.57047
-1.57269
-1.5763
-1.58145
-1.59114
-1.62085
-1.62073
-1.62054
-1.62037
-1.62031
-1.62055
-1.62149
-1.62355
-1.62759
-1.63517
-1.67319
-1.67295
-1.67249
-1.67184
-1.67098
-1.6699
-1.66886
-1.66806
-1.66846
-1.67049
-1.7257
-1.72534
-1.7246
-1.72345
-1.72176
-1.71936
-1.71625
-1.71235
-1.70821
-1.70564
-1.7785
-1.77805
-1.77709
-1.77555
-1.77319
-1.76974
-1.76499
-1.75874
-1.75111
-1.74371
-1.83168
-1.83119
-1.83014
-1.8284
-1.82572
-1.82172
-1.81605
-1.80833
-1.79771
-1.78519
-0.86502
-0.862635
-0.85827
-0.857469
-0.857263
-0.855982
-0.854495
-0.852994
-0.855352
-0.855989
-0.914087
-0.91374
-0.908074
-0.906835
-0.906408
-0.906023
-0.905954
-0.905721
-0.909246
-0.912275
-0.962114
-0.963702
-0.960131
-0.95878
-0.957508
-0.95686
-0.957159
-0.957793
-0.962208
-0.964737
-1.0099
-1.01155
-1.01011
-1.00924
-1.00791
-1.00708
-1.00749
-1.00844
-1.01337
-1.01666
-1.05739
-1.05732
-1.05687
-1.05661
-1.05614
-1.05594
-1.05657
-1.05745
-1.0621
-1.06569
-1.10483
-1.1038
-1.10338
-1.10346
-1.10392
-1.10431
-1.10488
-1.10529
-1.1087
-1.11109
-1.15374
-1.15279
-1.15206
-1.15225
-1.15284
-1.15314
-1.15326
-1.15295
-1.15529
-1.15647
-1.2042
-1.20355
-1.20294
-1.20293
-1.20308
-1.20291
-1.20245
-1.20138
-1.20251
-1.20347
-1.25552
-1.25512
-1.2547
-1.25451
-1.2543
-1.25377
-1.25289
-1.25135
-1.25148
-1.2517
-1.30733
-1.30709
-1.30681
-1.30659
-1.30629
-1.30571
-1.30482
-1.30335
-1.30318
-1.30306
-1.35941
-1.35927
-1.35912
-1.359
-1.35883
-1.35851
-1.35799
-1.35706
-1.35697
-1.35793
-1.41162
-1.41155
-1.41152
-1.41153
-1.4116
-1.4117
-1.41176
-1.41161
-1.41124
-1.41222
-1.46388
-1.46385
-1.46388
-1.46401
-1.46429
-1.46479
-1.46545
-1.46614
-1.46596
-1.46731
-1.51615
-1.51612
-1.51615
-1.5163
-1.51664
-1.51734
-1.51842
-1.51988
-1.52117
-1.52366
-1.5684
-1.56835
-1.56829
-1.56832
-1.5685
-1.56902
-1.57002
-1.57165
-1.57397
-1.5783
-1.62067
-1.62055
-1.62033
-1.6201
-1.61987
-1.6198
-1.62006
-1.62086
-1.62265
-1.62658
-1.67302
-1.6728
-1.67238
-1.67177
-1.67098
-1.67003
-1.66909
-1.66825
-1.66819
-1.66967
-1.72553
-1.72522
-1.72457
-1.72358
-1.72218
-1.7203
-1.718
-1.71523
-1.71269
-1.71129
-1.77831
-1.77791
-1.77709
-1.77579
-1.77388
-1.77122
-1.76773
-1.76332
-1.75823
-1.75381
-1.83142
-1.83099
-1.83008
-1.82862
-1.82642
-1.8233
-1.81902
-1.81335
-1.80628
-1.79853
-0.87143
-0.864696
-0.858082
-0.854704
-0.856878
-0.857083
-0.855363
-0.853388
-0.853072
-0.852015
-0.918626
-0.916651
-0.904178
-0.903364
-0.905158
-0.905893
-0.905705
-0.905049
-0.905774
-0.906162
-0.964369
-0.968771
-0.959585
-0.95972
-0.958198
-0.957135
-0.956484
-0.956303
-0.957693
-0.958853
-1.01079
-1.01635
-1.01302
-1.01249
-1.01018
-1.0078
-1.0067
-1.00667
-1.0084
-1.01004
-1.05842
-1.06
-1.0591
-1.05925
-1.05804
-1.05636
-1.0558
-1.056
-1.05783
-1.05968
-1.10523
-1.10337
-1.10283
-1.10318
-1.10393
-1.10418
-1.10447
-1.10476
-1.10637
-1.1079
-1.153
-1.15115
-1.15
-1.15055
-1.15211
-1.15308
-1.15354
-1.15364
-1.15496
-1.15608
-1.20334
-1.20239
-1.20134
-1.20181
-1.20274
-1.20328
-1.20344
-1.20322
-1.20417
-1.2052
-1.25492
-1.25442
-1.25388
-1.254
-1.25432
-1.25443
-1.25429
-1.2538
-1.25428
-1.25507
-1.30692
-1.30664
-1.30638
-1.30635
-1.3064
-1.30632
-1.30607
-1.30552
-1.30569
-1.30607
-1.35911
-1.35896
-1.35883
-1.3588
-1.35881
-1.35875
-1.35859
-1.35821
-1.35829
-1.35865
-1.41138
-1.41131
-1.41126
-1.41128
-1.41135
-1.41145
-1.41151
-1.41145
-1.41141
-1.41168
-1.46368
-1.46364
-1.46363
-1.46369
-1.46383
-1.46409
-1.46441
-1.46474
-1.46484
-1.46516
-1.51596
-1.51592
-1.5159
-1.51594
-1.51608
-1.51639
-1.51688
-1.51754
-1.5182
-1.51921
-1.56823
-1.56817
-1.56807
-1.56801
-1.56799
-1.56816
-1.56855
-1.56925
-1.57032
-1.57221
-1.62053
-1.62041
-1.62018
-1.61991
-1.6196
-1.61936
-1.61929
-1.61953
-1.62034
-1.62223
-1.6729
-1.6727
-1.67231
-1.67177
-1.67104
-1.67023
-1.6694
-1.66868
-1.6685
-1.66929
-1.72542
-1.72515
-1.72459
-1.72375
-1.72259
-1.72113
-1.71941
-1.71749
-1.71587
-1.715
-1.77818
-1.77784
-1.77714
-1.77606
-1.77452
-1.77249
-1.76995
-1.76686
-1.76368
-1.76099
-1.83123
-1.83087
-1.83009
-1.82887
-1.82711
-1.8247
-1.82155
-1.8176
-1.81304
-1.80847
-0.877144
-0.867098
-0.867518
-0.861302
-0.86495
-0.858964
-0.855266
-0.853779
-0.852556
-0.85144
-0.917402
-0.919685
-0.903432
-0.898945
-0.901755
-0.902941
-0.90518
-0.904762
-0.904455
-0.904118
-0.962561
-0.969437
-0.956409
-0.956882
-0.954674
-0.956101
-0.956026
-0.955503
-0.955739
-0.955942
-1.00761
-1.01452
-1.01152
-1.01383
-1.01083
-1.00839
-1.00637
-1.00571
-1.00627
-1.00684
-1.05575
-1.05854
-1.05929
-1.06143
-1.06028
-1.0571
-1.05545
-1.05525
-1.05606
-1.05694
-1.10457
-1.102
-1.10178
-1.10303
-1.10426
-1.10414
-1.10417
-1.10456
-1.10548
-1.10648
-1.15234
-1.14914
-1.14768
-1.14831
-1.15102
-1.15275
-1.1536
-1.15414
-1.15499
-1.15597
-1.20245
-1.20095
-1.1993
-1.20017
-1.20204
-1.2033
-1.20397
-1.20432
-1.20499
-1.20588
-1.25432
-1.25372
-1.25292
-1.25335
-1.25413
-1.25474
-1.25508
-1.25521
-1.25564
-1.25639
-1.30655
-1.30625
-1.30595
-1.30607
-1.30639
-1.30666
-1.3068
-1.30679
-1.30703
-1.30757
-1.35886
-1.3587
-1.35858
-1.35862
-1.35877
-1.35891
-1.35898
-1.35896
-1.3591
-1.35944
-1.41119
-1.41111
-1.41106
-1.41109
-1.41119
-1.41131
-1.41141
-1.41148
-1.41158
-1.41175
-1.46351
-1.46346
-1.46343
-1.46345
-1.46353
-1.46367
-1.46385
-1.46404
-1.46422
-1.46443
-1.51581
-1.51576
-1.51571
-1.51569
-1.51571
-1.51582
-1.51602
-1.51632
-1.51671
-1.51723
-1.5681
-1.56803
-1.56792
-1.56779
-1.56768
-1.56765
-1.56773
-1.56799
-1.56849
-1.56936
-1.62042
-1.6203
-1.62008
-1.6198
-1.61946
-1.61915
-1.61891
-1.61885
-1.61915
-1.61999
-1.67282
-1.67264
-1.67229
-1.6718
-1.67116
-1.67045
-1.66971
-1.66906
-1.66876
-1.66907
-1.72535
-1.72511
-1.72463
-1.72392
-1.72296
-1.72181
-1.72048
-1.71906
-1.71792
-1.71732
-1.7781
-1.77781
-1.77722
-1.77632
-1.77508
-1.77351
-1.77166
-1.76938
-1.76733
-1.76568
-1.83111
-1.83079
-1.83013
-1.82912
-1.82769
-1.82584
-1.8235
-1.82071
-1.81774
-1.81499
-0.885379
-0.884094
-0.884525
-0.893589
-0.879701
-0.866141
-0.859938
-0.855092
-0.852656
-0.851133
-0.926367
-0.926394
-0.918665
-0.913291
-0.909843
-0.909369
-0.907582
-0.905275
-0.903996
-0.903069
-0.965309
-0.966117
-0.956283
-0.954993
-0.956119
-0.957923
-0.9568
-0.955385
-0.95482
-0.954361
-1.00525
-1.00669
-1.00381
-1.00747
-1.00878
-1.0081
-1.00625
-1.00523
-1.00518
-1.00508
-1.05226
-1.05226
-1.0525
-1.05642
-1.05812
-1.05655
-1.05513
-1.0548
-1.05512
-1.05538
-1.10226
-1.09997
-1.0994
-1.10136
-1.1035
-1.10378
-1.10395
-1.10438
-1.10497
-1.10548
-1.15169
-1.14858
-1.14716
-1.14761
-1.15037
-1.15244
-1.15362
-1.15435
-1.15502
-1.15566
-1.20196
-1.20015
-1.19849
-1.19917
-1.20147
-1.20325
-1.20426
-1.20488
-1.20548
-1.20613
-1.25399
-1.25326
-1.25224
-1.25286
-1.25399
-1.25492
-1.25554
-1.25595
-1.2564
-1.25699
-1.30637
-1.30605
-1.30572
-1.30594
-1.30642
-1.30689
-1.30724
-1.30749
-1.3078
-1.30828
-1.35873
-1.35858
-1.35846
-1.35855
-1.35878
-1.35904
-1.35924
-1.3594
-1.35962
-1.35996
-1.41108
-1.411
-1.41095
-1.411
-1.41111
-1.41126
-1.4114
-1.41154
-1.4117
-1.41194
-1.46341
-1.46336
-1.46332
-1.46332
-1.46337
-1.46345
-1.46357
-1.46372
-1.46389
-1.46413
-1.51571
-1.51566
-1.51559
-1.51554
-1.5155
-1.51552
-1.51558
-1.51573
-1.51596
-1.51629
-1.56802
-1.56794
-1.56782
-1.56767
-1.56751
-1.56739
-1.56732
-1.56738
-1.5676
-1.56804
-1.62035
-1.62024
-1.62003
-1.61974
-1.61941
-1.61907
-1.61876
-1.61858
-1.61863
-1.619
-1.67277
-1.67261
-1.67229
-1.67184
-1.67128
-1.67065
-1.66999
-1.66941
-1.66909
-1.66913
-1.72532
-1.7251
-1.72468
-1.72407
-1.72326
-1.72231
-1.72124
-1.72014
-1.71928
-1.7188
-1.77805
-1.7778
-1.77729
-1.77653
-1.77551
-1.77425
-1.77277
-1.77117
-1.76969
-1.76854
-1.83103
-1.83075
-1.83018
-1.82932
-1.82815
-1.82666
-1.82486
-1.82284
-1.82077
-1.81893
-0.895839
-0.907414
-0.891734
-0.893877
-0.883174
-0.868519
-0.861607
-0.856241
-0.853092
-0.851262
-0.933639
-0.933654
-0.928364
-0.927719
-0.919808
-0.913311
-0.909199
-0.906058
-0.9041
-0.902835
-0.965541
-0.965371
-0.965065
-0.966047
-0.96293
-0.960341
-0.957542
-0.955676
-0.954612
-0.953844
-1.0053
-1.00489
-1.00716
-1.01075
-1.01004
-1.008
-1.00618
-1.0052
-1.00481
-1.00445
-1.05254
-1.05108
-1.05193
-1.05506
-1.05608
-1.05545
-1.05492
-1.05477
-1.05483
-1.05481
-1.10235
-1.10054
-1.09934
-1.10078
-1.10257
-1.10358
-1.10413
-1.10453
-1.10489
-1.10513
-1.1521
-1.15067
-1.14943
-1.14994
-1.15171
-1.1532
-1.1541
-1.1547
-1.15519
-1.15557
-1.2028
-1.20197
-1.20112
-1.20159
-1.20292
-1.20401
-1.20477
-1.20534
-1.20583
-1.20627
-1.25455
-1.25413
-1.25376
-1.25407
-1.25475
-1.25543
-1.25599
-1.25643
-1.25685
-1.25728
-1.3066
-1.3064
-1.30625
-1.30641
-1.30679
-1.30721
-1.30758
-1.3079
-1.30823
-1.30861
-1.3588
-1.3587
-1.35864
-1.35873
-1.35894
-1.35919
-1.35944
-1.35967
-1.35992
-1.36023
-1.41107
-1.41101
-1.41098
-1.41102
-1.41113
-1.41128
-1.41143
-1.4116
-1.4118
-1.41206
-1.46337
-1.46332
-1.46328
-1.46327
-1.4633
-1.46337
-1.46345
-1.46358
-1.46375
-1.464
-1.51566
-1.51561
-1.51554
-1.51547
-1.51541
-1.51538
-1.51538
-1.51546
-1.51562
-1.51588
-1.56797
-1.5679
-1.56777
-1.56761
-1.56743
-1.56727
-1.56715
-1.56712
-1.56722
-1.56749
-1.62032
-1.62021
-1.62001
-1.61973
-1.6194
-1.61906
-1.61873
-1.61851
-1.61846
-1.61863
-1.67275
-1.6726
-1.67231
-1.6719
-1.67138
-1.67081
-1.67021
-1.66969
-1.66936
-1.6693
-1.7253
-1.72511
-1.72473
-1.72418
-1.72347
-1.72266
-1.72173
-1.72086
-1.72014
-1.71972
-1.77804
-1.77781
-1.77735
-1.77668
-1.7758
-1.77473
-1.77351
-1.77226
-1.77111
-1.77024
-1.83098
-1.83074
-1.83023
-1.82947
-1.82846
-1.8272
-1.82574
-1.82416
-1.8226
-1.82126
-0.889447
-0.890719
-0.897881
-0.890748
-0.877759
-0.867891
-0.861433
-0.856538
-0.853317
-0.851383
-0.928528
-0.929258
-0.928841
-0.924457
-0.917621
-0.912982
-0.909424
-0.906382
-0.904252
-0.902845
-0.966806
-0.964145
-0.9623
-0.96248
-0.96156
-0.959982
-0.957777
-0.955985
-0.954689
-0.953748
-1.00934
-1.00778
-1.00569
-1.00825
-1.00936
-1.00798
-1.00648
-1.00548
-1.00483
-1.00429
-1.05519
-1.05542
-1.05477
-1.05671
-1.0569
-1.05593
-1.05533
-1.05503
-1.05486
-1.05465
-1.1033
-1.10308
-1.10305
-1.10355
-1.10388
-1.10424
-1.10457
-1.10479
-1.10496
-1.10502
-1.15262
-1.15189
-1.15146
-1.15175
-1.15275
-1.15376
-1.15447
-1.15496
-1.15532
-1.15554
-1.20321
-1.20267
-1.20222
-1.20256
-1.20349
-1.20439
-1.20509
-1.20561
-1.20602
-1.20632
-1.25476
-1.25443
-1.25421
-1.25446
-1.25507
-1.25571
-1.25625
-1.25669
-1.25707
-1.2574
-1.30671
-1.30655
-1.30646
-1.30662
-1.30698
-1.3074
-1.30779
-1.30813
-1.30844
-1.30876
-1.35886
-1.35878
-1.35875
-1.35884
-1.35905
-1.35932
-1.35957
-1.35982
-1.36008
-1.36036
-1.41109
-1.41105
-1.41103
-1.41107
-1.41118
-1.41133
-1.41149
-1.41168
-1.41188
-1.41213
-1.46336
-1.46333
-1.46329
-1.46328
-1.46331
-1.46336
-1.46344
-1.46357
-1.46374
-1.46398
-1.51565
-1.5156
-1.51553
-1.51545
-1.51539
-1.51535
-1.51533
-1.51539
-1.51553
-1.51576
-1.56795
-1.56788
-1.56776
-1.5676
-1.56742
-1.56725
-1.56711
-1.56706
-1.56712
-1.56731
-1.6203
-1.6202
-1.62
-1.61974
-1.61942
-1.61908
-1.61876
-1.61853
-1.61844
-1.61854
-1.67274
-1.6726
-1.67232
-1.67193
-1.67144
-1.67091
-1.67035
-1.66987
-1.66954
-1.66944
-1.7253
-1.72512
-1.72476
-1.72425
-1.72359
-1.72283
-1.72201
-1.72123
-1.72058
-1.72018
-1.77803
-1.77782
-1.77739
-1.77676
-1.77595
-1.77498
-1.7739
-1.7728
-1.77181
-1.77105
-1.83097
-1.83074
-1.83025
-1.82955
-1.82862
-1.82749
-1.82619
-1.82481
-1.82347
-1.82234
)
;

boundaryField
{
    lowerSideWalls
    {
        type            calculated;
        value           nonuniform List<scalar> 
800
(
368.267
320.764
274.64
230.116
186.931
147.598
109.931
76.0009
49.1158
29.302
11.1573
8.57664
13.7654
-0.633589
-0.612111
-0.614278
-0.66618
-0.725458
-0.781983
-0.829588
367.458
319.893
273.709
229.08
185.632
145.999
107.86
72.9342
45.0702
22.1837
7.15704
2.55889
3.45902
-0.740386
-0.633715
-0.58492
-0.645318
-0.71369
-0.771479
-0.829624
366.124
318.471
272.101
227.227
183.725
142.767
104.269
66.0811
37.7127
14.1884
1.20835
-0.517349
-0.479722
-0.650011
-0.615721
-0.610454
-0.67192
-0.722308
-0.761425
-0.817942
364.24
316.446
269.757
224.401
180.31
138.316
98.3957
59.1162
26.9718
5.37769
-0.261323
-0.367773
-0.446192
-0.545638
-0.609578
-0.667285
-0.7242
-0.739633
-0.764016
-0.820453
361.75
313.936
266.948
221.163
176.26
133.677
91.3433
49.7117
16.6477
0.424211
-0.359324
-0.37827
-0.405522
-0.49141
-0.571887
-0.649048
-0.716916
-0.749868
-0.781854
-0.828745
359.362
311.362
264.009
217.954
172.313
128.234
83.9071
39.6173
8.06406
-0.193207
-0.282264
-0.356353
-0.419769
-0.489425
-0.550042
-0.614317
-0.676485
-0.728873
-0.776255
-0.822039
357.085
308.976
261.216
214.74
168.764
123.337
77.1449
30.9352
4.18495
-0.180128
-0.255429
-0.333237
-0.413509
-0.485131
-0.541598
-0.596533
-0.655208
-0.712746
-0.765095
-0.814516
355.17
306.846
259.034
212.012
165.656
119.295
71.8148
25.5705
2.45011
-0.167354
-0.236357
-0.315396
-0.402109
-0.477488
-0.536715
-0.589216
-0.645277
-0.702529
-0.756955
-0.809073
353.712
305.279
257.367
210.069
163.401
116.441
68.23
22.5711
1.56458
-0.185756
-0.237675
-0.315851
-0.400812
-0.471508
-0.531617
-0.584883
-0.639824
-0.696415
-0.752042
-0.805687
352.915
304.432
256.445
209.016
162.185
114.934
66.3873
21.1708
1.22662
-0.189491
-0.240956
-0.323801
-0.403875
-0.469507
-0.527976
-0.582264
-0.637124
-0.69372
-0.749841
-0.804313
366.229
318.799
272.808
228.509
185.684
146.213
109.032
75.5562
48.821
28.5166
12.7471
8.85013
14.4522
-0.660357
-0.6107
-0.591142
-0.633455
-0.699689
-0.769648
-0.835031
365.332
317.847
271.811
227.425
184.344
144.673
107.07
72.624
45.2096
22.6039
8.21422
0.823875
3.40416
-0.847412
-0.683873
-0.603273
-0.645667
-0.708144
-0.77677
-0.843999
363.88
316.278
270.057
225.426
182.249
141.607
103.671
65.7155
38.3707
15.0009
3.47464
-0.596622
-0.418476
-0.683429
-0.653931
-0.644072
-0.670567
-0.718418
-0.791771
-0.855777
361.635
313.999
267.482
222.398
178.765
137.119
98.0451
58.6313
28.2085
5.79701
-0.271368
-0.394469
-0.424872
-0.517861
-0.595993
-0.643398
-0.687465
-0.738862
-0.80055
-0.852779
359.018
311.234
264.393
218.952
174.736
132.306
90.9987
50.313
18.2871
0.561877
-0.355947
-0.409692
-0.384354
-0.463288
-0.55609
-0.619157
-0.675779
-0.732147
-0.787506
-0.836585
356.359
308.39
261.218
215.384
170.528
126.99
83.7203
40.5017
9.01654
-0.173737
-0.266981
-0.373806
-0.415219
-0.464649
-0.533636
-0.602913
-0.664201
-0.720649
-0.773729
-0.822542
353.809
305.723
258.179
211.994
166.641
122.021
77.0401
31.9344
4.87655
-0.18721
-0.262029
-0.353433
-0.419518
-0.471433
-0.531107
-0.592123
-0.653763
-0.709528
-0.762359
-0.812827
351.63
303.513
255.722
209.083
163.335
117.868
71.7156
26.5926
3.0487
-0.160542
-0.2349
-0.330234
-0.411517
-0.474712
-0.532229
-0.588208
-0.644393
-0.701181
-0.754144
-0.805928
349.998
301.717
253.935
206.998
160.927
114.882
68.0812
23.705
2.03071
-0.179189
-0.236885
-0.313608
-0.395723
-0.466402
-0.528972
-0.584354
-0.639169
-0.694667
-0.748711
-0.80154
349.136
300.771
252.943
205.875
159.621
113.267
66.1469
22.2409
1.58945
-0.189157
-0.241433
-0.311999
-0.3883
-0.45827
-0.523784
-0.581482
-0.635932
-0.691142
-0.745904
-0.799167
368.267
320.764
274.64
230.116
186.931
147.598
109.931
76.0009
49.1158
29.302
11.1573
8.57664
13.7654
-0.633589
-0.612111
-0.614278
-0.66618
-0.725458
-0.781983
-0.829588
367.377
319.815
273.633
228.996
185.69
145.811
107.767
72.8493
44.9453
22.0394
6.64804
2.31923
2.97221
-0.785909
-0.660113
-0.627884
-0.682591
-0.743791
-0.800828
-0.846815
365.917
318.249
271.877
226.991
183.56
142.488
103.973
65.3114
37.1946
13.4075
1.33711
-0.489037
-0.411466
-0.629206
-0.592231
-0.615226
-0.692622
-0.756906
-0.814155
-0.857102
363.777
315.98
269.315
223.966
179.954
137.818
97.5875
57.8666
26.8348
5.22566
-0.266425
-0.338168
-0.376959
-0.491055
-0.55973
-0.599793
-0.679808
-0.749779
-0.811755
-0.854141
361.054
313.194
266.222
220.446
175.772
132.713
90.3488
48.7186
16.15
0.472107
-0.384614
-0.393282
-0.387757
-0.474153
-0.545773
-0.598943
-0.671759
-0.737729
-0.795084
-0.842867
358.342
310.294
262.968
216.87
171.287
127.105
82.737
38.5243
7.57364
-0.200601
-0.310366
-0.380564
-0.421257
-0.480313
-0.538668
-0.597244
-0.662114
-0.72359
-0.779408
-0.829767
355.699
307.542
259.815
213.285
167.355
121.955
75.8057
29.7233
3.78021
-0.184852
-0.273012
-0.364463
-0.430243
-0.483815
-0.536224
-0.593396
-0.654236
-0.712532
-0.767479
-0.818836
353.439
305.06
257.26
210.197
163.871
117.649
70.2689
24.2366
2.19463
-0.160576
-0.254022
-0.350374
-0.426396
-0.482863
-0.533957
-0.589589
-0.647798
-0.70492
-0.759378
-0.811361
351.621
303.148
255.211
207.889
161.262
114.552
66.5728
21.4092
1.40227
-0.181893
-0.253702
-0.341268
-0.420227
-0.480618
-0.532283
-0.586794
-0.643247
-0.6994
-0.7538
-0.806438
350.531
302.013
253.989
206.546
159.781
112.868
64.6867
20.134
1.08205
-0.188135
-0.254263
-0.336246
-0.413101
-0.476969
-0.531877
-0.58582
-0.641121
-0.696154
-0.750488
-0.803477
350.277
301.763
253.744
206.314
159.575
112.69
64.5801
20.0967
1.05006
-0.188701
-0.253217
-0.335294
-0.411343
-0.475965
-0.532455
-0.586096
-0.640564
-0.695123
-0.749221
-0.802327
350.889
302.432
254.51
207.209
160.652
114.03
66.2589
21.2911
1.30132
-0.186303
-0.252375
-0.336269
-0.412247
-0.477657
-0.53438
-0.587051
-0.641125
-0.695871
-0.749882
-0.802882
352.289
303.972
256.042
209.128
162.936
116.875
69.8063
24.1627
2.05643
-0.171672
-0.249432
-0.337712
-0.413118
-0.478967
-0.535897
-0.588809
-0.643462
-0.698761
-0.752566
-0.805048
354.22
306.033
258.373
211.959
166.197
121.025
75.2618
29.732
3.72868
-0.184183
-0.270359
-0.35005
-0.413071
-0.475772
-0.534747
-0.589162
-0.646246
-0.703791
-0.757483
-0.809128
356.613
308.575
261.328
215.366
169.984
126.081
82.1065
38.5239
7.81381
-0.171
-0.316014
-0.383609
-0.409073
-0.47512
-0.536032
-0.59169
-0.652758
-0.713202
-0.766725
-0.816065
359.166
311.331
264.433
218.827
174.386
131.614
89.6272
48.5547
16.5303
0.669331
-0.410223
-0.419395
-0.380625
-0.485358
-0.550749
-0.606702
-0.666764
-0.727591
-0.7811
-0.82505
361.801
314.046
267.5
222.291
178.522
136.679
96.7515
57.2874
27.4818
5.67679
-0.255776
-0.360388
-0.371462
-0.479335
-0.588654
-0.65075
-0.691753
-0.736395
-0.794696
-0.840124
363.886
316.285
270.023
225.295
182.126
141.221
102.871
65.2428
37.7902
14.102
1.97782
-0.57241
-0.363055
-0.642537
-0.677894
-0.662146
-0.672274
-0.697316
-0.764071
-0.838456
365.345
317.842
271.782
227.338
184.378
144.513
106.88
72.5386
45.1172
22.2894
7.58499
0.954252
3.39277
-0.827472
-0.692241
-0.603066
-0.624377
-0.66868
-0.755329
-0.838283
366.229
318.799
272.808
228.509
185.684
146.213
109.032
75.5562
48.821
28.5166
12.7471
8.85013
14.4522
-0.660357
-0.6107
-0.591142
-0.633455
-0.699689
-0.769648
-0.835031
)
;
    }
    upperSideWalls
    {
        type            calculated;
        value           nonuniform List<scalar> 
800
(
-0.873617
-0.91566
-0.959823
-1.00646
-1.05476
-1.10389
-1.15427
-1.2054
-1.25718
-1.30935
-1.36175
-1.41431
-1.46698
-1.51976
-1.57263
-1.62562
-1.67875
-1.73201
-1.78542
-1.83893
-0.880877
-0.919704
-0.957727
-1.00585
-1.05513
-1.10452
-1.15443
-1.20534
-1.25711
-1.3093
-1.36172
-1.4143
-1.46698
-1.51976
-1.57263
-1.62561
-1.67873
-1.732
-1.78542
-1.83897
-0.879627
-0.925777
-0.959696
-1.00606
-1.0548
-1.10452
-1.15428
-1.20511
-1.25695
-1.30923
-1.3617
-1.4143
-1.46699
-1.51976
-1.57261
-1.62557
-1.67868
-1.73196
-1.78542
-1.83903
-0.881305
-0.922343
-0.962
-1.00824
-1.05682
-1.10542
-1.15453
-1.20527
-1.25708
-1.30931
-1.36176
-1.41435
-1.46704
-1.51978
-1.5726
-1.62552
-1.6786
-1.7319
-1.78541
-1.83911
-0.87281
-0.916867
-0.962643
-1.01021
-1.05808
-1.10581
-1.15496
-1.20574
-1.25741
-1.30952
-1.36191
-1.41447
-1.46713
-1.51984
-1.57261
-1.62546
-1.67849
-1.73178
-1.78537
-1.83919
-0.867509
-0.91408
-0.961772
-1.00983
-1.05764
-1.10597
-1.15556
-1.2063
-1.2578
-1.30978
-1.36211
-1.41464
-1.46728
-1.51996
-1.57265
-1.62541
-1.67835
-1.73161
-1.78525
-1.83925
-0.863274
-0.911878
-0.960496
-1.00899
-1.05739
-1.10634
-1.15615
-1.20681
-1.25817
-1.31005
-1.36232
-1.41485
-1.4675
-1.52015
-1.57276
-1.62539
-1.67819
-1.73136
-1.78503
-1.83922
-0.859903
-0.910003
-0.959505
-1.00859
-1.05754
-1.10679
-1.15665
-1.20723
-1.25847
-1.31028
-1.36254
-1.41509
-1.46778
-1.52043
-1.57297
-1.62544
-1.67804
-1.73104
-1.78463
-1.83898
-0.857908
-0.908977
-0.9591
-1.00859
-1.05783
-1.10721
-1.15707
-1.20757
-1.25873
-1.3105
-1.36277
-1.41538
-1.46814
-1.52082
-1.5733
-1.62561
-1.67797
-1.73071
-1.78407
-1.83841
-0.857295
-0.908854
-0.959258
-1.00887
-1.05817
-1.10755
-1.15737
-1.20782
-1.25895
-1.31073
-1.36305
-1.41573
-1.46857
-1.5213
-1.57376
-1.62597
-1.67816
-1.73071
-1.78387
-1.83777
-0.889447
-0.928528
-0.966806
-1.00934
-1.05519
-1.1033
-1.15262
-1.20321
-1.25476
-1.30671
-1.35886
-1.41109
-1.46336
-1.51565
-1.56795
-1.6203
-1.67274
-1.7253
-1.77803
-1.83097
-0.890719
-0.929258
-0.964145
-1.00778
-1.05542
-1.10308
-1.15189
-1.20267
-1.25443
-1.30655
-1.35878
-1.41105
-1.46333
-1.5156
-1.56788
-1.6202
-1.6726
-1.72512
-1.77782
-1.83074
-0.897881
-0.928841
-0.9623
-1.00569
-1.05477
-1.10305
-1.15146
-1.20222
-1.25421
-1.30646
-1.35875
-1.41103
-1.46329
-1.51553
-1.56776
-1.62
-1.67232
-1.72476
-1.77739
-1.83025
-0.890748
-0.924457
-0.96248
-1.00825
-1.05671
-1.10355
-1.15175
-1.20256
-1.25446
-1.30662
-1.35884
-1.41107
-1.46328
-1.51545
-1.5676
-1.61974
-1.67193
-1.72425
-1.77676
-1.82955
-0.877759
-0.917621
-0.96156
-1.00936
-1.0569
-1.10388
-1.15275
-1.20349
-1.25507
-1.30698
-1.35905
-1.41118
-1.46331
-1.51539
-1.56742
-1.61942
-1.67144
-1.72359
-1.77595
-1.82862
-0.867891
-0.912982
-0.959982
-1.00798
-1.05593
-1.10424
-1.15376
-1.20439
-1.25571
-1.3074
-1.35932
-1.41133
-1.46336
-1.51535
-1.56725
-1.61908
-1.67091
-1.72283
-1.77498
-1.82749
-0.861433
-0.909424
-0.957777
-1.00648
-1.05533
-1.10457
-1.15447
-1.20509
-1.25625
-1.30779
-1.35957
-1.41149
-1.46344
-1.51533
-1.56711
-1.61876
-1.67035
-1.72201
-1.7739
-1.82619
-0.856538
-0.906382
-0.955985
-1.00548
-1.05503
-1.10479
-1.15496
-1.20561
-1.25669
-1.30813
-1.35982
-1.41168
-1.46357
-1.51539
-1.56706
-1.61853
-1.66987
-1.72123
-1.7728
-1.82481
-0.853317
-0.904252
-0.954689
-1.00483
-1.05486
-1.10496
-1.15532
-1.20602
-1.25707
-1.30844
-1.36008
-1.41188
-1.46374
-1.51553
-1.56712
-1.61844
-1.66954
-1.72058
-1.77181
-1.82347
-0.851383
-0.902845
-0.953748
-1.00429
-1.05465
-1.10502
-1.15554
-1.20632
-1.2574
-1.30876
-1.36036
-1.41213
-1.46398
-1.51576
-1.56731
-1.61854
-1.66944
-1.72018
-1.77105
-1.82234
-0.873617
-0.91566
-0.959823
-1.00646
-1.05476
-1.10389
-1.15427
-1.2054
-1.25718
-1.30935
-1.36175
-1.41431
-1.46698
-1.51976
-1.57263
-1.62562
-1.67875
-1.73201
-1.78542
-1.83893
-0.882196
-0.915026
-0.955867
-1.00349
-1.05193
-1.10238
-1.15366
-1.20507
-1.25689
-1.30913
-1.36158
-1.41417
-1.46687
-1.51965
-1.57252
-1.62551
-1.67863
-1.73189
-1.78531
-1.83884
-0.88897
-0.918536
-0.955226
-1.00051
-1.04765
-1.09911
-1.15185
-1.20391
-1.25617
-1.30871
-1.36131
-1.41397
-1.46669
-1.51947
-1.57233
-1.62529
-1.67839
-1.73165
-1.78508
-1.83867
-0.888414
-0.923762
-0.961015
-1.00271
-1.04842
-1.09978
-1.15192
-1.20359
-1.25589
-1.30846
-1.36109
-1.41376
-1.46648
-1.51924
-1.57206
-1.62498
-1.67804
-1.73128
-1.78474
-1.83838
-0.88583
-0.925794
-0.965042
-1.00673
-1.05269
-1.10212
-1.15239
-1.20375
-1.25593
-1.30838
-1.36095
-1.41358
-1.46625
-1.51896
-1.57172
-1.62457
-1.67757
-1.73079
-1.78426
-1.83796
-0.876115
-0.920258
-0.964023
-1.00863
-1.05513
-1.1032
-1.15301
-1.20425
-1.25617
-1.30843
-1.36087
-1.41342
-1.46601
-1.51865
-1.57133
-1.6241
-1.67702
-1.73017
-1.78362
-1.83737
-0.867289
-0.914137
-0.960778
-1.00756
-1.05497
-1.10362
-1.15368
-1.20476
-1.25644
-1.30853
-1.36085
-1.41328
-1.46578
-1.51832
-1.5709
-1.62356
-1.67637
-1.72942
-1.78281
-1.83657
-0.861379
-0.910111
-0.9582
-1.00622
-1.05466
-1.10401
-1.15417
-1.20511
-1.25663
-1.30855
-1.3607
-1.41296
-1.46531
-1.51778
-1.57035
-1.62298
-1.67571
-1.72867
-1.78198
-1.83568
-0.857466
-0.907361
-0.956533
-1.00545
-1.05457
-1.10421
-1.15446
-1.20535
-1.25681
-1.30871
-1.36086
-1.41307
-1.46534
-1.51768
-1.5701
-1.62256
-1.67515
-1.72797
-1.78115
-1.83475
-0.855136
-0.905705
-0.955531
-1.00499
-1.05447
-1.10428
-1.15454
-1.20536
-1.25674
-1.3085
-1.36036
-1.41217
-1.46419
-1.51656
-1.56917
-1.62181
-1.67445
-1.72723
-1.78033
-1.83386
-0.854229
-0.905093
-0.955208
-1.0049
-1.05452
-1.10437
-1.15463
-1.20542
-1.25676
-1.30854
-1.36053
-1.41254
-1.46465
-1.51692
-1.56928
-1.62166
-1.6741
-1.72672
-1.77968
-1.83311
-0.854641
-0.905453
-0.955556
-1.00519
-1.05468
-1.10441
-1.15456
-1.20526
-1.2565
-1.3082
-1.36017
-1.41227
-1.46444
-1.5167
-1.569
-1.62132
-1.6737
-1.72627
-1.77916
-1.8325
-0.856376
-0.906844
-0.956643
-1.00598
-1.0551
-1.10451
-1.15447
-1.2051
-1.25633
-1.30801
-1.35997
-1.4121
-1.4643
-1.51654
-1.5688
-1.62107
-1.67342
-1.72594
-1.77878
-1.83204
-0.85958
-0.909117
-0.958426
-1.00736
-1.05584
-1.10461
-1.15423
-1.20476
-1.25599
-1.3077
-1.3597
-1.41187
-1.4641
-1.51635
-1.56859
-1.62085
-1.67319
-1.7257
-1.7785
-1.83168
-0.86502
-0.914087
-0.962114
-1.0099
-1.05739
-1.10483
-1.15374
-1.2042
-1.25552
-1.30733
-1.35941
-1.41162
-1.46388
-1.51615
-1.5684
-1.62067
-1.67302
-1.72553
-1.77831
-1.83142
-0.87143
-0.918626
-0.964369
-1.01079
-1.05842
-1.10523
-1.153
-1.20334
-1.25492
-1.30692
-1.35911
-1.41138
-1.46368
-1.51596
-1.56823
-1.62053
-1.6729
-1.72542
-1.77818
-1.83123
-0.877144
-0.917402
-0.962561
-1.00761
-1.05575
-1.10457
-1.15234
-1.20245
-1.25432
-1.30655
-1.35886
-1.41119
-1.46351
-1.51581
-1.5681
-1.62042
-1.67282
-1.72535
-1.7781
-1.83111
-0.885379
-0.926367
-0.965309
-1.00525
-1.05226
-1.10226
-1.15169
-1.20196
-1.25399
-1.30637
-1.35873
-1.41108
-1.46341
-1.51571
-1.56802
-1.62035
-1.67277
-1.72532
-1.77805
-1.83103
-0.895839
-0.933639
-0.965541
-1.0053
-1.05254
-1.10235
-1.1521
-1.2028
-1.25455
-1.3066
-1.3588
-1.41107
-1.46337
-1.51566
-1.56797
-1.62032
-1.67275
-1.7253
-1.77804
-1.83098
-0.889447
-0.928528
-0.966806
-1.00934
-1.05519
-1.1033
-1.15262
-1.20321
-1.25476
-1.30671
-1.35886
-1.41109
-1.46336
-1.51565
-1.56795
-1.6203
-1.67274
-1.7253
-1.77803
-1.83097
)
;
    }
    lowerWall
    {
        type            calculated;
        value           nonuniform List<scalar> 
200
(
392.792
391.902
390.442
388.302
385.579
382.867
380.224
377.964
376.146
375.056
374.802
375.414
376.814
378.745
381.138
383.691
386.326
388.411
389.87
390.754
391.983
391.167
389.642
387.445
384.751
381.898
379.108
376.632
374.764
373.629
373.338
373.92
375.353
377.494
380.037
382.743
385.362
387.526
389.045
389.857
390.649
389.789
388.189
385.894
383.067
380.018
377.01
374.33
372.213
370.923
370.568
371.175
372.847
375.132
377.9
380.834
383.608
385.894
387.504
388.405
388.765
387.816
386.116
383.679
380.657
377.33
373.99
370.976
368.498
366.973
366.534
367.222
369.062
371.678
374.813
378.073
381.084
383.556
385.273
386.16
386.275
385.401
383.585
380.966
377.622
373.95
370.208
366.772
363.821
361.976
361.377
362.163
364.289
367.307
370.913
374.58
377.974
380.699
382.594
383.543
383.887
382.879
380.902
378.047
374.366
370.21
365.972
362.056
358.625
356.421
355.618
356.407
358.845
362.327
366.487
370.727
374.558
377.634
379.777
380.884
381.61
380.462
378.326
375.191
371.187
366.572
361.784
357.388
353.531
351.008
349.903
350.599
353.169
357.124
362.002
366.873
371.223
374.687
377.065
378.334
379.695
378.426
376.117
372.726
368.385
363.368
358.122
353.35
349.124
346.319
344.711
345.378
348.08
352.567
358.096
363.573
368.372
372.152
374.736
376.155
378.237
376.921
374.445
370.794
366.117
360.724
355.067
350.016
345.524
342.852
341.222
341.283
344.082
348.673
354.688
360.617
365.909
370.132
373.025
374.523
377.44
376.093
373.519
369.722
364.857
359.209
353.253
348.162
343.594
339.872
338.257
339.064
342.269
347.315
353.493
359.717
365.05
369.248
372.147
373.661
)
;
    }
    atmosphere
    {
        type            calculated;
        value           nonuniform List<scalar> 0();
    }
    procBoundary0to1
    {
        type            processor;
        value           nonuniform List<scalar> 
800
(
352.852
304.366
256.381
208.925
162.091
114.835
66.3025
21.1397
1.21407
-0.18781
-0.239419
-0.324345
-0.403491
-0.468089
-0.525805
-0.580518
-0.636086
-0.69314
-0.749899
-0.80459
351.476
302.908
254.829
207.399
160.64
113.922
66.8219
27.0919
2.90742
-0.226462
-0.27538
-0.344538
-0.418384
-0.474358
-0.531652
-0.585907
-0.638366
-0.693751
-0.749724
-0.804631
348.869
300.184
251.932
204.304
157.449
111.365
65.5572
27.9527
2.62941
-0.252984
-0.31746
-0.362057
-0.419105
-0.469245
-0.523458
-0.578646
-0.634339
-0.691285
-0.748286
-0.804163
345.011
296.061
247.348
199.062
151.634
104.174
58.4514
24.0583
2.20995
-0.272723
-0.350728
-0.379453
-0.418123
-0.462651
-0.516464
-0.571677
-0.628338
-0.686677
-0.745884
-0.804103
340.045
290.631
241.042
191.432
142.124
93.2179
46.4267
19.5686
1.22114
-0.369112
-0.360468
-0.382409
-0.406306
-0.451841
-0.508431
-0.563982
-0.620867
-0.682412
-0.746085
-0.807556
334.259
284.178
233.069
180.719
125.743
70.7586
19.9847
6.35345
1.2423
-0.291887
-0.336476
-0.35678
-0.376439
-0.436482
-0.5064
-0.563525
-0.620694
-0.68503
-0.74981
-0.811044
328.178
277.152
223.542
167.904
106.249
30.96
10.507
3.83216
2.04208
0.279773
-0.231618
-0.304442
-0.313488
-0.40724
-0.522516
-0.573182
-0.614428
-0.679212
-0.750028
-0.815947
322.574
270.753
214.938
156.441
90.202
40.3587
15.6301
3.96074
0.827168
-0.0866503
-0.179236
-0.186323
-0.114842
-0.261913
-0.54428
-0.602403
-0.596358
-0.676594
-0.76486
-0.842832
317.935
265.093
207.877
145.269
75.9942
54.2661
23.1378
4.79587
0.570271
0.951451
-0.154306
-0.0859839
1.33607
2.21557
0.0460217
-0.522596
-0.589565
-0.59195
-0.571651
-0.670614
315.511
262.719
205.595
146.689
90.8445
59.0383
25.5315
6.65165
2.14663
1.23615
1.28927
1.72407
3.18276
2.98098
1.91359
1.30352
-0.328179
-0.461771
0.986891
1.97369
314.262
261.238
203.646
144.778
90.2199
55.4846
11.8041
4.68685
1.84588
2.46697
3.44874
2.36132
1.7773
1.54592
1.58347
1.08105
0.53031
0.519899
0.645597
0.633477
313.602
258.878
196.683
123.539
63.8404
18.939
5.52587
3.30102
1.84474
0.634576
0.0718224
-0.232695
-0.142852
-0.0877151
-0.190805
-0.465722
-0.562622
-0.108251
1.80865
2.29327
316.802
263.073
203.826
128.674
30.2529
5.01726
4.34899
3.8281
1.79388
0.253787
-0.127783
-0.294278
-0.306305
-0.305767
-0.365964
-0.478159
-0.610959
-0.689555
-0.574385
-0.550492
322.245
270.257
215.492
156.721
55.2246
16.8285
5.10071
3.76038
1.24699
-0.143053
-0.229554
-0.307575
-0.342371
-0.366494
-0.435067
-0.531004
-0.631812
-0.70902
-0.739491
-0.775353
328.611
278.319
225.854
175.42
107.818
39.1717
18.1771
11.8672
-0.639201
-0.581141
-0.340146
-0.353616
-0.367727
-0.403582
-0.4703
-0.548421
-0.626963
-0.691762
-0.741249
-0.789137
334.871
285.273
235.276
185.905
134.453
79.1099
42.4078
17.0949
0.488261
-0.374897
-0.383604
-0.370272
-0.386727
-0.434152
-0.495959
-0.561286
-0.626131
-0.687999
-0.74338
-0.79518
340.329
291.314
242.445
194.131
145.725
97.7176
54.2113
22.0988
1.80112
-0.317244
-0.351831
-0.355318
-0.398581
-0.451906
-0.513847
-0.574493
-0.633328
-0.689944
-0.743997
-0.796739
344.619
295.947
247.745
200.263
153.506
107.719
63.3395
27.6559
2.89558
-0.274864
-0.306496
-0.343197
-0.401484
-0.458233
-0.524716
-0.585076
-0.639275
-0.691856
-0.744941
-0.797639
347.55
299.062
251.141
203.971
157.661
111.607
65.8813
27.4179
3.41702
-0.229141
-0.268336
-0.33101
-0.403897
-0.466387
-0.534549
-0.59491
-0.643561
-0.69352
-0.745936
-0.798204
349.079
300.728
252.891
205.812
159.556
113.174
66.0689
22.188
1.55655
-0.187939
-0.238013
-0.313593
-0.393316
-0.463184
-0.526821
-0.582888
-0.636776
-0.691137
-0.745241
-0.79826
-0.857943
-0.909578
-0.959766
-1.00925
-1.05838
-1.10764
-1.15738
-1.20781
-1.25898
-1.3108
-1.36316
-1.41591
-1.46884
-1.52164
-1.57413
-1.62628
-1.67834
-1.73069
-1.78364
-1.83723
-0.858102
-0.909839
-0.96004
-1.00944
-1.05839
-1.10741
-1.15695
-1.20727
-1.25843
-1.3103
-1.36274
-1.41571
-1.46892
-1.52192
-1.57439
-1.62624
-1.6779
-1.72993
-1.78286
-1.83676
-0.858524
-0.910712
-0.961194
-1.01041
-1.05884
-1.10718
-1.15616
-1.20621
-1.25736
-1.30928
-1.36189
-1.41529
-1.46916
-1.52276
-1.57523
-1.62628
-1.67681
-1.72794
-1.78091
-1.83561
-0.860278
-0.913185
-0.963935
-1.01289
-1.06027
-1.10702
-1.1548
-1.20452
-1.25566
-1.3075
-1.36078
-1.41512
-1.47008
-1.52509
-1.57759
-1.62697
-1.67545
-1.72516
-1.77846
-1.83476
-0.864961
-0.918815
-0.969593
-1.0177
-1.06284
-1.10672
-1.15268
-1.20288
-1.2549
-1.30595
-1.35884
-1.41512
-1.4737
-1.53223
-1.58459
-1.62951
-1.67203
-1.716
-1.76983
-1.83079
-0.869909
-0.927341
-0.980954
-1.03025
-1.07151
-1.1085
-1.15059
-1.2033
-1.25744
-1.30371
-1.35185
-1.41253
-1.4784
-1.54416
-1.59621
-1.63179
-1.65878
-1.70099
-1.75255
-1.81685
-0.881861
-0.945132
-1.00183
-1.05103
-1.08319
-1.10922
-1.14267
-1.18578
-1.24915
-1.29661
-1.32959
-1.39279
-1.48862
-1.54313
-1.53819
-1.57425
-1.65446
-1.68527
-1.72904
-1.67968
-0.918505
-0.989429
-1.05984
-1.1007
-1.11429
-1.1198
-1.13118
-1.16113
-1.2082
-1.20585
-1.22544
-1.20107
-1.46193
-1.64719
-1.64864
-1.63611
-1.6411
-1.65752
-1.68633
-1.62646
-0.689545
-0.535441
-0.466408
-1.16022
-1.13821
-1.10121
-1.07498
-1.10838
-1.16723
-1.05836
-0.627146
-0.968183
-1.53305
-1.62308
-1.63865
-1.64392
-1.61965
-1.21452
-1.13462
-1.34758
1.96866
0.99487
-0.800185
-1.16396
-1.15018
-1.11476
-1.09123
-1.0455
-0.265933
-0.526012
-0.866989
-0.971216
-1.52508
-1.64795
-1.67063
-1.67243
-1.65576
-1.63209
-1.65231
-1.52395
0.725377
0.739272
0.503516
-1.23161
-1.18542
-1.13132
-1.08294
-1.04466
-1.00641
-0.785973
-0.963947
-0.732816
-0.749762
-1.5381
-1.72708
-1.71595
-1.67307
-1.62969
-1.62558
-1.70208
0.554286
-0.85362
-1.01156
-1.17318
-1.1735
-1.15009
-1.14544
-1.16434
-1.20471
-1.3104
-1.38473
-1.38601
-1.43273
-1.58876
-1.69031
-1.71011
-1.703
-1.68075
-1.69356
-1.71374
-0.676431
-0.929887
-0.986864
-1.03935
-1.1019
-1.14094
-1.16445
-1.19313
-1.23978
-1.30085
-1.35607
-1.39674
-1.45284
-1.54011
-1.63141
-1.67849
-1.68825
-1.69537
-1.7202
-1.75196
-0.85534
-0.950399
-1.00804
-1.05518
-1.09052
-1.12284
-1.16482
-1.20579
-1.25212
-1.30343
-1.35494
-1.40245
-1.45663
-1.52636
-1.59953
-1.64762
-1.67744
-1.70448
-1.73835
-1.77548
-0.848873
-0.914328
-0.967592
-1.01946
-1.06948
-1.11646
-1.16221
-1.20848
-1.25657
-1.30702
-1.35925
-1.40938
-1.46262
-1.52147
-1.58098
-1.63156
-1.67325
-1.71148
-1.75087
-1.79241
-0.849136
-0.905165
-0.958391
-1.01018
-1.06112
-1.11037
-1.15933
-1.20868
-1.25824
-1.30852
-1.35977
-1.41114
-1.46377
-1.51863
-1.57345
-1.62457
-1.67117
-1.71536
-1.75956
-1.80519
-0.849763
-0.902975
-0.955241
-1.0065
-1.05705
-1.10705
-1.15693
-1.20703
-1.25748
-1.30853
-1.35993
-1.41172
-1.4642
-1.51738
-1.57019
-1.62123
-1.67007
-1.71755
-1.76491
-1.81314
-0.850033
-0.902157
-0.95367
-1.0046
-1.05516
-1.10555
-1.156
-1.20664
-1.25753
-1.30876
-1.36028
-1.4121
-1.46427
-1.51659
-1.56858
-1.61966
-1.66963
-1.71886
-1.768
-1.81769
-0.850291
-0.901966
-0.953143
-1.00392
-1.05448
-1.10499
-1.1556
-1.20643
-1.25752
-1.30888
-1.36048
-1.41228
-1.46424
-1.5162
-1.56789
-1.61904
-1.66957
-1.71969
-1.76981
-1.82037
-0.850397
-0.901955
-0.953028
-1.00375
-1.05429
-1.10483
-1.15551
-1.20641
-1.25756
-1.30897
-1.36059
-1.41237
-1.46425
-1.51607
-1.56765
-1.61883
-1.6696
-1.7201
-1.77065
-1.82158
)
;
    }
    procBoundary0to2
    {
        type            processor;
        value           nonuniform List<scalar> 
200
(
-1.8925
-1.89257
-1.89269
-1.89287
-1.89309
-1.89332
-1.89351
-1.89349
-1.89304
-1.89205
-1.89245
-1.89252
-1.89267
-1.8929
-1.89321
-1.8936
-1.89404
-1.89436
-1.89406
-1.89253
-1.89233
-1.89243
-1.89263
-1.89298
-1.89351
-1.89431
-1.89543
-1.89684
-1.89686
-1.89387
-1.89213
-1.89226
-1.89253
-1.89306
-1.89399
-1.89568
-1.89853
-1.90387
-1.9091
-1.90391
-1.89181
-1.89197
-1.89232
-1.89311
-1.89466
-1.89818
-1.90564
-1.92006
-1.93757
-1.93572
-1.89132
-1.89147
-1.89185
-1.89291
-1.89545
-1.9009
-1.91379
-1.92819
-1.92876
-1.90943
-1.8906
-1.89066
-1.89086
-1.89191
-1.89545
-1.90411
-1.91458
-1.91946
-1.89537
-1.85625
-1.88973
-1.88961
-1.88944
-1.88951
-1.89024
-1.89404
-1.90934
-1.90334
-1.89962
-1.95549
-1.88879
-1.88848
-1.88795
-1.88734
-1.88707
-1.89013
-1.90042
-1.91089
-1.93874
-2.07802
-1.88788
-1.88741
-1.88658
-1.88523
-1.88336
-1.88151
-1.88374
-1.88931
-1.91828
-1.99
-1.88707
-1.88652
-1.8855
-1.8838
-1.88108
-1.87718
-1.8734
-1.86847
-1.88544
-1.81445
-1.88637
-1.88582
-1.88471
-1.88286
-1.87993
-1.87551
-1.86974
-1.86227
-1.85243
-1.78994
-1.88578
-1.88527
-1.8842
-1.88238
-1.87952
-1.8752
-1.86907
-1.86045
-1.84561
-1.81504
-1.8853
-1.88484
-1.88385
-1.8822
-1.87963
-1.87577
-1.87026
-1.86231
-1.84959
-1.83092
-1.88491
-1.8845
-1.88363
-1.8822
-1.88004
-1.87692
-1.8725
-1.86627
-1.85774
-1.84655
-1.88461
-1.88425
-1.88349
-1.88228
-1.88051
-1.87805
-1.87473
-1.87032
-1.86474
-1.85837
-1.88439
-1.88408
-1.88342
-1.88239
-1.88093
-1.87899
-1.87646
-1.87333
-1.86968
-1.86594
-1.88424
-1.88397
-1.88338
-1.8825
-1.88128
-1.8797
-1.87774
-1.87543
-1.8729
-1.87042
-1.88415
-1.8839
-1.88338
-1.88259
-1.88152
-1.88017
-1.87856
-1.87675
-1.87486
-1.87311
-1.88412
-1.88388
-1.88338
-1.88264
-1.88165
-1.88042
-1.87898
-1.8774
-1.87579
-1.87433
)
;
    }
}


// ************************************************************************* //
