/*--------------------------------*- C++ -*----------------------------------*\
| =========                 |                                                 |
| \\      /  F ield         | OpenFOAM: The Open Source CFD Toolbox           |
|  \\    /   O peration     | Version:  2312                                  |
|   \\  /    A nd           | Website:  www.openfoam.com                      |
|    \\/     M anipulation  |                                                 |
\*---------------------------------------------------------------------------*/
FoamFile
{
    version     2.0;
    format      ascii;
    arch        "LSB;label=32;scalar=64";
    class       volScalarField;
    location    "0.4";
    object      p;
}
// * * * * * * * * * * * * * * * * * * * * * * * * * * * * * * * * * * * * * //

dimensions      [1 -1 -2 0 0 0 0];

internalField   nonuniform List<scalar> 
8000
(
370.841
369.626
367.365
364.226
360.463
356.419
352.488
349.071
346.593
345.306
322.186
320.866
318.393
314.932
310.749
306.211
301.768
297.88
295.036
293.589
273.953
272.42
269.514
265.387
260.304
254.687
249.115
244.203
240.569
238.7
226.405
224.583
220.987
215.771
209.181
201.708
194.105
187.28
182.037
179.386
179.404
177.138
172.675
165.972
157.161
146.805
136.098
126.675
119.477
116.017
134.155
131.372
125.728
116.914
104.8
90.071
74.1567
59.7047
51.2978
47.2492
91.5845
88.2182
81.0762
69.453
53.3141
34.2262
17.0984
8.15862
6.67873
5.94002
54.8821
51.2467
43.2577
30.0684
14.9835
4.40251
1.03122
0.498675
0.675239
1.1304
26.0993
23.4245
17.0934
8.38207
1.9853
0.189064
0.00356879
0.053943
0.13677
0.390794
1.90929
1.26094
0.142104
-0.397188
-0.463765
-0.417725
-0.339777
-0.244038
-0.159474
-0.0363937
-0.659918
-0.63349
-0.594924
-0.532438
-0.524428
-0.496056
-0.433616
-0.364359
-0.292614
-0.234916
-0.608383
-0.607657
-0.600251
-0.579037
-0.558664
-0.508719
-0.467557
-0.423137
-0.381223
-0.361772
-0.646398
-0.638733
-0.623173
-0.596552
-0.57249
-0.542484
-0.519284
-0.489781
-0.463399
-0.45808
-0.649012
-0.64037
-0.624314
-0.605972
-0.590234
-0.582244
-0.569613
-0.550945
-0.533807
-0.527831
-0.649327
-0.646028
-0.638582
-0.630611
-0.62345
-0.62008
-0.614856
-0.604292
-0.595369
-0.587619
-0.677212
-0.676472
-0.673877
-0.670844
-0.667671
-0.665551
-0.662992
-0.658014
-0.653902
-0.645361
-0.720639
-0.720544
-0.719947
-0.719357
-0.718557
-0.719042
-0.719112
-0.714196
-0.711353
-0.703931
-0.768651
-0.76908
-0.769426
-0.770479
-0.773052
-0.778103
-0.782837
-0.773173
-0.76956
-0.762817
-0.818248
-0.818981
-0.820054
-0.822487
-0.826912
-0.837368
-0.84467
-0.830815
-0.824505
-0.819409
-0.86839
-0.869209
-0.870514
-0.872864
-0.877478
-0.888418
-0.892611
-0.87962
-0.87333
-0.867645
371.447
370.265
368.064
365.002
361.334
357.39
353.557
350.228
347.82
346.566
322.792
321.509
319.12
315.747
311.678
307.268
302.947
299.163
296.4
294.995
274.547
273.024
270.246
266.278
261.379
255.955
250.57
245.816
242.299
240.506
226.93
225.303
221.78
216.769
210.473
203.325
196.043
189.487
184.382
181.915
179.744
177.536
173.337
167.028
158.746
148.942
138.757
129.727
122.509
119.219
133.671
131.062
125.813
117.76
106.682
92.8267
77.7165
65.0128
56.3168
50.9769
88.7044
85.6896
79.4511
69.5297
55.1909
37.4324
21.605
11.8255
7.94753
6.5168
45.6476
42.9106
36.868
27.3833
15.5246
5.92152
1.71242
0.484728
0.38186
0.800615
8.89009
8.00109
6.09355
3.32309
0.999769
-0.145726
-0.207603
-0.121749
-0.0561603
0.165204
-0.193302
-0.281435
-0.36893
-0.436996
-0.498262
-0.53793
-0.471459
-0.368127
-0.292883
-0.165644
-0.520445
-0.524232
-0.526951
-0.528291
-0.571092
-0.573878
-0.502264
-0.426852
-0.366097
-0.305914
-0.610257
-0.613171
-0.608436
-0.601747
-0.603813
-0.558167
-0.494308
-0.447416
-0.407643
-0.393014
-0.686204
-0.680623
-0.661388
-0.634237
-0.607831
-0.565283
-0.53014
-0.499072
-0.466859
-0.468821
-0.684646
-0.674258
-0.652749
-0.624928
-0.602489
-0.586183
-0.575378
-0.5587
-0.533972
-0.532742
-0.666055
-0.659495
-0.646162
-0.631358
-0.617751
-0.614193
-0.61596
-0.611005
-0.598056
-0.592171
-0.68131
-0.678148
-0.672366
-0.66589
-0.659916
-0.659419
-0.662831
-0.661816
-0.655291
-0.649635
-0.721274
-0.720312
-0.718283
-0.71614
-0.71508
-0.718313
-0.722527
-0.718199
-0.712315
-0.707382
-0.76816
-0.768396
-0.768388
-0.769663
-0.773746
-0.780956
-0.786895
-0.778266
-0.77106
-0.768872
-0.817832
-0.818935
-0.820016
-0.822568
-0.828554
-0.839618
-0.847727
-0.837165
-0.831257
-0.827225
-0.867966
-0.869131
-0.870465
-0.873191
-0.880148
-0.892277
-0.897839
-0.8877
-0.883761
-0.876594
372.681
371.555
369.449
366.524
363.025
359.267
355.621
352.46
350.182
348.998
324.06
322.847
320.566
317.37
313.51
309.335
305.256
301.694
299.106
297.782
275.883
274.497
271.857
268.109
263.521
258.454
253.427
248.996
245.729
244.054
228.215
226.612
223.432
218.848
213.084
206.558
199.911
193.939
189.346
187.021
181.001
179.036
175.167
169.446
162.063
153.321
144.166
135.966
129.611
126.229
134.379
131.987
127.319
120.246
110.825
99.0009
85.971
74.12
64.3912
59.1504
87.6549
85.327
80.0476
71.7453
60.0691
45.1259
29.8135
18.4825
11.0006
7.88443
41.6998
39.5592
34.6646
27.2467
17.945
8.99564
3.3116
1.18125
0.473304
0.551787
4.41048
4.07343
3.33024
2.20448
0.945805
-0.133475
-0.328996
-0.188469
-0.108357
0.0550034
-0.271548
-0.307792
-0.35366
-0.40505
-0.476035
-0.567458
-0.531287
-0.44271
-0.378421
-0.254442
-0.434905
-0.452882
-0.480861
-0.50387
-0.545308
-0.56536
-0.524741
-0.471389
-0.432135
-0.373662
-0.561579
-0.572402
-0.577821
-0.575561
-0.573773
-0.557306
-0.511286
-0.465982
-0.43137
-0.42303
-0.639845
-0.640008
-0.631197
-0.61484
-0.597974
-0.573655
-0.540557
-0.505273
-0.471543
-0.476495
-0.661413
-0.654957
-0.640724
-0.620577
-0.604305
-0.592926
-0.579339
-0.557977
-0.533218
-0.537256
-0.665447
-0.659052
-0.646378
-0.633607
-0.62094
-0.616507
-0.614207
-0.601771
-0.594632
-0.592783
-0.685833
-0.682419
-0.676628
-0.669288
-0.662618
-0.662147
-0.660055
-0.649028
-0.650918
-0.650679
-0.723784
-0.723286
-0.721317
-0.719467
-0.71927
-0.721423
-0.718871
-0.705517
-0.711357
-0.713326
-0.769153
-0.770179
-0.770409
-0.771633
-0.774404
-0.779986
-0.779969
-0.770108
-0.779208
-0.781681
-0.818014
-0.81979
-0.820867
-0.823413
-0.828442
-0.836287
-0.838124
-0.832882
-0.842749
-0.845365
-0.867404
-0.869509
-0.870762
-0.873679
-0.880113
-0.890067
-0.893064
-0.888065
-0.894654
-0.891747
374.503
373.45
371.469
368.714
365.425
361.905
358.504
355.568
353.46
352.363
325.968
324.841
322.703
319.71
316.113
312.236
308.469
305.195
302.827
301.611
277.952
276.685
274.242
270.776
266.557
261.932
257.358
253.341
250.396
248.884
230.466
228.988
226.1
221.933
216.765
210.973
205.078
199.78
195.756
193.72
183.46
181.696
178.214
173.116
166.671
159.16
151.209
143.992
138.336
135.469
136.807
134.747
130.617
124.385
116.467
106.867
96.1107
85.8082
77.0069
73.0501
89.3151
87.3168
82.9278
76.1062
66.7256
54.8487
41.2557
29.3078
20.2853
16.1542
41.3016
39.4467
35.7714
30.0887
22.6587
13.9994
7.03188
3.15555
1.51213
0.979873
4.60169
4.36854
3.67718
2.36387
1.15568
0.208673
-0.328223
-0.312994
-0.183064
0.00652055
-0.34529
-0.360843
-0.377763
-0.403754
-0.44256
-0.508333
-0.543268
-0.508358
-0.467029
-0.34656
-0.445037
-0.455496
-0.469391
-0.486329
-0.511073
-0.530545
-0.521272
-0.500102
-0.510831
-0.441797
-0.531032
-0.539393
-0.547813
-0.555207
-0.55799
-0.552215
-0.528182
-0.49992
-0.497965
-0.465726
-0.593658
-0.598306
-0.598835
-0.596071
-0.589972
-0.577413
-0.55497
-0.532832
-0.521888
-0.50694
-0.628306
-0.62903
-0.62451
-0.61601
-0.60711
-0.598066
-0.584948
-0.573269
-0.566258
-0.557919
-0.653604
-0.652926
-0.647444
-0.639628
-0.631532
-0.622924
-0.615121
-0.609291
-0.609873
-0.606899
-0.684881
-0.68479
-0.681518
-0.676959
-0.672631
-0.667937
-0.660412
-0.657408
-0.660135
-0.657575
-0.724236
-0.72582
-0.724807
-0.723559
-0.722229
-0.720642
-0.716412
-0.715523
-0.719209
-0.719598
-0.769289
-0.772031
-0.772495
-0.773326
-0.773659
-0.77395
-0.774337
-0.777313
-0.782428
-0.781754
-0.817227
-0.820555
-0.821637
-0.823883
-0.826647
-0.830455
-0.832396
-0.837618
-0.846026
-0.844157
-0.865639
-0.869733
-0.870879
-0.873712
-0.878364
-0.88615
-0.890149
-0.894347
-0.900458
-0.894297
376.709
375.752
373.915
371.338
368.264
364.993
361.855
359.166
357.244
356.246
328.321
327.297
325.318
322.53
319.192
315.623
312.184
309.222
307.097
306.006
280.63
279.45
277.189
273.992
270.134
265.954
261.865
258.303
255.722
254.401
233.621
232.187
229.513
225.713
221.07
215.974
210.884
206.347
202.972
201.262
187.234
185.454
182.235
177.649
171.973
165.635
159.042
153.026
148.387
146.051
140.999
138.896
135.119
129.72
122.779
115.092
106.764
98.7191
91.9783
88.8867
93.6475
91.5472
87.5323
81.6457
74.037
64.9551
54.6337
44.4772
35.914
32.694
44.4066
42.3997
39.0538
34.0585
27.7553
20.8332
13.6818
8.38769
4.93151
3.97317
5.54709
5.84112
5.38547
3.63707
1.67798
0.71472
0.197431
-0.184383
-0.160993
0.121391
-0.359394
-0.381142
-0.384192
-0.397394
-0.417479
-0.449533
-0.484594
-0.513808
-0.500405
-0.403081
-0.450836
-0.458657
-0.461808
-0.46974
-0.481663
-0.496714
-0.510382
-0.515385
-0.551613
-0.491784
-0.520718
-0.52366
-0.524627
-0.528026
-0.533997
-0.538049
-0.537676
-0.536025
-0.568047
-0.509312
-0.577771
-0.578084
-0.576068
-0.575254
-0.574965
-0.572251
-0.568677
-0.571974
-0.589547
-0.541411
-0.612491
-0.615132
-0.612119
-0.60882
-0.604885
-0.599118
-0.596445
-0.602677
-0.608145
-0.581516
-0.642426
-0.647307
-0.645434
-0.64241
-0.637873
-0.630995
-0.627731
-0.628891
-0.628225
-0.621065
-0.678217
-0.683738
-0.6834
-0.681969
-0.678688
-0.673913
-0.671642
-0.670069
-0.667024
-0.66386
-0.720144
-0.726437
-0.726838
-0.727064
-0.725418
-0.722856
-0.722956
-0.723067
-0.719781
-0.719539
-0.766877
-0.773145
-0.773708
-0.775206
-0.775284
-0.77483
-0.77603
-0.779379
-0.77845
-0.776334
-0.814578
-0.82109
-0.822109
-0.824582
-0.826521
-0.829538
-0.83115
-0.835112
-0.836598
-0.832529
-0.861978
-0.869693
-0.870861
-0.873779
-0.876774
-0.881572
-0.88591
-0.888747
-0.889624
-0.88398
379.133
378.255
376.566
374.154
371.275
368.231
365.34
362.886
361.15
360.255
330.96
330.001
328.175
325.563
322.449
319.155
316.021
313.357
311.471
310.51
283.687
282.534
280.425
277.439
273.88
270.088
266.444
263.327
261.111
259.991
237.31
235.837
233.317
229.772
225.544
221.015
216.626
212.833
210.107
208.739
191.829
189.887
186.808
182.538
177.411
171.903
166.485
161.723
158.207
156.466
146.495
144.112
140.4
135.379
129.373
122.714
116.272
110.45
105.929
103.789
100.588
97.8526
93.5405
87.7944
81.0277
73.9001
66.4261
59.5505
54.0047
51.783
51.4107
48.6047
44.6876
39.372
33.1565
27.4239
22.0317
17.124
14.358
13.6655
7.12785
7.38817
7.86032
6.17657
3.36031
1.59709
1.0429
0.773842
0.69531
1.35146
-0.164128
-0.374363
-0.398748
-0.397583
-0.404335
-0.413839
-0.426717
-0.448076
-0.480452
-0.460641
-0.466031
-0.479375
-0.469745
-0.469903
-0.471841
-0.476445
-0.489061
-0.507033
-0.542224
-0.510759
-0.541525
-0.532608
-0.524002
-0.523401
-0.524204
-0.52808
-0.54079
-0.554891
-0.595833
-0.55563
-0.601122
-0.587783
-0.575682
-0.570943
-0.569226
-0.570677
-0.581891
-0.601439
-0.635518
-0.580017
-0.62398
-0.619913
-0.612764
-0.608953
-0.605861
-0.604316
-0.612219
-0.629104
-0.641098
-0.6032
-0.640949
-0.648023
-0.646955
-0.646073
-0.643112
-0.639655
-0.641553
-0.644545
-0.643576
-0.632251
-0.668171
-0.683059
-0.684766
-0.686181
-0.684415
-0.681171
-0.679837
-0.675925
-0.670285
-0.669978
-0.7106
-0.726612
-0.728207
-0.730414
-0.729799
-0.72783
-0.726306
-0.723141
-0.718793
-0.720162
-0.759429
-0.774674
-0.77458
-0.777335
-0.777752
-0.777339
-0.776788
-0.775935
-0.773509
-0.773306
-0.805458
-0.82156
-0.822784
-0.825614
-0.82693
-0.828058
-0.828623
-0.829122
-0.827654
-0.826403
-0.852397
-0.869562
-0.871186
-0.874145
-0.875953
-0.877919
-0.879601
-0.880459
-0.879303
-0.877153
381.474
380.691
379.11
376.856
374.138
371.284
368.6
366.352
364.787
363.987
333.549
332.623
330.945
328.488
325.55
322.474
319.592
317.188
315.514
314.67
286.641
285.5
283.591
280.774
277.433
273.934
270.642
267.894
265.996
265.067
240.893
239.417
237.129
233.741
229.768
225.647
221.776
218.587
216.413
215.358
196.411
194.407
191.543
187.364
182.539
177.564
172.915
169.111
166.552
165.39
152.734
150.048
146.31
141.106
135.38
129.623
124.148
119.831
117.117
116.091
109.955
106.096
100.95
94.4783
87.7339
81.454
75.8245
71.2855
68.7568
68.4759
65.4794
59.5027
52.7806
45.806
39.1515
33.6437
29.397
26.3246
26.4484
29.3112
18.8024
13.6624
10.7553
9.0805
5.96964
3.40055
2.09889
1.92669
2.87579
7.45153
1.18816
-0.0677797
-0.372909
-0.404433
-0.398482
-0.39475
-0.391207
-0.384034
-0.415994
-0.390099
-0.349981
-0.487314
-0.476065
-0.472441
-0.468349
-0.464665
-0.469653
-0.480195
-0.507441
-0.513033
-0.53554
-0.547366
-0.53312
-0.525161
-0.522483
-0.52282
-0.539382
-0.56063
-0.593397
-0.575712
-0.626379
-0.603776
-0.589184
-0.576853
-0.571469
-0.57258
-0.592031
-0.618263
-0.659179
-0.606588
-0.613948
-0.6228
-0.620543
-0.615333
-0.610884
-0.610974
-0.625814
-0.648875
-0.667861
-0.622047
-0.612615
-0.641728
-0.64967
-0.651828
-0.649373
-0.647559
-0.652978
-0.658487
-0.658986
-0.641007
-0.653523
-0.67885
-0.685976
-0.691142
-0.69051
-0.687931
-0.686987
-0.682608
-0.675792
-0.674395
-0.710033
-0.728594
-0.731666
-0.734744
-0.734673
-0.732665
-0.730174
-0.725606
-0.720451
-0.721845
-0.763104
-0.78086
-0.779272
-0.780741
-0.780884
-0.779968
-0.778214
-0.775321
-0.772064
-0.772842
-0.807853
-0.829495
-0.826248
-0.827737
-0.828318
-0.828326
-0.827552
-0.826038
-0.82421
-0.824084
-0.857412
-0.878103
-0.874342
-0.875561
-0.876316
-0.876799
-0.876689
-0.876009
-0.874926
-0.874626
383.365
382.796
381.3
379.152
376.575
373.867
371.343
369.253
367.815
367.091
335.611
334.884
333.361
330.994
328.198
325.277
322.578
320.364
318.859
318.106
288.949
288.028
286.37
283.66
280.478
277.162
274.114
271.637
269.962
269.189
243.627
242.468
240.521
237.238
233.403
229.497
225.966
223.182
221.436
220.601
199.797
198.318
195.905
191.721
186.942
182.231
178.059
174.872
172.936
172.199
157.5
155.558
152.108
146.5
140.569
135.141
130.427
126.923
125.284
125.095
116.758
113.974
108.755
101.07
93.6796
87.5581
82.7844
79.7304
78.9472
80.4162
76.6262
72.1879
63.5579
52.8882
44.7927
38.9941
35.3394
33.7543
36.1002
42.8264
35.9666
30.1719
18.6374
10.7447
7.83963
5.32647
3.51466
3.02084
5.54852
16.2153
6.10353
2.43578
-0.0536887
-0.370476
-0.400545
-0.386383
-0.374832
-0.347826
-0.354859
0.0241277
-0.133931
-0.460619
-0.476062
-0.478088
-0.468336
-0.458639
-0.458175
-0.460382
-0.49904
-0.562474
-0.0652218
-0.570899
-0.559303
-0.530191
-0.519689
-0.520317
-0.537292
-0.56135
-0.592491
-0.589776
-0.721316
-0.665614
-0.618141
-0.587393
-0.57379
-0.575529
-0.599988
-0.629009
-0.674898
-0.631302
-0.655399
-0.655718
-0.636936
-0.624885
-0.616297
-0.617583
-0.636658
-0.663749
-0.690512
-0.640622
-0.62426
-0.663775
-0.655718
-0.661033
-0.656333
-0.654743
-0.662669
-0.671562
-0.674294
-0.649624
-0.658415
-0.708117
-0.689613
-0.699467
-0.698034
-0.694359
-0.693538
-0.690055
-0.683338
-0.679291
-0.733884
-0.752027
-0.735828
-0.741218
-0.74058
-0.737396
-0.734572
-0.728873
-0.723943
-0.724679
-0.810276
-0.803172
-0.786199
-0.785573
-0.784725
-0.783056
-0.780576
-0.777094
-0.773312
-0.774192
-0.855685
-0.850524
-0.831726
-0.831068
-0.830362
-0.829603
-0.828154
-0.825894
-0.82369
-0.823848
-0.903769
-0.894638
-0.878869
-0.877927
-0.877358
-0.877033
-0.876273
-0.875034
-0.873873
-0.873734
385.003
384.424
382.757
380.782
378.296
375.703
373.297
371.319
369.969
369.299
337.048
336.533
334.908
332.756
330.09
327.272
324.7
322.615
321.21
320.532
290.105
289.921
288.218
285.737
282.711
279.474
276.565
274.267
272.734
272.069
244.397
244.829
242.866
239.842
236.116
232.266
228.893
226.369
224.915
224.188
199.734
200.92
199.122
195.084
190.291
185.597
181.622
178.788
177.202
176.721
156.506
158.755
156.553
150.824
144.613
139.137
134.684
131.671
130.62
130.874
114.422
118.063
115.199
106.798
98.425
91.9381
87.3942
85.0576
85.2547
87.7017
73.1274
78.125
73.8288
60.2469
49.5755
43.039
39.465
38.8986
42.3398
51.0373
37.7845
39.6632
31.2478
13.7701
8.04628
6.41023
4.54952
3.83862
7.56999
23.018
18.7799
10.3246
2.47992
-0.0926558
-0.387171
-0.390316
-0.368694
-0.318554
-0.283916
1.1442
16.4422
0.463443
-0.473353
-0.493846
-0.481681
-0.4604
-0.453362
-0.445094
-0.501835
-0.595388
10.5037
-0.155975
-0.605534
-0.554011
-0.531663
-0.523206
-0.537102
-0.560104
-0.591279
-0.589419
0.462168
-0.684823
-0.676439
-0.615241
-0.590715
-0.581114
-0.606042
-0.641452
-0.679159
-0.644757
-0.755493
-0.698159
-0.677109
-0.657359
-0.633677
-0.624243
-0.64335
-0.674739
-0.704092
-0.65484
-0.555748
-0.699453
-0.688754
-0.693764
-0.676325
-0.661852
-0.668967
-0.680733
-0.684358
-0.657525
-0.458869
-0.75078
-0.724546
-0.72695
-0.717637
-0.703126
-0.700408
-0.698212
-0.691718
-0.685111
-0.410686
-0.772957
-0.763902
-0.758439
-0.755222
-0.746034
-0.740419
-0.734293
-0.728993
-0.728506
-0.535867
-0.823682
-0.806142
-0.793941
-0.791976
-0.787612
-0.783782
-0.77883
-0.77545
-0.776033
-0.637192
-0.85592
-0.845077
-0.834209
-0.83381
-0.831665
-0.829584
-0.826507
-0.824009
-0.824464
-0.605081
-0.894286
-0.890001
-0.879001
-0.879182
-0.877883
-0.876747
-0.875125
-0.873813
-0.873746
386.25
385.617
383.797
381.825
379.248
376.662
374.312
372.389
371.083
370.44
339.691
337.481
336.284
334.012
331.181
328.319
325.797
323.777
322.43
321.783
292.977
290.926
289.893
287.313
284.058
280.721
277.83
275.617
274.183
273.543
246.977
245.889
244.913
241.829
237.842
233.812
230.406
227.972
226.571
225.978
202.501
202.055
201.618
197.683
192.529
187.533
183.465
180.762
179.372
178.966
160.82
159.943
159.73
154.04
147.257
141.411
136.869
134.035
133.255
133.685
119.978
119.849
119.339
110.536
101.213
94.2206
89.5399
87.5207
88.2625
91.1111
79.0214
81.415
80.2887
64.7798
52.1937
45.3135
41.6717
41.3894
45.2116
54.5364
44.2213
44.3863
38.4929
17.121
7.95109
6.74181
5.13866
4.39433
8.70442
25.7575
30.3969
16.5681
5.52248
1.00603
-0.269256
-0.384042
-0.359744
-0.29303
-0.189613
1.80387
31.2063
10.0961
-0.803266
-0.378883
-0.469875
-0.45554
-0.449664
-0.439874
-0.507915
-0.626546
30.2576
11.6392
-0.236155
-0.535357
-0.516384
-0.519079
-0.533227
-0.559331
-0.595581
-0.589535
18.5703
3.42404
-0.591928
-0.622216
-0.580111
-0.579208
-0.600744
-0.645248
-0.68329
-0.64631
11.4125
-0.48693
-0.729186
-0.672349
-0.62911
-0.621659
-0.637262
-0.674623
-0.705746
-0.658687
11.8043
-0.405478
-0.689302
-0.703808
-0.675566
-0.659652
-0.664612
-0.679657
-0.684091
-0.660197
12.6895
-0.256056
-0.707335
-0.734003
-0.730808
-0.704458
-0.700243
-0.699712
-0.693746
-0.68753
10.5907
-0.499562
-0.759642
-0.759366
-0.77073
-0.752558
-0.744081
-0.738375
-0.732578
-0.730859
4.92042
-0.842267
-0.80689
-0.794765
-0.799174
-0.792418
-0.787344
-0.782142
-0.778001
-0.777524
2.20065
-0.845039
-0.835706
-0.833446
-0.83444
-0.83313
-0.831208
-0.828023
-0.825435
-0.825506
2.828
-0.872415
-0.876429
-0.877809
-0.879252
-0.878664
-0.877585
-0.87589
-0.874501
-0.874339
386.095
384.92
383.519
381.679
379.177
376.617
374.284
372.364
371.057
370.415
339.872
337.412
335.928
333.897
331.097
328.273
325.772
323.754
322.407
321.759
293.214
291.011
289.693
287.228
283.998
280.678
277.808
275.6
274.164
273.524
247.516
246
244.983
241.854
237.864
233.815
230.404
227.965
226.555
225.961
202.964
202.222
201.8
197.906
192.711
187.62
183.504
180.78
179.371
178.958
160.919
159.918
160.213
154.708
147.722
141.629
136.975
134.096
133.285
133.697
119.377
119.626
120.093
111.918
102.121
94.6279
89.7008
87.6025
88.3112
91.1336
76.7117
81.346
81.0158
66.7051
53.3238
46.0169
42.1713
41.7371
45.2735
54.4543
45.9435
45.6428
39.8251
18.4023
8.1601
6.65122
5.13459
4.48959
8.80055
25.692
39.4875
20.3131
6.09139
0.959019
-0.248988
-0.382138
-0.364386
-0.298473
-0.182416
1.83207
37.9102
13.5072
-0.517099
-0.399671
-0.476455
-0.459727
-0.454245
-0.44683
-0.514492
-0.624436
29.4362
10.9551
-0.371528
-0.522517
-0.51221
-0.52114
-0.535463
-0.564055
-0.601583
-0.590947
16.5993
3.46601
-0.444844
-0.568201
-0.562368
-0.577199
-0.598119
-0.643739
-0.684546
-0.64527
3.74021
-0.739972
-0.539587
-0.637535
-0.606379
-0.615377
-0.634032
-0.668938
-0.698631
-0.655551
3.39286
-0.675525
-0.665871
-0.573797
-0.655696
-0.653754
-0.660235
-0.673901
-0.678209
-0.658756
4.8823
-0.684601
-0.701098
-0.670409
-0.681766
-0.70421
-0.697434
-0.696782
-0.692147
-0.687543
5.67148
-0.725189
-0.745929
-0.763736
-0.755222
-0.755421
-0.743882
-0.739391
-0.733485
-0.731448
8.21443
-0.712843
-0.772485
-0.782996
-0.805206
-0.801054
-0.790701
-0.784151
-0.779464
-0.778394
13.2075
-0.716214
-0.812787
-0.812007
-0.831593
-0.833777
-0.832311
-0.829224
-0.826678
-0.826386
14.0864
-0.755425
-0.873963
-0.863721
-0.876624
-0.878188
-0.878138
-0.876661
-0.875352
-0.875118
385.02
384.644
382.74
380.743
378.229
375.641
373.233
371.25
369.896
369.225
337.267
336.583
334.964
332.736
330.034
327.218
324.643
322.551
321.141
320.461
290.547
289.984
288.27
285.729
282.679
279.44
276.524
274.219
272.679
272.011
245.156
244.961
242.991
239.883
236.157
232.289
228.884
226.34
224.873
224.139
201.073
201.65
199.565
195.333
190.497
185.723
181.674
178.802
177.182
176.694
158.49
160.086
157.398
151.423
145.045
139.376
134.816
131.762
130.661
130.893
117.071
119.993
116.47
107.755
99.0649
92.2231
87.4126
85.0148
85.2538
87.7313
76.7029
80.6162
75.2563
61.2748
50.2911
43.5214
39.8367
39.1466
42.2688
50.6969
41.0902
41.3846
32.2608
14.266
8.45721
6.47699
4.57502
3.97812
7.72638
22.7946
19.2637
10.8732
2.4951
-0.125839
-0.390637
-0.393552
-0.376505
-0.333106
-0.283806
1.19296
15.883
0.949977
-0.48736
-0.495928
-0.483665
-0.465059
-0.462095
-0.459756
-0.517193
-0.596692
11.8752
0.0115209
-0.587625
-0.54043
-0.527881
-0.52581
-0.542769
-0.5713
-0.604624
-0.592473
1.89139
-0.606973
-0.643482
-0.594915
-0.584532
-0.581137
-0.602332
-0.640142
-0.680368
-0.637177
-0.380228
-0.712346
-0.65544
-0.643003
-0.625411
-0.62219
-0.635069
-0.661144
-0.685206
-0.645701
-0.0958725
-0.681727
-0.674243
-0.685195
-0.66105
-0.659137
-0.661477
-0.667697
-0.670115
-0.65456
0.0710365
-0.696793
-0.709728
-0.718428
-0.69945
-0.700566
-0.697554
-0.69419
-0.689576
-0.687087
-0.364556
-0.756417
-0.762267
-0.757164
-0.752272
-0.747284
-0.742073
-0.737012
-0.73247
-0.731572
-0.459866
-0.812449
-0.802737
-0.795242
-0.798288
-0.793403
-0.788081
-0.782935
-0.779344
-0.778893
-0.250404
-0.858524
-0.843616
-0.833449
-0.835294
-0.833951
-0.832423
-0.829707
-0.827388
-0.827147
0.0198357
-0.87961
-0.882716
-0.87847
-0.880614
-0.879773
-0.878936
-0.877461
-0.876202
-0.875947
383.381
382.664
381.237
379.068
376.481
373.762
371.229
369.13
367.685
366.957
335.728
334.893
333.325
330.947
328.125
325.188
322.473
320.247
318.732
317.977
289.251
288.23
286.462
283.682
280.448
277.103
274.032
271.542
269.862
269.083
244.277
242.996
240.811
237.363
233.445
229.488
225.913
223.104
221.348
220.512
200.921
199.218
196.482
192.033
187.122
182.319
178.072
174.833
172.894
172.16
158.851
156.892
152.94
147.016
140.917
135.346
130.52
126.972
125.307
125.131
118.112
115.823
109.819
101.737
94.1086
87.7103
82.6769
79.5824
78.9072
80.4524
78.5715
74.6945
64.8431
53.9519
45.6644
39.4898
35.576
33.825
35.9281
42.4016
38.049
31.8162
18.8292
11.3125
8.36329
5.51428
3.58913
3.14502
5.67845
16.0164
5.70196
2.34253
-0.0318314
-0.382147
-0.413553
-0.395573
-0.387576
-0.36686
-0.374132
0.0148854
-0.347054
-0.438145
-0.497139
-0.485376
-0.478044
-0.467696
-0.47182
-0.478545
-0.520408
-0.573695
-0.302304
-0.522234
-0.550234
-0.527201
-0.525219
-0.527901
-0.547602
-0.57329
-0.604227
-0.592196
-0.656085
-0.626763
-0.598786
-0.580498
-0.57425
-0.578972
-0.600059
-0.630129
-0.664086
-0.621088
-0.63104
-0.671787
-0.632916
-0.624934
-0.617047
-0.618412
-0.630191
-0.647321
-0.662316
-0.629393
-0.635631
-0.679778
-0.661377
-0.668679
-0.661246
-0.657004
-0.65785
-0.659527
-0.659027
-0.648624
-0.667815
-0.717051
-0.704117
-0.711274
-0.709244
-0.699896
-0.694795
-0.689589
-0.685636
-0.685881
-0.574352
-0.765043
-0.751512
-0.752491
-0.75182
-0.745486
-0.739381
-0.733988
-0.730345
-0.731208
-0.723581
-0.798518
-0.791883
-0.792972
-0.793066
-0.789697
-0.785924
-0.781624
-0.778487
-0.779052
-0.855861
-0.842647
-0.832663
-0.834076
-0.835162
-0.834135
-0.83252
-0.830122
-0.828044
-0.827849
-0.92036
-0.865593
-0.883038
-0.881142
-0.881434
-0.880702
-0.879764
-0.878386
-0.87719
-0.876929
381.47
380.636
379.023
376.751
374.01
371.133
368.432
366.169
364.591
363.784
333.584
332.598
330.887
328.405
325.439
322.337
319.428
317.006
315.323
314.476
286.748
285.552
283.598
280.737
277.357
273.823
270.499
267.732
265.829
264.897
241.148
239.617
237.242
233.779
229.749
225.575
221.654
218.441
216.27
215.219
196.931
194.851
191.843
187.547
182.63
177.573
172.847
169.009
166.474
165.338
153.382
150.723
146.76
141.413
135.603
129.745
124.125
119.743
117.113
116.156
110.347
106.944
101.446
94.7657
87.8851
81.4044
75.5826
71.0391
68.7475
68.606
65.4021
60.6313
53.4662
46.4719
39.8766
34.0898
29.4499
26.1984
26.3487
29.013
18.617
13.8381
10.693
9.23575
6.28323
3.58095
2.19904
1.99761
2.95774
7.43848
0.967988
-0.0711287
-0.392539
-0.418163
-0.408414
-0.406103
-0.408586
-0.408004
-0.442797
-0.410228
-0.40446
-0.504505
-0.494272
-0.481562
-0.477278
-0.474291
-0.486058
-0.502954
-0.53177
-0.526889
-0.562936
-0.556658
-0.537356
-0.528693
-0.527126
-0.530159
-0.549827
-0.568912
-0.603281
-0.576039
-0.606907
-0.603448
-0.586724
-0.577224
-0.573341
-0.576554
-0.593194
-0.613909
-0.636811
-0.59678
-0.611267
-0.632908
-0.623644
-0.617908
-0.613389
-0.613611
-0.620778
-0.62991
-0.635931
-0.613229
-0.639015
-0.660284
-0.657168
-0.657903
-0.653981
-0.651602
-0.650492
-0.648872
-0.6462
-0.642862
-0.680688
-0.701387
-0.696236
-0.700176
-0.697191
-0.693815
-0.689625
-0.684032
-0.680806
-0.683775
-0.732018
-0.756817
-0.740545
-0.744768
-0.74288
-0.739879
-0.735819
-0.731013
-0.728164
-0.730518
-0.7496
-0.801701
-0.788782
-0.790122
-0.789173
-0.787093
-0.784528
-0.78126
-0.778244
-0.77946
-0.79304
-0.847527
-0.832883
-0.835538
-0.835163
-0.834261
-0.833064
-0.831205
-0.829646
-0.82929
-0.906205
-0.894004
-0.88338
-0.8839
-0.882533
-0.881804
-0.88108
-0.879951
-0.878815
-0.878492
379.003
378.109
376.414
373.987
371.084
368.012
365.096
362.625
360.877
359.975
330.853
329.879
328.042
325.411
322.271
318.944
315.78
313.095
311.198
310.233
283.619
282.456
280.334
277.32
273.727
269.896
266.215
263.076
260.852
259.731
237.309
235.837
233.285
229.697
225.424
220.845
216.405
212.592
209.876
208.518
191.938
190.023
186.886
182.558
177.368
171.785
166.291
161.514
158.06
156.372
146.714
144.39
140.578
135.491
129.436
122.681
116.05
110.209
105.892
103.863
100.855
98.2445
93.6909
87.7333
80.8106
73.5614
66.0333
59.2287
54.18
52.2015
51.8368
49.3396
44.9998
39.6631
33.6284
27.6117
21.7211
16.9505
14.5262
13.9011
7.89507
7.73651
7.74345
6.1224
3.52103
1.73607
1.09531
0.762754
0.739256
1.46199
-0.285359
-0.39726
-0.420692
-0.41312
-0.417651
-0.428475
-0.449606
-0.489311
-0.519094
-0.483043
-0.506017
-0.495908
-0.48452
-0.477891
-0.479869
-0.48595
-0.506038
-0.538162
-0.57453
-0.523582
-0.543896
-0.536171
-0.530248
-0.526389
-0.527471
-0.533166
-0.548589
-0.569845
-0.598623
-0.550757
-0.588614
-0.584715
-0.577936
-0.573697
-0.571362
-0.572901
-0.582717
-0.598085
-0.609159
-0.569411
-0.617434
-0.621371
-0.61771
-0.613655
-0.609821
-0.607584
-0.609171
-0.613594
-0.61518
-0.60007
-0.649182
-0.65648
-0.655138
-0.653402
-0.649842
-0.645866
-0.641803
-0.637271
-0.636858
-0.638566
-0.688325
-0.696191
-0.695309
-0.695483
-0.692946
-0.689048
-0.684226
-0.678788
-0.67678
-0.681634
-0.737443
-0.743805
-0.740382
-0.740727
-0.739171
-0.736389
-0.733043
-0.729784
-0.727133
-0.729927
-0.78484
-0.794697
-0.78836
-0.787881
-0.786862
-0.785458
-0.784091
-0.782641
-0.780848
-0.781068
-0.821714
-0.840178
-0.835351
-0.835358
-0.834884
-0.834659
-0.834749
-0.834413
-0.833296
-0.831997
-0.8843
-0.892226
-0.884196
-0.883676
-0.883038
-0.88311
-0.883603
-0.883714
-0.882809
-0.88106
376.502
375.549
373.704
371.108
368.004
364.703
361.535
358.818
356.878
355.871
328.116
327.099
325.115
322.306
318.936
315.334
311.86
308.868
306.724
305.627
280.434
279.266
277.003
273.784
269.89
265.669
261.539
257.947
255.348
254.022
233.445
232.032
229.349
225.523
220.84
215.69
210.549
205.983
202.61
200.907
187.084
185.352
182.125
177.509
171.781
165.364
158.707
152.675
148.097
145.799
140.904
138.862
135.073
129.655
122.676
114.798
106.361
98.3111
91.8127
88.8036
93.6749
91.5653
87.3651
81.2282
73.4119
64.3829
54.1668
44.2241
36.0983
32.9675
44.5525
42.7063
39.1218
34.1195
27.8251
20.6919
13.5356
8.48202
5.158
3.98843
6.24619
6.03471
5.22834
3.59852
1.82409
0.859589
0.251395
-0.200213
-0.189202
0.146482
-0.393068
-0.395491
-0.398399
-0.409703
-0.42872
-0.459899
-0.51007
-0.551938
-0.541022
-0.417401
-0.469076
-0.469415
-0.472114
-0.475081
-0.484309
-0.500014
-0.519728
-0.53688
-0.562634
-0.489969
-0.534715
-0.532589
-0.530869
-0.52857
-0.531053
-0.535727
-0.539912
-0.547763
-0.546392
-0.496342
-0.587182
-0.585111
-0.581094
-0.575608
-0.571346
-0.568082
-0.567977
-0.575242
-0.569615
-0.535839
-0.622135
-0.622298
-0.618875
-0.613144
-0.606889
-0.600643
-0.596288
-0.598144
-0.599457
-0.587632
-0.653574
-0.656412
-0.6544
-0.65072
-0.645458
-0.639436
-0.63389
-0.631154
-0.63243
-0.632746
-0.689167
-0.694213
-0.693297
-0.691806
-0.688486
-0.683931
-0.679614
-0.677505
-0.676328
-0.679118
-0.73284
-0.738236
-0.737669
-0.7373
-0.735727
-0.733083
-0.730918
-0.731132
-0.72967
-0.730978
-0.782994
-0.78708
-0.785745
-0.785398
-0.785063
-0.784463
-0.784823
-0.786891
-0.787837
-0.786534
-0.836062
-0.83588
-0.834329
-0.834118
-0.83466
-0.835992
-0.838993
-0.841263
-0.84247
-0.839573
-0.883397
-0.886072
-0.883272
-0.882954
-0.883502
-0.885626
-0.88964
-0.892177
-0.892796
-0.888352
374.227
373.182
371.195
368.42
365.098
361.542
358.103
355.129
352.993
351.881
325.69
324.575
322.431
319.417
315.784
311.869
308.058
304.74
302.341
301.112
277.673
276.421
273.975
270.488
266.228
261.557
256.93
252.859
249.875
248.347
230.189
228.732
225.838
221.646
216.43
210.58
204.622
199.26
195.191
193.134
183.186
181.455
177.971
172.846
166.341
158.772
150.754
143.454
137.736
134.838
136.523
134.515
130.4
124.14
116.106
106.436
95.6235
85.2363
76.445
72.3332
89.0568
87.0416
82.5024
75.4433
65.951
54.2389
40.9419
29.2098
20.3452
15.8606
41.1331
39.4258
35.6558
29.9237
22.2908
13.8788
7.19858
3.28283
1.56561
0.959615
4.78361
4.40645
3.59386
2.46432
1.36312
0.395382
-0.27007
-0.313535
-0.15502
0.0394588
-0.368146
-0.373917
-0.38773
-0.409712
-0.446051
-0.510317
-0.551338
-0.511261
-0.459778
-0.31709
-0.462066
-0.465869
-0.472828
-0.483399
-0.502857
-0.522013
-0.514535
-0.490983
-0.477699
-0.423516
-0.544869
-0.546246
-0.545893
-0.544092
-0.543396
-0.535058
-0.512556
-0.490564
-0.465322
-0.451337
-0.607852
-0.605955
-0.599438
-0.589362
-0.577358
-0.561644
-0.544795
-0.535488
-0.51643
-0.504059
-0.640994
-0.637576
-0.630645
-0.620038
-0.607252
-0.592837
-0.580216
-0.578566
-0.576965
-0.567355
-0.662459
-0.661491
-0.657363
-0.65081
-0.642166
-0.63235
-0.622674
-0.621776
-0.625319
-0.621663
-0.691053
-0.693385
-0.691646
-0.6889
-0.684405
-0.678719
-0.672959
-0.67287
-0.675904
-0.677419
-0.730722
-0.73497
-0.734834
-0.73429
-0.732718
-0.730114
-0.727761
-0.730579
-0.733293
-0.734171
-0.77838
-0.782607
-0.783012
-0.783462
-0.78386
-0.784418
-0.785046
-0.78969
-0.795357
-0.796159
-0.82957
-0.832421
-0.832207
-0.833086
-0.834841
-0.838827
-0.845136
-0.847864
-0.854221
-0.853235
-0.880394
-0.882767
-0.88168
-0.882243
-0.884175
-0.889815
-0.899041
-0.901864
-0.902891
-0.896289
372.358
371.238
369.125
366.178
362.643
358.838
355.142
351.93
349.616
348.413
323.734
322.529
320.239
317.021
313.12
308.896
304.758
301.136
298.504
297.159
275.555
274.179
271.533
267.759
263.122
257.996
252.891
248.378
245.045
243.338
227.885
226.297
223.109
218.49
212.671
206.071
199.319
193.23
188.522
186.152
180.674
178.736
174.856
169.101
161.661
152.845
143.553
135.146
128.523
125.19
134.035
131.681
127.011
119.891
110.411
98.5602
85.3961
73.2771
63.2634
57.5002
87.2648
84.9693
79.6288
71.1855
59.4446
44.6476
29.5607
18.3935
10.854
7.35442
41.3984
39.313
34.3364
26.8582
17.5909
9.0658
3.52376
1.20546
0.506893
0.563031
4.35942
4.01364
3.28638
2.25441
1.05059
0.0499598
-0.314682
-0.152334
-0.051566
0.12243
-0.310758
-0.322828
-0.362042
-0.410362
-0.481497
-0.561275
-0.527317
-0.431889
-0.324225
-0.190373
-0.450526
-0.46003
-0.478796
-0.499856
-0.53289
-0.551026
-0.510164
-0.445574
-0.3847
-0.347742
-0.56664
-0.569895
-0.568893
-0.562456
-0.553047
-0.525959
-0.483354
-0.444705
-0.414848
-0.420671
-0.646232
-0.641411
-0.628993
-0.612634
-0.58865
-0.552351
-0.51605
-0.495004
-0.484883
-0.480032
-0.666023
-0.658801
-0.647745
-0.632058
-0.611396
-0.585772
-0.565243
-0.553302
-0.557814
-0.545466
-0.668131
-0.664789
-0.659811
-0.650875
-0.639684
-0.626923
-0.615678
-0.608991
-0.614289
-0.608272
-0.690035
-0.689979
-0.687874
-0.684926
-0.680692
-0.675755
-0.669486
-0.664327
-0.669854
-0.674115
-0.72987
-0.731595
-0.730827
-0.730723
-0.730147
-0.730236
-0.72872
-0.724056
-0.729547
-0.732852
-0.777999
-0.779919
-0.780222
-0.78098
-0.782839
-0.786212
-0.78902
-0.786033
-0.792271
-0.794592
-0.828082
-0.830103
-0.830296
-0.831595
-0.834639
-0.840657
-0.847567
-0.845305
-0.84952
-0.848872
-0.879438
-0.880479
-0.880309
-0.88124
-0.884357
-0.892065
-0.901379
-0.897354
-0.895244
-0.889144
371.091
369.914
367.707
364.619
360.912
356.912
353.018
349.627
347.176
345.899
322.432
321.151
318.752
315.359
311.245
306.771
302.376
298.52
295.702
294.267
274.181
272.657
269.885
265.887
260.929
255.426
249.935
245.074
241.48
239.631
226.567
224.958
221.423
216.375
210.01
202.752
195.302
188.579
183.376
180.776
179.39
177.218
172.996
166.652
158.307
148.355
137.919
128.645
121.467
117.763
133.319
130.743
125.491
117.416
106.316
92.276
76.7878
63.4446
54.4791
48.6313
88.3516
85.4219
79.2162
69.2488
54.8819
36.7892
20.7565
11.1529
7.41379
5.89027
45.3001
42.6145
36.5054
26.9891
15.1486
5.84024
1.64996
0.515252
0.439509
0.860893
8.62747
7.82142
5.93119
3.26077
1.01341
-0.110914
-0.162809
-0.0561066
0.03492
0.291595
-0.256024
-0.299837
-0.373578
-0.44709
-0.51825
-0.554221
-0.460525
-0.327562
-0.203473
-0.0581639
-0.518332
-0.523747
-0.525729
-0.536036
-0.579547
-0.583722
-0.499027
-0.403455
-0.340907
-0.262643
-0.596763
-0.600341
-0.602679
-0.603093
-0.598043
-0.548183
-0.474776
-0.432684
-0.428129
-0.408123
-0.670839
-0.669517
-0.657629
-0.637305
-0.606297
-0.548962
-0.502989
-0.48435
-0.491571
-0.488902
-0.680485
-0.672938
-0.659604
-0.639241
-0.613705
-0.579088
-0.555526
-0.54597
-0.550533
-0.543699
-0.667653
-0.663813
-0.658824
-0.648298
-0.63504
-0.621119
-0.612296
-0.607118
-0.608465
-0.608731
-0.686786
-0.686422
-0.684848
-0.681589
-0.677111
-0.672613
-0.670029
-0.668071
-0.666383
-0.669279
-0.72939
-0.729767
-0.728904
-0.728403
-0.727632
-0.727943
-0.729569
-0.729158
-0.725394
-0.726465
-0.777423
-0.778165
-0.77792
-0.77867
-0.781406
-0.786515
-0.792905
-0.792817
-0.785679
-0.784002
-0.82749
-0.828456
-0.828852
-0.830299
-0.833623
-0.841164
-0.852473
-0.85113
-0.843102
-0.835417
-0.878562
-0.879045
-0.879278
-0.880301
-0.883493
-0.891995
-0.902259
-0.897252
-0.890113
-0.879016
370.469
369.26
366.989
363.822
360.018
355.913
351.913
348.432
345.905
344.589
321.81
320.496
318.014
314.523
310.291
305.682
301.157
297.186
294.277
292.797
273.576
272.05
269.136
264.972
259.825
254.115
248.419
243.381
239.649
237.712
226.021
224.215
220.609
215.351
208.682
201.071
193.257
186.224
180.807
178.021
179.038
176.796
172.315
165.569
156.675
146.094
135.021
125.308
117.835
114.022
133.816
131.056
125.386
116.549
104.389
89.2921
72.5047
57.5867
48.7443
44.0643
91.3109
87.9925
80.8849
69.2872
53.0326
33.551
15.9403
7.40181
5.93747
4.93405
54.6606
51.1021
43.0393
29.6311
14.3016
3.92894
0.960794
0.555393
0.832103
1.10711
25.9377
23.1885
16.6362
7.89202
1.78959
0.209251
0.0681688
0.12775
0.286111
0.497716
1.89134
1.17394
0.0537962
-0.414583
-0.481194
-0.416752
-0.312757
-0.19426
-0.0722121
0.0527223
-0.642872
-0.634339
-0.604798
-0.540543
-0.536285
-0.506833
-0.432337
-0.353632
-0.27667
-0.213245
-0.597721
-0.602835
-0.604428
-0.582163
-0.560064
-0.50814
-0.462861
-0.432087
-0.40497
-0.367686
-0.636022
-0.631196
-0.621614
-0.59717
-0.570828
-0.533092
-0.508664
-0.496212
-0.492571
-0.466448
-0.645281
-0.639422
-0.627942
-0.61205
-0.594616
-0.575176
-0.561285
-0.554292
-0.552557
-0.538344
-0.654799
-0.652456
-0.648241
-0.640446
-0.629345
-0.619929
-0.613514
-0.610302
-0.609255
-0.600086
-0.687139
-0.686681
-0.685372
-0.681605
-0.676503
-0.671534
-0.669287
-0.669045
-0.664812
-0.665691
-0.73127
-0.731278
-0.730718
-0.729925
-0.728638
-0.727633
-0.728901
-0.729476
-0.725713
-0.723337
-0.778927
-0.7792
-0.77919
-0.779571
-0.78088
-0.784373
-0.79276
-0.794837
-0.786281
-0.776846
-0.82826
-0.828677
-0.828943
-0.830045
-0.83238
-0.837812
-0.851669
-0.852203
-0.837911
-0.827084
-0.878498
-0.878769
-0.879068
-0.880041
-0.882046
-0.887645
-0.896233
-0.893008
-0.881177
-0.874391
-0.918495
-0.919129
-0.920061
-0.921661
-0.925181
-0.931676
-0.931159
-0.920706
-0.91727
-0.915842
-0.968579
-0.968894
-0.969266
-0.969932
-0.971407
-0.973761
-0.971771
-0.96441
-0.964593
-0.965632
-1.01869
-1.01872
-1.01862
-1.01852
-1.01839
-1.01796
-1.01659
-1.01336
-1.01366
-1.01521
-1.0689
-1.06874
-1.06835
-1.06783
-1.06706
-1.06577
-1.06387
-1.06282
-1.06311
-1.06429
-1.11925
-1.119
-1.11848
-1.11785
-1.11694
-1.11574
-1.11433
-1.11338
-1.11359
-1.11444
-1.16974
-1.16948
-1.16895
-1.16836
-1.16756
-1.16663
-1.16567
-1.16505
-1.16505
-1.16551
-1.22041
-1.22019
-1.2197
-1.21923
-1.21864
-1.21795
-1.21731
-1.2169
-1.21683
-1.21702
-1.27128
-1.27113
-1.27069
-1.27034
-1.26992
-1.26947
-1.26905
-1.26877
-1.26869
-1.26874
-1.32239
-1.3223
-1.32191
-1.32167
-1.32139
-1.32109
-1.32082
-1.32063
-1.32055
-1.32055
-1.37379
-1.37374
-1.37339
-1.37322
-1.37301
-1.37281
-1.37263
-1.3725
-1.37243
-1.37241
-1.42558
-1.42548
-1.42514
-1.42498
-1.42481
-1.42464
-1.4245
-1.42439
-1.42433
-1.4243
-1.4778
-1.47756
-1.47718
-1.47696
-1.47677
-1.47659
-1.47645
-1.47634
-1.47627
-1.47624
-1.53036
-1.52994
-1.52948
-1.52916
-1.52889
-1.52866
-1.52848
-1.52835
-1.52826
-1.52822
-1.58318
-1.58258
-1.58198
-1.58152
-1.58114
-1.58083
-1.58059
-1.58042
-1.58031
-1.58025
-1.63616
-1.63537
-1.63462
-1.634
-1.63349
-1.63308
-1.63276
-1.63254
-1.63241
-1.63233
-1.68913
-1.68817
-1.68727
-1.6865
-1.68586
-1.68536
-1.68498
-1.68471
-1.68454
-1.68445
-1.7419
-1.74081
-1.7398
-1.73892
-1.7382
-1.73763
-1.73719
-1.73688
-1.73669
-1.73659
-1.7942
-1.79313
-1.7921
-1.7912
-1.79044
-1.78984
-1.78938
-1.78905
-1.78884
-1.78873
-1.84603
-1.84506
-1.84412
-1.84326
-1.84253
-1.84195
-1.84149
-1.84117
-1.84096
-1.84085
-1.89748
-1.89665
-1.89585
-1.8951
-1.89446
-1.89394
-1.89353
-1.89323
-1.89303
-1.89293
-0.918075
-0.919009
-0.919883
-0.921763
-0.927022
-0.936371
-0.939437
-0.930005
-0.926147
-0.920557
-0.96818
-0.968734
-0.96896
-0.969524
-0.971322
-0.974971
-0.97581
-0.969306
-0.969413
-0.966245
-1.0184
-1.01858
-1.0183
-1.01791
-1.01716
-1.01576
-1.01342
-1.01099
-1.01376
-1.01527
-1.06866
-1.06864
-1.0681
-1.06736
-1.06605
-1.06351
-1.05983
-1.05803
-1.06033
-1.06363
-1.11901
-1.11891
-1.11829
-1.11756
-1.11636
-1.11455
-1.11216
-1.11061
-1.11153
-1.11354
-1.16945
-1.16938
-1.16877
-1.16817
-1.16727
-1.16609
-1.16481
-1.16402
-1.16424
-1.1651
-1.22005
-1.22006
-1.21949
-1.21908
-1.21845
-1.2177
-1.21696
-1.21651
-1.21653
-1.21687
-1.27084
-1.27095
-1.27042
-1.27019
-1.26978
-1.26933
-1.2689
-1.26863
-1.26858
-1.2687
-1.32186
-1.32207
-1.32159
-1.3215
-1.32124
-1.32098
-1.32073
-1.32057
-1.32051
-1.32051
-1.37313
-1.37346
-1.37302
-1.37302
-1.37286
-1.37269
-1.37254
-1.37243
-1.37238
-1.37237
-1.42487
-1.42517
-1.42475
-1.42476
-1.42464
-1.42452
-1.4244
-1.42432
-1.42427
-1.42426
-1.47718
-1.47726
-1.47682
-1.47674
-1.4766
-1.47646
-1.47634
-1.47625
-1.4762
-1.47618
-1.52986
-1.52968
-1.52917
-1.52895
-1.52872
-1.52852
-1.52837
-1.52825
-1.52818
-1.52814
-1.58288
-1.5824
-1.58176
-1.58134
-1.58099
-1.5807
-1.58047
-1.58031
-1.58022
-1.58017
-1.63613
-1.63534
-1.63451
-1.63388
-1.63336
-1.63296
-1.63265
-1.63244
-1.63231
-1.63224
-1.68935
-1.68832
-1.68729
-1.68646
-1.68579
-1.68526
-1.68488
-1.68461
-1.68444
-1.68436
-1.74228
-1.74109
-1.73994
-1.73895
-1.73817
-1.73756
-1.73711
-1.7368
-1.7366
-1.73651
-1.79467
-1.79346
-1.7923
-1.79128
-1.79045
-1.7898
-1.78931
-1.78897
-1.78877
-1.78866
-1.84648
-1.84539
-1.84433
-1.84337
-1.84257
-1.84193
-1.84145
-1.84111
-1.84091
-1.84079
-1.89782
-1.89691
-1.89603
-1.89521
-1.89451
-1.89394
-1.89351
-1.89319
-1.893
-1.8929
-0.917277
-0.919154
-0.91993
-0.9221
-0.927439
-0.9366
-0.940846
-0.936724
-0.93489
-0.929072
-0.967522
-0.968846
-0.968923
-0.96961
-0.971394
-0.974508
-0.975504
-0.972548
-0.973809
-0.97157
-1.01793
-1.01872
-1.01826
-1.01791
-1.01704
-1.01488
-1.01076
-1.00843
-1.0132
-1.01764
-1.06827
-1.06879
-1.06805
-1.0674
-1.066
-1.06323
-1.05872
-1.05614
-1.05942
-1.06394
-1.11859
-1.11902
-1.11817
-1.11755
-1.11636
-1.1145
-1.11205
-1.11038
-1.11173
-1.11385
-1.16885
-1.16937
-1.16852
-1.16808
-1.16723
-1.16608
-1.16482
-1.16406
-1.16442
-1.16533
-1.21918
-1.21991
-1.21909
-1.21897
-1.21835
-1.21767
-1.21697
-1.21657
-1.21663
-1.21701
-1.26972
-1.27068
-1.26988
-1.26998
-1.2696
-1.26923
-1.26887
-1.26864
-1.26864
-1.26879
-1.32052
-1.32168
-1.32092
-1.32122
-1.321
-1.32082
-1.32064
-1.32053
-1.3205
-1.32051
-1.37162
-1.37296
-1.37224
-1.37268
-1.37257
-1.3725
-1.37241
-1.37234
-1.37232
-1.37233
-1.4231
-1.42458
-1.42389
-1.42438
-1.42432
-1.42429
-1.42423
-1.42419
-1.42417
-1.42417
-1.47559
-1.47672
-1.47602
-1.47635
-1.47627
-1.47621
-1.47614
-1.47609
-1.47606
-1.47605
-1.52853
-1.52918
-1.52847
-1.52855
-1.52839
-1.52826
-1.52814
-1.52806
-1.52801
-1.52799
-1.58196
-1.58204
-1.58121
-1.58098
-1.58068
-1.58043
-1.58024
-1.5801
-1.58002
-1.57998
-1.63579
-1.63523
-1.6342
-1.63361
-1.6331
-1.6327
-1.63242
-1.63222
-1.6321
-1.63205
-1.68961
-1.68856
-1.68725
-1.68632
-1.6856
-1.68505
-1.68466
-1.6844
-1.68424
-1.68416
-1.74307
-1.74159
-1.74011
-1.73895
-1.73807
-1.7374
-1.73693
-1.73661
-1.73642
-1.73632
-1.79575
-1.79415
-1.79263
-1.79139
-1.79043
-1.7897
-1.78917
-1.78882
-1.78861
-1.7885
-1.8475
-1.84609
-1.84471
-1.84354
-1.8426
-1.84188
-1.84136
-1.84099
-1.84079
-1.84067
-1.89851
-1.89746
-1.89638
-1.8954
-1.89459
-1.89394
-1.89346
-1.89312
-1.89292
-1.89281
-0.915269
-0.919312
-0.919913
-0.922166
-0.926338
-0.934179
-0.93995
-0.94275
-0.943148
-0.934923
-0.966074
-0.969201
-0.968992
-0.969966
-0.971274
-0.973604
-0.975904
-0.977372
-0.978113
-0.976369
-1.01696
-1.01926
-1.01841
-1.01847
-1.01782
-1.01614
-1.01324
-1.01241
-1.01509
-1.01898
-1.06751
-1.06936
-1.06815
-1.06788
-1.06678
-1.06482
-1.06174
-1.05969
-1.06198
-1.06514
-1.11781
-1.11943
-1.1181
-1.11788
-1.11686
-1.11545
-1.11369
-1.11253
-1.11341
-1.1151
-1.16771
-1.16952
-1.1682
-1.16823
-1.16745
-1.16656
-1.16558
-1.16503
-1.1653
-1.16606
-1.21774
-1.2198
-1.21851
-1.21888
-1.21832
-1.21783
-1.21732
-1.21703
-1.21711
-1.21743
-1.26782
-1.27033
-1.26908
-1.26977
-1.26939
-1.26919
-1.26895
-1.26882
-1.26885
-1.26898
-1.31817
-1.3211
-1.31996
-1.32091
-1.32066
-1.32065
-1.32057
-1.32053
-1.32055
-1.3206
-1.36877
-1.37214
-1.37111
-1.37228
-1.37214
-1.37224
-1.37225
-1.37225
-1.37227
-1.3723
-1.41961
-1.42357
-1.42259
-1.42393
-1.42386
-1.42398
-1.42401
-1.42402
-1.42404
-1.42405
-1.47281
-1.476
-1.4748
-1.47589
-1.47582
-1.47587
-1.47587
-1.47587
-1.47587
-1.47587
-1.5261
-1.52854
-1.52735
-1.52806
-1.52795
-1.5279
-1.52784
-1.52779
-1.52777
-1.52776
-1.58046
-1.58159
-1.58032
-1.5805
-1.58025
-1.58005
-1.5799
-1.57979
-1.57974
-1.57972
-1.63546
-1.63523
-1.63369
-1.63324
-1.63272
-1.63233
-1.63206
-1.63189
-1.6318
-1.63175
-1.69068
-1.68917
-1.68719
-1.68614
-1.68532
-1.68472
-1.68433
-1.68407
-1.68393
-1.68386
-1.74489
-1.74274
-1.74045
-1.73899
-1.73792
-1.73715
-1.73664
-1.73631
-1.73613
-1.73604
-1.79763
-1.79557
-1.79326
-1.79158
-1.7904
-1.78953
-1.78895
-1.78857
-1.78835
-1.78825
-1.84901
-1.84744
-1.84543
-1.84381
-1.84265
-1.84179
-1.8412
-1.84081
-1.84058
-1.84047
-1.89945
-1.89838
-1.897
-1.8957
-1.89469
-1.89392
-1.89338
-1.893
-1.89278
-1.89267
-0.911959
-0.919331
-0.919894
-0.922306
-0.924829
-0.929224
-0.934292
-0.936294
-0.935436
-0.93076
-0.964074
-0.96973
-0.969239
-0.970589
-0.971405
-0.972548
-0.973866
-0.975436
-0.975086
-0.974811
-1.01688
-1.02039
-1.01882
-1.01936
-1.01894
-1.01811
-1.01668
-1.01625
-1.01728
-1.01927
-1.06794
-1.0706
-1.06844
-1.06868
-1.06782
-1.06673
-1.0652
-1.06424
-1.06522
-1.06674
-1.11765
-1.12036
-1.11811
-1.11842
-1.11753
-1.11665
-1.11563
-1.11505
-1.11547
-1.11641
-1.16612
-1.16997
-1.16783
-1.16846
-1.16772
-1.16719
-1.1666
-1.16629
-1.16647
-1.16696
-1.21477
-1.21982
-1.21778
-1.21883
-1.21825
-1.21806
-1.21778
-1.21765
-1.21775
-1.21798
-1.26405
-1.27011
-1.26802
-1.26952
-1.26907
-1.26915
-1.26908
-1.26907
-1.26914
-1.26926
-1.31404
-1.32057
-1.31885
-1.32052
-1.32018
-1.32044
-1.3205
-1.32055
-1.32063
-1.3207
-1.36387
-1.37138
-1.36988
-1.3718
-1.37156
-1.37192
-1.37205
-1.37214
-1.37221
-1.37226
-1.41213
-1.42228
-1.42105
-1.4234
-1.42324
-1.4236
-1.42374
-1.42382
-1.42388
-1.42391
-1.46887
-1.47546
-1.47335
-1.47546
-1.47524
-1.47545
-1.47554
-1.47559
-1.47562
-1.47565
-1.52366
-1.52796
-1.52578
-1.52751
-1.52734
-1.5274
-1.52743
-1.52743
-1.52745
-1.52746
-1.57803
-1.58118
-1.5788
-1.57984
-1.5796
-1.57948
-1.57941
-1.57936
-1.57935
-1.57935
-1.63372
-1.63533
-1.63268
-1.63264
-1.63209
-1.63172
-1.63152
-1.6314
-1.63136
-1.63134
-1.69135
-1.69026
-1.68675
-1.68578
-1.6848
-1.68415
-1.68379
-1.68357
-1.68348
-1.68344
-1.74741
-1.74458
-1.74079
-1.73896
-1.73761
-1.7367
-1.73617
-1.73585
-1.7357
-1.73563
-1.80148
-1.79776
-1.79419
-1.79182
-1.7903
-1.78922
-1.78858
-1.78817
-1.78797
-1.78787
-1.85392
-1.84958
-1.84654
-1.84418
-1.84266
-1.8416
-1.84093
-1.8405
-1.84028
-1.84016
-1.90337
-1.90025
-1.89802
-1.89613
-1.8948
-1.89386
-1.89323
-1.89281
-1.89257
-1.89246
-0.904574
-0.920033
-0.920352
-0.922712
-0.924108
-0.925755
-0.927407
-0.928108
-0.927003
-0.925691
-0.959775
-0.971877
-0.969896
-0.97141
-0.971758
-0.972146
-0.972337
-0.972589
-0.972323
-0.972519
-1.01276
-1.02332
-1.01933
-1.02038
-1.01987
-1.01945
-1.01873
-1.01834
-1.01872
-1.01967
-1.06384
-1.07334
-1.06859
-1.06956
-1.06866
-1.06807
-1.06734
-1.06693
-1.06727
-1.06803
-1.1142
-1.12225
-1.11795
-1.11895
-1.11802
-1.11758
-1.11705
-1.11682
-1.11703
-1.11753
-1.16347
-1.17117
-1.16743
-1.16863
-1.16784
-1.16767
-1.16737
-1.16732
-1.16748
-1.16779
-1.21213
-1.22051
-1.21721
-1.2187
-1.21807
-1.21819
-1.21817
-1.21817
-1.21831
-1.2185
-1.26108
-1.27021
-1.26739
-1.26916
-1.26869
-1.26904
-1.26914
-1.26926
-1.2694
-1.26952
-1.31161
-1.32028
-1.31808
-1.32001
-1.3197
-1.3202
-1.32038
-1.32054
-1.32068
-1.32077
-1.36183
-1.37094
-1.3691
-1.37121
-1.37106
-1.37164
-1.37185
-1.37201
-1.37212
-1.37219
-1.40217
-1.42189
-1.41969
-1.42285
-1.42276
-1.42332
-1.42351
-1.42362
-1.4237
-1.42374
-1.45705
-1.47682
-1.47216
-1.47525
-1.47485
-1.47517
-1.47528
-1.47533
-1.47537
-1.47539
-1.51343
-1.52726
-1.52384
-1.52705
-1.52683
-1.52702
-1.52708
-1.52708
-1.5271
-1.52712
-1.56663
-1.58036
-1.5765
-1.57906
-1.57891
-1.57891
-1.57893
-1.57891
-1.57892
-1.57895
-1.62867
-1.63492
-1.63115
-1.63179
-1.63129
-1.631
-1.63093
-1.63086
-1.63087
-1.63088
-1.69432
-1.69138
-1.68625
-1.68523
-1.6841
-1.68344
-1.68317
-1.68299
-1.68295
-1.68294
-1.75637
-1.74864
-1.74103
-1.73893
-1.73717
-1.73612
-1.7356
-1.73528
-1.73515
-1.73511
-1.81268
-1.80413
-1.79537
-1.79221
-1.7901
-1.78878
-1.78809
-1.78765
-1.78745
-1.78736
-1.86374
-1.85684
-1.8484
-1.84447
-1.84262
-1.84129
-1.84054
-1.84006
-1.83983
-1.83972
-1.91012
-1.90608
-1.89986
-1.89649
-1.89491
-1.89372
-1.89299
-1.89251
-1.89226
-1.89215
-0.915494
-0.929177
-0.923749
-0.924029
-0.924344
-0.924684
-0.924663
-0.924305
-0.923697
-0.923603
-0.972203
-0.980637
-0.973097
-0.97278
-0.972348
-0.972226
-0.971902
-0.97159
-0.971474
-0.971761
-1.02323
-1.03117
-1.02179
-1.0216
-1.02058
-1.02019
-1.01972
-1.01944
-1.01957
-1.02003
-1.07535
-1.07898
-1.07017
-1.07033
-1.06916
-1.06882
-1.06844
-1.06828
-1.06846
-1.06885
-1.12146
-1.12454
-1.1188
-1.11913
-1.11814
-1.11802
-1.11785
-1.11786
-1.11805
-1.11835
-1.16895
-1.17145
-1.16775
-1.16831
-1.16758
-1.16775
-1.16779
-1.16795
-1.16817
-1.1684
-1.21907
-1.21946
-1.21731
-1.21805
-1.21751
-1.21794
-1.21817
-1.21844
-1.21869
-1.21887
-1.27196
-1.26852
-1.26738
-1.26832
-1.26788
-1.26856
-1.2689
-1.26925
-1.26952
-1.26969
-1.32777
-1.31907
-1.31814
-1.31909
-1.31872
-1.31958
-1.31997
-1.32035
-1.32062
-1.32077
-1.38107
-1.37086
-1.36939
-1.37029
-1.37007
-1.37098
-1.37136
-1.37169
-1.37192
-1.37205
-1.43099
-1.41923
-1.41997
-1.42194
-1.4219
-1.42272
-1.423
-1.42321
-1.42337
-1.42346
-1.47736
-1.48316
-1.47333
-1.4754
-1.47436
-1.47465
-1.47474
-1.4748
-1.47489
-1.47494
-1.52038
-1.52884
-1.52353
-1.52663
-1.52622
-1.5264
-1.5264
-1.52637
-1.52643
-1.52647
-1.57315
-1.57858
-1.57555
-1.5782
-1.57795
-1.57795
-1.57799
-1.57797
-1.57801
-1.57813
-1.63347
-1.63316
-1.62973
-1.63071
-1.62995
-1.62965
-1.6297
-1.62971
-1.62985
-1.62992
-1.69818
-1.69154
-1.68482
-1.68448
-1.68286
-1.68203
-1.68185
-1.68176
-1.68187
-1.68192
-1.75931
-1.75247
-1.74043
-1.73902
-1.73645
-1.735
-1.73439
-1.73413
-1.73407
-1.73415
-1.81597
-1.81303
-1.79605
-1.79258
-1.78977
-1.78797
-1.78713
-1.78665
-1.78656
-1.78653
-1.86464
-1.86824
-1.8515
-1.84469
-1.84237
-1.84059
-1.83976
-1.83928
-1.83916
-1.83911
-1.89018
-1.91447
-1.904
-1.89701
-1.89508
-1.89337
-1.89251
-1.892
-1.8918
-1.89173
-0.954213
-0.940685
-0.928012
-0.925953
-0.925052
-0.92472
-0.924233
-0.923549
-0.922986
-0.922938
-1.00368
-0.988168
-0.976499
-0.974201
-0.97294
-0.972518
-0.9721
-0.971713
-0.971526
-0.971656
-1.05405
-1.03615
-1.02452
-1.02234
-1.02096
-1.0206
-1.02031
-1.02014
-1.02016
-1.02039
-1.10508
-1.07962
-1.07185
-1.0702
-1.06918
-1.06908
-1.069
-1.06904
-1.06919
-1.06943
-1.1391
-1.12283
-1.11916
-1.11824
-1.11778
-1.118
-1.11819
-1.11842
-1.11867
-1.11891
-1.18639
-1.16886
-1.16812
-1.16701
-1.16695
-1.16743
-1.16786
-1.16826
-1.16859
-1.16882
-1.23747
-1.21474
-1.21791
-1.21665
-1.21687
-1.2175
-1.21804
-1.21853
-1.21891
-1.21914
-1.28891
-1.26081
-1.26826
-1.26709
-1.2676
-1.26821
-1.26873
-1.26923
-1.26961
-1.26983
-1.34681
-1.30338
-1.31989
-1.31803
-1.31891
-1.31948
-1.31991
-1.32032
-1.32064
-1.32083
-1.40601
-1.34413
-1.37156
-1.36927
-1.37071
-1.37126
-1.37152
-1.37175
-1.37196
-1.37209
-1.46861
-1.4067
-1.42181
-1.42193
-1.42317
-1.42345
-1.42338
-1.42337
-1.42344
-1.42351
-1.51234
-1.47958
-1.47858
-1.47694
-1.47624
-1.47564
-1.47521
-1.47494
-1.47494
-1.47496
-1.54107
-1.5103
-1.52504
-1.52738
-1.52754
-1.52691
-1.5265
-1.52625
-1.5263
-1.52633
-1.59238
-1.56767
-1.57594
-1.57893
-1.57856
-1.57735
-1.57735
-1.57734
-1.57766
-1.57769
-1.6536
-1.62783
-1.62891
-1.63061
-1.62925
-1.62796
-1.62835
-1.62862
-1.62908
-1.62926
-1.69621
-1.68767
-1.68294
-1.68385
-1.68198
-1.68002
-1.68028
-1.68052
-1.68099
-1.68117
-1.74021
-1.74803
-1.73833
-1.73913
-1.73637
-1.73378
-1.73338
-1.73314
-1.73345
-1.73346
-1.80904
-1.81168
-1.7981
-1.79361
-1.79004
-1.78721
-1.78635
-1.78592
-1.78599
-1.78602
-1.88435
-1.87518
-1.85288
-1.84292
-1.84138
-1.83954
-1.83892
-1.83862
-1.83869
-1.83869
-1.91487
-1.92749
-1.90982
-1.8967
-1.89469
-1.8927
-1.89196
-1.89152
-1.89137
-1.89133
-0.375307
-0.938605
-0.937013
-0.926648
-0.926287
-0.925169
-0.924474
-0.923629
-0.922986
-0.922922
-0.37658
-0.980394
-0.982047
-0.974152
-0.973612
-0.972826
-0.972418
-0.972023
-0.971781
-0.971827
-1.02253
-1.02233
-1.02814
-1.02126
-1.02104
-1.02073
-1.02063
-1.02057
-1.02059
-1.02073
-1.07271
-1.06523
-1.07247
-1.0681
-1.06864
-1.06891
-1.06919
-1.06942
-1.06964
-1.06984
-1.05336
-1.11325
-1.1186
-1.11549
-1.11665
-1.11741
-1.11811
-1.11863
-1.11901
-1.11927
-1.04521
-1.15909
-1.16728
-1.16374
-1.16505
-1.1662
-1.1674
-1.1682
-1.16875
-1.16905
-0.983918
-1.19782
-1.2164
-1.21265
-1.2137
-1.21546
-1.2171
-1.21815
-1.21885
-1.2192
-0.936717
-1.23769
-1.26562
-1.26216
-1.26336
-1.26562
-1.26728
-1.26851
-1.26932
-1.26969
-0.862992
-1.27453
-1.3176
-1.31243
-1.31413
-1.31647
-1.31801
-1.31933
-1.32015
-1.32051
-0.715743
-1.32097
-1.37044
-1.36316
-1.36633
-1.36836
-1.36968
-1.37067
-1.37132
-1.3716
-0.852541
-1.36049
-1.4217
-1.4152
-1.41999
-1.42133
-1.42193
-1.42239
-1.42272
-1.42287
-1.49091
-1.49188
-1.47857
-1.47745
-1.47543
-1.47492
-1.47442
-1.47414
-1.47418
-1.4742
-1.50492
-1.52644
-1.52364
-1.52863
-1.528
-1.52728
-1.52616
-1.52546
-1.52548
-1.52551
-1.58212
-1.57157
-1.57406
-1.57866
-1.57871
-1.57785
-1.57659
-1.57616
-1.57654
-1.5767
-1.60551
-1.62051
-1.62937
-1.62713
-1.62776
-1.62713
-1.62648
-1.6268
-1.62769
-1.62806
-1.1415
-1.67253
-1.68131
-1.68378
-1.67942
-1.67793
-1.67779
-1.67844
-1.67945
-1.67988
-1.06881
-1.74325
-1.7246
-1.74691
-1.73417
-1.73232
-1.73147
-1.73133
-1.73193
-1.7322
-1.71315
-1.80607
-1.78873
-1.7955
-1.78875
-1.78637
-1.78483
-1.7843
-1.78458
-1.78476
-1.89582
-1.87253
-1.84176
-1.83695
-1.84098
-1.83813
-1.83701
-1.83697
-1.83715
-1.83736
-1.93275
-1.92542
-1.90144
-1.89659
-1.89527
-1.89143
-1.89047
-1.89013
-1.89008
-1.89026
5.84568
-0.930194
-0.930018
-0.926553
-0.926413
-0.925628
-0.924992
-0.924101
-0.923433
-0.923346
2.04778
-0.969028
-0.976526
-0.973361
-0.973512
-0.97305
-0.972815
-0.972435
-0.972192
-0.972214
0.644061
-1.00127
-1.0222
-1.01921
-1.02056
-1.02069
-1.02091
-1.02094
-1.021
-1.02113
1.97611
-1.04603
-1.0681
-1.06523
-1.06788
-1.06865
-1.06933
-1.06971
-1.07001
-1.07022
1.35429
-1.10071
-1.11489
-1.11277
-1.11594
-1.1172
-1.11822
-1.11885
-1.11932
-1.11961
0.854352
-1.15807
-1.16726
-1.16242
-1.16548
-1.16637
-1.16765
-1.16844
-1.16902
-1.16935
2.8685
-1.20181
-1.22121
-1.21449
-1.21639
-1.21647
-1.21763
-1.2185
-1.21914
-1.21949
5.24707
-1.26094
-1.27201
-1.26859
-1.2685
-1.26731
-1.26814
-1.26901
-1.26968
-1.27002
5.39966
-1.33466
-1.32341
-1.32271
-1.32181
-1.31934
-1.31941
-1.32004
-1.32063
-1.32091
4.69909
-1.38638
-1.37908
-1.37495
-1.37578
-1.37268
-1.37141
-1.37161
-1.37194
-1.3721
4.11901
-1.43008
-1.42653
-1.42661
-1.43187
-1.42739
-1.42433
-1.42355
-1.42345
-1.42341
0.956553
-1.48072
-1.48392
-1.48685
-1.49219
-1.4832
-1.47728
-1.47528
-1.47481
-1.47462
-0.400178
-1.52523
-1.53269
-1.54062
-1.5478
-1.53604
-1.52841
-1.526
-1.52571
-1.52559
-1.28119
-1.55527
-1.58345
-1.59773
-1.59833
-1.58276
-1.57675
-1.57536
-1.57614
-1.57637
0.538771
-1.5988
-1.63961
-1.65164
-1.64155
-1.62697
-1.6234
-1.62457
-1.62655
-1.62733
2.32865
-1.65358
-1.69285
-1.69424
-1.68975
-1.67439
-1.67341
-1.67572
-1.67806
-1.67897
1.63131
-1.80879
-1.71984
-1.75015
-1.74434
-1.73401
-1.73032
-1.72958
-1.73094
-1.73137
-1.78896
-1.858
-1.78706
-1.82593
-1.80361
-1.79185
-1.78456
-1.78299
-1.78377
-1.78403
-1.90749
-1.80008
-1.75645
-1.79114
-1.83917
-1.83791
-1.83393
-1.83528
-1.83637
-1.83683
-1.96369
-1.96411
-1.88457
-1.88269
-1.8961
-1.89136
-1.8887
-1.88902
-1.88974
-1.89004
2.65895
-0.963021
-0.933624
-0.924651
-0.925501
-0.925686
-0.925471
-0.924716
-0.924072
-0.923956
-0.468987
-0.97386
-0.973478
-0.972333
-0.972282
-0.97296
-0.973132
-0.972918
-0.972696
-0.972713
2.83387
-0.985148
-1.01311
-1.01707
-1.01836
-1.02012
-1.02099
-1.02129
-1.02141
-1.02155
7.63619
-1.01834
-1.05529
-1.05984
-1.06422
-1.06697
-1.06893
-1.06983
-1.07029
-1.07056
8.12337
-0.81974
-1.09947
-1.10092
-1.10987
-1.11375
-1.11709
-1.11857
-1.11942
-1.11981
8.04763
-0.685379
-1.15287
-1.14842
-1.15556
-1.16058
-1.16586
-1.16762
-1.16885
-1.16937
6.93113
-0.210415
-1.20384
-1.19772
-1.2014
-1.2083
-1.21494
-1.21694
-1.21875
-1.21933
5.61969
-0.186872
-1.25781
-1.24835
-1.24808
-1.25776
-1.26377
-1.26714
-1.26902
-1.26963
4.30677
0.0579824
-1.31172
-1.32081
-1.30157
-1.30739
-1.31375
-1.31784
-1.31964
-1.32034
5.63542
0.714724
-1.41243
-1.39043
-1.3631
-1.36161
-1.36613
-1.36949
-1.37085
-1.37142
4.47121
2.04886
-1.3773
-1.43991
-1.4244
-1.41963
-1.42091
-1.42183
-1.42242
-1.42268
3.76528
2.19767
-1.44499
-1.49295
-1.4833
-1.47995
-1.47683
-1.47389
-1.47378
-1.47381
0.813411
0.804725
-1.48631
-1.54284
-1.53642
-1.53487
-1.52898
-1.52426
-1.52425
-1.52453
-0.913471
-0.719042
-1.55963
-1.58451
-1.58166
-1.5794
-1.57362
-1.57208
-1.57385
-1.57492
-0.33307
-0.339343
-1.61476
-1.58932
-1.60767
-1.6144
-1.61337
-1.61889
-1.62359
-1.62555
0.166943
1.02717
-1.54078
-1.64144
-1.67683
-1.65873
-1.65756
-1.66907
-1.67492
-1.67712
-0.0498429
2.49302
-0.345397
-1.76523
-1.78152
-1.72347
-1.71829
-1.72508
-1.72825
-1.72973
-1.13299
0.618115
2.91334
-0.227481
-1.8191
-1.78188
-1.7762
-1.77911
-1.78143
-1.78259
-1.7547
-0.00135785
0.883945
0.322743
-1.72966
-1.82341
-1.82467
-1.83087
-1.83426
-1.83555
-1.99278
-2.01381
-2.00324
-1.94654
-1.78279
-1.87077
-1.88053
-1.88571
-1.88806
-1.889
-0.248534
-0.92823
-0.930483
-0.92802
-0.928159
-0.927106
-0.926371
-0.925487
-0.924804
-0.924663
-0.932892
-0.983243
-0.979185
-0.975756
-0.975293
-0.974534
-0.974055
-0.973604
-0.973295
-0.973298
-1.05325
-1.03305
-1.02625
-1.02239
-1.02233
-1.02211
-1.02203
-1.02196
-1.02193
-1.02204
-1.07611
-1.08529
-1.0745
-1.06884
-1.06918
-1.0699
-1.07033
-1.07062
-1.07084
-1.07104
-1.11761
-1.13841
-1.12441
-1.11589
-1.11643
-1.11792
-1.11902
-1.11965
-1.12009
-1.12037
-1.16712
-1.20306
-1.17893
-1.16624
-1.16461
-1.16665
-1.16805
-1.16903
-1.16973
-1.17007
-1.11102
-1.29012
-1.23745
-1.2165
-1.21368
-1.21574
-1.21764
-1.21892
-1.21971
-1.2201
-0.880032
-1.36325
-1.29266
-1.26843
-1.26389
-1.26572
-1.26774
-1.26936
-1.27016
-1.27055
-0.393947
-1.42975
-1.34904
-1.32221
-1.31549
-1.31673
-1.31871
-1.32016
-1.32099
-1.32133
0.76053
-1.40862
-1.36654
-1.38387
-1.36944
-1.36988
-1.37092
-1.3717
-1.37221
-1.37243
-0.702625
-1.34166
-1.43858
-1.44538
-1.42571
-1.42427
-1.42395
-1.42361
-1.42365
-1.42368
-1.59526
-1.35274
-1.40887
-1.48693
-1.48252
-1.4788
-1.47647
-1.47527
-1.47496
-1.47485
-1.58727
-1.43125
-1.27303
-1.52428
-1.53287
-1.53028
-1.52694
-1.52599
-1.52577
-1.52577
-1.60507
-1.5859
-1.48836
-1.57752
-1.58094
-1.57656
-1.57499
-1.57548
-1.57611
-1.5765
-1.64453
-1.61992
-1.61104
-1.62781
-1.62403
-1.62054
-1.622
-1.62476
-1.62657
-1.62743
-1.68263
-1.67183
-1.68828
-1.68439
-1.67382
-1.66762
-1.67182
-1.6758
-1.67802
-1.67901
-1.73227
-1.74341
-1.74689
-1.77406
-1.74295
-1.72905
-1.72899
-1.72964
-1.73069
-1.73133
-1.80672
-1.8138
-1.84328
-1.82526
-1.80182
-1.78597
-1.78284
-1.78271
-1.78339
-1.78389
-1.88371
-1.69617
-1.56377
-1.70847
-1.83054
-1.8284
-1.8321
-1.83439
-1.83588
-1.83658
-1.96601
-1.81305
-1.46334
-1.69168
-1.86485
-1.87415
-1.88468
-1.88706
-1.88888
-1.88964
-0.978092
-0.946145
-0.935458
-0.931058
-0.92931
-0.928163
-0.927253
-0.926312
-0.925601
-0.925491
-1.02653
-0.998946
-0.983373
-0.978814
-0.976645
-0.975638
-0.97485
-0.974219
-0.973829
-0.973879
-1.06548
-1.04003
-1.0282
-1.02544
-1.02377
-1.02327
-1.02277
-1.02245
-1.02231
-1.02244
-1.09988
-1.08419
-1.0736
-1.07203
-1.07094
-1.07114
-1.07108
-1.0711
-1.07118
-1.07136
-1.13864
-1.13426
-1.11878
-1.11926
-1.11842
-1.11931
-1.11976
-1.12016
-1.12044
-1.12067
-1.19059
-1.18841
-1.16869
-1.16777
-1.16662
-1.16795
-1.16887
-1.16957
-1.17007
-1.17035
-1.2351
-1.24662
-1.21632
-1.21701
-1.21569
-1.21746
-1.21852
-1.2194
-1.22006
-1.22039
-1.29264
-1.30501
-1.26678
-1.26724
-1.26566
-1.26765
-1.2688
-1.26966
-1.27042
-1.27078
-1.36778
-1.35569
-1.31882
-1.31957
-1.31723
-1.31869
-1.31969
-1.32061
-1.32122
-1.32157
-1.43817
-1.39399
-1.37315
-1.37224
-1.3703
-1.37074
-1.37134
-1.37198
-1.37239
-1.37267
-1.45875
-1.43604
-1.43131
-1.42643
-1.42454
-1.4239
-1.42364
-1.42365
-1.42379
-1.42388
-1.49661
-1.48663
-1.48528
-1.48346
-1.48047
-1.47713
-1.47579
-1.47519
-1.4751
-1.47509
-1.53874
-1.53456
-1.53428
-1.5376
-1.53519
-1.5288
-1.52681
-1.5262
-1.52615
-1.52618
-1.58867
-1.58643
-1.58764
-1.59348
-1.58779
-1.57875
-1.57664
-1.57668
-1.57701
-1.57723
-1.63275
-1.6332
-1.63895
-1.64417
-1.63603
-1.62733
-1.62618
-1.6272
-1.62803
-1.62847
-1.67929
-1.67877
-1.69138
-1.69285
-1.68426
-1.67776
-1.67743
-1.67873
-1.67969
-1.68018
-1.7336
-1.74552
-1.75387
-1.75817
-1.74601
-1.73501
-1.73196
-1.73174
-1.73208
-1.73241
-1.80632
-1.80606
-1.82176
-1.82633
-1.80627
-1.79011
-1.78537
-1.78452
-1.78462
-1.78485
-1.88052
-1.85317
-1.88096
-1.87273
-1.84909
-1.83836
-1.83647
-1.83662
-1.83708
-1.8374
-1.94954
-1.91415
-1.90265
-1.88381
-1.88277
-1.88648
-1.88825
-1.88918
-1.88985
-1.89021
-0.951494
-0.95256
-0.937689
-0.932994
-0.930467
-0.929257
-0.928349
-0.927408
-0.926641
-0.926571
-0.997454
-0.99531
-0.983348
-0.980088
-0.977785
-0.976566
-0.975559
-0.974716
-0.974253
-0.974465
-1.04174
-1.03717
-1.02914
-1.02705
-1.02518
-1.02421
-1.02334
-1.02269
-1.02242
-1.02271
-1.08871
-1.08166
-1.07602
-1.07437
-1.07294
-1.07234
-1.07178
-1.07141
-1.0713
-1.07153
-1.13273
-1.12944
-1.12381
-1.12238
-1.12126
-1.12101
-1.12079
-1.1207
-1.12073
-1.12091
-1.18124
-1.18095
-1.17375
-1.17148
-1.17034
-1.17029
-1.17032
-1.17044
-1.17059
-1.17076
-1.22818
-1.23173
-1.22323
-1.22098
-1.22005
-1.22018
-1.22037
-1.22061
-1.22084
-1.221
-1.27849
-1.28067
-1.27374
-1.27096
-1.27029
-1.27058
-1.27092
-1.2712
-1.27144
-1.2716
-1.33282
-1.32823
-1.32518
-1.32182
-1.32124
-1.32156
-1.32188
-1.32216
-1.32237
-1.3225
-1.3996
-1.37612
-1.37629
-1.37361
-1.37294
-1.37313
-1.37323
-1.37335
-1.3735
-1.37354
-1.42166
-1.42175
-1.42697
-1.42558
-1.42509
-1.42488
-1.42473
-1.42466
-1.42467
-1.42469
-1.48838
-1.4856
-1.48289
-1.47896
-1.47734
-1.47668
-1.47625
-1.47599
-1.47593
-1.47591
-1.53421
-1.531
-1.52876
-1.52839
-1.5283
-1.52781
-1.52736
-1.52712
-1.5271
-1.52711
-1.58445
-1.58414
-1.58222
-1.57995
-1.57926
-1.5784
-1.57806
-1.57808
-1.57825
-1.57835
-1.63397
-1.63335
-1.63312
-1.63044
-1.62971
-1.62877
-1.62883
-1.6292
-1.62958
-1.62978
-1.68496
-1.68347
-1.68391
-1.68299
-1.68153
-1.6804
-1.68055
-1.68095
-1.68134
-1.68154
-1.74045
-1.74016
-1.74121
-1.74158
-1.73749
-1.73458
-1.73369
-1.73344
-1.73355
-1.73366
-1.80358
-1.80152
-1.8056
-1.79948
-1.7927
-1.78817
-1.78655
-1.78597
-1.78591
-1.78597
-1.86636
-1.85314
-1.85427
-1.84757
-1.84295
-1.83946
-1.83852
-1.83827
-1.83832
-1.83842
-1.92316
-1.90853
-1.8946
-1.89157
-1.89074
-1.89059
-1.89069
-1.89082
-1.89095
-1.89105
-0.934735
-0.940747
-0.933324
-0.932081
-0.930768
-0.93026
-0.930092
-0.929902
-0.929146
-0.928369
-0.982983
-0.986406
-0.980934
-0.979708
-0.978092
-0.977051
-0.976022
-0.975166
-0.974694
-0.97514
-1.03329
-1.03243
-1.02866
-1.02735
-1.0257
-1.02454
-1.02332
-1.02231
-1.02196
-1.02269
-1.08195
-1.07911
-1.07639
-1.07528
-1.0738
-1.07285
-1.07187
-1.07112
-1.07086
-1.07136
-1.12717
-1.12691
-1.12437
-1.12373
-1.12245
-1.12181
-1.12117
-1.12072
-1.12057
-1.12084
-1.17593
-1.1772
-1.17344
-1.17293
-1.1717
-1.17132
-1.17097
-1.17076
-1.17073
-1.17087
-1.22379
-1.22679
-1.22246
-1.22251
-1.2214
-1.22127
-1.22115
-1.22113
-1.22118
-1.22128
-1.27038
-1.27699
-1.272
-1.27249
-1.27161
-1.27165
-1.27169
-1.27178
-1.27188
-1.27197
-1.31728
-1.32632
-1.32265
-1.32301
-1.32239
-1.32248
-1.32256
-1.32268
-1.3228
-1.32287
-1.36908
-1.37333
-1.37348
-1.37403
-1.37374
-1.37377
-1.37377
-1.37382
-1.3739
-1.37394
-1.40411
-1.42366
-1.42442
-1.42572
-1.42561
-1.42544
-1.42528
-1.4252
-1.42518
-1.42518
-1.48181
-1.48069
-1.47967
-1.47879
-1.47793
-1.47723
-1.47683
-1.47662
-1.47654
-1.47652
-1.53078
-1.53068
-1.53042
-1.53055
-1.52975
-1.52872
-1.52819
-1.52796
-1.52789
-1.52787
-1.58292
-1.58293
-1.58285
-1.58257
-1.58128
-1.57997
-1.57945
-1.57928
-1.57927
-1.57929
-1.6344
-1.63427
-1.63449
-1.6341
-1.63261
-1.63126
-1.63084
-1.63076
-1.63082
-1.63087
-1.68706
-1.6867
-1.68696
-1.68616
-1.68461
-1.68325
-1.68275
-1.68261
-1.68264
-1.68268
-1.74193
-1.74139
-1.74175
-1.74084
-1.73857
-1.7363
-1.73527
-1.73484
-1.73474
-1.73473
-1.79859
-1.79683
-1.79697
-1.79506
-1.79178
-1.789
-1.78773
-1.78716
-1.78698
-1.78694
-1.85487
-1.85047
-1.84858
-1.84584
-1.84275
-1.84073
-1.83984
-1.83942
-1.83928
-1.83926
-1.90891
-1.90338
-1.89771
-1.89512
-1.89335
-1.89241
-1.892
-1.89179
-1.8917
-1.89169
-0.933226
-0.935432
-0.931991
-0.931259
-0.93098
-0.931885
-0.934153
-0.935836
-0.935279
-0.932439
-0.982215
-0.98277
-0.980074
-0.979086
-0.978009
-0.977167
-0.976284
-0.975633
-0.975519
-0.976197
-1.0308
-1.03032
-1.02814
-1.02707
-1.02566
-1.02424
-1.02245
-1.02068
-1.02026
-1.02225
-1.07878
-1.07818
-1.07641
-1.07545
-1.07407
-1.07277
-1.07126
-1.06994
-1.06954
-1.07073
-1.12624
-1.12632
-1.125
-1.12429
-1.1231
-1.12209
-1.12104
-1.12019
-1.11989
-1.12043
-1.17508
-1.176
-1.17424
-1.1737
-1.17266
-1.17195
-1.17125
-1.17074
-1.17055
-1.17076
-1.22284
-1.22516
-1.22362
-1.22344
-1.22262
-1.22217
-1.22175
-1.22147
-1.22136
-1.22143
-1.27086
-1.2745
-1.27332
-1.27353
-1.27296
-1.27272
-1.27249
-1.27234
-1.27229
-1.27231
-1.3196
-1.32399
-1.32354
-1.32401
-1.3237
-1.32359
-1.32346
-1.32338
-1.32335
-1.32336
-1.3688
-1.37384
-1.37412
-1.3749
-1.37482
-1.37477
-1.37467
-1.37459
-1.37455
-1.37455
-1.41618
-1.42476
-1.42507
-1.42625
-1.4263
-1.42619
-1.42605
-1.42593
-1.42587
-1.42586
-1.47761
-1.47885
-1.47881
-1.47843
-1.47807
-1.47775
-1.47748
-1.47731
-1.47723
-1.47718
-1.53047
-1.5306
-1.53034
-1.53008
-1.52967
-1.52927
-1.52893
-1.52872
-1.52863
-1.5286
-1.58285
-1.58267
-1.58235
-1.58188
-1.58125
-1.58082
-1.58042
-1.58022
-1.58014
-1.58011
-1.6352
-1.63474
-1.63435
-1.63376
-1.63294
-1.63251
-1.63208
-1.63187
-1.63179
-1.63177
-1.68818
-1.68751
-1.68694
-1.6862
-1.68524
-1.68456
-1.68404
-1.68376
-1.68364
-1.68361
-1.74228
-1.74121
-1.74043
-1.73943
-1.73814
-1.73703
-1.73628
-1.73586
-1.73568
-1.73562
-1.79676
-1.79503
-1.79385
-1.79244
-1.79081
-1.78944
-1.78856
-1.78806
-1.78784
-1.78775
-1.85058
-1.8481
-1.84614
-1.84438
-1.84278
-1.84154
-1.84077
-1.84029
-1.84006
-1.83998
-1.90308
-1.90041
-1.89769
-1.89586
-1.89452
-1.89359
-1.89297
-1.89259
-1.89236
-1.89228
-0.930221
-0.93201
-0.930511
-0.930397
-0.931162
-0.934585
-0.940399
-0.942401
-0.94096
-0.934276
-0.979729
-0.980467
-0.978971
-0.978269
-0.97751
-0.976926
-0.976331
-0.975087
-0.975714
-0.975637
-1.02899
-1.02895
-1.02749
-1.02652
-1.02515
-1.02325
-1.02011
-1.01677
-1.01703
-1.02088
-1.07798
-1.07759
-1.07624
-1.07527
-1.07388
-1.07214
-1.06983
-1.06751
-1.06697
-1.06953
-1.12671
-1.12649
-1.12528
-1.12448
-1.12327
-1.12194
-1.12043
-1.11913
-1.11871
-1.11971
-1.17606
-1.17606
-1.17474
-1.17412
-1.17312
-1.17217
-1.17119
-1.17042
-1.17012
-1.17046
-1.22514
-1.22571
-1.22441
-1.22406
-1.22329
-1.22265
-1.22203
-1.22157
-1.22136
-1.22144
-1.2742
-1.27559
-1.27436
-1.2743
-1.27376
-1.27334
-1.27296
-1.27268
-1.27253
-1.27253
-1.32349
-1.3257
-1.32468
-1.32484
-1.32451
-1.32425
-1.324
-1.32381
-1.32371
-1.32369
-1.37334
-1.37586
-1.37536
-1.37571
-1.37556
-1.37539
-1.3752
-1.37505
-1.37497
-1.37494
-1.42379
-1.42668
-1.42661
-1.42697
-1.4269
-1.42673
-1.42653
-1.42638
-1.4263
-1.42627
-1.47814
-1.47914
-1.47892
-1.47874
-1.47848
-1.47822
-1.47797
-1.47779
-1.47768
-1.47767
-1.53108
-1.53102
-1.53076
-1.53047
-1.53012
-1.52977
-1.5295
-1.5293
-1.5292
-1.52916
-1.5833
-1.58306
-1.58272
-1.5823
-1.58183
-1.5814
-1.58109
-1.5809
-1.5808
-1.58075
-1.63581
-1.63533
-1.63485
-1.6343
-1.6337
-1.63317
-1.63286
-1.63264
-1.63251
-1.63246
-1.68869
-1.688
-1.68735
-1.68663
-1.68588
-1.68523
-1.68481
-1.68453
-1.68438
-1.68431
-1.74208
-1.74109
-1.7402
-1.73927
-1.73832
-1.73749
-1.73692
-1.73657
-1.73637
-1.73629
-1.79558
-1.79421
-1.79298
-1.79181
-1.79068
-1.78974
-1.78909
-1.78868
-1.78846
-1.78836
-1.8486
-1.84691
-1.8453
-1.84395
-1.84278
-1.84184
-1.84119
-1.84081
-1.8406
-1.8405
-1.90088
-1.8991
-1.89726
-1.89586
-1.89476
-1.89393
-1.89334
-1.89297
-1.89278
-1.89269
-0.929307
-0.929933
-0.929402
-0.929541
-0.931184
-0.936462
-0.942432
-0.938208
-0.932935
-0.926748
-0.978871
-0.978978
-0.978168
-0.977535
-0.97695
-0.976726
-0.975673
-0.970998
-0.970972
-0.971027
-1.02821
-1.02799
-1.02701
-1.02602
-1.02464
-1.02213
-1.01758
-1.0126
-1.01397
-1.01914
-1.07748
-1.0771
-1.07608
-1.07508
-1.07361
-1.07148
-1.0683
-1.06492
-1.06464
-1.06818
-1.12676
-1.12642
-1.12543
-1.12452
-1.1233
-1.12175
-1.11986
-1.11816
-1.11762
-1.11901
-1.17629
-1.17607
-1.17511
-1.17442
-1.1734
-1.17229
-1.1711
-1.17013
-1.16976
-1.1702
-1.22586
-1.22591
-1.22502
-1.22451
-1.22375
-1.22298
-1.22222
-1.22162
-1.22134
-1.22144
-1.27566
-1.27599
-1.27519
-1.27487
-1.27432
-1.2738
-1.27331
-1.27292
-1.27271
-1.27269
-1.32568
-1.32631
-1.32566
-1.32549
-1.32513
-1.32476
-1.32442
-1.32416
-1.324
-1.32395
-1.37609
-1.37687
-1.37647
-1.37641
-1.37617
-1.3759
-1.37564
-1.37544
-1.37531
-1.37526
-1.42702
-1.4279
-1.4277
-1.42765
-1.42745
-1.42721
-1.42698
-1.4268
-1.42668
-1.42663
-1.47969
-1.47969
-1.47943
-1.47921
-1.47895
-1.47868
-1.47844
-1.47825
-1.47812
-1.47808
-1.53179
-1.53152
-1.53121
-1.5309
-1.53057
-1.53026
-1.53
-1.5298
-1.52966
-1.52961
-1.58392
-1.58352
-1.58313
-1.58273
-1.58232
-1.58196
-1.58168
-1.58144
-1.58129
-1.58124
-1.63625
-1.63574
-1.63524
-1.63473
-1.63423
-1.63379
-1.63345
-1.63319
-1.63304
-1.63297
-1.68887
-1.68821
-1.68758
-1.68694
-1.68632
-1.68579
-1.68538
-1.68508
-1.6849
-1.68482
-1.74172
-1.74088
-1.74008
-1.7393
-1.73855
-1.73791
-1.73743
-1.73708
-1.73687
-1.73677
-1.79456
-1.79353
-1.79255
-1.79162
-1.79077
-1.79005
-1.78951
-1.78915
-1.78891
-1.7888
-1.84709
-1.84592
-1.84479
-1.84377
-1.84288
-1.84214
-1.84159
-1.84123
-1.841
-1.84088
-1.89906
-1.89793
-1.89678
-1.89576
-1.8949
-1.8942
-1.89367
-1.89331
-1.89309
-1.89298
-0.928608
-0.928781
-0.928669
-0.928931
-0.930591
-0.935923
-0.941797
-0.935812
-0.928717
-0.921986
-0.978304
-0.978173
-0.977687
-0.9772
-0.976812
-0.976892
-0.977103
-0.973533
-0.970452
-0.969146
-1.02779
-1.02747
-1.02674
-1.02585
-1.02457
-1.02235
-1.01877
-1.01537
-1.01559
-1.01826
-1.07726
-1.07683
-1.07601
-1.07504
-1.07365
-1.07161
-1.06867
-1.06563
-1.06509
-1.06804
-1.1268
-1.12637
-1.12555
-1.12465
-1.12344
-1.12188
-1.12001
-1.11828
-1.1176
-1.11893
-1.17652
-1.17614
-1.17535
-1.17459
-1.17362
-1.17248
-1.17127
-1.17026
-1.16982
-1.17021
-1.22639
-1.22611
-1.2254
-1.22479
-1.22405
-1.22325
-1.22244
-1.22179
-1.22147
-1.22153
-1.27645
-1.27631
-1.2757
-1.27524
-1.27468
-1.27411
-1.27357
-1.27313
-1.2729
-1.27284
-1.32679
-1.32676
-1.32626
-1.32592
-1.32552
-1.3251
-1.32471
-1.3244
-1.32421
-1.32415
-1.37745
-1.37748
-1.37712
-1.37687
-1.37656
-1.37624
-1.37594
-1.37571
-1.37555
-1.37549
-1.42856
-1.42857
-1.4283
-1.42808
-1.42782
-1.42754
-1.42728
-1.42708
-1.42695
-1.42689
-1.48039
-1.48013
-1.47983
-1.47955
-1.47927
-1.47899
-1.47874
-1.47854
-1.47841
-1.47836
-1.53228
-1.53189
-1.53154
-1.53121
-1.53088
-1.53057
-1.53031
-1.5301
-1.52997
-1.52991
-1.58432
-1.58385
-1.58343
-1.58303
-1.58263
-1.58228
-1.58199
-1.58176
-1.58162
-1.58155
-1.63655
-1.63601
-1.6355
-1.63501
-1.63454
-1.63412
-1.63378
-1.63353
-1.63337
-1.6333
-1.68898
-1.68834
-1.68773
-1.68713
-1.68658
-1.68609
-1.68569
-1.68541
-1.68523
-1.68515
-1.74154
-1.74079
-1.74005
-1.73935
-1.73871
-1.73815
-1.7377
-1.73738
-1.73718
-1.73708
-1.79406
-1.7932
-1.79235
-1.79156
-1.79084
-1.79023
-1.78974
-1.78939
-1.78918
-1.78908
-1.84633
-1.84542
-1.84451
-1.84367
-1.84292
-1.84229
-1.8418
-1.84144
-1.84122
-1.84111
-1.89819
-1.89734
-1.89646
-1.89565
-1.89493
-1.89432
-1.89384
-1.89349
-1.89327
-1.89316
-0.928462
-0.928512
-0.928529
-0.928911
-0.930047
-0.933237
-0.936096
-0.930843
-0.923322
-0.922119
-0.978139
-0.977969
-0.977658
-0.977419
-0.977354
-0.97781
-0.977889
-0.974361
-0.970416
-0.971175
-1.02768
-1.02735
-1.02678
-1.02612
-1.02528
-1.02415
-1.02254
-1.02083
-1.01951
-1.02023
-1.07723
-1.0768
-1.0761
-1.07526
-1.07417
-1.07278
-1.07092
-1.06915
-1.06848
-1.06945
-1.12687
-1.12641
-1.12567
-1.12483
-1.12379
-1.12252
-1.1211
-1.11985
-1.11927
-1.11975
-1.17667
-1.17623
-1.17552
-1.17476
-1.17386
-1.17282
-1.17179
-1.17093
-1.17049
-1.17061
-1.22665
-1.22626
-1.22562
-1.22498
-1.22426
-1.2235
-1.22272
-1.2221
-1.22176
-1.22173
-1.27685
-1.27653
-1.27597
-1.27545
-1.27488
-1.27431
-1.27375
-1.27331
-1.27305
-1.27297
-1.32732
-1.32704
-1.32657
-1.32616
-1.32572
-1.32528
-1.32487
-1.32455
-1.32434
-1.32426
-1.37809
-1.37783
-1.37745
-1.37711
-1.37676
-1.37642
-1.3761
-1.37585
-1.37568
-1.37561
-1.42925
-1.42896
-1.42863
-1.42832
-1.42801
-1.42771
-1.42744
-1.42722
-1.42708
-1.42701
-1.48081
-1.48044
-1.48009
-1.47976
-1.47945
-1.47915
-1.47889
-1.47869
-1.47855
-1.47849
-1.5326
-1.53216
-1.53176
-1.5314
-1.53105
-1.53073
-1.53046
-1.53025
-1.53011
-1.53005
-1.58457
-1.58408
-1.58363
-1.5832
-1.5828
-1.58244
-1.58214
-1.58192
-1.58176
-1.5817
-1.63673
-1.63618
-1.63566
-1.63516
-1.63469
-1.63428
-1.63394
-1.63369
-1.63353
-1.63346
-1.68906
-1.68843
-1.68783
-1.68724
-1.68671
-1.68624
-1.68585
-1.68556
-1.68539
-1.6853
-1.74147
-1.74076
-1.74007
-1.7394
-1.73879
-1.73826
-1.73783
-1.73752
-1.73732
-1.73723
-1.79383
-1.79305
-1.79228
-1.79155
-1.79089
-1.79032
-1.78986
-1.78952
-1.7893
-1.78921
-1.84598
-1.84519
-1.84439
-1.84363
-1.84295
-1.84236
-1.84189
-1.84155
-1.84133
-1.84122
-1.89779
-1.89706
-1.89631
-1.89559
-1.89493
-1.89436
-1.89391
-1.89357
-1.89335
-1.89324
)
;

boundaryField
{
    lowerSideWalls
    {
        type            calculated;
        value           nonuniform List<scalar> 
800
(
370.841
322.186
273.953
226.405
179.404
134.155
91.5845
54.8821
26.0993
1.90929
-0.659918
-0.608383
-0.646398
-0.649012
-0.649327
-0.677212
-0.720639
-0.768651
-0.818248
-0.86839
369.626
320.866
272.42
224.583
177.138
131.372
88.2182
51.2467
23.4245
1.26094
-0.63349
-0.607657
-0.638733
-0.64037
-0.646028
-0.676472
-0.720544
-0.76908
-0.818981
-0.869209
367.365
318.393
269.514
220.987
172.675
125.728
81.0762
43.2577
17.0934
0.142104
-0.594924
-0.600251
-0.623173
-0.624314
-0.638582
-0.673877
-0.719947
-0.769426
-0.820054
-0.870514
364.226
314.932
265.387
215.771
165.972
116.914
69.453
30.0684
8.38207
-0.397188
-0.532438
-0.579037
-0.596552
-0.605972
-0.630611
-0.670844
-0.719357
-0.770479
-0.822487
-0.872864
360.463
310.749
260.304
209.181
157.161
104.8
53.3141
14.9835
1.9853
-0.463765
-0.524428
-0.558664
-0.57249
-0.590234
-0.62345
-0.667671
-0.718557
-0.773052
-0.826912
-0.877478
356.419
306.211
254.687
201.708
146.805
90.071
34.2262
4.40251
0.189064
-0.417725
-0.496056
-0.508719
-0.542484
-0.582244
-0.62008
-0.665551
-0.719042
-0.778103
-0.837368
-0.888418
352.488
301.768
249.115
194.105
136.098
74.1567
17.0984
1.03122
0.00356879
-0.339777
-0.433616
-0.467557
-0.519284
-0.569613
-0.614856
-0.662992
-0.719112
-0.782837
-0.84467
-0.892611
349.071
297.88
244.203
187.28
126.675
59.7047
8.15862
0.498675
0.053943
-0.244038
-0.364359
-0.423137
-0.489781
-0.550945
-0.604292
-0.658014
-0.714196
-0.773173
-0.830815
-0.87962
346.593
295.036
240.569
182.037
119.477
51.2978
6.67873
0.675239
0.13677
-0.159474
-0.292614
-0.381223
-0.463399
-0.533807
-0.595369
-0.653902
-0.711353
-0.76956
-0.824505
-0.87333
345.306
293.589
238.7
179.386
116.017
47.2492
5.94002
1.1304
0.390794
-0.0363937
-0.234916
-0.361772
-0.45808
-0.527831
-0.587619
-0.645361
-0.703931
-0.762817
-0.819409
-0.867645
345.306
293.589
238.7
179.386
116.017
47.2492
5.94002
1.1304
0.390794
-0.0363937
-0.234916
-0.361772
-0.45808
-0.527831
-0.587619
-0.645361
-0.703931
-0.762817
-0.819409
-0.867645
346.566
294.995
240.506
181.915
119.219
50.9769
6.5168
0.800615
0.165204
-0.165644
-0.305914
-0.393014
-0.468821
-0.532742
-0.592171
-0.649635
-0.707382
-0.768872
-0.827225
-0.876594
348.998
297.782
244.054
187.021
126.229
59.1504
7.88443
0.551787
0.0550034
-0.254442
-0.373662
-0.42303
-0.476495
-0.537256
-0.592783
-0.650679
-0.713326
-0.781681
-0.845365
-0.891747
352.363
301.611
248.884
193.72
135.469
73.0501
16.1542
0.979873
0.00652055
-0.34656
-0.441797
-0.465726
-0.50694
-0.557919
-0.606899
-0.657575
-0.719598
-0.781754
-0.844157
-0.894297
356.246
306.006
254.401
201.262
146.051
88.8867
32.694
3.97317
0.121391
-0.403081
-0.491784
-0.509312
-0.541411
-0.581516
-0.621065
-0.66386
-0.719539
-0.776334
-0.832529
-0.88398
360.255
310.51
259.991
208.739
156.466
103.789
51.783
13.6655
1.35146
-0.460641
-0.510759
-0.55563
-0.580017
-0.6032
-0.632251
-0.669978
-0.720162
-0.773306
-0.826403
-0.877153
363.987
314.67
265.067
215.358
165.39
116.091
68.4759
29.3112
7.45153
-0.390099
-0.513033
-0.575712
-0.606588
-0.622047
-0.641007
-0.674395
-0.721845
-0.772842
-0.824084
-0.874626
367.091
318.106
269.189
220.601
172.199
125.095
80.4162
42.8264
16.2153
0.0241277
-0.562474
-0.589776
-0.631302
-0.640622
-0.649624
-0.679291
-0.724679
-0.774192
-0.823848
-0.873734
369.299
320.532
272.069
224.188
176.721
130.874
87.7017
51.0373
23.018
1.1442
-0.595388
-0.589419
-0.644757
-0.65484
-0.657525
-0.685111
-0.728506
-0.776033
-0.824464
-0.873746
370.44
321.783
273.543
225.978
178.966
133.685
91.1111
54.5364
25.7575
1.80387
-0.626546
-0.589535
-0.64631
-0.658687
-0.660197
-0.68753
-0.730859
-0.777524
-0.825506
-0.874339
370.415
321.759
273.524
225.961
178.958
133.697
91.1336
54.4543
25.692
1.83207
-0.624436
-0.590947
-0.64527
-0.655551
-0.658756
-0.687543
-0.731448
-0.778394
-0.826386
-0.875118
369.225
320.461
272.011
224.139
176.694
130.893
87.7313
50.6969
22.7946
1.19296
-0.596692
-0.592473
-0.637177
-0.645701
-0.65456
-0.687087
-0.731572
-0.778893
-0.827147
-0.875947
366.957
317.977
269.083
220.512
172.16
125.131
80.4524
42.4016
16.0164
0.0148854
-0.573695
-0.592196
-0.621088
-0.629393
-0.648624
-0.685881
-0.731208
-0.779052
-0.827849
-0.876929
363.784
314.476
264.897
215.219
165.338
116.156
68.606
29.013
7.43848
-0.410228
-0.526889
-0.576039
-0.59678
-0.613229
-0.642862
-0.683775
-0.730518
-0.77946
-0.82929
-0.878492
359.975
310.233
259.731
208.518
156.372
103.863
52.2015
13.9011
1.46199
-0.483043
-0.523582
-0.550757
-0.569411
-0.60007
-0.638566
-0.681634
-0.729927
-0.781068
-0.831997
-0.88106
355.871
305.627
254.022
200.907
145.799
88.8036
32.9675
3.98843
0.146482
-0.417401
-0.489969
-0.496342
-0.535839
-0.587632
-0.632746
-0.679118
-0.730978
-0.786534
-0.839573
-0.888352
351.881
301.112
248.347
193.134
134.838
72.3332
15.8606
0.959615
0.0394588
-0.31709
-0.423516
-0.451337
-0.504059
-0.567355
-0.621663
-0.677419
-0.734171
-0.796159
-0.853235
-0.896289
348.413
297.159
243.338
186.152
125.19
57.5002
7.35442
0.563031
0.12243
-0.190373
-0.347742
-0.420671
-0.480032
-0.545466
-0.608272
-0.674115
-0.732852
-0.794592
-0.848872
-0.889144
345.899
294.267
239.631
180.776
117.763
48.6313
5.89027
0.860893
0.291595
-0.0581639
-0.262643
-0.408123
-0.488902
-0.543699
-0.608731
-0.669279
-0.726465
-0.784002
-0.835417
-0.879016
344.589
292.797
237.712
178.021
114.022
44.0643
4.93405
1.10711
0.497716
0.0527223
-0.213245
-0.367686
-0.466448
-0.538344
-0.600086
-0.665691
-0.723337
-0.776846
-0.827084
-0.874391
370.469
321.81
273.576
226.021
179.038
133.816
91.3109
54.6606
25.9377
1.89134
-0.642872
-0.597721
-0.636022
-0.645281
-0.654799
-0.687139
-0.73127
-0.778927
-0.82826
-0.878498
369.26
320.496
272.05
224.215
176.796
131.056
87.9925
51.1021
23.1885
1.17394
-0.634339
-0.602835
-0.631196
-0.639422
-0.652456
-0.686681
-0.731278
-0.7792
-0.828677
-0.878769
366.989
318.014
269.136
220.609
172.315
125.386
80.8849
43.0393
16.6362
0.0537962
-0.604798
-0.604428
-0.621614
-0.627942
-0.648241
-0.685372
-0.730718
-0.77919
-0.828943
-0.879068
363.822
314.523
264.972
215.351
165.569
116.549
69.2872
29.6311
7.89202
-0.414583
-0.540543
-0.582163
-0.59717
-0.61205
-0.640446
-0.681605
-0.729925
-0.779571
-0.830045
-0.880041
360.018
310.291
259.825
208.682
156.675
104.389
53.0326
14.3016
1.78959
-0.481194
-0.536285
-0.560064
-0.570828
-0.594616
-0.629345
-0.676503
-0.728638
-0.78088
-0.83238
-0.882046
355.913
305.682
254.115
201.071
146.094
89.2921
33.551
3.92894
0.209251
-0.416752
-0.506833
-0.50814
-0.533092
-0.575176
-0.619929
-0.671534
-0.727633
-0.784373
-0.837812
-0.887645
351.913
301.157
248.419
193.257
135.021
72.5047
15.9403
0.960794
0.0681688
-0.312757
-0.432337
-0.462861
-0.508664
-0.561285
-0.613514
-0.669287
-0.728901
-0.79276
-0.851669
-0.896233
348.432
297.186
243.381
186.224
125.308
57.5867
7.40181
0.555393
0.12775
-0.19426
-0.353632
-0.432087
-0.496212
-0.554292
-0.610302
-0.669045
-0.729476
-0.794837
-0.852203
-0.893008
345.905
294.277
239.649
180.807
117.835
48.7443
5.93747
0.832103
0.286111
-0.0722121
-0.27667
-0.40497
-0.492571
-0.552557
-0.609255
-0.664812
-0.725713
-0.786281
-0.837911
-0.881177
344.589
292.797
237.712
178.021
114.022
44.0643
4.93405
1.10711
0.497716
0.0527223
-0.213245
-0.367686
-0.466448
-0.538344
-0.600086
-0.665691
-0.723337
-0.776846
-0.827084
-0.874391
)
;
    }
    upperSideWalls
    {
        type            calculated;
        value           nonuniform List<scalar> 
800
(
-0.918495
-0.968579
-1.01869
-1.0689
-1.11925
-1.16974
-1.22041
-1.27128
-1.32239
-1.37379
-1.42558
-1.4778
-1.53036
-1.58318
-1.63616
-1.68913
-1.7419
-1.7942
-1.84603
-1.89748
-0.919129
-0.968894
-1.01872
-1.06874
-1.119
-1.16948
-1.22019
-1.27113
-1.3223
-1.37374
-1.42548
-1.47756
-1.52994
-1.58258
-1.63537
-1.68817
-1.74081
-1.79313
-1.84506
-1.89665
-0.920061
-0.969266
-1.01862
-1.06835
-1.11848
-1.16895
-1.2197
-1.27069
-1.32191
-1.37339
-1.42514
-1.47718
-1.52948
-1.58198
-1.63462
-1.68727
-1.7398
-1.7921
-1.84412
-1.89585
-0.921661
-0.969932
-1.01852
-1.06783
-1.11785
-1.16836
-1.21923
-1.27034
-1.32167
-1.37322
-1.42498
-1.47696
-1.52916
-1.58152
-1.634
-1.6865
-1.73892
-1.7912
-1.84326
-1.8951
-0.925181
-0.971407
-1.01839
-1.06706
-1.11694
-1.16756
-1.21864
-1.26992
-1.32139
-1.37301
-1.42481
-1.47677
-1.52889
-1.58114
-1.63349
-1.68586
-1.7382
-1.79044
-1.84253
-1.89446
-0.931676
-0.973761
-1.01796
-1.06577
-1.11574
-1.16663
-1.21795
-1.26947
-1.32109
-1.37281
-1.42464
-1.47659
-1.52866
-1.58083
-1.63308
-1.68536
-1.73763
-1.78984
-1.84195
-1.89394
-0.931159
-0.971771
-1.01659
-1.06387
-1.11433
-1.16567
-1.21731
-1.26905
-1.32082
-1.37263
-1.4245
-1.47645
-1.52848
-1.58059
-1.63276
-1.68498
-1.73719
-1.78938
-1.84149
-1.89353
-0.920706
-0.96441
-1.01336
-1.06282
-1.11338
-1.16505
-1.2169
-1.26877
-1.32063
-1.3725
-1.42439
-1.47634
-1.52835
-1.58042
-1.63254
-1.68471
-1.73688
-1.78905
-1.84117
-1.89323
-0.91727
-0.964593
-1.01366
-1.06311
-1.11359
-1.16505
-1.21683
-1.26869
-1.32055
-1.37243
-1.42433
-1.47627
-1.52826
-1.58031
-1.63241
-1.68454
-1.73669
-1.78884
-1.84096
-1.89303
-0.915842
-0.965632
-1.01521
-1.06429
-1.11444
-1.16551
-1.21702
-1.26874
-1.32055
-1.37241
-1.4243
-1.47624
-1.52822
-1.58025
-1.63233
-1.68445
-1.73659
-1.78873
-1.84085
-1.89293
-0.915842
-0.965632
-1.01521
-1.06429
-1.11444
-1.16551
-1.21702
-1.26874
-1.32055
-1.37241
-1.4243
-1.47624
-1.52822
-1.58025
-1.63233
-1.68445
-1.73659
-1.78873
-1.84085
-1.89293
-0.920557
-0.966245
-1.01527
-1.06363
-1.11354
-1.1651
-1.21687
-1.2687
-1.32051
-1.37237
-1.42426
-1.47618
-1.52814
-1.58017
-1.63224
-1.68436
-1.73651
-1.78866
-1.84079
-1.8929
-0.929072
-0.97157
-1.01764
-1.06394
-1.11385
-1.16533
-1.21701
-1.26879
-1.32051
-1.37233
-1.42417
-1.47605
-1.52799
-1.57998
-1.63205
-1.68416
-1.73632
-1.7885
-1.84067
-1.89281
-0.934923
-0.976369
-1.01898
-1.06514
-1.1151
-1.16606
-1.21743
-1.26898
-1.3206
-1.3723
-1.42405
-1.47587
-1.52776
-1.57972
-1.63175
-1.68386
-1.73604
-1.78825
-1.84047
-1.89267
-0.93076
-0.974811
-1.01927
-1.06674
-1.11641
-1.16696
-1.21798
-1.26926
-1.3207
-1.37226
-1.42391
-1.47565
-1.52746
-1.57935
-1.63134
-1.68344
-1.73563
-1.78787
-1.84016
-1.89246
-0.925691
-0.972519
-1.01967
-1.06803
-1.11753
-1.16779
-1.2185
-1.26952
-1.32077
-1.37219
-1.42374
-1.47539
-1.52712
-1.57895
-1.63088
-1.68294
-1.73511
-1.78736
-1.83972
-1.89215
-0.923603
-0.971761
-1.02003
-1.06885
-1.11835
-1.1684
-1.21887
-1.26969
-1.32077
-1.37205
-1.42346
-1.47494
-1.52647
-1.57813
-1.62992
-1.68192
-1.73415
-1.78653
-1.83911
-1.89173
-0.922938
-0.971656
-1.02039
-1.06943
-1.11891
-1.16882
-1.21914
-1.26983
-1.32083
-1.37209
-1.42351
-1.47496
-1.52633
-1.57769
-1.62926
-1.68117
-1.73346
-1.78602
-1.83869
-1.89133
-0.922922
-0.971827
-1.02073
-1.06984
-1.11927
-1.16905
-1.2192
-1.26969
-1.32051
-1.3716
-1.42287
-1.4742
-1.52551
-1.5767
-1.62806
-1.67988
-1.7322
-1.78476
-1.83736
-1.89026
-0.923346
-0.972214
-1.02113
-1.07022
-1.11961
-1.16935
-1.21949
-1.27002
-1.32091
-1.3721
-1.42341
-1.47462
-1.52559
-1.57637
-1.62733
-1.67897
-1.73137
-1.78403
-1.83683
-1.89004
-0.923956
-0.972713
-1.02155
-1.07056
-1.11981
-1.16937
-1.21933
-1.26963
-1.32034
-1.37142
-1.42268
-1.47381
-1.52453
-1.57492
-1.62555
-1.67712
-1.72973
-1.78259
-1.83555
-1.889
-0.924663
-0.973298
-1.02204
-1.07104
-1.12037
-1.17007
-1.2201
-1.27055
-1.32133
-1.37243
-1.42368
-1.47485
-1.52577
-1.5765
-1.62743
-1.67901
-1.73133
-1.78389
-1.83658
-1.88964
-0.925491
-0.973879
-1.02244
-1.07136
-1.12067
-1.17035
-1.22039
-1.27078
-1.32157
-1.37267
-1.42388
-1.47509
-1.52618
-1.57723
-1.62847
-1.68018
-1.73241
-1.78485
-1.8374
-1.89021
-0.926571
-0.974465
-1.02271
-1.07153
-1.12091
-1.17076
-1.221
-1.2716
-1.3225
-1.37354
-1.42469
-1.47591
-1.52711
-1.57835
-1.62978
-1.68154
-1.73366
-1.78597
-1.83842
-1.89105
-0.928369
-0.97514
-1.02269
-1.07136
-1.12084
-1.17087
-1.22128
-1.27197
-1.32287
-1.37394
-1.42518
-1.47652
-1.52787
-1.57929
-1.63087
-1.68268
-1.73473
-1.78694
-1.83926
-1.89169
-0.932439
-0.976197
-1.02225
-1.07073
-1.12043
-1.17076
-1.22143
-1.27231
-1.32336
-1.37455
-1.42586
-1.47718
-1.5286
-1.58011
-1.63177
-1.68361
-1.73562
-1.78775
-1.83998
-1.89228
-0.934276
-0.975637
-1.02088
-1.06953
-1.11971
-1.17046
-1.22144
-1.27253
-1.32369
-1.37494
-1.42627
-1.47767
-1.52916
-1.58075
-1.63246
-1.68431
-1.73629
-1.78836
-1.8405
-1.89269
-0.926748
-0.971027
-1.01914
-1.06818
-1.11901
-1.1702
-1.22144
-1.27269
-1.32395
-1.37526
-1.42663
-1.47808
-1.52961
-1.58124
-1.63297
-1.68482
-1.73677
-1.7888
-1.84088
-1.89298
-0.921986
-0.969146
-1.01826
-1.06804
-1.11893
-1.17021
-1.22153
-1.27284
-1.32415
-1.37549
-1.42689
-1.47836
-1.52991
-1.58155
-1.6333
-1.68515
-1.73708
-1.78908
-1.84111
-1.89316
-0.922119
-0.971175
-1.02023
-1.06945
-1.11975
-1.17061
-1.22173
-1.27297
-1.32426
-1.37561
-1.42701
-1.47849
-1.53005
-1.5817
-1.63346
-1.6853
-1.73723
-1.78921
-1.84122
-1.89324
-0.928462
-0.978139
-1.02768
-1.07723
-1.12687
-1.17667
-1.22665
-1.27685
-1.32732
-1.37809
-1.42925
-1.48081
-1.5326
-1.58457
-1.63673
-1.68906
-1.74147
-1.79383
-1.84598
-1.89779
-0.928512
-0.977969
-1.02735
-1.0768
-1.12641
-1.17623
-1.22626
-1.27653
-1.32704
-1.37783
-1.42896
-1.48044
-1.53216
-1.58408
-1.63618
-1.68843
-1.74076
-1.79305
-1.84519
-1.89706
-0.928529
-0.977658
-1.02678
-1.0761
-1.12567
-1.17552
-1.22562
-1.27597
-1.32657
-1.37745
-1.42863
-1.48009
-1.53176
-1.58363
-1.63566
-1.68783
-1.74007
-1.79228
-1.84439
-1.89631
-0.928911
-0.977419
-1.02612
-1.07526
-1.12483
-1.17476
-1.22498
-1.27545
-1.32616
-1.37711
-1.42832
-1.47976
-1.5314
-1.5832
-1.63516
-1.68724
-1.7394
-1.79155
-1.84363
-1.89559
-0.930047
-0.977354
-1.02528
-1.07417
-1.12379
-1.17386
-1.22426
-1.27488
-1.32572
-1.37676
-1.42801
-1.47945
-1.53105
-1.5828
-1.63469
-1.68671
-1.73879
-1.79089
-1.84295
-1.89493
-0.933237
-0.97781
-1.02415
-1.07278
-1.12252
-1.17282
-1.2235
-1.27431
-1.32528
-1.37642
-1.42771
-1.47915
-1.53073
-1.58244
-1.63428
-1.68624
-1.73826
-1.79032
-1.84236
-1.89436
-0.936096
-0.977889
-1.02254
-1.07092
-1.1211
-1.17179
-1.22272
-1.27375
-1.32487
-1.3761
-1.42744
-1.47889
-1.53046
-1.58214
-1.63394
-1.68585
-1.73783
-1.78986
-1.84189
-1.89391
-0.930843
-0.974361
-1.02083
-1.06915
-1.11985
-1.17093
-1.2221
-1.27331
-1.32455
-1.37585
-1.42722
-1.47869
-1.53025
-1.58192
-1.63369
-1.68556
-1.73752
-1.78952
-1.84155
-1.89357
-0.923322
-0.970416
-1.01951
-1.06848
-1.11927
-1.17049
-1.22176
-1.27305
-1.32434
-1.37568
-1.42708
-1.47855
-1.53011
-1.58176
-1.63353
-1.68539
-1.73732
-1.7893
-1.84133
-1.89335
-0.922119
-0.971175
-1.02023
-1.06945
-1.11975
-1.17061
-1.22173
-1.27297
-1.32426
-1.37561
-1.42701
-1.47849
-1.53005
-1.5817
-1.63346
-1.6853
-1.73723
-1.78921
-1.84122
-1.89324
)
;
    }
    lowerWall
    {
        type            calculated;
        value           nonuniform List<scalar> 
200
(
395.366
395.972
397.206
399.028
401.234
403.658
405.999
407.89
409.026
406.618
406.451
408.833
407.906
405.995
403.528
401.027
398.752
396.883
395.616
394.994
394.151
394.79
396.08
397.975
400.277
402.78
405.216
407.321
408.949
410.037
408.483
409.169
407.189
405.161
402.634
400.074
397.707
395.763
394.439
393.785
391.89
392.589
393.974
395.994
398.44
401.091
403.635
405.825
407.282
408.322
408.044
407.265
405.762
403.548
400.939
398.229
395.72
393.65
392.232
391.514
388.751
389.527
391.049
393.239
395.863
398.679
401.381
403.677
405.307
406.35
406.204
405.268
403.593
401.276
398.512
395.633
392.945
390.703
389.144
388.347
384.988
385.859
387.55
389.95
392.789
395.8
398.663
401.1
402.821
403.773
403.702
402.754
401.006
398.535
395.609
392.529
389.623
387.168
385.437
384.543
380.944
381.915
383.792
386.43
389.518
392.756
395.809
398.392
400.228
401.187
401.142
400.166
398.287
395.658
392.537
389.228
386.067
383.363
381.437
380.438
377.013
378.082
380.146
383.029
386.38
389.865
393.125
395.868
397.822
398.837
398.809
397.758
395.754
392.957
389.621
386.06
382.628
379.667
377.543
376.438
373.596
374.753
376.985
380.093
383.691
387.411
390.877
393.778
395.844
396.914
396.889
395.775
393.655
390.694
387.15
383.343
379.654
376.455
374.152
372.957
371.118
372.345
374.707
377.985
381.769
385.675
389.312
392.34
394.494
395.608
395.582
394.421
392.21
389.116
385.402
381.403
377.518
374.141
371.701
370.43
369.831
371.091
373.523
376.888
380.771
384.78
388.512
391.616
393.824
394.965
394.94
393.75
391.482
388.309
384.5
380.396
376.406
372.938
370.424
369.114
)
;
    }
    atmosphere
    {
        type            calculated;
        value           nonuniform List<scalar> 0();
    }
    procBoundary1to0
    {
        type            processor;
        value           nonuniform List<scalar> 
800
(
370.927
322.273
274.04
226.492
179.492
134.224
91.6547
54.9901
26.1485
1.91299
-0.656022
-0.602933
-0.64697
-0.650331
-0.650888
-0.677466
-0.720294
-0.768312
-0.817959
-0.868332
371.531
322.877
274.628
227.009
179.816
133.68
88.7199
45.5248
8.7672
-0.200691
-0.512528
-0.601237
-0.683773
-0.69044
-0.669022
-0.681024
-0.720348
-0.767589
-0.817503
-0.868124
372.763
324.14
275.96
228.283
181.021
134.184
87.7462
41.414
4.36462
-0.266077
-0.42947
-0.557186
-0.64208
-0.668405
-0.669681
-0.686169
-0.723085
-0.769015
-0.818425
-0.868427
374.58
326.043
278.028
230.527
183.458
136.682
89.07
40.7303
4.69916
-0.34173
-0.442719
-0.530976
-0.598139
-0.635003
-0.657723
-0.68576
-0.724861
-0.770649
-0.819279
-0.868576
376.79
328.401
280.72
233.672
187.154
140.655
92.8897
43.4353
5.70363
-0.376687
-0.452944
-0.521977
-0.578007
-0.612139
-0.642804
-0.679945
-0.723691
-0.770963
-0.819115
-0.867756
379.225
331.066
283.794
237.348
191.656
145.795
99.0806
49.7179
6.684
-0.225045
-0.47299
-0.53923
-0.591004
-0.612287
-0.633844
-0.674463
-0.723106
-0.772446
-0.819541
-0.867969
381.614
333.674
286.789
240.982
196.276
151.861
107.833
62.5879
16.7364
1.36591
-0.312492
-0.540536
-0.602058
-0.592218
-0.621723
-0.668954
-0.721342
-0.774476
-0.820246
-0.866018
383.573
335.897
289.291
243.893
199.905
157.193
116.124
76.7669
35.6802
6.02252
-0.357344
-0.0683232
-0.679142
-0.578679
-0.574527
-0.661163
-0.751345
-0.806208
-0.836411
-0.882174
385.251
337.123
290.207
244.586
199.983
157.017
115.486
74.8986
39.0562
17.1506
10.0103
5.77854
0.197983
-0.0942818
0.187487
-0.141775
-0.696057
-0.875945
-0.888633
-0.926519
386.546
339.771
292.844
246.528
201.617
160.043
119.843
80.9828
44.624
22.5669
14.7153
12.6963
13.7556
14.6304
14.9768
8.95847
0.413402
-1.06702
-1.14199
-0.838975
386.202
339.653
292.759
246.476
201.694
159.992
119.337
80.2464
43.689
25.0252
20.9405
18.0507
16.8886
15.2863
14.519
15.558
17.1814
11.7633
6.12084
1.70539
385.678
337.324
290.56
245.143
200.983
158.546
118.179
79.1858
40.8661
13.4983
4.3984
2.47413
0.438824
0.219767
0.0592406
-0.20121
-0.734376
-0.934247
-0.947174
-0.957583
383.696
336.085
289.496
244.327
200.632
157.949
116.532
77.1747
35.9343
5.45512
-0.428088
-0.243835
-0.642494
-0.547139
-0.610805
-0.69304
-0.782984
-0.816936
-0.902964
-0.931119
381.664
333.759
286.899
241.167
196.579
152.126
107.352
61.162
15.3779
1.03301
-0.359575
-0.546617
-0.57623
-0.58793
-0.627722
-0.679005
-0.731223
-0.760589
-0.840648
-0.898498
379.122
330.994
283.744
237.31
191.64
145.794
98.876
49.8838
7.60231
-0.319153
-0.498675
-0.5439
-0.576751
-0.597503
-0.630579
-0.680525
-0.738687
-0.795308
-0.846747
-0.893355
376.583
328.202
280.526
233.468
186.945
140.46
92.6671
43.4578
6.3368
-0.400178
-0.468007
-0.529345
-0.581378
-0.615847
-0.646917
-0.685628
-0.73388
-0.785849
-0.836419
-0.885809
374.29
325.751
277.732
230.217
183.133
136.324
88.6607
40.3559
4.74883
-0.364919
-0.459556
-0.543149
-0.60819
-0.641453
-0.660766
-0.68918
-0.731613
-0.781497
-0.832073
-0.882502
372.422
323.795
275.607
227.911
180.642
133.802
87.1444
40.8105
4.20842
-0.306654
-0.445572
-0.561025
-0.641431
-0.667151
-0.670743
-0.689554
-0.729233
-0.778097
-0.829018
-0.880098
371.158
322.498
274.242
226.603
179.404
133.248
88.1942
45.0014
8.38068
-0.262212
-0.509422
-0.587086
-0.666304
-0.685011
-0.671405
-0.687892
-0.729356
-0.777284
-0.8274
-0.878662
370.539
321.878
273.639
226.071
179.073
133.815
91.2601
54.6173
25.9725
1.89651
-0.636304
-0.593207
-0.638941
-0.646102
-0.654324
-0.6873
-0.73221
-0.779352
-0.828328
-0.878583
-0.918712
-0.968926
-1.01912
-1.06939
-1.11979
-1.17034
-1.22109
-1.27202
-1.32318
-1.37464
-1.42644
-1.47864
-1.53119
-1.58405
-1.63708
-1.69008
-1.74281
-1.79516
-1.84691
-1.89836
-0.918584
-0.968852
-1.01905
-1.06934
-1.11974
-1.17026
-1.22096
-1.27185
-1.32292
-1.37431
-1.42606
-1.47828
-1.53092
-1.58394
-1.63722
-1.69047
-1.74336
-1.7957
-1.84739
-1.8987
-0.918656
-0.96891
-1.01918
-1.06949
-1.11984
-1.17021
-1.22077
-1.27139
-1.32233
-1.37357
-1.4252
-1.47749
-1.53027
-1.5836
-1.63741
-1.69125
-1.74455
-1.79695
-1.84838
-1.89926
-0.918601
-0.96907
-1.01964
-1.07003
-1.12025
-1.17024
-1.22046
-1.27098
-1.32186
-1.37298
-1.42421
-1.47668
-1.52961
-1.58341
-1.6382
-1.69328
-1.7471
-1.79891
-1.8497
-1.8998
-0.91793
-0.969261
-1.02085
-1.07148
-1.12113
-1.17044
-1.21985
-1.26969
-1.32011
-1.37091
-1.42201
-1.47512
-1.52851
-1.58284
-1.63941
-1.69806
-1.7544
-1.80588
-1.8555
-1.90342
-0.919154
-0.970868
-1.02243
-1.07292
-1.12268
-1.17175
-1.22122
-1.27165
-1.32321
-1.37456
-1.42222
-1.47375
-1.5271
-1.58115
-1.64068
-1.70696
-1.77006
-1.81766
-1.86151
-1.9066
-0.914616
-0.970385
-1.02827
-1.0812
-1.12962
-1.17863
-1.22897
-1.28107
-1.3346
-1.38921
-1.43881
-1.48506
-1.53569
-1.59022
-1.6497
-1.71371
-1.76971
-1.8098
-1.8443
-1.83966
-0.931711
-0.995036
-1.05535
-1.11099
-1.15424
-1.2064
-1.26121
-1.3165
-1.37156
-1.42072
-1.47248
-1.52263
-1.56881
-1.60845
-1.64839
-1.69079
-1.74835
-1.78597
-1.82966
-1.66222
-0.972242
-1.00757
-1.07377
-1.13308
-1.17876
-1.24635
-1.30977
-1.37491
-1.42918
-1.45635
-1.46924
-1.4896
-1.51754
-1.57053
-1.6312
-1.69818
-1.73918
-1.78131
-1.85281
-1.77585
-0.984867
-1.06121
-1.13082
-1.06738
-0.559195
-1.01647
-1.10328
-1.07014
-1.07929
-1.16668
-1.38523
-1.51836
-1.52801
-1.5594
-1.60583
-1.662
-1.66166
-1.72553
-1.88883
-1.97499
-0.520932
-0.66797
1.05571
0.449065
-1.06086
-1.25113
-1.20603
-1.28146
-1.35533
-1.41452
-1.4492
-1.49949
-1.52955
-1.55866
-1.60589
-1.63706
-1.59054
-1.80186
-1.88543
-1.9673
-0.973953
-0.988308
-1.02353
-1.04609
-0.701352
-1.2298
-1.25919
-1.30458
-1.35839
-1.39833
-1.42331
-1.51417
-1.54727
-1.58161
-1.62507
-1.67896
-1.73383
-1.82016
-1.90264
-1.97739
-0.965745
-1.00487
-1.0446
-1.09154
-1.14963
-1.19146
-1.22892
-1.28258
-1.34113
-1.40079
-1.46063
-1.50132
-1.53724
-1.58195
-1.63043
-1.6853
-1.74692
-1.82152
-1.90209
-1.97556
-0.941821
-0.987198
-1.03023
-1.07495
-1.12859
-1.18278
-1.22819
-1.27822
-1.33175
-1.38786
-1.43682
-1.49114
-1.53488
-1.58332
-1.63369
-1.68761
-1.74712
-1.81294
-1.87934
-1.93552
-0.940512
-0.98677
-1.03217
-1.07686
-1.12187
-1.18002
-1.22707
-1.27722
-1.32732
-1.37883
-1.4287
-1.48433
-1.53229
-1.5832
-1.63475
-1.68812
-1.74426
-1.80276
-1.86098
-1.91547
-0.934659
-0.982874
-1.03065
-1.0783
-1.12651
-1.1776
-1.22616
-1.2756
-1.3255
-1.37602
-1.42669
-1.48065
-1.53189
-1.58362
-1.63592
-1.68923
-1.74388
-1.79919
-1.85394
-1.90666
-0.931916
-0.980964
-1.02969
-1.07842
-1.12717
-1.17743
-1.22694
-1.2768
-1.32693
-1.37716
-1.42789
-1.48017
-1.53205
-1.58406
-1.63648
-1.68953
-1.74321
-1.79711
-1.85055
-1.90264
-0.93
-0.979512
-1.02877
-1.07801
-1.12737
-1.17724
-1.22705
-1.2771
-1.32738
-1.37792
-1.42889
-1.48069
-1.53251
-1.58454
-1.63688
-1.68959
-1.7426
-1.79562
-1.84828
-1.90017
-0.928923
-0.978687
-1.02822
-1.07773
-1.12735
-1.17721
-1.22721
-1.27738
-1.32781
-1.3785
-1.42957
-1.48112
-1.53289
-1.58489
-1.63715
-1.68965
-1.74231
-1.79489
-1.84718
-1.89896
-0.928691
-0.978447
-1.02806
-1.07766
-1.12737
-1.17726
-1.22731
-1.27756
-1.32805
-1.37883
-1.42994
-1.48142
-1.53315
-1.58512
-1.63731
-1.68968
-1.74215
-1.79454
-1.84668
-1.89841
)
;
    }
    procBoundary1to3
    {
        type            processor;
        value           nonuniform List<scalar> 
200
(
-1.94864
-1.94796
-1.94733
-1.94675
-1.94623
-1.9458
-1.94546
-1.94521
-1.94504
-1.94496
-1.94887
-1.94815
-1.94748
-1.94685
-1.94629
-1.94583
-1.94546
-1.9452
-1.94503
-1.94494
-1.94931
-1.94857
-1.9478
-1.94704
-1.94639
-1.94587
-1.94547
-1.94518
-1.94499
-1.9449
-1.94997
-1.94929
-1.94836
-1.94736
-1.94655
-1.94592
-1.94546
-1.94513
-1.94494
-1.94483
-1.95248
-1.95087
-1.94935
-1.94786
-1.94677
-1.94599
-1.94544
-1.94506
-1.94484
-1.94473
-1.95481
-1.95411
-1.951
-1.94847
-1.94706
-1.94605
-1.94538
-1.94493
-1.94468
-1.94457
-1.94642
-1.95902
-1.95484
-1.94964
-1.94767
-1.94612
-1.94521
-1.94469
-1.94444
-1.94433
-1.90169
-1.9806
-1.9635
-1.95054
-1.94833
-1.94609
-1.94502
-1.94443
-1.94416
-1.94406
-1.97766
-1.98623
-1.97519
-1.9574
-1.95103
-1.94613
-1.94436
-1.94366
-1.94343
-1.94344
-2.04224
-2.01072
-1.98382
-1.9682
-1.9554
-1.94599
-1.94393
-1.94322
-1.94321
-1.94334
-2.03132
-2.05589
-2.05232
-2.04293
-1.98117
-1.93952
-1.94188
-1.9419
-1.94227
-1.94266
-2.03189
-2.02631
-2.01447
-1.96699
-1.93723
-1.9379
-1.94123
-1.94224
-1.94266
-1.94303
-2.0036
-1.96848
-1.94167
-1.93749
-1.94074
-1.9421
-1.94249
-1.94273
-1.94308
-1.94328
-1.97083
-1.96081
-1.94942
-1.94634
-1.94507
-1.94443
-1.94404
-1.94397
-1.94389
-1.94386
-1.95949
-1.95562
-1.94997
-1.94727
-1.94585
-1.945
-1.94456
-1.94433
-1.94421
-1.94421
-1.954
-1.95177
-1.94951
-1.94787
-1.94668
-1.94586
-1.94531
-1.94495
-1.94474
-1.94467
-1.95206
-1.95069
-1.94907
-1.94782
-1.94684
-1.9461
-1.94557
-1.94521
-1.945
-1.9449
-1.95035
-1.94953
-1.94855
-1.94765
-1.94688
-1.94625
-1.94575
-1.9454
-1.94518
-1.94508
-1.94959
-1.94894
-1.94821
-1.9475
-1.94685
-1.94629
-1.94584
-1.94551
-1.9453
-1.94519
-1.94922
-1.94866
-1.94804
-1.94742
-1.94682
-1.94631
-1.94588
-1.94555
-1.94534
-1.94523
)
;
    }
}


// ************************************************************************* //
