/*--------------------------------*- C++ -*----------------------------------*\
| =========                 |                                                 |
| \\      /  F ield         | OpenFOAM: The Open Source CFD Toolbox           |
|  \\    /   O peration     | Version:  2312                                  |
|   \\  /    A nd           | Website:  www.openfoam.com                      |
|    \\/     M anipulation  |                                                 |
\*---------------------------------------------------------------------------*/
FoamFile
{
    version     2.0;
    format      ascii;
    arch        "LSB;label=32;scalar=64";
    class       volScalarField;
    location    "0.63";
    object      p;
}
// * * * * * * * * * * * * * * * * * * * * * * * * * * * * * * * * * * * * * //

dimensions      [1 -1 -2 0 0 0 0];

internalField   nonuniform List<scalar> 
8000
(
330.586
332.049
334.655
338.325
342.435
346.614
350.489
353.735
356.038
357.229
278.702
280.353
283.517
287.755
292.311
297.019
301.383
304.979
307.465
308.779
223.389
225.473
229.973
235.423
241.179
246.865
252.008
256.467
259.47
261.053
163.854
167.314
173.794
181.108
188.819
196.204
202.715
208.263
212.195
214.235
105.345
107.065
116.038
124.965
135.162
144.816
153.582
160.836
166.036
168.78
26.1911
32.2939
49.3108
66.2498
80.5086
92.7892
104.209
113.914
120.85
124.881
1.44102
2.16089
6.47983
14.4961
26.5998
41.4129
56.5375
68.6375
77.7609
83.7034
0.247663
0.241789
0.1105
0.148082
1.65609
6.22636
15.6301
29.612
40.0078
46.796
0.0750279
0.0564834
-0.00493355
0.0168827
8.16334e-05
-0.0867524
0.0858966
2.62662
7.83851
17.4378
-0.087541
-0.100139
-0.129473
-0.134178
-0.157658
-0.185619
-0.241785
-0.149643
3.96822
10.1508
-0.209357
-0.218482
-0.241167
-0.254368
-0.284659
-0.333319
-0.372978
-0.33458
-0.308956
-0.2886
-0.311549
-0.320996
-0.33739
-0.353873
-0.37701
-0.411222
-0.443923
-0.448712
-0.460483
-0.43764
-0.402248
-0.412712
-0.423949
-0.438644
-0.456673
-0.479361
-0.50825
-0.524472
-0.527375
-0.527172
-0.487093
-0.496513
-0.504324
-0.515217
-0.530091
-0.546664
-0.569536
-0.593258
-0.608352
-0.61648
-0.57088
-0.575796
-0.581987
-0.589717
-0.600453
-0.611791
-0.62519
-0.642115
-0.661115
-0.673984
-0.652094
-0.652247
-0.656587
-0.662554
-0.670291
-0.677885
-0.683942
-0.690113
-0.697507
-0.701227
-0.724892
-0.725163
-0.72796
-0.732395
-0.73785
-0.743871
-0.748019
-0.749645
-0.748931
-0.74501
-0.794188
-0.79525
-0.797767
-0.801307
-0.804933
-0.810667
-0.81518
-0.817944
-0.816648
-0.811354
-0.862611
-0.864136
-0.866613
-0.871305
-0.874336
-0.879228
-0.88421
-0.887744
-0.88919
-0.886056
-0.930283
-0.93282
-0.933286
-0.939057
-0.944214
-0.948378
-0.954515
-0.958973
-0.962142
-0.961499
332.092
333.642
336.119
339.573
343.486
347.512
351.251
354.37
356.598
357.782
280.503
282.255
285.171
289.105
293.482
297.969
302.12
305.57
308.017
309.33
225.562
227.944
232.098
237.093
242.49
247.938
252.923
257.086
260.031
261.611
167.328
170.401
176.259
182.996
190.241
197.345
203.723
208.993
212.726
214.772
107.062
108.656
116.823
126.292
136.373
146.089
154.65
161.619
166.574
169.414
32.8447
38.3605
53.8059
67.7156
81.9619
94.1487
105.582
115.198
121.764
125.522
2.13125
4.13559
7.60276
13.6205
26.4876
41.6765
57.6976
69.6227
78.4843
84.5903
0.2201
0.170741
0.0849873
0.276584
2.04419
6.33791
16.1328
30.6387
41.3561
47.3697
0.0421639
-0.0302497
-0.0643536
-0.0141878
-0.0596819
-0.132676
0.044918
2.50817
8.66364
18.3874
-0.104802
-0.13343
-0.165791
-0.161418
-0.204554
-0.229989
-0.282564
-0.290434
2.7974
8.94065
-0.218697
-0.229195
-0.253761
-0.267218
-0.306635
-0.356619
-0.406245
-0.402161
-0.387848
-0.373903
-0.318816
-0.327699
-0.344772
-0.36113
-0.388481
-0.434224
-0.477478
-0.49468
-0.497122
-0.490961
-0.408478
-0.418302
-0.430002
-0.443514
-0.461933
-0.492959
-0.540812
-0.562221
-0.565962
-0.563657
-0.491564
-0.500181
-0.508914
-0.518963
-0.531483
-0.549616
-0.590081
-0.627604
-0.640431
-0.643343
-0.574342
-0.57942
-0.586327
-0.593528
-0.602401
-0.61185
-0.632471
-0.668623
-0.696421
-0.700626
-0.653961
-0.656916
-0.659701
-0.666053
-0.673852
-0.680207
-0.68686
-0.701242
-0.721669
-0.729178
-0.726882
-0.72923
-0.728655
-0.733715
-0.741608
-0.749284
-0.751753
-0.753873
-0.757074
-0.754858
-0.796092
-0.798535
-0.797208
-0.800486
-0.807003
-0.815062
-0.819013
-0.820545
-0.818598
-0.811089
-0.867137
-0.868152
-0.866271
-0.869459
-0.874375
-0.881562
-0.88661
-0.890336
-0.891097
-0.885654
-0.937447
-0.938625
-0.934176
-0.937902
-0.943723
-0.950518
-0.956392
-0.96166
-0.96571
-0.965008
334.669
336.125
338.437
341.663
345.34
349.121
352.64
355.589
357.701
358.834
283.493
285.187
287.787
291.432
295.534
299.728
303.618
306.867
309.188
310.44
229.991
232.1
235.609
240.03
244.963
250.006
254.663
258.541
261.31
262.807
173.704
176.276
181.3
187.15
193.537
199.947
205.833
210.711
214.195
216.147
115.797
116.956
124.244
132.2
140.83
149.433
157.231
163.606
168.162
170.91
49.4935
54.3568
65.2416
75.8741
87.2247
98.4839
108.939
117.559
123.545
127.19
6.26102
7.70709
13.4682
20.6087
32.2514
47.9363
61.9185
72.9617
81.2411
86.6369
0.0542607
0.0415224
0.382802
1.14578
3.81114
8.97737
20.5064
32.8789
43.3111
48.5251
-0.0420308
-0.0892964
-0.0821456
-0.0332391
-0.0672191
-0.135881
0.420509
4.50752
11.8363
20.4405
-0.142792
-0.172587
-0.201127
-0.183119
-0.206276
-0.247944
-0.303513
-0.0280357
3.32682
7.05149
-0.239542
-0.251101
-0.272714
-0.286797
-0.319842
-0.369767
-0.420839
-0.418785
-0.399938
-0.364244
-0.331603
-0.340251
-0.35545
-0.372526
-0.396735
-0.432444
-0.475804
-0.496995
-0.483426
-0.487122
-0.416251
-0.424264
-0.435067
-0.448545
-0.464521
-0.487437
-0.519121
-0.53921
-0.544346
-0.546724
-0.494926
-0.503623
-0.51247
-0.523223
-0.534565
-0.548403
-0.569736
-0.585224
-0.596278
-0.601514
-0.572112
-0.580058
-0.587835
-0.595743
-0.604575
-0.615067
-0.626683
-0.635731
-0.639011
-0.640321
-0.649788
-0.654941
-0.660065
-0.66586
-0.672741
-0.680352
-0.685781
-0.688004
-0.6872
-0.678911
-0.727715
-0.729718
-0.729647
-0.733056
-0.739036
-0.745716
-0.749442
-0.748805
-0.745131
-0.73439
-0.801181
-0.802572
-0.799265
-0.800515
-0.806169
-0.812394
-0.816622
-0.817621
-0.815186
-0.805315
-0.869991
-0.871837
-0.869846
-0.870383
-0.875143
-0.881427
-0.887356
-0.891504
-0.893094
-0.887318
-0.937489
-0.940676
-0.940297
-0.941511
-0.946512
-0.952817
-0.960778
-0.967718
-0.97473
-0.977872
338.317
339.571
341.654
344.555
347.89
351.336
354.558
357.27
359.208
360.243
287.77
289.128
291.407
294.657
298.34
302.135
305.674
308.641
310.754
311.875
235.431
237.104
240.008
243.893
248.281
252.799
257.002
260.517
263.012
264.335
181.118
182.997
187.135
192.119
197.638
203.311
208.592
212.98
216.089
217.846
124.892
126.368
132.208
138.889
146.234
153.677
160.567
166.245
170.291
172.926
66.1772
67.9961
75.9906
84.5899
93.9361
103.708
112.981
120.555
125.947
128.655
14.2431
13.7223
21.104
28.4927
40.6779
54.2182
66.6002
75.9962
83.4861
89.2419
0.0582068
0.206767
1.1354
2.78891
6.00231
12.3283
24.9702
37.2394
44.8837
47.8545
-0.0503479
-0.0541449
-0.0617003
-0.0554336
-0.106685
-0.103916
1.1882
7.80819
15.9307
21.6308
-0.159505
-0.177322
-0.198006
-0.200559
-0.224207
-0.276745
-0.383827
0.481607
2.19943
3.30284
-0.254169
-0.266052
-0.287927
-0.314012
-0.350284
-0.394501
-0.432637
-0.413563
-0.365734
-0.319949
-0.343398
-0.352746
-0.368865
-0.393724
-0.417098
-0.438704
-0.47115
-0.469408
-0.442753
-0.467902
-0.425338
-0.433037
-0.442335
-0.459276
-0.475533
-0.489001
-0.509939
-0.522291
-0.525026
-0.539701
-0.502752
-0.509274
-0.51485
-0.526685
-0.545388
-0.556842
-0.567891
-0.575508
-0.578726
-0.576794
-0.579146
-0.585413
-0.589966
-0.596768
-0.614128
-0.62576
-0.631781
-0.63265
-0.626615
-0.611494
-0.653411
-0.659161
-0.663117
-0.66862
-0.678185
-0.689694
-0.694719
-0.690806
-0.681682
-0.658256
-0.726261
-0.730183
-0.733779
-0.738136
-0.742635
-0.752544
-0.756043
-0.752125
-0.746316
-0.728484
-0.798012
-0.800196
-0.804025
-0.807327
-0.810131
-0.81682
-0.821257
-0.82107
-0.820409
-0.809465
-0.868884
-0.871068
-0.875888
-0.878579
-0.881473
-0.887229
-0.892486
-0.896957
-0.901969
-0.896546
-0.937771
-0.941111
-0.947088
-0.949819
-0.955386
-0.961112
-0.968337
-0.977262
-0.991082
-0.99994
342.435
343.477
345.325
347.882
350.845
353.923
356.813
359.254
361
361.914
292.369
293.485
295.515
298.331
301.571
304.935
308.081
310.727
312.582
313.559
241.198
242.489
244.937
248.271
252.085
256.037
259.739
262.841
265.009
266.124
188.826
190.209
193.531
197.627
202.333
207.234
211.831
215.651
218.324
219.661
135.131
136.417
140.824
146.22
152.3
158.606
164.503
169.399
172.836
174.615
80.4687
81.9694
87.1883
93.9177
101.596
109.866
117.773
124.298
128.415
130.534
26.614
26.7577
32.7594
41.1056
51.4883
62.5042
72.9206
81.1832
87.6039
90.0549
1.77069
2.0665
3.78805
5.98851
10.1132
18.915
31.614
42.1429
47.669
50.649
-0.0518585
-0.0755109
-0.0901847
-0.121395
-0.0959302
0.427584
4.2412
12.6601
19.4361
20.6505
-0.186248
-0.204217
-0.208205
-0.203588
-0.219766
-0.303816
-0.204887
0.977831
1.66244
2.58465
-0.270754
-0.288189
-0.309948
-0.333756
-0.365226
-0.41701
-0.453696
-0.395297
-0.327438
-0.242418
-0.357207
-0.36672
-0.37747
-0.405016
-0.427995
-0.447541
-0.466863
-0.448419
-0.46831
-0.513361
-0.436152
-0.441903
-0.447287
-0.464717
-0.482729
-0.487036
-0.505445
-0.514259
-0.532602
-0.577696
-0.508456
-0.513358
-0.516055
-0.52378
-0.542002
-0.551269
-0.563493
-0.568315
-0.578523
-0.568214
-0.580836
-0.586136
-0.58867
-0.595206
-0.608989
-0.623074
-0.634654
-0.633468
-0.62031
-0.577286
-0.654776
-0.659694
-0.661844
-0.66846
-0.675806
-0.686002
-0.696333
-0.691094
-0.673579
-0.619419
-0.72824
-0.731237
-0.733714
-0.737993
-0.741747
-0.750484
-0.753497
-0.746921
-0.739344
-0.695789
-0.800666
-0.802252
-0.805441
-0.808142
-0.811739
-0.818791
-0.820012
-0.816063
-0.81862
-0.791945
-0.87219
-0.873861
-0.877683
-0.880393
-0.885482
-0.893183
-0.895655
-0.898497
-0.912154
-0.924101
-0.941816
-0.94428
-0.94854
-0.952767
-0.959694
-0.968147
-0.975621
-0.986488
-1.01681
-1.06365
346.582
347.47
349.092
351.324
353.922
356.638
359.198
361.365
362.878
363.663
296.991
297.932
299.697
302.12
304.933
307.866
310.617
312.935
314.565
315.4
246.832
247.896
249.966
252.778
256.033
259.431
262.629
265.307
267.162
267.963
196.102
197.282
199.892
203.276
207.222
211.351
215.25
218.489
220.717
221.675
144.734
146.046
149.334
153.604
158.578
163.774
168.706
172.739
175.622
176.465
92.7548
94.1296
98.2216
103.493
109.74
116.557
123.013
128.342
131.366
133.883
41.072
41.7522
47.3787
53.9218
62.2789
71.0404
79.317
86.2613
90.0261
92.6212
6.47451
6.40291
8.72563
11.8923
18.271
27.984
39.455
47.1385
51.9004
54.303
-0.102385
-0.11808
-0.117544
-0.0800383
0.357684
3.00116
9.8268
19.2782
24.1553
23.4396
-0.171503
-0.200937
-0.207501
-0.195334
-0.225983
-0.303702
0.0866628
1.79527
3.04466
4.54735
-0.277895
-0.311073
-0.335566
-0.348516
-0.356665
-0.397598
-0.458338
-0.459088
-0.787861
-0.53272
-0.370564
-0.387078
-0.389396
-0.401407
-0.424262
-0.447635
-0.468992
-0.482903
-0.512393
-0.586815
-0.447818
-0.458241
-0.460577
-0.470724
-0.489098
-0.494906
-0.50363
-0.510836
-0.521749
-0.57453
-0.516101
-0.524167
-0.523973
-0.530022
-0.540311
-0.550066
-0.558666
-0.565978
-0.579285
-0.525189
-0.584035
-0.591647
-0.593976
-0.598658
-0.603738
-0.61682
-0.64193
-0.644275
-0.633675
-0.548364
-0.655246
-0.662663
-0.666514
-0.671307
-0.676608
-0.688356
-0.712038
-0.722657
-0.720874
-0.674376
-0.72746
-0.733182
-0.738119
-0.743333
-0.74658
-0.762673
-0.774666
-0.775607
-0.796117
-0.839582
-0.801024
-0.803873
-0.808266
-0.812232
-0.811764
-0.83222
-0.838956
-0.832961
-0.854269
-0.92991
-0.874506
-0.875914
-0.879816
-0.884374
-0.888408
-0.902701
-0.906662
-0.901743
-0.913313
-0.969655
-0.94561
-0.947559
-0.952189
-0.957906
-0.965728
-0.97788
-0.985025
-0.985752
-1.00077
-1.04548
350.405
351.176
352.6
354.548
356.826
359.218
361.496
363.367
364.685
365.344
301.226
302.036
303.572
305.661
308.094
310.636
313.021
315.08
316.479
317.156
251.935
252.84
254.607
256.981
259.748
262.644
265.378
267.655
269.099
269.721
202.582
203.62
205.75
208.55
211.828
215.248
218.512
221.11
222.491
222.873
153.371
154.506
157.082
160.469
164.469
168.656
172.723
175.674
177.297
177.698
104.085
105.4
108.616
112.713
117.598
122.889
128.01
131.914
134.074
136.581
56.113
56.9242
61.2605
66.0678
72.5071
78.934
86.3521
89.9629
91.9826
97.8707
15.593
15.5483
19.1948
23.4848
30.1575
38.2649
47.3004
51.0623
54.406
61.3208
0.0317706
-0.0181401
0.357238
1.21298
3.53325
7.96957
16.2718
25.1329
27.9271
29.2297
-0.184738
-0.229041
-0.269225
-0.270868
-0.238237
-0.133744
0.862375
4.05582
3.81761
9.13319
-0.297062
-0.345067
-0.364615
-0.356664
-0.337085
-0.374056
-0.363388
-0.696343
-3.37862
0.0307432
-0.386809
-0.418024
-0.421903
-0.418465
-0.420109
-0.419805
-0.454793
-0.706057
2.40356
-0.500604
-0.459481
-0.480832
-0.482543
-0.479513
-0.486558
-0.465936
-0.5196
-0.648252
-0.669269
-0.483452
-0.524206
-0.53867
-0.535468
-0.535463
-0.529209
-0.538469
-0.470594
-0.373187
-0.600567
-0.471567
-0.587455
-0.597587
-0.60173
-0.602864
-0.596963
-0.617193
-0.640263
-0.639817
-0.614585
-0.590543
-0.657394
-0.66935
-0.673294
-0.675969
-0.680612
-0.696108
-0.7326
-0.767056
-0.736058
-0.774735
-0.728528
-0.741624
-0.743656
-0.745876
-0.755613
-0.772265
-0.788046
-0.796472
-0.798719
-0.860409
-0.801287
-0.810166
-0.812689
-0.805881
-0.813719
-0.835332
-0.846004
-0.828377
-0.821022
-0.826431
-0.876965
-0.881254
-0.885299
-0.883028
-0.8839
-0.899984
-0.905218
-0.877502
-0.857476
-0.845549
-0.950636
-0.954214
-0.961665
-0.966819
-0.970772
-0.980054
-0.982257
-0.96724
-0.961221
-0.944952
353.604
354.28
355.547
357.273
359.297
361.426
363.422
365.112
366.302
366.876
304.758
305.457
306.819
308.643
310.771
313.005
315.146
316.958
318.231
318.859
256.16
256.948
258.482
260.517
262.897
265.393
267.787
269.729
271.005
271.792
207.898
208.85
210.634
212.973
215.717
218.561
221.251
223.349
224.537
225.685
160.433
161.409
163.489
166.215
169.502
172.857
176.064
178.951
180.031
181.237
113.673
114.849
117.302
120.405
124.38
128.533
132.698
135.674
137.087
138.004
68.1888
69.5799
72.7313
75.6409
81.1311
86.3995
91.0808
92.7304
95.4359
96.257
27.5651
28.9144
32.005
36.4488
41.7217
47.751
52.6363
53.9746
63.1108
60.8368
2.46837
2.16036
4.27338
7.00122
10.0486
16.0594
24.9875
29.7094
35.2236
33.4816
-0.205936
-0.304297
-0.338803
-0.2161
0.0853538
0.763683
3.35062
6.33523
13.5685
13.5378
-0.30248
-0.36992
-0.378566
-0.353587
-0.321011
-0.360409
-0.41228
-0.813379
2.3371
3.14657
-0.412026
-0.452048
-0.460215
-0.441917
-0.421386
-0.391979
-0.550274
-0.8425
7.20257
0.56022
-0.466699
-0.496818
-0.504374
-0.484648
-0.501938
-0.466485
-0.091106
0.850843
-0.695831
-0.224166
-0.520009
-0.542677
-0.543995
-0.52804
-0.531505
-0.550145
-0.0327229
1.3634
-0.523381
-0.38235
-0.587695
-0.601291
-0.6001
-0.589342
-0.580116
-0.47191
-0.535792
-0.587788
-0.539972
-0.554442
-0.666195
-0.683094
-0.674001
-0.67341
-0.685349
-0.632316
-0.644235
-0.75611
-0.666752
-0.669592
-0.738155
-0.759061
-0.744411
-0.761705
-0.762908
-0.723783
-0.522868
-0.780705
-0.72959
-0.672834
-0.806862
-0.822659
-0.809644
-0.817658
-0.775845
-0.681911
-0.831327
-0.806932
-0.749572
-0.644962
-0.879026
-0.889959
-0.886692
-0.881225
-0.878883
-0.911878
-0.912128
-0.842278
-0.766756
-0.718793
-0.953862
-0.962418
-0.977945
-0.982304
-0.976884
-0.980483
-0.975361
-0.939187
-0.887679
-0.915659
355.906
356.516
357.675
359.244
361.097
363.024
364.852
366.431
367.559
368.15
307.312
307.926
309.165
310.8
312.703
314.736
316.694
318.401
319.676
320.309
259.251
259.913
261.284
263.075
265.167
267.349
269.411
271.203
272.571
273.483
211.883
212.589
214.171
216.181
218.534
220.943
223.023
224.944
226.149
227.449
165.627
166.394
168.157
170.429
173.217
175.704
177.973
179.537
180.73
182.733
120.662
121.518
123.54
126.04
128.824
131.945
135.459
137.948
139.762
139.852
77.3097
78.2762
81.3032
83.9642
88.2557
90.7871
94.6988
97.9923
98.0667
97.6836
38.0782
39.8618
42.5336
45.0531
48.6627
52.5411
57.5867
60.9838
61.9893
61.9968
8.29231
9.21291
12.3347
14.946
17.7129
23.1455
28.4863
30.9296
35.2849
34.4336
0.510719
1.06982
2.01349
1.77324
1.24006
2.12515
5.18591
12.6707
17.8785
15.063
-0.259681
-0.372777
-0.432576
-0.393976
-0.247168
-0.137707
-1.55589
14.797
13.2991
4.78491
-0.431074
-0.487027
-0.48129
-0.44994
-0.402668
-0.429795
-0.337919
10.7089
1.54881
1.44736
-0.456726
-0.494111
-0.506239
-0.487717
-0.459995
-0.455841
0.949251
3.6374
-0.268018
0.0284253
-0.493701
-0.53124
-0.546477
-0.53031
-0.486047
-0.49971
0.643511
-0.0667108
-0.410848
-0.373979
-0.569914
-0.605534
-0.604149
-0.580505
-0.524116
-0.35352
1.78006
-0.565732
-0.539205
-0.504645
-0.651039
-0.693987
-0.675792
-0.666451
-0.702921
0.73972
0.603248
-0.690467
-0.617243
-0.548627
-0.723948
-0.757211
-0.733365
-0.736787
0.345965
1.46049
-0.584349
-0.719797
-0.647858
-0.533697
-0.805182
-0.819601
-0.782178
-0.571008
0.707068
0.063155
-0.795719
-0.755901
-0.657271
-0.568677
-0.878776
-0.888267
-0.830867
-0.835637
-0.981019
-0.992821
-0.911132
-0.803284
-0.66945
-0.700405
-0.949806
-0.957885
-0.949515
-1.01674
-1.02568
-1.01594
-0.984118
-0.91522
-0.839252
-0.835171
357.12
357.691
358.793
360.281
362.042
363.878
365.626
367.149
368.358
369.132
308.661
309.228
310.398
311.927
313.724
315.659
317.534
319.223
320.594
321.734
260.897
261.485
262.762
264.399
266.343
268.337
270.294
272.294
273.859
275.19
214.023
214.613
216.066
217.842
219.911
221.935
223.91
226.252
228.095
229.794
168.471
169.175
170.767
172.628
174.889
176.803
178.801
182.022
184.24
186.136
124.58
125.356
127.144
129.023
131.636
134.403
138.949
139.327
141.601
142.692
83.1232
84.1429
86.9096
89.7025
92.5975
94.7076
99.2043
97.7517
99.0765
100.367
45.3404
46.8164
48.8046
49.4881
52.6658
57.0629
62.1024
63.0768
62.832
63.6162
16.6861
19.0683
20.4679
21.7693
24.8297
30.4905
33.2149
33.1128
36.6596
34.791
5.10447
6.41373
7.32747
7.12575
7.4864
7.205
9.82913
13.1107
17.8235
13.2685
-0.152628
-0.381022
-0.455119
-0.114332
-0.258822
-0.276208
3.26759
9.90836
12.4092
3.74151
-0.400777
-0.482745
-0.476306
-0.480134
-0.547514
-0.787338
0.975143
3.15435
0.239305
0.902336
-0.428131
-0.489057
-0.502487
-0.512175
-0.537874
-0.587689
1.94806
0.16213
-0.157606
-0.0901833
-0.43884
-0.50029
-0.526426
-0.507866
-0.488262
-0.556995
3.27003
-0.290377
-0.375079
-0.391175
-0.494835
-0.560968
-0.560645
-0.5627
-0.509297
-0.172889
1.73479
-0.527419
-0.497192
-0.498425
-0.515065
-0.667333
-0.6726
-0.661709
-0.654283
1.20491
-0.278896
-0.612672
-0.565701
-0.524562
-0.542157
-0.737794
-0.721955
-0.668597
0.116722
0.400612
-0.690731
-0.66953
-0.605501
-0.536125
-0.714101
-0.796226
-0.780945
-0.636732
0.299888
-0.601503
-0.780855
-0.734186
-0.61354
-0.563962
-0.868972
-0.873833
-0.848066
-0.361958
-0.20731
-0.888038
-0.850702
-0.79969
-0.676939
-0.655029
-0.943042
-0.942385
-0.928515
-0.18744
-0.875844
-0.958857
-0.942299
-0.909825
-0.869605
-0.787929
357.125
357.686
358.788
360.283
362.055
363.913
365.692
367.244
368.423
369.07
308.681
309.239
310.406
311.939
313.743
315.71
317.646
319.373
320.75
321.598
260.955
261.523
262.794
264.435
266.377
268.399
270.495
272.472
274.045
275.131
214.119
214.697
216.135
217.887
219.862
222
224.408
226.68
228.531
229.924
168.682
169.373
170.925
172.718
174.908
176.791
179.319
182.038
184.091
185.541
124.996
125.718
127.485
128.914
131.727
134.185
136.357
138.68
139.764
141.899
83.9209
84.8736
87.4904
91.2986
93.3777
95.3073
99.0584
97.9422
97.7354
101.71
46.9462
47.7609
49.5068
50.2231
53.7866
59.355
66.1188
61.6643
62.9802
65.7577
19.3021
20.075
21.2667
23.1532
29.4544
31.9823
34.1678
31.9047
31.2368
31.6282
8.81207
8.42434
8.72424
10.0518
10.4441
9.78115
12.1738
9.36439
7.29822
5.63236
0.103757
-0.295567
-0.375781
-0.213239
0.979751
7.60919
9.87704
1.31095
0.329223
0.325064
-0.350386
-0.452736
-0.463235
0.191875
0.240917
-0.787282
-0.195028
-0.324134
-0.222942
-0.0485091
-0.364052
-0.483835
-0.314127
-0.432014
-0.575174
-0.643326
-0.546567
-0.328727
-0.362425
-0.351577
-0.378132
-0.49005
-0.299698
-0.555312
-0.531346
-0.504232
-0.399425
-0.464358
-0.439161
-0.462992
-0.437787
-0.525575
-0.633425
-0.58928
-0.540491
-0.529435
-0.51836
-0.537342
-0.50063
-0.506469
-0.386693
-0.694836
-0.712509
-0.663784
-0.644032
-0.624948
-0.592793
-0.581311
-0.540692
-0.511103
-0.510996
-0.762258
-0.754108
-0.723234
-0.694369
-0.681143
-0.6734
-0.639886
-0.5716
-0.506805
-0.672721
-0.824483
-0.81695
-0.812392
-0.782648
-0.757619
-0.745689
-0.701473
-0.626225
-0.523808
-0.852809
-0.894126
-0.882356
-0.893911
-0.882341
-0.851726
-0.825135
-0.788857
-0.72335
-0.596291
-0.963403
-0.959193
-0.953618
-0.965494
-0.955402
-0.936658
-0.918905
-0.885564
-0.813157
-0.743216
355.863
356.467
357.632
359.221
361.101
363.061
364.919
366.541
367.662
368.16
307.374
307.912
309.144
310.801
312.719
314.821
316.823
318.596
319.888
320.396
259.39
259.953
261.318
263.153
265.351
267.592
269.742
271.676
273.127
273.529
212.125
212.708
214.288
216.37
218.883
221.418
223.823
225.941
227.515
228.003
165.943
166.65
168.408
170.723
173.479
176.258
178.881
181.098
182.699
183.662
121.266
122.055
124.071
126.58
129.629
132.536
135.582
138.195
138.745
140.363
78.7119
79.635
82.4682
85.3926
89.7109
91.209
95.8769
98.7391
98.8991
100.668
41.3029
41.9394
43.8694
45.7828
50.2285
54.9216
56.8365
60.2451
62.7907
64.8946
12.3455
13.1941
16.9126
19.944
23.473
25.7158
25.1937
25.9384
26.0023
27.3759
3.60724
3.42452
3.9876
3.03404
5.16906
8.42933
7.24153
7.78255
6.1049
5.90999
0.513158
-0.038442
-0.175323
-0.30497
-0.373488
-0.492828
-0.125395
-0.298836
-0.388833
-0.407189
-0.339288
-0.512819
-0.540848
-0.515964
-0.485749
-0.39242
-0.395605
-0.381235
-0.307373
-0.306964
-0.219977
-0.563018
-0.616907
-0.565295
-0.53589
-0.487236
-0.455178
-0.417785
-0.401709
-0.413808
-0.460519
-0.614176
-0.678947
-0.599388
-0.528515
-0.496743
-0.471364
-0.467537
-0.459573
-0.490188
-0.575054
-0.7733
-0.726113
-0.635235
-0.56587
-0.541945
-0.531853
-0.532177
-0.515819
-0.544679
-0.646264
-0.822719
-0.759777
-0.699872
-0.643356
-0.603994
-0.584727
-0.581537
-0.553538
-0.564462
-0.666121
-0.830582
-0.799063
-0.774189
-0.729784
-0.68861
-0.667342
-0.636923
-0.58093
-0.550739
-0.737871
-0.86207
-0.854796
-0.846954
-0.809755
-0.770524
-0.739555
-0.688105
-0.610114
-0.508648
-0.863289
-0.91606
-0.901382
-0.908649
-0.88343
-0.845962
-0.806911
-0.743329
-0.642528
-0.487911
-0.977487
-0.976174
-0.959686
-0.972202
-0.958496
-0.930918
-0.883087
-0.804309
-0.674992
-0.541386
353.436
354.133
355.421
357.18
359.255
361.396
363.406
365.144
366.272
366.704
304.611
305.33
306.712
308.569
310.718
313.002
315.173
317.047
318.242
318.666
256.037
256.871
258.431
260.519
262.967
265.539
267.938
269.989
271.186
271.148
207.926
208.854
210.683
213.091
215.928
218.949
221.709
223.996
225.078
225.065
160.64
161.613
163.735
166.527
169.858
173.21
176.584
178.996
179.821
180.343
114.24
115.38
117.958
121.118
125.204
129.009
132.668
135.432
135.87
137.386
69.4081
70.4688
74.0063
77.044
82.8486
87.3866
92.1638
94.7106
94.9643
100.613
29.7589
30.9383
34.4353
39.4397
44.2918
49.6893
54.5865
57.3771
57.702
61.223
3.11281
3.25902
6.21426
9.79212
14.088
17.2664
19.1194
22.915
25.0414
24.8759
0.537405
0.209346
0.298602
1.17771
2.77668
3.5127
3.66296
4.56084
4.31329
4.27118
-0.198432
-0.379449
-0.370243
-0.448695
-0.455331
-0.459981
-0.313887
-0.183849
-0.209971
-0.231078
-0.507455
-0.63166
-0.588866
-0.548654
-0.514597
-0.46243
-0.399162
-0.341675
-0.284586
-0.299347
-0.468204
-0.671111
-0.647778
-0.591831
-0.549046
-0.497441
-0.452789
-0.416722
-0.39681
-0.418981
-0.549499
-0.673093
-0.698209
-0.623015
-0.552527
-0.509022
-0.485421
-0.469993
-0.463143
-0.484365
-0.645253
-0.76334
-0.729573
-0.651248
-0.589549
-0.558933
-0.544021
-0.527401
-0.513245
-0.524196
-0.701521
-0.832936
-0.749903
-0.697979
-0.655251
-0.622806
-0.603215
-0.583521
-0.557266
-0.54874
-0.687812
-0.810218
-0.789967
-0.779144
-0.736174
-0.69923
-0.670347
-0.641303
-0.597486
-0.565363
-0.747236
-0.857897
-0.845084
-0.841611
-0.811175
-0.771016
-0.730359
-0.687932
-0.626203
-0.552776
-0.8609
-0.917194
-0.891883
-0.891336
-0.870519
-0.837575
-0.783523
-0.728035
-0.636133
-0.510539
-0.976321
-0.974647
-0.949608
-0.947453
-0.939113
-0.916288
-0.854313
-0.78628
-0.662997
-0.572137
350.08
350.903
352.355
354.342
356.665
359.105
361.362
363.299
364.536
365.118
300.875
301.759
303.334
305.463
307.934
310.501
312.908
315.033
316.287
316.898
251.614
252.597
254.403
256.837
259.671
262.64
265.419
267.771
268.981
269.046
202.277
203.45
205.611
208.494
211.861
215.378
218.616
221.371
222.155
221.859
153.224
154.42
157.096
160.616
164.76
169.144
173.163
176.068
176.927
177.309
104.014
105.32
108.83
113.137
118.263
123.483
128.29
132.34
133.484
137.586
56.1273
56.997
62.0421
67.1004
73.7316
80.4424
86.6148
91.6949
92.3448
97.2288
15.0278
15.2483
20.9074
27.5639
33.7953
41.6226
48.1113
53.6534
53.8369
57.9636
0.15915
0.195211
0.75205
1.94833
5.38659
10.9943
16.233
19.7679
20.8837
21.2443
0.0231327
-0.136595
-0.303934
-0.417155
0.00585748
0.685703
1.56397
2.29385
2.30066
1.95511
-0.361048
-0.559459
-0.63448
-0.566365
-0.521009
-0.456237
-0.390471
-0.312972
-0.253505
-0.187143
-0.472661
-0.57651
-0.608918
-0.601479
-0.538229
-0.458859
-0.407226
-0.362971
-0.322656
-0.30527
-0.492749
-0.565377
-0.599716
-0.576865
-0.527789
-0.487155
-0.4625
-0.439047
-0.414784
-0.409029
-0.53341
-0.583909
-0.611824
-0.587772
-0.55351
-0.523283
-0.505306
-0.489283
-0.479939
-0.484447
-0.597225
-0.646114
-0.647063
-0.615084
-0.587007
-0.569183
-0.557118
-0.542366
-0.532265
-0.541959
-0.63785
-0.741835
-0.693855
-0.664787
-0.645695
-0.6276
-0.613582
-0.59409
-0.577091
-0.579002
-0.679892
-0.795039
-0.742253
-0.737881
-0.716127
-0.69666
-0.67225
-0.644877
-0.615986
-0.600984
-0.757188
-0.845699
-0.817445
-0.810529
-0.789043
-0.763774
-0.731637
-0.694698
-0.652338
-0.612241
-0.890687
-0.908823
-0.877363
-0.870049
-0.852193
-0.830446
-0.794916
-0.747839
-0.690189
-0.616248
-0.964927
-0.961718
-0.939855
-0.934307
-0.923978
-0.906131
-0.868436
-0.812878
-0.733441
-0.670832
346.117
347.058
348.713
350.985
353.632
356.4
359.012
361.208
362.631
363.423
296.505
297.503
299.311
301.78
304.64
307.611
310.343
312.755
314.225
315.09
246.34
247.466
249.581
252.459
255.79
259.257
262.451
265.344
266.858
267.527
195.587
196.869
199.485
202.978
207.033
211.248
215.027
218.541
219.716
220.39
144.203
145.587
148.967
153.442
158.639
164.177
169.201
173.116
174.162
177.15
92.1477
93.567
97.847
103.207
109.829
116.637
122.998
128.571
131.154
133.651
40.4329
41.1011
47.4765
54.3469
62.749
71.9878
80.4197
86.737
90.3551
93.1257
5.76661
5.62947
8.20784
11.8412
19.8324
30.3714
40.5677
48.1617
50.9849
53.3205
0.0246567
-0.0723615
-0.137988
-0.0800817
0.821926
5.09229
10.805
16.6444
20.255
20.0262
-0.0703591
-0.182328
-0.2907
-0.372265
-0.43753
-0.24907
0.481235
0.981758
1.182
1.16672
-0.288692
-0.391695
-0.470877
-0.526935
-0.499169
-0.409227
-0.392328
-0.407483
-0.38425
-0.296234
-0.399597
-0.475286
-0.528995
-0.556261
-0.532719
-0.471022
-0.436538
-0.415468
-0.395988
-0.381509
-0.44968
-0.491341
-0.524992
-0.528152
-0.508807
-0.486363
-0.472897
-0.460994
-0.451913
-0.451253
-0.502343
-0.522283
-0.543845
-0.547465
-0.542433
-0.529623
-0.520805
-0.512564
-0.508083
-0.51321
-0.568325
-0.586587
-0.595305
-0.592978
-0.586051
-0.576669
-0.56897
-0.560788
-0.555815
-0.561353
-0.634232
-0.684858
-0.664019
-0.651203
-0.641495
-0.631412
-0.621542
-0.609721
-0.60051
-0.601536
-0.693647
-0.769387
-0.723639
-0.716947
-0.703618
-0.691264
-0.676848
-0.65946
-0.643896
-0.637828
-0.800069
-0.829568
-0.790463
-0.786328
-0.770007
-0.755122
-0.735585
-0.710878
-0.686001
-0.669995
-0.88356
-0.883435
-0.857698
-0.850652
-0.83773
-0.822252
-0.799166
-0.766547
-0.72953
-0.706943
-0.945688
-0.939772
-0.925776
-0.919594
-0.910087
-0.896266
-0.873421
-0.837727
-0.796283
-0.774663
341.844
342.924
344.813
347.413
350.425
353.558
356.499
359.012
360.693
361.667
291.761
292.911
294.988
297.846
301.137
304.553
307.731
310.449
312.22
313.329
240.544
241.878
244.376
247.767
251.657
255.684
259.421
262.698
264.782
265.764
188.085
189.571
192.828
197.06
201.883
206.884
211.496
215.553
217.732
219.311
134.243
135.587
140.005
145.606
152.003
158.489
164.467
169.477
172.381
173.975
79.4319
80.9825
86.2894
93.1212
101.092
109.571
117.778
124.58
128.638
130.77
25.318
25.2121
30.9569
39.7866
50.7533
62.4468
73.6619
82.1712
87.3096
90.3049
1.42111
1.64308
3.23486
5.17642
9.57605
19.815
33.118
43.8957
47.4558
49.0851
0.117277
0.0451699
-0.0509097
-0.1828
-0.112837
1.06335
6.66513
14.399
20.5706
21.9739
-0.0701451
-0.137202
-0.226644
-0.309759
-0.368307
-0.412254
-0.217981
0.620656
1.21952
1.34566
-0.232066
-0.296665
-0.36947
-0.440244
-0.466647
-0.426074
-0.399097
-0.433942
-0.462796
-0.438292
-0.348092
-0.389312
-0.434312
-0.468534
-0.475014
-0.469747
-0.470243
-0.467654
-0.460577
-0.454079
-0.42606
-0.444829
-0.466186
-0.479612
-0.485059
-0.487227
-0.491987
-0.49658
-0.499496
-0.505105
-0.492718
-0.502937
-0.515578
-0.527209
-0.533585
-0.533813
-0.537006
-0.539707
-0.543986
-0.550539
-0.560426
-0.572027
-0.583382
-0.586778
-0.584668
-0.581364
-0.580766
-0.58019
-0.582162
-0.590316
-0.629009
-0.649354
-0.653862
-0.645645
-0.638528
-0.632473
-0.629301
-0.626733
-0.624917
-0.629213
-0.701004
-0.726244
-0.717219
-0.70725
-0.697429
-0.689382
-0.682724
-0.67497
-0.667962
-0.666138
-0.78185
-0.794766
-0.7809
-0.771855
-0.761667
-0.752424
-0.741261
-0.727905
-0.714891
-0.707211
-0.861622
-0.86134
-0.847054
-0.839267
-0.829838
-0.819532
-0.805116
-0.786974
-0.769315
-0.757292
-0.931132
-0.925277
-0.915539
-0.908782
-0.901367
-0.891909
-0.877188
-0.856993
-0.835392
-0.825306
337.581
338.898
341.03
343.972
347.355
350.86
354.14
356.91
358.824
359.989
287.062
288.418
290.775
294.049
297.78
301.637
305.234
308.28
310.331
311.633
234.668
236.338
239.304
243.233
247.686
252.282
256.564
260.214
262.653
264.015
180.23
182.146
186.272
191.333
196.955
202.738
208.127
212.721
215.677
217.428
123.738
125.382
131.175
137.921
145.479
153.186
160.239
166.083
170.049
172.199
64.828
66.6834
74.7164
83.5542
92.9423
102.772
112.379
120.402
125.903
128.669
13.7081
13.027
19.2822
26.7934
39.5167
53.2551
66.9205
77.0119
84.0756
87.9814
0.206543
0.301499
0.90842
2.17141
5.03412
11.2001
26.0276
38.8853
45.457
47.4159
0.107267
0.0787739
0.0269211
-0.0562833
-0.203969
-0.0287089
2.5407
10.6716
19.8192
23.3727
-0.0609082
-0.105459
-0.166716
-0.237474
-0.305659
-0.35421
-0.38702
0.319655
2.01201
2.60224
-0.204981
-0.238682
-0.28999
-0.350482
-0.405907
-0.434646
-0.443689
-0.448728
-0.464282
-0.495271
-0.317595
-0.337419
-0.36658
-0.400531
-0.430547
-0.457987
-0.502246
-0.51658
-0.509732
-0.512359
-0.404949
-0.416842
-0.431582
-0.448553
-0.468612
-0.486547
-0.510944
-0.528411
-0.53725
-0.551828
-0.480319
-0.491085
-0.50209
-0.511977
-0.525084
-0.535644
-0.549792
-0.566371
-0.579283
-0.590822
-0.552204
-0.563763
-0.574135
-0.576668
-0.579864
-0.583624
-0.590551
-0.597983
-0.60835
-0.619431
-0.621569
-0.632972
-0.641229
-0.635052
-0.632754
-0.632835
-0.635911
-0.638037
-0.642955
-0.650788
-0.690548
-0.704478
-0.708219
-0.696375
-0.692201
-0.688601
-0.688237
-0.686496
-0.685237
-0.686396
-0.772901
-0.782902
-0.776666
-0.76326
-0.758349
-0.752226
-0.746816
-0.741127
-0.734286
-0.730007
-0.857658
-0.857675
-0.843571
-0.833641
-0.827622
-0.819274
-0.810415
-0.800729
-0.790693
-0.783818
-0.926148
-0.921484
-0.909665
-0.904271
-0.898796
-0.890969
-0.881007
-0.868981
-0.857257
-0.851194
333.883
335.373
337.726
340.988
344.716
348.561
352.146
355.153
357.269
358.552
282.645
284.386
287.054
290.727
294.874
299.136
303.1
306.432
308.781
310.121
229.141
231.22
234.765
239.244
244.236
249.359
254.115
258.113
260.906
262.486
172.614
175.261
180.3
186.202
192.654
199.186
205.223
210.287
213.813
215.829
114.223
115.694
123.055
131.045
139.76
148.579
156.631
163.228
167.872
170.447
48.0093
53.2739
63.7732
74.4031
85.9679
97.0698
107.81
116.902
123.196
126.259
6.05567
7.06674
11.9795
18.7355
30.5
46.4113
60.9683
72.4567
81.0222
86.664
0.200833
0.180268
0.299385
0.806112
3.00856
7.69323
19.5022
34.2825
44.3871
48.2636
0.0789447
0.0321832
0.00537308
-0.00729876
-0.0918646
-0.149979
0.736765
6.23315
14.7815
22.1443
-0.0632931
-0.106356
-0.150886
-0.184319
-0.245791
-0.287608
-0.314022
-0.12245
3.16971
7.14764
-0.19038
-0.214332
-0.250435
-0.29161
-0.349138
-0.412571
-0.446706
-0.421076
-0.407642
-0.394502
-0.298173
-0.312087
-0.335542
-0.365562
-0.402763
-0.454427
-0.513347
-0.531158
-0.522123
-0.519374
-0.388894
-0.399966
-0.414252
-0.431644
-0.457957
-0.486709
-0.528513
-0.545652
-0.549929
-0.573379
-0.468816
-0.478569
-0.489072
-0.498679
-0.518048
-0.535489
-0.56206
-0.583892
-0.598302
-0.616488
-0.54331
-0.549996
-0.555997
-0.562842
-0.574947
-0.585184
-0.597041
-0.615588
-0.632617
-0.647738
-0.614123
-0.617607
-0.618176
-0.620281
-0.62613
-0.63237
-0.638774
-0.647301
-0.660745
-0.674861
-0.686285
-0.689947
-0.688669
-0.689375
-0.688642
-0.689584
-0.691851
-0.692111
-0.696408
-0.703127
-0.766104
-0.776491
-0.768824
-0.760362
-0.756829
-0.753059
-0.751538
-0.748682
-0.744938
-0.742808
-0.845739
-0.856094
-0.838119
-0.831
-0.827125
-0.82063
-0.814978
-0.809438
-0.802724
-0.796872
-0.917164
-0.916582
-0.905411
-0.901001
-0.89834
-0.891371
-0.88398
-0.875985
-0.868666
-0.863072
331.284
332.849
335.347
338.83
342.802
346.905
350.722
353.883
356.148
357.452
279.657
281.421
284.347
288.318
292.755
297.315
301.553
305.065
307.572
308.983
224.604
226.992
231.169
236.22
241.685
247.21
252.317
256.566
259.527
261.346
166.129
169.239
175.163
181.986
189.314
196.5
203.004
208.45
212.23
214.556
105.418
107.019
115.439
125.048
135.197
145.057
153.887
161.239
166.276
169.58
30.4454
35.4492
52.7557
66.011
80.6745
92.6771
103.86
114.221
121.048
124.73
2.052
3.65444
6.9681
12.7967
24.4638
40.3896
56.4155
68.9872
78.2345
84.521
0.316578
0.260774
0.143992
0.225353
1.49784
5.25636
14.2282
30.1864
41.5188
47.6877
0.138533
0.0620644
0.00629364
0.0175952
-0.03392
-0.11694
0.128558
3.0166
9.61509
20.1069
-0.0316693
-0.0699331
-0.120305
-0.14343
-0.194412
-0.225814
-0.234794
-0.231267
2.04073
8.51124
-0.159659
-0.184262
-0.219926
-0.253591
-0.305703
-0.36827
-0.394946
-0.365443
-0.354141
-0.34561
-0.265652
-0.286251
-0.311258
-0.341018
-0.376787
-0.440945
-0.493446
-0.486716
-0.497342
-0.489368
-0.361442
-0.379651
-0.396828
-0.419158
-0.443816
-0.482715
-0.536215
-0.545924
-0.540306
-0.565697
-0.451372
-0.467297
-0.479804
-0.489688
-0.510704
-0.530276
-0.56728
-0.604309
-0.613248
-0.639025
-0.538736
-0.548246
-0.551854
-0.555619
-0.570337
-0.581501
-0.600221
-0.635423
-0.668778
-0.696498
-0.623067
-0.624495
-0.620614
-0.619757
-0.62668
-0.633151
-0.639487
-0.656179
-0.68178
-0.704495
-0.697406
-0.698632
-0.691611
-0.689342
-0.689463
-0.690715
-0.692466
-0.694803
-0.702441
-0.712463
-0.764907
-0.77027
-0.762842
-0.760067
-0.757901
-0.754805
-0.753942
-0.75202
-0.749037
-0.746944
-0.83259
-0.837695
-0.832533
-0.830236
-0.827583
-0.822673
-0.818107
-0.81385
-0.808492
-0.802186
-0.901481
-0.906007
-0.902385
-0.900184
-0.897255
-0.892344
-0.886348
-0.880277
-0.874478
-0.868562
329.762
331.261
333.847
337.521
341.691
345.92
349.856
353.21
355.582
356.858
277.845
279.582
282.637
286.92
291.546
296.33
300.798
304.384
306.98
308.407
222.391
224.537
229.036
234.5
240.315
246.058
251.435
255.851
258.963
260.707
162.625
166.128
172.522
180.022
187.795
195.199
201.945
207.677
211.713
213.93
103.692
105.308
114.086
123.515
133.882
143.663
152.707
160.218
165.569
168.595
25.8402
30.2412
47.816
64.5675
78.9881
91.1768
102.553
112.8
120.08
124.446
1.47784
2.01091
6.17205
13.7967
24.9485
39.7692
55.216
67.8483
76.7952
83.5138
0.313852
0.294224
0.157397
0.142981
1.25262
5.08272
13.6312
28.5081
40.2884
47.4195
0.152606
0.128582
0.049969
0.0574773
0.0366247
-0.0476972
0.0775178
2.47812
8.7065
19.2509
-0.0166799
-0.0345107
-0.0785356
-0.0972914
-0.132172
-0.162701
-0.190669
-0.115821
3.30642
10.3906
-0.146987
-0.160486
-0.192346
-0.221779
-0.257988
-0.305225
-0.325639
-0.28032
-0.271542
-0.255408
-0.253456
-0.265911
-0.29155
-0.322475
-0.348727
-0.393402
-0.418736
-0.409874
-0.427893
-0.407891
-0.349245
-0.362722
-0.38377
-0.411165
-0.428075
-0.454651
-0.478852
-0.480866
-0.474123
-0.481474
-0.441933
-0.458583
-0.475396
-0.486921
-0.50037
-0.514302
-0.530383
-0.542092
-0.549206
-0.562192
-0.535394
-0.545928
-0.553473
-0.554641
-0.563675
-0.572922
-0.581435
-0.592534
-0.6063
-0.61807
-0.618785
-0.623392
-0.623377
-0.622614
-0.625128
-0.629337
-0.633374
-0.636495
-0.641832
-0.646155
-0.69262
-0.696215
-0.693353
-0.692394
-0.69101
-0.689618
-0.689773
-0.68892
-0.68579
-0.680668
-0.764096
-0.76715
-0.76417
-0.762396
-0.76007
-0.756567
-0.752559
-0.749511
-0.744972
-0.737136
-0.837798
-0.837907
-0.8352
-0.831793
-0.828588
-0.825141
-0.820097
-0.814642
-0.809673
-0.802933
-0.905944
-0.904827
-0.904816
-0.90036
-0.896697
-0.893518
-0.889258
-0.883615
-0.878059
-0.872461
-0.995969
-1.00001
-0.997795
-1.00282
-1.01125
-1.01581
-1.02357
-1.02955
-1.0345
-1.03625
-1.06079
-1.06653
-1.06147
-1.06483
-1.07542
-1.08121
-1.08923
-1.09619
-1.10249
-1.10655
-1.12469
-1.12914
-1.12488
-1.12701
-1.13868
-1.14351
-1.15104
-1.15772
-1.16403
-1.16914
-1.18483
-1.18327
-1.18363
-1.18958
-1.19881
-1.20241
-1.20797
-1.21398
-1.21929
-1.22337
-1.23916
-1.2343
-1.23503
-1.24509
-1.25336
-1.25663
-1.2611
-1.26558
-1.26911
-1.27132
-1.29577
-1.29172
-1.28783
-1.29723
-1.30486
-1.30809
-1.31125
-1.31369
-1.3152
-1.3155
-1.35179
-1.35181
-1.34558
-1.3504
-1.35614
-1.35806
-1.35924
-1.35967
-1.35945
-1.35835
-1.40228
-1.40426
-1.40127
-1.40274
-1.40593
-1.40602
-1.40541
-1.40445
-1.40313
-1.40134
-1.44857
-1.45042
-1.45092
-1.45183
-1.45283
-1.45177
-1.45027
-1.44871
-1.44696
-1.44513
-1.49373
-1.49465
-1.49629
-1.498
-1.49757
-1.49615
-1.49453
-1.49295
-1.4913
-1.48989
-1.53874
-1.53896
-1.53998
-1.54114
-1.54106
-1.54001
-1.53874
-1.53752
-1.53627
-1.53545
-1.58364
-1.58353
-1.58402
-1.5846
-1.58461
-1.58404
-1.58327
-1.58257
-1.58187
-1.5817
-1.62871
-1.62856
-1.62854
-1.62877
-1.62889
-1.62871
-1.62838
-1.62816
-1.62803
-1.62848
-1.67417
-1.67409
-1.67393
-1.67406
-1.6742
-1.67421
-1.67416
-1.6743
-1.67467
-1.67565
-1.71995
-1.71993
-1.71988
-1.72003
-1.72022
-1.7204
-1.7206
-1.72103
-1.72177
-1.72314
-1.76586
-1.76591
-1.76601
-1.76627
-1.76662
-1.76706
-1.76759
-1.76834
-1.76937
-1.77094
-1.81177
-1.81189
-1.81211
-1.81252
-1.81311
-1.81388
-1.81484
-1.81602
-1.81722
-1.81857
-1.85758
-1.85775
-1.85806
-1.85858
-1.85933
-1.86035
-1.86162
-1.8631
-1.86426
-1.86511
-1.90323
-1.9034
-1.90372
-1.90423
-1.90497
-1.90596
-1.90714
-1.90846
-1.90941
-1.90982
-1.94871
-1.94883
-1.94906
-1.94943
-1.94996
-1.95065
-1.95141
-1.95223
-1.95279
-1.9529
-1.00363
-1.00892
-1.00094
-1.00457
-1.01241
-1.01956
-1.02657
-1.0335
-1.04041
-1.04434
-1.0678
-1.07695
-1.06698
-1.07065
-1.07953
-1.08619
-1.09374
-1.10189
-1.11065
-1.11783
-1.13276
-1.14354
-1.13362
-1.13767
-1.1441
-1.149
-1.15612
-1.16406
-1.17271
-1.18039
-1.19287
-1.20559
-1.19567
-1.20099
-1.20399
-1.20728
-1.21315
-1.2198
-1.2269
-1.23289
-1.24937
-1.25297
-1.25047
-1.25858
-1.25927
-1.26095
-1.26546
-1.2702
-1.27474
-1.27766
-1.30265
-1.30405
-1.30348
-1.31072
-1.31203
-1.31174
-1.31457
-1.31691
-1.31875
-1.31878
-1.3546
-1.35896
-1.35763
-1.36208
-1.36319
-1.36087
-1.36153
-1.36162
-1.36123
-1.35938
-1.40304
-1.40472
-1.40489
-1.4086
-1.40998
-1.40792
-1.40679
-1.40539
-1.40361
-1.40096
-1.44851
-1.44911
-1.44682
-1.45092
-1.45428
-1.45279
-1.4509
-1.44893
-1.44663
-1.44414
-1.49373
-1.49544
-1.49216
-1.49488
-1.49766
-1.49657
-1.49467
-1.49273
-1.49057
-1.48875
-1.5389
-1.54004
-1.53982
-1.54137
-1.54167
-1.54022
-1.53857
-1.53704
-1.53542
-1.53448
-1.58374
-1.5838
-1.58468
-1.58524
-1.58485
-1.58386
-1.58281
-1.58188
-1.58095
-1.58091
-1.62866
-1.62846
-1.62848
-1.62864
-1.62859
-1.62822
-1.62768
-1.62726
-1.62699
-1.62775
-1.67407
-1.67398
-1.67368
-1.67377
-1.67381
-1.67365
-1.67333
-1.67322
-1.67351
-1.67502
-1.71989
-1.71988
-1.71974
-1.71985
-1.71993
-1.71994
-1.71988
-1.72005
-1.72084
-1.72312
-1.76588
-1.76593
-1.76599
-1.76623
-1.76655
-1.76691
-1.76732
-1.76791
-1.76912
-1.77178
-1.81186
-1.812
-1.81226
-1.81273
-1.8134
-1.81431
-1.81546
-1.8169
-1.81845
-1.82081
-1.85772
-1.85795
-1.85834
-1.85902
-1.86002
-1.86146
-1.86343
-1.86588
-1.86698
-1.86826
-1.90339
-1.90364
-1.90406
-1.90479
-1.90585
-1.90734
-1.90922
-1.9114
-1.91247
-1.91269
-1.94885
-1.94903
-1.94935
-1.9499
-1.95067
-1.95171
-1.95289
-1.95409
-1.95467
-1.95443
-1.00316
-1.00819
-1.00903
-1.01104
-1.01822
-1.02468
-1.03379
-1.04355
-1.05586
-1.07001
-1.06717
-1.07305
-1.07676
-1.08182
-1.08907
-1.09317
-1.10272
-1.11428
-1.12953
-1.14956
-1.13253
-1.13627
-1.13997
-1.14809
-1.15374
-1.15684
-1.16568
-1.17682
-1.19138
-1.20861
-1.19547
-1.20061
-1.20009
-1.2091
-1.21251
-1.21516
-1.22242
-1.23132
-1.24253
-1.2536
-1.25449
-1.25994
-1.25721
-1.2661
-1.26652
-1.26839
-1.27358
-1.27939
-1.28592
-1.28963
-1.30904
-1.31467
-1.31122
-1.31808
-1.31778
-1.31835
-1.32092
-1.32336
-1.32564
-1.32434
-1.36061
-1.36551
-1.3632
-1.36658
-1.36673
-1.3661
-1.36618
-1.36566
-1.3647
-1.36119
-1.40638
-1.41001
-1.40938
-1.41084
-1.41264
-1.41164
-1.40995
-1.40754
-1.40458
-1.40034
-1.44962
-1.45312
-1.45207
-1.45507
-1.45522
-1.45541
-1.45281
-1.4497
-1.44605
-1.44271
-1.49317
-1.49477
-1.49481
-1.50062
-1.50106
-1.4986
-1.49555
-1.49261
-1.48928
-1.48702
-1.53817
-1.53856
-1.54082
-1.54481
-1.54456
-1.54123
-1.5385
-1.53635
-1.53402
-1.53322
-1.58319
-1.5829
-1.58407
-1.58565
-1.58527
-1.58355
-1.58192
-1.58074
-1.57955
-1.58018
-1.62816
-1.6279
-1.62733
-1.62761
-1.62774
-1.62716
-1.62627
-1.62566
-1.6254
-1.62703
-1.6737
-1.67363
-1.67286
-1.6729
-1.67285
-1.67241
-1.67169
-1.67122
-1.67147
-1.67352
-1.71971
-1.71969
-1.71933
-1.71933
-1.71921
-1.71885
-1.71828
-1.71783
-1.71841
-1.72114
-1.76585
-1.76589
-1.76587
-1.76605
-1.76625
-1.76644
-1.7666
-1.76725
-1.76879
-1.77245
-1.81195
-1.81212
-1.81239
-1.81292
-1.81372
-1.81498
-1.81669
-1.8203
-1.82345
-1.82589
-1.85789
-1.85818
-1.85868
-1.85957
-1.8609
-1.86318
-1.86601
-1.87109
-1.87634
-1.8764
-1.90357
-1.90391
-1.90448
-1.9055
-1.90704
-1.90952
-1.9127
-1.91722
-1.92093
-1.91943
-1.94899
-1.94924
-1.94969
-1.95046
-1.95159
-1.95329
-1.95532
-1.95761
-1.95941
-1.95772
-1.00411
-1.00823
-1.01511
-1.01885
-1.02753
-1.03391
-1.04405
-1.05751
-1.0795
-1.10425
-1.06815
-1.07239
-1.0795
-1.08692
-1.09568
-1.10273
-1.11507
-1.13132
-1.15804
-1.19368
-1.13025
-1.13475
-1.14141
-1.1504
-1.15852
-1.16627
-1.17907
-1.19428
-1.22089
-1.25392
-1.19136
-1.1962
-1.20129
-1.20933
-1.21675
-1.22422
-1.23585
-1.24714
-1.26816
-1.29026
-1.25211
-1.25635
-1.25939
-1.26467
-1.2704
-1.2768
-1.2845
-1.2927
-1.30486
-1.31023
-1.31016
-1.31521
-1.31538
-1.31666
-1.32289
-1.32556
-1.32942
-1.33275
-1.33743
-1.33187
-1.36409
-1.37004
-1.36832
-1.36625
-1.37095
-1.3719
-1.37229
-1.37149
-1.37075
-1.36283
-1.41016
-1.41718
-1.41672
-1.41344
-1.41605
-1.41637
-1.41412
-1.41065
-1.40617
-1.39844
-1.45187
-1.45609
-1.45912
-1.459
-1.45926
-1.45872
-1.45539
-1.45089
-1.44489
-1.43883
-1.49389
-1.49299
-1.49753
-1.50216
-1.50043
-1.5002
-1.49661
-1.4925
-1.48682
-1.48352
-1.53778
-1.53539
-1.53728
-1.54219
-1.5435
-1.54141
-1.53825
-1.5354
-1.5314
-1.53198
-1.58252
-1.58106
-1.58167
-1.5836
-1.58481
-1.58274
-1.58064
-1.57905
-1.57711
-1.58074
-1.62765
-1.62684
-1.62611
-1.62645
-1.62653
-1.62553
-1.62404
-1.6229
-1.62261
-1.6278
-1.67337
-1.6731
-1.67186
-1.67176
-1.67142
-1.67033
-1.66858
-1.66684
-1.66709
-1.67425
-1.71959
-1.71948
-1.71883
-1.71861
-1.71803
-1.71682
-1.71477
-1.71162
-1.71141
-1.72216
-1.76592
-1.76593
-1.76579
-1.76585
-1.76568
-1.76524
-1.76458
-1.76417
-1.766
-1.77725
-1.81216
-1.81237
-1.8127
-1.81339
-1.8143
-1.8161
-1.81998
-1.8287
-1.82907
-1.83396
-1.85819
-1.85861
-1.85933
-1.86071
-1.86297
-1.86702
-1.874
-1.88847
-1.87959
-1.8858
-1.90391
-1.90441
-1.90527
-1.9069
-1.90956
-1.91414
-1.9215
-1.92972
-1.92354
-1.93036
-1.94927
-1.94965
-1.95033
-1.95153
-1.95342
-1.9562
-1.96062
-1.9639
-1.96559
-1.96375
-1.00916
-1.01229
-1.01698
-1.02332
-1.03193
-1.04242
-1.05553
-1.07434
-1.11537
-1.1751
-1.07447
-1.07783
-1.08297
-1.09069
-1.10109
-1.11313
-1.13005
-1.1525
-1.19585
-1.23811
-1.13741
-1.14099
-1.14628
-1.15475
-1.16543
-1.17825
-1.1962
-1.21493
-1.2568
-1.2775
-1.19684
-1.2018
-1.20645
-1.21436
-1.22443
-1.23599
-1.25114
-1.26739
-1.29705
-1.30181
-1.25411
-1.26082
-1.26374
-1.27007
-1.27857
-1.28734
-1.29763
-1.3078
-1.32488
-1.31342
-1.31125
-1.31776
-1.31827
-1.3223
-1.32881
-1.33411
-1.33928
-1.34299
-1.34956
-1.32558
-1.36598
-1.37182
-1.37005
-1.37147
-1.37601
-1.37858
-1.37906
-1.37809
-1.37793
-1.35363
-1.41307
-1.4192
-1.4186
-1.41719
-1.42028
-1.42128
-1.41849
-1.41461
-1.41032
-1.39333
-1.45533
-1.45763
-1.46177
-1.46163
-1.46197
-1.46206
-1.45797
-1.45312
-1.4478
-1.44533
-1.49621
-1.49317
-1.50024
-1.50309
-1.50212
-1.50182
-1.49778
-1.49374
-1.48932
-1.49056
-1.53862
-1.53456
-1.53786
-1.54146
-1.54311
-1.54144
-1.53824
-1.53573
-1.53356
-1.53604
-1.58275
-1.5806
-1.58098
-1.58244
-1.58352
-1.58172
-1.57954
-1.57807
-1.57798
-1.58157
-1.6278
-1.62679
-1.62538
-1.62533
-1.62518
-1.62381
-1.62164
-1.61969
-1.62052
-1.62379
-1.67356
-1.67313
-1.67162
-1.67101
-1.66996
-1.66781
-1.66439
-1.65964
-1.65945
-1.6644
-1.71982
-1.71956
-1.71869
-1.71791
-1.71642
-1.71371
-1.70843
-1.6973
-1.69529
-1.71426
-1.7662
-1.76612
-1.7658
-1.76539
-1.76427
-1.76295
-1.75896
-1.74738
-1.75157
-1.78317
-1.8125
-1.81272
-1.81302
-1.81362
-1.81378
-1.81703
-1.81958
-1.81679
-1.82307
-1.85977
-1.85859
-1.85913
-1.86003
-1.8619
-1.86418
-1.87217
-1.88122
-1.88436
-1.89251
-1.89896
-1.90432
-1.90502
-1.90621
-1.90878
-1.91273
-1.92147
-1.93288
-1.93353
-1.92761
-1.92945
-1.9496
-1.95015
-1.9511
-1.95306
-1.9561
-1.96124
-1.96883
-1.9676
-1.96216
-1.96148
-1.01421
-1.01727
-1.0229
-1.03017
-1.03994
-1.05322
-1.06959
-1.08442
-1.11699
-1.15871
-1.08016
-1.0842
-1.09057
-1.09916
-1.11105
-1.12699
-1.14977
-1.17531
-1.21334
-1.24815
-1.1434
-1.14798
-1.1547
-1.16434
-1.17708
-1.19426
-1.2187
-1.24901
-1.28878
-1.32188
-1.20416
-1.20876
-1.21507
-1.22445
-1.23649
-1.25281
-1.27367
-1.29895
-1.33191
-1.36035
-1.26208
-1.26699
-1.27209
-1.2801
-1.28983
-1.3025
-1.31695
-1.33328
-1.35161
-1.35936
-1.31673
-1.32283
-1.32603
-1.33225
-1.33871
-1.34623
-1.35322
-1.35974
-1.36394
-1.35434
-1.36808
-1.37498
-1.37631
-1.38059
-1.38452
-1.38713
-1.38784
-1.38696
-1.38284
-1.36674
-1.41501
-1.42066
-1.42201
-1.42416
-1.42739
-1.42676
-1.42334
-1.41843
-1.4111
-1.39454
-1.45764
-1.45944
-1.46224
-1.46457
-1.46702
-1.46526
-1.46025
-1.45426
-1.44701
-1.43331
-1.49878
-1.4961
-1.50036
-1.50218
-1.50492
-1.503
-1.49838
-1.49324
-1.48775
-1.47687
-1.54059
-1.53757
-1.54043
-1.54193
-1.54305
-1.54115
-1.53769
-1.53402
-1.53145
-1.52072
-1.58399
-1.58233
-1.58244
-1.58261
-1.58263
-1.58087
-1.57823
-1.57541
-1.57616
-1.56591
-1.62864
-1.62776
-1.62619
-1.62553
-1.62467
-1.62263
-1.61974
-1.61628
-1.61807
-1.61285
-1.67424
-1.67368
-1.67222
-1.67105
-1.66923
-1.6661
-1.66171
-1.65537
-1.65358
-1.66939
-1.72038
-1.71996
-1.719
-1.71779
-1.71561
-1.71141
-1.70436
-1.69498
-1.69899
-1.73329
-1.7667
-1.76656
-1.76622
-1.76565
-1.7642
-1.76123
-1.75559
-1.74737
-1.75736
-1.79741
-1.81303
-1.81333
-1.81381
-1.81475
-1.81593
-1.81938
-1.81719
-1.81227
-1.82981
-1.84597
-1.85917
-1.85994
-1.8613
-1.86429
-1.86989
-1.88114
-1.87457
-1.87836
-1.87603
-1.88476
-1.9049
-1.90586
-1.90763
-1.91129
-1.91846
-1.93022
-1.93535
-1.92373
-1.9176
-1.92007
-1.95006
-1.95074
-1.95201
-1.95427
-1.95844
-1.96543
-1.97274
-1.96094
-1.95622
-1.95581
-1.02038
-1.02498
-1.03451
-1.04364
-1.05048
-1.06125
-1.07486
-1.09179
-1.12091
-1.10537
-1.08652
-1.09249
-1.10307
-1.11578
-1.12583
-1.14116
-1.16734
-1.20599
-1.27397
-1.30841
-1.14914
-1.15598
-1.16679
-1.18039
-1.19417
-1.21322
-1.246
-1.28208
-1.37199
-1.4009
-1.20843
-1.21538
-1.22542
-1.23863
-1.25341
-1.27383
-1.3027
-1.3381
-1.39573
-1.38834
-1.26483
-1.2714
-1.2799
-1.29114
-1.30465
-1.32189
-1.34258
-1.36754
-1.39702
-1.41631
-1.31873
-1.32499
-1.33199
-1.34084
-1.35083
-1.36194
-1.37308
-1.38416
-1.39094
-1.38514
-1.36943
-1.37554
-1.38096
-1.38732
-1.39308
-1.39781
-1.40111
-1.40127
-1.39387
-1.37319
-1.41609
-1.42074
-1.42572
-1.43014
-1.43287
-1.43309
-1.43062
-1.4248
-1.41136
-1.38651
-1.45913
-1.46088
-1.46587
-1.46903
-1.4703
-1.46815
-1.46322
-1.45572
-1.44263
-1.41965
-1.50067
-1.49985
-1.50382
-1.50572
-1.50636
-1.50388
-1.49885
-1.49211
-1.48272
-1.46547
-1.54256
-1.54106
-1.54265
-1.5432
-1.54331
-1.54112
-1.5369
-1.53172
-1.52715
-1.51595
-1.58559
-1.58459
-1.58394
-1.58351
-1.58282
-1.58058
-1.57702
-1.57303
-1.57279
-1.56452
-1.63002
-1.62926
-1.62783
-1.62667
-1.62503
-1.6223
-1.61901
-1.61543
-1.61712
-1.61496
-1.67538
-1.67469
-1.67332
-1.67167
-1.66922
-1.66582
-1.66275
-1.65919
-1.65681
-1.67096
-1.72128
-1.72071
-1.71963
-1.71782
-1.71466
-1.71039
-1.70867
-1.70568
-1.70366
-1.7377
-1.76742
-1.76714
-1.76651
-1.76498
-1.76082
-1.75696
-1.75988
-1.7599
-1.7665
-1.80372
-1.81363
-1.81385
-1.81403
-1.8143
-1.81034
-1.81043
-1.81284
-1.8189
-1.83931
-1.85003
-1.85973
-1.86065
-1.86219
-1.86708
-1.86657
-1.87464
-1.86699
-1.88333
-1.88788
-1.88486
-1.90546
-1.90684
-1.90954
-1.91823
-1.92965
-1.93101
-1.92975
-1.92524
-1.92476
-1.92082
-1.95056
-1.95163
-1.95367
-1.95864
-1.96645
-1.96992
-1.96684
-1.96048
-1.95896
-1.95721
-1.02539
-1.03419
-1.05449
-1.06559
-1.06411
-1.07023
-1.0839
-1.10606
-1.12968
-1.154
-1.09182
-1.10187
-1.12104
-1.13783
-1.1484
-1.16019
-1.19565
-1.26293
-1.36685
-1.28325
-1.15438
-1.16443
-1.18331
-1.20302
-1.22224
-1.23874
-1.28337
-1.35296
-1.49019
-1.32493
-1.21306
-1.22217
-1.23883
-1.25988
-1.27967
-1.30253
-1.34403
-1.40496
-1.49474
-1.45341
-1.26778
-1.27512
-1.28741
-1.30512
-1.3244
-1.34699
-1.37825
-1.41741
-1.45925
-1.44886
-1.31983
-1.32577
-1.33522
-1.34907
-1.36571
-1.3823
-1.40025
-1.41921
-1.43125
-1.40759
-1.36925
-1.37387
-1.3815
-1.39159
-1.40333
-1.41404
-1.42009
-1.42387
-1.4166
-1.38679
-1.41567
-1.41885
-1.42474
-1.43129
-1.4377
-1.44293
-1.44264
-1.43728
-1.42021
-1.39067
-1.45937
-1.46068
-1.46504
-1.46905
-1.47197
-1.473
-1.46947
-1.46091
-1.44383
-1.42282
-1.50163
-1.50148
-1.50391
-1.50578
-1.50684
-1.50558
-1.50068
-1.49256
-1.48078
-1.47324
-1.54393
-1.54326
-1.54369
-1.54394
-1.54363
-1.5412
-1.53604
-1.52945
-1.5239
-1.52674
-1.58715
-1.5864
-1.58554
-1.58468
-1.58318
-1.58009
-1.57522
-1.56993
-1.56833
-1.5742
-1.63142
-1.63063
-1.62933
-1.62777
-1.62547
-1.62201
-1.61766
-1.61356
-1.61426
-1.6203
-1.67655
-1.67578
-1.67455
-1.67274
-1.67011
-1.66639
-1.66276
-1.66056
-1.66252
-1.67641
-1.72224
-1.72168
-1.72081
-1.71922
-1.71664
-1.71225
-1.70911
-1.71107
-1.71694
-1.74081
-1.76822
-1.76806
-1.76777
-1.76694
-1.76497
-1.75938
-1.75947
-1.76678
-1.78332
-1.80543
-1.81435
-1.81468
-1.81527
-1.8164
-1.81767
-1.81319
-1.8153
-1.83017
-1.84611
-1.85827
-1.86035
-1.86127
-1.86297
-1.86713
-1.87577
-1.88645
-1.88724
-1.89112
-1.89639
-1.90047
-1.90592
-1.90709
-1.90936
-1.91458
-1.92575
-1.93813
-1.93739
-1.93084
-1.93393
-1.93756
-1.95087
-1.95168
-1.95322
-1.95582
-1.96036
-1.96356
-1.9631
-1.96332
-1.96592
-1.97186
-1.02268
-1.02936
-1.05526
-1.09406
-1.09263
-1.09731
-1.10604
-1.10873
-1.12349
-1.07692
-1.08861
-1.0984
-1.12867
-1.17134
-1.1812
-1.19862
-1.24737
-1.31365
-1.34374
-1.29592
-1.1524
-1.16496
-1.19916
-1.24964
-1.27003
-1.29081
-1.34622
-1.43124
-1.52129
-1.41799
-1.21355
-1.22658
-1.25636
-1.29273
-1.31775
-1.35148
-1.4027
-1.47718
-1.54309
-1.5094
-1.26867
-1.27715
-1.29473
-1.32098
-1.34607
-1.38139
-1.42711
-1.47813
-1.49997
-1.47181
-1.32024
-1.32618
-1.3377
-1.35607
-1.37706
-1.40359
-1.43741
-1.46656
-1.47198
-1.43987
-1.36929
-1.37364
-1.38206
-1.39607
-1.41352
-1.42857
-1.44521
-1.45767
-1.45095
-1.42134
-1.41573
-1.41859
-1.42462
-1.4341
-1.44641
-1.45453
-1.45756
-1.45886
-1.44669
-1.43027
-1.45987
-1.46129
-1.46511
-1.4705
-1.47744
-1.48061
-1.47759
-1.4724
-1.46211
-1.46412
-1.50274
-1.5031
-1.50489
-1.50721
-1.51003
-1.50956
-1.50403
-1.49576
-1.48942
-1.50649
-1.54547
-1.54521
-1.54538
-1.54556
-1.5454
-1.54266
-1.53585
-1.52684
-1.52183
-1.53967
-1.58878
-1.58817
-1.58736
-1.5862
-1.58429
-1.58025
-1.57275
-1.56331
-1.55831
-1.56566
-1.63295
-1.63217
-1.63101
-1.62925
-1.62661
-1.62197
-1.61471
-1.60599
-1.6026
-1.59924
-1.67796
-1.67722
-1.67625
-1.6745
-1.67183
-1.66725
-1.66178
-1.6554
-1.65619
-1.66038
-1.72354
-1.72305
-1.72261
-1.72135
-1.71918
-1.71554
-1.7119
-1.7101
-1.71368
-1.73392
-1.76941
-1.76927
-1.76939
-1.76915
-1.76848
-1.76639
-1.76538
-1.76791
-1.77595
-1.80673
-1.81525
-1.81561
-1.81639
-1.81782
-1.82014
-1.82391
-1.82599
-1.82978
-1.83647
-1.85553
-1.86096
-1.86177
-1.86321
-1.86641
-1.8724
-1.88421
-1.89002
-1.89028
-1.89172
-1.88798
-1.90634
-1.90731
-1.90903
-1.91267
-1.91917
-1.93012
-1.93778
-1.937
-1.94179
-1.92886
-1.95123
-1.95194
-1.9532
-1.95558
-1.95911
-1.96379
-1.96715
-1.96928
-1.98039
-1.97767
-1.01169
-1.01079
-0.907238
-0.644619
-1.06838
-1.07321
-1.09721
-1.10844
-1.08562
-1.15105
-1.07401
-1.07806
-0.89808
-1.05639
-1.17881
-1.20286
-1.2676
-1.33098
-1.34108
-1.45775
-1.13803
-1.13808
-1.15399
-1.27075
-1.28562
-1.31867
-1.39269
-1.49252
-1.54798
-1.60269
-1.20522
-1.21917
-1.25756
-1.29332
-1.33007
-1.38438
-1.45967
-1.56205
-1.6063
-1.58539
-1.26437
-1.27319
-1.29272
-1.32165
-1.351
-1.40747
-1.47736
-1.5614
-1.58942
-1.54418
-1.31805
-1.32385
-1.33605
-1.35352
-1.37691
-1.42127
-1.47985
-1.54221
-1.56551
-1.51833
-1.36826
-1.3725
-1.3813
-1.3949
-1.41237
-1.44259
-1.47975
-1.51924
-1.53646
-1.50728
-1.41551
-1.41852
-1.42465
-1.43416
-1.44555
-1.46407
-1.47892
-1.49672
-1.50417
-1.50044
-1.46038
-1.46204
-1.46568
-1.47057
-1.47597
-1.48556
-1.48615
-1.48662
-1.48481
-1.49019
-1.5038
-1.5044
-1.50596
-1.50705
-1.50775
-1.50981
-1.50345
-1.49381
-1.48243
-1.47968
-1.5468
-1.5467
-1.54671
-1.54541
-1.54303
-1.53861
-1.52883
-1.51385
-1.49679
-1.48112
-1.59015
-1.58961
-1.58867
-1.58659
-1.58335
-1.57521
-1.56262
-1.54518
-1.52832
-1.49075
-1.63426
-1.63354
-1.6322
-1.62963
-1.62553
-1.61806
-1.60754
-1.58967
-1.58186
-1.5152
-1.67911
-1.67852
-1.6775
-1.67509
-1.67128
-1.66652
-1.66026
-1.64327
-1.64534
-1.60116
-1.72444
-1.72421
-1.72371
-1.72231
-1.7203
-1.71735
-1.71413
-1.70777
-1.71218
-1.71336
-1.77001
-1.7701
-1.77034
-1.77063
-1.77159
-1.76961
-1.77058
-1.7737
-1.7826
-1.80391
-1.81568
-1.81601
-1.81676
-1.8192
-1.82152
-1.82394
-1.82993
-1.83854
-1.85256
-1.88137
-1.86127
-1.86192
-1.86289
-1.86637
-1.87065
-1.87744
-1.88728
-1.89965
-1.92348
-1.97112
-1.90659
-1.90744
-1.90867
-1.91171
-1.91653
-1.92402
-1.93395
-1.94826
-1.98073
-2.02852
-1.95153
-1.9522
-1.95323
-1.95529
-1.9586
-1.96351
-1.97012
-1.98347
-2.01608
-2.04347
-1.02345
-1.02569
-1.03454
-1.04325
-1.04711
-1.04543
-1.05597
-1.05336
-1.0119
-1.02292
-1.08845
-1.09568
-1.10745
-1.14254
-1.1676
-1.17848
-1.21405
-1.22686
-1.26972
-1.35624
-1.14698
-1.15729
-1.16531
-1.20552
-1.26573
-1.30348
-1.3747
-1.44836
-1.47608
-1.53641
-1.204
-1.21096
-1.22985
-1.23683
-1.31703
-1.38484
-1.4873
-1.64008
-1.57864
-1.53409
-1.26039
-1.26486
-1.27638
-1.30411
-1.34002
-1.41668
-1.51927
-1.65784
-1.58886
-1.56576
-1.3152
-1.31875
-1.32562
-1.33896
-1.37432
-1.43152
-1.51646
-1.61986
-1.63178
-1.58314
-1.36691
-1.37044
-1.37715
-1.39008
-1.41222
-1.45552
-1.51245
-1.58788
-1.61399
-1.57198
-1.41527
-1.41833
-1.42393
-1.43417
-1.45062
-1.47562
-1.50391
-1.54989
-1.56197
-1.53779
-1.46099
-1.46294
-1.46659
-1.47237
-1.48105
-1.49209
-1.50006
-1.51712
-1.52163
-1.50695
-1.50496
-1.5058
-1.5075
-1.50967
-1.51173
-1.51313
-1.50829
-1.50284
-1.49943
-1.49461
-1.54819
-1.54819
-1.5483
-1.54789
-1.54543
-1.54047
-1.52826
-1.50997
-1.4962
-1.48928
-1.59151
-1.59099
-1.59006
-1.58803
-1.58327
-1.57526
-1.56074
-1.53701
-1.5162
-1.49102
-1.63544
-1.63468
-1.6334
-1.63075
-1.62569
-1.61714
-1.60379
-1.58117
-1.5602
-1.53578
-1.68014
-1.6794
-1.67838
-1.67617
-1.67192
-1.66465
-1.65495
-1.63851
-1.62052
-1.62299
-1.72544
-1.72495
-1.72452
-1.7235
-1.72092
-1.71624
-1.71126
-1.70827
-1.68863
-1.70541
-1.77103
-1.77092
-1.77109
-1.77144
-1.77119
-1.77012
-1.77035
-1.77941
-1.77169
-1.82511
-1.81665
-1.81694
-1.81755
-1.81896
-1.82107
-1.82407
-1.82928
-1.84555
-1.85754
-1.89285
-1.86214
-1.86275
-1.86379
-1.8658
-1.86966
-1.87573
-1.88465
-1.90143
-1.92267
-1.93851
-1.90737
-1.9081
-1.90932
-1.91162
-1.91585
-1.92274
-1.93263
-1.95012
-1.97745
-1.99215
-1.95223
-1.95284
-1.95393
-1.9559
-1.95938
-1.96524
-1.97419
-1.99366
-2.02972
-2.04433
-1.0292
-1.03415
-1.0371
-1.05778
-1.05961
-1.04137
-1.00471
-0.941613
-0.832936
-0.789011
-1.08924
-1.0961
-1.11585
-1.15949
-1.17677
-1.16091
-1.15263
-1.11861
-1.1665
-1.10361
-1.14621
-1.15321
-1.17746
-1.20975
-1.24431
-1.28447
-1.33344
-1.37131
-1.38503
-1.42382
-1.20153
-1.20593
-1.21936
-1.23118
-1.28117
-1.38198
-1.49252
-1.65866
-1.55081
-1.5847
-1.25777
-1.2611
-1.26868
-1.28823
-1.33658
-1.42454
-1.54483
-1.69994
-1.60499
-1.56553
-1.31336
-1.31701
-1.32456
-1.33943
-1.3777
-1.44771
-1.54797
-1.66783
-1.66415
-1.58886
-1.36602
-1.36984
-1.3777
-1.39243
-1.42139
-1.47129
-1.54511
-1.64522
-1.66465
-1.61037
-1.41517
-1.41849
-1.42486
-1.4362
-1.45614
-1.48784
-1.53386
-1.59972
-1.62562
-1.60121
-1.46159
-1.46378
-1.468
-1.47468
-1.48553
-1.50092
-1.52089
-1.55134
-1.58315
-1.57236
-1.50597
-1.50702
-1.50911
-1.51185
-1.51551
-1.51865
-1.51872
-1.5222
-1.54488
-1.5588
-1.54933
-1.54947
-1.54982
-1.54965
-1.54831
-1.54356
-1.5314
-1.51623
-1.52041
-1.55539
-1.59259
-1.59214
-1.59131
-1.58937
-1.58523
-1.57655
-1.55894
-1.53301
-1.51264
-1.53736
-1.63635
-1.63564
-1.63432
-1.63173
-1.62678
-1.61753
-1.59999
-1.57379
-1.53726
-1.5383
-1.68086
-1.68017
-1.67898
-1.67679
-1.67266
-1.66507
-1.65092
-1.63256
-1.57758
-1.59216
-1.72603
-1.72558
-1.72495
-1.7239
-1.72166
-1.71702
-1.70731
-1.70322
-1.63634
-1.67738
-1.77158
-1.77149
-1.77157
-1.77196
-1.77213
-1.77154
-1.77023
-1.78173
-1.74719
-1.81689
-1.81723
-1.81749
-1.8182
-1.81978
-1.82224
-1.82553
-1.83236
-1.8512
-1.83986
-1.90025
-1.86274
-1.86328
-1.8644
-1.86663
-1.87058
-1.87631
-1.88815
-1.90285
-1.94865
-1.9425
-1.90795
-1.90861
-1.90987
-1.91224
-1.91651
-1.92268
-1.93475
-1.94282
-1.97669
-1.98054
-1.95281
-1.9534
-1.95452
-1.95653
-1.96025
-1.96561
-1.97662
-1.98493
-2.00794
-2.02767
-1.02757
-1.02792
-1.01983
-1.02626
-1.02631
-1.00641
-0.970813
-0.893617
-0.798173
-0.786828
-1.08547
-1.08709
-1.09236
-1.10884
-1.11592
-1.11746
-1.11136
-1.0435
-1.05385
-1.03382
-1.14267
-1.14602
-1.15718
-1.18045
-1.19999
-1.24286
-1.28188
-1.27994
-1.27849
-1.25267
-1.19936
-1.20295
-1.21212
-1.23208
-1.2745
-1.34443
-1.44314
-1.5587
-1.49684
-1.42116
-1.25629
-1.26009
-1.26828
-1.2871
-1.33077
-1.39955
-1.51836
-1.65525
-1.56878
-1.55738
-1.31227
-1.31648
-1.3252
-1.34277
-1.37746
-1.43927
-1.54059
-1.67592
-1.64476
-1.58232
-1.36551
-1.3697
-1.37802
-1.39332
-1.42112
-1.46991
-1.54824
-1.66227
-1.69018
-1.6123
-1.41556
-1.4191
-1.42596
-1.43767
-1.45744
-1.48995
-1.54081
-1.61163
-1.65892
-1.60559
-1.46256
-1.46508
-1.46998
-1.47744
-1.48882
-1.50552
-1.52943
-1.56181
-1.60763
-1.54624
-1.50732
-1.50869
-1.51154
-1.51515
-1.51955
-1.52392
-1.52645
-1.52756
-1.54541
-1.4859
-1.55076
-1.55115
-1.55218
-1.55279
-1.55212
-1.54808
-1.53616
-1.51588
-1.50023
-1.43402
-1.59387
-1.59363
-1.59327
-1.59191
-1.58824
-1.57963
-1.56055
-1.53258
-1.47928
-1.41483
-1.63742
-1.63688
-1.63583
-1.63363
-1.62893
-1.61941
-1.6
-1.5813
-1.51035
-1.48937
-1.68176
-1.68121
-1.68016
-1.67817
-1.67415
-1.66662
-1.65011
-1.6426
-1.5842
-1.63822
-1.72681
-1.72647
-1.72591
-1.72488
-1.7227
-1.7191
-1.71215
-1.70082
-1.64391
-1.77698
-1.7723
-1.77227
-1.77238
-1.7726
-1.7727
-1.77266
-1.77639
-1.76536
-1.64802
-1.82102
-1.8179
-1.8182
-1.81892
-1.82026
-1.82241
-1.8247
-1.83725
-1.82945
-1.71845
-1.88219
-1.86337
-1.86389
-1.86501
-1.86707
-1.8707
-1.87415
-1.89185
-1.87617
-1.91381
-1.93322
-1.90854
-1.90915
-1.91038
-1.91256
-1.91656
-1.92089
-1.93688
-1.91203
-1.96372
-1.97192
-1.95338
-1.95393
-1.95499
-1.95679
-1.96013
-1.96383
-1.97479
-1.96612
-1.98527
-2.00585
-1.01872
-1.01559
-1.00738
-1.00881
-1.00658
-0.994262
-0.968587
-0.917837
-0.831718
-0.837066
-1.07739
-1.07684
-1.07775
-1.08612
-1.09333
-1.09433
-1.08841
-1.05171
-1.01698
-1.09083
-1.13654
-1.13873
-1.14438
-1.15751
-1.17515
-1.19643
-1.21972
-1.20698
-1.24029
-1.24122
-1.19527
-1.19878
-1.20598
-1.2212
-1.24745
-1.28653
-1.34852
-1.3934
-1.41533
-1.31359
-1.25347
-1.25779
-1.26588
-1.28211
-1.31121
-1.3571
-1.44455
-1.57219
-1.57289
-1.37177
-1.31022
-1.31517
-1.32369
-1.33987
-1.36859
-1.4091
-1.48844
-1.66075
-1.67035
-1.49208
-1.36437
-1.3693
-1.37758
-1.39153
-1.41447
-1.45175
-1.51785
-1.64641
-1.72689
-1.62776
-1.41548
-1.41979
-1.42692
-1.43785
-1.45476
-1.48215
-1.5281
-1.61392
-1.70711
-1.6324
-1.46354
-1.46675
-1.4723
-1.47976
-1.49023
-1.50655
-1.53282
-1.58332
-1.661
-1.63161
-1.50883
-1.51071
-1.51463
-1.51878
-1.52361
-1.53015
-1.53861
-1.55649
-1.57116
-1.51301
-1.55225
-1.55294
-1.55513
-1.55659
-1.55714
-1.55598
-1.54961
-1.53724
-1.47489
-1.47792
-1.595
-1.59498
-1.59547
-1.5951
-1.59295
-1.58681
-1.57073
-1.54826
-1.40712
-1.48398
-1.63824
-1.63791
-1.63732
-1.6361
-1.63284
-1.62474
-1.60224
-1.58429
-1.44834
-1.58389
-1.68242
-1.68209
-1.68135
-1.68022
-1.67744
-1.67172
-1.6567
-1.62785
-1.53161
-1.68494
-1.72741
-1.72726
-1.72697
-1.72667
-1.72563
-1.72426
-1.72352
-1.70257
-1.65524
-1.85018
-1.77286
-1.77298
-1.77332
-1.77413
-1.77525
-1.77763
-1.79239
-1.77044
-1.70644
-1.90315
-1.81842
-1.81879
-1.81968
-1.82147
-1.82456
-1.8278
-1.85518
-1.8355
-1.88412
-1.91835
-1.86384
-1.86437
-1.86556
-1.86783
-1.87197
-1.87577
-1.90123
-1.89447
-1.98597
-1.95173
-1.90897
-1.90954
-1.91073
-1.91285
-1.9167
-1.92111
-1.93566
-1.9413
-1.96878
-1.95885
-1.9538
-1.95429
-1.95524
-1.9568
-1.9594
-1.96178
-1.96561
-1.97469
-1.96878
-1.95767
-1.00543
-1.00127
-0.995501
-0.992666
-0.988116
-0.979259
-0.962221
-0.934621
-0.900618
-0.895364
-1.06687
-1.06605
-1.06542
-1.06752
-1.07001
-1.06972
-1.06539
-1.05231
-1.03653
-1.05151
-1.12858
-1.13024
-1.13299
-1.14
-1.15002
-1.1612
-1.1742
-1.17871
-1.17839
-1.1982
-1.18953
-1.19292
-1.1975
-1.20801
-1.22399
-1.24593
-1.27728
-1.30186
-1.29111
-1.25001
-1.24937
-1.25412
-1.25981
-1.27228
-1.29092
-1.31763
-1.35875
-1.40595
-1.37449
-1.28037
-1.30721
-1.31301
-1.31966
-1.33245
-1.35086
-1.37534
-1.41976
-1.494
-1.49372
-1.36396
-1.36259
-1.36885
-1.37562
-1.38727
-1.40347
-1.42674
-1.46659
-1.55861
-1.63081
-1.45848
-1.41526
-1.42106
-1.42727
-1.4367
-1.44937
-1.46888
-1.50142
-1.58623
-1.70796
-1.54798
-1.4647
-1.46924
-1.47465
-1.48153
-1.49018
-1.50361
-1.52698
-1.58131
-1.70928
-1.63579
-1.51072
-1.51347
-1.51826
-1.52274
-1.52733
-1.53432
-1.54717
-1.57703
-1.65244
-1.69868
-1.55407
-1.55487
-1.55873
-1.56107
-1.56256
-1.56429
-1.56713
-1.57499
-1.59898
-1.70571
-1.59602
-1.59606
-1.59784
-1.5986
-1.59848
-1.59691
-1.59273
-1.58636
-1.54567
-1.67704
-1.63872
-1.63845
-1.63841
-1.63853
-1.63801
-1.63542
-1.62864
-1.62618
-1.53538
-1.66151
-1.68274
-1.68259
-1.6821
-1.68231
-1.68224
-1.68129
-1.67585
-1.68651
-1.63972
-1.73724
-1.72777
-1.72782
-1.7278
-1.72854
-1.72973
-1.73251
-1.73441
-1.74668
-1.79757
-1.84364
-1.77324
-1.7735
-1.77407
-1.77555
-1.77815
-1.78382
-1.79392
-1.80448
-1.8826
-1.90195
-1.81878
-1.81921
-1.82021
-1.82226
-1.82581
-1.83284
-1.84815
-1.86183
-1.93333
-1.92067
-1.86415
-1.86468
-1.86583
-1.86805
-1.87175
-1.87821
-1.89284
-1.91023
-1.97317
-1.92598
-1.90926
-1.90977
-1.91082
-1.91271
-1.91569
-1.92008
-1.9289
-1.93761
-1.95828
-1.92549
-1.95409
-1.9545
-1.95529
-1.95655
-1.95828
-1.95992
-1.96178
-1.9575
-1.95577
-1.93313
-0.993917
-0.99037
-0.98583
-0.98127
-0.977555
-0.97109
-0.959915
-0.943358
-0.925412
-0.921821
-1.05714
-1.05636
-1.05525
-1.05422
-1.05548
-1.05489
-1.05097
-1.04271
-1.0358
-1.04045
-1.12079
-1.12187
-1.12292
-1.12589
-1.13264
-1.13905
-1.14419
-1.14687
-1.15021
-1.15049
-1.18391
-1.18646
-1.18863
-1.19562
-1.20608
-1.21883
-1.23279
-1.24575
-1.25034
-1.22768
-1.24554
-1.24946
-1.25276
-1.26159
-1.27437
-1.29063
-1.31068
-1.33208
-1.3339
-1.2799
-1.30465
-1.31019
-1.31449
-1.32372
-1.3369
-1.35354
-1.37605
-1.40431
-1.39954
-1.33734
-1.3606
-1.36798
-1.37253
-1.38145
-1.39344
-1.40832
-1.42971
-1.46455
-1.47464
-1.42561
-1.41395
-1.42193
-1.42618
-1.43413
-1.44422
-1.45598
-1.47385
-1.51073
-1.5454
-1.5318
-1.46452
-1.47098
-1.47494
-1.4822
-1.4899
-1.4977
-1.51071
-1.54054
-1.59113
-1.60693
-1.51167
-1.51513
-1.51954
-1.52553
-1.53038
-1.53462
-1.5427
-1.56182
-1.61057
-1.64411
-1.55523
-1.55567
-1.56063
-1.56452
-1.56694
-1.56884
-1.57264
-1.58105
-1.61337
-1.66225
-1.59648
-1.59598
-1.59908
-1.60095
-1.6026
-1.60368
-1.60473
-1.60661
-1.61065
-1.67422
-1.63859
-1.63796
-1.63817
-1.63945
-1.64145
-1.64268
-1.64309
-1.64587
-1.62889
-1.69267
-1.68259
-1.68232
-1.68159
-1.683
-1.68511
-1.687
-1.68818
-1.69696
-1.69571
-1.73637
-1.72776
-1.72789
-1.7278
-1.72931
-1.73168
-1.73504
-1.7386
-1.7494
-1.77138
-1.79214
-1.77335
-1.77368
-1.77424
-1.77597
-1.7788
-1.78343
-1.78961
-1.80047
-1.83005
-1.83634
-1.81892
-1.81935
-1.82025
-1.82215
-1.82518
-1.83017
-1.83773
-1.84633
-1.87446
-1.86906
-1.86428
-1.86474
-1.86571
-1.86751
-1.87023
-1.87446
-1.88119
-1.88686
-1.90768
-1.89065
-1.90937
-1.90979
-1.91062
-1.91204
-1.91399
-1.91662
-1.92026
-1.92087
-1.92854
-1.90931
-1.95424
-1.95455
-1.95513
-1.95602
-1.95705
-1.95791
-1.95827
-1.95439
-1.9523
-1.93327
-0.987111
-0.983631
-0.976361
-0.974544
-0.971625
-0.966768
-0.95917
-0.94867
-0.938004
-0.933524
-1.04954
-1.04758
-1.04314
-1.0456
-1.04606
-1.04515
-1.04187
-1.0356
-1.0285
-1.02598
-1.11388
-1.11292
-1.11018
-1.11624
-1.12011
-1.12354
-1.12511
-1.12371
-1.12061
-1.11637
-1.17873
-1.17709
-1.17714
-1.18424
-1.1915
-1.19911
-1.20504
-1.20775
-1.2056
-1.19391
-1.24245
-1.24443
-1.24129
-1.25001
-1.25938
-1.26973
-1.27864
-1.28403
-1.27982
-1.26
-1.30146
-1.30725
-1.30393
-1.31133
-1.32376
-1.33432
-1.34455
-1.35118
-1.34657
-1.32647
-1.35608
-1.36496
-1.36347
-1.371
-1.38426
-1.39266
-1.40329
-1.41528
-1.41782
-1.40311
-1.40927
-1.41932
-1.41888
-1.4263
-1.43916
-1.44483
-1.45454
-1.47049
-1.48507
-1.48297
-1.46086
-1.46856
-1.47007
-1.47626
-1.48753
-1.49133
-1.49876
-1.51475
-1.53681
-1.5462
-1.50983
-1.51253
-1.51587
-1.52162
-1.53018
-1.53301
-1.53761
-1.55028
-1.57331
-1.59107
-1.55497
-1.55306
-1.55832
-1.56299
-1.56811
-1.57061
-1.5737
-1.58182
-1.60072
-1.62668
-1.59626
-1.59401
-1.5983
-1.60078
-1.60405
-1.60714
-1.60998
-1.61496
-1.6245
-1.6547
-1.63801
-1.63659
-1.63624
-1.63832
-1.6427
-1.64646
-1.64961
-1.65411
-1.65265
-1.68349
-1.68213
-1.68149
-1.68005
-1.68238
-1.6862
-1.68988
-1.69322
-1.69945
-1.69629
-1.71928
-1.72754
-1.72771
-1.72712
-1.7292
-1.73225
-1.73586
-1.73945
-1.74725
-1.7498
-1.76265
-1.77331
-1.77364
-1.77403
-1.77582
-1.77853
-1.78227
-1.7863
-1.79384
-1.80027
-1.80418
-1.81893
-1.81931
-1.82003
-1.82167
-1.82415
-1.82771
-1.83169
-1.83755
-1.84428
-1.84129
-1.86429
-1.86466
-1.86543
-1.86683
-1.86883
-1.87163
-1.87463
-1.8779
-1.88232
-1.8743
-1.90939
-1.90971
-1.91034
-1.91137
-1.91268
-1.91431
-1.91554
-1.9157
-1.91599
-1.90577
-1.9543
-1.95452
-1.95493
-1.95554
-1.95617
-1.95664
-1.95615
-1.95376
-1.95048
-1.94006
-0.980354
-0.977782
-0.973009
-0.970322
-0.969503
-0.964659
-0.958742
-0.95111
-0.944006
-0.939556
-1.04143
-1.04122
-1.03936
-1.04006
-1.0409
-1.03914
-1.03621
-1.03116
-1.02538
-1.02106
-1.10483
-1.10677
-1.10624
-1.10932
-1.1118
-1.11327
-1.11341
-1.11103
-1.10657
-1.10131
-1.16921
-1.17247
-1.17252
-1.17683
-1.18078
-1.18541
-1.18827
-1.18807
-1.1839
-1.17628
-1.23477
-1.23567
-1.23702
-1.24194
-1.24704
-1.25437
-1.2592
-1.26089
-1.25633
-1.24591
-1.29227
-1.29558
-1.29919
-1.30454
-1.31093
-1.31929
-1.32522
-1.32958
-1.32507
-1.31368
-1.34639
-1.35416
-1.35892
-1.36491
-1.37214
-1.3795
-1.38538
-1.39089
-1.39141
-1.3821
-1.40015
-1.41093
-1.41554
-1.42118
-1.4293
-1.43451
-1.43964
-1.44683
-1.45107
-1.44783
-1.45428
-1.46212
-1.4677
-1.47284
-1.48126
-1.48446
-1.48794
-1.49599
-1.50396
-1.50614
-1.50662
-1.50768
-1.51485
-1.52028
-1.52663
-1.52927
-1.53138
-1.53899
-1.54913
-1.55693
-1.55355
-1.55113
-1.55782
-1.56312
-1.56686
-1.56953
-1.57178
-1.57794
-1.58838
-1.60019
-1.59565
-1.5934
-1.59655
-1.59978
-1.60384
-1.60775
-1.61102
-1.6162
-1.62448
-1.63773
-1.6375
-1.63603
-1.63462
-1.63707
-1.64253
-1.64764
-1.65175
-1.6564
-1.66098
-1.67395
-1.68172
-1.68068
-1.67843
-1.68124
-1.68613
-1.69081
-1.69483
-1.69936
-1.70173
-1.71246
-1.72746
-1.72742
-1.72611
-1.72863
-1.73214
-1.73583
-1.73941
-1.74416
-1.74657
-1.7529
-1.77331
-1.77356
-1.77373
-1.77548
-1.77802
-1.78108
-1.78423
-1.78861
-1.79165
-1.79299
-1.81894
-1.81925
-1.81981
-1.82121
-1.82323
-1.82575
-1.82827
-1.83149
-1.83379
-1.83158
-1.86429
-1.86458
-1.86517
-1.86627
-1.86775
-1.86955
-1.8711
-1.87261
-1.87338
-1.8688
-1.90939
-1.90962
-1.91009
-1.91084
-1.91175
-1.9127
-1.91309
-1.91275
-1.91174
-1.90583
-1.95432
-1.95447
-1.95476
-1.95517
-1.95555
-1.95574
-1.95516
-1.95354
-1.9509
-1.94468
-0.96776
-0.972021
-0.970321
-0.969031
-0.967097
-0.963497
-0.958567
-0.952604
-0.946936
-0.941978
-1.03616
-1.03762
-1.03693
-1.03735
-1.03716
-1.03557
-1.03273
-1.02843
-1.02357
-1.01909
-1.1047
-1.1045
-1.10462
-1.1059
-1.10703
-1.1074
-1.10659
-1.104
-1.09998
-1.09524
-1.16694
-1.16982
-1.1717
-1.17351
-1.17566
-1.17776
-1.1787
-1.17748
-1.17392
-1.16843
-1.22823
-1.2322
-1.23649
-1.23892
-1.24212
-1.24564
-1.24798
-1.24788
-1.24464
-1.23829
-1.28828
-1.29167
-1.29874
-1.3015
-1.3059
-1.31004
-1.31304
-1.31442
-1.31194
-1.30537
-1.34775
-1.35053
-1.35727
-1.36115
-1.3664
-1.3704
-1.37351
-1.37608
-1.37561
-1.37026
-1.40467
-1.4084
-1.41288
-1.41748
-1.42267
-1.42609
-1.42898
-1.43285
-1.43462
-1.43219
-1.45761
-1.46041
-1.46439
-1.46927
-1.47375
-1.47678
-1.47941
-1.4844
-1.48868
-1.48966
-1.50613
-1.50767
-1.51133
-1.51567
-1.51965
-1.52269
-1.52558
-1.53107
-1.53702
-1.54072
-1.55162
-1.55252
-1.55507
-1.55851
-1.56219
-1.56546
-1.56886
-1.57409
-1.58072
-1.58645
-1.59523
-1.59571
-1.59706
-1.59975
-1.60328
-1.60697
-1.61072
-1.61546
-1.62157
-1.62821
-1.63888
-1.63891
-1.63916
-1.64146
-1.6452
-1.649
-1.65275
-1.65688
-1.66158
-1.66804
-1.68343
-1.68365
-1.68322
-1.68539
-1.68881
-1.69222
-1.69564
-1.69922
-1.70232
-1.7077
-1.72853
-1.72887
-1.72918
-1.7309
-1.73342
-1.73629
-1.73926
-1.74255
-1.74413
-1.74771
-1.77386
-1.77422
-1.77477
-1.77621
-1.77822
-1.78058
-1.78299
-1.78575
-1.78642
-1.78763
-1.81918
-1.8195
-1.82009
-1.82126
-1.82284
-1.82466
-1.82635
-1.82813
-1.82815
-1.82715
-1.86438
-1.86464
-1.86515
-1.86603
-1.86715
-1.86834
-1.86921
-1.86985
-1.86895
-1.86643
-1.90942
-1.90961
-1.90998
-1.91055
-1.9112
-1.91176
-1.9118
-1.91136
-1.90954
-1.90614
-1.95434
-1.95446
-1.95467
-1.95496
-1.95519
-1.95521
-1.95462
-1.95341
-1.95096
-1.94727
-0.971233
-0.968113
-0.970794
-0.967312
-0.965145
-0.962813
-0.959559
-0.955012
-0.950052
-0.945222
-1.03719
-1.03404
-1.03633
-1.0344
-1.03423
-1.03332
-1.0313
-1.02779
-1.02359
-1.01917
-1.10327
-1.10292
-1.10281
-1.10264
-1.10344
-1.10393
-1.1033
-1.10088
-1.09726
-1.09291
-1.16776
-1.1683
-1.1682
-1.17003
-1.17148
-1.1733
-1.17393
-1.17261
-1.16946
-1.16494
-1.2297
-1.23103
-1.23192
-1.23507
-1.23743
-1.24029
-1.24191
-1.24175
-1.2391
-1.2344
-1.28927
-1.29227
-1.2941
-1.29758
-1.30084
-1.30428
-1.30669
-1.30749
-1.3056
-1.30108
-1.34733
-1.35135
-1.35391
-1.35737
-1.36114
-1.36464
-1.36735
-1.3691
-1.36855
-1.36495
-1.40307
-1.40696
-1.41053
-1.41382
-1.41764
-1.42081
-1.42358
-1.42628
-1.4274
-1.42551
-1.45565
-1.45845
-1.46318
-1.46631
-1.46975
-1.47249
-1.47529
-1.47882
-1.48146
-1.4818
-1.5048
-1.50649
-1.51149
-1.51443
-1.51734
-1.51994
-1.52292
-1.52706
-1.53093
-1.53304
-1.55078
-1.55164
-1.55579
-1.55837
-1.56117
-1.56415
-1.56751
-1.57192
-1.57648
-1.57984
-1.59511
-1.59561
-1.5977
-1.60018
-1.60325
-1.60674
-1.61045
-1.61469
-1.61931
-1.62329
-1.6391
-1.63933
-1.64008
-1.64235
-1.6456
-1.64924
-1.65294
-1.65677
-1.66081
-1.66471
-1.68359
-1.68383
-1.68414
-1.68612
-1.68905
-1.69244
-1.69577
-1.69903
-1.70205
-1.70524
-1.72867
-1.72895
-1.72932
-1.73104
-1.73349
-1.73628
-1.73904
-1.74166
-1.74352
-1.74554
-1.77399
-1.77431
-1.77486
-1.77624
-1.77814
-1.7803
-1.78241
-1.78436
-1.78511
-1.78573
-1.81927
-1.81958
-1.82014
-1.82121
-1.82263
-1.82418
-1.82558
-1.82673
-1.8266
-1.82583
-1.86443
-1.86467
-1.86514
-1.86592
-1.86688
-1.86784
-1.86851
-1.86881
-1.8679
-1.86603
-1.90945
-1.90962
-1.90995
-1.91044
-1.91097
-1.91138
-1.91137
-1.91092
-1.90935
-1.90681
-1.95437
-1.95448
-1.95465
-1.95489
-1.95506
-1.95503
-1.95451
-1.95353
-1.95157
-1.94878
)
;

boundaryField
{
    lowerSideWalls
    {
        type            calculated;
        value           nonuniform List<scalar> 
800
(
330.586
278.702
223.389
163.854
105.345
26.1911
1.44102
0.247663
0.0750279
-0.087541
-0.209357
-0.311549
-0.402248
-0.487093
-0.57088
-0.652094
-0.724892
-0.794188
-0.862611
-0.930283
332.049
280.353
225.473
167.314
107.065
32.2939
2.16089
0.241789
0.0564834
-0.100139
-0.218482
-0.320996
-0.412712
-0.496513
-0.575796
-0.652247
-0.725163
-0.79525
-0.864136
-0.93282
334.655
283.517
229.973
173.794
116.038
49.3108
6.47983
0.1105
-0.00493355
-0.129473
-0.241167
-0.33739
-0.423949
-0.504324
-0.581987
-0.656587
-0.72796
-0.797767
-0.866613
-0.933286
338.325
287.755
235.423
181.108
124.965
66.2498
14.4961
0.148082
0.0168827
-0.134178
-0.254368
-0.353873
-0.438644
-0.515217
-0.589717
-0.662554
-0.732395
-0.801307
-0.871305
-0.939057
342.435
292.311
241.179
188.819
135.162
80.5086
26.5998
1.65609
8.16334e-05
-0.157658
-0.284659
-0.37701
-0.456673
-0.530091
-0.600453
-0.670291
-0.73785
-0.804933
-0.874336
-0.944214
346.614
297.019
246.865
196.204
144.816
92.7892
41.4129
6.22636
-0.0867524
-0.185619
-0.333319
-0.411222
-0.479361
-0.546664
-0.611791
-0.677885
-0.743871
-0.810667
-0.879228
-0.948378
350.489
301.383
252.008
202.715
153.582
104.209
56.5375
15.6301
0.0858966
-0.241785
-0.372978
-0.443923
-0.50825
-0.569536
-0.62519
-0.683942
-0.748019
-0.81518
-0.88421
-0.954515
353.735
304.979
256.467
208.263
160.836
113.914
68.6375
29.612
2.62662
-0.149643
-0.33458
-0.448712
-0.524472
-0.593258
-0.642115
-0.690113
-0.749645
-0.817944
-0.887744
-0.958973
356.038
307.465
259.47
212.195
166.036
120.85
77.7609
40.0078
7.83851
3.96822
-0.308956
-0.460483
-0.527375
-0.608352
-0.661115
-0.697507
-0.748931
-0.816648
-0.88919
-0.962142
357.229
308.779
261.053
214.235
168.78
124.881
83.7034
46.796
17.4378
10.1508
-0.2886
-0.43764
-0.527172
-0.61648
-0.673984
-0.701227
-0.74501
-0.811354
-0.886056
-0.961499
329.762
277.845
222.391
162.625
103.692
25.8402
1.47784
0.313852
0.152606
-0.0166799
-0.146987
-0.253456
-0.349245
-0.441933
-0.535394
-0.618785
-0.69262
-0.764096
-0.837798
-0.905944
331.261
279.582
224.537
166.128
105.308
30.2412
2.01091
0.294224
0.128582
-0.0345107
-0.160486
-0.265911
-0.362722
-0.458583
-0.545928
-0.623392
-0.696215
-0.76715
-0.837907
-0.904827
333.847
282.637
229.036
172.522
114.086
47.816
6.17205
0.157397
0.049969
-0.0785356
-0.192346
-0.29155
-0.38377
-0.475396
-0.553473
-0.623377
-0.693353
-0.76417
-0.8352
-0.904816
337.521
286.92
234.5
180.022
123.515
64.5675
13.7967
0.142981
0.0574773
-0.0972914
-0.221779
-0.322475
-0.411165
-0.486921
-0.554641
-0.622614
-0.692394
-0.762396
-0.831793
-0.90036
341.691
291.546
240.315
187.795
133.882
78.9881
24.9485
1.25262
0.0366247
-0.132172
-0.257988
-0.348727
-0.428075
-0.50037
-0.563675
-0.625128
-0.69101
-0.76007
-0.828588
-0.896697
345.92
296.33
246.058
195.199
143.663
91.1768
39.7692
5.08272
-0.0476972
-0.162701
-0.305225
-0.393402
-0.454651
-0.514302
-0.572922
-0.629337
-0.689618
-0.756567
-0.825141
-0.893518
349.856
300.798
251.435
201.945
152.707
102.553
55.216
13.6312
0.0775178
-0.190669
-0.325639
-0.418736
-0.478852
-0.530383
-0.581435
-0.633374
-0.689773
-0.752559
-0.820097
-0.889258
353.21
304.384
255.851
207.677
160.218
112.8
67.8483
28.5081
2.47812
-0.115821
-0.28032
-0.409874
-0.480866
-0.542092
-0.592534
-0.636495
-0.68892
-0.749511
-0.814642
-0.883615
355.582
306.98
258.963
211.713
165.569
120.08
76.7952
40.2884
8.7065
3.30642
-0.271542
-0.427893
-0.474123
-0.549206
-0.6063
-0.641832
-0.68579
-0.744972
-0.809673
-0.878059
356.858
308.407
260.707
213.93
168.595
124.446
83.5138
47.4195
19.2509
10.3906
-0.255408
-0.407891
-0.481474
-0.562192
-0.61807
-0.646155
-0.680668
-0.737136
-0.802933
-0.872461
330.586
278.702
223.389
163.854
105.345
26.1911
1.44102
0.247663
0.0750279
-0.087541
-0.209357
-0.311549
-0.402248
-0.487093
-0.57088
-0.652094
-0.724892
-0.794188
-0.862611
-0.930283
332.092
280.503
225.562
167.328
107.062
32.8447
2.13125
0.2201
0.0421639
-0.104802
-0.218697
-0.318816
-0.408478
-0.491564
-0.574342
-0.653961
-0.726882
-0.796092
-0.867137
-0.937447
334.669
283.493
229.991
173.704
115.797
49.4935
6.26102
0.0542607
-0.0420308
-0.142792
-0.239542
-0.331603
-0.416251
-0.494926
-0.572112
-0.649788
-0.727715
-0.801181
-0.869991
-0.937489
338.317
287.77
235.431
181.118
124.892
66.1772
14.2431
0.0582068
-0.0503479
-0.159505
-0.254169
-0.343398
-0.425338
-0.502752
-0.579146
-0.653411
-0.726261
-0.798012
-0.868884
-0.937771
342.435
292.369
241.198
188.826
135.131
80.4687
26.614
1.77069
-0.0518585
-0.186248
-0.270754
-0.357207
-0.436152
-0.508456
-0.580836
-0.654776
-0.72824
-0.800666
-0.87219
-0.941816
346.582
296.991
246.832
196.102
144.734
92.7548
41.072
6.47451
-0.102385
-0.171503
-0.277895
-0.370564
-0.447818
-0.516101
-0.584035
-0.655246
-0.72746
-0.801024
-0.874506
-0.94561
350.405
301.226
251.935
202.582
153.371
104.085
56.113
15.593
0.0317706
-0.184738
-0.297062
-0.386809
-0.459481
-0.524206
-0.587455
-0.657394
-0.728528
-0.801287
-0.876965
-0.950636
353.604
304.758
256.16
207.898
160.433
113.673
68.1888
27.5651
2.46837
-0.205936
-0.30248
-0.412026
-0.466699
-0.520009
-0.587695
-0.666195
-0.738155
-0.806862
-0.879026
-0.953862
355.906
307.312
259.251
211.883
165.627
120.662
77.3097
38.0782
8.29231
0.510719
-0.259681
-0.431074
-0.456726
-0.493701
-0.569914
-0.651039
-0.723948
-0.805182
-0.878776
-0.949806
357.12
308.661
260.897
214.023
168.471
124.58
83.1232
45.3404
16.6861
5.10447
-0.152628
-0.400777
-0.428131
-0.43884
-0.494835
-0.515065
-0.542157
-0.714101
-0.868972
-0.943042
357.125
308.681
260.955
214.119
168.682
124.996
83.9209
46.9462
19.3021
8.81207
0.103757
-0.350386
-0.364052
-0.378132
-0.437787
-0.386693
-0.510996
-0.672721
-0.852809
-0.963403
355.863
307.374
259.39
212.125
165.943
121.266
78.7119
41.3029
12.3455
3.60724
0.513158
-0.339288
-0.219977
-0.460519
-0.575054
-0.646264
-0.666121
-0.737871
-0.863289
-0.977487
353.436
304.611
256.037
207.926
160.64
114.24
69.4081
29.7589
3.11281
0.537405
-0.198432
-0.507455
-0.468204
-0.549499
-0.645253
-0.701521
-0.687812
-0.747236
-0.8609
-0.976321
350.08
300.875
251.614
202.277
153.224
104.014
56.1273
15.0278
0.15915
0.0231327
-0.361048
-0.472661
-0.492749
-0.53341
-0.597225
-0.63785
-0.679892
-0.757188
-0.890687
-0.964927
346.117
296.505
246.34
195.587
144.203
92.1477
40.4329
5.76661
0.0246567
-0.0703591
-0.288692
-0.399597
-0.44968
-0.502343
-0.568325
-0.634232
-0.693647
-0.800069
-0.88356
-0.945688
341.844
291.761
240.544
188.085
134.243
79.4319
25.318
1.42111
0.117277
-0.0701451
-0.232066
-0.348092
-0.42606
-0.492718
-0.560426
-0.629009
-0.701004
-0.78185
-0.861622
-0.931132
337.581
287.062
234.668
180.23
123.738
64.828
13.7081
0.206543
0.107267
-0.0609082
-0.204981
-0.317595
-0.404949
-0.480319
-0.552204
-0.621569
-0.690548
-0.772901
-0.857658
-0.926148
333.883
282.645
229.141
172.614
114.223
48.0093
6.05567
0.200833
0.0789447
-0.0632931
-0.19038
-0.298173
-0.388894
-0.468816
-0.54331
-0.614123
-0.686285
-0.766104
-0.845739
-0.917164
331.284
279.657
224.604
166.129
105.418
30.4454
2.052
0.316578
0.138533
-0.0316693
-0.159659
-0.265652
-0.361442
-0.451372
-0.538736
-0.623067
-0.697406
-0.764907
-0.83259
-0.901481
329.762
277.845
222.391
162.625
103.692
25.8402
1.47784
0.313852
0.152606
-0.0166799
-0.146987
-0.253456
-0.349245
-0.441933
-0.535394
-0.618785
-0.69262
-0.764096
-0.837798
-0.905944
)
;
    }
    upperSideWalls
    {
        type            calculated;
        value           nonuniform List<scalar> 
800
(
-0.995969
-1.06079
-1.12469
-1.18483
-1.23916
-1.29577
-1.35179
-1.40228
-1.44857
-1.49373
-1.53874
-1.58364
-1.62871
-1.67417
-1.71995
-1.76586
-1.81177
-1.85758
-1.90323
-1.94871
-1.00001
-1.06653
-1.12914
-1.18327
-1.2343
-1.29172
-1.35181
-1.40426
-1.45042
-1.49465
-1.53896
-1.58353
-1.62856
-1.67409
-1.71993
-1.76591
-1.81189
-1.85775
-1.9034
-1.94883
-0.997795
-1.06147
-1.12488
-1.18363
-1.23503
-1.28783
-1.34558
-1.40127
-1.45092
-1.49629
-1.53998
-1.58402
-1.62854
-1.67393
-1.71988
-1.76601
-1.81211
-1.85806
-1.90372
-1.94906
-1.00282
-1.06483
-1.12701
-1.18958
-1.24509
-1.29723
-1.3504
-1.40274
-1.45183
-1.498
-1.54114
-1.5846
-1.62877
-1.67406
-1.72003
-1.76627
-1.81252
-1.85858
-1.90423
-1.94943
-1.01125
-1.07542
-1.13868
-1.19881
-1.25336
-1.30486
-1.35614
-1.40593
-1.45283
-1.49757
-1.54106
-1.58461
-1.62889
-1.6742
-1.72022
-1.76662
-1.81311
-1.85933
-1.90497
-1.94996
-1.01581
-1.08121
-1.14351
-1.20241
-1.25663
-1.30809
-1.35806
-1.40602
-1.45177
-1.49615
-1.54001
-1.58404
-1.62871
-1.67421
-1.7204
-1.76706
-1.81388
-1.86035
-1.90596
-1.95065
-1.02357
-1.08923
-1.15104
-1.20797
-1.2611
-1.31125
-1.35924
-1.40541
-1.45027
-1.49453
-1.53874
-1.58327
-1.62838
-1.67416
-1.7206
-1.76759
-1.81484
-1.86162
-1.90714
-1.95141
-1.02955
-1.09619
-1.15772
-1.21398
-1.26558
-1.31369
-1.35967
-1.40445
-1.44871
-1.49295
-1.53752
-1.58257
-1.62816
-1.6743
-1.72103
-1.76834
-1.81602
-1.8631
-1.90846
-1.95223
-1.0345
-1.10249
-1.16403
-1.21929
-1.26911
-1.3152
-1.35945
-1.40313
-1.44696
-1.4913
-1.53627
-1.58187
-1.62803
-1.67467
-1.72177
-1.76937
-1.81722
-1.86426
-1.90941
-1.95279
-1.03625
-1.10655
-1.16914
-1.22337
-1.27132
-1.3155
-1.35835
-1.40134
-1.44513
-1.48989
-1.53545
-1.5817
-1.62848
-1.67565
-1.72314
-1.77094
-1.81857
-1.86511
-1.90982
-1.9529
-0.971233
-1.03719
-1.10327
-1.16776
-1.2297
-1.28927
-1.34733
-1.40307
-1.45565
-1.5048
-1.55078
-1.59511
-1.6391
-1.68359
-1.72867
-1.77399
-1.81927
-1.86443
-1.90945
-1.95437
-0.968113
-1.03404
-1.10292
-1.1683
-1.23103
-1.29227
-1.35135
-1.40696
-1.45845
-1.50649
-1.55164
-1.59561
-1.63933
-1.68383
-1.72895
-1.77431
-1.81958
-1.86467
-1.90962
-1.95448
-0.970794
-1.03633
-1.10281
-1.1682
-1.23192
-1.2941
-1.35391
-1.41053
-1.46318
-1.51149
-1.55579
-1.5977
-1.64008
-1.68414
-1.72932
-1.77486
-1.82014
-1.86514
-1.90995
-1.95465
-0.967312
-1.0344
-1.10264
-1.17003
-1.23507
-1.29758
-1.35737
-1.41382
-1.46631
-1.51443
-1.55837
-1.60018
-1.64235
-1.68612
-1.73104
-1.77624
-1.82121
-1.86592
-1.91044
-1.95489
-0.965145
-1.03423
-1.10344
-1.17148
-1.23743
-1.30084
-1.36114
-1.41764
-1.46975
-1.51734
-1.56117
-1.60325
-1.6456
-1.68905
-1.73349
-1.77814
-1.82263
-1.86688
-1.91097
-1.95506
-0.962813
-1.03332
-1.10393
-1.1733
-1.24029
-1.30428
-1.36464
-1.42081
-1.47249
-1.51994
-1.56415
-1.60674
-1.64924
-1.69244
-1.73628
-1.7803
-1.82418
-1.86784
-1.91138
-1.95503
-0.959559
-1.0313
-1.1033
-1.17393
-1.24191
-1.30669
-1.36735
-1.42358
-1.47529
-1.52292
-1.56751
-1.61045
-1.65294
-1.69577
-1.73904
-1.78241
-1.82558
-1.86851
-1.91137
-1.95451
-0.955012
-1.02779
-1.10088
-1.17261
-1.24175
-1.30749
-1.3691
-1.42628
-1.47882
-1.52706
-1.57192
-1.61469
-1.65677
-1.69903
-1.74166
-1.78436
-1.82673
-1.86881
-1.91092
-1.95353
-0.950052
-1.02359
-1.09726
-1.16946
-1.2391
-1.3056
-1.36855
-1.4274
-1.48146
-1.53093
-1.57648
-1.61931
-1.66081
-1.70205
-1.74352
-1.78511
-1.8266
-1.8679
-1.90935
-1.95157
-0.945222
-1.01917
-1.09291
-1.16494
-1.2344
-1.30108
-1.36495
-1.42551
-1.4818
-1.53304
-1.57984
-1.62329
-1.66471
-1.70524
-1.74554
-1.78573
-1.82583
-1.86603
-1.90681
-1.94878
-0.995969
-1.06079
-1.12469
-1.18483
-1.23916
-1.29577
-1.35179
-1.40228
-1.44857
-1.49373
-1.53874
-1.58364
-1.62871
-1.67417
-1.71995
-1.76586
-1.81177
-1.85758
-1.90323
-1.94871
-1.00363
-1.0678
-1.13276
-1.19287
-1.24937
-1.30265
-1.3546
-1.40304
-1.44851
-1.49373
-1.5389
-1.58374
-1.62866
-1.67407
-1.71989
-1.76588
-1.81186
-1.85772
-1.90339
-1.94885
-1.00316
-1.06717
-1.13253
-1.19547
-1.25449
-1.30904
-1.36061
-1.40638
-1.44962
-1.49317
-1.53817
-1.58319
-1.62816
-1.6737
-1.71971
-1.76585
-1.81195
-1.85789
-1.90357
-1.94899
-1.00411
-1.06815
-1.13025
-1.19136
-1.25211
-1.31016
-1.36409
-1.41016
-1.45187
-1.49389
-1.53778
-1.58252
-1.62765
-1.67337
-1.71959
-1.76592
-1.81216
-1.85819
-1.90391
-1.94927
-1.00916
-1.07447
-1.13741
-1.19684
-1.25411
-1.31125
-1.36598
-1.41307
-1.45533
-1.49621
-1.53862
-1.58275
-1.6278
-1.67356
-1.71982
-1.7662
-1.8125
-1.85859
-1.90432
-1.9496
-1.01421
-1.08016
-1.1434
-1.20416
-1.26208
-1.31673
-1.36808
-1.41501
-1.45764
-1.49878
-1.54059
-1.58399
-1.62864
-1.67424
-1.72038
-1.7667
-1.81303
-1.85917
-1.9049
-1.95006
-1.02038
-1.08652
-1.14914
-1.20843
-1.26483
-1.31873
-1.36943
-1.41609
-1.45913
-1.50067
-1.54256
-1.58559
-1.63002
-1.67538
-1.72128
-1.76742
-1.81363
-1.85973
-1.90546
-1.95056
-1.02539
-1.09182
-1.15438
-1.21306
-1.26778
-1.31983
-1.36925
-1.41567
-1.45937
-1.50163
-1.54393
-1.58715
-1.63142
-1.67655
-1.72224
-1.76822
-1.81435
-1.86035
-1.90592
-1.95087
-1.02268
-1.08861
-1.1524
-1.21355
-1.26867
-1.32024
-1.36929
-1.41573
-1.45987
-1.50274
-1.54547
-1.58878
-1.63295
-1.67796
-1.72354
-1.76941
-1.81525
-1.86096
-1.90634
-1.95123
-1.01169
-1.07401
-1.13803
-1.20522
-1.26437
-1.31805
-1.36826
-1.41551
-1.46038
-1.5038
-1.5468
-1.59015
-1.63426
-1.67911
-1.72444
-1.77001
-1.81568
-1.86127
-1.90659
-1.95153
-1.02345
-1.08845
-1.14698
-1.204
-1.26039
-1.3152
-1.36691
-1.41527
-1.46099
-1.50496
-1.54819
-1.59151
-1.63544
-1.68014
-1.72544
-1.77103
-1.81665
-1.86214
-1.90737
-1.95223
-1.0292
-1.08924
-1.14621
-1.20153
-1.25777
-1.31336
-1.36602
-1.41517
-1.46159
-1.50597
-1.54933
-1.59259
-1.63635
-1.68086
-1.72603
-1.77158
-1.81723
-1.86274
-1.90795
-1.95281
-1.02757
-1.08547
-1.14267
-1.19936
-1.25629
-1.31227
-1.36551
-1.41556
-1.46256
-1.50732
-1.55076
-1.59387
-1.63742
-1.68176
-1.72681
-1.7723
-1.8179
-1.86337
-1.90854
-1.95338
-1.01872
-1.07739
-1.13654
-1.19527
-1.25347
-1.31022
-1.36437
-1.41548
-1.46354
-1.50883
-1.55225
-1.595
-1.63824
-1.68242
-1.72741
-1.77286
-1.81842
-1.86384
-1.90897
-1.9538
-1.00543
-1.06687
-1.12858
-1.18953
-1.24937
-1.30721
-1.36259
-1.41526
-1.4647
-1.51072
-1.55407
-1.59602
-1.63872
-1.68274
-1.72777
-1.77324
-1.81878
-1.86415
-1.90926
-1.95409
-0.993917
-1.05714
-1.12079
-1.18391
-1.24554
-1.30465
-1.3606
-1.41395
-1.46452
-1.51167
-1.55523
-1.59648
-1.63859
-1.68259
-1.72776
-1.77335
-1.81892
-1.86428
-1.90937
-1.95424
-0.987111
-1.04954
-1.11388
-1.17873
-1.24245
-1.30146
-1.35608
-1.40927
-1.46086
-1.50983
-1.55497
-1.59626
-1.63801
-1.68213
-1.72754
-1.77331
-1.81893
-1.86429
-1.90939
-1.9543
-0.980354
-1.04143
-1.10483
-1.16921
-1.23477
-1.29227
-1.34639
-1.40015
-1.45428
-1.50662
-1.55355
-1.59565
-1.6375
-1.68172
-1.72746
-1.77331
-1.81894
-1.86429
-1.90939
-1.95432
-0.96776
-1.03616
-1.1047
-1.16694
-1.22823
-1.28828
-1.34775
-1.40467
-1.45761
-1.50613
-1.55162
-1.59523
-1.63888
-1.68343
-1.72853
-1.77386
-1.81918
-1.86438
-1.90942
-1.95434
-0.971233
-1.03719
-1.10327
-1.16776
-1.2297
-1.28927
-1.34733
-1.40307
-1.45565
-1.5048
-1.55078
-1.59511
-1.6391
-1.68359
-1.72867
-1.77399
-1.81927
-1.86443
-1.90945
-1.95437
)
;
    }
    lowerWall
    {
        type            calculated;
        value           nonuniform List<scalar> 
200
(
355.111
356.617
359.194
362.842
366.96
371.107
374.93
378.129
380.431
381.645
381.65
380.388
377.961
374.605
370.642
366.369
362.106
358.408
355.809
354.287
356.574
358.167
360.65
364.096
368.002
371.995
375.701
378.805
381.041
382.216
382.211
380.992
378.658
375.428
371.583
367.449
363.423
359.898
357.374
355.786
359.18
360.644
362.962
366.179
369.85
373.617
377.125
380.072
382.2
383.318
383.313
382.157
379.946
376.88
373.238
369.338
365.555
362.251
359.872
358.372
362.85
364.098
366.188
369.08
372.407
375.849
379.073
381.798
383.769
384.806
384.808
383.746
381.705
378.867
375.51
371.938
368.497
365.513
363.355
362.046
366.96
368.011
369.865
372.415
375.37
378.447
381.351
383.822
385.622
386.567
386.58
385.626
383.78
381.19
378.157
374.95
371.88
369.241
367.327
366.216
371.139
372.037
373.646
375.861
378.448
381.163
383.743
385.951
387.549
388.403
388.438
387.586
385.921
383.63
380.925
378.083
375.385
373.086
371.43
370.445
375.014
375.776
377.165
379.083
381.338
383.723
386.021
387.947
389.377
390.151
390.217
389.444
387.931
385.887
383.537
381.024
378.665
376.671
375.247
374.381
378.26
378.895
380.114
381.795
383.779
385.89
387.892
389.637
390.956
391.674
391.769
391.066
389.669
387.824
385.733
383.537
381.435
379.678
378.408
377.735
380.563
381.123
382.226
383.733
385.525
387.403
389.21
390.827
392.084
392.883
392.948
392.187
390.797
389.061
387.156
385.218
383.349
381.794
380.673
380.107
381.754
382.307
383.359
384.768
386.439
388.188
389.869
391.401
392.675
393.078
393.123
392.685
391.229
389.643
387.948
386.192
384.514
383.077
381.977
381.383
)
;
    }
    atmosphere
    {
        type            calculated;
        value           nonuniform List<scalar> 0();
    }
    procBoundary0to1
    {
        type            processor;
        value           nonuniform List<scalar> 
800
(
357.236
308.795
261.091
214.303
168.925
125.122
84.0663
46.9717
18.3518
10.3125
-0.31113
-0.446513
-0.536492
-0.621809
-0.675948
-0.698244
-0.738006
-0.803227
-0.878831
-0.9556
357.788
309.342
261.644
214.827
169.499
125.705
84.9287
47.5496
19.1652
8.5108
-0.391634
-0.502826
-0.571703
-0.648527
-0.705203
-0.728064
-0.745308
-0.798229
-0.873416
-0.956448
358.837
310.451
262.834
216.164
170.86
127.073
86.6774
48.0714
20.5441
5.09208
-0.392852
-0.505732
-0.555055
-0.601953
-0.633212
-0.664578
-0.716185
-0.785881
-0.867194
-0.964997
360.243
311.887
264.351
217.782
172.491
128.509
88.6398
47.1246
20.9491
2.22946
-0.343061
-0.510775
-0.546345
-0.56855
-0.589343
-0.625328
-0.695066
-0.776547
-0.845991
-0.949152
361.907
313.568
266.128
219.656
174.476
130.413
88.9197
49.4669
18.5996
1.74254
-0.279847
-0.555308
-0.569755
-0.533003
-0.503393
-0.516966
-0.620269
-0.754126
-0.873198
-0.948701
363.65
315.39
267.985
221.558
176.064
133.061
91.1124
53.1521
19.0917
4.02692
-0.247037
-0.506343
-0.5348
-0.445638
-0.422925
-0.511698
-0.656611
-0.771343
-0.867629
-0.951534
365.344
317.203
269.911
223.694
178.178
132.783
91.2946
57.039
24.3114
9.81474
0.390589
-0.102162
-0.441056
-0.420361
-0.492632
-0.677938
-0.740356
-0.762838
-0.816663
-0.908257
366.869
318.895
271.802
225.951
180.784
136.015
93.5667
55.7185
25.8525
10.3897
2.47791
0.467452
-0.243273
-0.370766
-0.505344
-0.675295
-0.718322
-0.681629
-0.740536
-0.947853
368.067
320.309
273.458
227.94
183.169
138.569
96.9379
59.5844
29.3914
14.3364
6.03653
1.21663
-0.0939382
-0.360451
-0.478589
-0.61936
-0.606706
-0.595414
-0.813926
-1.05122
368.87
321.349
274.816
229.729
185.08
140.684
99.4028
61.8207
27.6459
11.943
4.70703
1.12437
-0.195064
-0.398802
-0.468544
-0.520452
-0.542133
-0.59471
-0.691827
-0.971926
369.076
321.882
275.205
229.546
184.51
141.529
102.689
64.7751
28.6257
6.49139
1.04873
0.0348602
-0.393839
-0.47689
-0.482701
-0.499397
-0.537704
-0.549996
-0.656612
-0.833087
368.062
320.296
273.464
227.525
182.489
141.005
102.088
64.9346
30.0972
6.08331
-0.441323
-0.382292
-0.455372
-0.519839
-0.580843
-0.600907
-0.550868
-0.500091
-0.568097
-0.743425
366.66
318.611
271.344
224.85
179.7
138.213
99.5697
61.7056
25.9437
7.69158
-0.303443
-0.404862
-0.46801
-0.501628
-0.535217
-0.570566
-0.590911
-0.588088
-0.581556
-0.727113
365.048
316.739
269.046
221.798
178.041
137.095
97.8024
59.5909
21.0184
5.06712
-0.20827
-0.342364
-0.415625
-0.487912
-0.554279
-0.596709
-0.615204
-0.619996
-0.649483
-0.750675
363.312
314.857
266.954
219.698
176.985
134.79
93.8662
54.3484
18.772
1.72412
-0.240429
-0.372764
-0.434094
-0.513404
-0.571515
-0.610806
-0.645311
-0.680472
-0.727801
-0.807185
361.598
313.18
265.526
218.676
173.793
130.77
90.1039
49.3003
18.2984
1.0227
-0.318172
-0.45678
-0.501329
-0.559292
-0.60132
-0.637825
-0.672557
-0.712416
-0.766336
-0.83896
359.959
311.559
263.911
217.175
172.247
128.87
87.5013
46.8201
19.796
1.33972
-0.426078
-0.518592
-0.568097
-0.607693
-0.632759
-0.65912
-0.690297
-0.731486
-0.78545
-0.854637
358.556
310.149
262.506
215.819
170.579
126.855
86.9196
45.8207
21.661
3.77136
-0.46912
-0.520533
-0.603538
-0.649177
-0.663235
-0.685079
-0.708008
-0.742564
-0.793963
-0.860833
357.489
309.042
261.371
214.554
169.415
125.523
85.2508
47.718
21.9844
9.35118
-0.349504
-0.469567
-0.591384
-0.680708
-0.730149
-0.724628
-0.719339
-0.744244
-0.795667
-0.862767
356.922
308.489
260.822
214.107
168.901
125.014
84.3346
47.767
21.3826
10.8703
-0.106677
-0.30313
-0.456342
-0.579265
-0.631682
-0.646523
-0.673034
-0.727816
-0.79481
-0.86621
-1.03226
-1.10495
-1.17009
-1.22388
-1.27112
-1.31419
-1.35631
-1.39915
-1.44318
-1.48834
-1.53452
-1.58143
-1.62887
-1.67665
-1.72464
-1.77251
-1.81969
-1.86558
-1.90984
-1.9528
-1.04086
-1.11774
-1.18163
-1.23645
-1.27984
-1.31854
-1.35713
-1.39783
-1.44098
-1.48632
-1.53315
-1.58056
-1.62829
-1.67671
-1.72554
-1.77431
-1.82228
-1.86834
-1.91192
-1.95369
-1.0717
-1.16268
-1.22831
-1.27121
-1.29962
-1.32681
-1.35732
-1.39331
-1.43444
-1.48063
-1.52971
-1.57927
-1.62855
-1.67797
-1.72802
-1.77839
-1.82799
-1.87439
-1.91635
-1.95568
-1.10175
-1.22713
-1.29536
-1.31368
-1.32522
-1.3447
-1.36007
-1.38832
-1.42774
-1.47461
-1.52478
-1.57541
-1.62659
-1.67933
-1.73307
-1.78801
-1.84081
-1.88738
-1.92655
-1.96101
-1.06667
-1.10986
-1.25863
-1.35708
-1.33308
-1.33922
-1.35701
-1.38425
-1.42354
-1.47595
-1.53208
-1.58423
-1.63159
-1.67925
-1.73467
-1.80864
-1.86406
-1.89713
-1.92846
-1.961
-1.04347
-1.18968
-1.38034
-1.37489
-1.35139
-1.34517
-1.35787
-1.38681
-1.42832
-1.47756
-1.52809
-1.57634
-1.62936
-1.69029
-1.75074
-1.80334
-1.84888
-1.88793
-1.92419
-1.95837
-1.07418
-1.31711
-1.38284
-1.37872
-1.36934
-1.36308
-1.3688
-1.3896
-1.42477
-1.47226
-1.5258
-1.57917
-1.63355
-1.69597
-1.7612
-1.81543
-1.85639
-1.88716
-1.92052
-1.95579
-1.22702
-1.37317
-1.40515
-1.41047
-1.4056
-1.38625
-1.37482
-1.3803
-1.40989
-1.46024
-1.52557
-1.58896
-1.64453
-1.7011
-1.75949
-1.81725
-1.8699
-1.91433
-1.95129
-1.98047
-1.25342
-1.39469
-1.45662
-1.49023
-1.47301
-1.43535
-1.40917
-1.41273
-1.45303
-1.52853
-1.57671
-1.61896
-1.66848
-1.73556
-1.7922
-1.83172
-1.86692
-1.89946
-1.94962
-2.00574
-1.28327
-1.5123
-1.62462
-1.59581
-1.54159
-1.50797
-1.50735
-1.51123
-1.46472
-1.39203
-1.39209
-1.38212
-1.44674
-1.66065
-1.78923
-1.8421
-1.8948
-1.96571
-1.99852
-2.04437
-1.15893
-1.38837
-1.50968
-1.57721
-1.55595
-1.51618
-1.4454
-1.25012
-0.680729
-1.22468
-1.67531
-1.61849
-1.63765
-1.69944
-1.77417
-1.84261
-1.90727
-1.95991
-1.9995
-2.0275
-0.98188
-1.16307
-1.37748
-1.58016
-1.57066
-1.54978
-1.58578
-1.65272
-1.71932
-1.71471
-1.6644
-1.6123
-1.61878
-1.69013
-1.76099
-1.83655
-1.91087
-1.96291
-1.99144
-2.01712
-1.082
-1.23646
-1.27744
-1.34564
-1.39865
-1.4469
-1.50941
-1.57074
-1.55658
-1.53369
-1.52029
-1.53058
-1.71844
-1.74156
-1.77213
-1.83295
-1.90145
-1.95489
-1.98273
-2.0014
-0.943671
-1.14969
-1.25427
-1.25754
-1.19514
-1.21421
-1.35265
-1.45461
-1.57794
-1.5797
-1.62005
-1.78363
-1.82351
-1.79959
-1.80964
-1.84796
-1.8954
-1.94648
-1.96771
-1.95983
-0.936848
-1.07387
-1.15898
-1.17364
-1.19243
-1.25611
-1.29544
-1.3949
-1.51646
-1.62964
-1.71291
-1.76225
-1.78084
-1.81248
-1.83748
-1.84689
-1.8625
-1.88316
-1.89969
-1.91307
-0.936288
-1.03973
-1.12562
-1.18094
-1.21745
-1.26337
-1.36702
-1.51488
-1.60281
-1.66078
-1.7085
-1.71977
-1.73312
-1.75718
-1.78673
-1.81179
-1.83421
-1.86232
-1.88917
-1.91808
-0.937292
-1.02465
-1.10606
-1.17523
-1.23438
-1.29493
-1.37487
-1.46492
-1.53844
-1.59367
-1.64031
-1.6767
-1.70603
-1.73555
-1.7675
-1.79884
-1.83006
-1.86226
-1.89507
-1.93041
-0.938252
-1.01847
-1.09592
-1.16771
-1.23455
-1.30038
-1.36935
-1.43871
-1.50226
-1.55836
-1.60659
-1.6474
-1.68377
-1.71888
-1.7543
-1.78988
-1.82559
-1.86172
-1.89887
-1.93835
-0.937831
-1.01527
-1.09064
-1.16271
-1.23148
-1.29789
-1.36306
-1.42649
-1.48604
-1.54017
-1.58817
-1.63145
-1.67152
-1.71004
-1.74804
-1.78591
-1.8239
-1.86234
-1.9018
-1.94309
-0.940449
-1.01493
-1.08856
-1.16021
-1.22924
-1.29574
-1.35993
-1.42142
-1.47918
-1.53225
-1.5804
-1.62474
-1.66633
-1.70631
-1.74552
-1.78446
-1.82352
-1.86305
-1.90354
-1.94559
)
;
    }
    procBoundary0to2
    {
        type            processor;
        value           nonuniform List<scalar> 
200
(
-1.99407
-1.99411
-1.99418
-1.99433
-1.99452
-1.99477
-1.995
-1.99525
-1.9954
-1.99537
-1.99415
-1.99421
-1.99433
-1.99455
-1.99484
-1.99517
-1.99545
-1.99567
-1.99576
-1.99554
-1.99422
-1.9943
-1.99447
-1.99477
-1.99516
-1.99568
-1.99619
-1.99655
-1.99695
-1.99624
-1.99437
-1.9945
-1.99476
-1.99517
-1.99573
-1.99636
-1.99741
-1.99841
-1.99983
-1.99871
-1.99455
-1.99474
-1.99512
-1.99581
-1.9968
-1.99778
-2.00027
-1.99906
-1.99742
-1.99632
-1.99481
-1.99497
-1.99534
-1.99584
-1.99667
-1.9984
-2.00037
-1.99656
-1.99331
-1.99253
-1.99516
-1.99547
-1.99609
-1.99715
-1.99934
-2.00007
-1.99974
-1.99605
-1.99288
-1.9926
-1.99536
-1.99554
-1.99594
-1.99627
-1.99688
-1.99616
-1.99465
-1.99742
-1.99846
-2.00166
-1.99574
-1.99597
-1.99645
-1.99725
-1.99813
-1.99863
-1.99735
-1.99706
-2.00761
-2.0344
-1.99612
-1.9964
-1.99691
-1.99783
-1.99925
-2.00131
-2.00414
-2.0113
-2.03839
-2.05407
-1.99678
-1.99712
-1.9978
-1.99903
-2.00126
-2.00539
-2.01245
-2.03101
-2.07517
-2.08511
-1.99738
-1.99777
-1.99855
-1.9999
-2.0026
-2.00679
-2.01676
-2.03052
-2.06248
-2.07984
-1.99797
-1.99835
-1.99909
-2.00027
-2.00259
-2.00527
-2.0124
-2.02373
-2.04376
-2.05624
-1.99843
-1.99876
-1.99937
-2.00026
-2.00157
-2.00186
-1.99905
-1.99946
-1.99297
-1.97287
-1.99877
-1.99903
-1.9995
-2.00014
-2.00075
-2.00014
-1.99768
-1.9827
-1.97555
-1.95269
-1.99898
-1.99917
-1.99949
-1.99991
-2.00023
-1.99998
-1.9988
-1.99388
-1.98789
-1.96894
-1.9991
-1.99923
-1.99943
-1.99969
-1.99982
-1.99957
-1.99826
-1.99492
-1.99012
-1.98058
-1.99918
-1.99925
-1.99938
-1.99952
-1.99953
-1.99925
-1.99821
-1.9961
-1.99298
-1.9872
-1.99924
-1.99928
-1.99935
-1.99942
-1.99936
-1.99905
-1.99816
-1.99663
-1.99411
-1.99071
-1.99928
-1.99932
-1.99937
-1.9994
-1.99932
-1.99901
-1.99823
-1.99706
-1.99508
-1.9925
)
;
    }
}


// ************************************************************************* //
