/*--------------------------------*- C++ -*----------------------------------*\
| =========                 |                                                 |
| \\      /  F ield         | OpenFOAM: The Open Source CFD Toolbox           |
|  \\    /   O peration     | Version:  2312                                  |
|   \\  /    A nd           | Website:  www.openfoam.com                      |
|    \\/     M anipulation  |                                                 |
\*---------------------------------------------------------------------------*/
FoamFile
{
    version     2.0;
    format      ascii;
    arch        "LSB;label=32;scalar=64";
    class       volScalarField;
    location    "0.915";
    object      p;
}
// * * * * * * * * * * * * * * * * * * * * * * * * * * * * * * * * * * * * * //

dimensions      [1 -1 -2 0 0 0 0];

internalField   nonuniform List<scalar> 
8000
(
352.206
352.61
353.54
354.937
356.614
358.455
360.349
362.188
363.839
365.207
301.804
302.139
303.21
304.803
306.645
308.627
310.654
312.629
314.395
315.857
249.722
249.945
251.228
253.297
255.603
257.935
260.264
262.495
264.482
266.243
195.836
196.209
197.75
200.347
203.257
206.084
208.882
211.618
214.146
216.117
141.355
142.114
143.244
145.871
149.316
152.657
156.094
159.394
162.53
165.182
83.4588
85.2835
85.5006
88.284
92.3171
96.7586
101.303
105.905
109.829
113.221
26.2978
28.6891
27.5771
28.4308
32.036
35.9905
42.1629
49.215
55.5322
60.0613
4.14734
3.74958
2.7751
2.14672
2.15176
3.43372
5.5387
8.45507
13.6078
16.9186
0.707704
0.130073
-0.11497
-0.231331
-0.264168
-0.257279
-0.239833
-0.126781
0.972172
1.53597
-0.134263
-0.368356
-0.388138
-0.377522
-0.354916
-0.336889
-0.309966
-0.289987
-0.32084
-0.333706
-0.29874
-0.356411
-0.388994
-0.398855
-0.395633
-0.382896
-0.364474
-0.348496
-0.36866
-0.377433
-0.342877
-0.349679
-0.385962
-0.411103
-0.427719
-0.429159
-0.414961
-0.400797
-0.417323
-0.432293
-0.413954
-0.410275
-0.429586
-0.450439
-0.473815
-0.482855
-0.469105
-0.458896
-0.474807
-0.492553
-0.494209
-0.488609
-0.492645
-0.506892
-0.53092
-0.537461
-0.523072
-0.520534
-0.536939
-0.551165
-0.561643
-0.555917
-0.555234
-0.570478
-0.592473
-0.59166
-0.57811
-0.58379
-0.598515
-0.6135
-0.619829
-0.616008
-0.618513
-0.63885
-0.653663
-0.643203
-0.636706
-0.648639
-0.66437
-0.682425
-0.676584
-0.677681
-0.686373
-0.708149
-0.711323
-0.696764
-0.699678
-0.715357
-0.730627
-0.745797
-0.736698
-0.742687
-0.753989
-0.773937
-0.762374
-0.755509
-0.766333
-0.779954
-0.7897
-0.799797
-0.79908
-0.807281
-0.819843
-0.831001
-0.815588
-0.816392
-0.830322
-0.840022
-0.846022
-0.856439
-0.860492
-0.866542
-0.878548
-0.88224
-0.872303
-0.876266
-0.891731
-0.903138
-0.912287
-0.919216
352.88
353.244
354.11
355.533
357.232
359.097
361.007
362.853
364.495
365.847
302.468
302.842
303.947
305.448
307.307
309.325
311.34
313.366
315.129
316.588
250.466
250.606
252.063
254.017
256.377
258.81
261.232
263.439
265.414
267.126
197.053
196.852
198.058
200.697
204.034
207.206
210.151
212.901
215.371
217.369
143.137
144.523
144.406
146.03
150.074
154.316
158.059
161.514
164.343
166.826
86.5701
90.6003
89.3844
90.2328
94.6366
99.7889
104.211
108.702
112.4
115.858
24.8041
31.6187
32.0782
32.5388
37.3375
41.3444
46.7121
52.9259
58.7114
63.6267
3.34848
4.00965
3.37673
2.96173
3.99417
5.71798
7.42414
10.4604
15.6937
19.8199
0.0478743
-0.136502
-0.239318
-0.276533
-0.269217
-0.26184
-0.251099
-0.0475868
0.753302
0.988828
-0.490093
-0.52519
-0.457359
-0.403709
-0.354622
-0.332817
-0.338112
-0.339006
-0.354152
-0.360353
-0.437122
-0.47516
-0.456767
-0.423855
-0.405214
-0.396509
-0.388746
-0.373835
-0.388958
-0.407834
-0.381374
-0.396797
-0.415081
-0.429619
-0.452578
-0.459616
-0.436729
-0.412244
-0.427548
-0.450762
-0.430268
-0.429583
-0.444873
-0.46896
-0.504254
-0.518669
-0.49289
-0.473109
-0.491528
-0.516527
-0.504812
-0.501385
-0.506374
-0.526323
-0.56354
-0.575056
-0.548704
-0.542434
-0.56618
-0.584325
-0.568572
-0.565606
-0.567759
-0.591786
-0.627536
-0.627701
-0.604475
-0.61503
-0.640358
-0.646146
-0.62503
-0.624096
-0.633299
-0.661634
-0.692141
-0.674917
-0.664709
-0.690651
-0.706594
-0.700782
-0.682074
-0.685635
-0.702292
-0.731617
-0.744788
-0.725552
-0.731654
-0.761444
-0.758764
-0.750149
-0.741052
-0.749986
-0.771427
-0.795276
-0.789953
-0.780564
-0.802213
-0.816158
-0.797759
-0.80012
-0.801259
-0.814352
-0.837271
-0.853124
-0.837917
-0.839796
-0.861874
-0.851212
-0.827142
-0.851334
-0.861149
-0.876739
-0.896974
-0.904124
-0.890448
-0.899866
-0.91058
-0.888203
-0.877877
-0.911668
354.325
354.651
355.574
356.883
358.525
360.385
362.297
364.128
365.743
367.058
304.168
304.576
305.632
307.016
308.743
310.755
312.828
314.803
316.527
317.961
252.642
253.006
254.516
256.137
258.306
260.635
262.976
265.207
267.114
268.884
199.966
200.179
201.835
203.689
206.705
209.667
212.576
215.335
217.71
219.652
146.381
146.97
147.438
149.908
153.741
157.762
161.568
165.197
167.886
170.296
89.9084
92.7055
94.5255
95.6339
100.243
105.308
109.518
113.791
117.527
121.167
28.3332
33.3338
35.339
37.6766
44.348
49.7914
55.4918
61.1592
66.9577
72.014
2.91661
3.35213
3.36319
3.81909
6.36176
10.2471
13.1364
17.3263
22.8047
28.291
-0.139819
-0.239513
-0.270738
-0.262468
-0.267892
-0.28405
-0.220184
0.679304
1.98767
3.19925
-0.443898
-0.456424
-0.410285
-0.368243
-0.338876
-0.347811
-0.383578
-0.388695
-0.40937
-0.432011
-0.418593
-0.426517
-0.411496
-0.401253
-0.403264
-0.414912
-0.424806
-0.426032
-0.442047
-0.46403
-0.417571
-0.421215
-0.42871
-0.447781
-0.484442
-0.488914
-0.468872
-0.446892
-0.460228
-0.484706
-0.464398
-0.466043
-0.472579
-0.496104
-0.543078
-0.553448
-0.525554
-0.503992
-0.520615
-0.545309
-0.525439
-0.525624
-0.526901
-0.553088
-0.599876
-0.609113
-0.581983
-0.576664
-0.598671
-0.611596
-0.583511
-0.581529
-0.5861
-0.617838
-0.654725
-0.656862
-0.638802
-0.65111
-0.670563
-0.668338
-0.637647
-0.638886
-0.653252
-0.685698
-0.707763
-0.696712
-0.696931
-0.718409
-0.729685
-0.719025
-0.695441
-0.704242
-0.724176
-0.750002
-0.753205
-0.73773
-0.750116
-0.774988
-0.777911
-0.764321
-0.759556
-0.776284
-0.796755
-0.810364
-0.798127
-0.784566
-0.801441
-0.819212
-0.810996
-0.793584
-0.825036
-0.849456
-0.867417
-0.868299
-0.849067
-0.842404
-0.853923
-0.851161
-0.820182
-0.830637
-0.883624
-0.912565
-0.929845
-0.924506
-0.906452
-0.906257
-0.908621
-0.87916
-0.838258
-0.892449
356.334
356.659
357.492
358.752
360.361
362.188
364.073
365.871
367.438
368.673
306.525
306.833
307.762
309.079
310.798
312.777
314.81
316.75
318.426
319.774
255.773
256.047
257.199
258.774
260.746
263.021
265.342
267.574
269.479
271.173
204.13
204.175
205.459
207.432
210.059
212.812
215.624
218.379
220.799
222.737
151.444
151.236
152.385
154.651
158.201
161.936
165.565
168.924
172.045
174.501
96.8108
96.7615
98.7285
101.579
106.355
110.958
115.251
119.638
123.608
126.929
39.0099
39.3066
40.4842
44.0899
51.1995
57.7654
64.2475
70.6016
76.5423
81.1879
4.38364
4.15513
3.95187
5.15991
9.43975
14.4998
20.1945
26.0724
32.6244
38.201
-0.297093
-0.294973
-0.249197
-0.234804
-0.265256
-0.285623
0.676952
3.00684
5.71662
8.40388
-0.42806
-0.420264
-0.371845
-0.344111
-0.353149
-0.404674
-0.423616
-0.383641
-0.434883
-0.385352
-0.409526
-0.409947
-0.401115
-0.409373
-0.430406
-0.452037
-0.457125
-0.456394
-0.474432
-0.453106
-0.448394
-0.449519
-0.45223
-0.479443
-0.520342
-0.51457
-0.49891
-0.487007
-0.499097
-0.508477
-0.493465
-0.498394
-0.500127
-0.531641
-0.583233
-0.580695
-0.557947
-0.541628
-0.551466
-0.561176
-0.548969
-0.550233
-0.549078
-0.582616
-0.630582
-0.634154
-0.613638
-0.605512
-0.616189
-0.618814
-0.603675
-0.601847
-0.607539
-0.641222
-0.672463
-0.67463
-0.658602
-0.664155
-0.679036
-0.673417
-0.657947
-0.66042
-0.673604
-0.701386
-0.715156
-0.706132
-0.703273
-0.717651
-0.735157
-0.72255
-0.721545
-0.731073
-0.744359
-0.760331
-0.756284
-0.73963
-0.745179
-0.766599
-0.782943
-0.768392
-0.795585
-0.814174
-0.822669
-0.822121
-0.802203
-0.780829
-0.788832
-0.809766
-0.817831
-0.808301
-0.868162
-0.903553
-0.903954
-0.886832
-0.8606
-0.841285
-0.847882
-0.858277
-0.844942
-0.842778
-0.924681
-0.972658
-0.979761
-0.950995
-0.923808
-0.914401
-0.92342
-0.917522
-0.876233
-0.893245
358.587
358.922
359.704
360.924
362.49
364.279
366.133
367.898
369.42
370.707
309.086
309.389
310.201
311.484
313.164
315.09
317.091
318.998
320.604
322.077
259.089
259.316
260.225
261.659
263.56
265.765
268.065
270.287
272.155
273.78
208.56
208.579
209.55
211.357
213.627
216.273
219.079
221.893
224.18
226.054
157.387
157.108
158
159.933
163.008
166.531
170.064
173.915
176.856
179.143
104.799
104.333
105.659
108.407
112.535
116.831
121.375
126.7
130.799
133.758
51.993
50.3362
50.53
53.7471
59.2456
66.07
73.2536
80.1653
86.0191
90.0984
9.69932
8.21144
7.14782
9.30416
14.059
20.5301
28.2951
36.5862
44.2847
49.3997
-0.372731
-0.307603
-0.212298
-0.202855
-0.228188
0.47936
3.49481
8.70824
14.2079
17.9692
-0.397368
-0.381662
-0.338956
-0.328776
-0.365919
-0.428925
-0.431646
-0.442516
-0.0288397
2.38723
-0.420033
-0.415466
-0.408655
-0.424253
-0.4559
-0.481811
-0.495383
-0.484551
-0.453536
-0.4541
-0.465288
-0.469122
-0.470551
-0.504482
-0.537239
-0.531723
-0.542979
-0.526149
-0.509311
-0.523239
-0.51731
-0.52494
-0.522451
-0.56118
-0.599377
-0.593991
-0.601278
-0.579485
-0.556879
-0.569866
-0.571975
-0.573919
-0.57082
-0.605717
-0.638594
-0.646734
-0.646006
-0.627543
-0.611313
-0.617673
-0.626405
-0.624207
-0.628208
-0.654462
-0.67482
-0.6796
-0.671739
-0.665242
-0.665493
-0.665132
-0.683543
-0.684884
-0.691731
-0.708272
-0.714008
-0.705494
-0.698033
-0.701487
-0.718858
-0.711788
-0.752367
-0.761122
-0.762525
-0.764301
-0.753131
-0.733423
-0.727025
-0.738369
-0.761851
-0.769958
-0.829253
-0.854949
-0.84433
-0.829926
-0.804297
-0.776808
-0.771075
-0.7885
-0.811144
-0.834981
-0.893197
-0.941195
-0.92601
-0.900508
-0.87375
-0.848889
-0.850563
-0.873759
-0.89139
-0.890588
-0.946117
-0.993997
-0.991852
-0.96252
-0.94017
-0.932278
-0.947805
-0.970991
-0.962768
-0.920079
360.836
361.188
361.959
363.144
364.667
366.426
368.26
369.994
371.581
372.966
311.591
311.914
312.698
313.944
315.57
317.45
319.433
321.345
323.098
324.37
262.185
262.437
263.244
264.596
266.421
268.565
270.827
273.016
274.98
276.361
212.596
212.667
213.479
215.027
217.189
219.756
222.506
225.343
227.704
229.318
162.765
162.501
163.233
165.019
167.805
171.055
174.387
178.423
181.225
183.331
111.975
111.382
112.348
114.61
118.214
122.414
127.169
132.322
136.242
139.019
62.0133
60.1881
59.6947
61.7935
67.0777
73.4897
80.4407
87.4249
93.013
97.4124
17.0003
14.8025
13.1192
14.7438
19.9959
27.783
36.3451
45.7246
53.3488
58.4276
-0.254767
-0.272267
-0.212527
-0.156333
0.445877
3.05665
7.74828
15.2743
21.8404
26.8954
-0.372574
-0.363489
-0.337871
-0.337842
-0.361163
-0.401523
-0.423349
0.0092781
6.43104
11.5746
-0.41383
-0.412809
-0.415531
-0.434689
-0.461065
-0.47839
-0.494296
-0.464914
-0.434829
-0.452639
-0.4723
-0.476099
-0.48326
-0.513611
-0.532806
-0.524515
-0.558019
-0.546165
-0.508242
-0.535362
-0.535136
-0.541452
-0.541446
-0.571793
-0.586983
-0.582448
-0.61518
-0.597179
-0.563083
-0.596028
-0.592755
-0.595379
-0.591736
-0.611535
-0.62199
-0.634287
-0.648047
-0.632079
-0.616103
-0.634673
-0.649473
-0.647432
-0.647613
-0.656649
-0.658513
-0.658797
-0.66036
-0.65419
-0.662195
-0.677245
-0.709836
-0.711859
-0.709612
-0.709339
-0.702063
-0.685443
-0.673643
-0.672727
-0.694077
-0.715727
-0.776874
-0.787743
-0.776738
-0.76576
-0.748274
-0.723046
-0.700343
-0.698899
-0.721638
-0.764299
-0.840791
-0.870395
-0.846768
-0.828991
-0.806464
-0.780445
-0.759763
-0.764648
-0.802822
-0.852412
-0.897732
-0.929483
-0.911436
-0.891168
-0.872578
-0.858428
-0.857793
-0.880765
-0.923206
-0.926605
-0.947818
-0.966755
-0.958123
-0.942696
-0.931254
-0.929777
-0.947232
-0.97961
-0.987055
-0.934536
362.851
363.211
363.984
365.154
366.635
368.391
370.251
372.006
373.556
374.74
313.805
314.148
314.935
316.162
317.754
319.575
321.623
323.567
325.187
326.353
264.851
265.123
265.906
267.232
269.004
271.123
273.359
275.708
277.473
278.703
215.986
216.09
216.863
218.354
220.426
222.936
225.667
228.478
230.743
232.197
167.105
166.933
167.709
169.436
171.977
175.129
178.595
182.161
185.133
186.941
118.197
117.356
118.119
120.146
123.233
126.938
131.77
136.856
140.953
143.287
70.1994
67.9064
67.578
69.659
74.1175
79.6907
86.3911
93.1733
98.9422
102.824
26.937
22.6905
19.8604
21.5062
27.3582
34.5829
43.6784
53.068
60.3704
64.772
2.84931
0.726438
0.236747
0.741408
3.018
6.43869
12.2706
20.9727
28.304
33.8946
-0.381136
-0.368327
-0.349811
-0.354455
-0.359403
-0.389948
-0.327131
2.6751
10.8858
17.9922
-0.431864
-0.427116
-0.433571
-0.451865
-0.469495
-0.471281
-0.466035
-0.46056
-0.448448
-0.402294
-0.483057
-0.487605
-0.498561
-0.522793
-0.533765
-0.521556
-0.532913
-0.546708
-0.545706
-0.560357
-0.549065
-0.554432
-0.556783
-0.57523
-0.577969
-0.571448
-0.58849
-0.606152
-0.623634
-0.63873
-0.609488
-0.611925
-0.607418
-0.612893
-0.607388
-0.607443
-0.619067
-0.634698
-0.661529
-0.680035
-0.667729
-0.666516
-0.662146
-0.657283
-0.645368
-0.631752
-0.629653
-0.64202
-0.676359
-0.701231
-0.727849
-0.729541
-0.721486
-0.710249
-0.693237
-0.67217
-0.65251
-0.646681
-0.668994
-0.707402
-0.78694
-0.79585
-0.781769
-0.766603
-0.744925
-0.722496
-0.694771
-0.676019
-0.696387
-0.759863
-0.842066
-0.857105
-0.840299
-0.82713
-0.806271
-0.78417
-0.761465
-0.75524
-0.799931
-0.861502
-0.895488
-0.903981
-0.893547
-0.885057
-0.869892
-0.854366
-0.845916
-0.861064
-0.901287
-0.903952
-0.946738
-0.943948
-0.938761
-0.935219
-0.927483
-0.918288
-0.917581
-0.929687
-0.923936
-0.869976
364.421
364.798
365.583
366.772
368.324
370.061
371.901
373.722
375.144
376.193
315.537
315.897
316.7
317.934
319.578
321.419
323.406
325.365
326.999
328.004
266.896
267.19
267.991
269.341
271.164
273.206
275.451
277.674
279.348
280.553
218.576
218.688
219.443
221.035
223.049
225.394
228.21
230.953
233.135
234.469
170.456
170.308
171.131
172.917
175.179
177.668
181.563
185.237
188.312
189.779
122.778
121.943
122.902
124.775
127.076
130.546
135.502
140.582
144.741
146.76
75.5385
74.0187
74.5875
76.4552
79.9917
85.4629
92.1183
98.738
104.328
107.025
32.2924
29.3061
28.7475
29.9882
34.6367
42.1295
51.0042
59.3182
65.3592
69.2781
7.16872
3.61267
3.44007
4.1484
6.42401
10.9393
17.5825
25.2612
32.7486
37.6202
-0.383172
-0.373488
-0.366249
-0.365327
-0.383762
-0.409492
0.215124
4.81495
12.1805
19.6544
-0.4347
-0.43432
-0.448633
-0.473451
-0.482977
-0.473278
-0.469694
-0.498886
-0.489119
-0.272476
-0.492865
-0.495871
-0.511044
-0.536936
-0.541925
-0.530571
-0.55425
-0.584456
-0.598135
-0.579495
-0.557135
-0.561611
-0.566858
-0.582043
-0.582272
-0.576967
-0.601914
-0.647506
-0.674936
-0.656438
-0.619373
-0.622028
-0.617104
-0.615013
-0.607222
-0.603106
-0.617251
-0.660319
-0.69488
-0.686839
-0.679131
-0.676492
-0.667512
-0.658873
-0.643627
-0.629154
-0.628025
-0.645822
-0.672943
-0.685262
-0.73649
-0.733301
-0.722823
-0.710098
-0.692347
-0.675348
-0.659896
-0.645204
-0.653742
-0.690951
-0.790297
-0.791659
-0.77949
-0.765756
-0.746492
-0.729175
-0.706584
-0.680925
-0.691551
-0.749569
-0.843167
-0.846316
-0.834917
-0.825813
-0.807742
-0.792106
-0.770425
-0.754084
-0.776123
-0.828129
-0.896581
-0.895802
-0.887064
-0.883949
-0.870643
-0.858031
-0.843908
-0.837895
-0.85446
-0.857149
-0.94829
-0.940751
-0.936015
-0.93601
-0.928464
-0.919774
-0.911736
-0.905014
-0.892453
-0.85213
365.395
365.786
366.576
367.903
369.423
371.179
373.02
374.775
376.235
377.316
316.616
316.993
317.827
319.137
320.755
322.644
324.666
326.657
328.182
329.27
268.186
268.498
269.326
270.747
272.515
274.64
276.893
279.042
280.838
282.051
220.181
220.349
221.158
222.67
224.691
227.233
230.157
232.763
234.869
236.131
172.528
172.376
173.359
174.928
177.003
180.293
184.311
187.715
190.432
191.737
125.458
124.762
126.065
127.748
129.9
134.133
139.485
143.909
147.661
149.103
79.0396
78.1628
79.3329
81.0702
84.514
90.4851
97.3463
103.225
107.46
109.429
36.5273
34.3005
34.8174
36.4224
41.4579
49.6902
57.6104
64.3542
70.1087
73.4404
10.2742
6.70547
7.31603
7.961
11.0803
17.131
23.3769
30.0403
36.646
38.758
-0.380871
-0.372537
-0.368663
-0.377721
-0.413523
-0.262764
2.74907
8.28251
16.0311
21.6813
-0.436476
-0.437252
-0.45525
-0.488038
-0.485371
-0.470392
-0.511542
-0.544925
-0.46482
0.447386
-0.498814
-0.500904
-0.521253
-0.549034
-0.545541
-0.556325
-0.598044
-0.632133
-0.619011
-0.573538
-0.562553
-0.568357
-0.575401
-0.590547
-0.588068
-0.594815
-0.641551
-0.690933
-0.69134
-0.636483
-0.624504
-0.625867
-0.623379
-0.617898
-0.60699
-0.609469
-0.632275
-0.674417
-0.686181
-0.655739
-0.684261
-0.679625
-0.671124
-0.658298
-0.643164
-0.632119
-0.634611
-0.647239
-0.652171
-0.654254
-0.741116
-0.734589
-0.722309
-0.711504
-0.694295
-0.68006
-0.670381
-0.658239
-0.657831
-0.683077
-0.794386
-0.790493
-0.777521
-0.766417
-0.749858
-0.734863
-0.718269
-0.699012
-0.709418
-0.750594
-0.847914
-0.847166
-0.834474
-0.826483
-0.809647
-0.797558
-0.780509
-0.769214
-0.792658
-0.83015
-0.900293
-0.899725
-0.889993
-0.887332
-0.873444
-0.863207
-0.853432
-0.852813
-0.878141
-0.890649
-0.950045
-0.947649
-0.942539
-0.942163
-0.93277
-0.927706
-0.92975
-0.935372
-0.947211
-0.943648
365.65
366.07
366.937
368.275
369.878
371.692
373.636
375.349
376.836
377.942
316.911
317.316
318.209
319.601
321.333
323.313
325.362
327.236
328.793
330.027
268.583
268.924
269.823
271.348
273.277
275.394
277.724
279.844
281.589
282.86
220.7
220.931
221.852
223.564
225.787
228.388
231.247
233.709
235.766
236.966
173.263
173.12
174.278
176.275
178.935
182.353
186.024
189.046
191.416
192.776
126.52
125.671
127.335
129.454
132.693
137.05
142.041
146.032
148.903
150.446
80.6755
79.9432
81.3343
83.4526
87.8199
94.2216
101.09
106.138
109.126
110.573
39.1094
37.266
38.0842
40.559
46.6029
54.1717
60.8678
67.0777
72.9345
73.633
12.7325
8.91438
9.65513
11.3497
16.1132
21.775
27.4214
34.0142
38.5623
39.1144
-0.365225
-0.356205
-0.356603
-0.374856
-0.325688
1.56934
6.5476
13.9066
21.2857
25.0522
-0.432883
-0.431794
-0.456523
-0.4926
-0.471995
-0.509403
-0.578535
-0.597979
0.393496
2.05491
-0.502601
-0.503184
-0.528489
-0.55635
-0.552552
-0.592199
-0.641974
-0.658984
-0.627866
-0.539199
-0.565064
-0.572408
-0.580712
-0.596416
-0.592449
-0.621859
-0.682761
-0.710269
-0.678407
-0.60358
-0.624918
-0.628541
-0.628121
-0.619293
-0.605918
-0.622329
-0.649513
-0.674327
-0.663543
-0.63337
-0.683933
-0.68296
-0.676824
-0.657535
-0.640391
-0.640366
-0.644762
-0.655278
-0.652031
-0.657928
-0.741016
-0.737507
-0.72903
-0.716366
-0.697774
-0.683795
-0.681322
-0.68053
-0.685656
-0.707001
-0.797497
-0.793259
-0.785873
-0.769476
-0.753868
-0.737639
-0.730826
-0.732233
-0.75331
-0.777043
-0.851709
-0.849662
-0.843836
-0.82994
-0.81578
-0.801318
-0.79651
-0.81245
-0.841346
-0.85642
-0.902716
-0.904134
-0.898815
-0.893806
-0.879915
-0.871518
-0.882899
-0.906286
-0.929563
-0.925905
-0.950988
-0.954497
-0.950977
-0.952053
-0.941263
-0.944075
-0.976759
-1.00683
-1.00121
-0.981305
365.118
365.569
366.493
367.915
369.605
371.499
373.561
375.311
376.815
377.991
316.337
316.778
317.732
319.223
321.036
323.115
325.248
327.179
328.781
329.988
267.937
268.341
269.3
270.929
272.96
275.24
277.64
279.808
281.632
282.859
219.926
220.249
221.264
223.089
225.505
228.287
231.185
233.696
235.838
237.05
172.345
172.373
173.588
175.784
178.772
182.338
185.975
189.036
191.461
192.878
125.473
124.925
126.554
129.281
133.061
137.499
142.196
145.936
148.781
150.336
80.0308
79.1793
80.6838
83.7933
88.8507
94.7549
101.456
105.78
108.913
110.104
39.41
36.9542
37.3871
41.0759
47.8867
54.9807
61.3906
67.8203
72.5439
72.7774
13.1931
8.6175
8.834
12.3536
18.0246
23.0916
29.2652
36.0486
38.3951
38.9312
-0.339724
-0.325428
-0.337874
-0.36871
-0.185761
3.37744
9.42522
18.7645
22.9791
23.723
-0.419629
-0.415339
-0.456043
-0.50264
-0.46238
-0.483647
-0.567651
-0.525556
1.43322
2.49355
-0.501125
-0.503893
-0.546922
-0.565476
-0.562057
-0.598066
-0.662607
-0.667094
-0.626674
-0.538494
-0.569592
-0.577682
-0.600345
-0.59881
-0.600823
-0.638864
-0.714102
-0.7158
-0.659147
-0.602118
-0.629026
-0.635697
-0.641932
-0.633572
-0.611358
-0.637696
-0.676413
-0.685213
-0.662302
-0.645968
-0.6863
-0.690978
-0.684942
-0.677158
-0.644412
-0.651062
-0.664447
-0.673281
-0.67512
-0.68712
-0.743728
-0.747324
-0.733197
-0.725785
-0.70403
-0.695001
-0.696508
-0.704574
-0.721195
-0.742851
-0.80016
-0.803261
-0.792208
-0.776562
-0.75953
-0.743942
-0.745915
-0.76454
-0.796153
-0.81286
-0.853816
-0.857675
-0.855761
-0.838097
-0.821374
-0.805449
-0.818242
-0.859273
-0.888073
-0.884094
-0.903685
-0.90944
-0.912042
-0.899763
-0.886735
-0.877337
-0.908985
-0.966414
-0.971578
-0.949487
-0.951079
-0.95756
-0.961055
-0.960578
-0.947402
-0.951109
-1.00489
-1.05522
-1.03357
-0.999738
363.798
364.284
365.249
366.835
368.638
370.7
372.769
374.657
376.242
377.435
314.873
315.36
316.371
318.043
319.973
322.177
324.469
326.509
328.23
329.364
266.173
266.644
267.735
269.527
271.745
274.237
276.739
278.989
280.869
282.147
217.731
218.184
219.341
221.379
224.05
227.076
230.206
232.832
234.989
236.237
169.519
169.794
171.186
173.656
176.99
180.817
184.638
188.102
190.404
191.773
122.079
121.674
123.479
126.648
130.967
135.737
140.366
144.182
147.085
148.719
76.333
75.2224
76.8577
80.7824
86.2916
92.3429
98.323
102.967
106.446
107.971
35.7696
32.8711
32.9329
36.9377
43.9981
51.8058
59.0783
65.3348
69.2203
69.972
10.134
5.69089
5.81
9.00212
13.7312
19.8134
26.3339
33.4859
37.2442
36.3311
-0.336109
-0.32559
-0.346372
-0.373386
-0.403166
1.75576
7.46143
15.6686
20.1627
21.5494
-0.413719
-0.434358
-0.47585
-0.511274
-0.486405
-0.478573
-0.553286
-0.544424
0.838292
1.75397
-0.501946
-0.531017
-0.569903
-0.582428
-0.562968
-0.598561
-0.663252
-0.664588
-0.630513
-0.567647
-0.574617
-0.600707
-0.623856
-0.626779
-0.613938
-0.648109
-0.735232
-0.724365
-0.664679
-0.624008
-0.635896
-0.647144
-0.66023
-0.664271
-0.637581
-0.656785
-0.711052
-0.712595
-0.682304
-0.676448
-0.691668
-0.693756
-0.69683
-0.694234
-0.665482
-0.667347
-0.694855
-0.705879
-0.708627
-0.724034
-0.745735
-0.751084
-0.740859
-0.734159
-0.71915
-0.715634
-0.723305
-0.73889
-0.765488
-0.784007
-0.802476
-0.810748
-0.794077
-0.785829
-0.770774
-0.761686
-0.768688
-0.803669
-0.850691
-0.860447
-0.857338
-0.863681
-0.851242
-0.850732
-0.830528
-0.821218
-0.838968
-0.898395
-0.946503
-0.9379
-0.905219
-0.912069
-0.911675
-0.916576
-0.895257
-0.890643
-0.923094
-0.989014
-1.02358
-0.997915
-0.949095
-0.955899
-0.96635
-0.970168
-0.955053
-0.959981
-1.00286
-1.05582
-1.06352
-1.03039
361.818
362.358
363.442
365.02
367.025
369.25
371.436
373.499
375.224
376.462
312.657
313.211
314.362
316.058
318.202
320.606
322.934
325.151
327.04
328.261
263.433
264.03
265.288
267.198
269.687
272.425
275.091
277.504
279.391
280.829
214.132
214.782
216.202
218.518
221.518
224.804
228.033
230.916
233.356
234.669
164.619
165.315
167.117
169.962
173.727
177.935
182.045
185.512
188.215
189.813
115.527
116.029
118.147
121.77
126.871
132.046
137.06
141.375
144.467
146.337
67.6838
67.4017
69.5609
74.3854
80.8731
87.4581
94.117
99.4763
103.128
105.458
26.1842
23.8737
25.2514
29.9103
37.0754
45.5122
53.4525
60.3946
64.9494
65.9071
4.41897
1.49804
2.0732
4.28253
8.48724
13.6306
20.4748
27.4793
33.1098
33.6677
-0.362921
-0.35648
-0.387783
-0.384496
-0.406729
-0.274552
3.03187
8.50783
15.0771
17.2097
-0.446355
-0.467346
-0.489962
-0.504165
-0.497538
-0.484665
-0.544013
-0.56734
-0.408495
0.101828
-0.521634
-0.552414
-0.565653
-0.578897
-0.561822
-0.588152
-0.660746
-0.672598
-0.622166
-0.591286
-0.586968
-0.611336
-0.622894
-0.65536
-0.625444
-0.658154
-0.746898
-0.748123
-0.681364
-0.64713
-0.639839
-0.655069
-0.659103
-0.689457
-0.673624
-0.685303
-0.748563
-0.752358
-0.711553
-0.699148
-0.695426
-0.703207
-0.693194
-0.700249
-0.688266
-0.687739
-0.728549
-0.748841
-0.746947
-0.753866
-0.749986
-0.75827
-0.747664
-0.730526
-0.723351
-0.731483
-0.757163
-0.778919
-0.807283
-0.82149
-0.797098
-0.804123
-0.80876
-0.794398
-0.778054
-0.782142
-0.801942
-0.837865
-0.893647
-0.90848
-0.843101
-0.851003
-0.862839
-0.858748
-0.843165
-0.842965
-0.864743
-0.916635
-0.978631
-0.990208
-0.895256
-0.899045
-0.915307
-0.920765
-0.906004
-0.906624
-0.933084
-0.986108
-1.03492
-1.03943
-0.940629
-0.949089
-0.9623
-0.974184
-0.963858
-0.967379
-0.994833
-1.0353
-1.06395
-1.05331
359.368
359.953
361.143
362.862
364.976
367.304
369.61
371.887
373.827
375.173
309.906
310.496
311.799
313.66
315.952
318.473
320.968
323.353
325.429
326.814
260.032
260.764
262.207
264.344
267
269.914
272.793
275.449
277.659
279.156
209.568
210.379
212.195
214.848
218.13
221.681
225.114
228.235
231.015
232.534
158.2
159.119
161.669
165.081
169.321
173.84
178.082
182.128
185.169
187.033
106.496
107.658
110.804
115.35
120.957
126.739
132.239
137.384
140.798
142.796
53.9268
55.2083
59.1022
65.1589
72.7657
80.5195
87.6487
94.5735
98.6176
101.266
11.7097
12.356
14.5103
20.2623
28.2998
37.0266
45.5487
53.3137
58.7914
60.903
-0.117123
-0.144562
-0.0275423
0.66353
3.44079
7.89021
13.5539
20.1419
25.9719
29.7416
-0.35607
-0.368211
-0.389737
-0.408229
-0.396371
-0.464296
-0.108754
2.54476
6.51237
9.55316
-0.448575
-0.46493
-0.473929
-0.501778
-0.508673
-0.502728
-0.512997
-0.558639
-0.561882
-0.559978
-0.528006
-0.546684
-0.550784
-0.56837
-0.569233
-0.578283
-0.647761
-0.678625
-0.629005
-0.591923
-0.593707
-0.609789
-0.611922
-0.654441
-0.641303
-0.669397
-0.758615
-0.772002
-0.691406
-0.649809
-0.652014
-0.665417
-0.656165
-0.697141
-0.706733
-0.720038
-0.788345
-0.798781
-0.739625
-0.70899
-0.70535
-0.720636
-0.705365
-0.711606
-0.718344
-0.71784
-0.763697
-0.795175
-0.778279
-0.770121
-0.750606
-0.77197
-0.766488
-0.744883
-0.734745
-0.747104
-0.786617
-0.817316
-0.828682
-0.837028
-0.79008
-0.805824
-0.817669
-0.807617
-0.789777
-0.798244
-0.833656
-0.864332
-0.897652
-0.917138
-0.832622
-0.836196
-0.85711
-0.867286
-0.860445
-0.868544
-0.892825
-0.92791
-0.969837
-0.991408
-0.88048
-0.877053
-0.90315
-0.923951
-0.924957
-0.931508
-0.954568
-0.991015
-1.02903
-1.04703
-0.927347
-0.929402
-0.955941
-0.976157
-0.981141
-0.989707
-1.01307
-1.04722
-1.07485
-1.06975
356.706
357.332
358.6
360.439
362.671
365.138
367.627
370.016
372.048
373.583
306.935
307.602
308.989
310.972
313.405
316.088
318.77
321.275
323.429
325.068
256.359
257.132
258.78
261.119
263.969
267.087
270.188
273.064
275.425
277.16
204.669
205.553
207.707
210.689
214.283
218.152
221.899
225.318
228.127
230.006
151.311
152.336
155.438
159.462
164.221
169.212
173.994
178.269
181.567
183.879
96.4182
97.3615
101.949
107.589
114.115
120.686
126.773
132.271
136.262
138.866
38.6281
40.9391
46.9314
54.488
63.4044
72.2732
80.4282
87.6311
92.8987
97.4799
4.02122
5.00213
7.22742
11.0538
19.2002
28.2555
36.9481
44.9568
50.8069
54.3582
-0.31636
-0.226106
-0.192119
-0.107981
0.691794
3.70453
7.96255
13.0681
19.0533
24.2254
-0.384742
-0.381344
-0.373845
-0.403816
-0.43568
-0.417873
-0.491122
-0.330445
1.0369
3.39014
-0.459056
-0.46758
-0.467081
-0.499855
-0.522685
-0.516263
-0.51818
-0.50927
-0.528468
-0.553176
-0.533022
-0.544636
-0.540056
-0.558112
-0.583898
-0.585903
-0.638438
-0.663619
-0.624947
-0.589313
-0.59828
-0.61305
-0.604835
-0.618213
-0.642527
-0.680767
-0.76721
-0.785156
-0.697267
-0.642834
-0.657359
-0.67707
-0.672201
-0.682267
-0.709241
-0.743365
-0.81977
-0.841413
-0.767584
-0.711094
-0.706485
-0.732695
-0.743422
-0.741153
-0.749682
-0.758926
-0.802602
-0.84077
-0.809127
-0.77475
-0.744464
-0.772536
-0.804746
-0.803721
-0.78213
-0.779734
-0.813363
-0.850438
-0.849291
-0.835598
-0.7781
-0.795858
-0.835281
-0.860992
-0.849097
-0.840031
-0.865422
-0.894849
-0.905389
-0.906302
-0.816348
-0.82091
-0.853725
-0.895436
-0.912162
-0.918674
-0.938608
-0.95874
-0.975797
-0.983747
-0.863559
-0.861464
-0.892368
-0.939146
-0.968241
-0.983038
-1.00042
-1.02729
-1.05079
-1.05776
-0.913966
-0.914329
-0.942988
-0.98869
-1.0197
-1.03417
-1.05775
-1.08933
-1.10505
-1.09098
354.089
354.732
356.052
357.971
360.316
362.913
365.533
367.974
370.206
371.939
304.043
304.731
306.213
308.289
310.826
313.638
316.485
319.135
321.458
323.269
252.813
253.6
255.42
257.921
260.915
264.175
267.477
270.47
273.081
275.043
199.993
200.835
203.297
206.587
210.408
214.563
218.532
222.157
225.187
227.45
144.759
145.594
149.279
153.749
159.023
164.457
169.622
174.234
177.904
180.855
86.3859
88.0796
93.5527
99.8713
107.1
114.377
121.039
126.907
131.556
134.871
23.5058
26.5951
34.4661
43.4522
53.8502
63.844
72.664
80.3372
86.8355
91.2667
1.22716
1.69161
3.0883
6.07476
12.892
20.8792
28.6129
36.4466
43.5685
49.0573
-0.169714
-0.156383
-0.128665
-0.142651
0.0475122
1.38695
3.69497
7.44088
12.231
19.3164
-0.382305
-0.379278
-0.362335
-0.407268
-0.454953
-0.409029
-0.42437
-0.442968
-0.348313
-0.0146859
-0.464007
-0.468678
-0.470089
-0.510739
-0.530818
-0.521209
-0.517762
-0.505804
-0.479372
-0.475831
-0.535987
-0.542285
-0.539938
-0.565673
-0.5919
-0.599255
-0.62602
-0.632729
-0.595518
-0.567335
-0.596247
-0.605912
-0.601567
-0.601627
-0.640612
-0.692545
-0.764004
-0.773387
-0.691331
-0.630588
-0.652423
-0.669042
-0.674402
-0.664798
-0.693163
-0.753424
-0.833663
-0.858149
-0.785941
-0.708975
-0.699631
-0.73023
-0.75865
-0.76087
-0.758278
-0.784823
-0.833483
-0.870775
-0.837755
-0.777844
-0.734959
-0.774951
-0.832109
-0.855745
-0.827694
-0.818891
-0.839411
-0.870897
-0.865156
-0.8367
-0.766722
-0.798663
-0.866614
-0.92039
-0.91845
-0.893226
-0.89805
-0.912386
-0.918266
-0.903893
-0.804346
-0.820444
-0.878403
-0.950226
-0.985226
-0.985792
-0.987361
-0.996897
-0.999776
-0.985706
-0.852945
-0.855762
-0.899217
-0.976568
-1.03255
-1.05265
-1.06391
-1.07571
-1.07995
-1.06499
-0.906671
-0.908066
-0.947944
-1.01604
-1.06574
-1.09011
-1.1118
-1.13088
-1.12686
-1.09796
351.753
352.394
353.766
355.731
358.148
360.853
363.604
366.199
368.542
370.442
301.491
302.184
303.725
305.836
308.422
311.361
314.365
317.179
319.649
321.659
249.725
250.541
252.59
255.161
258.221
261.597
264.987
268.18
270.956
273.153
196.12
196.879
199.8
203.291
206.941
211.198
215.383
219.237
222.54
225.078
139.888
140.373
144.465
148.628
154.286
160.036
165.417
170.306
174.336
177.449
79.8245
82.3976
88.2929
94.0479
100.871
108.518
115.461
121.559
126.376
130.338
16.1086
21.0874
29.3949
36.5255
46.0085
56.3082
65.2472
73.1086
79.3702
84.3711
0.719894
1.22422
2.36868
4.38707
8.45246
14.6466
21.5555
28.7205
35.5084
41.2869
-0.12749
-0.130843
-0.0958889
-0.107495
-0.174437
0.23459
1.28341
3.5035
6.78606
11.2855
-0.373127
-0.373987
-0.361657
-0.390551
-0.421135
-0.395458
-0.372189
-0.355154
-0.339161
-0.337567
-0.463367
-0.464036
-0.462518
-0.494829
-0.50166
-0.502203
-0.496147
-0.479319
-0.455869
-0.447969
-0.536231
-0.542112
-0.53038
-0.553351
-0.576682
-0.591913
-0.597531
-0.588798
-0.551232
-0.525759
-0.592045
-0.604063
-0.596641
-0.606903
-0.650782
-0.694593
-0.731891
-0.728306
-0.661718
-0.602075
-0.642573
-0.658467
-0.663483
-0.662624
-0.706714
-0.764788
-0.818404
-0.832633
-0.771348
-0.692353
-0.688537
-0.714285
-0.743469
-0.743617
-0.75705
-0.79757
-0.844275
-0.871417
-0.840522
-0.772169
-0.724093
-0.76462
-0.820698
-0.845659
-0.82892
-0.833852
-0.855922
-0.878399
-0.868537
-0.828787
-0.755745
-0.799483
-0.871786
-0.929074
-0.927232
-0.908311
-0.906286
-0.914114
-0.908341
-0.88875
-0.792853
-0.823737
-0.899702
-0.977114
-1.01107
-1.00479
-0.996678
-0.995275
-0.985781
-0.965519
-0.844117
-0.854524
-0.92224
-1.00699
-1.06216
-1.08145
-1.07922
-1.07634
-1.06461
-1.04261
-0.901511
-0.898796
-0.949805
-1.02886
-1.08416
-1.11061
-1.12188
-1.11988
-1.10278
-1.06895
349.879
350.493
351.92
353.917
356.393
359.167
362.011
364.723
367.122
369.091
299.452
300.172
301.749
303.894
306.52
309.521
312.613
315.536
318.101
320.163
247.342
248.229
250.311
252.818
255.927
259.43
262.921
266.23
269.129
271.444
193.501
194.202
196.869
200.133
203.919
208.483
212.798
216.776
220.239
222.952
137.503
138.04
141.27
145.018
150.506
156.337
161.846
167.075
171.436
174.724
78.5709
82.2137
87.2774
90.6425
96.6281
103.969
110.833
117.24
122.839
127.041
17.2024
24.1849
30.4449
34.3727
41.4832
50.4561
59.3338
67.5004
74.5607
79.996
1.13168
1.7073
3.00526
4.38362
6.18488
9.63358
16.6861
23.9028
30.7084
35.9416
-0.0846506
-0.078977
-0.0443555
-0.0310292
-0.158067
-0.151541
0.393129
2.12005
4.72495
7.31288
-0.328297
-0.314602
-0.291889
-0.300092
-0.344528
-0.361814
-0.350759
-0.333598
-0.321421
-0.320427
-0.438965
-0.433351
-0.416004
-0.425748
-0.449124
-0.461792
-0.45926
-0.443802
-0.425554
-0.421085
-0.513968
-0.530952
-0.496885
-0.509517
-0.533629
-0.547489
-0.546565
-0.532093
-0.50246
-0.481058
-0.5649
-0.598284
-0.572987
-0.588472
-0.620673
-0.650567
-0.668948
-0.660429
-0.606047
-0.55779
-0.61143
-0.642624
-0.643381
-0.664733
-0.702001
-0.737666
-0.768301
-0.772171
-0.71711
-0.651731
-0.665461
-0.691608
-0.712329
-0.736295
-0.767753
-0.797995
-0.826074
-0.835859
-0.79903
-0.736821
-0.713422
-0.744582
-0.779418
-0.808441
-0.824631
-0.843232
-0.858994
-0.865624
-0.841551
-0.798448
-0.748557
-0.785648
-0.837947
-0.876642
-0.895203
-0.897701
-0.898445
-0.89638
-0.879079
-0.852189
-0.785609
-0.817864
-0.883182
-0.938335
-0.964237
-0.967385
-0.960464
-0.950887
-0.935922
-0.915061
-0.835607
-0.850475
-0.914983
-0.981309
-1.01774
-1.02967
-1.02212
-1.00788
-0.993569
-0.972437
-0.896246
-0.887985
-0.942863
-1.00539
-1.04462
-1.05928
-1.05179
-1.03526
-1.02448
-1.00981
348.622
349.252
350.605
352.624
355.186
358
360.887
363.661
366.137
368.187
298.103
298.753
300.283
302.504
305.235
308.268
311.381
314.358
317.012
319.182
245.92
246.425
248.21
250.871
254.294
257.82
261.41
264.809
267.817
270.269
192.397
192.599
194.256
197.395
201.783
206.324
210.785
214.961
218.587
221.452
137.862
137.91
139.427
142.532
147.652
153.426
159.221
164.373
168.625
172.155
83.3576
87.2101
87.2316
87.945
92.9838
99.6621
106.844
113.069
118.647
123.288
28.3202
33.3622
33.5132
32.6867
37.1722
44.7497
53.708
62.4262
69.6768
75.8651
2.77018
3.96532
4.39322
3.77506
4.04195
6.26328
10.3566
16.7014
24.7439
31.1252
-0.0207924
0.0826941
0.0902774
0.0611528
-0.0557252
-0.181791
-0.139697
0.583599
2.46224
4.65905
-0.213985
-0.210416
-0.219453
-0.241374
-0.282776
-0.310782
-0.310406
-0.316245
-0.320952
-0.327369
-0.364022
-0.383227
-0.381403
-0.392969
-0.40821
-0.413333
-0.414522
-0.413672
-0.407023
-0.405103
-0.464425
-0.501116
-0.474429
-0.485477
-0.496872
-0.501144
-0.498646
-0.485112
-0.463402
-0.449564
-0.518905
-0.576411
-0.55027
-0.572251
-0.587116
-0.601157
-0.608008
-0.591187
-0.550171
-0.519071
-0.571264
-0.61704
-0.620236
-0.649607
-0.672679
-0.693725
-0.710479
-0.700103
-0.655116
-0.609523
-0.634561
-0.66306
-0.684531
-0.716689
-0.745242
-0.768792
-0.786039
-0.781292
-0.744245
-0.698726
-0.696515
-0.719478
-0.74822
-0.780606
-0.811217
-0.830511
-0.839801
-0.832512
-0.804111
-0.770332
-0.746141
-0.770531
-0.806188
-0.841958
-0.871505
-0.886793
-0.88505
-0.872053
-0.848914
-0.825858
-0.791297
-0.80977
-0.852875
-0.894557
-0.926187
-0.936542
-0.928401
-0.911654
-0.895018
-0.881912
-0.838164
-0.84359
-0.887928
-0.932953
-0.966942
-0.975717
-0.965672
-0.949586
-0.940226
-0.936021
-0.896251
-0.885966
-0.918299
-0.957718
-0.988697
-0.997714
-0.986026
-0.9736
-0.973014
-0.975409
348.048
348.686
350.055
352.089
354.614
357.423
360.322
363.123
365.639
367.73
297.608
298.183
299.65
301.89
304.624
307.651
310.774
313.788
316.485
318.706
245.702
246.134
247.655
250.294
253.559
257.089
260.692
264.15
267.252
269.785
192.654
192.886
194.366
197.299
201.189
205.535
209.944
214.178
217.909
220.787
139.27
138.991
139.879
142.755
147.228
152.796
158.283
163.327
167.903
171.616
87.201
86.1946
84.7662
86.6723
91.6244
99.0239
105.993
112.206
117.927
122.413
40.4516
37.4131
30.8097
29.0292
33.516
41.1664
51.6042
60.7145
68.229
74.5201
9.24653
6.51445
3.94912
2.78923
2.74267
5.55697
10.3809
17.453
24.9317
31.1566
0.614836
0.358815
0.228801
0.160433
0.0235898
-0.0852974
-0.0849661
1.15503
4.64168
7.80039
0.00425852
-0.116634
-0.180058
-0.20669
-0.236308
-0.270698
-0.281736
-0.298841
-0.314334
-0.324888
-0.274983
-0.323084
-0.341975
-0.349801
-0.366819
-0.378286
-0.385453
-0.395256
-0.398858
-0.399991
-0.412644
-0.439144
-0.440652
-0.450157
-0.463542
-0.4687
-0.465124
-0.453887
-0.438797
-0.433851
-0.490498
-0.520692
-0.52283
-0.541432
-0.557
-0.566911
-0.566185
-0.546901
-0.516834
-0.495934
-0.559564
-0.583227
-0.597093
-0.620603
-0.642957
-0.660774
-0.666667
-0.647869
-0.611575
-0.580753
-0.630234
-0.645731
-0.666017
-0.690763
-0.716601
-0.738135
-0.748609
-0.736185
-0.704851
-0.672018
-0.694908
-0.709232
-0.729842
-0.756376
-0.780478
-0.800099
-0.810456
-0.799968
-0.775473
-0.749656
-0.748478
-0.763392
-0.78907
-0.816788
-0.839691
-0.854436
-0.859337
-0.847349
-0.827591
-0.809844
-0.797197
-0.808337
-0.835614
-0.867127
-0.891219
-0.902825
-0.901791
-0.88804
-0.872307
-0.86159
-0.84868
-0.850184
-0.87434
-0.905727
-0.931254
-0.940936
-0.934137
-0.920614
-0.91008
-0.90536
-0.902147
-0.897567
-0.913337
-0.936903
-0.95935
-0.966768
-0.957298
-0.945598
-0.941456
-0.941763
-0.921226
-0.923863
-0.93162
-0.93264
-0.927247
-0.930626
-0.951095
-0.974563
-0.987021
-0.985448
-0.983452
-0.983125
-0.987741
-0.988626
-0.981689
-0.979543
-1.00417
-1.04791
-1.05891
-1.04848
-1.04726
-1.04677
-1.04969
-1.05226
-1.04334
-1.03442
-1.05494
-1.10704
-1.12004
-1.10299
-1.10882
-1.11093
-1.1134
-1.11696
-1.11334
-1.10634
-1.12046
-1.15975
-1.17289
-1.15563
-1.16787
-1.16975
-1.17339
-1.17802
-1.18489
-1.19137
-1.2014
-1.22424
-1.23001
-1.21668
-1.2261
-1.22762
-1.2316
-1.23627
-1.24638
-1.26137
-1.27839
-1.29192
-1.29116
-1.2781
-1.2839
-1.28524
-1.28784
-1.29275
-1.30222
-1.31679
-1.33293
-1.34171
-1.33893
-1.3323
-1.33917
-1.33975
-1.34062
-1.34483
-1.35319
-1.36319
-1.37455
-1.38214
-1.37829
-1.37602
-1.39219
-1.39236
-1.39297
-1.39645
-1.40195
-1.4092
-1.41946
-1.43268
-1.4333
-1.43206
-1.44418
-1.44498
-1.44542
-1.45022
-1.45493
-1.46425
-1.48039
-1.50471
-1.51069
-1.51238
-1.49602
-1.49734
-1.50089
-1.50239
-1.50781
-1.51958
-1.53949
-1.56305
-1.57477
-1.57978
-1.54779
-1.54884
-1.55136
-1.5524
-1.55611
-1.56568
-1.58451
-1.594
-1.60392
-1.61316
-1.59928
-1.59995
-1.60208
-1.60282
-1.60471
-1.6103
-1.6214
-1.62506
-1.62614
-1.63934
-1.65045
-1.65111
-1.6532
-1.6541
-1.65552
-1.65712
-1.66142
-1.66647
-1.66859
-1.67883
-1.7012
-1.70199
-1.70374
-1.70479
-1.70628
-1.70768
-1.70852
-1.71093
-1.71986
-1.72933
-1.75143
-1.75213
-1.75358
-1.75478
-1.75595
-1.75712
-1.75833
-1.75818
-1.76482
-1.77563
-1.80128
-1.80184
-1.80305
-1.80426
-1.8052
-1.80571
-1.80635
-1.80705
-1.8087
-1.81652
-1.85078
-1.85118
-1.85223
-1.85331
-1.85403
-1.85439
-1.8547
-1.85543
-1.85647
-1.86096
-1.8999
-1.90008
-1.90093
-1.90178
-1.90238
-1.90283
-1.90338
-1.9042
-1.90545
-1.90819
-1.94874
-1.94877
-1.94924
-1.94986
-1.95049
-1.9511
-1.9518
-1.95275
-1.95408
-1.95601
-0.919979
-0.932072
-0.948536
-0.94977
-0.943275
-0.955423
-0.962349
-0.950545
-0.952011
-0.982817
-0.979059
-0.986106
-0.997158
-0.998155
-0.995106
-1.00531
-1.02297
-1.04201
-1.04659
-1.05825
-1.04132
-1.04447
-1.05193
-1.0557
-1.05334
-1.05672
-1.08505
-1.13321
-1.13652
-1.12863
-1.10565
-1.10538
-1.11108
-1.11678
-1.11915
-1.12328
-1.15198
-1.20838
-1.21439
-1.19513
-1.16731
-1.16788
-1.17173
-1.17773
-1.1848
-1.19525
-1.2226
-1.27315
-1.28481
-1.26549
-1.22703
-1.22784
-1.23221
-1.23923
-1.24896
-1.26357
-1.28647
-1.32499
-1.34289
-1.33155
-1.28521
-1.28586
-1.28891
-1.29544
-1.30803
-1.3258
-1.34372
-1.36944
-1.38607
-1.3839
-1.34031
-1.34199
-1.34365
-1.34762
-1.35687
-1.371
-1.38468
-1.40272
-1.4189
-1.42414
-1.39311
-1.39506
-1.39554
-1.3986
-1.40225
-1.40889
-1.42075
-1.44388
-1.46471
-1.4746
-1.44421
-1.44637
-1.44665
-1.45003
-1.45421
-1.46685
-1.48847
-1.52422
-1.55087
-1.54825
-1.49561
-1.4987
-1.49896
-1.50193
-1.51026
-1.53002
-1.56289
-1.60033
-1.61924
-1.59912
-1.54769
-1.55103
-1.55145
-1.55216
-1.55743
-1.57577
-1.60352
-1.62571
-1.63437
-1.62197
-1.59952
-1.60235
-1.60269
-1.60464
-1.60853
-1.61259
-1.62512
-1.63485
-1.64262
-1.6527
-1.65072
-1.6531
-1.65492
-1.65617
-1.66106
-1.66075
-1.658
-1.66262
-1.67402
-1.69286
-1.70133
-1.70299
-1.70516
-1.70647
-1.71069
-1.71319
-1.71013
-1.70597
-1.71879
-1.73659
-1.75146
-1.75233
-1.75464
-1.75634
-1.75849
-1.76106
-1.7623
-1.76045
-1.76307
-1.77928
-1.80128
-1.80181
-1.80381
-1.80544
-1.80652
-1.80749
-1.80856
-1.81041
-1.81012
-1.81936
-1.85078
-1.85113
-1.85236
-1.85361
-1.85438
-1.85474
-1.85515
-1.85659
-1.85805
-1.86231
-1.89993
-1.90011
-1.90067
-1.90154
-1.90228
-1.90269
-1.90314
-1.90411
-1.90563
-1.90782
-1.94878
-1.94878
-1.94908
-1.94968
-1.95038
-1.95093
-1.95151
-1.95236
-1.95357
-1.9551
-0.935018
-0.962007
-0.98224
-0.976381
-0.964647
-0.969269
-0.965287
-0.923486
-0.902802
-0.974761
-0.986274
-1.00463
-1.02386
-1.02552
-1.02126
-1.02936
-1.02835
-1.00437
-1.0062
-1.06577
-1.04297
-1.05139
-1.06486
-1.07234
-1.07632
-1.08666
-1.09776
-1.11137
-1.12665
-1.15953
-1.10515
-1.10786
-1.11328
-1.12122
-1.1305
-1.14346
-1.16622
-1.2134
-1.24405
-1.25523
-1.167
-1.16881
-1.17032
-1.17407
-1.18725
-1.20311
-1.22905
-1.28854
-1.3405
-1.34657
-1.22774
-1.22918
-1.2314
-1.23094
-1.24398
-1.26612
-1.28988
-1.3426
-1.40333
-1.41689
-1.28634
-1.29061
-1.29242
-1.29012
-1.29754
-1.31696
-1.34096
-1.38274
-1.43944
-1.46217
-1.34316
-1.34907
-1.34939
-1.34502
-1.34626
-1.35388
-1.36951
-1.40395
-1.45426
-1.482
-1.3966
-1.40248
-1.40015
-1.39584
-1.39082
-1.39245
-1.40319
-1.43252
-1.47522
-1.50091
-1.44616
-1.44931
-1.44697
-1.44399
-1.44664
-1.4606
-1.48168
-1.51278
-1.54121
-1.54356
-1.49499
-1.49705
-1.49587
-1.49782
-1.50798
-1.53199
-1.56338
-1.59573
-1.60416
-1.58179
-1.54662
-1.54981
-1.54951
-1.55667
-1.56055
-1.57262
-1.5976
-1.62057
-1.6233
-1.60646
-1.59892
-1.60225
-1.60307
-1.61067
-1.61391
-1.60907
-1.61327
-1.62715
-1.63811
-1.64298
-1.6502
-1.6519
-1.65484
-1.65974
-1.66511
-1.66041
-1.64913
-1.65146
-1.66867
-1.69038
-1.70095
-1.70125
-1.7058
-1.70813
-1.71391
-1.71439
-1.70687
-1.69746
-1.70904
-1.73378
-1.75144
-1.7525
-1.75592
-1.75816
-1.7617
-1.76391
-1.76196
-1.75819
-1.75539
-1.77839
-1.8016
-1.80373
-1.80594
-1.80771
-1.80929
-1.8101
-1.80996
-1.81092
-1.8097
-1.82434
-1.85115
-1.85252
-1.85405
-1.85522
-1.85593
-1.85593
-1.85588
-1.85734
-1.86031
-1.86836
-1.90024
-1.90062
-1.90125
-1.90196
-1.90269
-1.90287
-1.90305
-1.90401
-1.90665
-1.90962
-1.94891
-1.94881
-1.94882
-1.94917
-1.95007
-1.95064
-1.95111
-1.95191
-1.95342
-1.95486
-0.96959
-1.01782
-1.03808
-1.01388
-0.986617
-0.983343
-0.993738
-0.974658
-0.925625
-0.97045
-1.01476
-1.04912
-1.07764
-1.07102
-1.05164
-1.04915
-1.05298
-1.03255
-1.0045
-1.06001
-1.06048
-1.08054
-1.10589
-1.1141
-1.11158
-1.11257
-1.1114
-1.10574
-1.11029
-1.15703
-1.1136
-1.12206
-1.13571
-1.14847
-1.15829
-1.16769
-1.17266
-1.18836
-1.22533
-1.25909
-1.17537
-1.17821
-1.18006
-1.18531
-1.19947
-1.21594
-1.23119
-1.26077
-1.3211
-1.35661
-1.23516
-1.24077
-1.23738
-1.23412
-1.24231
-1.25957
-1.28275
-1.31752
-1.3824
-1.42785
-1.28971
-1.2992
-1.29503
-1.28765
-1.28716
-1.29624
-1.32112
-1.35917
-1.41672
-1.46355
-1.34486
-1.3583
-1.34944
-1.33654
-1.32557
-1.32787
-1.35082
-1.39024
-1.44111
-1.48138
-1.40067
-1.41393
-1.40049
-1.38544
-1.37236
-1.37661
-1.39798
-1.43306
-1.47378
-1.50249
-1.45165
-1.45698
-1.44643
-1.43679
-1.43902
-1.45561
-1.47859
-1.50549
-1.52995
-1.54015
-1.49783
-1.49768
-1.49441
-1.49465
-1.50445
-1.5228
-1.55104
-1.57793
-1.58907
-1.58267
-1.54575
-1.54741
-1.55218
-1.56166
-1.56401
-1.56618
-1.58509
-1.60999
-1.62029
-1.6156
-1.59732
-1.60044
-1.60685
-1.61433
-1.61477
-1.607
-1.60655
-1.62482
-1.64094
-1.64791
-1.64843
-1.65125
-1.65631
-1.66025
-1.66315
-1.65744
-1.65001
-1.65017
-1.66742
-1.68642
-1.69947
-1.70155
-1.70498
-1.7086
-1.71167
-1.7117
-1.70511
-1.69862
-1.70403
-1.72791
-1.75145
-1.75226
-1.75711
-1.76077
-1.76295
-1.76382
-1.75988
-1.75526
-1.74899
-1.77624
-1.80132
-1.80473
-1.8079
-1.8114
-1.8124
-1.81177
-1.80954
-1.80816
-1.80532
-1.82575
-1.85067
-1.85313
-1.85585
-1.85752
-1.85791
-1.857
-1.85572
-1.85557
-1.8574
-1.8693
-1.89988
-1.90046
-1.9017
-1.9022
-1.90312
-1.90302
-1.90249
-1.90255
-1.9049
-1.90764
-1.94885
-1.9486
-1.94838
-1.94841
-1.94962
-1.95021
-1.9503
-1.95045
-1.95154
-1.95123
-0.994072
-1.03044
-1.03781
-1.01591
-0.992171
-0.993773
-1.01895
-1.02985
-0.987023
-0.968029
-1.03935
-1.06724
-1.08045
-1.06683
-1.04466
-1.04532
-1.0618
-1.0557
-1.01918
-1.03529
-1.07888
-1.10037
-1.11826
-1.11898
-1.10107
-1.09686
-1.10057
-1.0915
-1.08295
-1.11653
-1.12319
-1.13505
-1.15122
-1.16041
-1.1578
-1.15326
-1.1515
-1.15119
-1.1705
-1.20992
-1.1792
-1.18436
-1.19119
-1.19713
-1.20276
-1.20851
-1.21364
-1.22363
-1.26233
-1.30883
-1.24018
-1.24512
-1.24315
-1.24017
-1.24092
-1.25278
-1.27175
-1.29436
-1.337
-1.38682
-1.29193
-1.30508
-1.2975
-1.28728
-1.27681
-1.28407
-1.31327
-1.34847
-1.38846
-1.43095
-1.34164
-1.36037
-1.34982
-1.33485
-1.31278
-1.31571
-1.34951
-1.39263
-1.43082
-1.46219
-1.39401
-1.41217
-1.40203
-1.38879
-1.37165
-1.38097
-1.41557
-1.45155
-1.4802
-1.49943
-1.44866
-1.45613
-1.44993
-1.44294
-1.44427
-1.46459
-1.49487
-1.51923
-1.53734
-1.54627
-1.49962
-1.4984
-1.49818
-1.50234
-1.51123
-1.52254
-1.54631
-1.57295
-1.59041
-1.59333
-1.5478
-1.54726
-1.55171
-1.56356
-1.56697
-1.56424
-1.57544
-1.60581
-1.62412
-1.62613
-1.59756
-1.59921
-1.60321
-1.61095
-1.61278
-1.60494
-1.60498
-1.62271
-1.64369
-1.65643
-1.64818
-1.6495
-1.65083
-1.65419
-1.65717
-1.65447
-1.65163
-1.65298
-1.66827
-1.68784
-1.69885
-1.69973
-1.70167
-1.70441
-1.70683
-1.70981
-1.70528
-1.70174
-1.70297
-1.72354
-1.75005
-1.75293
-1.75645
-1.75962
-1.762
-1.76316
-1.75974
-1.75727
-1.74945
-1.76642
-1.80062
-1.80518
-1.80974
-1.81253
-1.81379
-1.81168
-1.80895
-1.80654
-1.80069
-1.81363
-1.8503
-1.85453
-1.85733
-1.85931
-1.85911
-1.85711
-1.85481
-1.85267
-1.8504
-1.85636
-1.89961
-1.90099
-1.90275
-1.90308
-1.90325
-1.90266
-1.90138
-1.8998
-1.89957
-1.89576
-1.94874
-1.94877
-1.94866
-1.94855
-1.94933
-1.94962
-1.94919
-1.94832
-1.94781
-1.94249
-0.997712
-1.00636
-0.997247
-0.988365
-0.979541
-0.984994
-1.00143
-1.00847
-0.977514
-0.930053
-1.04348
-1.05334
-1.04207
-1.0364
-1.02885
-1.03183
-1.0337
-1.01455
-0.975638
-0.966583
-1.08462
-1.09621
-1.09177
-1.08942
-1.08391
-1.08086
-1.06903
-1.04002
-1.01843
-1.04502
-1.12588
-1.135
-1.1392
-1.14129
-1.14039
-1.13681
-1.12175
-1.09905
-1.1081
-1.16657
-1.17396
-1.18118
-1.18595
-1.18693
-1.19128
-1.1954
-1.1909
-1.18691
-1.21949
-1.29458
-1.2256
-1.23408
-1.23736
-1.23491
-1.2359
-1.2471
-1.26005
-1.27762
-1.31842
-1.38239
-1.27935
-1.28863
-1.29196
-1.28856
-1.28143
-1.28927
-1.31539
-1.34971
-1.3863
-1.42284
-1.32863
-1.34436
-1.34895
-1.34541
-1.32965
-1.33314
-1.3655
-1.40789
-1.43999
-1.45764
-1.38303
-1.39969
-1.4042
-1.40279
-1.3885
-1.40175
-1.43728
-1.4742
-1.49757
-1.50754
-1.44087
-1.44928
-1.45286
-1.45555
-1.4556
-1.47171
-1.4991
-1.52669
-1.54824
-1.55797
-1.49628
-1.49708
-1.50048
-1.50908
-1.52191
-1.52589
-1.53867
-1.56798
-1.59401
-1.60584
-1.54802
-1.54735
-1.5505
-1.56065
-1.56952
-1.56515
-1.56975
-1.59974
-1.62567
-1.63948
-1.59793
-1.59774
-1.59845
-1.60352
-1.60838
-1.60545
-1.60639
-1.62112
-1.6444
-1.66249
-1.64765
-1.64774
-1.64616
-1.64839
-1.65262
-1.65374
-1.65412
-1.659
-1.67028
-1.69095
-1.69838
-1.69972
-1.69893
-1.7009
-1.70465
-1.70868
-1.70658
-1.70795
-1.71185
-1.72949
-1.74984
-1.75413
-1.75795
-1.75857
-1.7589
-1.76097
-1.75911
-1.75858
-1.75804
-1.76889
-1.80056
-1.80569
-1.81065
-1.81112
-1.8112
-1.81022
-1.80804
-1.80589
-1.80264
-1.80705
-1.85018
-1.85478
-1.85617
-1.85806
-1.85842
-1.85649
-1.85413
-1.85128
-1.84939
-1.84508
-1.89951
-1.90138
-1.90338
-1.90364
-1.90315
-1.90208
-1.90045
-1.89797
-1.89695
-1.88589
-1.94875
-1.94904
-1.94932
-1.94934
-1.94947
-1.94916
-1.9483
-1.94682
-1.94527
-1.93583
-0.995987
-0.987446
-0.979498
-0.980432
-0.978167
-0.972837
-0.967271
-0.948742
-0.894355
-0.829028
-1.04115
-1.03609
-1.02526
-1.02969
-1.02801
-1.0229
-1.00607
-0.961126
-0.891772
-0.85956
-1.08442
-1.08433
-1.07685
-1.08089
-1.07991
-1.07381
-1.05027
-1.00512
-0.965492
-0.987507
-1.12707
-1.12975
-1.12829
-1.13244
-1.1328
-1.12719
-1.10822
-1.08669
-1.09883
-1.17859
-1.16894
-1.17558
-1.1799
-1.18282
-1.18444
-1.1827
-1.17766
-1.19062
-1.25302
-1.36693
-1.21071
-1.22293
-1.23535
-1.23733
-1.2358
-1.2377
-1.24855
-1.28693
-1.36372
-1.45495
-1.25695
-1.2751
-1.29452
-1.29751
-1.29241
-1.29406
-1.31517
-1.35885
-1.4153
-1.45685
-1.31375
-1.33254
-1.35253
-1.35645
-1.34928
-1.35043
-1.37341
-1.41343
-1.44782
-1.46334
-1.37391
-1.38716
-1.4037
-1.40971
-1.40462
-1.41127
-1.43723
-1.47
-1.4966
-1.50956
-1.43504
-1.43878
-1.44987
-1.45791
-1.46377
-1.47923
-1.49736
-1.51943
-1.54295
-1.56056
-1.49367
-1.49322
-1.4987
-1.50733
-1.52188
-1.53288
-1.5385
-1.55833
-1.58758
-1.61
-1.5481
-1.54745
-1.54876
-1.55371
-1.564
-1.56763
-1.57065
-1.59049
-1.6217
-1.645
-1.59905
-1.59859
-1.59624
-1.59685
-1.60288
-1.604
-1.61006
-1.62215
-1.64342
-1.66305
-1.64883
-1.64908
-1.64539
-1.64509
-1.64979
-1.65334
-1.6584
-1.66473
-1.67711
-1.69266
-1.69909
-1.70235
-1.70037
-1.70161
-1.7044
-1.70906
-1.7098
-1.71289
-1.72185
-1.73788
-1.74975
-1.75658
-1.75971
-1.759
-1.75839
-1.76099
-1.76017
-1.76105
-1.76657
-1.77942
-1.8004
-1.80669
-1.81139
-1.81057
-1.81003
-1.81025
-1.80818
-1.80706
-1.80968
-1.81375
-1.85042
-1.85387
-1.85707
-1.85805
-1.85807
-1.8565
-1.85414
-1.85181
-1.85292
-1.84639
-1.89999
-1.90112
-1.9033
-1.90392
-1.90331
-1.90212
-1.90034
-1.89779
-1.89708
-1.88679
-1.94901
-1.94908
-1.94972
-1.95001
-1.94969
-1.94913
-1.94816
-1.94658
-1.94431
-1.93693
-0.996103
-0.984967
-0.982871
-0.984043
-0.981522
-0.9751
-0.967407
-0.949012
-0.909085
-0.859028
-1.04127
-1.03212
-1.03081
-1.03145
-1.03206
-1.02594
-1.01499
-0.986589
-0.940496
-0.926478
-1.08585
-1.0808
-1.08154
-1.08122
-1.08193
-1.07419
-1.06023
-1.03568
-1.02324
-1.06022
-1.12708
-1.12859
-1.13342
-1.1323
-1.13141
-1.12233
-1.11305
-1.11323
-1.15552
-1.26152
-1.16404
-1.17464
-1.187
-1.18477
-1.18113
-1.17269
-1.17764
-1.21736
-1.32503
-1.48674
-1.2033
-1.22217
-1.24384
-1.24085
-1.23414
-1.22841
-1.25625
-1.33422
-1.45716
-1.57027
-1.25162
-1.27414
-1.30205
-1.30335
-1.29624
-1.29986
-1.33648
-1.4069
-1.48131
-1.51395
-1.31016
-1.32688
-1.35443
-1.3612
-1.35828
-1.36623
-1.39546
-1.43632
-1.46694
-1.47335
-1.37281
-1.37821
-1.39987
-1.41031
-1.41282
-1.42539
-1.44959
-1.47574
-1.4978
-1.50818
-1.43394
-1.43379
-1.447
-1.45766
-1.46595
-1.48335
-1.50258
-1.5207
-1.53958
-1.55601
-1.49227
-1.49227
-1.49876
-1.50628
-1.51595
-1.52798
-1.53716
-1.55194
-1.57755
-1.60222
-1.54764
-1.54817
-1.55014
-1.55276
-1.55897
-1.56248
-1.56817
-1.58477
-1.61266
-1.63657
-1.6
-1.60026
-1.59954
-1.59833
-1.60304
-1.60333
-1.60982
-1.62534
-1.64335
-1.65904
-1.65048
-1.65126
-1.64984
-1.6482
-1.65386
-1.65605
-1.6627
-1.6702
-1.68176
-1.69198
-1.70048
-1.70344
-1.70394
-1.7057
-1.70804
-1.71219
-1.71379
-1.71795
-1.72646
-1.73579
-1.75091
-1.75555
-1.75956
-1.76187
-1.76137
-1.76368
-1.76338
-1.7652
-1.77089
-1.77849
-1.80147
-1.80519
-1.81089
-1.81276
-1.81247
-1.81172
-1.81047
-1.81017
-1.81304
-1.81527
-1.85142
-1.85317
-1.85683
-1.85839
-1.85865
-1.85796
-1.85592
-1.85426
-1.85497
-1.8501
-1.90056
-1.90067
-1.90226
-1.90329
-1.90342
-1.90289
-1.90153
-1.89984
-1.89854
-1.89202
-1.94916
-1.9487
-1.94936
-1.94982
-1.94983
-1.94971
-1.94891
-1.94812
-1.94675
-1.94186
-0.997227
-0.993503
-0.993169
-0.992542
-0.987829
-0.989094
-1.00185
-1.00689
-0.997106
-0.995113
-1.04231
-1.0402
-1.04312
-1.04149
-1.04074
-1.04776
-1.06441
-1.06113
-1.04857
-1.05386
-1.08502
-1.0871
-1.09324
-1.09017
-1.09112
-1.10065
-1.11377
-1.11298
-1.12794
-1.15842
-1.12439
-1.1326
-1.1426
-1.13822
-1.1376
-1.14535
-1.1594
-1.18221
-1.24022
-1.33166
-1.1614
-1.1765
-1.19057
-1.18505
-1.18081
-1.18611
-1.21019
-1.26903
-1.38641
-1.55607
-1.20291
-1.22137
-1.23905
-1.23147
-1.22426
-1.23809
-1.2884
-1.41277
-1.56519
-1.66686
-1.25315
-1.26788
-1.28986
-1.29118
-1.29185
-1.32236
-1.4017
-1.51275
-1.58516
-1.58616
-1.31261
-1.31937
-1.34169
-1.35436
-1.36731
-1.40014
-1.45653
-1.50702
-1.52232
-1.51409
-1.37538
-1.37612
-1.3947
-1.4107
-1.42547
-1.44842
-1.47942
-1.50631
-1.52241
-1.52251
-1.4359
-1.43636
-1.44819
-1.46045
-1.47198
-1.48783
-1.50674
-1.52535
-1.54072
-1.5507
-1.49352
-1.49445
-1.50089
-1.50853
-1.51621
-1.52471
-1.53315
-1.54608
-1.5659
-1.58551
-1.54833
-1.54919
-1.55248
-1.55622
-1.56043
-1.56176
-1.56559
-1.57892
-1.60231
-1.62017
-1.60091
-1.60155
-1.60308
-1.60424
-1.60764
-1.60683
-1.61098
-1.62722
-1.64317
-1.6507
-1.65194
-1.65273
-1.65402
-1.65555
-1.65975
-1.65944
-1.66621
-1.67441
-1.68483
-1.68806
-1.70235
-1.70389
-1.70663
-1.70997
-1.71304
-1.71501
-1.71861
-1.72248
-1.72944
-1.73166
-1.75276
-1.75465
-1.75865
-1.76275
-1.76455
-1.76755
-1.76768
-1.76822
-1.77335
-1.77465
-1.80282
-1.80403
-1.80735
-1.81074
-1.81256
-1.81442
-1.81412
-1.81296
-1.8152
-1.81456
-1.85214
-1.85234
-1.8543
-1.8565
-1.85814
-1.85908
-1.85881
-1.85756
-1.85712
-1.85404
-1.90084
-1.90049
-1.9015
-1.90266
-1.90362
-1.90406
-1.90398
-1.90287
-1.90157
-1.89725
-1.94934
-1.94894
-1.94939
-1.94981
-1.95024
-1.95054
-1.9508
-1.95085
-1.95101
-1.94828
-0.997498
-1.00127
-1.00138
-1.00362
-0.999301
-1.01701
-1.06322
-1.08907
-1.05684
-1.03092
-1.04163
-1.04706
-1.04986
-1.05329
-1.05599
-1.08545
-1.13085
-1.13496
-1.10454
-1.08841
-1.08332
-1.09174
-1.09586
-1.1008
-1.11015
-1.14441
-1.18037
-1.17623
-1.16719
-1.174
-1.1226
-1.13362
-1.13836
-1.14477
-1.15793
-1.19113
-1.22248
-1.23323
-1.25816
-1.31243
-1.16133
-1.17241
-1.17678
-1.18374
-1.19692
-1.22424
-1.26108
-1.30692
-1.39114
-1.50436
-1.20523
-1.2112
-1.21455
-1.21877
-1.23129
-1.26683
-1.33023
-1.44077
-1.57093
-1.64361
-1.25838
-1.25794
-1.26545
-1.27365
-1.29801
-1.36025
-1.47568
-1.5912
-1.64084
-1.6191
-1.31953
-1.31763
-1.33084
-1.34816
-1.38405
-1.45324
-1.53507
-1.58035
-1.58009
-1.54775
-1.38157
-1.38288
-1.39558
-1.41185
-1.4388
-1.4791
-1.51792
-1.5393
-1.54428
-1.53644
-1.44109
-1.44374
-1.45263
-1.46395
-1.47888
-1.49854
-1.51878
-1.53436
-1.54523
-1.54955
-1.49735
-1.49951
-1.50526
-1.51244
-1.52112
-1.53077
-1.53947
-1.55095
-1.56538
-1.57677
-1.55115
-1.55264
-1.55652
-1.56092
-1.56552
-1.56869
-1.57257
-1.58461
-1.60222
-1.61351
-1.60312
-1.60411
-1.60687
-1.60964
-1.61282
-1.61347
-1.6178
-1.63175
-1.64615
-1.65062
-1.65395
-1.65479
-1.65694
-1.65951
-1.66362
-1.66441
-1.66995
-1.68037
-1.68981
-1.69155
-1.7042
-1.70511
-1.70732
-1.71043
-1.71464
-1.71705
-1.72265
-1.72774
-1.73468
-1.73553
-1.75418
-1.75501
-1.75734
-1.76053
-1.76361
-1.76781
-1.77106
-1.77458
-1.77865
-1.77805
-1.80371
-1.8042
-1.8062
-1.80883
-1.81098
-1.81465
-1.81715
-1.81929
-1.82106
-1.81915
-1.85271
-1.85285
-1.85414
-1.85586
-1.85724
-1.85951
-1.86205
-1.86385
-1.86356
-1.86121
-1.90133
-1.90126
-1.90188
-1.90275
-1.9036
-1.90542
-1.90728
-1.90934
-1.90922
-1.90919
-1.9498
-1.94966
-1.94983
-1.95004
-1.95097
-1.95207
-1.95352
-1.95533
-1.95706
-1.9607
-0.996372
-1.0032
-1.0084
-1.01217
-1.00509
-1.02386
-1.08948
-1.11842
-1.07156
-1.04009
-1.03978
-1.04717
-1.0543
-1.05955
-1.06372
-1.09705
-1.15304
-1.15356
-1.11022
-1.09233
-1.08117
-1.08881
-1.09774
-1.1061
-1.12269
-1.16538
-1.20263
-1.19293
-1.16933
-1.16424
-1.12116
-1.12658
-1.13753
-1.15061
-1.17667
-1.22234
-1.25189
-1.24695
-1.24875
-1.2731
-1.1623
-1.16226
-1.17467
-1.19121
-1.22045
-1.25957
-1.2901
-1.3135
-1.35489
-1.416
-1.20845
-1.20188
-1.2105
-1.2246
-1.24966
-1.29774
-1.35098
-1.41868
-1.50035
-1.54892
-1.2631
-1.25632
-1.26531
-1.28123
-1.3176
-1.40174
-1.50098
-1.57299
-1.60553
-1.58431
-1.32477
-1.32397
-1.33739
-1.36331
-1.42072
-1.51195
-1.58509
-1.60908
-1.59685
-1.55338
-1.38691
-1.39038
-1.40369
-1.42702
-1.46917
-1.52129
-1.55491
-1.57156
-1.56446
-1.54249
-1.44558
-1.44955
-1.45952
-1.47348
-1.49505
-1.52152
-1.54344
-1.55759
-1.56064
-1.55381
-1.50089
-1.50388
-1.51037
-1.51796
-1.52886
-1.54218
-1.55451
-1.56602
-1.57593
-1.57966
-1.55408
-1.55634
-1.56046
-1.56492
-1.57046
-1.57542
-1.58193
-1.59396
-1.60927
-1.61894
-1.60571
-1.60724
-1.61021
-1.61316
-1.61607
-1.61881
-1.62527
-1.63818
-1.65435
-1.66238
-1.65617
-1.65727
-1.65963
-1.66226
-1.66587
-1.67022
-1.67641
-1.68827
-1.70224
-1.70597
-1.70601
-1.70692
-1.7091
-1.71217
-1.71645
-1.72238
-1.72745
-1.73873
-1.74754
-1.75032
-1.75553
-1.7563
-1.75843
-1.76145
-1.76521
-1.77131
-1.777
-1.78468
-1.79116
-1.79314
-1.80471
-1.80518
-1.80693
-1.80947
-1.81229
-1.81688
-1.82211
-1.82769
-1.83279
-1.83408
-1.85349
-1.85364
-1.85481
-1.8567
-1.85878
-1.862
-1.86536
-1.86947
-1.8732
-1.87386
-1.90199
-1.90191
-1.90257
-1.90376
-1.90519
-1.90713
-1.90914
-1.91183
-1.91423
-1.9165
-1.95035
-1.95018
-1.95045
-1.95109
-1.95197
-1.953
-1.95397
-1.95575
-1.95791
-1.96447
-0.991989
-0.997899
-1.0167
-1.01789
-1.00979
-1.02526
-1.0687
-1.09892
-1.08053
-1.04616
-1.03444
-1.03952
-1.05993
-1.06371
-1.0642
-1.08911
-1.12471
-1.12888
-1.10363
-1.08687
-1.07663
-1.08006
-1.10362
-1.10771
-1.12133
-1.15615
-1.18341
-1.17343
-1.15315
-1.14394
-1.11906
-1.12033
-1.14428
-1.15511
-1.17687
-1.22473
-1.24766
-1.23102
-1.22337
-1.22928
-1.16324
-1.16257
-1.18432
-1.20068
-1.23138
-1.27141
-1.28911
-1.29325
-1.31211
-1.34315
-1.21122
-1.20945
-1.22344
-1.23508
-1.26246
-1.3079
-1.34478
-1.38311
-1.43538
-1.4677
-1.26659
-1.26606
-1.27629
-1.29588
-1.3374
-1.41727
-1.47516
-1.52079
-1.54864
-1.53191
-1.32827
-1.33188
-1.34717
-1.37957
-1.45209
-1.5445
-1.576
-1.58373
-1.57813
-1.53972
-1.39052
-1.3958
-1.41234
-1.44197
-1.49808
-1.55213
-1.57966
-1.58541
-1.57383
-1.54245
-1.44982
-1.45354
-1.46678
-1.48549
-1.51512
-1.54737
-1.5701
-1.58159
-1.57782
-1.55775
-1.50496
-1.50786
-1.5154
-1.52718
-1.54214
-1.55966
-1.5761
-1.58868
-1.59236
-1.58405
-1.55731
-1.56023
-1.56404
-1.57123
-1.57926
-1.58804
-1.59923
-1.61242
-1.62254
-1.62156
-1.60833
-1.611
-1.6136
-1.61793
-1.62259
-1.62756
-1.63721
-1.65208
-1.66368
-1.66603
-1.65824
-1.65976
-1.66267
-1.66614
-1.66979
-1.67499
-1.68473
-1.69868
-1.71007
-1.71195
-1.70761
-1.70861
-1.71077
-1.71402
-1.71825
-1.72463
-1.73416
-1.74529
-1.75499
-1.7547
-1.75675
-1.75745
-1.75924
-1.76206
-1.76601
-1.77241
-1.78097
-1.78988
-1.79631
-1.79513
-1.80572
-1.80612
-1.80764
-1.80991
-1.81309
-1.81812
-1.82456
-1.83118
-1.83483
-1.83325
-1.85442
-1.85457
-1.85571
-1.85747
-1.85971
-1.86306
-1.86706
-1.87103
-1.87304
-1.87284
-1.90286
-1.90282
-1.90351
-1.90469
-1.9062
-1.90814
-1.91032
-1.91243
-1.9139
-1.91582
-1.9511
-1.95094
-1.95121
-1.95184
-1.95276
-1.95387
-1.95502
-1.95616
-1.95776
-1.96194
-0.983498
-0.991763
-1.00844
-1.01992
-1.01355
-1.02189
-1.044
-1.07003
-1.07209
-1.05949
-1.02652
-1.03326
-1.05438
-1.06167
-1.05984
-1.07069
-1.08787
-1.09616
-1.09471
-1.08301
-1.071
-1.07619
-1.09721
-1.10461
-1.10953
-1.12708
-1.14517
-1.1431
-1.13935
-1.12953
-1.11703
-1.12082
-1.14243
-1.15037
-1.16883
-1.20229
-1.22095
-1.20364
-1.19834
-1.19144
-1.16441
-1.16703
-1.18957
-1.19924
-1.22983
-1.26523
-1.27018
-1.25852
-1.26248
-1.27656
-1.21472
-1.21659
-1.22842
-1.23817
-1.26365
-1.30116
-1.32873
-1.3506
-1.38202
-1.40333
-1.2707
-1.27214
-1.28126
-1.30419
-1.34574
-1.4024
-1.4474
-1.48123
-1.50644
-1.49378
-1.33241
-1.33629
-1.34989
-1.38816
-1.46757
-1.53832
-1.55512
-1.55967
-1.55757
-1.5255
-1.39465
-1.40112
-1.41692
-1.45221
-1.52011
-1.57301
-1.58402
-1.58557
-1.57505
-1.54089
-1.45345
-1.45983
-1.47295
-1.49547
-1.53397
-1.56924
-1.58888
-1.59798
-1.58944
-1.55981
-1.50818
-1.51298
-1.5218
-1.53488
-1.55551
-1.5782
-1.59882
-1.61178
-1.60756
-1.58432
-1.56011
-1.56335
-1.56911
-1.57732
-1.58919
-1.60398
-1.62212
-1.63549
-1.63494
-1.61841
-1.61046
-1.61253
-1.61623
-1.6219
-1.62949
-1.6405
-1.65628
-1.66879
-1.67025
-1.65895
-1.65995
-1.66145
-1.66399
-1.66776
-1.67346
-1.68309
-1.69655
-1.70753
-1.70994
-1.70157
-1.70909
-1.71024
-1.71225
-1.71501
-1.71992
-1.72872
-1.73977
-1.74872
-1.7503
-1.74365
-1.75811
-1.75902
-1.76089
-1.76331
-1.7676
-1.77502
-1.78348
-1.78956
-1.78996
-1.78465
-1.80699
-1.80767
-1.80943
-1.81175
-1.81527
-1.82081
-1.82628
-1.82967
-1.82933
-1.82601
-1.85564
-1.85604
-1.85751
-1.85951
-1.86218
-1.86589
-1.86893
-1.87052
-1.87029
-1.86894
-1.90399
-1.90407
-1.90503
-1.90644
-1.90824
-1.91046
-1.91215
-1.91294
-1.91321
-1.91338
-1.95208
-1.95189
-1.95226
-1.95299
-1.95409
-1.9554
-1.95647
-1.95685
-1.95751
-1.95912
-0.973342
-0.980066
-1.00193
-1.01858
-1.02613
-1.03607
-1.05693
-1.07765
-1.08557
-1.07786
-1.01833
-1.02374
-1.0399
-1.0513
-1.05739
-1.06639
-1.07954
-1.09189
-1.09763
-1.08473
-1.06488
-1.06902
-1.08068
-1.08876
-1.09245
-1.10342
-1.11809
-1.1224
-1.1308
-1.12171
-1.11356
-1.11807
-1.12942
-1.13749
-1.14807
-1.16753
-1.18085
-1.17562
-1.18018
-1.16332
-1.16388
-1.16842
-1.18093
-1.19181
-1.21722
-1.24108
-1.23575
-1.22179
-1.21618
-1.21939
-1.21591
-1.21871
-1.22478
-1.23405
-1.25681
-1.28348
-1.29952
-1.31148
-1.32873
-1.34609
-1.2722
-1.27394
-1.28145
-1.30326
-1.34121
-1.37714
-1.41626
-1.44677
-1.46784
-1.46084
-1.3335
-1.33725
-1.34911
-1.39017
-1.46453
-1.51484
-1.52719
-1.53894
-1.53929
-1.50913
-1.39587
-1.40216
-1.41707
-1.45714
-1.52952
-1.57509
-1.57966
-1.58436
-1.57245
-1.53551
-1.45527
-1.46163
-1.47479
-1.50242
-1.54881
-1.58474
-1.60348
-1.61164
-1.59753
-1.5584
-1.51042
-1.51525
-1.52413
-1.54022
-1.56692
-1.59512
-1.62203
-1.63555
-1.62193
-1.58178
-1.56235
-1.5657
-1.57115
-1.58118
-1.59781
-1.62061
-1.64849
-1.66213
-1.64865
-1.61096
-1.61247
-1.61492
-1.61809
-1.62503
-1.63711
-1.65798
-1.68477
-1.69365
-1.67921
-1.64626
-1.66163
-1.66364
-1.66542
-1.67023
-1.68038
-1.70015
-1.72174
-1.72701
-1.71321
-1.68603
-1.71042
-1.71218
-1.71349
-1.71689
-1.72579
-1.74306
-1.75934
-1.76229
-1.75044
-1.72885
-1.75917
-1.76075
-1.76231
-1.76497
-1.77226
-1.78543
-1.79699
-1.79897
-1.7897
-1.77386
-1.80791
-1.80932
-1.81126
-1.81362
-1.81907
-1.82788
-1.83533
-1.8365
-1.8301
-1.82003
-1.85655
-1.85765
-1.85957
-1.86168
-1.86548
-1.87078
-1.87507
-1.87531
-1.8716
-1.86624
-1.90491
-1.90556
-1.90688
-1.90843
-1.91091
-1.91391
-1.91602
-1.91618
-1.91444
-1.9121
-1.953
-1.95313
-1.95357
-1.9545
-1.95602
-1.95777
-1.95878
-1.95896
-1.95845
-1.95786
-0.964508
-0.968919
-0.995219
-1.03359
-1.05634
-1.06846
-1.09008
-1.10911
-1.11006
-1.08608
-1.01261
-1.01577
-1.03437
-1.05757
-1.07097
-1.08098
-1.09205
-1.09976
-1.09581
-1.07775
-1.06008
-1.061
-1.06918
-1.0775
-1.08124
-1.09477
-1.1067
-1.11305
-1.11398
-1.10058
-1.10995
-1.11111
-1.11564
-1.11895
-1.11833
-1.1371
-1.14792
-1.15353
-1.15015
-1.1288
-1.1621
-1.16444
-1.17053
-1.17911
-1.19385
-1.20164
-1.1946
-1.18796
-1.17853
-1.16505
-1.21529
-1.21722
-1.21947
-1.22933
-1.24254
-1.25158
-1.26052
-1.26921
-1.27518
-1.27402
-1.27182
-1.27339
-1.27967
-1.29826
-1.32584
-1.3473
-1.38078
-1.40767
-1.42391
-1.42206
-1.33304
-1.33673
-1.34803
-1.3862
-1.44647
-1.47952
-1.50039
-1.51373
-1.51573
-1.49718
-1.39597
-1.40206
-1.41637
-1.45674
-1.52214
-1.56208
-1.56868
-1.57418
-1.56223
-1.52795
-1.45593
-1.4622
-1.47517
-1.50548
-1.55376
-1.58867
-1.60962
-1.61739
-1.59861
-1.55113
-1.51149
-1.51631
-1.52494
-1.54304
-1.57265
-1.60547
-1.63962
-1.65276
-1.62995
-1.57389
-1.56356
-1.56685
-1.57178
-1.58266
-1.60172
-1.6331
-1.67231
-1.68453
-1.65933
-1.60164
-1.61372
-1.61619
-1.61867
-1.62629
-1.64141
-1.67338
-1.71024
-1.71624
-1.68915
-1.63601
-1.66291
-1.6652
-1.66599
-1.67205
-1.68716
-1.71884
-1.74842
-1.74931
-1.72181
-1.67588
-1.71182
-1.71407
-1.71425
-1.71951
-1.73504
-1.76381
-1.78561
-1.78432
-1.75892
-1.71991
-1.76053
-1.76283
-1.76373
-1.76845
-1.78244
-1.80578
-1.8226
-1.82016
-1.79842
-1.76757
-1.80892
-1.81135
-1.81349
-1.8177
-1.82861
-1.84554
-1.85722
-1.85401
-1.83788
-1.81699
-1.85723
-1.85925
-1.86213
-1.86562
-1.87289
-1.88327
-1.88974
-1.88715
-1.87728
-1.86556
-1.90541
-1.90671
-1.90909
-1.91126
-1.9154
-1.92121
-1.92492
-1.92329
-1.91806
-1.91214
-1.95357
-1.95419
-1.9554
-1.95612
-1.95766
-1.96116
-1.96396
-1.96299
-1.96053
-1.95765
-0.960895
-0.969512
-1.00119
-1.05742
-1.0862
-1.10032
-1.11845
-1.12655
-1.11461
-1.07702
-1.01169
-1.02063
-1.04505
-1.08063
-1.08599
-1.09064
-1.10036
-1.09685
-1.0842
-1.06057
-1.05925
-1.06276
-1.0749
-1.08049
-1.08305
-1.09471
-1.09978
-1.09888
-1.09132
-1.07597
-1.10819
-1.10959
-1.11154
-1.10728
-1.10677
-1.12154
-1.12913
-1.13179
-1.12154
-1.10501
-1.16042
-1.16283
-1.16578
-1.16745
-1.16616
-1.16621
-1.16155
-1.15801
-1.15293
-1.14072
-1.21383
-1.21603
-1.21855
-1.22297
-1.22168
-1.21664
-1.22088
-1.22643
-1.22633
-1.2148
-1.2704
-1.27221
-1.27705
-1.29093
-1.30639
-1.31431
-1.33903
-1.36234
-1.36109
-1.33921
-1.33135
-1.33526
-1.34549
-1.37714
-1.42202
-1.44766
-1.47029
-1.47951
-1.47435
-1.44586
-1.39421
-1.40039
-1.41364
-1.44987
-1.50205
-1.53898
-1.54919
-1.55279
-1.53978
-1.5033
-1.45445
-1.46102
-1.47325
-1.50045
-1.54495
-1.58097
-1.60138
-1.60518
-1.58378
-1.53404
-1.51044
-1.51563
-1.52327
-1.54043
-1.56927
-1.60509
-1.64058
-1.64794
-1.62063
-1.56213
-1.56291
-1.56638
-1.57083
-1.58058
-1.59936
-1.63662
-1.6803
-1.68587
-1.65495
-1.59858
-1.61344
-1.61585
-1.61861
-1.6247
-1.6406
-1.67998
-1.72451
-1.72343
-1.68979
-1.64161
-1.66305
-1.66496
-1.66625
-1.67192
-1.68888
-1.7308
-1.76592
-1.76173
-1.72682
-1.68214
-1.71239
-1.71415
-1.71479
-1.72096
-1.74027
-1.77835
-1.80635
-1.80275
-1.76996
-1.72363
-1.76201
-1.76368
-1.76467
-1.77193
-1.79163
-1.82371
-1.84694
-1.84358
-1.81263
-1.77159
-1.81062
-1.81327
-1.81538
-1.82288
-1.84139
-1.86684
-1.88355
-1.87682
-1.85182
-1.82182
-1.85858
-1.86142
-1.86471
-1.87094
-1.88527
-1.90299
-1.91189
-1.90492
-1.88779
-1.86937
-1.90635
-1.9074
-1.91124
-1.91507
-1.92327
-1.93361
-1.93849
-1.93416
-1.92424
-1.91392
-1.95431
-1.95524
-1.95689
-1.95871
-1.96242
-1.9683
-1.97079
-1.96869
-1.96379
-1.95809
-0.957979
-0.966132
-0.999887
-1.05291
-1.08515
-1.10242
-1.10955
-1.10352
-1.08669
-1.05207
-1.011
-1.02349
-1.04628
-1.07424
-1.07708
-1.08202
-1.08243
-1.0727
-1.06236
-1.04334
-1.05849
-1.06775
-1.08062
-1.08507
-1.08106
-1.08679
-1.08448
-1.07846
-1.07339
-1.06263
-1.10626
-1.11185
-1.11599
-1.10891
-1.10803
-1.11454
-1.11615
-1.11389
-1.10535
-1.09547
-1.15798
-1.16232
-1.16553
-1.16144
-1.15647
-1.15161
-1.14623
-1.14187
-1.14111
-1.13579
-1.21178
-1.21505
-1.21803
-1.21804
-1.20841
-1.2002
-1.20208
-1.2038
-1.20509
-1.20313
-1.26833
-1.27103
-1.27496
-1.28486
-1.29398
-1.29686
-1.30293
-1.31877
-1.31494
-1.29894
-1.32927
-1.33353
-1.34189
-1.36582
-1.40003
-1.42075
-1.4352
-1.43503
-1.42177
-1.39812
-1.39205
-1.39765
-1.40816
-1.43611
-1.47623
-1.50955
-1.52046
-1.51706
-1.50275
-1.47484
-1.45262
-1.45791
-1.46722
-1.48918
-1.52656
-1.56482
-1.58163
-1.58024
-1.56353
-1.53545
-1.50895
-1.51303
-1.51961
-1.53306
-1.5596
-1.5976
-1.62816
-1.6311
-1.61101
-1.58757
-1.56175
-1.56478
-1.56906
-1.57661
-1.59409
-1.63359
-1.67331
-1.67721
-1.65363
-1.63292
-1.61276
-1.61514
-1.61811
-1.62293
-1.63828
-1.67982
-1.72032
-1.72095
-1.69442
-1.67356
-1.66304
-1.66513
-1.66704
-1.6717
-1.68942
-1.73071
-1.76614
-1.76403
-1.73585
-1.7099
-1.71317
-1.71465
-1.71646
-1.72278
-1.74259
-1.78076
-1.81267
-1.81239
-1.78147
-1.74789
-1.76289
-1.76419
-1.76691
-1.77609
-1.79723
-1.83204
-1.86077
-1.85943
-1.82729
-1.79022
-1.81222
-1.81391
-1.81758
-1.82961
-1.85215
-1.88276
-1.90323
-1.89585
-1.86651
-1.83439
-1.86055
-1.86267
-1.86702
-1.87909
-1.9003
-1.92266
-1.93347
-1.92304
-1.89875
-1.87567
-1.90846
-1.91076
-1.91369
-1.92217
-1.93587
-1.94996
-1.95463
-1.9463
-1.9309
-1.91613
-1.95613
-1.9579
-1.96029
-1.96363
-1.97012
-1.97688
-1.97876
-1.97527
-1.96735
-1.95837
-0.953959
-0.950865
-0.978526
-1.01803
-1.04577
-1.0556
-1.04629
-1.0343
-1.03157
-1.02032
-1.00785
-1.01719
-1.02793
-1.03943
-1.04708
-1.05078
-1.04304
-1.03875
-1.04023
-1.03295
-1.05842
-1.06897
-1.07504
-1.07471
-1.07003
-1.07288
-1.06876
-1.06756
-1.06838
-1.06347
-1.10669
-1.11387
-1.11902
-1.11447
-1.1101
-1.11157
-1.11102
-1.11052
-1.10908
-1.10493
-1.15764
-1.16265
-1.16629
-1.16372
-1.15988
-1.15686
-1.15273
-1.14943
-1.14941
-1.1506
-1.21148
-1.21532
-1.21851
-1.2178
-1.21106
-1.20438
-1.20278
-1.20481
-1.20884
-1.21436
-1.26859
-1.27175
-1.27495
-1.27973
-1.28625
-1.29078
-1.29349
-1.29374
-1.29536
-1.29389
-1.32923
-1.333
-1.33884
-1.35224
-1.37781
-1.40324
-1.41162
-1.40666
-1.39173
-1.37923
-1.39093
-1.39536
-1.40277
-1.41973
-1.45142
-1.47994
-1.49442
-1.4847
-1.4685
-1.45837
-1.45084
-1.45503
-1.46161
-1.47536
-1.50287
-1.5317
-1.55439
-1.54707
-1.53035
-1.52385
-1.50759
-1.51104
-1.5161
-1.52508
-1.54537
-1.57816
-1.6034
-1.59934
-1.58196
-1.57773
-1.56154
-1.56421
-1.56802
-1.5734
-1.58711
-1.61838
-1.64968
-1.65189
-1.63299
-1.62419
-1.61367
-1.61583
-1.61894
-1.62269
-1.63367
-1.66581
-1.70195
-1.70551
-1.68254
-1.66687
-1.66471
-1.66663
-1.66956
-1.67365
-1.68636
-1.7196
-1.75446
-1.75697
-1.73084
-1.70963
-1.71521
-1.71719
-1.72057
-1.72667
-1.74212
-1.77343
-1.80563
-1.80968
-1.78198
-1.75476
-1.7654
-1.76813
-1.77262
-1.78193
-1.79957
-1.82895
-1.85966
-1.86362
-1.83443
-1.80134
-1.8148
-1.81906
-1.82486
-1.83762
-1.85849
-1.88598
-1.91028
-1.90926
-1.87937
-1.84629
-1.86297
-1.86821
-1.87494
-1.88911
-1.91052
-1.93208
-1.94582
-1.93923
-1.91383
-1.88518
-1.91051
-1.91457
-1.92105
-1.93227
-1.94797
-1.96275
-1.96705
-1.95861
-1.94126
-1.92142
-1.95802
-1.96037
-1.96486
-1.97117
-1.97876
-1.98523
-1.98692
-1.98217
-1.97149
-1.95919
-0.951685
-0.945787
-0.959027
-0.978762
-0.999753
-1.00562
-0.996386
-0.99094
-0.996395
-0.99963
-1.00652
-1.01021
-1.0119
-1.01585
-1.02234
-1.02628
-1.02251
-1.02352
-1.02878
-1.02928
-1.05919
-1.06561
-1.067
-1.06785
-1.06555
-1.06615
-1.0638
-1.06552
-1.06963
-1.06857
-1.1094
-1.11408
-1.11765
-1.11741
-1.11292
-1.11137
-1.11249
-1.11511
-1.11682
-1.11605
-1.16101
-1.16406
-1.1668
-1.1663
-1.16352
-1.16497
-1.16608
-1.16578
-1.16603
-1.1676
-1.2149
-1.2173
-1.21963
-1.21995
-1.21749
-1.21478
-1.21515
-1.21799
-1.22197
-1.22581
-1.27152
-1.27399
-1.27647
-1.27895
-1.28324
-1.29175
-1.29962
-1.30287
-1.30301
-1.30359
-1.33092
-1.33424
-1.33858
-1.34572
-1.35905
-1.3767
-1.38649
-1.38135
-1.38044
-1.37955
-1.39153
-1.39545
-1.40088
-1.40937
-1.42323
-1.43959
-1.445
-1.44352
-1.44295
-1.44478
-1.45095
-1.45486
-1.45982
-1.46649
-1.47856
-1.49701
-1.51354
-1.51681
-1.50522
-1.50779
-1.50801
-1.5115
-1.51565
-1.52035
-1.53055
-1.54932
-1.5731
-1.57381
-1.56223
-1.5641
-1.56268
-1.56566
-1.56919
-1.57252
-1.57905
-1.59838
-1.62004
-1.62316
-1.61339
-1.61031
-1.61544
-1.61808
-1.62124
-1.62378
-1.6283
-1.64567
-1.67046
-1.6777
-1.66144
-1.64942
-1.66694
-1.66955
-1.67283
-1.67583
-1.68104
-1.69941
-1.72561
-1.7321
-1.70882
-1.68726
-1.71749
-1.72069
-1.72481
-1.72973
-1.73662
-1.75389
-1.77891
-1.78671
-1.76218
-1.73202
-1.76731
-1.77164
-1.77739
-1.78536
-1.7939
-1.80919
-1.83423
-1.84706
-1.8263
-1.78938
-1.81658
-1.82162
-1.82955
-1.8409
-1.85303
-1.86707
-1.88853
-1.90244
-1.88945
-1.85365
-1.86515
-1.86979
-1.87878
-1.89197
-1.90767
-1.92093
-1.93228
-1.93595
-1.92676
-1.90509
-1.91292
-1.916
-1.92367
-1.9349
-1.94864
-1.96023
-1.96343
-1.95776
-1.94662
-1.93276
-1.96
-1.9614
-1.96615
-1.97274
-1.98027
-1.98629
-1.98825
-1.98391
-1.97335
-1.96146
-0.954339
-0.952247
-0.958611
-0.971955
-0.986415
-0.99153
-0.984749
-0.979236
-0.979972
-0.981779
-1.00786
-1.00949
-1.01122
-1.01589
-1.02263
-1.02535
-1.02188
-1.02061
-1.02353
-1.02558
-1.06043
-1.06368
-1.06608
-1.06774
-1.06767
-1.06641
-1.0652
-1.06717
-1.07006
-1.07167
-1.11192
-1.11433
-1.11665
-1.11802
-1.11617
-1.11481
-1.11499
-1.11706
-1.11904
-1.12056
-1.16401
-1.16567
-1.16678
-1.1671
-1.16619
-1.16556
-1.16604
-1.16774
-1.16947
-1.17154
-1.21797
-1.21931
-1.22001
-1.2199
-1.21843
-1.21657
-1.21553
-1.21622
-1.21868
-1.22279
-1.27442
-1.27589
-1.27692
-1.27783
-1.27921
-1.282
-1.28527
-1.28705
-1.28812
-1.29023
-1.33323
-1.33548
-1.33789
-1.3415
-1.34775
-1.35691
-1.36563
-1.36852
-1.36701
-1.36596
-1.39303
-1.39596
-1.39955
-1.4047
-1.4127
-1.42379
-1.4357
-1.44061
-1.43889
-1.4381
-1.45189
-1.455
-1.45893
-1.46386
-1.47122
-1.48224
-1.49592
-1.50278
-1.50277
-1.50419
-1.50876
-1.51165
-1.51546
-1.51961
-1.52569
-1.53574
-1.54681
-1.54883
-1.55091
-1.55714
-1.5635
-1.56605
-1.56958
-1.57299
-1.5774
-1.58521
-1.59018
-1.58721
-1.58384
-1.59194
-1.61645
-1.61878
-1.62207
-1.62514
-1.62835
-1.63439
-1.64109
-1.63637
-1.62497
-1.61941
-1.66812
-1.67055
-1.67407
-1.67744
-1.68031
-1.68665
-1.69554
-1.69404
-1.68037
-1.66426
-1.71884
-1.72175
-1.72613
-1.73067
-1.73379
-1.74068
-1.75201
-1.75521
-1.74133
-1.71926
-1.76879
-1.77226
-1.77784
-1.78432
-1.78846
-1.79497
-1.80674
-1.81434
-1.80483
-1.78083
-1.81797
-1.82163
-1.82816
-1.83689
-1.84376
-1.84988
-1.85846
-1.86583
-1.86168
-1.84489
-1.86625
-1.86948
-1.87609
-1.88585
-1.89541
-1.90196
-1.90546
-1.90446
-1.89918
-1.88827
-1.9136
-1.91587
-1.92138
-1.92971
-1.93894
-1.94567
-1.94573
-1.93984
-1.9302
-1.91893
-1.96039
-1.96159
-1.96534
-1.97073
-1.97634
-1.97983
-1.98054
-1.97574
-1.96639
-1.955
)
;

boundaryField
{
    lowerSideWalls
    {
        type            calculated;
        value           nonuniform List<scalar> 
800
(
352.206
301.804
249.722
195.836
141.355
83.4588
26.2978
4.14734
0.707704
-0.134263
-0.29874
-0.342877
-0.413954
-0.494209
-0.561643
-0.619829
-0.676584
-0.736698
-0.79908
-0.860492
352.61
302.139
249.945
196.209
142.114
85.2835
28.6891
3.74958
0.130073
-0.368356
-0.356411
-0.349679
-0.410275
-0.488609
-0.555917
-0.616008
-0.677681
-0.742687
-0.807281
-0.866542
353.54
303.21
251.228
197.75
143.244
85.5006
27.5771
2.7751
-0.11497
-0.388138
-0.388994
-0.385962
-0.429586
-0.492645
-0.555234
-0.618513
-0.686373
-0.753989
-0.819843
-0.878548
354.937
304.803
253.297
200.347
145.871
88.284
28.4308
2.14672
-0.231331
-0.377522
-0.398855
-0.411103
-0.450439
-0.506892
-0.570478
-0.63885
-0.708149
-0.773937
-0.831001
-0.88224
356.614
306.645
255.603
203.257
149.316
92.3171
32.036
2.15176
-0.264168
-0.354916
-0.395633
-0.427719
-0.473815
-0.53092
-0.592473
-0.653663
-0.711323
-0.762374
-0.815588
-0.872303
358.455
308.627
257.935
206.084
152.657
96.7586
35.9905
3.43372
-0.257279
-0.336889
-0.382896
-0.429159
-0.482855
-0.537461
-0.59166
-0.643203
-0.696764
-0.755509
-0.816392
-0.876266
360.349
310.654
260.264
208.882
156.094
101.303
42.1629
5.5387
-0.239833
-0.309966
-0.364474
-0.414961
-0.469105
-0.523072
-0.57811
-0.636706
-0.699678
-0.766333
-0.830322
-0.891731
362.188
312.629
262.495
211.618
159.394
105.905
49.215
8.45507
-0.126781
-0.289987
-0.348496
-0.400797
-0.458896
-0.520534
-0.58379
-0.648639
-0.715357
-0.779954
-0.840022
-0.903138
363.839
314.395
264.482
214.146
162.53
109.829
55.5322
13.6078
0.972172
-0.32084
-0.36866
-0.417323
-0.474807
-0.536939
-0.598515
-0.66437
-0.730627
-0.7897
-0.846022
-0.912287
365.207
315.857
266.243
216.117
165.182
113.221
60.0613
16.9186
1.53597
-0.333706
-0.377433
-0.432293
-0.492553
-0.551165
-0.6135
-0.682425
-0.745797
-0.799797
-0.856439
-0.919216
348.048
297.608
245.702
192.654
139.27
87.201
40.4516
9.24653
0.614836
0.00425852
-0.274983
-0.412644
-0.490498
-0.559564
-0.630234
-0.694908
-0.748478
-0.797197
-0.84868
-0.902147
348.686
298.183
246.134
192.886
138.991
86.1946
37.4131
6.51445
0.358815
-0.116634
-0.323084
-0.439144
-0.520692
-0.583227
-0.645731
-0.709232
-0.763392
-0.808337
-0.850184
-0.897567
350.055
299.65
247.655
194.366
139.879
84.7662
30.8097
3.94912
0.228801
-0.180058
-0.341975
-0.440652
-0.52283
-0.597093
-0.666017
-0.729842
-0.78907
-0.835614
-0.87434
-0.913337
352.089
301.89
250.294
197.299
142.755
86.6723
29.0292
2.78923
0.160433
-0.20669
-0.349801
-0.450157
-0.541432
-0.620603
-0.690763
-0.756376
-0.816788
-0.867127
-0.905727
-0.936903
354.614
304.624
253.559
201.189
147.228
91.6244
33.516
2.74267
0.0235898
-0.236308
-0.366819
-0.463542
-0.557
-0.642957
-0.716601
-0.780478
-0.839691
-0.891219
-0.931254
-0.95935
357.423
307.651
257.089
205.535
152.796
99.0239
41.1664
5.55697
-0.0852974
-0.270698
-0.378286
-0.4687
-0.566911
-0.660774
-0.738135
-0.800099
-0.854436
-0.902825
-0.940936
-0.966768
360.322
310.774
260.692
209.944
158.283
105.993
51.6042
10.3809
-0.0849661
-0.281736
-0.385453
-0.465124
-0.566185
-0.666667
-0.748609
-0.810456
-0.859337
-0.901791
-0.934137
-0.957298
363.123
313.788
264.15
214.178
163.327
112.206
60.7145
17.453
1.15503
-0.298841
-0.395256
-0.453887
-0.546901
-0.647869
-0.736185
-0.799968
-0.847349
-0.88804
-0.920614
-0.945598
365.639
316.485
267.252
217.909
167.903
117.927
68.229
24.9317
4.64168
-0.314334
-0.398858
-0.438797
-0.516834
-0.611575
-0.704851
-0.775473
-0.827591
-0.872307
-0.91008
-0.941456
367.73
318.706
269.785
220.787
171.616
122.413
74.5201
31.1566
7.80039
-0.324888
-0.399991
-0.433851
-0.495934
-0.580753
-0.672018
-0.749656
-0.809844
-0.86159
-0.90536
-0.941763
352.206
301.804
249.722
195.836
141.355
83.4588
26.2978
4.14734
0.707704
-0.134263
-0.29874
-0.342877
-0.413954
-0.494209
-0.561643
-0.619829
-0.676584
-0.736698
-0.79908
-0.860492
352.88
302.468
250.466
197.053
143.137
86.5701
24.8041
3.34848
0.0478743
-0.490093
-0.437122
-0.381374
-0.430268
-0.504812
-0.568572
-0.62503
-0.682074
-0.741052
-0.801259
-0.861149
354.325
304.168
252.642
199.966
146.381
89.9084
28.3332
2.91661
-0.139819
-0.443898
-0.418593
-0.417571
-0.464398
-0.525439
-0.583511
-0.637647
-0.695441
-0.759556
-0.825036
-0.883624
356.334
306.525
255.773
204.13
151.444
96.8108
39.0099
4.38364
-0.297093
-0.42806
-0.409526
-0.448394
-0.493465
-0.548969
-0.603675
-0.657947
-0.721545
-0.795585
-0.868162
-0.924681
358.587
309.086
259.089
208.56
157.387
104.799
51.993
9.69932
-0.372731
-0.397368
-0.420033
-0.465288
-0.51731
-0.571975
-0.626405
-0.683543
-0.752367
-0.829253
-0.893197
-0.946117
360.836
311.591
262.185
212.596
162.765
111.975
62.0133
17.0003
-0.254767
-0.372574
-0.41383
-0.4723
-0.535136
-0.592755
-0.649473
-0.709836
-0.776874
-0.840791
-0.897732
-0.947818
362.851
313.805
264.851
215.986
167.105
118.197
70.1994
26.937
2.84931
-0.381136
-0.431864
-0.483057
-0.549065
-0.609488
-0.667729
-0.727849
-0.78694
-0.842066
-0.895488
-0.946738
364.421
315.537
266.896
218.576
170.456
122.778
75.5385
32.2924
7.16872
-0.383172
-0.4347
-0.492865
-0.557135
-0.619373
-0.679131
-0.73649
-0.790297
-0.843167
-0.896581
-0.94829
365.395
316.616
268.186
220.181
172.528
125.458
79.0396
36.5273
10.2742
-0.380871
-0.436476
-0.498814
-0.562553
-0.624504
-0.684261
-0.741116
-0.794386
-0.847914
-0.900293
-0.950045
365.65
316.911
268.583
220.7
173.263
126.52
80.6755
39.1094
12.7325
-0.365225
-0.432883
-0.502601
-0.565064
-0.624918
-0.683933
-0.741016
-0.797497
-0.851709
-0.902716
-0.950988
365.118
316.337
267.937
219.926
172.345
125.473
80.0308
39.41
13.1931
-0.339724
-0.419629
-0.501125
-0.569592
-0.629026
-0.6863
-0.743728
-0.80016
-0.853816
-0.903685
-0.951079
363.798
314.873
266.173
217.731
169.519
122.079
76.333
35.7696
10.134
-0.336109
-0.413719
-0.501946
-0.574617
-0.635896
-0.691668
-0.745735
-0.802476
-0.857338
-0.905219
-0.949095
361.818
312.657
263.433
214.132
164.619
115.527
67.6838
26.1842
4.41897
-0.362921
-0.446355
-0.521634
-0.586968
-0.639839
-0.695426
-0.749986
-0.797098
-0.843101
-0.895256
-0.940629
359.368
309.906
260.032
209.568
158.2
106.496
53.9268
11.7097
-0.117123
-0.35607
-0.448575
-0.528006
-0.593707
-0.652014
-0.70535
-0.750606
-0.79008
-0.832622
-0.88048
-0.927347
356.706
306.935
256.359
204.669
151.311
96.4182
38.6281
4.02122
-0.31636
-0.384742
-0.459056
-0.533022
-0.59828
-0.657359
-0.706485
-0.744464
-0.7781
-0.816348
-0.863559
-0.913966
354.089
304.043
252.813
199.993
144.759
86.3859
23.5058
1.22716
-0.169714
-0.382305
-0.464007
-0.535987
-0.596247
-0.652423
-0.699631
-0.734959
-0.766722
-0.804346
-0.852945
-0.906671
351.753
301.491
249.725
196.12
139.888
79.8245
16.1086
0.719894
-0.12749
-0.373127
-0.463367
-0.536231
-0.592045
-0.642573
-0.688537
-0.724093
-0.755745
-0.792853
-0.844117
-0.901511
349.879
299.452
247.342
193.501
137.503
78.5709
17.2024
1.13168
-0.0846506
-0.328297
-0.438965
-0.513968
-0.5649
-0.61143
-0.665461
-0.713422
-0.748557
-0.785609
-0.835607
-0.896246
348.622
298.103
245.92
192.397
137.862
83.3576
28.3202
2.77018
-0.0207924
-0.213985
-0.364022
-0.464425
-0.518905
-0.571264
-0.634561
-0.696515
-0.746141
-0.791297
-0.838164
-0.896251
348.048
297.608
245.702
192.654
139.27
87.201
40.4516
9.24653
0.614836
0.00425852
-0.274983
-0.412644
-0.490498
-0.559564
-0.630234
-0.694908
-0.748478
-0.797197
-0.84868
-0.902147
)
;
    }
    upperSideWalls
    {
        type            calculated;
        value           nonuniform List<scalar> 
800
(
-0.921226
-0.983452
-1.04726
-1.10882
-1.16787
-1.2261
-1.2839
-1.33917
-1.39219
-1.44418
-1.49602
-1.54779
-1.59928
-1.65045
-1.7012
-1.75143
-1.80128
-1.85078
-1.8999
-1.94874
-0.923863
-0.983125
-1.04677
-1.11093
-1.16975
-1.22762
-1.28524
-1.33975
-1.39236
-1.44498
-1.49734
-1.54884
-1.59995
-1.65111
-1.70199
-1.75213
-1.80184
-1.85118
-1.90008
-1.94877
-0.93162
-0.987741
-1.04969
-1.1134
-1.17339
-1.2316
-1.28784
-1.34062
-1.39297
-1.44542
-1.50089
-1.55136
-1.60208
-1.6532
-1.70374
-1.75358
-1.80305
-1.85223
-1.90093
-1.94924
-0.93264
-0.988626
-1.05226
-1.11696
-1.17802
-1.23627
-1.29275
-1.34483
-1.39645
-1.45022
-1.50239
-1.5524
-1.60282
-1.6541
-1.70479
-1.75478
-1.80426
-1.85331
-1.90178
-1.94986
-0.927247
-0.981689
-1.04334
-1.11334
-1.18489
-1.24638
-1.30222
-1.35319
-1.40195
-1.45493
-1.50781
-1.55611
-1.60471
-1.65552
-1.70628
-1.75595
-1.8052
-1.85403
-1.90238
-1.95049
-0.930626
-0.979543
-1.03442
-1.10634
-1.19137
-1.26137
-1.31679
-1.36319
-1.4092
-1.46425
-1.51958
-1.56568
-1.6103
-1.65712
-1.70768
-1.75712
-1.80571
-1.85439
-1.90283
-1.9511
-0.951095
-1.00417
-1.05494
-1.12046
-1.2014
-1.27839
-1.33293
-1.37455
-1.41946
-1.48039
-1.53949
-1.58451
-1.6214
-1.66142
-1.70852
-1.75833
-1.80635
-1.8547
-1.90338
-1.9518
-0.974563
-1.04791
-1.10704
-1.15975
-1.22424
-1.29192
-1.34171
-1.38214
-1.43268
-1.50471
-1.56305
-1.594
-1.62506
-1.66647
-1.71093
-1.75818
-1.80705
-1.85543
-1.9042
-1.95275
-0.987021
-1.05891
-1.12004
-1.17289
-1.23001
-1.29116
-1.33893
-1.37829
-1.4333
-1.51069
-1.57477
-1.60392
-1.62614
-1.66859
-1.71986
-1.76482
-1.8087
-1.85647
-1.90545
-1.95408
-0.985448
-1.04848
-1.10299
-1.15563
-1.21668
-1.2781
-1.3323
-1.37602
-1.43206
-1.51238
-1.57978
-1.61316
-1.63934
-1.67883
-1.72933
-1.77563
-1.81652
-1.86096
-1.90819
-1.95601
-0.954339
-1.00786
-1.06043
-1.11192
-1.16401
-1.21797
-1.27442
-1.33323
-1.39303
-1.45189
-1.50876
-1.5635
-1.61645
-1.66812
-1.71884
-1.76879
-1.81797
-1.86625
-1.9136
-1.96039
-0.952247
-1.00949
-1.06368
-1.11433
-1.16567
-1.21931
-1.27589
-1.33548
-1.39596
-1.455
-1.51165
-1.56605
-1.61878
-1.67055
-1.72175
-1.77226
-1.82163
-1.86948
-1.91587
-1.96159
-0.958611
-1.01122
-1.06608
-1.11665
-1.16678
-1.22001
-1.27692
-1.33789
-1.39955
-1.45893
-1.51546
-1.56958
-1.62207
-1.67407
-1.72613
-1.77784
-1.82816
-1.87609
-1.92138
-1.96534
-0.971955
-1.01589
-1.06774
-1.11802
-1.1671
-1.2199
-1.27783
-1.3415
-1.4047
-1.46386
-1.51961
-1.57299
-1.62514
-1.67744
-1.73067
-1.78432
-1.83689
-1.88585
-1.92971
-1.97073
-0.986415
-1.02263
-1.06767
-1.11617
-1.16619
-1.21843
-1.27921
-1.34775
-1.4127
-1.47122
-1.52569
-1.5774
-1.62835
-1.68031
-1.73379
-1.78846
-1.84376
-1.89541
-1.93894
-1.97634
-0.99153
-1.02535
-1.06641
-1.11481
-1.16556
-1.21657
-1.282
-1.35691
-1.42379
-1.48224
-1.53574
-1.58521
-1.63439
-1.68665
-1.74068
-1.79497
-1.84988
-1.90196
-1.94567
-1.97983
-0.984749
-1.02188
-1.0652
-1.11499
-1.16604
-1.21553
-1.28527
-1.36563
-1.4357
-1.49592
-1.54681
-1.59018
-1.64109
-1.69554
-1.75201
-1.80674
-1.85846
-1.90546
-1.94573
-1.98054
-0.979236
-1.02061
-1.06717
-1.11706
-1.16774
-1.21622
-1.28705
-1.36852
-1.44061
-1.50278
-1.54883
-1.58721
-1.63637
-1.69404
-1.75521
-1.81434
-1.86583
-1.90446
-1.93984
-1.97574
-0.979972
-1.02353
-1.07006
-1.11904
-1.16947
-1.21868
-1.28812
-1.36701
-1.43889
-1.50277
-1.55091
-1.58384
-1.62497
-1.68037
-1.74133
-1.80483
-1.86168
-1.89918
-1.9302
-1.96639
-0.981779
-1.02558
-1.07167
-1.12056
-1.17154
-1.22279
-1.29023
-1.36596
-1.4381
-1.50419
-1.55714
-1.59194
-1.61941
-1.66426
-1.71926
-1.78083
-1.84489
-1.88827
-1.91893
-1.955
-0.921226
-0.983452
-1.04726
-1.10882
-1.16787
-1.2261
-1.2839
-1.33917
-1.39219
-1.44418
-1.49602
-1.54779
-1.59928
-1.65045
-1.7012
-1.75143
-1.80128
-1.85078
-1.8999
-1.94874
-0.919979
-0.979059
-1.04132
-1.10565
-1.16731
-1.22703
-1.28521
-1.34031
-1.39311
-1.44421
-1.49561
-1.54769
-1.59952
-1.65072
-1.70133
-1.75146
-1.80128
-1.85078
-1.89993
-1.94878
-0.935018
-0.986274
-1.04297
-1.10515
-1.167
-1.22774
-1.28634
-1.34316
-1.3966
-1.44616
-1.49499
-1.54662
-1.59892
-1.6502
-1.70095
-1.75144
-1.8016
-1.85115
-1.90024
-1.94891
-0.96959
-1.01476
-1.06048
-1.1136
-1.17537
-1.23516
-1.28971
-1.34486
-1.40067
-1.45165
-1.49783
-1.54575
-1.59732
-1.64843
-1.69947
-1.75145
-1.80132
-1.85067
-1.89988
-1.94885
-0.994072
-1.03935
-1.07888
-1.12319
-1.1792
-1.24018
-1.29193
-1.34164
-1.39401
-1.44866
-1.49962
-1.5478
-1.59756
-1.64818
-1.69885
-1.75005
-1.80062
-1.8503
-1.89961
-1.94874
-0.997712
-1.04348
-1.08462
-1.12588
-1.17396
-1.2256
-1.27935
-1.32863
-1.38303
-1.44087
-1.49628
-1.54802
-1.59793
-1.64765
-1.69838
-1.74984
-1.80056
-1.85018
-1.89951
-1.94875
-0.995987
-1.04115
-1.08442
-1.12707
-1.16894
-1.21071
-1.25695
-1.31375
-1.37391
-1.43504
-1.49367
-1.5481
-1.59905
-1.64883
-1.69909
-1.74975
-1.8004
-1.85042
-1.89999
-1.94901
-0.996103
-1.04127
-1.08585
-1.12708
-1.16404
-1.2033
-1.25162
-1.31016
-1.37281
-1.43394
-1.49227
-1.54764
-1.6
-1.65048
-1.70048
-1.75091
-1.80147
-1.85142
-1.90056
-1.94916
-0.997227
-1.04231
-1.08502
-1.12439
-1.1614
-1.20291
-1.25315
-1.31261
-1.37538
-1.4359
-1.49352
-1.54833
-1.60091
-1.65194
-1.70235
-1.75276
-1.80282
-1.85214
-1.90084
-1.94934
-0.997498
-1.04163
-1.08332
-1.1226
-1.16133
-1.20523
-1.25838
-1.31953
-1.38157
-1.44109
-1.49735
-1.55115
-1.60312
-1.65395
-1.7042
-1.75418
-1.80371
-1.85271
-1.90133
-1.9498
-0.996372
-1.03978
-1.08117
-1.12116
-1.1623
-1.20845
-1.2631
-1.32477
-1.38691
-1.44558
-1.50089
-1.55408
-1.60571
-1.65617
-1.70601
-1.75553
-1.80471
-1.85349
-1.90199
-1.95035
-0.991989
-1.03444
-1.07663
-1.11906
-1.16324
-1.21122
-1.26659
-1.32827
-1.39052
-1.44982
-1.50496
-1.55731
-1.60833
-1.65824
-1.70761
-1.75675
-1.80572
-1.85442
-1.90286
-1.9511
-0.983498
-1.02652
-1.071
-1.11703
-1.16441
-1.21472
-1.2707
-1.33241
-1.39465
-1.45345
-1.50818
-1.56011
-1.61046
-1.65995
-1.70909
-1.75811
-1.80699
-1.85564
-1.90399
-1.95208
-0.973342
-1.01833
-1.06488
-1.11356
-1.16388
-1.21591
-1.2722
-1.3335
-1.39587
-1.45527
-1.51042
-1.56235
-1.61247
-1.66163
-1.71042
-1.75917
-1.80791
-1.85655
-1.90491
-1.953
-0.964508
-1.01261
-1.06008
-1.10995
-1.1621
-1.21529
-1.27182
-1.33304
-1.39597
-1.45593
-1.51149
-1.56356
-1.61372
-1.66291
-1.71182
-1.76053
-1.80892
-1.85723
-1.90541
-1.95357
-0.960895
-1.01169
-1.05925
-1.10819
-1.16042
-1.21383
-1.2704
-1.33135
-1.39421
-1.45445
-1.51044
-1.56291
-1.61344
-1.66305
-1.71239
-1.76201
-1.81062
-1.85858
-1.90635
-1.95431
-0.957979
-1.011
-1.05849
-1.10626
-1.15798
-1.21178
-1.26833
-1.32927
-1.39205
-1.45262
-1.50895
-1.56175
-1.61276
-1.66304
-1.71317
-1.76289
-1.81222
-1.86055
-1.90846
-1.95613
-0.953959
-1.00785
-1.05842
-1.10669
-1.15764
-1.21148
-1.26859
-1.32923
-1.39093
-1.45084
-1.50759
-1.56154
-1.61367
-1.66471
-1.71521
-1.7654
-1.8148
-1.86297
-1.91051
-1.95802
-0.951685
-1.00652
-1.05919
-1.1094
-1.16101
-1.2149
-1.27152
-1.33092
-1.39153
-1.45095
-1.50801
-1.56268
-1.61544
-1.66694
-1.71749
-1.76731
-1.81658
-1.86515
-1.91292
-1.96
-0.954339
-1.00786
-1.06043
-1.11192
-1.16401
-1.21797
-1.27442
-1.33323
-1.39303
-1.45189
-1.50876
-1.5635
-1.61645
-1.66812
-1.71884
-1.76879
-1.81797
-1.86625
-1.9136
-1.96039
)
;
    }
    lowerWall
    {
        type            calculated;
        value           nonuniform List<scalar> 
200
(
376.731
377.405
378.85
380.859
383.112
385.361
387.376
388.946
389.92
390.175
389.643
388.323
386.343
383.893
381.231
378.614
376.278
374.404
373.147
372.573
377.135
377.769
379.176
381.184
383.447
385.713
387.736
389.323
390.311
390.595
390.094
388.809
386.883
384.478
381.857
379.257
376.919
375.018
373.777
373.211
378.065
378.635
380.099
382.017
384.229
386.484
388.509
390.108
391.101
391.462
391.018
389.774
387.967
385.668
383.125
380.577
378.291
376.445
375.13
374.58
379.462
380.058
381.408
383.277
385.449
387.669
389.679
391.297
392.428
392.8
392.44
391.36
389.545
387.387
384.964
382.496
380.256
378.442
377.149
376.614
381.139
381.757
383.05
384.886
387.015
389.192
391.16
392.849
393.948
394.403
394.13
393.163
391.55
389.501
387.196
384.841
382.673
380.918
379.711
379.139
382.98
383.622
384.91
386.713
388.804
390.951
392.916
394.586
395.704
396.217
396.024
395.225
393.775
391.829
389.663
387.438
385.378
383.692
382.525
381.948
384.874
385.532
386.822
388.598
390.658
392.785
394.776
396.426
397.545
398.161
398.086
397.294
395.961
394.135
392.152
390.058
388.129
386.536
385.412
384.847
386.713
387.378
388.653
390.396
392.423
394.519
396.531
398.247
399.3
399.874
399.836
399.182
398.024
396.412
394.541
392.499
390.724
389.248
388.186
387.648
388.364
389.02
390.268
391.963
393.945
396.106
398.081
399.669
400.76
401.361
401.34
400.767
399.749
398.352
396.573
394.731
393.067
391.647
390.662
390.164
389.732
390.372
391.583
393.198
395.232
397.491
399.265
400.718
401.841
402.279
402.314
401.96
400.987
399.698
398.108
396.464
394.967
393.616
392.712
392.255
)
;
    }
    atmosphere
    {
        type            calculated;
        value           nonuniform List<scalar> 0();
    }
    procBoundary0to1
    {
        type            processor;
        value           nonuniform List<scalar> 
800
(
366.155
316.864
267.314
217.376
166.803
115.543
63.1305
18.264
1.37326
-0.305853
-0.382512
-0.439876
-0.500576
-0.562125
-0.630873
-0.698946
-0.757014
-0.812661
-0.8687
-0.927771
366.79
317.579
268.198
218.694
168.586
118.401
67.1342
21.8923
0.79072
-0.354949
-0.41582
-0.45951
-0.525302
-0.587504
-0.646135
-0.705656
-0.773878
-0.836345
-0.892812
-0.956693
367.971
318.912
269.85
220.884
171.878
123.465
75.239
31.4716
3.91065
-0.472876
-0.462554
-0.484249
-0.547193
-0.605443
-0.658324
-0.710957
-0.765957
-0.82788
-0.900171
-0.975175
369.537
320.694
272.023
223.763
175.87
128.768
83.7113
41.3877
10.9395
-0.362947
-0.426284
-0.497913
-0.55584
-0.610265
-0.660197
-0.712124
-0.759545
-0.818769
-0.891953
-0.971061
371.507
322.876
274.655
227.021
180.218
134.808
91.8069
51.6819
20.7536
3.40823
-0.461095
-0.531488
-0.577713
-0.620625
-0.669662
-0.71766
-0.764832
-0.825322
-0.888161
-0.946671
373.669
325.102
277.151
230.1
184.225
139.624
98.6751
59.7554
28.741
11.4251
-0.480468
-0.546524
-0.597239
-0.640217
-0.676957
-0.713474
-0.770786
-0.839504
-0.879174
-0.893181
375.358
327.036
279.384
232.835
187.586
143.909
103.681
64.6492
34.4747
16.8621
-0.411165
-0.546028
-0.607634
-0.652948
-0.681182
-0.719547
-0.786625
-0.84545
-0.839297
-0.798987
376.788
328.632
281.19
235.03
190.239
147.077
107.196
68.5958
37.1973
18.9747
-0.188527
-0.531712
-0.598634
-0.651725
-0.682189
-0.727751
-0.792509
-0.8294
-0.81564
-0.801888
377.858
329.796
282.557
236.623
192.128
149.157
108.732
71.3783
36.7857
21.0431
0.317137
-0.505202
-0.576697
-0.625146
-0.658555
-0.709923
-0.778042
-0.84076
-0.886643
-0.936937
378.486
330.523
283.346
237.565
193.258
150.483
109.595
71.5612
37.2301
21.6322
1.06274
-0.507631
-0.57702
-0.625093
-0.667694
-0.722476
-0.788449
-0.856741
-0.918679
-0.971684
378.575
330.745
283.694
237.652
193.051
150.049
109.187
70.9877
37.1019
20.161
1.07689
-0.547955
-0.605831
-0.652714
-0.698143
-0.7501
-0.812716
-0.876419
-0.933913
-0.982105
378.101
329.973
282.737
236.655
191.855
148.601
107.387
68.67
34.8292
18.1126
0.627691
-0.590664
-0.63983
-0.688396
-0.732945
-0.781205
-0.845487
-0.912559
-0.967466
-0.998643
377.219
329.012
281.578
235.202
190.101
146.449
104.902
65.0234
31.8116
15.2306
-0.280628
-0.603865
-0.651661
-0.704213
-0.754329
-0.80421
-0.88002
-0.960591
-1.01478
-1.02196
376.069
327.708
280.05
233.339
187.81
143.616
101.753
60.3302
30.053
9.09669
-0.539763
-0.590509
-0.645627
-0.704928
-0.764215
-0.825332
-0.905743
-0.986608
-1.04042
-1.04036
374.632
326.144
278.223
231.129
185.093
140.271
98.0336
55.3063
27.5329
4.2478
-0.531661
-0.575766
-0.632478
-0.696564
-0.762141
-0.82568
-0.899177
-0.980293
-1.04641
-1.05585
373.145
324.513
276.334
228.787
182.198
136.634
93.4815
51.2072
23.0887
0.892099
-0.488548
-0.558497
-0.611639
-0.677773
-0.747538
-0.813184
-0.886045
-0.968222
-1.03469
-1.05014
371.772
323.022
274.597
226.603
179.178
132.368
87.0201
44.4824
15.3934
-0.353293
-0.447993
-0.514522
-0.574166
-0.647443
-0.722149
-0.789609
-0.861625
-0.941796
-1.00394
-1.01863
370.552
321.696
273.116
224.75
176.781
129.511
82.8052
38.7565
9.39175
-0.346202
-0.426521
-0.471677
-0.530731
-0.610298
-0.688566
-0.758858
-0.825056
-0.891746
-0.94834
-0.981815
369.713
320.763
271.945
223.38
174.669
126.459
79.3138
34.1495
6.06788
-0.341541
-0.410943
-0.447464
-0.503162
-0.582255
-0.666767
-0.743913
-0.808276
-0.869624
-0.926983
-0.968542
369.285
320.318
271.487
222.681
173.829
125.123
78.5817
35.2392
9.42234
-0.335565
-0.404322
-0.437996
-0.488216
-0.563658
-0.650454
-0.730866
-0.797509
-0.854674
-0.901617
-0.940832
-0.992484
-1.05511
-1.11392
-1.17281
-1.23569
-1.29832
-1.35746
-1.41547
-1.4787
-1.54171
-1.58164
-1.6138
-1.65258
-1.69566
-1.74142
-1.78589
-1.82607
-1.86773
-1.91255
-1.95888
-1.02705
-1.09612
-1.1651
-1.23464
-1.30611
-1.37686
-1.43579
-1.48287
-1.52442
-1.55553
-1.58064
-1.61297
-1.66423
-1.70853
-1.74889
-1.79213
-1.83158
-1.87074
-1.91317
-1.95849
-1.04748
-1.12199
-1.20461
-1.29719
-1.38544
-1.45825
-1.50452
-1.5213
-1.52994
-1.54485
-1.56188
-1.59466
-1.65226
-1.71022
-1.75336
-1.79894
-1.84382
-1.88191
-1.91843
-1.95974
-1.04403
-1.119
-1.20344
-1.2975
-1.38792
-1.45863
-1.49109
-1.50269
-1.51701
-1.54367
-1.57566
-1.61205
-1.65708
-1.70839
-1.75219
-1.79855
-1.84889
-1.8926
-1.9265
-1.96024
-1.00824
-1.0805
-1.16277
-1.25554
-1.34828
-1.42022
-1.45608
-1.4783
-1.50735
-1.54746
-1.59043
-1.62951
-1.6721
-1.71412
-1.75396
-1.7923
-1.83494
-1.87898
-1.91677
-1.95327
-0.93155
-0.995374
-1.1091
-1.25386
-1.37716
-1.43666
-1.44602
-1.46294
-1.50535
-1.55416
-1.60241
-1.64207
-1.67668
-1.71615
-1.76013
-1.79753
-1.8271
-1.86036
-1.89798
-1.93883
-0.798571
-0.897529
-1.08874
-1.32284
-1.49488
-1.51942
-1.46791
-1.46113
-1.50761
-1.56183
-1.61588
-1.65449
-1.67803
-1.71063
-1.7585
-1.80189
-1.83242
-1.86087
-1.89076
-1.92978
-0.845034
-0.963452
-1.15923
-1.42275
-1.6229
-1.61683
-1.49467
-1.46329
-1.5057
-1.55937
-1.61265
-1.64836
-1.66832
-1.69939
-1.74602
-1.79225
-1.82996
-1.86056
-1.89123
-1.93372
-0.993857
-1.06543
-1.21508
-1.45712
-1.65919
-1.66209
-1.53462
-1.48685
-1.51013
-1.54955
-1.59135
-1.62437
-1.65048
-1.68643
-1.73171
-1.77684
-1.81834
-1.85688
-1.89656
-1.94606
-1.01954
-1.07965
-1.1931
-1.38493
-1.57202
-1.61398
-1.54385
-1.50542
-1.51638
-1.54375
-1.58014
-1.61555
-1.64812
-1.68848
-1.73359
-1.77701
-1.81879
-1.86127
-1.91019
-1.96963
-1.02176
-1.06978
-1.16067
-1.30936
-1.46032
-1.52332
-1.51437
-1.4999
-1.51182
-1.53918
-1.57728
-1.6206
-1.6593
-1.70097
-1.74581
-1.79139
-1.83299
-1.8748
-1.9214
-1.97799
-1.02136
-1.05352
-1.12654
-1.24195
-1.36725
-1.44955
-1.47725
-1.48403
-1.50185
-1.53001
-1.56817
-1.61328
-1.65867
-1.70383
-1.74935
-1.79173
-1.83128
-1.87343
-1.91951
-1.97048
-1.03069
-1.05095
-1.10631
-1.1862
-1.28988
-1.39252
-1.44834
-1.47194
-1.49372
-1.52121
-1.55528
-1.5978
-1.64405
-1.69057
-1.73535
-1.77867
-1.82219
-1.86729
-1.91383
-1.96148
-1.04469
-1.06151
-1.10192
-1.14865
-1.22252
-1.34575
-1.43243
-1.46327
-1.48537
-1.50959
-1.53871
-1.57512
-1.61731
-1.66278
-1.71081
-1.76109
-1.81213
-1.86218
-1.91028
-1.9573
-1.04611
-1.05967
-1.08769
-1.11053
-1.15339
-1.26033
-1.39217
-1.46087
-1.48757
-1.50188
-1.5178
-1.54517
-1.58323
-1.62975
-1.68181
-1.7396
-1.80038
-1.8577
-1.90831
-1.95558
-1.03591
-1.04593
-1.0717
-1.09651
-1.1329
-1.21023
-1.31722
-1.41129
-1.46176
-1.48672
-1.50946
-1.54849
-1.5971
-1.64663
-1.6922
-1.74525
-1.80437
-1.86006
-1.9078
-1.95367
-1.01586
-1.03138
-1.06173
-1.09591
-1.13094
-1.20431
-1.29795
-1.39049
-1.46716
-1.52905
-1.58348
-1.63493
-1.67411
-1.7061
-1.73926
-1.77796
-1.8221
-1.86549
-1.9072
-1.95107
-0.999049
-1.02407
-1.06104
-1.1074
-1.15523
-1.22085
-1.3037
-1.38574
-1.46678
-1.53978
-1.59404
-1.63137
-1.66345
-1.70112
-1.74565
-1.79188
-1.83194
-1.86816
-1.90642
-1.94849
-0.994894
-1.02604
-1.06719
-1.11911
-1.17499
-1.23278
-1.30891
-1.38767
-1.45898
-1.52346
-1.57594
-1.61471
-1.6447
-1.6737
-1.71255
-1.76362
-1.82264
-1.87786
-1.91845
-1.95108
-0.981415
-1.02509
-1.07298
-1.12437
-1.17739
-1.23041
-1.29585
-1.3683
-1.43921
-1.50394
-1.55812
-1.59696
-1.6255
-1.65859
-1.70528
-1.75974
-1.82143
-1.87307
-1.90752
-1.94391
)
;
    }
    procBoundary0to2
    {
        type            processor;
        value           nonuniform List<scalar> 
200
(
-1.99742
-1.99741
-1.9976
-1.99804
-1.99869
-1.99942
-2.00022
-2.00121
-2.00253
-2.00424
-1.99744
-1.99741
-1.99756
-1.99797
-1.99861
-1.99928
-2.00001
-2.00092
-2.00214
-2.00364
-1.9974
-1.99724
-1.99692
-1.99712
-1.99803
-1.99886
-1.99958
-2.00045
-2.00165
-2.003
-1.99739
-1.99709
-1.99654
-1.9965
-1.9975
-1.99834
-1.99884
-1.99927
-1.99999
-2.00049
-1.99743
-1.9972
-1.99672
-1.99658
-1.99732
-1.99789
-1.99797
-1.9978
-1.99752
-1.99592
-1.99753
-1.99742
-1.99726
-1.99722
-1.99748
-1.99754
-1.99731
-1.99683
-1.9956
-1.99199
-1.99764
-1.9975
-1.9977
-1.99773
-1.99756
-1.99747
-1.99724
-1.99686
-1.99558
-1.9918
-1.99766
-1.99733
-1.9975
-1.99764
-1.99768
-1.99793
-1.99772
-1.99826
-1.99832
-1.99576
-1.99787
-1.99765
-1.99775
-1.99778
-1.99802
-1.99834
-1.99886
-2.00083
-2.00362
-2.00501
-1.99823
-1.99808
-1.99805
-1.99785
-1.99886
-1.99938
-2.00073
-2.00253
-2.00795
-2.01782
-1.99867
-1.99849
-1.99854
-1.99883
-1.9993
-1.99984
-2.00027
-2.00142
-2.00477
-2.01879
-1.99925
-1.99904
-1.99902
-1.99927
-1.99977
-2.00036
-2.00093
-2.00167
-2.00344
-2.01039
-2.00004
-1.99973
-1.99965
-1.99991
-2.00051
-2.00124
-2.00171
-2.00195
-2.00289
-2.00605
-2.00094
-2.00069
-2.00055
-2.00102
-2.00187
-2.00292
-2.00333
-2.00326
-2.00324
-2.00344
-2.00183
-2.00232
-2.00233
-2.00285
-2.00434
-2.00608
-2.00643
-2.00558
-2.0043
-2.00275
-2.00267
-2.00379
-2.00411
-2.00532
-2.00678
-2.00901
-2.00986
-2.00838
-2.00575
-2.00241
-2.00409
-2.00556
-2.00658
-2.00755
-2.01008
-2.01285
-2.01332
-2.01123
-2.00727
-2.00194
-2.00566
-2.00704
-2.00939
-2.01205
-2.01478
-2.01671
-2.01696
-2.01427
-2.00858
-2.00125
-2.00676
-2.00718
-2.00931
-2.01205
-2.01533
-2.01808
-2.0187
-2.01584
-2.00964
-2.00148
-2.00703
-2.00755
-2.00969
-2.01261
-2.01547
-2.01727
-2.0168
-2.01313
-2.00664
-1.99839
)
;
    }
}


// ************************************************************************* //
