/*--------------------------------*- C++ -*----------------------------------*\
| =========                 |                                                 |
| \\      /  F ield         | OpenFOAM: The Open Source CFD Toolbox           |
|  \\    /   O peration     | Version:  2312                                  |
|   \\  /    A nd           | Website:  www.openfoam.com                      |
|    \\/     M anipulation  |                                                 |
\*---------------------------------------------------------------------------*/
FoamFile
{
    version     2.0;
    format      ascii;
    arch        "LSB;label=32;scalar=64";
    class       volScalarField;
    location    "0.045";
    object      p_rgh;
}
// * * * * * * * * * * * * * * * * * * * * * * * * * * * * * * * * * * * * * //

dimensions      [1 -1 -2 0 0 0 0];

internalField   nonuniform List<scalar> 
8000
(
392.204
392.204
392.204
392.204
392.204
392.204
392.204
392.204
392.204
392.204
392.204
392.204
392.204
392.204
392.204
392.204
392.204
392.204
392.204
392.204
392.204
392.204
392.204
392.204
392.204
392.204
392.204
392.204
392.204
392.204
392.204
392.204
392.204
392.204
392.204
392.204
392.204
392.204
392.204
392.204
392.204
392.204
392.204
392.204
392.204
392.204
392.204
392.204
392.204
392.204
392.204
392.204
392.204
392.204
392.204
392.204
392.204
392.204
392.204
392.204
392.204
392.204
392.204
392.204
392.204
392.204
392.204
392.204
392.204
392.204
392.204
392.204
392.204
392.204
392.204
392.204
392.204
392.204
392.204
392.204
0.196243
0.196179
0.196169
0.196152
0.196138
0.196145
0.196147
0.196147
0.196147
0.196149
0.196126
0.196127
0.196127
0.196128
0.196129
0.196129
0.196129
0.196129
0.196129
0.196129
0.196127
0.196127
0.196127
0.196127
0.196127
0.196126
0.196126
0.196126
0.196125
0.196125
0.196128
0.196127
0.196126
0.196125
0.196124
0.196122
0.196121
0.19612
0.19612
0.196119
0.196128
0.196125
0.196123
0.196121
0.19612
0.196118
0.196116
0.196115
0.196113
0.196113
0.196125
0.196123
0.19612
0.196117
0.196115
0.196112
0.19611
0.196108
0.196107
0.196106
0.196122
0.196118
0.196115
0.196112
0.196109
0.196106
0.196104
0.196101
0.196099
0.196099
0.196117
0.196114
0.196111
0.196108
0.196104
0.1961
0.196097
0.196094
0.196092
0.196091
0.196114
0.196112
0.196108
0.196104
0.196099
0.196095
0.19609
0.196086
0.196084
0.196082
0.196115
0.196112
0.196108
0.196102
0.196096
0.196089
0.196083
0.196078
0.196075
0.196073
0.19612
0.196116
0.196109
0.196101
0.196092
0.196084
0.196076
0.196069
0.196064
0.196062
0.196126
0.196119
0.196111
0.1961
0.196089
0.196077
0.196067
0.196058
0.196052
0.19605
392.204
392.204
392.204
392.204
392.204
392.204
392.204
392.204
392.204
392.204
392.204
392.204
392.204
392.204
392.204
392.204
392.204
392.204
392.204
392.204
392.204
392.204
392.204
392.204
392.204
392.204
392.204
392.204
392.204
392.204
392.204
392.204
392.204
392.204
392.204
392.204
392.204
392.204
392.204
392.204
392.204
392.204
392.204
392.204
392.204
392.204
392.204
392.204
392.204
392.204
392.204
392.204
392.204
392.204
392.204
392.204
392.204
392.204
392.204
392.204
392.204
392.204
392.204
392.204
392.204
392.204
392.204
392.204
392.204
392.204
392.204
392.204
392.204
392.204
392.204
392.204
392.204
392.204
392.204
392.204
0.196183
0.196157
0.196166
0.196152
0.196139
0.196145
0.196146
0.196146
0.196145
0.196145
0.196127
0.196128
0.196128
0.196129
0.196129
0.196129
0.196129
0.196129
0.196129
0.196128
0.196128
0.196128
0.196127
0.196127
0.196127
0.196126
0.196126
0.196125
0.196125
0.196124
0.196128
0.196127
0.196126
0.196125
0.196123
0.196122
0.196121
0.19612
0.196119
0.196118
0.196127
0.196125
0.196123
0.196121
0.196119
0.196118
0.196116
0.196114
0.196113
0.196112
0.196125
0.196122
0.196119
0.196117
0.196114
0.196112
0.19611
0.196108
0.196106
0.196106
0.196121
0.196118
0.196115
0.196112
0.196109
0.196106
0.196104
0.196101
0.1961
0.196099
0.196116
0.196114
0.196111
0.196108
0.196104
0.196101
0.196097
0.196094
0.196092
0.196091
0.196114
0.196112
0.196108
0.196104
0.1961
0.196095
0.196091
0.196087
0.196085
0.196083
0.196116
0.196113
0.196109
0.196103
0.196097
0.19609
0.196084
0.196079
0.196076
0.196074
0.196122
0.196118
0.196111
0.196103
0.196094
0.196085
0.196077
0.196071
0.196066
0.196064
0.196129
0.196122
0.196113
0.196103
0.196091
0.19608
0.196069
0.196061
0.196055
0.196052
392.204
392.204
392.204
392.204
392.204
392.204
392.204
392.204
392.204
392.204
392.204
392.204
392.204
392.204
392.204
392.204
392.204
392.204
392.204
392.204
392.204
392.204
392.204
392.204
392.204
392.204
392.204
392.204
392.204
392.204
392.204
392.204
392.204
392.204
392.204
392.204
392.204
392.204
392.204
392.204
392.204
392.204
392.204
392.204
392.204
392.204
392.204
392.204
392.204
392.204
392.204
392.204
392.204
392.204
392.204
392.204
392.204
392.204
392.204
392.204
392.204
392.204
392.204
392.204
392.204
392.204
392.204
392.204
392.204
392.204
392.204
392.204
392.204
392.204
392.204
392.204
392.204
392.204
392.204
392.204
0.196171
0.196151
0.196159
0.196149
0.196139
0.196145
0.196146
0.196146
0.196145
0.196144
0.196129
0.196129
0.196129
0.196129
0.196129
0.196129
0.196129
0.196128
0.196128
0.196127
0.196129
0.196128
0.196128
0.196127
0.196126
0.196126
0.196125
0.196124
0.196124
0.196123
0.196128
0.196127
0.196126
0.196124
0.196123
0.196122
0.19612
0.196119
0.196118
0.196117
0.196127
0.196124
0.196122
0.196121
0.196119
0.196117
0.196115
0.196113
0.196112
0.196112
0.196124
0.196121
0.196119
0.196116
0.196114
0.196112
0.19611
0.196108
0.196106
0.196106
0.19612
0.196117
0.196114
0.196112
0.196109
0.196106
0.196104
0.196102
0.1961
0.1961
0.196116
0.196114
0.196111
0.196108
0.196105
0.196101
0.196098
0.196096
0.196094
0.196093
0.196115
0.196113
0.19611
0.196106
0.196101
0.196097
0.196092
0.196089
0.196087
0.196086
0.196118
0.196115
0.196111
0.196105
0.196099
0.196093
0.196087
0.196082
0.196079
0.196077
0.196126
0.196121
0.196115
0.196106
0.196098
0.196089
0.196081
0.196074
0.19607
0.196068
0.196135
0.196128
0.196118
0.196108
0.196096
0.196084
0.196074
0.196065
0.19606
0.196057
392.204
392.204
392.204
392.204
392.204
392.204
392.204
392.204
392.204
392.204
392.204
392.204
392.204
392.204
392.204
392.204
392.204
392.204
392.204
392.204
392.204
392.204
392.204
392.204
392.204
392.204
392.204
392.204
392.204
392.204
392.204
392.204
392.204
392.204
392.204
392.204
392.204
392.204
392.204
392.204
392.204
392.204
392.204
392.204
392.204
392.204
392.204
392.204
392.204
392.204
392.204
392.204
392.204
392.204
392.204
392.204
392.204
392.204
392.204
392.204
392.204
392.204
392.204
392.204
392.204
392.204
392.204
392.204
392.204
392.204
392.204
392.204
392.204
392.204
392.204
392.204
392.204
392.204
392.204
392.204
0.196155
0.196145
0.196155
0.196147
0.196139
0.196144
0.196145
0.196145
0.196145
0.196144
0.196131
0.19613
0.19613
0.196129
0.196129
0.196128
0.196128
0.196127
0.196126
0.196125
0.196129
0.196129
0.196128
0.196127
0.196126
0.196125
0.196124
0.196123
0.196122
0.196121
0.196128
0.196126
0.196125
0.196124
0.196122
0.196121
0.196119
0.196118
0.196117
0.196116
0.196125
0.196123
0.196122
0.19612
0.196118
0.196116
0.196114
0.196113
0.196111
0.196111
0.196122
0.19612
0.196118
0.196116
0.196114
0.196111
0.196109
0.196107
0.196106
0.196106
0.196119
0.196116
0.196114
0.196112
0.196109
0.196107
0.196104
0.196102
0.196101
0.196101
0.196116
0.196114
0.196111
0.196109
0.196106
0.196103
0.1961
0.196097
0.196096
0.196095
0.196116
0.196114
0.196111
0.196108
0.196103
0.196099
0.196095
0.196092
0.19609
0.196089
0.196121
0.196119
0.196114
0.196109
0.196102
0.196096
0.196091
0.196086
0.196083
0.196081
0.196131
0.196126
0.196119
0.196111
0.196102
0.196094
0.196086
0.19608
0.196075
0.196073
0.196142
0.196134
0.196125
0.196114
0.196102
0.196091
0.196081
0.196072
0.196066
0.196063
392.204
392.204
392.204
392.204
392.204
392.204
392.204
392.204
392.204
392.204
392.204
392.204
392.204
392.204
392.204
392.204
392.204
392.204
392.204
392.204
392.204
392.204
392.204
392.204
392.204
392.204
392.204
392.204
392.204
392.204
392.204
392.204
392.204
392.204
392.204
392.204
392.204
392.204
392.204
392.204
392.204
392.204
392.204
392.204
392.204
392.204
392.204
392.204
392.204
392.204
392.204
392.204
392.204
392.204
392.204
392.204
392.204
392.204
392.204
392.204
392.204
392.204
392.204
392.204
392.204
392.204
392.204
392.204
392.204
392.204
392.204
392.204
392.204
392.204
392.204
392.204
392.204
392.204
392.204
392.204
0.196153
0.196142
0.196154
0.196146
0.196138
0.196143
0.196143
0.196143
0.196142
0.196142
0.196132
0.196131
0.19613
0.196129
0.196128
0.196127
0.196126
0.196125
0.196124
0.196123
0.19613
0.196129
0.196128
0.196126
0.196125
0.196124
0.196123
0.196121
0.19612
0.196119
0.196127
0.196126
0.196124
0.196123
0.196121
0.19612
0.196118
0.196117
0.196115
0.196115
0.196124
0.196123
0.196121
0.196119
0.196117
0.196115
0.196113
0.196112
0.196111
0.19611
0.196121
0.196119
0.196117
0.196115
0.196113
0.196111
0.196109
0.196107
0.196106
0.196106
0.196118
0.196116
0.196114
0.196112
0.19611
0.196107
0.196105
0.196103
0.196102
0.196102
0.196116
0.196115
0.196112
0.19611
0.196107
0.196104
0.196101
0.196099
0.196098
0.196097
0.196119
0.196117
0.196114
0.19611
0.196106
0.196102
0.196098
0.196095
0.196093
0.196092
0.196126
0.196123
0.196118
0.196112
0.196106
0.1961
0.196095
0.19609
0.196087
0.196086
0.196137
0.196132
0.196125
0.196117
0.196108
0.196099
0.196092
0.196086
0.196081
0.196079
0.196149
0.196142
0.196132
0.196122
0.19611
0.196099
0.196089
0.19608
0.196074
0.196071
392.204
392.204
392.204
392.204
392.204
392.204
392.204
392.204
392.204
392.204
392.204
392.204
392.204
392.204
392.204
392.204
392.204
392.204
392.204
392.204
392.204
392.204
392.204
392.204
392.204
392.204
392.204
392.204
392.204
392.204
392.204
392.204
392.204
392.204
392.204
392.204
392.204
392.204
392.204
392.204
392.204
392.204
392.204
392.204
392.204
392.204
392.204
392.204
392.204
392.204
392.204
392.204
392.204
392.204
392.204
392.204
392.204
392.204
392.204
392.204
392.204
392.204
392.204
392.204
392.204
392.204
392.204
392.204
392.204
392.204
392.204
392.204
392.204
392.204
392.204
392.204
392.204
392.204
392.204
392.204
0.196154
0.196141
0.196155
0.196146
0.196137
0.196142
0.196142
0.196141
0.19614
0.196139
0.196132
0.196131
0.196129
0.196128
0.196127
0.196126
0.196125
0.196123
0.196122
0.196121
0.19613
0.196128
0.196127
0.196126
0.196124
0.196123
0.196121
0.19612
0.196118
0.196118
0.196127
0.196125
0.196124
0.196122
0.196121
0.196119
0.196117
0.196115
0.196114
0.196113
0.196124
0.196122
0.19612
0.196119
0.196117
0.196115
0.196113
0.196111
0.19611
0.19611
0.196121
0.196119
0.196117
0.196115
0.196113
0.196111
0.196109
0.196107
0.196106
0.196106
0.196118
0.196116
0.196115
0.196112
0.19611
0.196108
0.196106
0.196104
0.196103
0.196103
0.196118
0.196116
0.196114
0.196111
0.196109
0.196106
0.196103
0.196101
0.1961
0.196099
0.196122
0.196119
0.196116
0.196113
0.196109
0.196105
0.196101
0.196098
0.196096
0.196095
0.19613
0.196127
0.196122
0.196116
0.19611
0.196104
0.196099
0.196095
0.196092
0.19609
0.196142
0.196137
0.19613
0.196122
0.196113
0.196105
0.196098
0.196092
0.196087
0.196085
0.196156
0.196149
0.196139
0.196129
0.196118
0.196107
0.196097
0.196088
0.196082
0.196079
392.204
392.204
392.204
392.204
392.204
392.204
392.204
392.204
392.204
392.204
392.204
392.204
392.204
392.204
392.204
392.204
392.204
392.204
392.204
392.204
392.204
392.204
392.204
392.204
392.204
392.204
392.204
392.204
392.204
392.204
392.204
392.204
392.204
392.204
392.204
392.204
392.204
392.204
392.204
392.204
392.204
392.204
392.204
392.204
392.204
392.204
392.204
392.204
392.204
392.204
392.204
392.204
392.204
392.204
392.204
392.204
392.204
392.204
392.204
392.204
392.204
392.204
392.204
392.204
392.204
392.204
392.204
392.204
392.204
392.204
392.204
392.204
392.204
392.204
392.204
392.204
392.204
392.204
392.204
392.204
0.196154
0.196139
0.196155
0.196144
0.196136
0.19614
0.19614
0.196138
0.196137
0.196137
0.196131
0.19613
0.196129
0.196127
0.196126
0.196124
0.196123
0.196121
0.19612
0.196119
0.196129
0.196128
0.196126
0.196125
0.196123
0.196121
0.19612
0.196118
0.196117
0.196116
0.196127
0.196125
0.196124
0.196122
0.19612
0.196118
0.196116
0.196114
0.196113
0.196112
0.196124
0.196122
0.19612
0.196118
0.196116
0.196114
0.196112
0.19611
0.196109
0.196109
0.196121
0.196119
0.196117
0.196115
0.196113
0.196111
0.196109
0.196107
0.196106
0.196106
0.196119
0.196118
0.196116
0.196113
0.196111
0.196109
0.196107
0.196105
0.196104
0.196103
0.19612
0.196118
0.196116
0.196113
0.19611
0.196107
0.196105
0.196103
0.196101
0.1961
0.196125
0.196123
0.196119
0.196115
0.196111
0.196107
0.196103
0.1961
0.196098
0.196097
0.196134
0.19613
0.196125
0.19612
0.196114
0.196108
0.196103
0.196099
0.196096
0.196094
0.196147
0.196141
0.196134
0.196127
0.196118
0.19611
0.196103
0.196097
0.196093
0.196091
0.196161
0.196154
0.196145
0.196135
0.196125
0.196114
0.196104
0.196096
0.19609
0.196087
392.204
392.204
392.204
392.204
392.204
392.204
392.204
392.204
392.204
392.204
392.204
392.204
392.204
392.204
392.204
392.204
392.204
392.204
392.204
392.204
392.204
392.204
392.204
392.204
392.204
392.204
392.204
392.204
392.204
392.204
392.204
392.204
392.204
392.204
392.204
392.204
392.204
392.204
392.204
392.204
392.204
392.204
392.204
392.204
392.204
392.204
392.204
392.204
392.204
392.204
392.204
392.204
392.204
392.204
392.204
392.204
392.204
392.204
392.204
392.204
392.204
392.204
392.204
392.204
392.204
392.204
392.204
392.204
392.204
392.204
392.204
392.204
392.204
392.204
392.204
392.204
392.204
392.204
392.204
392.204
0.196154
0.196137
0.196154
0.196143
0.196134
0.196138
0.196137
0.196136
0.196135
0.196135
0.19613
0.196129
0.196127
0.196126
0.196124
0.196123
0.196121
0.19612
0.196118
0.196117
0.196128
0.196127
0.196126
0.196124
0.196122
0.19612
0.196118
0.196117
0.196115
0.196115
0.196127
0.196125
0.196123
0.196121
0.196119
0.196117
0.196115
0.196113
0.196112
0.196111
0.196125
0.196123
0.196121
0.196118
0.196116
0.196114
0.196112
0.19611
0.196109
0.196109
0.196122
0.19612
0.196118
0.196116
0.196113
0.196111
0.196109
0.196107
0.196106
0.196106
0.196121
0.196119
0.196117
0.196114
0.196112
0.196109
0.196107
0.196105
0.196104
0.196104
0.196123
0.19612
0.196118
0.196115
0.196111
0.196108
0.196106
0.196104
0.196102
0.196101
0.196128
0.196125
0.196122
0.196117
0.196113
0.196109
0.196105
0.196102
0.1961
0.196099
0.196137
0.196133
0.196128
0.196123
0.196117
0.196111
0.196106
0.196102
0.196098
0.196097
0.196149
0.196144
0.196137
0.19613
0.196122
0.196115
0.196107
0.196101
0.196097
0.196095
0.196163
0.196157
0.196149
0.19614
0.19613
0.19612
0.19611
0.196102
0.196096
0.196093
392.204
392.204
392.204
392.204
392.204
392.204
392.204
392.204
392.204
392.204
392.204
392.204
392.204
392.204
392.204
392.204
392.204
392.204
392.204
392.204
392.204
392.204
392.204
392.204
392.204
392.204
392.204
392.204
392.204
392.204
392.204
392.204
392.204
392.204
392.204
392.204
392.204
392.204
392.204
392.204
392.204
392.204
392.204
392.204
392.204
392.204
392.204
392.204
392.204
392.204
392.204
392.204
392.204
392.204
392.204
392.204
392.204
392.204
392.204
392.204
392.204
392.204
392.204
392.204
392.204
392.204
392.204
392.204
392.204
392.204
392.204
392.204
392.204
392.204
392.204
392.204
392.204
392.204
392.204
392.204
0.196152
0.196135
0.196152
0.196141
0.196133
0.196136
0.196136
0.196134
0.196133
0.196133
0.196128
0.196127
0.196126
0.196124
0.196123
0.196121
0.196119
0.196118
0.196117
0.196116
0.196128
0.196126
0.196125
0.196123
0.196121
0.196119
0.196117
0.196115
0.196114
0.196114
0.196127
0.196125
0.196123
0.196121
0.196118
0.196116
0.196114
0.196112
0.196111
0.196111
0.196126
0.196123
0.196121
0.196118
0.196116
0.196113
0.196111
0.19611
0.196108
0.196108
0.196123
0.196121
0.196119
0.196116
0.196113
0.196111
0.196109
0.196107
0.196106
0.196106
0.196122
0.19612
0.196118
0.196115
0.196112
0.196109
0.196107
0.196105
0.196104
0.196103
0.196125
0.196122
0.196119
0.196116
0.196112
0.196109
0.196106
0.196104
0.196102
0.196101
0.19613
0.196127
0.196123
0.196119
0.196114
0.19611
0.196106
0.196103
0.196101
0.1961
0.196139
0.196134
0.196129
0.196124
0.196118
0.196113
0.196108
0.196103
0.1961
0.196098
0.196149
0.196145
0.196139
0.196132
0.196125
0.196117
0.19611
0.196104
0.1961
0.196098
0.196163
0.196159
0.196152
0.196143
0.196133
0.196123
0.196114
0.196106
0.1961
0.196098
392.204
392.204
392.204
392.204
392.204
392.204
392.204
392.204
392.204
392.204
392.204
392.204
392.204
392.204
392.204
392.204
392.204
392.204
392.204
392.204
392.204
392.204
392.204
392.204
392.204
392.204
392.204
392.204
392.204
392.204
392.204
392.204
392.204
392.204
392.204
392.204
392.204
392.204
392.204
392.204
392.204
392.204
392.204
392.204
392.204
392.204
392.204
392.204
392.204
392.204
392.204
392.204
392.204
392.204
392.204
392.204
392.204
392.204
392.204
392.204
392.204
392.204
392.204
392.204
392.204
392.204
392.204
392.204
392.204
392.204
392.204
392.204
392.204
392.204
392.204
392.204
392.204
392.204
392.204
392.204
0.196151
0.196134
0.196151
0.196139
0.196131
0.196135
0.196134
0.196133
0.196132
0.196132
0.196126
0.196126
0.196124
0.196123
0.196121
0.196119
0.196118
0.196116
0.196115
0.196115
0.196127
0.196126
0.196124
0.196122
0.19612
0.196118
0.196116
0.196114
0.196113
0.196113
0.196127
0.196125
0.196123
0.19612
0.196118
0.196115
0.196113
0.196112
0.196111
0.19611
0.196126
0.196123
0.196121
0.196118
0.196115
0.196113
0.196111
0.196109
0.196108
0.196107
0.196124
0.196121
0.196119
0.196116
0.196113
0.196111
0.196108
0.196107
0.196105
0.196105
0.196123
0.196121
0.196118
0.196115
0.196112
0.196109
0.196107
0.196105
0.196103
0.196102
0.196125
0.196122
0.196119
0.196116
0.196113
0.196109
0.196106
0.196103
0.196102
0.196101
0.19613
0.196127
0.196123
0.196119
0.196115
0.19611
0.196106
0.196103
0.196101
0.196099
0.196138
0.196134
0.196129
0.196124
0.196119
0.196113
0.196108
0.196104
0.1961
0.196099
0.196147
0.196144
0.196138
0.196132
0.196125
0.196118
0.196111
0.196105
0.196101
0.196099
0.196162
0.196158
0.196152
0.196144
0.196134
0.196125
0.196116
0.196108
0.196102
0.1961
392.204
392.204
392.204
392.204
392.204
392.204
392.204
392.204
392.204
392.204
392.204
392.204
392.204
392.204
392.204
392.204
392.204
392.204
392.204
392.204
392.204
392.204
392.204
392.204
392.204
392.204
392.204
392.204
392.204
392.204
392.204
392.204
392.204
392.204
392.204
392.204
392.204
392.204
392.204
392.204
392.204
392.204
392.204
392.204
392.204
392.204
392.204
392.204
392.204
392.204
392.204
392.204
392.204
392.204
392.204
392.204
392.204
392.204
392.204
392.204
392.204
392.204
392.204
392.204
392.204
392.204
392.204
392.204
392.204
392.204
392.204
392.204
392.204
392.204
392.204
392.204
392.204
392.204
392.204
392.204
0.196151
0.196133
0.19615
0.196138
0.19613
0.196134
0.196133
0.196132
0.196131
0.196131
0.196125
0.196125
0.196123
0.196121
0.19612
0.196118
0.196117
0.196116
0.196115
0.196114
0.196127
0.196125
0.196123
0.196121
0.196119
0.196117
0.196115
0.196114
0.196113
0.196112
0.196127
0.196124
0.196122
0.196119
0.196117
0.196115
0.196113
0.196111
0.19611
0.19611
0.196126
0.196123
0.19612
0.196117
0.196115
0.196112
0.19611
0.196109
0.196107
0.196107
0.196124
0.196121
0.196118
0.196115
0.196113
0.19611
0.196108
0.196106
0.196105
0.196104
0.196122
0.19612
0.196117
0.196115
0.196112
0.196109
0.196106
0.196104
0.196102
0.196101
0.196124
0.196121
0.196119
0.196115
0.196112
0.196108
0.196105
0.196102
0.1961
0.1961
0.196128
0.196125
0.196122
0.196118
0.196114
0.19611
0.196105
0.196102
0.1961
0.196098
0.196135
0.196132
0.196128
0.196123
0.196118
0.196112
0.196107
0.196103
0.196099
0.196098
0.196144
0.196141
0.196136
0.196131
0.196124
0.196117
0.19611
0.196104
0.1961
0.196098
0.196159
0.196155
0.19615
0.196142
0.196133
0.196123
0.196114
0.196107
0.196102
0.196099
392.204
392.204
392.204
392.204
392.204
392.204
392.204
392.204
392.204
392.204
392.204
392.204
392.204
392.204
392.204
392.204
392.204
392.204
392.204
392.204
392.204
392.204
392.204
392.204
392.204
392.204
392.204
392.204
392.204
392.204
392.204
392.204
392.204
392.204
392.204
392.204
392.204
392.204
392.204
392.204
392.204
392.204
392.204
392.204
392.204
392.204
392.204
392.204
392.204
392.204
392.204
392.204
392.204
392.204
392.204
392.204
392.204
392.204
392.204
392.204
392.204
392.204
392.204
392.204
392.204
392.204
392.204
392.204
392.204
392.204
392.204
392.204
392.204
392.204
392.204
392.204
392.204
392.204
392.204
392.204
0.196152
0.196133
0.196149
0.196138
0.196129
0.196133
0.196133
0.196132
0.196131
0.196132
0.196125
0.196124
0.196123
0.196121
0.196119
0.196118
0.196116
0.196115
0.196114
0.196114
0.196126
0.196124
0.196122
0.19612
0.196118
0.196116
0.196115
0.196113
0.196113
0.196112
0.196126
0.196124
0.196121
0.196118
0.196116
0.196114
0.196112
0.196111
0.19611
0.19611
0.196125
0.196122
0.196119
0.196116
0.196114
0.196112
0.19611
0.196108
0.196107
0.196106
0.196122
0.196119
0.196117
0.196114
0.196112
0.196109
0.196107
0.196105
0.196104
0.196103
0.19612
0.196118
0.196116
0.196113
0.19611
0.196108
0.196105
0.196103
0.196101
0.1961
0.196121
0.196119
0.196116
0.196114
0.19611
0.196107
0.196104
0.196101
0.196099
0.196098
0.196124
0.196122
0.196119
0.196116
0.196112
0.196108
0.196104
0.1961
0.196098
0.196097
0.19613
0.196128
0.196125
0.19612
0.196115
0.19611
0.196105
0.1961
0.196097
0.196096
0.19614
0.196137
0.196133
0.196127
0.196121
0.196114
0.196107
0.196102
0.196097
0.196096
0.196155
0.196152
0.196146
0.196138
0.196129
0.19612
0.196111
0.196103
0.196098
0.196096
392.204
392.204
392.204
392.204
392.204
392.204
392.204
392.204
392.204
392.204
392.204
392.204
392.204
392.204
392.204
392.204
392.204
392.204
392.204
392.204
392.204
392.204
392.204
392.204
392.204
392.204
392.204
392.204
392.204
392.204
392.204
392.204
392.204
392.204
392.204
392.204
392.204
392.204
392.204
392.204
392.204
392.204
392.204
392.204
392.204
392.204
392.204
392.204
392.204
392.204
392.204
392.204
392.204
392.204
392.204
392.204
392.204
392.204
392.204
392.204
392.204
392.204
392.204
392.204
392.204
392.204
392.204
392.204
392.204
392.204
392.204
392.204
392.204
392.204
392.204
392.204
392.204
392.204
392.204
392.204
0.196155
0.196134
0.196151
0.196139
0.19613
0.196134
0.196134
0.196132
0.196131
0.196133
0.196126
0.196125
0.196123
0.196121
0.196119
0.196118
0.196116
0.196115
0.196115
0.196114
0.196126
0.196124
0.196122
0.19612
0.196118
0.196116
0.196115
0.196114
0.196113
0.196113
0.196125
0.196123
0.19612
0.196118
0.196116
0.196114
0.196112
0.196111
0.19611
0.19611
0.196122
0.19612
0.196117
0.196115
0.196113
0.196111
0.196109
0.196108
0.196107
0.196106
0.196119
0.196117
0.196115
0.196112
0.19611
0.196108
0.196106
0.196104
0.196103
0.196103
0.196116
0.196115
0.196113
0.196111
0.196108
0.196106
0.196103
0.196101
0.1961
0.196099
0.196116
0.196115
0.196113
0.196111
0.196108
0.196105
0.196102
0.196099
0.196097
0.196096
0.196119
0.196118
0.196116
0.196113
0.196109
0.196105
0.196101
0.196098
0.196095
0.196094
0.196125
0.196124
0.196121
0.196117
0.196112
0.196107
0.196102
0.196097
0.196094
0.196093
0.196135
0.196133
0.196129
0.196123
0.196116
0.196109
0.196103
0.196097
0.196093
0.196091
0.19615
0.196146
0.19614
0.196132
0.196123
0.196114
0.196105
0.196098
0.196093
0.19609
392.204
392.204
392.204
392.204
392.204
392.204
392.204
392.204
392.204
392.204
392.204
392.204
392.204
392.204
392.204
392.204
392.204
392.204
392.204
392.204
392.204
392.204
392.204
392.204
392.204
392.204
392.204
392.204
392.204
392.204
392.204
392.204
392.204
392.204
392.204
392.204
392.204
392.204
392.204
392.204
392.204
392.204
392.204
392.204
392.204
392.204
392.204
392.204
392.204
392.204
392.204
392.204
392.204
392.204
392.204
392.204
392.204
392.204
392.204
392.204
392.204
392.204
392.204
392.204
392.204
392.204
392.204
392.204
392.204
392.204
392.204
392.204
392.204
392.204
392.204
392.204
392.204
392.204
392.204
392.204
0.196158
0.196137
0.196153
0.196141
0.196132
0.196135
0.196136
0.196133
0.196132
0.196134
0.196128
0.196126
0.196124
0.196122
0.19612
0.196119
0.196117
0.196116
0.196116
0.196115
0.196127
0.196125
0.196122
0.19612
0.196118
0.196117
0.196115
0.196114
0.196114
0.196113
0.196124
0.196122
0.196119
0.196117
0.196115
0.196114
0.196112
0.196111
0.196111
0.19611
0.19612
0.196118
0.196116
0.196114
0.196112
0.19611
0.196109
0.196108
0.196107
0.196106
0.196115
0.196113
0.196112
0.19611
0.196108
0.196107
0.196105
0.196104
0.196103
0.196102
0.196111
0.19611
0.196109
0.196108
0.196106
0.196104
0.196102
0.1961
0.196099
0.196098
0.19611
0.19611
0.196109
0.196107
0.196105
0.196102
0.196099
0.196097
0.196095
0.196095
0.196113
0.196113
0.196111
0.196109
0.196105
0.196102
0.196098
0.196095
0.196092
0.196091
0.19612
0.196119
0.196116
0.196112
0.196107
0.196102
0.196097
0.196093
0.19609
0.196089
0.196131
0.196128
0.196123
0.196117
0.196111
0.196104
0.196097
0.196092
0.196088
0.196086
0.196144
0.19614
0.196133
0.196125
0.196116
0.196106
0.196098
0.196091
0.196086
0.196083
392.204
392.204
392.204
392.204
392.204
392.204
392.204
392.204
392.204
392.204
392.204
392.204
392.204
392.204
392.204
392.204
392.204
392.204
392.204
392.204
392.204
392.204
392.204
392.204
392.204
392.204
392.204
392.204
392.204
392.204
392.204
392.204
392.204
392.204
392.204
392.204
392.204
392.204
392.204
392.204
392.204
392.204
392.204
392.204
392.204
392.204
392.204
392.204
392.204
392.204
392.204
392.204
392.204
392.204
392.204
392.204
392.204
392.204
392.204
392.204
392.204
392.204
392.204
392.204
392.204
392.204
392.204
392.204
392.204
392.204
392.204
392.204
392.204
392.204
392.204
392.204
392.204
392.204
392.204
392.204
0.196162
0.196142
0.196155
0.196144
0.196134
0.196138
0.196138
0.196135
0.196133
0.196136
0.19613
0.196128
0.196126
0.196124
0.196122
0.19612
0.196119
0.196118
0.196117
0.196116
0.196127
0.196125
0.196123
0.196121
0.196119
0.196118
0.196117
0.196115
0.196115
0.196114
0.196123
0.196121
0.196119
0.196117
0.196116
0.196114
0.196113
0.196112
0.196111
0.196111
0.196117
0.196115
0.196114
0.196112
0.196111
0.19611
0.196109
0.196108
0.196107
0.196107
0.19611
0.19611
0.196109
0.196108
0.196106
0.196105
0.196104
0.196103
0.196102
0.196102
0.196106
0.196106
0.196105
0.196104
0.196103
0.196101
0.1961
0.196098
0.196098
0.196097
0.196105
0.196105
0.196105
0.196103
0.196101
0.196099
0.196097
0.196095
0.196093
0.196093
0.196108
0.196108
0.196107
0.196104
0.196101
0.196098
0.196094
0.196091
0.196089
0.196088
0.196116
0.196114
0.196111
0.196107
0.196102
0.196097
0.196093
0.196089
0.196086
0.196084
0.196126
0.196122
0.196117
0.196111
0.196104
0.196098
0.196091
0.196086
0.196082
0.19608
0.196138
0.196132
0.196125
0.196117
0.196107
0.196098
0.196089
0.196082
0.196077
0.196075
392.204
392.204
392.204
392.204
392.204
392.204
392.204
392.204
392.204
392.204
392.204
392.204
392.204
392.204
392.204
392.204
392.204
392.204
392.204
392.204
392.204
392.204
392.204
392.204
392.204
392.204
392.204
392.204
392.204
392.204
392.204
392.204
392.204
392.204
392.204
392.204
392.204
392.204
392.204
392.204
392.204
392.204
392.204
392.204
392.204
392.204
392.204
392.204
392.204
392.204
392.204
392.204
392.204
392.204
392.204
392.204
392.204
392.204
392.204
392.204
392.204
392.204
392.204
392.204
392.204
392.204
392.204
392.204
392.204
392.204
392.204
392.204
392.204
392.204
392.204
392.204
392.204
392.204
392.204
392.204
0.196165
0.196145
0.196156
0.196146
0.196137
0.196141
0.196141
0.196137
0.196135
0.196137
0.196133
0.19613
0.196128
0.196126
0.196124
0.196122
0.196121
0.196119
0.196118
0.196118
0.196128
0.196126
0.196124
0.196122
0.196121
0.196119
0.196118
0.196117
0.196116
0.196116
0.196122
0.19612
0.196119
0.196117
0.196116
0.196115
0.196114
0.196113
0.196113
0.196112
0.196114
0.196113
0.196112
0.196111
0.19611
0.196109
0.196109
0.196108
0.196108
0.196108
0.196106
0.196106
0.196106
0.196105
0.196105
0.196104
0.196103
0.196103
0.196102
0.196102
0.196101
0.196102
0.196102
0.196101
0.1961
0.196099
0.196098
0.196097
0.196097
0.196096
0.1961
0.196101
0.196101
0.1961
0.196098
0.196096
0.196094
0.196092
0.196091
0.19609
0.196104
0.196104
0.196102
0.1961
0.196097
0.196094
0.196091
0.196088
0.196086
0.196085
0.196111
0.196109
0.196106
0.196102
0.196097
0.196092
0.196088
0.196084
0.196081
0.19608
0.19612
0.196116
0.196111
0.196105
0.196098
0.196091
0.196085
0.196079
0.196075
0.196073
0.19613
0.196124
0.196117
0.196108
0.196099
0.19609
0.196081
0.196074
0.196068
0.196066
392.204
392.204
392.204
392.204
392.204
392.204
392.204
392.204
392.204
392.204
392.204
392.204
392.204
392.204
392.204
392.204
392.204
392.204
392.204
392.204
392.204
392.204
392.204
392.204
392.204
392.204
392.204
392.204
392.204
392.204
392.204
392.204
392.204
392.204
392.204
392.204
392.204
392.204
392.204
392.204
392.204
392.204
392.204
392.204
392.204
392.204
392.204
392.204
392.204
392.204
392.204
392.204
392.204
392.204
392.204
392.204
392.204
392.204
392.204
392.204
392.204
392.204
392.204
392.204
392.204
392.204
392.204
392.204
392.204
392.204
392.204
392.204
392.204
392.204
392.204
392.204
392.204
392.204
392.204
392.204
0.196167
0.196149
0.196156
0.196147
0.196139
0.196144
0.196142
0.196138
0.196135
0.196138
0.196135
0.196133
0.19613
0.196128
0.196126
0.196125
0.196123
0.196121
0.19612
0.196119
0.196129
0.196127
0.196125
0.196124
0.196122
0.196121
0.196119
0.196118
0.196117
0.196117
0.196121
0.19612
0.196118
0.196117
0.196116
0.196115
0.196115
0.196114
0.196114
0.196113
0.196111
0.196111
0.196111
0.19611
0.19611
0.196109
0.196109
0.196109
0.196109
0.196108
0.196103
0.196103
0.196104
0.196103
0.196103
0.196103
0.196103
0.196102
0.196102
0.196102
0.196097
0.196098
0.196099
0.196099
0.196098
0.196097
0.196097
0.196096
0.196096
0.196095
0.196097
0.196097
0.196097
0.196096
0.196095
0.196093
0.196092
0.19609
0.196089
0.196089
0.196101
0.1961
0.196098
0.196096
0.196093
0.19609
0.196088
0.196085
0.196083
0.196082
0.196107
0.196104
0.196101
0.196097
0.196093
0.196088
0.196083
0.196079
0.196076
0.196075
0.196115
0.19611
0.196105
0.196099
0.196092
0.196085
0.196079
0.196073
0.196069
0.196067
0.196123
0.196117
0.196109
0.1961
0.196091
0.196082
0.196073
0.196065
0.19606
0.196057
392.204
392.204
392.204
392.204
392.204
392.204
392.204
392.204
392.204
392.204
392.204
392.204
392.204
392.204
392.204
392.204
392.204
392.204
392.204
392.204
392.204
392.204
392.204
392.204
392.204
392.204
392.204
392.204
392.204
392.204
392.204
392.204
392.204
392.204
392.204
392.204
392.204
392.204
392.204
392.204
392.204
392.204
392.204
392.204
392.204
392.204
392.204
392.204
392.204
392.204
392.204
392.204
392.204
392.204
392.204
392.204
392.204
392.204
392.204
392.204
392.204
392.204
392.204
392.204
392.204
392.204
392.204
392.204
392.204
392.204
392.204
392.204
392.204
392.204
392.204
392.204
392.204
392.204
392.204
392.204
0.196177
0.196159
0.196163
0.196148
0.196139
0.196144
0.196142
0.196137
0.196134
0.196136
0.196136
0.196134
0.196132
0.19613
0.196128
0.196126
0.196124
0.196122
0.196121
0.19612
0.196129
0.196128
0.196126
0.196125
0.196124
0.196122
0.196121
0.196119
0.196119
0.196118
0.19612
0.196119
0.196118
0.196118
0.196117
0.196116
0.196115
0.196115
0.196115
0.196114
0.19611
0.19611
0.19611
0.196109
0.196109
0.196109
0.196109
0.196109
0.196109
0.196109
0.196101
0.196101
0.196102
0.196102
0.196102
0.196102
0.196102
0.196102
0.196102
0.196102
0.196095
0.196096
0.196097
0.196097
0.196097
0.196096
0.196096
0.196095
0.196095
0.196095
0.196095
0.196095
0.196095
0.196094
0.196093
0.196091
0.19609
0.196089
0.196088
0.196087
0.196098
0.196097
0.196095
0.196093
0.19609
0.196088
0.196085
0.196082
0.19608
0.196079
0.196103
0.196101
0.196097
0.196093
0.196089
0.196084
0.19608
0.196076
0.196072
0.196071
0.196109
0.196105
0.1961
0.196094
0.196087
0.19608
0.196073
0.196068
0.196063
0.196061
0.196116
0.19611
0.196103
0.196094
0.196084
0.196075
0.196066
0.196058
0.196053
0.19605
392.204
392.204
392.204
392.204
392.204
392.204
392.204
392.204
392.204
392.204
392.204
392.204
392.204
392.204
392.204
392.204
392.204
392.204
392.204
392.204
392.204
392.204
392.204
392.204
392.204
392.204
392.204
392.204
392.204
392.204
392.204
392.204
392.204
392.204
392.204
392.204
392.204
392.204
392.204
392.204
392.204
392.204
392.204
392.204
392.204
392.204
392.204
392.204
392.204
392.204
392.204
392.204
392.204
392.204
392.204
392.204
392.204
392.204
392.204
392.204
392.204
392.204
392.204
392.204
392.204
392.204
392.204
392.204
392.204
392.204
392.204
392.204
392.204
392.204
392.204
392.204
392.204
392.204
392.204
392.204
0.196199
0.196161
0.196174
0.196153
0.19614
0.196144
0.196142
0.196137
0.196135
0.196136
0.196137
0.196135
0.196133
0.196131
0.196129
0.196127
0.196125
0.196123
0.196122
0.196121
0.196129
0.196128
0.196127
0.196126
0.196124
0.196123
0.196121
0.19612
0.196119
0.196119
0.196119
0.196119
0.196118
0.196118
0.196117
0.196116
0.196116
0.196116
0.196115
0.196115
0.196109
0.196109
0.196109
0.196109
0.196109
0.196109
0.196109
0.196109
0.196109
0.196109
0.196099
0.1961
0.196101
0.196101
0.196101
0.196102
0.196102
0.196102
0.196102
0.196102
0.196094
0.196095
0.196096
0.196096
0.196096
0.196095
0.196095
0.196095
0.196095
0.196094
0.196094
0.196094
0.196093
0.196093
0.196091
0.19609
0.196089
0.196088
0.196087
0.196086
0.196096
0.196095
0.196093
0.196091
0.196089
0.196086
0.196083
0.19608
0.196078
0.196077
0.1961
0.196098
0.196094
0.196091
0.196086
0.196082
0.196077
0.196073
0.196069
0.196068
0.196106
0.196102
0.196096
0.19609
0.196084
0.196076
0.196069
0.196064
0.196059
0.196058
0.196112
0.196106
0.196098
0.196089
0.196079
0.19607
0.19606
0.196053
0.196048
0.196045
392.204
392.204
392.204
392.204
392.204
392.204
392.204
392.204
392.204
392.204
392.204
392.204
392.204
392.204
392.204
392.204
392.204
392.204
392.204
392.204
392.204
392.204
392.204
392.204
392.204
392.204
392.204
392.204
392.204
392.204
392.204
392.204
392.204
392.204
392.204
392.204
392.204
392.204
392.204
392.204
392.204
392.204
392.204
392.204
392.204
392.204
392.204
392.204
392.204
392.204
392.204
392.204
392.204
392.204
392.204
392.204
392.204
392.204
392.204
392.204
392.204
392.204
392.204
392.204
392.204
392.204
392.204
392.204
392.204
392.204
392.204
392.204
392.204
392.204
392.204
392.204
392.204
392.204
392.204
392.204
0.196275
0.196202
0.196179
0.196166
0.196143
0.196145
0.196144
0.19614
0.196138
0.196139
0.196137
0.196135
0.196133
0.196131
0.196129
0.196127
0.196125
0.196123
0.196122
0.196121
0.196129
0.196128
0.196127
0.196125
0.196124
0.196123
0.196121
0.19612
0.19612
0.196119
0.196119
0.196119
0.196118
0.196117
0.196117
0.196116
0.196116
0.196116
0.196115
0.196115
0.196108
0.196109
0.196109
0.196109
0.196109
0.196109
0.196109
0.196109
0.196109
0.196109
0.196099
0.1961
0.196101
0.196101
0.196101
0.196102
0.196102
0.196102
0.196102
0.196102
0.196094
0.196095
0.196096
0.196096
0.196095
0.196095
0.196095
0.196095
0.196094
0.196094
0.196094
0.196094
0.196093
0.196092
0.196091
0.19609
0.196089
0.196087
0.196086
0.196085
0.196096
0.196094
0.196092
0.19609
0.196088
0.196085
0.196082
0.196079
0.196077
0.196076
0.196099
0.196097
0.196093
0.19609
0.196085
0.19608
0.196075
0.196071
0.196068
0.196067
0.196104
0.1961
0.196095
0.196089
0.196082
0.196074
0.196067
0.196062
0.196058
0.196056
0.196111
0.196104
0.196096
0.196087
0.196077
0.196067
0.196058
0.19605
0.196045
0.196043
0.19613
0.196122
0.19611
0.196097
0.196083
0.196068
0.196055
0.196044
0.196037
0.196033
0.19613
0.196121
0.196108
0.196091
0.196074
0.196056
0.196039
0.196025
0.196016
0.196011
0.19613
0.19612
0.196104
0.196083
0.196061
0.196038
0.196017
0.195999
0.195987
0.19598
0.196131
0.196119
0.196098
0.196072
0.196043
0.196013
0.195986
0.195963
0.195946
0.195938
0.196134
0.196118
0.196091
0.196057
0.196018
0.195979
0.195942
0.195912
0.19589
0.195879
0.196136
0.196114
0.19608
0.196035
0.195984
0.195931
0.195883
0.195842
0.195813
0.195797
0.196133
0.196105
0.19606
0.196002
0.195934
0.195865
0.1958
0.195745
0.195705
0.195685
0.196122
0.196088
0.19603
0.195953
0.195864
0.195772
0.195685
0.195611
0.195558
0.19553
0.196102
0.19606
0.195985
0.195884
0.195766
0.195643
0.195527
0.195428
0.195356
0.195319
0.196072
0.196018
0.19592
0.195785
0.195629
0.195465
0.195309
0.195178
0.195082
0.195032
0.196026
0.195956
0.195826
0.195648
0.195439
0.195221
0.195014
0.194838
0.194711
0.194644
0.195956
0.195864
0.195692
0.195455
0.195178
0.194888
0.194613
0.19438
0.194211
0.194122
0.195849
0.195728
0.1955
0.195186
0.194819
0.194434
0.194071
0.193762
0.193539
0.193421
0.195686
0.195527
0.195225
0.194811
0.194326
0.19382
0.19334
0.192934
0.19264
0.192486
0.195438
0.195229
0.194832
0.194288
0.193651
0.192987
0.192359
0.191828
0.191444
0.191243
0.195062
0.194789
0.194269
0.193558
0.192727
0.191861
0.191044
0.190354
0.189857
0.189597
0.194494
0.194139
0.193464
0.19254
0.191464
0.190344
0.189289
0.188401
0.187763
0.187429
0.193639
0.193181
0.192311
0.191122
0.189739
0.188304
0.186957
0.185826
0.185014
0.18459
0.192363
0.191777
0.190665
0.189149
0.187391
0.185573
0.183873
0.182449
0.181429
0.180898
0.190468
0.189727
0.188321
0.186412
0.184207
0.181935
0.179819
0.178054
0.176794
0.176139
0.196134
0.196125
0.196114
0.196101
0.196086
0.196071
0.196058
0.196048
0.19604
0.196036
0.196136
0.196126
0.196113
0.196096
0.196078
0.19606
0.196043
0.19603
0.19602
0.196015
0.196137
0.196126
0.19611
0.19609
0.196067
0.196044
0.196023
0.196005
0.195993
0.195986
0.19614
0.196128
0.196107
0.196081
0.196052
0.196022
0.195994
0.195971
0.195954
0.195946
0.196147
0.19613
0.196103
0.196069
0.19603
0.195991
0.195954
0.195923
0.195901
0.19589
0.196153
0.196131
0.196096
0.196051
0.196
0.195947
0.195898
0.195857
0.195828
0.195812
0.196156
0.196129
0.196084
0.196025
0.195957
0.195887
0.195821
0.195766
0.195726
0.195705
0.196155
0.196121
0.196063
0.195985
0.195895
0.195802
0.195714
0.195639
0.195586
0.195557
0.196149
0.196107
0.196031
0.195928
0.195809
0.195684
0.195566
0.195466
0.195393
0.195355
0.196137
0.196083
0.195983
0.195846
0.195687
0.195521
0.195363
0.195229
0.195132
0.195081
0.196116
0.196045
0.195913
0.195731
0.195519
0.195297
0.195086
0.194908
0.194778
0.19471
0.196082
0.195988
0.195812
0.19557
0.195287
0.194991
0.194711
0.194473
0.1943
0.194209
0.196024
0.1959
0.195665
0.195344
0.194968
0.194575
0.194202
0.193887
0.193658
0.193538
0.195928
0.195765
0.195454
0.195028
0.19453
0.194009
0.193517
0.1931
0.192798
0.19264
0.195774
0.195558
0.195147
0.194585
0.193928
0.193242
0.192594
0.192046
0.191651
0.191444
0.195527
0.195243
0.194703
0.193964
0.193102
0.192203
0.191356
0.190641
0.190127
0.189858
0.195136
0.194764
0.194057
0.193092
0.191968
0.190799
0.1897
0.188775
0.188111
0.187764
0.194522
0.194039
0.193121
0.191868
0.190413
0.188906
0.187493
0.186308
0.185458
0.185016
0.193574
0.192948
0.191762
0.190151
0.188286
0.186361
0.184565
0.183063
0.181989
0.181431
0.192113
0.191311
0.189795
0.187744
0.185382
0.182956
0.180702
0.178827
0.177489
0.176795
0.196141
0.196133
0.196121
0.196107
0.196093
0.196078
0.196065
0.196054
0.196046
0.196043
0.196146
0.196136
0.196122
0.196105
0.196087
0.196069
0.196052
0.196038
0.196028
0.196024
0.19615
0.196139
0.196123
0.196102
0.196079
0.196056
0.196035
0.196017
0.196004
0.195997
0.196158
0.196145
0.196124
0.196098
0.196068
0.196038
0.19601
0.195987
0.19597
0.195961
0.19617
0.196153
0.196127
0.196092
0.196053
0.196013
0.195976
0.195945
0.195923
0.195911
0.196185
0.196163
0.196129
0.196083
0.196031
0.195978
0.195928
0.195887
0.195857
0.195841
0.196201
0.196174
0.196128
0.196068
0.196
0.195928
0.195862
0.195805
0.195765
0.195743
0.196218
0.196184
0.196125
0.196046
0.195954
0.195859
0.195769
0.195693
0.195638
0.195609
0.196238
0.196195
0.196117
0.196012
0.195889
0.195762
0.195641
0.195538
0.195464
0.195425
0.196261
0.196205
0.196102
0.195962
0.195798
0.195627
0.195465
0.195327
0.195227
0.195175
0.196289
0.196216
0.196078
0.195891
0.195671
0.195442
0.195224
0.19504
0.194906
0.194835
0.196322
0.196224
0.196041
0.19579
0.195496
0.195189
0.194897
0.19465
0.194471
0.194377
0.196357
0.196228
0.195983
0.195647
0.195254
0.194843
0.194454
0.194124
0.193885
0.19376
0.196392
0.19622
0.195893
0.195444
0.19492
0.194372
0.193854
0.193416
0.193099
0.192933
0.196419
0.196188
0.195753
0.195155
0.194458
0.193731
0.193044
0.192464
0.192046
0.191828
0.196422
0.196117
0.195537
0.194744
0.19382
0.192859
0.191953
0.191191
0.190643
0.190357
0.196374
0.195971
0.195203
0.194155
0.192937
0.191674
0.190488
0.189492
0.188778
0.188405
0.196231
0.195701
0.194689
0.193311
0.191715
0.190066
0.188524
0.187235
0.186311
0.185831
0.195936
0.195228
0.193897
0.192096
0.190021
0.187886
0.185901
0.184248
0.183067
0.182455
0.195335
0.194414
0.19268
0.190345
0.187671
0.184938
0.182412
0.180319
0.178831
0.178061
0.196151
0.196142
0.19613
0.196116
0.196102
0.196087
0.196074
0.196063
0.196055
0.196051
0.196159
0.196149
0.196135
0.196118
0.1961
0.196081
0.196064
0.19605
0.19604
0.196035
0.196168
0.196157
0.19614
0.196119
0.196096
0.196073
0.196051
0.196033
0.19602
0.196013
0.196181
0.196168
0.196148
0.196121
0.196091
0.196061
0.196032
0.196008
0.195991
0.195983
0.196202
0.196185
0.196159
0.196124
0.196084
0.196044
0.196006
0.195974
0.195952
0.19594
0.196229
0.196208
0.196173
0.196127
0.196074
0.19602
0.195969
0.195926
0.195896
0.19588
0.196263
0.196236
0.19619
0.196129
0.196058
0.195986
0.195917
0.19586
0.195818
0.195796
0.196306
0.196272
0.196211
0.196129
0.196035
0.195937
0.195845
0.195767
0.19571
0.19568
0.19636
0.196316
0.196236
0.196127
0.196001
0.195869
0.195744
0.195638
0.195562
0.195522
0.196432
0.196374
0.196267
0.196122
0.195952
0.195774
0.195605
0.195462
0.195359
0.195304
0.196527
0.196451
0.196308
0.196112
0.195882
0.195642
0.195415
0.195222
0.195082
0.195009
0.196654
0.196552
0.196359
0.196094
0.195785
0.195462
0.195155
0.194896
0.194707
0.194609
0.19682
0.196683
0.196423
0.196067
0.19565
0.195214
0.194802
0.194453
0.1942
0.194068
0.197038
0.196853
0.196502
0.196022
0.195461
0.194875
0.194322
0.193854
0.193516
0.193339
0.197319
0.197069
0.196596
0.195949
0.195196
0.19441
0.193669
0.193045
0.192595
0.19236
0.197675
0.197339
0.196702
0.195833
0.194822
0.193772
0.192785
0.191955
0.191359
0.191048
0.198119
0.197668
0.196812
0.195646
0.194295
0.192896
0.191588
0.190491
0.189705
0.189296
0.19866
0.198053
0.196903
0.195344
0.193545
0.191693
0.189968
0.188529
0.1875
0.186965
0.199293
0.198475
0.196934
0.194856
0.192473
0.190036
0.187779
0.185907
0.184574
0.183884
0.199974
0.198879
0.196819
0.194065
0.190931
0.187749
0.184827
0.182419
0.180713
0.179833
0.196161
0.196152
0.19614
0.196127
0.196112
0.196098
0.196084
0.196073
0.196065
0.196061
0.196173
0.196163
0.196149
0.196132
0.196114
0.196096
0.196079
0.196064
0.196054
0.196049
0.196188
0.196176
0.19616
0.196139
0.196116
0.196092
0.19607
0.196051
0.196038
0.196032
0.196208
0.196196
0.196175
0.196149
0.196118
0.196087
0.196058
0.196034
0.196016
0.196008
0.196239
0.196223
0.196197
0.196161
0.196121
0.19608
0.196041
0.196009
0.195986
0.195974
0.196281
0.196261
0.196225
0.196178
0.196124
0.196069
0.196017
0.195973
0.195942
0.195926
0.196337
0.19631
0.196263
0.1962
0.196128
0.196053
0.195982
0.195923
0.195881
0.195858
0.19641
0.196374
0.196312
0.196228
0.19613
0.196029
0.195934
0.195853
0.195795
0.195765
0.196505
0.196459
0.196376
0.196263
0.196132
0.195995
0.195866
0.195756
0.195677
0.195635
0.196634
0.196574
0.196462
0.19631
0.196132
0.195947
0.195771
0.195622
0.195514
0.195458
0.196809
0.196729
0.196578
0.196372
0.196131
0.195879
0.19564
0.195438
0.195291
0.195214
0.197047
0.196939
0.196735
0.196455
0.196128
0.195785
0.195461
0.195186
0.194987
0.194883
0.19737
0.197224
0.196946
0.196565
0.19612
0.195654
0.195214
0.194842
0.194572
0.194432
0.197807
0.197607
0.197227
0.196709
0.196103
0.195472
0.194876
0.194372
0.194009
0.19382
0.198393
0.19812
0.197602
0.196896
0.196073
0.195217
0.194412
0.193733
0.193245
0.19299
0.199177
0.198804
0.198098
0.197136
0.196019
0.194861
0.193775
0.192863
0.192209
0.191868
0.200225
0.199714
0.198749
0.197438
0.195922
0.194359
0.1929
0.191681
0.190807
0.190353
0.201612
0.200911
0.19959
0.197805
0.195753
0.193649
0.191698
0.190075
0.188917
0.188317
0.203429
0.202465
0.200656
0.198226
0.195455
0.192637
0.190042
0.187898
0.186376
0.18559
0.205767
0.204439
0.201961
0.19866
0.194932
0.191179
0.187756
0.184951
0.182974
0.181956
0.196171
0.196162
0.19615
0.196137
0.196123
0.196109
0.196095
0.196084
0.196076
0.196072
0.196187
0.196177
0.196163
0.196147
0.196129
0.196111
0.196093
0.196079
0.196069
0.196063
0.196207
0.196197
0.19618
0.19616
0.196137
0.196113
0.19609
0.196071
0.196058
0.196051
0.196237
0.196224
0.196204
0.196177
0.196146
0.196115
0.196085
0.19606
0.196043
0.196034
0.196279
0.196263
0.196236
0.196201
0.19616
0.196117
0.196078
0.196045
0.196021
0.196009
0.196337
0.196316
0.19628
0.196232
0.196177
0.19612
0.196067
0.196022
0.19599
0.195974
0.196416
0.196388
0.196339
0.196275
0.1962
0.196123
0.196051
0.19599
0.195946
0.195924
0.196519
0.196483
0.196418
0.196331
0.196231
0.196126
0.196028
0.195945
0.195885
0.195853
0.196658
0.196611
0.196524
0.196407
0.196271
0.196128
0.195994
0.19588
0.195798
0.195755
0.196847
0.196785
0.196668
0.196509
0.196324
0.19613
0.195946
0.195791
0.195678
0.195619
0.197107
0.197024
0.196865
0.196648
0.196395
0.19613
0.195879
0.195666
0.195512
0.195431
0.197465
0.197351
0.197134
0.196837
0.19649
0.196127
0.195784
0.195493
0.195282
0.195172
0.197955
0.197798
0.1975
0.197093
0.196617
0.19612
0.195651
0.195254
0.194966
0.194816
0.198625
0.198409
0.197999
0.197439
0.196786
0.196105
0.195464
0.194922
0.194532
0.194328
0.199541
0.199242
0.198677
0.197905
0.197008
0.196076
0.1952
0.194463
0.193934
0.193657
0.200794
0.200379
0.199597
0.198532
0.197298
0.196023
0.194829
0.193828
0.193111
0.192737
0.202505
0.201928
0.200841
0.199369
0.197672
0.195927
0.194303
0.192949
0.191981
0.191478
0.20484
0.204032
0.202518
0.200477
0.198143
0.195759
0.193556
0.19173
0.190431
0.189758
0.208013
0.206876
0.204756
0.201923
0.198711
0.195461
0.192486
0.190039
0.188308
0.187416
0.212297
0.210687
0.207707
0.203767
0.199351
0.194938
0.190944
0.187691
0.185408
0.184237
0.196178
0.19617
0.196159
0.196146
0.196133
0.196119
0.196106
0.196095
0.196087
0.196083
0.196198
0.196189
0.196176
0.19616
0.196143
0.196124
0.196107
0.196093
0.196082
0.196077
0.196225
0.196215
0.196199
0.196179
0.196156
0.196132
0.196109
0.19609
0.196077
0.19607
0.196263
0.196251
0.196231
0.196204
0.196173
0.196141
0.196111
0.196086
0.196068
0.196059
0.196317
0.196301
0.196274
0.196238
0.196196
0.196153
0.196113
0.196079
0.196055
0.196043
0.19639
0.196369
0.196332
0.196283
0.196227
0.196169
0.196115
0.196069
0.196036
0.196019
0.19649
0.196461
0.196412
0.196346
0.196269
0.19619
0.196116
0.196054
0.196009
0.195986
0.196623
0.196586
0.19652
0.19643
0.196326
0.196218
0.196117
0.196032
0.19597
0.195938
0.196804
0.196755
0.196666
0.196544
0.196403
0.196256
0.196117
0.195999
0.195914
0.195869
0.197052
0.196987
0.196866
0.1967
0.196507
0.196305
0.196114
0.195952
0.195835
0.195773
0.197394
0.197306
0.19714
0.196913
0.196647
0.19637
0.196107
0.195884
0.195723
0.195638
0.197866
0.197745
0.197517
0.197203
0.196838
0.196455
0.196093
0.195787
0.195565
0.195449
0.198517
0.19835
0.198033
0.1976
0.197095
0.196567
0.196069
0.195647
0.195343
0.195184
0.199415
0.199182
0.198742
0.198141
0.197442
0.196713
0.196027
0.195448
0.195032
0.194814
0.200653
0.200328
0.199715
0.19888
0.197909
0.196902
0.195958
0.195164
0.194594
0.194296
0.202366
0.201911
0.201052
0.199885
0.198537
0.197145
0.195844
0.194757
0.193977
0.193572
0.204741
0.204098
0.202888
0.201253
0.199375
0.197448
0.19566
0.194172
0.193111
0.19256
0.208036
0.20712
0.205406
0.203106
0.200484
0.197817
0.195362
0.193333
0.191892
0.191148
0.212614
0.211297
0.208851
0.205598
0.20193
0.198239
0.194876
0.192122
0.190181
0.189181
0.218975
0.217061
0.213539
0.208915
0.203773
0.198673
0.194087
0.190374
0.18778
0.186451
0.196182
0.196175
0.196165
0.196154
0.19614
0.196127
0.196114
0.196103
0.196095
0.196091
0.196207
0.196199
0.196187
0.196171
0.196154
0.196136
0.196119
0.196105
0.196094
0.196089
0.19624
0.196231
0.196215
0.196195
0.196171
0.196147
0.196125
0.196106
0.196093
0.196086
0.196286
0.196274
0.196253
0.196226
0.196195
0.196163
0.196133
0.196107
0.19609
0.19608
0.196349
0.196333
0.196305
0.196269
0.196227
0.196183
0.196142
0.196108
0.196084
0.196072
0.196435
0.196414
0.196377
0.196327
0.19627
0.19621
0.196155
0.196109
0.196076
0.196058
0.196553
0.196524
0.196474
0.196406
0.196328
0.196248
0.196172
0.196108
0.196062
0.196038
0.196713
0.196675
0.196606
0.196515
0.196408
0.196298
0.196194
0.196106
0.196043
0.196009
0.19693
0.19688
0.196787
0.196662
0.196516
0.196365
0.196222
0.1961
0.196013
0.195967
0.197229
0.197161
0.197035
0.196864
0.196663
0.196455
0.196257
0.19609
0.195968
0.195905
0.197641
0.197549
0.197376
0.197139
0.196863
0.196575
0.196302
0.19607
0.195903
0.195815
0.198211
0.198084
0.197845
0.197517
0.197135
0.196736
0.196358
0.196037
0.195806
0.195685
0.199
0.198824
0.198491
0.198035
0.197504
0.19695
0.196426
0.195984
0.195665
0.195499
0.200094
0.199847
0.199381
0.198745
0.198005
0.197235
0.19651
0.195899
0.19546
0.195231
0.201614
0.201267
0.200612
0.19972
0.198685
0.197613
0.196608
0.195765
0.19516
0.194844
0.203734
0.203242
0.202315
0.201058
0.199607
0.198112
0.196719
0.195555
0.194722
0.194288
0.206698
0.205995
0.204674
0.202894
0.200854
0.198766
0.196833
0.195227
0.194083
0.19349
0.210861
0.209845
0.207949
0.205413
0.202531
0.19961
0.196929
0.194719
0.193154
0.192345
0.216733
0.215249
0.212499
0.208857
0.20477
0.200677
0.196963
0.193933
0.191803
0.190707
0.225059
0.222857
0.218818
0.213545
0.20772
0.201981
0.196849
0.192719
0.189843
0.188372
0.196184
0.196178
0.196169
0.196158
0.196145
0.196132
0.19612
0.196109
0.196101
0.196098
0.196212
0.196205
0.196194
0.196178
0.196161
0.196144
0.196127
0.196113
0.196103
0.196098
0.196251
0.196241
0.196226
0.196205
0.196182
0.196159
0.196136
0.196118
0.196104
0.196097
0.196302
0.19629
0.196269
0.196242
0.19621
0.196178
0.196148
0.196123
0.196105
0.196096
0.196371
0.196355
0.196328
0.196291
0.196248
0.196205
0.196164
0.196129
0.196105
0.196092
0.196467
0.196446
0.196408
0.196358
0.1963
0.196241
0.196185
0.196138
0.196104
0.196086
0.196599
0.19657
0.196519
0.196451
0.196371
0.196289
0.196212
0.196148
0.196101
0.196077
0.196778
0.19674
0.19667
0.196576
0.196468
0.196355
0.19625
0.19616
0.196095
0.196061
0.197023
0.196971
0.196876
0.196748
0.196599
0.196444
0.196298
0.196174
0.196085
0.196038
0.197359
0.197289
0.197159
0.196983
0.196778
0.196564
0.196362
0.19619
0.196066
0.196
0.197821
0.197727
0.197548
0.197305
0.197021
0.196725
0.196444
0.196206
0.196034
0.195943
0.198463
0.198332
0.198085
0.197747
0.197352
0.19694
0.19655
0.19622
0.195982
0.195858
0.199354
0.199171
0.198826
0.198354
0.197803
0.197229
0.196687
0.19623
0.195901
0.195729
0.200593
0.200336
0.19985
0.199188
0.198417
0.197616
0.196863
0.196229
0.195773
0.195535
0.202322
0.201958
0.201272
0.200337
0.199254
0.198134
0.197084
0.196204
0.195574
0.195245
0.204745
0.204225
0.203247
0.201922
0.200395
0.198824
0.197361
0.19614
0.195267
0.194813
0.208155
0.207405
0.206001
0.20411
0.201947
0.199738
0.197696
0.196002
0.194796
0.194172
0.212981
0.211888
0.209852
0.207133
0.204053
0.200939
0.198087
0.19574
0.194081
0.193225
0.21986
0.218243
0.215254
0.211309
0.206897
0.202494
0.198513
0.195273
0.192999
0.191831
0.22975
0.227313
0.222859
0.217069
0.210706
0.204469
0.198919
0.194464
0.19137
0.189791
0.196184
0.196179
0.19617
0.19616
0.196147
0.196134
0.196122
0.196112
0.196104
0.196101
0.196215
0.196208
0.196196
0.196181
0.196164
0.196147
0.196131
0.196117
0.196107
0.196102
0.196256
0.196246
0.19623
0.19621
0.196187
0.196164
0.196142
0.196123
0.19611
0.196103
0.19631
0.196297
0.196276
0.196249
0.196218
0.196186
0.196156
0.196131
0.196113
0.196104
0.196383
0.196367
0.196339
0.196302
0.19626
0.196216
0.196175
0.19614
0.196116
0.196103
0.196484
0.196463
0.196425
0.196375
0.196317
0.196257
0.1962
0.196153
0.196118
0.196101
0.196623
0.196594
0.196543
0.196474
0.196394
0.196312
0.196234
0.196168
0.196121
0.196096
0.196813
0.196774
0.196704
0.196609
0.1965
0.196386
0.196279
0.196188
0.196123
0.196088
0.197073
0.19702
0.196924
0.196794
0.196643
0.196487
0.196338
0.196213
0.196122
0.196074
0.197428
0.197357
0.197225
0.197047
0.196839
0.196622
0.196417
0.196243
0.196117
0.196051
0.197918
0.197821
0.19764
0.197393
0.197105
0.196803
0.196519
0.196277
0.196103
0.196012
0.198597
0.198464
0.198212
0.197868
0.197467
0.197048
0.196652
0.196317
0.196075
0.195949
0.199542
0.199355
0.199003
0.198522
0.197961
0.197376
0.196825
0.19636
0.196025
0.19585
0.200858
0.200595
0.200099
0.199423
0.198636
0.197818
0.197049
0.196403
0.195938
0.195696
0.202699
0.202326
0.201622
0.200665
0.199556
0.19841
0.197337
0.196438
0.195793
0.195457
0.205285
0.20475
0.203744
0.202382
0.200814
0.199201
0.197701
0.19645
0.195555
0.19509
0.208936
0.20816
0.20671
0.204759
0.20253
0.200255
0.198154
0.196412
0.195175
0.194533
0.214124
0.212987
0.210873
0.208055
0.204867
0.201647
0.198703
0.19628
0.194573
0.193691
0.221559
0.219866
0.216744
0.21263
0.208039
0.203468
0.199342
0.19599
0.193636
0.192428
0.232326
0.229753
0.225062
0.218982
0.21232
0.205809
0.200029
0.195397
0.192184
0.190546
0.196182
0.196177
0.196169
0.196158
0.196145
0.196133
0.196121
0.196111
0.196104
0.1961
0.196213
0.196206
0.196194
0.196179
0.196163
0.196145
0.196129
0.196116
0.196107
0.196102
0.196255
0.196245
0.196229
0.196209
0.196186
0.196162
0.196141
0.196122
0.196109
0.196103
0.196309
0.196296
0.196275
0.196248
0.196217
0.196185
0.196155
0.19613
0.196112
0.196103
0.196382
0.196366
0.196338
0.196302
0.196259
0.196215
0.196174
0.19614
0.196115
0.196102
0.196483
0.196462
0.196425
0.196375
0.196317
0.196256
0.1962
0.196152
0.196118
0.196099
0.196623
0.196594
0.196543
0.196474
0.196395
0.196312
0.196234
0.196168
0.19612
0.196095
0.196814
0.196775
0.196704
0.19661
0.1965
0.196386
0.196278
0.196187
0.196122
0.196087
0.197074
0.197021
0.196924
0.196794
0.196644
0.196486
0.196338
0.196212
0.196121
0.196074
0.197429
0.197357
0.197226
0.197047
0.196839
0.196621
0.196416
0.196242
0.196116
0.196051
0.197919
0.197822
0.19764
0.197393
0.197104
0.196803
0.196519
0.196277
0.196103
0.196012
0.198599
0.198465
0.198213
0.197868
0.197467
0.197048
0.196652
0.196317
0.196076
0.19595
0.199544
0.199357
0.199004
0.198523
0.197962
0.197377
0.196826
0.196361
0.196026
0.195851
0.20086
0.200598
0.200101
0.199424
0.198637
0.197819
0.19705
0.196404
0.195939
0.195697
0.202703
0.202329
0.201625
0.200668
0.199559
0.198411
0.197338
0.196439
0.195794
0.195458
0.205291
0.204755
0.203748
0.202386
0.200817
0.199204
0.197703
0.196451
0.195557
0.195092
0.208943
0.208167
0.206716
0.204764
0.202533
0.200258
0.198157
0.196415
0.195177
0.194536
0.214134
0.212996
0.21088
0.208061
0.204871
0.201651
0.198706
0.196283
0.194576
0.193694
0.221572
0.219876
0.216752
0.212637
0.208044
0.203472
0.199345
0.195994
0.193639
0.19243
0.232342
0.229766
0.225072
0.21899
0.212326
0.205813
0.200033
0.195401
0.192187
0.190549
0.196177
0.196172
0.196164
0.196153
0.19614
0.196128
0.196116
0.196106
0.1961
0.196096
0.196208
0.1962
0.196188
0.196173
0.196156
0.196139
0.196123
0.19611
0.196101
0.196096
0.196247
0.196237
0.196221
0.196201
0.196178
0.196155
0.196133
0.196115
0.196102
0.196095
0.196299
0.196287
0.196266
0.196238
0.196207
0.196176
0.196146
0.196121
0.196103
0.196093
0.19637
0.196354
0.196326
0.196289
0.196247
0.196203
0.196162
0.196128
0.196103
0.196089
0.196466
0.196445
0.196408
0.196358
0.1963
0.19624
0.196184
0.196136
0.196101
0.196083
0.196599
0.19657
0.196519
0.196451
0.196372
0.196289
0.196211
0.196145
0.196098
0.196073
0.19678
0.196741
0.196671
0.196577
0.196468
0.196355
0.196248
0.196157
0.196092
0.196058
0.197026
0.196973
0.196877
0.196749
0.196599
0.196443
0.196296
0.196172
0.196082
0.196035
0.197362
0.197291
0.19716
0.196983
0.196777
0.196563
0.19636
0.196189
0.196065
0.196
0.197826
0.197729
0.19755
0.197305
0.197021
0.196724
0.196444
0.196206
0.196034
0.195944
0.198468
0.198336
0.198087
0.197748
0.197353
0.196941
0.196551
0.196222
0.195984
0.19586
0.199359
0.199176
0.198829
0.198357
0.197806
0.197231
0.196689
0.196233
0.195903
0.195732
0.2006
0.200343
0.199857
0.199194
0.198422
0.19762
0.196866
0.196232
0.195776
0.195538
0.202334
0.201969
0.201281
0.200345
0.199261
0.198139
0.197089
0.196209
0.195578
0.195249
0.204762
0.20424
0.20326
0.201933
0.200404
0.198831
0.197367
0.196146
0.195272
0.194818
0.208178
0.207425
0.206018
0.204124
0.201959
0.199748
0.197704
0.19601
0.194804
0.194179
0.213011
0.211913
0.209873
0.20715
0.204067
0.20095
0.198097
0.195749
0.194089
0.193232
0.219898
0.218274
0.215279
0.211329
0.206912
0.202507
0.198525
0.195283
0.193008
0.191838
0.229795
0.227349
0.222888
0.217091
0.210724
0.204484
0.198932
0.194475
0.191379
0.189798
0.196171
0.196165
0.196156
0.196145
0.196133
0.19612
0.196109
0.196099
0.196092
0.196089
0.196199
0.19619
0.196178
0.196163
0.196146
0.196129
0.196114
0.196101
0.196091
0.196086
0.196235
0.196224
0.196208
0.196188
0.196165
0.196142
0.19612
0.196102
0.196089
0.196082
0.196283
0.19627
0.196248
0.196221
0.19619
0.196159
0.196129
0.196104
0.196086
0.196076
0.196347
0.19633
0.196303
0.196266
0.196224
0.19618
0.196139
0.196105
0.19608
0.196066
0.196434
0.196412
0.196375
0.196326
0.196268
0.196208
0.196152
0.196105
0.19607
0.196052
0.196552
0.196524
0.196473
0.196406
0.196327
0.196245
0.196168
0.196103
0.196057
0.196032
0.196713
0.196675
0.196606
0.196514
0.196406
0.196295
0.19619
0.196101
0.196037
0.196004
0.196933
0.196881
0.196787
0.196661
0.196514
0.196362
0.196218
0.196097
0.196009
0.195963
0.197233
0.197164
0.197036
0.196863
0.196662
0.196453
0.196255
0.196087
0.195966
0.195902
0.197647
0.197553
0.197378
0.19714
0.196863
0.196574
0.196301
0.19607
0.195903
0.195815
0.198218
0.19809
0.197849
0.19752
0.197137
0.196737
0.196359
0.196039
0.195809
0.195688
0.19901
0.198832
0.198498
0.198041
0.197509
0.196954
0.19643
0.195988
0.19567
0.195504
0.200108
0.199861
0.199393
0.198755
0.198013
0.197242
0.196516
0.195906
0.195466
0.195237
0.201636
0.201287
0.200629
0.199734
0.198697
0.197623
0.196617
0.195773
0.195168
0.194852
0.203763
0.203267
0.202337
0.201077
0.199623
0.198126
0.196731
0.195565
0.194731
0.194298
0.206736
0.206028
0.204703
0.202918
0.200873
0.198783
0.196847
0.19524
0.194095
0.193501
0.210909
0.209887
0.207984
0.205441
0.202554
0.199629
0.196945
0.194734
0.193167
0.192356
0.216792
0.215298
0.21254
0.208891
0.204796
0.200698
0.196982
0.193949
0.191816
0.190719
0.225129
0.222914
0.218866
0.213583
0.20775
0.202006
0.19687
0.192737
0.189857
0.188384
0.196163
0.196156
0.196147
0.196135
0.196123
0.19611
0.196099
0.196089
0.196082
0.196079
0.196186
0.196178
0.196165
0.19615
0.196133
0.196116
0.196101
0.196087
0.196078
0.196073
0.196218
0.196207
0.196191
0.19617
0.196148
0.196125
0.196103
0.196085
0.196072
0.196065
0.19626
0.196246
0.196225
0.196198
0.196167
0.196135
0.196105
0.19608
0.196062
0.196053
0.196315
0.196298
0.19627
0.196234
0.196192
0.196148
0.196107
0.196073
0.196048
0.196035
0.196389
0.196367
0.19633
0.19628
0.196223
0.196164
0.196109
0.196062
0.196028
0.196011
0.196487
0.196459
0.196409
0.196342
0.196265
0.196185
0.19611
0.196046
0.196
0.195977
0.196622
0.196584
0.196517
0.196426
0.196322
0.196213
0.19611
0.196024
0.195962
0.195929
0.196805
0.196755
0.196664
0.196541
0.196399
0.196251
0.196111
0.195993
0.195908
0.195863
0.197056
0.196989
0.196866
0.196698
0.196504
0.196302
0.19611
0.195948
0.195831
0.195769
0.197401
0.197311
0.197143
0.196914
0.196648
0.19637
0.196106
0.195883
0.195722
0.195638
0.197877
0.197754
0.197523
0.197208
0.196842
0.196458
0.196096
0.195789
0.195568
0.195452
0.198532
0.198363
0.198044
0.19761
0.197103
0.196574
0.196075
0.195653
0.19535
0.195191
0.199436
0.199201
0.198759
0.198156
0.197455
0.196724
0.196037
0.195458
0.195041
0.194823
0.200684
0.200356
0.199739
0.1989
0.197927
0.196917
0.195971
0.195176
0.194605
0.194307
0.202406
0.201947
0.201084
0.199913
0.19856
0.197164
0.195861
0.194772
0.193991
0.193585
0.204792
0.204143
0.202927
0.201287
0.199403
0.197472
0.19568
0.19419
0.193126
0.192574
0.2081
0.207176
0.205454
0.203145
0.200516
0.197844
0.195384
0.193352
0.19191
0.191163
0.212692
0.211363
0.208907
0.205644
0.201967
0.19827
0.194902
0.192144
0.190199
0.189197
0.21907
0.21714
0.213605
0.208968
0.203814
0.198706
0.194115
0.190398
0.187798
0.186466
0.196152
0.196145
0.196136
0.196124
0.196112
0.196099
0.196088
0.196078
0.196071
0.196067
0.196172
0.196163
0.196151
0.196135
0.196118
0.196101
0.196085
0.196072
0.196063
0.196058
0.196198
0.196187
0.196171
0.19615
0.196127
0.196104
0.196082
0.196064
0.196051
0.196044
0.196232
0.196219
0.196197
0.19617
0.196139
0.196107
0.196077
0.196052
0.196035
0.196025
0.196277
0.196259
0.196231
0.196195
0.196153
0.19611
0.196069
0.196036
0.196011
0.195999
0.196334
0.196312
0.196275
0.196226
0.19617
0.196112
0.196058
0.196012
0.195979
0.195962
0.196411
0.196383
0.196334
0.196268
0.196193
0.196114
0.196041
0.195979
0.195935
0.195912
0.196515
0.196478
0.196412
0.196324
0.196223
0.196117
0.196018
0.195934
0.195874
0.195842
0.196655
0.196607
0.19652
0.196401
0.196264
0.196121
0.195986
0.195872
0.195789
0.195745
0.196848
0.196785
0.196667
0.196507
0.19632
0.196126
0.195942
0.195785
0.195672
0.195612
0.197115
0.197029
0.196868
0.19665
0.196396
0.19613
0.195878
0.195664
0.19551
0.195429
0.19748
0.197362
0.197143
0.196844
0.196496
0.196132
0.195788
0.195496
0.195285
0.195175
0.197976
0.197816
0.197515
0.197106
0.196629
0.19613
0.195659
0.195261
0.194974
0.194824
0.198653
0.198434
0.198021
0.197459
0.196803
0.19612
0.195476
0.194934
0.194543
0.194338
0.199579
0.199277
0.198707
0.197932
0.197031
0.196095
0.195217
0.194479
0.193947
0.19367
0.200843
0.200424
0.199636
0.198566
0.197327
0.196047
0.19485
0.193847
0.193127
0.192753
0.202567
0.201984
0.200891
0.199411
0.197707
0.195957
0.194328
0.19297
0.192
0.191495
0.204917
0.204101
0.202576
0.200527
0.198183
0.195793
0.193584
0.191754
0.190452
0.189777
0.208107
0.206957
0.204825
0.20198
0.198757
0.195499
0.192517
0.190065
0.18833
0.187434
0.212418
0.210787
0.207789
0.203832
0.199403
0.19498
0.190979
0.187719
0.185431
0.184255
0.196142
0.196134
0.196125
0.196113
0.1961
0.196088
0.196076
0.196066
0.196059
0.196055
0.196157
0.196148
0.196135
0.19612
0.196103
0.196086
0.196069
0.196056
0.196047
0.196042
0.196177
0.196166
0.196149
0.196129
0.196106
0.196082
0.19606
0.196042
0.19603
0.196023
0.196203
0.196189
0.196167
0.19614
0.196109
0.196077
0.196048
0.196023
0.196006
0.195997
0.196235
0.196218
0.19619
0.196153
0.196112
0.196069
0.19603
0.195997
0.195973
0.195961
0.196276
0.196254
0.196218
0.196169
0.196114
0.196057
0.196004
0.19596
0.195928
0.195911
0.19633
0.196302
0.196254
0.19619
0.196117
0.19604
0.195969
0.195909
0.195866
0.195843
0.196402
0.196367
0.196303
0.196218
0.19612
0.196017
0.195921
0.19584
0.195781
0.19575
0.196499
0.196454
0.19637
0.196256
0.196123
0.195986
0.195855
0.195745
0.195664
0.195622
0.196633
0.196573
0.19646
0.196307
0.196128
0.195942
0.195765
0.195614
0.195505
0.195448
0.196817
0.196735
0.196582
0.196374
0.196133
0.195879
0.195639
0.195435
0.195287
0.19521
0.197064
0.196953
0.196746
0.196464
0.196135
0.195791
0.195465
0.195188
0.194989
0.194885
0.197395
0.197244
0.196964
0.196581
0.196133
0.195666
0.195224
0.19485
0.19458
0.194439
0.197839
0.197636
0.197254
0.196732
0.196124
0.195489
0.194891
0.194386
0.194021
0.193831
0.198437
0.19816
0.197638
0.196927
0.1961
0.19524
0.194432
0.193751
0.193261
0.193005
0.199235
0.198856
0.198144
0.197175
0.196052
0.194889
0.1938
0.192885
0.192228
0.191886
0.200296
0.199778
0.198805
0.197486
0.195963
0.194393
0.192929
0.191706
0.19083
0.190374
0.201699
0.200989
0.199657
0.197861
0.1958
0.193689
0.191731
0.190103
0.188942
0.188339
0.203534
0.202557
0.200734
0.198291
0.195509
0.192681
0.190078
0.187929
0.186403
0.185613
0.205902
0.204552
0.202053
0.198735
0.194993
0.191228
0.187796
0.184984
0.183001
0.18198
0.196132
0.196124
0.196114
0.196103
0.19609
0.196077
0.196065
0.196055
0.196048
0.196044
0.196143
0.196134
0.196121
0.196105
0.196088
0.19607
0.196054
0.196041
0.196032
0.196027
0.196156
0.196145
0.196128
0.196108
0.196084
0.196061
0.19604
0.196022
0.19601
0.196003
0.196173
0.196159
0.196138
0.19611
0.19608
0.196048
0.19602
0.195996
0.195979
0.195971
0.196194
0.196176
0.196149
0.196113
0.196072
0.196031
0.195992
0.19596
0.195937
0.195925
0.196219
0.196198
0.196162
0.196115
0.196061
0.196006
0.195954
0.19591
0.195879
0.195863
0.196253
0.196226
0.196179
0.196117
0.196045
0.195971
0.195901
0.195843
0.1958
0.195778
0.196296
0.196262
0.196201
0.196118
0.196023
0.195923
0.19583
0.19575
0.195693
0.195663
0.196353
0.196309
0.196229
0.196119
0.195991
0.195858
0.195732
0.195624
0.195546
0.195506
0.196431
0.196373
0.196265
0.196118
0.195946
0.195767
0.195597
0.195452
0.195347
0.195293
0.196535
0.196457
0.196311
0.196114
0.195883
0.195642
0.195412
0.195217
0.195076
0.195003
0.196671
0.196566
0.19637
0.196104
0.195794
0.195468
0.195159
0.194897
0.194708
0.194609
0.196846
0.196706
0.196443
0.196085
0.195666
0.195227
0.194812
0.194461
0.194207
0.194074
0.197075
0.196886
0.196532
0.196048
0.195484
0.194894
0.194338
0.193868
0.193529
0.193351
0.197368
0.197114
0.196636
0.195984
0.195226
0.194436
0.193692
0.193065
0.192613
0.192377
0.197737
0.197395
0.196753
0.195877
0.194859
0.193804
0.192813
0.19198
0.191381
0.191068
0.198197
0.197738
0.196874
0.195699
0.194339
0.192934
0.19162
0.19052
0.18973
0.189319
0.198755
0.198138
0.196977
0.195406
0.193597
0.191736
0.190005
0.188561
0.187528
0.186991
0.199403
0.198574
0.197019
0.194927
0.192532
0.190084
0.18782
0.185942
0.184605
0.183911
0.200107
0.198995
0.196919
0.194147
0.190997
0.187803
0.184872
0.182456
0.180745
0.179862
0.196124
0.196116
0.196106
0.196094
0.19608
0.196067
0.196055
0.196045
0.196039
0.196035
0.196131
0.196121
0.196108
0.196092
0.196074
0.196057
0.196041
0.196028
0.196019
0.196015
0.196138
0.196127
0.19611
0.196089
0.196066
0.196043
0.196022
0.196005
0.195993
0.195987
0.196146
0.196133
0.196112
0.196085
0.196055
0.196024
0.195996
0.195973
0.195957
0.195948
0.196157
0.196141
0.196114
0.196079
0.196039
0.195998
0.19596
0.195929
0.195907
0.195895
0.19617
0.19615
0.196115
0.196069
0.196016
0.195962
0.195911
0.195869
0.195838
0.195822
0.196187
0.196161
0.196116
0.196055
0.195985
0.195912
0.195844
0.195786
0.195745
0.195723
0.196207
0.196174
0.196114
0.196034
0.195941
0.195844
0.195752
0.195675
0.195618
0.195589
0.196231
0.196188
0.196109
0.196003
0.195879
0.19575
0.195627
0.195522
0.195447
0.195407
0.19626
0.196204
0.196099
0.195958
0.195793
0.19562
0.195455
0.195315
0.195214
0.195161
0.196296
0.196221
0.196082
0.195893
0.195672
0.195441
0.19522
0.195033
0.194897
0.194827
0.196338
0.196239
0.196053
0.1958
0.195505
0.195195
0.1949
0.19465
0.19447
0.194375
0.196385
0.196252
0.196004
0.195666
0.195271
0.194856
0.194463
0.194131
0.193891
0.193765
0.196432
0.196255
0.195924
0.195473
0.194944
0.194392
0.193871
0.19343
0.193112
0.192945
0.196472
0.196236
0.195795
0.195193
0.19449
0.193758
0.193068
0.192485
0.192065
0.191846
0.196488
0.196175
0.19559
0.19479
0.19386
0.192892
0.191983
0.191217
0.190666
0.190378
0.196458
0.196047
0.195269
0.194211
0.192984
0.191714
0.190523
0.189523
0.188805
0.18843
0.196334
0.195791
0.194766
0.193376
0.191769
0.190111
0.188564
0.18727
0.186342
0.185858
0.196045
0.19533
0.193986
0.192171
0.190082
0.187937
0.185945
0.184286
0.183101
0.182485
0.195465
0.194531
0.192782
0.19043
0.187739
0.184994
0.18246
0.18036
0.178867
0.178094
0.196118
0.19611
0.196099
0.196087
0.196073
0.19606
0.196048
0.196039
0.196032
0.196029
0.196122
0.196112
0.196098
0.196082
0.196065
0.196047
0.196032
0.196019
0.196011
0.196006
0.196124
0.196113
0.196096
0.196076
0.196053
0.19603
0.19601
0.195993
0.195981
0.195975
0.196126
0.196113
0.196093
0.196066
0.196037
0.196007
0.195979
0.195957
0.19594
0.195932
0.19613
0.196114
0.196088
0.196054
0.196015
0.195975
0.195938
0.195907
0.195884
0.195873
0.196134
0.196115
0.196081
0.196036
0.195985
0.195931
0.195881
0.195838
0.195808
0.195792
0.196139
0.196115
0.19607
0.196011
0.195942
0.19587
0.195803
0.195746
0.195704
0.195683
0.196144
0.196111
0.196052
0.195973
0.195882
0.195786
0.195696
0.19562
0.195564
0.195536
0.196143
0.1961
0.196023
0.195919
0.195798
0.195671
0.195551
0.195449
0.195375
0.195336
0.196136
0.196081
0.19598
0.195842
0.195681
0.195513
0.195352
0.195216
0.195117
0.195066
0.196123
0.196051
0.195916
0.195733
0.19552
0.195295
0.195081
0.1949
0.194768
0.1947
0.196098
0.196003
0.195824
0.195581
0.195296
0.194997
0.194712
0.194472
0.194298
0.194207
0.196052
0.195925
0.195688
0.195365
0.194986
0.194588
0.194212
0.193893
0.193663
0.193543
0.195969
0.195802
0.195488
0.195058
0.194555
0.19403
0.193534
0.193114
0.19281
0.192652
0.195828
0.195607
0.195192
0.194624
0.193961
0.19327
0.192618
0.192067
0.19167
0.191462
0.195596
0.195305
0.194759
0.194012
0.193142
0.192238
0.191386
0.190669
0.190151
0.18988
0.195221
0.19484
0.194124
0.193148
0.192015
0.19084
0.189736
0.188808
0.188139
0.18779
0.194625
0.19413
0.193199
0.191934
0.190468
0.188952
0.187534
0.186344
0.18549
0.185045
0.193692
0.193053
0.191853
0.190226
0.188348
0.186413
0.18461
0.183103
0.182024
0.181463
0.192248
0.191431
0.189899
0.187829
0.18545
0.183013
0.180751
0.178869
0.177526
0.17683
0.196116
0.196107
0.196096
0.196083
0.19607
0.196057
0.196045
0.196035
0.196029
0.196026
0.196117
0.196107
0.196093
0.196077
0.19606
0.196043
0.196027
0.196015
0.196006
0.196002
0.196116
0.196105
0.196089
0.196068
0.196046
0.196024
0.196003
0.195987
0.195975
0.195969
0.196115
0.196103
0.196083
0.196057
0.196028
0.195998
0.195971
0.195948
0.195932
0.195923
0.196115
0.1961
0.196075
0.196041
0.196003
0.195963
0.195926
0.195895
0.195873
0.195861
0.196115
0.196097
0.196064
0.19602
0.195968
0.195915
0.195865
0.195823
0.195792
0.195777
0.196115
0.196091
0.196047
0.195988
0.195919
0.195848
0.195781
0.195725
0.195684
0.195662
0.196111
0.196078
0.196019
0.195941
0.195851
0.195756
0.195667
0.195591
0.195537
0.195508
0.196097
0.196054
0.195978
0.195875
0.195755
0.19563
0.195511
0.19541
0.195337
0.195299
0.196071
0.196017
0.195917
0.195781
0.195623
0.195457
0.195299
0.195164
0.195067
0.195016
0.196033
0.195962
0.19583
0.19565
0.19544
0.195219
0.195009
0.19483
0.194701
0.194634
0.195974
0.195879
0.195704
0.195466
0.195187
0.194893
0.194614
0.194378
0.194208
0.194119
0.195878
0.195754
0.195523
0.195207
0.194836
0.194448
0.19408
0.193769
0.193544
0.193426
0.195727
0.195565
0.19526
0.194842
0.194352
0.19384
0.193357
0.192949
0.192653
0.192498
0.195494
0.19528
0.194878
0.194327
0.193685
0.193015
0.192383
0.191849
0.191463
0.191261
0.195132
0.194852
0.194326
0.193606
0.192768
0.191897
0.191075
0.190382
0.189882
0.18962
0.194578
0.194215
0.193531
0.192597
0.191512
0.190385
0.189325
0.188434
0.187792
0.187456
0.193743
0.193273
0.192389
0.191188
0.189794
0.18835
0.186998
0.185862
0.185046
0.18462
0.192486
0.191883
0.190755
0.189224
0.187453
0.185625
0.183918
0.182489
0.181464
0.180931
0.190611
0.18985
0.188426
0.186497
0.184275
0.181993
0.179869
0.178097
0.176831
0.176174
)
;

boundaryField
{
    lowerSideWalls
    {
        type            fixedFluxPressure;
        gradient        uniform 0;
        value           nonuniform List<scalar> 
800
(
392.204
392.204
392.204
392.204
392.204
392.204
392.204
392.204
0.196243
0.196126
0.196127
0.196128
0.196128
0.196125
0.196122
0.196117
0.196114
0.196115
0.19612
0.196126
392.204
392.204
392.204
392.204
392.204
392.204
392.204
392.204
0.196179
0.196127
0.196127
0.196127
0.196125
0.196123
0.196118
0.196114
0.196112
0.196112
0.196116
0.196119
392.204
392.204
392.204
392.204
392.204
392.204
392.204
392.204
0.196169
0.196127
0.196127
0.196126
0.196123
0.19612
0.196115
0.196111
0.196108
0.196108
0.196109
0.196111
392.204
392.204
392.204
392.204
392.204
392.204
392.204
392.204
0.196152
0.196128
0.196127
0.196125
0.196121
0.196117
0.196112
0.196108
0.196104
0.196102
0.196101
0.1961
392.204
392.204
392.204
392.204
392.204
392.204
392.204
392.204
0.196138
0.196129
0.196127
0.196124
0.19612
0.196115
0.196109
0.196104
0.196099
0.196096
0.196092
0.196089
392.204
392.204
392.204
392.204
392.204
392.204
392.204
392.204
0.196145
0.196129
0.196126
0.196122
0.196118
0.196112
0.196106
0.1961
0.196095
0.196089
0.196084
0.196077
392.204
392.204
392.204
392.204
392.204
392.204
392.204
392.204
0.196147
0.196129
0.196126
0.196121
0.196116
0.19611
0.196104
0.196097
0.19609
0.196083
0.196076
0.196067
392.204
392.204
392.204
392.204
392.204
392.204
392.204
392.204
0.196147
0.196129
0.196126
0.19612
0.196115
0.196108
0.196101
0.196094
0.196086
0.196078
0.196069
0.196058
392.204
392.204
392.204
392.204
392.204
392.204
392.204
392.204
0.196147
0.196129
0.196125
0.19612
0.196113
0.196107
0.196099
0.196092
0.196084
0.196075
0.196064
0.196052
392.204
392.204
392.204
392.204
392.204
392.204
392.204
392.204
0.196149
0.196129
0.196125
0.196119
0.196113
0.196106
0.196099
0.196091
0.196082
0.196073
0.196062
0.19605
392.204
392.204
392.204
392.204
392.204
392.204
392.204
392.204
0.196149
0.196129
0.196125
0.196119
0.196113
0.196106
0.196099
0.196091
0.196082
0.196073
0.196062
0.19605
392.204
392.204
392.204
392.204
392.204
392.204
392.204
392.204
0.196145
0.196128
0.196124
0.196118
0.196112
0.196106
0.196099
0.196091
0.196083
0.196074
0.196064
0.196052
392.204
392.204
392.204
392.204
392.204
392.204
392.204
392.204
0.196144
0.196127
0.196123
0.196117
0.196112
0.196106
0.1961
0.196093
0.196086
0.196077
0.196068
0.196057
392.204
392.204
392.204
392.204
392.204
392.204
392.204
392.204
0.196144
0.196125
0.196121
0.196116
0.196111
0.196106
0.196101
0.196095
0.196089
0.196081
0.196073
0.196063
392.204
392.204
392.204
392.204
392.204
392.204
392.204
392.204
0.196142
0.196123
0.196119
0.196115
0.19611
0.196106
0.196102
0.196097
0.196092
0.196086
0.196079
0.196071
392.204
392.204
392.204
392.204
392.204
392.204
392.204
392.204
0.196139
0.196121
0.196118
0.196113
0.19611
0.196106
0.196103
0.196099
0.196095
0.19609
0.196085
0.196079
392.204
392.204
392.204
392.204
392.204
392.204
392.204
392.204
0.196137
0.196119
0.196116
0.196112
0.196109
0.196106
0.196103
0.1961
0.196097
0.196094
0.196091
0.196087
392.204
392.204
392.204
392.204
392.204
392.204
392.204
392.204
0.196135
0.196117
0.196115
0.196111
0.196109
0.196106
0.196104
0.196101
0.196099
0.196097
0.196095
0.196093
392.204
392.204
392.204
392.204
392.204
392.204
392.204
392.204
0.196133
0.196116
0.196114
0.196111
0.196108
0.196106
0.196103
0.196101
0.1961
0.196098
0.196098
0.196098
392.204
392.204
392.204
392.204
392.204
392.204
392.204
392.204
0.196132
0.196115
0.196113
0.19611
0.196107
0.196105
0.196102
0.196101
0.196099
0.196099
0.196099
0.1961
392.204
392.204
392.204
392.204
392.204
392.204
392.204
392.204
0.196131
0.196114
0.196112
0.19611
0.196107
0.196104
0.196101
0.1961
0.196098
0.196098
0.196098
0.196099
392.204
392.204
392.204
392.204
392.204
392.204
392.204
392.204
0.196132
0.196114
0.196112
0.19611
0.196106
0.196103
0.1961
0.196098
0.196097
0.196096
0.196096
0.196096
392.204
392.204
392.204
392.204
392.204
392.204
392.204
392.204
0.196133
0.196114
0.196113
0.19611
0.196106
0.196103
0.196099
0.196096
0.196094
0.196093
0.196091
0.19609
392.204
392.204
392.204
392.204
392.204
392.204
392.204
392.204
0.196134
0.196115
0.196113
0.19611
0.196106
0.196102
0.196098
0.196095
0.196091
0.196089
0.196086
0.196083
392.204
392.204
392.204
392.204
392.204
392.204
392.204
392.204
0.196136
0.196116
0.196114
0.196111
0.196107
0.196102
0.196097
0.196093
0.196088
0.196084
0.19608
0.196075
392.204
392.204
392.204
392.204
392.204
392.204
392.204
392.204
0.196137
0.196118
0.196116
0.196112
0.196108
0.196102
0.196096
0.19609
0.196085
0.19608
0.196073
0.196066
392.204
392.204
392.204
392.204
392.204
392.204
392.204
392.204
0.196138
0.196119
0.196117
0.196113
0.196108
0.196102
0.196095
0.196089
0.196082
0.196075
0.196067
0.196057
392.204
392.204
392.204
392.204
392.204
392.204
392.204
392.204
0.196136
0.19612
0.196118
0.196114
0.196109
0.196102
0.196095
0.196087
0.196079
0.196071
0.196061
0.19605
392.204
392.204
392.204
392.204
392.204
392.204
392.204
392.204
0.196136
0.196121
0.196119
0.196115
0.196109
0.196102
0.196094
0.196086
0.196077
0.196068
0.196058
0.196045
392.204
392.204
392.204
392.204
392.204
392.204
392.204
392.204
0.196139
0.196121
0.196119
0.196115
0.196109
0.196102
0.196094
0.196085
0.196076
0.196067
0.196056
0.196043
392.204
392.204
392.204
392.204
392.204
392.204
392.204
392.204
0.196275
0.196137
0.196129
0.196119
0.196108
0.196099
0.196094
0.196094
0.196096
0.196099
0.196104
0.196111
392.204
392.204
392.204
392.204
392.204
392.204
392.204
392.204
0.196202
0.196135
0.196128
0.196119
0.196109
0.1961
0.196095
0.196094
0.196094
0.196097
0.1961
0.196104
392.204
392.204
392.204
392.204
392.204
392.204
392.204
392.204
0.196179
0.196133
0.196127
0.196118
0.196109
0.196101
0.196096
0.196093
0.196092
0.196093
0.196095
0.196096
392.204
392.204
392.204
392.204
392.204
392.204
392.204
392.204
0.196166
0.196131
0.196125
0.196117
0.196109
0.196101
0.196096
0.196092
0.19609
0.19609
0.196089
0.196087
392.204
392.204
392.204
392.204
392.204
392.204
392.204
392.204
0.196143
0.196129
0.196124
0.196117
0.196109
0.196101
0.196095
0.196091
0.196088
0.196085
0.196082
0.196077
392.204
392.204
392.204
392.204
392.204
392.204
392.204
392.204
0.196145
0.196127
0.196123
0.196116
0.196109
0.196102
0.196095
0.19609
0.196085
0.19608
0.196074
0.196067
392.204
392.204
392.204
392.204
392.204
392.204
392.204
392.204
0.196144
0.196125
0.196121
0.196116
0.196109
0.196102
0.196095
0.196089
0.196082
0.196075
0.196067
0.196058
392.204
392.204
392.204
392.204
392.204
392.204
392.204
392.204
0.19614
0.196123
0.19612
0.196116
0.196109
0.196102
0.196095
0.196087
0.196079
0.196071
0.196062
0.19605
392.204
392.204
392.204
392.204
392.204
392.204
392.204
392.204
0.196138
0.196122
0.19612
0.196115
0.196109
0.196102
0.196094
0.196086
0.196077
0.196068
0.196058
0.196045
392.204
392.204
392.204
392.204
392.204
392.204
392.204
392.204
0.196139
0.196121
0.196119
0.196115
0.196109
0.196102
0.196094
0.196085
0.196076
0.196067
0.196056
0.196043
)
;
    }
    upperSideWalls
    {
        type            fixedFluxPressure;
        gradient        uniform 0;
        value           nonuniform List<scalar> 
800
(
0.19613
0.19613
0.19613
0.196131
0.196134
0.196136
0.196133
0.196122
0.196102
0.196072
0.196026
0.195956
0.195849
0.195686
0.195438
0.195062
0.194494
0.193639
0.192363
0.190468
0.196122
0.196121
0.19612
0.196119
0.196118
0.196114
0.196105
0.196088
0.19606
0.196018
0.195956
0.195864
0.195728
0.195527
0.195229
0.194789
0.194139
0.193181
0.191777
0.189727
0.19611
0.196108
0.196104
0.196098
0.196091
0.19608
0.19606
0.19603
0.195985
0.19592
0.195826
0.195692
0.1955
0.195225
0.194832
0.194269
0.193464
0.192311
0.190665
0.188321
0.196097
0.196091
0.196083
0.196072
0.196057
0.196035
0.196002
0.195953
0.195884
0.195785
0.195648
0.195455
0.195186
0.194811
0.194288
0.193558
0.19254
0.191122
0.189149
0.186412
0.196083
0.196074
0.196061
0.196043
0.196018
0.195984
0.195934
0.195864
0.195766
0.195629
0.195439
0.195178
0.194819
0.194326
0.193651
0.192727
0.191464
0.189739
0.187391
0.184207
0.196068
0.196056
0.196038
0.196013
0.195979
0.195931
0.195865
0.195772
0.195643
0.195465
0.195221
0.194888
0.194434
0.19382
0.192987
0.191861
0.190344
0.188304
0.185573
0.181935
0.196055
0.196039
0.196017
0.195986
0.195942
0.195883
0.1958
0.195685
0.195527
0.195309
0.195014
0.194613
0.194071
0.19334
0.192359
0.191044
0.189289
0.186957
0.183873
0.179819
0.196044
0.196025
0.195999
0.195963
0.195912
0.195842
0.195745
0.195611
0.195428
0.195178
0.194838
0.19438
0.193762
0.192934
0.191828
0.190354
0.188401
0.185826
0.182449
0.178054
0.196037
0.196016
0.195987
0.195946
0.19589
0.195813
0.195705
0.195558
0.195356
0.195082
0.194711
0.194211
0.193539
0.19264
0.191444
0.189857
0.187763
0.185014
0.181429
0.176794
0.196033
0.196011
0.19598
0.195938
0.195879
0.195797
0.195685
0.19553
0.195319
0.195032
0.194644
0.194122
0.193421
0.192486
0.191243
0.189597
0.187429
0.18459
0.180898
0.176139
0.196033
0.196011
0.19598
0.195938
0.195879
0.195797
0.195685
0.19553
0.195319
0.195032
0.194644
0.194122
0.193421
0.192486
0.191243
0.189597
0.187429
0.18459
0.180898
0.176139
0.196036
0.196015
0.195986
0.195946
0.19589
0.195812
0.195705
0.195557
0.195355
0.195081
0.19471
0.194209
0.193538
0.19264
0.191444
0.189858
0.187764
0.185016
0.181431
0.176795
0.196043
0.196024
0.195997
0.195961
0.195911
0.195841
0.195743
0.195609
0.195425
0.195175
0.194835
0.194377
0.19376
0.192933
0.191828
0.190357
0.188405
0.185831
0.182455
0.178061
0.196051
0.196035
0.196013
0.195983
0.19594
0.19588
0.195796
0.19568
0.195522
0.195304
0.195009
0.194609
0.194068
0.193339
0.19236
0.191048
0.189296
0.186965
0.183884
0.179833
0.196061
0.196049
0.196032
0.196008
0.195974
0.195926
0.195858
0.195765
0.195635
0.195458
0.195214
0.194883
0.194432
0.19382
0.19299
0.191868
0.190353
0.188317
0.18559
0.181956
0.196072
0.196063
0.196051
0.196034
0.196009
0.195974
0.195924
0.195853
0.195755
0.195619
0.195431
0.195172
0.194816
0.194328
0.193657
0.192737
0.191478
0.189758
0.187416
0.184237
0.196083
0.196077
0.19607
0.196059
0.196043
0.196019
0.195986
0.195938
0.195869
0.195773
0.195638
0.195449
0.195184
0.194814
0.194296
0.193572
0.19256
0.191148
0.189181
0.186451
0.196091
0.196089
0.196086
0.19608
0.196072
0.196058
0.196038
0.196009
0.195967
0.195905
0.195815
0.195685
0.195499
0.195231
0.194844
0.194288
0.19349
0.192345
0.190707
0.188372
0.196098
0.196098
0.196097
0.196096
0.196092
0.196086
0.196077
0.196061
0.196038
0.196
0.195943
0.195858
0.195729
0.195535
0.195245
0.194813
0.194172
0.193225
0.191831
0.189791
0.196101
0.196102
0.196103
0.196104
0.196103
0.196101
0.196096
0.196088
0.196074
0.196051
0.196012
0.195949
0.19585
0.195696
0.195457
0.19509
0.194533
0.193691
0.192428
0.190546
0.1961
0.196102
0.196103
0.196103
0.196102
0.196099
0.196095
0.196087
0.196074
0.196051
0.196012
0.19595
0.195851
0.195697
0.195458
0.195092
0.194536
0.193694
0.19243
0.190549
0.196096
0.196096
0.196095
0.196093
0.196089
0.196083
0.196073
0.196058
0.196035
0.196
0.195944
0.19586
0.195732
0.195538
0.195249
0.194818
0.194179
0.193232
0.191838
0.189798
0.196089
0.196086
0.196082
0.196076
0.196066
0.196052
0.196032
0.196004
0.195963
0.195902
0.195815
0.195688
0.195504
0.195237
0.194852
0.194298
0.193501
0.192356
0.190719
0.188384
0.196079
0.196073
0.196065
0.196053
0.196035
0.196011
0.195977
0.195929
0.195863
0.195769
0.195638
0.195452
0.195191
0.194823
0.194307
0.193585
0.192574
0.191163
0.189197
0.186466
0.196067
0.196058
0.196044
0.196025
0.195999
0.195962
0.195912
0.195842
0.195745
0.195612
0.195429
0.195175
0.194824
0.194338
0.19367
0.192753
0.191495
0.189777
0.187434
0.184255
0.196055
0.196042
0.196023
0.195997
0.195961
0.195911
0.195843
0.19575
0.195622
0.195448
0.19521
0.194885
0.194439
0.193831
0.193005
0.191886
0.190374
0.188339
0.185613
0.18198
0.196044
0.196027
0.196003
0.195971
0.195925
0.195863
0.195778
0.195663
0.195506
0.195293
0.195003
0.194609
0.194074
0.193351
0.192377
0.191068
0.189319
0.186991
0.183911
0.179862
0.196035
0.196015
0.195987
0.195948
0.195895
0.195822
0.195723
0.195589
0.195407
0.195161
0.194827
0.194375
0.193765
0.192945
0.191846
0.190378
0.18843
0.185858
0.182485
0.178094
0.196029
0.196006
0.195975
0.195932
0.195873
0.195792
0.195683
0.195536
0.195336
0.195066
0.1947
0.194207
0.193543
0.192652
0.191462
0.18988
0.18779
0.185045
0.181463
0.17683
0.196026
0.196002
0.195969
0.195923
0.195861
0.195777
0.195662
0.195508
0.195299
0.195016
0.194634
0.194119
0.193426
0.192498
0.191261
0.18962
0.187456
0.18462
0.180931
0.176174
0.196116
0.196117
0.196116
0.196115
0.196115
0.196115
0.196115
0.196111
0.196097
0.196071
0.196033
0.195974
0.195878
0.195727
0.195494
0.195132
0.194578
0.193743
0.192486
0.190611
0.196107
0.196107
0.196105
0.196103
0.1961
0.196097
0.196091
0.196078
0.196054
0.196017
0.195962
0.195879
0.195754
0.195565
0.19528
0.194852
0.194215
0.193273
0.191883
0.18985
0.196096
0.196093
0.196089
0.196083
0.196075
0.196064
0.196047
0.196019
0.195978
0.195917
0.19583
0.195704
0.195523
0.19526
0.194878
0.194326
0.193531
0.192389
0.190755
0.188426
0.196083
0.196077
0.196068
0.196057
0.196041
0.19602
0.195988
0.195941
0.195875
0.195781
0.19565
0.195466
0.195207
0.194842
0.194327
0.193606
0.192597
0.191188
0.189224
0.186497
0.19607
0.19606
0.196046
0.196028
0.196003
0.195968
0.195919
0.195851
0.195755
0.195623
0.19544
0.195187
0.194836
0.194352
0.193685
0.192768
0.191512
0.189794
0.187453
0.184275
0.196057
0.196043
0.196024
0.195998
0.195963
0.195915
0.195848
0.195756
0.19563
0.195457
0.195219
0.194893
0.194448
0.19384
0.193015
0.191897
0.190385
0.18835
0.185625
0.181993
0.196045
0.196027
0.196003
0.195971
0.195926
0.195865
0.195781
0.195667
0.195511
0.195299
0.195009
0.194614
0.19408
0.193357
0.192383
0.191075
0.189325
0.186998
0.183918
0.179869
0.196035
0.196015
0.195987
0.195948
0.195895
0.195823
0.195725
0.195591
0.19541
0.195164
0.19483
0.194378
0.193769
0.192949
0.191849
0.190382
0.188434
0.185862
0.182489
0.178097
0.196029
0.196006
0.195975
0.195932
0.195873
0.195792
0.195684
0.195537
0.195337
0.195067
0.194701
0.194208
0.193544
0.192653
0.191463
0.189882
0.187792
0.185046
0.181464
0.176831
0.196026
0.196002
0.195969
0.195923
0.195861
0.195777
0.195662
0.195508
0.195299
0.195016
0.194634
0.194119
0.193426
0.192498
0.191261
0.18962
0.187456
0.18462
0.180931
0.176174
)
;
    }
    lowerWall
    {
        type            fixedFluxPressure;
        gradient        uniform 0;
        value           nonuniform List<scalar> 
200
(
392.204
392.204
392.204
392.204
392.204
392.204
392.204
392.204
392.204
392.204
392.204
392.204
392.204
392.204
392.204
392.204
392.204
392.204
392.204
392.204
392.204
392.204
392.204
392.204
392.204
392.204
392.204
392.204
392.204
392.204
392.204
392.204
392.204
392.204
392.204
392.204
392.204
392.204
392.204
392.204
392.204
392.204
392.204
392.204
392.204
392.204
392.204
392.204
392.204
392.204
392.204
392.204
392.204
392.204
392.204
392.204
392.204
392.204
392.204
392.204
392.204
392.204
392.204
392.204
392.204
392.204
392.204
392.204
392.204
392.204
392.204
392.204
392.204
392.204
392.204
392.204
392.204
392.204
392.204
392.204
392.204
392.204
392.204
392.204
392.204
392.204
392.204
392.204
392.204
392.204
392.204
392.204
392.204
392.204
392.204
392.204
392.204
392.204
392.204
392.204
392.204
392.204
392.204
392.204
392.204
392.204
392.204
392.204
392.204
392.204
392.204
392.204
392.204
392.204
392.204
392.204
392.204
392.204
392.204
392.204
392.204
392.204
392.204
392.204
392.204
392.204
392.204
392.204
392.204
392.204
392.204
392.204
392.204
392.204
392.204
392.204
392.204
392.204
392.204
392.204
392.204
392.204
392.204
392.204
392.204
392.204
392.204
392.204
392.204
392.204
392.204
392.204
392.204
392.204
392.204
392.204
392.204
392.204
392.204
392.204
392.204
392.204
392.204
392.204
392.204
392.204
392.204
392.204
392.204
392.204
392.204
392.204
392.204
392.204
392.204
392.204
392.204
392.204
392.204
392.204
392.204
392.204
392.204
392.204
392.204
392.204
392.204
392.204
392.204
392.204
392.204
392.204
392.204
392.204
392.204
392.204
392.204
392.204
392.204
392.204
)
;
    }
    atmosphere
    {
        type            totalPressure;
        rho             rho;
        psi             none;
        gamma           1;
        p0              nonuniform List<scalar> 0();
        value           nonuniform List<scalar> 0();
    }
    procBoundary1to0
    {
        type            processor;
        value           nonuniform List<scalar> 
800
(
392.204
392.204
392.204
392.204
392.204
392.204
392.204
392.204
0.196175
0.196126
0.196128
0.196129
0.196129
0.196127
0.196124
0.19612
0.196118
0.196119
0.196124
0.19613
392.204
392.204
392.204
392.204
392.204
392.204
392.204
392.204
0.196164
0.196127
0.196128
0.196129
0.196129
0.196127
0.196123
0.196119
0.196118
0.19612
0.196126
0.196133
392.204
392.204
392.204
392.204
392.204
392.204
392.204
392.204
0.196154
0.196129
0.196129
0.196129
0.196128
0.196126
0.196122
0.196119
0.196118
0.196122
0.19613
0.196139
392.204
392.204
392.204
392.204
392.204
392.204
392.204
392.204
0.196151
0.196131
0.19613
0.196129
0.196127
0.196124
0.196121
0.196119
0.19612
0.196125
0.196135
0.196146
392.204
392.204
392.204
392.204
392.204
392.204
392.204
392.204
0.196152
0.196132
0.19613
0.196128
0.196126
0.196123
0.196121
0.19612
0.196122
0.196129
0.19614
0.196153
392.204
392.204
392.204
392.204
392.204
392.204
392.204
392.204
0.196153
0.196132
0.19613
0.196128
0.196125
0.196123
0.196121
0.196121
0.196125
0.196134
0.196146
0.19616
392.204
392.204
392.204
392.204
392.204
392.204
392.204
392.204
0.196154
0.196131
0.19613
0.196128
0.196126
0.196123
0.196122
0.196123
0.196129
0.196138
0.19615
0.196164
392.204
392.204
392.204
392.204
392.204
392.204
392.204
392.204
0.196153
0.19613
0.196129
0.196128
0.196126
0.196124
0.196124
0.196126
0.196132
0.196141
0.196153
0.196167
392.204
392.204
392.204
392.204
392.204
392.204
392.204
392.204
0.196151
0.196128
0.196128
0.196128
0.196127
0.196125
0.196125
0.196127
0.196133
0.196142
0.196153
0.196167
392.204
392.204
392.204
392.204
392.204
392.204
392.204
392.204
0.196149
0.196127
0.196128
0.196128
0.196128
0.196126
0.196125
0.196128
0.196133
0.196141
0.19615
0.196165
392.204
392.204
392.204
392.204
392.204
392.204
392.204
392.204
0.196148
0.196126
0.196127
0.196128
0.196127
0.196125
0.196124
0.196126
0.196131
0.196137
0.196147
0.196162
392.204
392.204
392.204
392.204
392.204
392.204
392.204
392.204
0.196148
0.196126
0.196127
0.196128
0.196126
0.196123
0.196122
0.196123
0.196126
0.196133
0.196142
0.196158
392.204
392.204
392.204
392.204
392.204
392.204
392.204
392.204
0.196149
0.196127
0.196127
0.196126
0.196124
0.19612
0.196117
0.196117
0.196121
0.196127
0.196138
0.196153
392.204
392.204
392.204
392.204
392.204
392.204
392.204
392.204
0.196153
0.196129
0.196128
0.196125
0.196121
0.196116
0.196112
0.196111
0.196115
0.196122
0.196133
0.196148
392.204
392.204
392.204
392.204
392.204
392.204
392.204
392.204
0.196156
0.196131
0.196128
0.196124
0.196118
0.196111
0.196106
0.196106
0.19611
0.196118
0.196128
0.196141
392.204
392.204
392.204
392.204
392.204
392.204
392.204
392.204
0.196158
0.196133
0.196129
0.196122
0.196115
0.196107
0.196102
0.196101
0.196105
0.196114
0.196123
0.196134
392.204
392.204
392.204
392.204
392.204
392.204
392.204
392.204
0.196153
0.196135
0.196129
0.196121
0.196112
0.196103
0.196098
0.196098
0.196102
0.19611
0.196118
0.196127
392.204
392.204
392.204
392.204
392.204
392.204
392.204
392.204
0.196149
0.196136
0.19613
0.19612
0.19611
0.196101
0.196096
0.196096
0.1961
0.196106
0.196113
0.196121
392.204
392.204
392.204
392.204
392.204
392.204
392.204
392.204
0.196161
0.196137
0.196129
0.19612
0.196109
0.1961
0.196095
0.196095
0.196098
0.196103
0.196109
0.196117
392.204
392.204
392.204
392.204
392.204
392.204
392.204
392.204
0.196201
0.196136
0.196129
0.196119
0.196108
0.1961
0.196096
0.196095
0.196098
0.196102
0.196108
0.196115
0.196134
0.196135
0.196134
0.196136
0.196139
0.196141
0.196137
0.196125
0.196105
0.196074
0.196027
0.195957
0.195849
0.195685
0.195436
0.195059
0.194489
0.193633
0.192354
0.190456
0.196138
0.19614
0.196141
0.196145
0.196152
0.196158
0.19616
0.196158
0.196152
0.196139
0.196118
0.196082
0.196024
0.195927
0.195772
0.195524
0.195131
0.194516
0.193565
0.192099
0.196145
0.19615
0.196155
0.196163
0.196175
0.196189
0.196205
0.196222
0.196241
0.196263
0.19629
0.196322
0.196357
0.196391
0.196417
0.196419
0.19637
0.196226
0.19593
0.195324
0.196155
0.196163
0.196172
0.196186
0.196206
0.196233
0.196267
0.196309
0.196363
0.196434
0.196529
0.196654
0.19682
0.197037
0.197317
0.197673
0.198116
0.198657
0.199291
0.199975
0.196165
0.196177
0.196192
0.196213
0.196243
0.196285
0.196341
0.196413
0.196508
0.196636
0.19681
0.197048
0.19737
0.197806
0.198392
0.199176
0.200222
0.20161
0.203428
0.205773
0.196174
0.19619
0.196211
0.196241
0.196283
0.196341
0.196419
0.196523
0.196661
0.19685
0.197109
0.197466
0.197955
0.198625
0.199541
0.200792
0.202503
0.204837
0.20801
0.212297
0.196181
0.196201
0.196229
0.196267
0.19632
0.196394
0.196494
0.196627
0.196808
0.197055
0.197396
0.197868
0.198518
0.199415
0.200653
0.202366
0.204741
0.208036
0.212612
0.218971
0.196185
0.19621
0.196244
0.196289
0.196352
0.196439
0.196557
0.196717
0.196934
0.197232
0.197643
0.198212
0.199001
0.200095
0.201615
0.203734
0.2067
0.210864
0.216739
0.225066
0.196187
0.196216
0.196254
0.196305
0.196375
0.196471
0.196603
0.196782
0.197027
0.197362
0.197824
0.198465
0.199356
0.200595
0.202324
0.204747
0.208158
0.212986
0.219871
0.229772
0.196187
0.196218
0.196259
0.196313
0.196387
0.196488
0.196627
0.196818
0.197077
0.197432
0.197921
0.1986
0.199544
0.20086
0.202701
0.205288
0.208939
0.21413
0.221571
0.232352
0.196185
0.196217
0.196258
0.196313
0.196386
0.196488
0.196627
0.196819
0.197078
0.197433
0.197923
0.198602
0.199546
0.200863
0.202705
0.205294
0.208948
0.214141
0.221584
0.232366
0.196181
0.196212
0.196251
0.196304
0.196374
0.196471
0.196603
0.196784
0.19703
0.197366
0.197829
0.198471
0.199362
0.200603
0.202337
0.204766
0.208183
0.213019
0.219911
0.229819
0.196175
0.196203
0.196239
0.196287
0.196351
0.196438
0.196556
0.196718
0.196937
0.197237
0.197651
0.198222
0.199013
0.200111
0.201639
0.203766
0.206741
0.210916
0.216803
0.225149
0.196166
0.19619
0.196222
0.196264
0.19632
0.196393
0.196491
0.196626
0.196809
0.19706
0.197405
0.197881
0.198536
0.199439
0.200687
0.20241
0.204796
0.208106
0.212699
0.219076
0.196156
0.196176
0.196202
0.196237
0.196281
0.196338
0.196415
0.196519
0.19666
0.196853
0.197119
0.197483
0.197979
0.198656
0.199582
0.200846
0.202572
0.204923
0.208112
0.212415
0.196146
0.196161
0.196181
0.196207
0.196239
0.19628
0.196334
0.196406
0.196503
0.196637
0.196821
0.197068
0.197398
0.197842
0.19844
0.199238
0.200301
0.201706
0.203542
0.205903
0.196136
0.196147
0.196161
0.196177
0.196198
0.196224
0.196257
0.1963
0.196357
0.196434
0.196539
0.196674
0.19685
0.197078
0.197371
0.197741
0.198202
0.198762
0.199414
0.200123
0.196129
0.196136
0.196143
0.196151
0.196161
0.196174
0.19619
0.19621
0.196234
0.196263
0.196299
0.196341
0.196388
0.196435
0.196475
0.196491
0.196462
0.196339
0.196054
0.195485
0.196123
0.196127
0.196129
0.196131
0.196134
0.196138
0.196143
0.196147
0.196146
0.196139
0.196126
0.196101
0.196055
0.195972
0.195832
0.195599
0.195224
0.194629
0.193698
0.192261
0.19612
0.196122
0.196121
0.19612
0.196119
0.196119
0.196119
0.196114
0.1961
0.196074
0.196036
0.195977
0.195881
0.19573
0.195497
0.195136
0.194582
0.193746
0.192489
0.190615
)
;
    }
    procBoundary1to3
    {
        type            processor;
        value           nonuniform List<scalar> 
200
(
0.187681
0.186756
0.185004
0.182633
0.17991
0.177119
0.174532
0.172383
0.170854
0.170061
0.189883
0.188871
0.18696
0.184381
0.181431
0.17842
0.175639
0.173337
0.171702
0.170856
0.194245
0.19305
0.190812
0.187817
0.184411
0.18096
0.177793
0.175186
0.173342
0.17239
0.200621
0.199148
0.196401
0.192783
0.188696
0.18459
0.180854
0.177801
0.175651
0.174546
0.208718
0.206877
0.203476
0.199003
0.194018
0.189062
0.184597
0.180974
0.17844
0.177142
0.218031
0.215737
0.211527
0.206036
0.19998
0.194024
0.18871
0.184434
0.18146
0.179943
0.227789
0.224982
0.219868
0.213258
0.206041
0.199016
0.192805
0.187849
0.184421
0.182677
0.236925
0.233595
0.227578
0.219871
0.211536
0.203495
0.196432
0.190855
0.187011
0.18506
0.244136
0.240364
0.233595
0.224986
0.215747
0.2069
0.199188
0.193107
0.188937
0.186827
0.248155
0.244126
0.236919
0.227794
0.218044
0.208745
0.200669
0.194314
0.189967
0.187769
0.248171
0.24414
0.23693
0.227802
0.218051
0.20875
0.200673
0.194318
0.18997
0.187771
0.244189
0.24041
0.233629
0.225012
0.215767
0.206915
0.1992
0.193117
0.188946
0.186834
0.237014
0.23367
0.227637
0.219915
0.21157
0.203521
0.196454
0.190873
0.187025
0.185072
0.227903
0.225079
0.219946
0.213318
0.206088
0.199052
0.192834
0.187873
0.18444
0.182693
0.218156
0.215847
0.21162
0.20611
0.200038
0.19407
0.188747
0.184464
0.181484
0.179963
0.208857
0.206999
0.20358
0.199088
0.194085
0.189116
0.18464
0.181009
0.178469
0.177167
0.200779
0.199283
0.196518
0.192875
0.188769
0.184649
0.180903
0.17784
0.175685
0.174578
0.194415
0.193194
0.190931
0.187913
0.184488
0.181022
0.177845
0.17523
0.17338
0.172425
0.190052
0.189014
0.187078
0.184478
0.181508
0.178483
0.175693
0.173382
0.171741
0.170892
0.187844
0.186896
0.185122
0.18273
0.179987
0.177183
0.174586
0.172428
0.170893
0.170097
)
;
    }
}


// ************************************************************************* //
