/*--------------------------------*- C++ -*----------------------------------*\
| =========                 |                                                 |
| \\      /  F ield         | OpenFOAM: The Open Source CFD Toolbox           |
|  \\    /   O peration     | Version:  2312                                  |
|   \\  /    A nd           | Website:  www.openfoam.com                      |
|    \\/     M anipulation  |                                                 |
\*---------------------------------------------------------------------------*/
FoamFile
{
    version     2.0;
    format      ascii;
    arch        "LSB;label=32;scalar=64";
    class       volScalarField;
    location    "0.535";
    object      p_rgh;
}
// * * * * * * * * * * * * * * * * * * * * * * * * * * * * * * * * * * * * * //

dimensions      [1 -1 -2 0 0 0 0];

internalField   nonuniform List<scalar> 
8000
(
397.005
397.536
398.592
400.058
401.787
403.605
405.338
406.814
407.873
408.407
396.425
397.032
398.237
399.909
401.874
403.936
405.898
407.567
408.761
409.357
395.112
395.896
397.434
399.555
402.033
404.62
407.073
409.163
410.657
411.387
392.861
393.948
396.038
398.902
402.229
405.686
408.967
411.78
413.841
414.818
389.632
391.093
393.916
397.823
402.382
407.148
411.691
415.632
418.69
420.067
384.3
386.48
390.43
395.909
402.322
409.042
415.474
421.022
425.387
427.33
370.238
376.725
384.516
392.541
401.963
411.612
420.525
427.993
433.723
436.68
173.301
197.176
236.315
295.644
356.467
402.348
428.888
438.822
445.802
449.933
0.885885
2.68858
19.2339
62.2765
138.503
248.631
389.331
457.476
464.424
468.534
0.341241
0.319977
0.292714
0.24895
0.336395
27.6664
152.108
359.593
491.426
493.43
0.279122
0.258924
0.239672
0.225545
0.209027
0.194137
0.44274
101.35
437.098
525.958
0.247566
0.2422
0.241053
0.231329
0.20434
0.157634
0.122994
0.114135
69.5441
279.731
0.235059
0.220955
0.219586
0.215669
0.203123
0.181333
0.249971
0.14309
0.190144
0.20178
0.231885
0.226289
0.203982
0.192059
0.186029
0.185521
0.771709
0.77755
0.269706
0.266818
0.222452
0.223151
0.213943
0.19269
0.183177
0.184883
0.533949
0.351645
0.297841
0.304509
0.203301
0.202373
0.197562
0.194493
0.190878
0.192515
0.197233
0.218577
0.271393
0.305229
0.182927
0.183686
0.183985
0.184195
0.18397
0.183452
0.182065
0.192727
0.238792
0.292533
0.176701
0.176194
0.174853
0.173213
0.170983
0.165773
0.155964
0.163054
0.208319
0.432701
0.170215
0.168724
0.166924
0.16421
0.160012
0.152326
0.13629
0.14656
0.193732
0.42091
0.163692
0.161747
0.159148
0.155427
0.15131
0.145039
0.133707
0.152547
0.177873
0.408623
397.001
397.506
398.516
399.921
401.576
403.315
404.969
406.375
407.38
407.874
396.433
397.018
398.178
399.783
401.666
403.635
405.503
407.089
408.214
408.761
395.197
395.956
397.441
399.478
401.845
404.305
406.632
408.608
410.001
410.654
393.066
394.103
396.128
398.888
402.069
405.354
408.46
411.121
413.018
413.835
389.915
391.327
394.1
397.907
402.311
406.846
411.138
414.851
417.611
418.677
384.466
386.417
390.374
395.926
402.284
408.755
414.818
419.961
423.871
425.222
371.4
376.178
383.475
392
401.462
410.836
419.27
426.176
431.257
433.266
172.053
196.012
254.083
324.062
381.573
413.672
426.383
435.137
441.575
445.263
0.451334
0.407331
0.411261
25.6005
109.196
243.992
392.254
450.662
460.682
464.018
0.353165
0.334455
0.323459
0.315543
0.257218
0.370359
76.2715
263.464
454.457
491.083
0.288915
0.280291
0.259083
0.228656
0.211688
0.185247
0.120578
0.370702
194.428
427.027
0.250114
0.244305
0.239097
0.228846
0.201856
0.166375
0.109839
0.103286
0.188122
66.3674
0.23143
0.215409
0.20865
0.202687
0.190026
0.178684
0.157813
1.47159
0.113725
0.177676
0.222756
0.197495
0.184654
0.178536
0.170882
0.170928
0.172024
0.275256
0.259626
0.245015
0.217308
0.195549
0.183941
0.181609
0.176136
0.179573
0.192791
0.220107
0.252844
0.265436
0.199948
0.192005
0.187654
0.185686
0.185108
0.190725
0.208824
0.22525
0.24686
0.258314
0.179059
0.18203
0.181798
0.180198
0.179844
0.190597
0.206099
0.207152
0.218839
0.234036
0.175177
0.174478
0.173307
0.171569
0.167823
0.180368
0.182801
0.177591
0.189699
0.218991
0.169517
0.168127
0.16608
0.162277
0.156093
0.176874
0.158974
0.151862
0.165456
0.204654
0.163522
0.161493
0.158434
0.152839
0.145768
0.171688
0.134737
0.137299
0.157325
0.181382
396.879
397.354
398.291
399.588
401.111
402.7
404.205
405.477
406.379
406.817
396.368
396.926
398.005
399.484
401.207
402.996
404.681
406.098
407.093
407.57
395.305
396.031
397.404
399.261
401.404
403.609
405.675
407.41
408.611
409.161
393.52
394.474
396.322
398.814
401.666
404.571
407.28
409.561
411.126
411.769
390.749
392.016
394.565
398.047
401.99
405.952
409.642
412.745
414.859
415.613
386.614
388.119
391.556
396.537
402.144
407.697
412.792
416.984
419.92
420.902
377.184
380.166
385.7
393.384
401.666
409.562
416.542
422.091
426.004
427.663
200.842
223.242
276.246
341.187
389.66
413.273
423.045
429.881
434.826
438.414
0.444428
0.432025
0.488597
35.0151
123.111
249.101
370.253
429.169
450.408
456.872
0.356952
0.354561
0.368901
0.386231
0.33119
0.323626
43.4192
152.274
264.108
352.609
0.285314
0.283931
0.272653
0.23858
0.208851
0.189251
0.187307
0.162921
0.372679
93.0188
0.238843
0.235385
0.229849
0.217898
0.198338
0.177007
0.144691
0.108467
0.104387
0.0931655
0.212756
0.209251
0.201856
0.19672
0.18512
0.175605
0.166074
0.162008
1.34094
0.116789
0.197379
0.197063
0.185979
0.18278
0.171501
0.16468
0.171901
0.17565
0.300712
0.780321
0.192251
0.196251
0.185153
0.18202
0.174865
0.174459
0.186832
0.200404
0.211654
0.27364
0.184936
0.189317
0.183544
0.181585
0.185366
0.182579
0.193552
0.222032
0.249505
0.206848
0.179833
0.180093
0.177947
0.177069
0.186986
0.178138
0.188034
0.221636
0.231815
0.182661
0.174915
0.173955
0.172375
0.170706
0.169891
0.21873
0.194811
0.204446
0.183494
0.166976
0.16939
0.168023
0.166048
0.16298
0.163842
0.258
0.23139
0.173602
0.156567
0.170353
0.164179
0.162278
0.159185
0.154147
0.158852
0.251402
0.217786
0.153095
0.146093
0.169952
396.602
397.051
397.902
399.066
400.419
401.815
403.121
404.211
404.979
405.346
396.1
396.653
397.653
398.984
400.506
402.057
403.497
404.688
405.513
405.904
395.195
395.929
397.197
398.847
400.706
402.569
404.279
405.685
406.641
407.075
393.751
394.663
396.365
398.546
400.975
403.362
405.526
407.292
408.469
408.956
391.781
392.822
395.089
398.111
401.395
404.547
407.374
409.656
411.143
411.659
389.141
390.068
392.916
397.123
401.73
406.031
409.802
412.783
414.758
415.37
383.343
384.701
388.622
394.603
401.297
407.437
412.604
416.48
419.031
420.255
253.695
271.811
302.807
347.934
391.384
410.842
418.583
422.919
425.91
428.568
0.448949
0.436777
12.1767
51.9602
126.748
230.351
328.478
373.171
392.228
389.809
0.352926
0.352848
0.367485
0.491907
0.461658
0.350551
11.3518
44.0627
75.4754
147.286
0.286814
0.286857
0.261069
0.265318
0.240877
0.189512
0.176358
0.186115
0.128419
0.384759
0.22958
0.215593
0.196331
0.190321
0.185881
0.173794
0.153152
0.134998
0.101419
0.104572
0.198427
0.188522
0.179972
0.182393
0.176306
0.16951
0.167337
0.167937
0.134053
0.126211
0.18899
0.187678
0.174851
0.183178
0.17492
0.166794
0.196228
0.190603
0.146307
0.771763
0.188374
0.195748
0.178285
0.182086
0.177585
0.173971
0.212057
0.229792
0.199605
0.491711
0.183952
0.189019
0.178845
0.178431
0.182295
0.178102
0.199025
0.25481
0.256279
0.209966
0.178824
0.179735
0.175313
0.174047
0.174684
0.181954
0.194259
0.258153
0.245551
0.215993
0.173423
0.173141
0.171203
0.169305
0.1675
0.217088
0.247875
0.215367
0.17321
0.178643
0.16844
0.168228
0.166756
0.163591
0.160509
0.254531
0.257702
0.164
0.159529
0.169783
0.164785
0.16416
0.161682
0.156661
0.154651
0.254361
0.247399
0.145542
0.147517
0.162348
396.144
396.582
397.352
398.379
399.55
400.732
401.82
402.712
403.328
403.616
395.607
396.186
397.109
398.285
399.6
400.895
402.066
403.01
403.649
403.945
394.751
395.563
396.763
398.222
399.781
401.269
402.585
403.629
404.319
404.623
393.499
394.473
396.106
397.994
399.999
401.824
403.385
404.593
405.362
405.672
392.554
393.311
395.385
397.948
400.482
402.716
404.569
405.967
406.841
407.108
392.39
392.093
394.196
397.477
400.927
403.804
406.02
407.666
408.684
408.93
389.899
388.683
391.412
396.112
400.618
404.516
407.385
409.435
410.523
411.362
279.328
290.502
319.281
352.92
384.595
403.878
410.804
413.094
413.041
406.883
0.638563
9.75087
24.7286
73.5237
138.356
189.017
232.384
251.795
243.136
245.404
0.519393
0.515302
0.853392
0.337876
0.524621
0.397072
0.24939
0.225406
0.267154
18.9903
0.298444
0.373108
0.286583
0.268737
0.26443
0.198754
0.160104
0.166615
0.171495
0.164868
0.211059
0.209881
0.151447
0.133527
0.162981
0.160529
0.160446
0.160843
0.144319
0.130821
0.164858
0.163071
0.127268
0.124609
0.148649
0.155434
0.159317
0.202781
0.146423
0.143295
0.165712
0.160903
0.140397
0.152856
0.157917
0.161222
0.183819
0.209817
0.143011
0.153198
0.184816
0.184092
0.160934
0.17102
0.169437
0.168098
0.209079
0.22533
0.170688
0.166016
0.184048
0.189995
0.173365
0.17368
0.170453
0.170593
0.205347
0.236321
0.242243
0.206225
0.175361
0.178832
0.170885
0.170295
0.168497
0.170119
0.180691
0.208809
0.196865
0.216557
0.168939
0.17142
0.169026
0.167723
0.166012
0.166284
0.171236
0.175353
0.169225
0.175297
0.166114
0.167991
0.167574
0.165101
0.162356
0.162535
0.169594
0.167326
0.163324
0.169484
0.166366
0.167025
0.165438
0.161031
0.156424
0.157689
0.162752
0.155232
0.153724
0.161139
395.513
395.958
396.646
397.549
398.567
399.549
400.425
401.123
401.589
401.797
394.88
395.553
396.383
397.423
398.55
399.604
400.522
401.226
401.68
401.882
393.735
394.771
396.002
397.337
398.666
399.805
400.741
401.435
401.861
402.035
391.974
393.622
395.344
397.132
398.75
400.048
401.035
401.706
402.075
402.207
385.871
392.449
394.941
397.307
399.212
400.552
401.467
402.02
402.287
402.308
335.228
393.729
395.247
397.548
399.572
400.984
401.73
402.088
402.171
402.161
394.9
393.51
393.698
397.282
399.766
400.738
401.188
401.456
401.083
401.61
319.67
291.528
307.347
347.799
370.426
384
391.161
389.092
379.07
359.225
22.0155
44.2574
54.2264
93.5323
132.24
135.29
124.727
122.692
106.467
133.02
1.34883
1.03773
0.983332
3.50507
0.169674
0.326162
0.248212
0.223634
0.203302
0.263356
0.297048
0.608916
0.321009
0.190283
0.327637
0.18754
0.161333
0.168609
0.17536
0.168439
0.195346
0.259445
0.0687515
-0.0105766
0.188588
0.13866
0.148716
0.166985
0.169216
0.166581
0.107685
0.108549
0.0155107
0.00121791
0.0830813
0.129488
0.146022
0.165026
0.162141
0.162364
0.107447
0.0850493
0.070673
0.084736
0.116092
0.137844
0.150781
0.200312
0.150756
0.152443
0.14912
0.127722
0.128446
0.144704
0.15014
0.153284
0.158833
0.18964
0.164239
0.158639
0.168065
0.159536
0.155929
0.163166
0.161176
0.160905
0.164206
0.164066
0.214312
0.172811
0.167846
0.169536
0.159834
0.164047
0.162815
0.163806
0.166509
0.167377
0.179142
0.193544
0.163153
0.170194
0.164332
0.16584
0.16453
0.164654
0.165913
0.166845
0.168817
0.176081
0.162657
0.169372
0.169521
0.167714
0.165288
0.163523
0.162669
0.162789
0.164213
0.167481
0.16976
0.173322
0.172923
0.167718
0.163209
0.159478
0.15646
0.155659
0.157091
0.160273
394.819
395.205
395.789
396.603
397.518
398.358
399.063
399.595
399.93
400.066
394.018
394.605
395.401
396.391
397.419
398.283
399.003
399.504
399.796
399.914
392.085
393.363
394.712
396.118
397.397
398.292
398.913
399.305
399.495
399.552
388.055
391.319
393.663
395.689
397.248
398.142
398.672
398.883
398.897
398.869
371.612
388.745
393.117
396.078
397.565
398.18
398.288
398.119
397.874
397.71
280.439
371.332
396.449
397.362
397.83
397.631
397.164
396.475
395.792
395.664
281.815
392.9
396.134
397.504
397.502
395.992
394.36
393.031
391.543
391.96
262.633
298.164
259.089
325.943
346.013
348.354
345.114
340.301
320.972
294.913
142.78
100.587
118.439
129.475
89.1309
65.1372
46.2638
34.0917
25.2459
57.9197
1.71169
0.367863
0.764075
-0.251027
1.75424
0.2018
0.244693
0.260938
0.26393
0.238035
0.327288
0.486338
0.146061
-0.00964347
0.0237966
0.132914
0.150742
0.175998
0.194195
0.191446
0.297688
0.291165
-0.204363
-0.239534
-0.0694034
0.0691745
0.121231
0.165856
0.189966
0.19189
0.203565
-0.00324007
-0.243924
-0.192693
-0.0488296
0.0712404
0.122233
0.15491
0.169211
0.179113
0.107675
-0.0471809
-0.0673174
-0.0132674
0.049226
0.10058
0.131402
0.154166
0.153159
0.161865
0.116567
0.0531759
0.0623879
0.156744
0.133453
0.13155
0.14436
0.158394
0.15963
0.159452
0.14101
0.117517
0.10415
0.206339
0.156138
0.148909
0.15393
0.164243
0.151754
0.166366
0.156633
0.19499
0.132544
0.202727
0.155875
0.156947
0.161015
0.177135
0.176602
0.173705
0.159756
0.36124
0.156958
0.20196
0.160957
0.162719
0.164372
0.169011
0.17761
0.177824
0.186563
0.427072
0.175788
0.201734
0.16799
0.166617
0.16563
0.16578
0.166907
0.168921
0.210347
0.404326
0.191752
0.199585
0.171432
0.166868
0.163519
0.161858
0.161918
0.163123
394.438
394.507
394.839
395.625
396.525
397.287
397.882
398.292
398.521
398.596
393.424
393.639
394.109
395.17
396.29
397.088
397.669
398.025
398.189
398.239
390.677
391.333
392.489
394.295
396.022
396.844
397.289
397.462
397.46
397.425
384.691
386.944
389.876
392.718
395.303
396.326
396.549
396.423
396.14
395.992
374.565
375.476
389.438
394.048
395.474
395.812
395.408
394.686
394.069
393.787
303.513
273.644
369.026
397.628
396.225
394.535
393.031
391.435
390.189
390.108
124.327
249.749
391.247
398.453
395.036
391.278
388.385
385.065
382.852
383.628
53.969
172.149
294.463
290.526
310.442
308.414
291.285
270.734
249.356
233.209
19.2574
38.6363
125.018
116.741
40.4341
16.4458
5.34936
0.491844
0.458456
16.108
6.89517
2.338
0.786448
-0.380581
-0.00674597
0.258556
0.316231
0.325975
0.32796
0.306268
0.927897
1.46416
0.48481
0.0475661
-0.106735
0.0915185
0.183208
0.231691
0.245205
0.222495
0.70904
1.48899
1.67506
-0.0285112
-0.295831
-0.0370876
0.105357
0.171947
0.205063
0.209968
0.333859
2.85868
1.93979
-0.00102501
-0.217048
-0.016462
0.0925602
0.151648
0.181395
0.190897
0.347835
0.62109
1.49849
0.276057
-0.0372111
0.0495445
0.110223
0.146392
0.161983
0.18193
0.160583
0.0608656
1.84541
0.746148
0.0720984
0.104998
0.138794
0.146382
0.148887
0.17161
0.872107
0.587611
1.96376
0.578405
0.104376
0.13241
0.151967
0.165442
0.148805
0.16319
2.20066
2.40323
2.21417
0.520359
0.129078
0.148028
0.159505
0.18329
0.166666
0.169887
2.97384
2.85862
2.35067
0.497834
0.151834
0.160084
0.163801
0.175493
0.180458
0.178337
2.31492
1.80779
0.904327
0.385075
0.169586
0.170511
0.170169
0.17001
0.172244
0.172406
0.32379
0.201802
0.204589
0.296179
0.181279
0.176623
0.172718
0.169839
0.168279
0.167998
394.757
393.874
393.671
394.512
395.575
396.403
396.99
397.343
397.508
397.539
393.947
392.609
392.227
393.633
395.109
396.067
396.651
396.944
397.029
397.034
391.277
388.856
388.491
390.668
394.027
395.539
396.061
396.115
395.983
395.887
386.499
382.173
384.141
388.69
391.815
394.699
395.031
394.655
394.133
393.897
382.053
375.928
356.692
383.419
394.38
394.323
393.506
392.25
391.323
390.964
262.071
260.76
246.177
387.514
396.263
392.878
390.242
387.875
386.079
386.074
95.8739
96.6837
278.5
402.984
394.961
388.728
383.873
378.792
374.601
375.391
55.7756
74.4027
251.946
303.103
287.703
279.705
241.22
208.56
188.202
191.28
21.9216
42.0745
159.29
71.4251
18.3513
2.92323
0.470457
0.495578
0.485169
1.37186
2.54951
10.1346
11.0222
1.73353
0.261447
0.293842
0.390629
0.401694
0.389473
0.372516
1.43563
2.94716
1.89778
0.234098
-0.154426
0.0421334
0.22163
0.27606
0.292358
0.275199
1.43887
24.3389
14.1499
0.131528
-0.296009
-0.0599255
0.116151
0.178566
0.221257
0.228548
-0.219338
74.4219
29.8921
-0.322868
-0.173989
-0.0147025
0.0942404
0.157603
0.201282
0.201442
0.207949
55.008
18.3434
-0.114027
-0.04402
0.0379129
0.107178
0.16527
0.181989
0.195655
4.79087
1.61623
2.16779
0.0306076
0.0373187
0.0914313
0.138332
0.165813
0.174091
0.176809
9.21119
0.818302
0.15273
0.149588
0.0906595
0.121295
0.152399
0.171422
0.158838
0.163043
10.0964
2.04208
0.145167
0.141408
0.129516
0.144457
0.159477
0.182275
0.158705
0.169252
9.93735
2.40677
0.170511
0.139711
0.158284
0.164527
0.16705
0.172505
0.172286
0.175535
1.67209
0.69656
0.199675
0.168228
0.184824
0.182675
0.178977
0.176426
0.176371
0.175964
0.234157
0.226157
0.232958
0.199002
0.20513
0.195428
0.186781
0.179976
0.17568
0.173902
394.982
393.661
392.97
394.128
395.256
396.06
396.596
396.9
397.021
397.024
393.28
391.561
390.464
392.702
394.967
395.77
396.217
396.437
396.468
396.442
388.463
386.433
384.735
388.786
394.173
395.309
395.611
395.495
395.256
395.119
384.842
379.187
379.729
372.304
383.041
394.382
394.594
393.888
393.132
392.819
382.132
374.472
363.241
306.388
356.064
393.708
392.853
391.104
389.937
389.509
219.927
244.557
220.663
317.901
401.243
392.998
389.242
386.246
383.965
383.786
101.447
102.825
231.997
412.546
398.208
387.857
381.291
374.583
368.685
368.262
77.9564
101.76
239.935
328.574
267.178
258.875
214.269
179.321
160.605
165.455
61.4758
114.602
187.462
89.0249
22.8665
3.32003
0.422842
0.577858
0.576492
0.644445
3.52822
28.7035
45.317
16.0221
2.20933
0.137361
0.364428
0.45524
0.448421
0.433165
0.65333
10.4181
4.30531
0.792065
-0.126387
-0.0735546
0.173491
0.290459
0.318075
0.309471
7.10221
51.991
7.50036
0.0139924
-0.139368
-0.0501466
0.101666
0.190852
0.238541
0.239509
48.5747
91.016
13.211
-0.132683
-0.0785971
0.0147106
0.103473
0.157899
0.192402
0.201595
85.5979
81.7486
17.0259
-0.0764425
-0.00939212
0.0509704
0.109721
0.154827
0.178182
0.18675
47.6283
8.53851
14.4709
-0.00749357
0.0589517
0.0941691
0.128804
0.165579
0.174265
0.1764
0.414523
0.163701
1.68494
0.0592818
0.156878
0.12561
0.138545
0.170333
0.17458
0.168143
0.239606
0.171581
0.137332
0.121288
0.218469
0.146868
0.153637
0.174585
0.175532
0.169873
0.316614
0.201652
0.175461
0.171714
0.269367
0.17471
0.170855
0.170909
0.172189
0.176324
0.299279
0.242105
0.222084
0.215857
0.301307
0.205948
0.188991
0.182371
0.179168
0.178699
0.25648
0.296051
0.294811
0.235147
0.316083
0.232847
0.204535
0.190386
0.182388
0.179265
394.847
393.66
392.949
394.005
395.313
396.16
396.695
396.989
397.101
397.098
392.96
391.6
390.08
392.568
394.937
395.901
396.345
396.536
396.553
396.519
389.03
385.717
383.716
388.174
394.641
395.674
395.842
395.617
395.351
395.203
390.858
375.96
377.642
368.447
382.275
395.211
394.943
394.081
393.25
392.911
368.761
357.589
348.154
305.797
349.245
394.499
393.209
391.31
390.056
389.602
175.404
172.945
214.045
354.751
401.128
393.811
389.496
386.386
384.036
383.816
107.438
121.169
299.973
418.829
401.021
388.564
381.405
374.683
368.901
368.063
108.259
146.584
319.403
359.839
269.718
258.243
213.312
178.321
160.97
166.309
104.778
143.048
208.493
110.33
30.646
5.30379
0.280399
0.63085
0.648482
0.701821
83.5316
105.405
96.0064
22.1773
1.14191
-0.0532229
0.292424
0.491573
0.488279
0.461166
77.1595
85.0994
48.8172
16.5272
0.0171946
-0.134039
0.0870128
0.268109
0.313592
0.317408
83.8214
78.1945
81.9761
24.5652
-0.0779563
-0.0170967
0.088431
0.17727
0.222011
0.238857
91.1524
91.2364
89.8999
12.7157
-0.0492844
0.0296785
0.107051
0.157859
0.1839
0.199863
98.3796
97.5059
59.853
11.5237
0.0455659
0.0668652
0.111714
0.143385
0.159131
0.182086
101.394
88.7828
6.21164
13.994
0.275854
0.10636
0.126267
0.149441
0.1487
0.170124
25.5304
15.1196
3.50856
4.85155
0.55266
0.128674
0.137931
0.172358
0.166597
0.164849
0.140602
0.12332
0.729667
0.0893202
0.641789
0.157248
0.154231
0.172535
0.17932
0.17167
0.183056
0.142476
0.124479
0.144315
0.708685
0.211033
0.174247
0.174026
0.179119
0.178863
0.256195
0.194361
0.200437
0.205845
0.782469
0.27905
0.196773
0.186323
0.182286
0.181284
0.300538
0.272364
0.282125
0.332284
0.586612
0.325031
0.218094
0.197231
0.187049
0.182881
394.335
393.957
393.905
394.718
395.843
396.682
397.257
397.592
397.739
397.76
392.882
392.51
392.588
393.756
395.301
396.303
396.917
397.202
397.266
397.258
387.449
387.059
388.309
390.606
393.915
395.756
396.289
396.387
396.23
396.12
376.267
377.86
381.885
389.881
392.854
395.06
395.438
394.99
394.401
394.14
358.705
352.2
312.971
356.212
396.256
395.465
394.141
392.647
391.614
391.223
163.387
215.561
343.656
404.957
398.939
394.133
390.81
388.163
386.253
386.263
97.2606
203.792
387.553
410.386
397.666
389.568
384.277
378.916
374.635
375.723
89.6582
130.082
304.948
304.258
281.412
270.547
234.887
204.054
187.945
193.009
60.885
63.1022
114.886
78.4267
35.6182
7.53679
0.329572
0.616836
0.605624
1.51893
19.9261
20.9319
22.9531
9.54068
1.681
-0.0191738
0.295148
0.45565
0.453936
0.415936
11.0852
7.03847
1.02964
0.453578
0.00807182
-0.145747
0.0521175
0.244346
0.295518
0.287848
58.746
12.308
-0.0417884
0.462379
0.124166
-0.0301926
0.0706868
0.161432
0.210874
0.222137
91.7513
16.7594
-0.187011
0.280904
0.300584
0.0258333
0.102524
0.152114
0.176296
0.191209
94.2203
16.0207
-0.0947408
0.254981
0.171229
0.0606873
0.108587
0.156201
0.156002
0.173405
30.0519
12.4571
0.00404091
0.305771
0.162728
0.0955987
0.124928
0.141953
0.166103
0.167493
0.153414
12.7355
0.0660453
0.368351
0.220175
0.117971
0.138359
0.165056
0.158734
0.166733
0.0770078
8.86855
0.0932959
0.414569
0.27616
0.13887
0.151067
0.169214
0.176891
0.172661
0.585161
0.842418
0.13276
0.359142
0.332941
0.165802
0.168047
0.170849
0.176371
0.178301
0.862153
0.179986
0.195129
0.240937
0.3741
0.199818
0.187089
0.181921
0.17956
0.179493
0.929576
0.248483
0.275754
0.352248
0.403811
0.233178
0.206737
0.192126
0.184341
0.18121
394.032
394.442
395.11
396.031
396.987
397.743
398.302
398.678
398.882
398.942
392.356
393.466
394.439
395.664
396.831
397.596
398.123
398.432
398.56
398.592
387.317
389.773
392.61
394.971
396.825
397.526
397.826
397.909
397.848
397.787
379.469
384.822
391.253
394.79
396.947
397.504
397.265
396.934
396.549
396.361
344.593
320.176
375.642
398.577
398.267
397.342
396.302
395.241
394.492
394.165
196.882
331.344
402.327
402.049
399
395.992
393.704
391.822
390.458
390.401
202.766
353.657
405.6
402.864
397.368
392.337
388.821
385.282
382.947
383.849
178.971
259.209
275.44
289.13
308.637
306.907
288.163
267.001
249.243
233.549
112.954
52.7713
62.2287
85.0614
45.4197
17.3415
4.92424
0.568624
0.564854
16.5324
16.4941
6.98215
2.98696
0.618494
-0.178316
-0.099896
0.259749
0.400176
0.408956
0.36175
5.10589
3.27101
0.220807
0.0930649
-0.0768537
-0.131258
0.0469625
0.212831
0.253925
0.233161
23.8065
2.83949
-0.197182
-0.0759387
-0.101556
-0.0671757
0.0454805
0.143941
0.187784
0.193144
35.6888
1.2204
-0.231836
-0.128205
-0.0349089
0.0165668
0.0939267
0.152215
0.168078
0.179144
20.0926
0.418291
-0.117649
-0.049293
0.0293313
0.0651574
0.105284
0.162931
0.166333
0.165054
2.68512
-0.0229223
0.00234163
0.0406884
0.0912884
0.101227
0.122035
0.147954
0.180035
0.166739
0.102839
0.0474807
0.0760233
0.092982
0.124387
0.124336
0.1383
0.150885
0.159277
0.170949
0.1192
0.1084
0.115947
0.123238
0.144683
0.143646
0.150852
0.161637
0.169059
0.174339
0.16645
0.153961
0.15107
0.154896
0.16654
0.16351
0.164424
0.166911
0.171551
0.175097
0.209946
0.190417
0.193094
0.1937
0.194334
0.185061
0.178252
0.175315
0.174887
0.175435
0.239638
0.236833
0.235186
0.231641
0.222539
0.205316
0.191336
0.18285
0.178275
0.176675
394.94
395.443
396.251
397.179
398.123
398.944
399.604
400.096
400.399
400.517
394.025
394.798
395.924
397.053
398.092
398.912
399.574
400.022
400.274
400.37
390.932
392.882
395.257
396.926
398.25
399.064
399.558
399.858
399.987
400.014
383.904
391.008
395.314
397.418
398.643
399.194
399.437
399.481
399.403
399.333
319.834
372.214
398.18
399.525
399.682
399.52
399.148
398.726
398.375
398.168
334.217
401.743
400.677
400.867
399.94
398.864
397.856
396.918
396.143
396.013
401.137
401.6
399.824
400.105
398.945
396.814
394.811
393.263
391.763
392.112
318.287
271.845
270.953
320.14
344.055
347.219
343.786
338.724
320.879
294.536
113.456
90.6046
94.9267
113.525
88.6861
62.1091
44.3012
33.0374
27.2091
58.8863
1.58245
1.04065
-0.323147
-0.904431
-0.230355
0.0616994
0.321251
0.370495
0.332677
0.276328
1.09197
0.21844
-0.119002
-0.0563081
-0.0921174
-0.0396799
0.100113
0.176142
0.180932
0.170303
-0.0462861
-0.205264
-0.246092
-0.186993
-0.176381
-0.0583074
0.0644629
0.136256
0.160758
0.165625
-0.147203
-0.248028
-0.210715
-0.124663
-0.0582329
0.0241035
0.0996417
0.150179
0.157432
0.168541
-0.100715
-0.155099
-0.100418
-0.032251
0.0204912
0.0772536
0.116177
0.166151
0.159876
0.160776
-0.0347374
-0.0266097
0.0187145
0.0565977
0.0877042
0.112666
0.131073
0.176092
0.185059
0.166904
0.0440971
0.069947
0.0887979
0.104738
0.121934
0.133507
0.143214
0.150023
0.184652
0.172992
0.102532
0.164449
0.123159
0.131084
0.140889
0.148147
0.152074
0.158399
0.165689
0.175227
0.139136
0.203007
0.150989
0.155266
0.158069
0.160216
0.159272
0.162846
0.167578
0.171226
0.167246
0.180089
0.178478
0.177804
0.175481
0.173102
0.166921
0.16672
0.169076
0.170514
0.191332
0.192659
0.19671
0.195514
0.190333
0.184564
0.175462
0.17119
0.170239
0.170424
396.013
396.471
397.271
398.234
399.257
400.21
401.045
401.703
402.139
402.33
395.534
396.062
397.098
398.191
399.303
400.31
401.168
401.82
402.236
402.418
394.626
395.253
396.869
398.274
399.562
400.608
401.439
402.054
402.428
402.574
393.245
394.564
396.99
398.625
399.963
401.016
401.807
402.353
402.649
402.743
363.626
395.968
398.157
399.599
400.821
401.671
402.273
402.653
402.841
402.823
400.311
397.251
398.05
399.651
400.997
401.967
402.399
402.6
402.626
402.595
395.327
393.419
395.131
398.337
400.558
401.226
401.649
401.794
401.462
401.936
264.293
273.217
304.971
342.896
367.719
382.667
390.502
388.834
379.301
359.137
1.18471
36.4606
73.303
90.4215
126.903
133.262
125.017
123.691
108.912
134.717
0.843166
1.07036
-0.458891
1.59995
0.115269
0.369438
0.350905
0.296572
0.216463
0.185323
1.52722
-0.0412191
-0.0133724
0.0280739
0.0578215
0.107019
0.142367
0.149777
0.133989
0.107106
0.366101
-0.276716
-0.217677
-0.160791
-0.0500715
0.0410458
0.109889
0.133774
0.131772
0.132665
-0.0576667
-0.202209
-0.158509
-0.0809077
0.00332666
0.082232
0.128223
0.14818
0.143649
0.154664
-0.0117605
-0.0848572
-0.0362584
0.0228802
0.0711078
0.116832
0.169563
0.161492
0.137047
0.162008
0.0357424
0.0261958
0.0646064
0.0961915
0.119069
0.135428
0.186215
0.193697
0.185549
0.172353
0.081306
0.0913369
0.114539
0.127796
0.135226
0.1429
0.164445
0.165142
0.197195
0.196425
0.117773
0.12744
0.135519
0.140306
0.143758
0.16785
0.16152
0.156664
0.164741
0.17386
0.148188
0.14877
0.151533
0.152166
0.161944
0.196868
0.156522
0.155193
0.163532
0.167959
0.171535
0.167681
0.166477
0.164479
0.169743
0.208173
0.158205
0.153664
0.16181
0.165187
0.18455
0.180745
0.178309
0.175168
0.171693
0.193696
0.162535
0.156092
0.160466
0.16317
396.796
397.238
398.062
399.119
400.283
401.439
402.491
403.347
403.936
404.209
396.383
396.893
397.884
399.079
400.377
401.632
402.753
403.655
404.261
404.54
395.658
396.314
397.661
399.132
400.645
402.063
403.304
404.289
404.938
405.219
395.233
395.717
397.38
399.162
401.02
402.702
404.142
405.265
405.981
406.263
394.69
395.326
397.202
399.434
401.652
403.639
405.321
406.617
407.44
407.676
393.183
393.435
395.562
398.636
401.908
404.566
406.652
408.231
409.228
409.452
387.008
388.028
391.374
396.325
401.203
405
407.86
409.886
411.038
411.851
251.413
270.013
307.222
346.473
381.539
403.035
410.965
413.43
413.827
407.723
0.51913
2.24558
21.4827
63.1893
131.963
188.31
233.852
252.583
243.259
248.308
0.229028
1.77789
2.21354
0.268077
0.515037
0.400281
0.292051
0.239807
0.437415
22.1392
0.262611
0.600094
0.192995
0.3327
0.227325
0.168914
0.128839
0.124278
0.120167
0.0861875
0.253606
0.00727038
-0.0390655
0.106334
0.107858
0.114694
0.127623
0.117587
0.102951
0.100615
0.072792
-0.0121028
-0.0170492
0.0548929
0.112305
0.134903
0.152174
0.146033
0.136785
0.145044
0.079994
0.0365139
0.0759251
0.12209
0.143716
0.161765
0.191384
0.14364
0.145201
0.171056
0.121513
0.0953016
0.126912
0.149528
0.160447
0.189779
0.200042
0.170275
0.169986
0.181963
0.147574
0.122577
0.143761
0.149752
0.186062
0.270107
0.165125
0.168118
0.183214
0.187939
0.167593
0.135719
0.146708
0.153793
0.279722
0.35414
0.160421
0.154841
0.165308
0.172244
0.166321
0.148848
0.152294
0.171583
0.365531
0.362169
0.245995
0.146411
0.159321
0.165807
0.159745
0.159856
0.15937
0.169957
0.347038
0.369546
0.355901
0.13706
0.153676
0.160097
0.166736
0.167036
0.165688
0.163209
0.265629
0.388796
0.352876
0.155734
0.149821
0.156002
397.309
397.766
398.643
399.822
401.167
402.543
403.82
404.882
405.627
405.982
396.892
397.413
398.436
399.773
401.279
402.802
404.205
405.363
406.162
406.539
396.066
396.749
398.053
399.699
401.525
403.343
405.004
406.367
407.293
407.708
395.138
395.696
397.368
399.503
401.858
404.171
406.265
407.974
409.114
409.581
393.497
394.153
396.269
399.153
402.296
405.339
408.086
410.312
411.77
412.268
389.694
390.77
393.695
397.821
402.394
406.662
410.422
413.396
415.377
415.979
382.021
384.214
388.749
394.64
401.581
407.867
413.129
417.064
419.697
420.919
227.066
250.042
290.375
342.536
389.706
410.884
418.946
423.546
426.898
429.334
0.329379
0.152131
6.88638
45.8031
122.58
231.364
331.617
375.799
393.545
395.486
0.211241
0.236263
1.85477
0.607498
0.514213
0.364342
13.2678
48.7491
80.6312
156.917
0.182548
0.302138
0.341827
0.34896
0.237688
0.16428
0.146396
0.142209
0.107475
0.249566
0.159683
0.15265
0.152177
0.230492
0.163241
0.142237
0.121324
0.103882
0.0857659
0.0863418
0.123499
0.108893
0.121019
0.17976
0.168239
0.158027
0.165151
0.14704
0.138187
0.137017
0.121203
0.120319
0.156342
0.184091
0.181331
0.196597
0.196744
0.158146
0.17357
0.205355
0.12293
0.133415
0.164601
0.182279
0.180263
0.225689
0.215068
0.176209
0.188889
0.251915
0.136458
0.140241
0.156514
0.205007
0.291559
0.263357
0.197483
0.178077
0.184004
0.184732
0.146288
0.143794
0.152047
0.237125
0.362085
0.305279
0.174339
0.161023
0.167171
0.176979
0.15073
0.15052
0.152465
0.250015
0.36571
0.365578
0.15636
0.14162
0.157676
0.167503
0.15639
0.156635
0.154664
0.236202
0.371868
0.377886
0.234282
0.140117
0.152362
0.158522
0.161737
0.160933
0.15841
0.197401
0.385939
0.385666
0.370102
0.174314
0.145738
0.152278
397.598
398.087
399.039
400.344
401.861
403.436
404.919
406.167
407.052
407.48
397.114
397.677
398.77
400.256
401.97
403.739
405.398
406.791
407.765
408.229
396.089
396.81
398.199
400.058
402.185
404.365
406.4
408.104
409.281
409.815
394.448
395.324
397.162
399.64
402.462
405.331
408.003
410.249
411.783
412.408
391.747
392.916
395.419
398.854
402.744
406.67
410.333
413.406
415.488
416.221
386.746
388.372
391.976
397.036
402.686
408.289
413.425
417.638
420.566
421.541
375.266
379.37
385.639
393.517
401.955
410.012
417.146
422.811
426.795
428.477
189.286
213.188
269.083
338.873
388.85
413.531
423.643
430.79
435.917
439.411
0.356785
0.310458
0.422443
32.7733
121.909
251.87
376.056
433.095
452.47
457.963
0.273189
0.297879
0.455198
0.592943
0.399627
0.325267
48.8619
165.291
276.686
374.645
0.234238
0.251758
0.323799
0.296888
0.225884
0.18619
0.175255
0.133399
0.886039
103.556
0.195207
0.197253
0.235662
0.22636
0.188992
0.162038
0.124872
0.101441
0.0903138
0.0816225
0.175659
0.17705
0.209599
0.214426
0.185168
0.167287
0.160032
0.154754
0.356336
0.146921
0.157901
0.189953
0.216806
0.221002
0.190853
0.181566
0.182021
0.186048
0.576456
0.269708
0.144947
0.190483
0.220561
0.240575
0.205289
0.193306
0.20433
0.20915
0.416431
0.308124
0.146841
0.155573
0.170818
0.230451
0.186011
0.191807
0.203165
0.206036
0.270586
0.187389
0.150856
0.154796
0.157784
0.214227
0.19656
0.172225
0.180388
0.17778
0.234292
0.178035
0.150714
0.152777
0.154951
0.19173
0.325988
0.145838
0.1559
0.196992
0.182269
0.168865
0.155311
0.155467
0.153962
0.173957
0.310097
0.131884
0.141165
0.223624
0.156022
0.161435
0.157827
0.157441
0.155108
0.1548
0.229242
0.191286
0.147495
0.22152
0.157376
0.15438
397.709
398.234
399.256
400.669
402.323
404.051
405.69
407.077
408.067
408.55
397.143
397.747
398.921
400.534
402.415
404.373
406.223
407.79
408.897
409.432
395.906
396.683
398.186
400.231
402.596
405.044
407.351
409.306
410.677
411.314
393.776
394.824
396.863
399.629
402.808
406.083
409.171
411.808
413.674
414.468
390.573
392.005
394.786
398.594
402.997
407.537
411.824
415.514
418.221
419.252
384.486
386.63
390.754
396.377
402.804
409.36
415.47
420.628
424.478
425.819
370.24
375.928
383.679
392.199
401.762
411.286
419.907
426.956
432.023
434.031
167.193
192.664
251.763
323.222
380.806
414.158
427.095
436.105
442.559
446.124
0.398744
0.35705
0.50264
25.8762
109.873
246.717
396.605
452.99
461.386
464.503
0.309793
0.329646
0.452391
0.457441
0.324237
0.453382
85.4372
283.098
468.932
490.473
0.264864
0.274131
0.321008
0.284345
0.241588
0.204189
0.146865
1.46874
235.274
440.47
0.241071
0.231274
0.260561
0.246824
0.208244
0.165629
0.120654
0.12387
0.186627
78.0908
0.214029
0.199625
0.223728
0.210411
0.186015
0.170962
0.160135
0.416517
0.145
0.171611
0.184788
0.226614
0.24171
0.198304
0.177715
0.174793
0.180276
0.397466
0.397737
0.261663
0.177507
0.21001
0.223174
0.23016
0.217352
0.192183
0.195718
0.225092
0.355013
0.342145
0.145827
0.173242
0.20243
0.23327
0.217187
0.206931
0.188456
0.205787
0.279036
0.320083
0.149031
0.158414
0.156352
0.174917
0.169103
0.171211
0.173717
0.173681
0.223392
0.208525
0.155706
0.155592
0.155778
0.151238
0.143316
0.139862
0.151336
0.161624
0.185801
0.196305
0.155769
0.155749
0.154562
0.148612
0.139426
0.132537
0.136546
0.162604
0.167142
0.180566
0.156464
0.156019
0.154553
0.148983
0.139385
0.136933
0.139579
0.164346
0.165517
0.164758
397.705
398.256
399.324
400.799
402.528
404.339
406.059
407.518
408.563
409.088
397.115
397.745
398.965
400.646
402.612
404.668
406.616
408.268
409.446
410.031
395.783
396.593
398.148
400.281
402.763
405.346
407.785
409.856
411.33
412.046
393.494
394.607
396.716
399.596
402.933
406.393
409.664
412.457
414.489
415.445
390.182
391.677
394.517
398.44
403.027
407.821
412.367
416.286
419.289
420.631
384.454
386.784
390.795
396.329
402.849
409.653
416.13
421.669
425.934
427.856
370.284
376.926
384.546
392.641
402.355
412.176
421.193
428.741
434.291
437.243
173.946
197.025
237.633
297.896
360.516
406.853
429.719
439.821
446.531
450.61
0.643895
1.97169
19.1663
62.25
139.402
252.74
396.352
458.646
464.977
468.937
0.32436
0.343137
0.390959
0.342431
0.337239
29.0514
168.382
388.848
490.549
492.699
0.262886
0.273272
0.294696
0.270511
0.217659
0.172654
0.326268
121.133
450.722
524.357
0.233427
0.242342
0.263594
0.247985
0.210431
0.161542
0.126979
0.0895556
85.1222
273.956
0.204272
0.210195
0.223685
0.214311
0.198088
0.181062
0.162127
0.149663
0.165295
0.187697
0.179461
0.1886
0.194446
0.191245
0.192082
0.191533
0.195208
0.29258
0.253162
0.266676
0.163019
0.173439
0.180047
0.186837
0.20263
0.219382
0.236526
0.274226
0.305339
0.423964
0.154015
0.163134
0.174024
0.193519
0.229472
0.231517
0.227768
0.204424
0.285518
0.446848
0.155959
0.160974
0.168721
0.177699
0.172763
0.185663
0.207881
0.18614
0.210684
0.401617
0.159036
0.160768
0.16272
0.160311
0.157904
0.156442
0.162563
0.178011
0.188895
0.190173
0.157704
0.157793
0.157383
0.154957
0.150549
0.144483
0.148884
0.165797
0.184729
0.212545
0.156463
0.156281
0.155379
0.152723
0.147826
0.141273
0.139655
0.153528
0.210811
0.206703
0.157375
0.154801
0.151211
0.146451
0.142365
0.139175
0.139999
0.160781
0.274548
0.403873
0.151387
0.148138
0.143891
0.137534
0.131721
0.129965
0.136484
0.152556
0.356092
0.318508
0.145855
0.142056
0.138024
0.12948
0.121825
0.126889
0.161756
0.298542
0.342445
0.133329
0.141047
0.137385
0.132489
0.124874
0.117368
0.138832
0.277823
0.307097
0.256971
0.117791
0.137127
0.133899
0.129684
0.123576
0.117484
0.12603
0.170067
0.188101
0.115001
0.112898
0.134084
0.1315
0.128638
0.124937
0.121597
0.120297
0.114801
0.111146
0.111281
0.113207
0.131783
0.129821
0.128163
0.126625
0.125494
0.125556
0.123191
0.118911
0.115331
0.115754
0.13004
0.128479
0.127458
0.126904
0.126949
0.126954
0.125708
0.122143
0.118902
0.118162
0.128733
0.127381
0.12659
0.126099
0.126171
0.126205
0.12522
0.122762
0.120227
0.119169
0.127724
0.126488
0.125679
0.124944
0.12458
0.124186
0.123281
0.121618
0.119753
0.118889
0.126817
0.125681
0.124759
0.123699
0.122915
0.122108
0.121131
0.119918
0.118485
0.117909
0.125714
0.124702
0.123648
0.122314
0.121212
0.120141
0.11911
0.118072
0.117063
0.116604
0.124034
0.123174
0.122021
0.120524
0.119262
0.118085
0.117069
0.11617
0.115426
0.115059
0.12138
0.120675
0.119521
0.118003
0.116788
0.115691
0.114795
0.114059
0.113507
0.113224
0.117364
0.116731
0.115814
0.11448
0.113562
0.112741
0.112091
0.111576
0.111203
0.111009
0.111821
0.111282
0.11074
0.109894
0.109492
0.10912
0.108834
0.108599
0.10842
0.108325
0.104771
0.104401
0.104387
0.104389
0.104629
0.104835
0.104993
0.105077
0.105105
0.105113
0.0964701
0.0964402
0.0972163
0.0981707
0.0991743
0.100004
0.100619
0.101019
0.101245
0.101346
0.0875622
0.0881506
0.0898652
0.0917292
0.0934349
0.0948042
0.0958068
0.0964675
0.0968585
0.0970423
0.0792656
0.0806617
0.0831413
0.0855584
0.0876957
0.08939
0.0906315
0.0914669
0.0919698
0.0922071
0.157741
0.154827
0.150484
0.143311
0.138146
0.161793
0.124776
0.132175
0.161325
0.37889
0.15208
0.148127
0.143027
0.13353
0.130651
0.15171
0.116007
0.128379
0.16774
0.403964
0.146552
0.142454
0.136292
0.125311
0.121692
0.141492
0.121885
0.12163
0.242047
0.365437
0.141474
0.137408
0.131369
0.121079
0.114478
0.119354
0.113987
0.132862
0.294268
0.15308
0.137106
0.133629
0.128997
0.12158
0.115676
0.11754
0.115161
0.118098
0.289561
0.122562
0.133674
0.131004
0.128167
0.124624
0.122412
0.14417
0.1896
0.209755
0.176268
0.111949
0.131161
0.129146
0.127774
0.126861
0.127525
0.15856
0.213154
0.207597
0.116779
0.114832
0.129422
0.127763
0.126997
0.126911
0.128498
0.137367
0.144839
0.131897
0.118719
0.117962
0.12831
0.126826
0.126111
0.12587
0.126528
0.127431
0.127063
0.123727
0.120284
0.119025
0.127638
0.126317
0.12543
0.124696
0.124518
0.124414
0.123765
0.121857
0.119594
0.118624
0.127149
0.126058
0.124912
0.123704
0.122845
0.122055
0.121121
0.119819
0.118196
0.117632
0.126559
0.125704
0.124267
0.122694
0.121364
0.120165
0.119072
0.11796
0.116882
0.116402
0.125438
0.124788
0.123079
0.121266
0.119684
0.118311
0.117187
0.11621
0.115414
0.115018
0.123252
0.122723
0.12091
0.118996
0.11743
0.116121
0.115101
0.114283
0.11368
0.113367
0.119426
0.118726
0.117266
0.115535
0.114318
0.113318
0.112561
0.111971
0.111551
0.111329
0.113749
0.112945
0.111856
0.110838
0.110235
0.109767
0.109421
0.109135
0.108919
0.1088
0.106199
0.105293
0.104975
0.104965
0.105246
0.105484
0.105649
0.105716
0.105722
0.105712
0.0968646
0.0960808
0.0970904
0.0983501
0.0996234
0.10062
0.101312
0.101724
0.101943
0.102037
0.0863255
0.0863482
0.0890481
0.0915921
0.0937583
0.0953954
0.0965328
0.0972083
0.0975965
0.0977704
0.0763224
0.0783111
0.0821114
0.0853329
0.0880009
0.0899724
0.0913398
0.0922143
0.0927213
0.0929516
0.159247
0.156211
0.151708
0.144347
0.152447
0.24277
0.199145
0.138034
0.14472
0.387435
0.154068
0.149176
0.144176
0.133936
0.147242
0.232229
0.219247
0.122884
0.160122
0.389354
0.14863
0.143429
0.136461
0.124572
0.139754
0.224634
0.226162
0.117181
0.1368
0.362777
0.142698
0.137353
0.130453
0.118758
0.127057
0.22525
0.222625
0.108387
0.251313
0.150711
0.136938
0.132498
0.127162
0.118331
0.115096
0.167654
0.140431
0.103521
0.288639
0.140295
0.132379
0.129128
0.126145
0.121718
0.118633
0.127856
0.19487
0.26714
0.294014
0.124583
0.129396
0.126965
0.125743
0.125004
0.1266
0.162067
0.268256
0.261568
0.168287
0.114793
0.12773
0.125673
0.125164
0.125815
0.129309
0.156532
0.192385
0.149008
0.119269
0.117852
0.127087
0.125258
0.124644
0.124821
0.127043
0.130488
0.130128
0.125923
0.120742
0.118776
0.127207
0.125704
0.124623
0.123888
0.12413
0.12484
0.124712
0.122525
0.119386
0.118029
0.127704
0.126756
0.12502
0.123529
0.122526
0.121816
0.121035
0.119702
0.117637
0.116939
0.12831
0.127913
0.125413
0.123363
0.121535
0.120093
0.118909
0.117698
0.116474
0.115938
0.128443
0.128503
0.125108
0.122727
0.120427
0.118668
0.117341
0.116223
0.115325
0.114885
0.127309
0.126717
0.123728
0.120974
0.118653
0.116918
0.115649
0.114668
0.113964
0.113606
0.124092
0.123116
0.120162
0.117651
0.115802
0.114441
0.11346
0.112715
0.112198
0.111928
0.118214
0.116814
0.11431
0.112648
0.111684
0.111052
0.110575
0.110177
0.109879
0.109714
0.109634
0.107542
0.106189
0.106101
0.106476
0.106794
0.106961
0.106979
0.106928
0.10688
0.0979037
0.0952839
0.0964709
0.0986554
0.100543
0.101889
0.102713
0.103138
0.103326
0.103392
0.0832835
0.0813385
0.0872827
0.0913006
0.0944591
0.096641
0.0979959
0.0987127
0.0990871
0.0992376
0.0706515
0.0724822
0.0798461
0.0848863
0.0886847
0.0912252
0.0928155
0.0937521
0.0942519
0.094462
0.162182
0.159707
0.155698
0.148277
0.147802
0.248107
0.242392
0.140184
0.132697
0.172115
0.158743
0.153393
0.148936
0.138403
0.135761
0.240571
0.230058
0.210311
0.121846
0.227705
0.153704
0.145679
0.139318
0.128099
0.120288
0.231588
0.219354
0.217816
0.110703
0.159652
0.145762
0.137055
0.130748
0.119667
0.10794
0.171029
0.219901
0.134617
0.140085
0.12567
0.136343
0.129583
0.124722
0.116015
0.105549
0.117765
0.209027
0.0948536
0.284141
0.128734
0.129165
0.124418
0.121617
0.116997
0.11172
0.118442
0.159423
0.167351
0.284894
0.119356
0.125661
0.121684
0.120414
0.11925
0.119352
0.140322
0.214338
0.250757
0.148906
0.112656
0.124364
0.120732
0.120086
0.120207
0.12243
0.141371
0.175492
0.168585
0.117386
0.115632
0.12461
0.121621
0.120662
0.120376
0.121786
0.125277
0.125441
0.122543
0.118118
0.116384
0.125944
0.12422
0.122243
0.121049
0.120685
0.121064
0.121202
0.119653
0.116943
0.115823
0.127755
0.128028
0.124447
0.122454
0.120614
0.119548
0.118736
0.117539
0.115865
0.115237
0.130452
0.132108
0.126834
0.124132
0.121002
0.119091
0.117731
0.116501
0.115358
0.114854
0.133717
0.135199
0.128757
0.125091
0.121051
0.11875
0.117119
0.115866
0.11493
0.114479
0.13544
0.134975
0.128723
0.12402
0.120233
0.117911
0.116262
0.115073
0.114266
0.113863
0.133562
0.131533
0.125374
0.120901
0.117872
0.116076
0.114741
0.113773
0.113121
0.112786
0.127111
0.123784
0.118247
0.115351
0.11381
0.113051
0.112334
0.111753
0.111321
0.111083
0.117492
0.11062
0.107687
0.107712
0.108367
0.10889
0.109025
0.108939
0.108774
0.108652
0.10166
0.092061
0.0948862
0.098991
0.102056
0.103975
0.104945
0.105352
0.105453
0.10544
0.0730223
0.0686613
0.0829462
0.0907711
0.095733
0.098748
0.100255
0.101061
0.101384
0.101474
0.0488709
0.0590188
0.075454
0.084306
0.090107
0.093397
0.0952013
0.0961677
0.0966109
0.0967636
0.168089
0.165631
0.160984
0.15438
0.147375
0.14725
0.161969
0.142423
0.140333
0.145529
0.168095
0.161049
0.154332
0.144831
0.135163
0.132718
0.162963
0.132333
0.127566
0.132157
0.164284
0.149984
0.143301
0.133521
0.121173
0.116587
0.152882
0.124418
0.11726
0.120818
0.152204
0.136287
0.130776
0.121729
0.110117
0.104468
0.136879
0.110863
0.11102
0.113599
0.13269
0.124495
0.12048
0.114021
0.104998
0.100322
0.111756
0.0984877
0.155429
0.11276
0.120704
0.116347
0.114143
0.111088
0.106259
0.105088
0.105262
0.107759
0.145724
0.111518
0.117388
0.113073
0.111571
0.110924
0.10994
0.113964
0.121829
0.137108
0.119829
0.110441
0.11635
0.112707
0.111413
0.111616
0.112416
0.116942
0.12611
0.131557
0.11293
0.111885
0.118175
0.11595
0.113644
0.11334
0.113476
0.115006
0.117288
0.115919
0.113029
0.112174
0.121879
0.122688
0.117673
0.116483
0.114938
0.114693
0.114823
0.114339
0.112565
0.112125
0.126222
0.131866
0.122648
0.120715
0.11717
0.115699
0.114811
0.113959
0.112877
0.1125
0.132891
0.140406
0.128524
0.125074
0.119541
0.11725
0.115661
0.114507
0.113574
0.11317
0.148279
0.146438
0.134025
0.127888
0.121225
0.118594
0.116558
0.115195
0.114268
0.113827
0.185492
0.149792
0.136267
0.127892
0.121993
0.119162
0.11697
0.115544
0.114624
0.114168
0.204568
0.147211
0.132885
0.125061
0.120424
0.118361
0.116469
0.115204
0.114366
0.113936
0.147139
0.137675
0.122725
0.118725
0.116778
0.115814
0.114808
0.113954
0.113306
0.112947
0.142572
0.115604
0.106666
0.109521
0.111175
0.111997
0.112047
0.111731
0.111341
0.111084
0.3708
0.106225
0.0882974
0.0990417
0.104435
0.107249
0.108327
0.108561
0.108437
0.108287
0.655599
0.153804
0.0769737
0.0898043
0.0978791
0.102028
0.103808
0.10448
0.104595
0.104539
0.00357025
0.0494288
0.070876
0.0840422
0.0926416
0.0968723
0.0987885
0.099625
0.0998753
0.0998904
0.18031
0.177137
0.170804
0.163194
0.156648
0.151558
0.146836
0.145626
0.146981
0.149817
0.187383
0.175186
0.162098
0.153128
0.145068
0.139399
0.134201
0.133472
0.135545
0.138708
0.18419
0.160108
0.146949
0.138203
0.130549
0.124373
0.120235
0.120658
0.124442
0.128076
0.205334
0.136529
0.126714
0.122144
0.116045
0.110282
0.107836
0.10928
0.115339
0.118995
0.264171
0.118937
0.110569
0.110119
0.10495
0.100255
0.0999888
0.102402
0.109576
0.112414
0.104199
0.105793
0.100886
0.103197
0.0998866
0.0972953
0.0985253
0.101112
0.106933
0.10895
0.104674
0.101359
0.0972477
0.100108
0.0989835
0.0989359
0.101219
0.103801
0.106414
0.107371
0.107497
0.1011
0.0971874
0.100043
0.0999755
0.10124
0.103586
0.105832
0.106186
0.1066
0.304104
0.1087
0.101887
0.103779
0.102549
0.103353
0.104837
0.106201
0.106083
0.106431
0.532671
0.122621
0.1103
0.110217
0.106701
0.106434
0.10663
0.107086
0.10699
0.107215
0.870131
0.138145
0.120425
0.117899
0.111751
0.110425
0.109505
0.109204
0.108886
0.108879
1.37783
0.154942
0.131542
0.125439
0.116736
0.114508
0.112696
0.111791
0.111186
0.110954
1.84757
0.180057
0.14146
0.13019
0.120734
0.117979
0.115555
0.11421
0.113358
0.112958
1.81345
0.248997
0.146094
0.13189
0.12362
0.120355
0.117648
0.116048
0.115026
0.114516
0.92523
0.299966
0.141663
0.12936
0.123441
0.121017
0.118587
0.116989
0.115913
0.115355
0.836304
0.339668
0.13101
0.122445
0.120497
0.119694
0.118132
0.11682
0.115825
0.115277
10.1338
1.639
0.106299
0.112031
0.115482
0.116636
0.116302
0.115465
0.11464
0.114143
26.208
4.67385
0.0731886
0.0995967
0.108882
0.112575
0.113257
0.112982
0.112319
0.111872
22.6553
4.70227
0.0612196
0.089691
0.102734
0.1079
0.109089
0.10916
0.108772
0.108416
1.01782
1.63987
0.0624082
0.0867907
0.0977262
0.102675
0.104016
0.104299
0.104084
0.103822
0.229936
0.321271
0.196992
0.188065
0.167872
0.162048
0.157293
0.154898
0.154422
0.155357
0.220435
0.253404
0.184198
0.168612
0.156072
0.151024
0.146502
0.144726
0.144911
0.146001
0.19344
0.217697
0.151134
0.143487
0.13698
0.134302
0.132686
0.132452
0.134322
0.135727
0.2371
0.189617
0.110757
0.118619
0.11595
0.115524
0.117854
0.120002
0.123855
0.1255
1.82526
0.141082
0.0841542
0.103527
0.0993981
0.0991726
0.104245
0.108587
0.114087
0.116192
3.29294
0.130121
0.0750653
0.0941828
0.0892162
0.0890468
0.094524
0.100534
0.10628
0.108708
3.62458
0.083841
0.0726924
0.0876339
0.0848611
0.0853864
0.0898967
0.096317
0.100949
0.103283
3.57621
0.0852831
0.0728342
0.0856226
0.0850354
0.0864541
0.0894944
0.0945007
0.0981348
0.10023
3.39897
0.100423
0.0818408
0.0912341
0.089254
0.0905544
0.0922351
0.0954656
0.0980634
0.099715
2.09238
0.126306
0.0974063
0.100418
0.0962227
0.096733
0.0971669
0.098945
0.100469
0.101502
2.09721
0.157871
0.115675
0.111316
0.104207
0.103723
0.103102
0.103726
0.104303
0.104743
2.61268
0.424232
0.13433
0.121114
0.111788
0.110362
0.108912
0.108653
0.108504
0.108486
2.67962
0.689003
0.150565
0.129274
0.118439
0.116082
0.113992
0.113058
0.112386
0.112052
1.13864
0.653916
0.157584
0.133909
0.123463
0.120622
0.118077
0.116617
0.115567
0.115008
1.38788
0.699182
0.161191
0.131191
0.125543
0.123442
0.120907
0.119106
0.117798
0.117078
21.3039
6.27346
0.125279
0.121426
0.124185
0.124129
0.122227
0.120319
0.118867
0.118065
36.3113
14.3586
0.104473
0.111192
0.120701
0.123105
0.121916
0.120064
0.118571
0.117783
37.3263
12.4716
0.206838
0.103261
0.116682
0.120684
0.119714
0.118178
0.11702
0.116159
37.8436
1.57842
0.0639095
0.0980482
0.11266
0.117073
0.116474
0.115161
0.113908
0.113046
18.9611
0.0344556
0.0777657
0.0985082
0.108895
0.111971
0.111324
0.110295
0.109223
0.108487
0.203154
0.20619
0.217783
0.239987
0.182295
0.175656
0.170087
0.165754
0.163095
0.162243
0.203879
0.222001
0.249963
0.19674
0.168775
0.164577
0.160925
0.157288
0.155046
0.154301
0.203143
0.383543
0.449628
0.156893
0.140308
0.141259
0.144875
0.14431
0.144009
0.144162
0.198563
1.21211
0.5579
0.119944
0.106859
0.110389
0.123691
0.128188
0.131317
0.132175
2.11561
2.16736
0.320888
0.104891
0.082475
0.0840362
0.100687
0.110192
0.116531
0.119182
21.7076
2.89112
0.0280831
0.095346
0.070905
0.0673786
0.0807584
0.0951593
0.103291
0.107104
30.2474
2.51874
0.0284223
0.094435
0.0666877
0.0633453
0.0709584
0.0850514
0.0932905
0.0978027
4.71668
0.913852
0.037674
0.0937701
0.0679805
0.0679502
0.0702823
0.0802441
0.0879647
0.092625
0.0359999
0.35296
0.0603977
0.100946
0.0744537
0.0759283
0.0766519
0.0825659
0.0884201
0.0919328
0.107483
1.26395
0.110025
0.108686
0.085043
0.0859898
0.0859837
0.0894456
0.0930138
0.0951573
0.204772
1.64728
0.218257
0.110711
0.0965156
0.0963888
0.0961006
0.0977507
0.0993569
0.100367
0.309022
1.58201
0.279424
0.110978
0.10634
0.105399
0.105199
0.105504
0.105801
0.105988
0.455688
0.936001
0.247452
0.121311
0.113837
0.112945
0.112683
0.112077
0.111543
0.11123
2.84556
0.615789
0.173638
0.129099
0.120703
0.119911
0.118918
0.117478
0.116318
0.115643
24.038
6.67107
0.125295
0.129399
0.125816
0.126124
0.124143
0.121787
0.120032
0.11902
35.4181
22.1089
0.127828
0.125107
0.12857
0.130505
0.127998
0.124888
0.122601
0.121287
36.4613
24.8661
0.099203
0.122238
0.130783
0.13325
0.130253
0.12666
0.12375
0.122035
37.3778
5.88179
0.0923381
0.123651
0.132696
0.133916
0.130045
0.125977
0.122855
0.121081
37.9965
1.25592
0.107386
0.130566
0.132806
0.13195
0.126972
0.122935
0.120037
0.118305
34.6683
0.883421
0.114194
0.127448
0.128
0.125867
0.121089
0.117673
0.115178
0.113739
0.264627
0.280227
0.262369
0.219534
0.209568
0.200358
0.188863
0.179268
0.17303
0.170156
0.384765
0.459545
0.305402
0.228362
0.18942
0.190445
0.181977
0.172967
0.1667
0.163674
0.687815
6.91857
2.27718
0.195143
0.136162
0.158127
0.162784
0.159444
0.155915
0.154227
1.11201
38.6568
12.4037
0.113865
0.078959
0.0821687
0.131721
0.136985
0.139907
0.140415
8.61481
54.3074
26.8296
0.123562
0.0541303
0.0313684
0.0814883
0.106964
0.11955
0.123625
26.9686
55.3702
36.5467
0.293939
0.0525495
0.0129746
0.0347965
0.0814576
0.0982448
0.105995
30.552
50.8218
28.4
0.495309
0.0509502
0.0222436
0.0277565
0.0611998
0.0809363
0.0911792
3.03106
4.44487
6.84534
0.734476
0.0517341
0.0435957
0.0364689
0.0558656
0.0735988
0.0830169
0.0794424
0.0785467
0.348798
0.810211
0.0603912
0.0578459
0.0533995
0.0647678
0.0765973
0.0830389
0.0805623
0.280581
0.103669
0.813489
0.0703129
0.0715961
0.0698785
0.0785817
0.0850334
0.088592
10.0803
1.88334
0.199435
0.776966
0.0817679
0.0854547
0.0864835
0.09222
0.0944977
0.0963277
31.3227
2.59513
0.27261
0.670783
0.0892962
0.0962449
0.0992282
0.102786
0.103393
0.10383
32.6675
2.45274
0.243872
0.381773
0.0956038
0.105067
0.108578
0.110588
0.110845
0.110697
33.5426
1.83355
0.191359
0.116042
0.107847
0.115128
0.116765
0.117302
0.116976
0.116398
34.5964
2.71177
0.191836
0.134934
0.126078
0.128159
0.125235
0.123321
0.121905
0.12083
35.54
9.07131
0.368628
0.148683
0.141509
0.1398
0.132876
0.12811
0.125564
0.123955
36.3984
14.9658
0.479314
0.329905
0.152783
0.148611
0.138395
0.131067
0.127881
0.125965
37.3703
15.9459
0.220831
0.794667
0.160982
0.15304
0.140331
0.132831
0.128415
0.126017
38.3404
8.97582
0.17179
0.506385
0.16396
0.152249
0.139811
0.131255
0.126476
0.123717
38.1999
5.08539
0.159094
0.168222
0.158515
0.14634
0.133685
0.125892
0.121597
0.119077
0.261531
3.43635
0.919692
0.230332
0.303757
0.253707
0.215117
0.194506
0.182955
0.177835
1.69939
37.7603
1.77033
0.204555
0.327927
0.275166
0.218934
0.193144
0.179381
0.173429
25.9133
50.689
2.07498
0.197274
0.463343
0.465647
0.223391
0.182949
0.170353
0.165098
52.5373
52.5582
1.69496
0.227872
0.503156
1.2595
0.287776
0.161649
0.154235
0.151726
54.4802
54.6184
3.08269
0.181607
0.00610702
1.58859
0.698931
0.132302
0.129978
0.132917
55.3666
56.4908
22.7513
0.280736
0.0241526
0.774826
1.48321
0.159674
0.10125
0.110535
19.0292
57.3053
48.771
0.608863
0.0457684
-0.0371183
1.38945
0.227052
0.0682027
0.0882465
0.203112
15.0005
40.9028
1.36086
0.0473278
0.0363963
0.421141
0.277678
0.0535909
0.0741779
0.120428
0.121928
5.18275
2.18572
0.0499696
0.0495618
0.0311044
0.21937
0.0571529
0.072022
0.286979
0.112174
0.0877846
3.32407
0.147424
0.0596446
0.0597807
0.196256
0.0738896
0.0798663
0.613133
0.220973
0.129778
3.46656
0.257109
0.0819521
0.0892768
0.182085
0.0905349
0.0912382
0.58962
0.6777
0.214987
3.58654
1.67028
0.0953039
0.107815
0.164504
0.102603
0.102105
0.634155
2.01347
0.246146
3.66897
3.52898
0.183866
0.11359
0.147233
0.111295
0.110651
10.7011
3.20478
0.211411
2.28985
3.50834
0.214925
0.122166
0.142276
0.118077
0.1173
33.715
2.46449
0.791307
0.15257
1.44665
0.156052
0.128529
0.14976
0.123709
0.122405
35.3605
0.998028
1.27308
0.16434
0.147399
0.157023
0.141681
0.152427
0.129734
0.126543
36.4513
0.349037
0.582687
0.231752
0.175453
0.166321
0.152966
0.154806
0.13393
0.129965
37.036
0.230437
0.204851
0.383029
0.194914
0.176536
0.160114
0.155331
0.135033
0.131061
37.7111
0.64543
0.22628
0.295812
0.209941
0.182457
0.160719
0.148888
0.133657
0.12904
37.9537
8.87681
0.225245
0.270206
0.216965
0.187691
0.162932
0.136605
0.127692
0.12403
0.253604
0.524879
0.362855
0.449875
0.33601
0.320305
0.236256
0.205773
0.189707
0.183192
0.33172
1.15953
0.617334
0.306752
0.358958
0.30279
0.250365
0.210259
0.189019
0.180771
8.12264
12.6932
1.01584
0.28512
3.43603
0.418012
0.289902
0.208608
0.183007
0.174305
45.0517
44.6398
4.11216
14.1469
33.6986
12.7156
0.383377
0.197527
0.170939
0.164285
53.6598
54.0785
35.4312
47.6642
45.798
41.6967
2.93858
0.18153
0.14977
0.14686
55.3971
55.7297
54.6325
53.0784
50.2217
47.3374
20.045
0.197823
0.122865
0.123464
57.2386
56.531
54.1941
51.9233
48.9067
48.0891
42.5226
1.61325
0.0831533
0.0973204
35.2338
31.4011
38.6012
32.8956
26.913
42.8915
40.8467
2.96794
0.0465536
0.0764993
0.129
0.0948758
0.843358
0.0771508
0.053848
7.10097
9.45287
1.86027
0.0431531
0.0697323
0.100086
0.104149
0.0967394
0.0514728
0.0467462
0.0222083
0.0325203
0.691021
0.061236
0.0764637
0.452922
0.163765
0.124677
0.178375
0.084989
0.0747185
0.0914228
0.312439
0.0845933
0.0890051
0.761121
0.150004
0.164882
0.975062
0.555536
0.107323
0.184035
0.252824
0.101498
0.101142
0.574492
0.23485
0.213148
1.41018
1.3517
0.218295
0.598582
0.268078
0.11252
0.110852
0.28283
0.563331
0.33696
1.12316
1.53392
0.513027
0.625733
0.347751
0.120252
0.118272
0.974822
1.66367
0.480516
0.251197
0.625314
0.595644
0.581281
0.403599
0.126508
0.123936
18.6758
2.42225
0.223656
0.186585
0.169274
0.161326
0.151036
0.403745
0.133945
0.128872
35.8781
1.00558
0.183341
0.200526
0.192719
0.180253
0.173874
0.234076
0.136859
0.133093
36.6521
0.303316
0.214215
0.231822
0.217049
0.19383
0.172243
0.147033
0.139554
0.134714
37.1704
0.410753
0.262391
0.283197
0.244027
0.201841
0.178824
0.191979
0.138594
0.132514
37.5291
3.21175
0.338671
0.354181
0.27339
0.195809
0.170214
0.170379
0.132336
0.127452
0.752471
0.261614
0.419561
3.85177
0.547529
0.253191
0.222259
0.199773
0.187202
0.181819
0.214444
0.257754
2.56357
6.02268
0.653977
0.274822
0.231684
0.203139
0.186892
0.179847
0.381217
0.343744
5.97555
6.21857
4.92212
0.450184
0.234474
0.200362
0.181912
0.174021
1.76911
0.672358
3.79274
6.21063
15.2634
1.55609
0.25516
0.19282
0.171128
0.164191
2.95856
0.624018
0.51874
2.29352
16.7201
5.12748
0.568705
0.167011
0.14968
0.147503
1.92872
0.127531
0.17499
0.635908
8.44064
19.1468
5.57924
0.125379
0.120128
0.125964
0.407887
0.201361
0.246226
0.302936
7.13421
38.3114
15.0889
0.112627
0.0899122
0.103108
0.163324
0.243582
0.280881
0.359186
20.1081
43.1627
18.8168
0.11215
0.0665987
0.0854884
0.188307
1.8396
2.18702
8.06433
36.7123
39.4888
12.6463
0.0367854
0.0626273
0.0792775
1.16221
8.12393
8.31193
17.1188
19.8413
6.73065
3.40747
0.0633327
0.0745842
0.0850741
3.65511
8.29473
4.15022
3.14942
1.93717
0.0921881
0.620062
0.0957787
0.0897669
0.094158
4.71019
8.27692
0.152566
0.164826
0.157467
0.151065
0.302945
0.103887
0.102366
0.103874
1.27482
0.212812
0.196464
0.220506
0.276524
0.401993
0.242686
0.111844
0.11219
0.112501
0.203021
0.14939
0.278667
0.257587
0.39255
0.537935
0.200522
0.121829
0.120296
0.119792
0.291494
0.209291
0.297914
0.295573
0.439785
0.513683
0.157805
0.131031
0.12741
0.12581
0.351666
0.469979
0.238187
0.264521
0.301797
0.268495
0.155994
0.139882
0.133767
0.130911
9.00317
1.4258
0.205041
0.219542
0.203116
0.18873
0.165041
0.147517
0.139392
0.13493
33.8161
1.34209
0.240097
0.247245
0.22359
0.198023
0.172499
0.152295
0.142145
0.136299
36.6416
0.872102
0.306827
0.303395
0.251567
0.207785
0.173615
0.151757
0.140161
0.134441
36.8731
5.5888
1.75171
0.387137
0.259148
0.195648
0.163454
0.14381
0.133627
0.129006
0.400729
0.303544
0.263543
0.300929
0.251563
0.218031
0.201191
0.188132
0.180191
0.176885
1.21534
0.916803
0.319849
0.594374
0.303797
0.215192
0.202743
0.188971
0.179273
0.174905
1.22868
1.31482
0.775838
1.04752
0.50268
0.188434
0.192559
0.183548
0.174171
0.169563
0.481281
1.45539
1.48338
1.20003
0.645601
0.14142
0.174634
0.171433
0.163985
0.16024
0.0848028
0.998055
1.66937
0.924818
0.646819
0.110603
0.14143
0.147604
0.147081
0.145885
0.0868901
0.319591
1.37259
0.471588
0.666402
0.101062
0.0965441
0.117197
0.125553
0.12829
0.118812
0.163174
0.253888
0.267753
0.664621
0.226145
0.0668982
0.0954648
0.104596
0.110766
0.148647
0.188539
0.206551
0.260368
0.643258
0.0987365
0.0635229
0.0827602
0.090631
0.0980798
0.147168
0.204067
0.256025
0.750792
0.496431
0.110589
0.0804704
0.0851673
0.0895861
0.0943523
0.134485
0.513301
0.971428
4.50725
1.97167
0.131932
0.0932263
0.0975273
0.0941991
0.0963339
0.131744
0.953644
1.78608
9.01678
7.79721
0.635255
0.095876
0.104741
0.100846
0.101987
0.0963011
1.03351
2.58187
9.44083
9.44013
2.3493
0.0966885
0.109646
0.107843
0.108776
0.128215
0.711677
2.86231
9.64412
9.78962
3.31989
0.102749
0.115154
0.114623
0.11546
0.182475
0.358507
1.56834
7.3525
9.93874
3.04126
0.113897
0.124962
0.121405
0.121724
0.236397
0.20967
0.438075
0.655993
2.82412
1.4079
0.128863
0.135285
0.128069
0.127324
0.278715
0.22234
0.21055
0.179324
0.164799
0.380467
0.146027
0.143089
0.13409
0.132023
0.322142
0.265465
0.227846
0.231755
0.203959
0.190825
0.160959
0.146303
0.138746
0.135375
2.8077
0.489721
0.248884
0.282803
0.239265
0.193546
0.168231
0.149918
0.140695
0.136295
24.673
0.528834
0.279046
0.298368
0.256486
0.199143
0.167885
0.148694
0.138677
0.134049
36.8713
1.14773
0.317365
0.353864
0.253789
0.187908
0.156564
0.140769
0.13228
0.128458
0.204046
0.206001
0.201544
0.199825
0.195993
0.191927
0.182374
0.174998
0.170968
0.169912
0.567697
0.266033
0.189477
0.180546
0.184358
0.187746
0.182767
0.175163
0.169786
0.168017
1.0326
0.339468
0.152286
0.141362
0.152148
0.168758
0.174117
0.169756
0.165417
0.163529
0.90618
0.355956
0.114619
0.107272
0.123563
0.145449
0.159341
0.159418
0.156923
0.155576
0.319733
0.365703
0.128157
0.10093
0.112702
0.128116
0.139934
0.144537
0.144521
0.144238
0.183597
0.354741
0.116793
0.117683
0.111913
0.111622
0.117763
0.126501
0.129718
0.131037
0.174222
0.255402
0.147725
0.145156
0.117099
0.093859
0.0990773
0.109961
0.115622
0.118419
0.161578
0.193666
0.166965
0.163093
0.121989
0.0852195
0.0896792
0.09923
0.105573
0.109064
0.14243
0.152731
0.15116
0.148948
0.124334
0.0959487
0.0863154
0.0960862
0.101251
0.104603
0.125138
0.118559
0.115269
0.124875
0.129494
0.107784
0.0952976
0.0985838
0.102493
0.105232
0.115823
0.102392
0.0928989
0.216247
0.164043
0.109368
0.102639
0.105253
0.107086
0.10863
0.118954
0.101758
0.0918502
0.258232
0.252913
0.107247
0.107295
0.110741
0.112244
0.113262
0.136968
0.117035
0.107144
0.163075
0.197595
0.110835
0.113293
0.116837
0.117784
0.118368
0.167401
0.146753
0.132946
0.131466
0.125128
0.123056
0.122972
0.124007
0.123616
0.123533
0.199815
0.180042
0.159925
0.157949
0.145309
0.138268
0.134498
0.131829
0.129349
0.128326
0.227285
0.206344
0.183046
0.185657
0.168276
0.156348
0.146348
0.138995
0.13437
0.132259
0.24815
0.22217
0.204431
0.700881
0.210843
0.171537
0.155247
0.144539
0.137859
0.134733
0.266287
0.231049
0.230387
1.20991
0.338252
0.178364
0.15959
0.146707
0.138731
0.13494
0.593226
0.274475
0.227241
1.24791
0.367097
0.178092
0.157322
0.144159
0.136038
0.132245
9.24494
0.260136
0.230485
0.578004
0.266293
0.166389
0.146969
0.135959
0.129471
0.126484
0.184506
0.185657
0.183287
0.179583
0.177611
0.175141
0.166532
0.161756
0.160465
0.161981
0.182649
0.174562
0.174399
0.17191
0.173873
0.176582
0.171841
0.164765
0.160004
0.160751
0.201524
0.156099
0.156242
0.154002
0.159024
0.166271
0.166397
0.160357
0.157388
0.158037
0.212829
0.137954
0.138169
0.136534
0.142865
0.15187
0.155095
0.153337
0.152238
0.152416
0.194759
0.129084
0.128894
0.1286
0.133205
0.140086
0.143575
0.143911
0.144214
0.144036
0.170185
0.129579
0.130065
0.129256
0.12875
0.130668
0.132269
0.133433
0.134605
0.134587
0.158136
0.136689
0.138658
0.136359
0.128444
0.122512
0.121882
0.123439
0.12506
0.125738
0.154276
0.142079
0.144873
0.14189
0.130956
0.1198
0.115647
0.116189
0.117854
0.118971
0.14792
0.139076
0.140662
0.138699
0.13253
0.122694
0.115926
0.113468
0.114527
0.115543
0.140895
0.130224
0.130168
0.130645
0.130495
0.123958
0.116175
0.113402
0.113778
0.114424
0.131708
0.123272
0.119088
0.1173
0.120273
0.12077
0.116456
0.115514
0.115531
0.115819
0.130944
0.123271
0.116114
0.1101
0.111805
0.117425
0.11747
0.118285
0.118402
0.118565
0.140571
0.131999
0.12439
0.117742
0.116926
0.119925
0.121036
0.1221
0.122029
0.122015
0.157414
0.146859
0.138967
0.133022
0.128442
0.126918
0.127133
0.12698
0.12612
0.125725
0.174489
0.164821
0.155283
0.149367
0.141417
0.136286
0.134478
0.132276
0.130205
0.129221
0.191809
0.181697
0.170624
0.165639
0.154488
0.146609
0.141694
0.13709
0.133638
0.131963
0.200911
0.188571
0.181454
0.177276
0.164987
0.155087
0.147066
0.140279
0.135629
0.133336
0.203003
0.191966
0.188028
0.191519
0.171494
0.158734
0.148811
0.140594
0.135326
0.13271
0.190233
0.184019
0.188942
0.212442
0.175243
0.157935
0.146142
0.137333
0.132114
0.129638
0.171733
0.164397
0.177198
0.229664
0.170018
0.148593
0.13754
0.130325
0.125995
0.123944
0.169855
0.168984
0.168265
0.167422
0.189848
0.318192
0.259969
0.165818
0.150281
0.153615
0.165069
0.165345
0.164914
0.165183
0.168886
0.185559
0.179854
0.16269
0.15262
0.152516
0.156005
0.156202
0.155758
0.155936
0.159414
0.165436
0.165933
0.15819
0.150384
0.152514
0.146751
0.14615
0.145214
0.144821
0.147633
0.152091
0.153927
0.14889
0.146138
0.150089
0.14003
0.138964
0.137857
0.136745
0.138624
0.14105
0.142903
0.142901
0.14151
0.143438
0.137303
0.136729
0.136148
0.135176
0.134336
0.133863
0.135495
0.137296
0.136965
0.136497
0.137306
0.137917
0.138058
0.136299
0.132791
0.129745
0.130288
0.131174
0.131484
0.130927
0.137926
0.139038
0.139575
0.137244
0.131811
0.126545
0.125871
0.126035
0.126002
0.126038
0.137027
0.137603
0.137947
0.135755
0.130298
0.125092
0.123069
0.122514
0.122417
0.122628
0.135386
0.133793
0.132848
0.131086
0.127991
0.124092
0.121588
0.120972
0.120867
0.121031
0.134257
0.130567
0.127566
0.125231
0.124761
0.123009
0.121484
0.121223
0.121128
0.121199
0.135712
0.130971
0.126761
0.123767
0.123158
0.122963
0.122538
0.122648
0.122582
0.122583
0.140918
0.136255
0.131679
0.128167
0.126427
0.125712
0.125247
0.125151
0.124865
0.124714
0.149882
0.145073
0.140497
0.136674
0.133228
0.130863
0.129421
0.12847
0.127612
0.127166
0.15943
0.155141
0.150467
0.146594
0.141428
0.137163
0.134243
0.132009
0.130323
0.129467
0.167692
0.16416
0.159216
0.155977
0.149079
0.143433
0.138687
0.134999
0.132403
0.131097
0.171733
0.169021
0.164664
0.162188
0.155061
0.148147
0.141567
0.136566
0.13319
0.131503
0.169514
0.167643
0.165823
0.162848
0.156404
0.149637
0.141776
0.135863
0.132052
0.130168
0.158172
0.159199
0.161914
0.159676
0.153187
0.145309
0.137903
0.132207
0.128534
0.126717
0.138973
0.142355
0.149146
0.148979
0.143149
0.136151
0.130004
0.125536
0.122668
0.121263
0.162831
0.162664
0.161811
0.161882
0.325482
0.410197
0.391059
0.187079
0.139478
0.148599
0.159926
0.160002
0.160119
0.161521
0.185609
0.391604
0.382493
0.177109
0.138839
0.148402
0.154836
0.154643
0.154683
0.156057
0.161384
0.183941
0.184126
0.154254
0.14583
0.152278
0.149172
0.148402
0.148053
0.148143
0.149701
0.15355
0.152558
0.148624
0.150728
0.153024
0.144598
0.143668
0.143019
0.142311
0.141337
0.142832
0.151145
0.153522
0.14954
0.147156
0.141744
0.141058
0.140431
0.139478
0.138266
0.138561
0.147633
0.152559
0.143326
0.139116
0.140338
0.140057
0.139572
0.138409
0.136989
0.136198
0.137493
0.138838
0.136412
0.134184
0.139465
0.139353
0.138884
0.137457
0.135401
0.133826
0.13378
0.133277
0.132031
0.131112
0.138339
0.137982
0.137307
0.135812
0.133643
0.131443
0.130229
0.129536
0.128421
0.128076
0.137
0.135991
0.134808
0.133348
0.131738
0.129709
0.128063
0.127095
0.126366
0.126127
0.13633
0.134593
0.132705
0.131005
0.129898
0.128521
0.127166
0.126303
0.125734
0.125508
0.137418
0.135124
0.132683
0.130598
0.129385
0.128378
0.127364
0.126669
0.126159
0.125911
0.140536
0.138086
0.135385
0.132909
0.13119
0.129883
0.128762
0.127952
0.127322
0.126988
0.145013
0.142793
0.140062
0.137245
0.134815
0.132764
0.131094
0.129827
0.128868
0.128359
0.149579
0.147914
0.14525
0.142256
0.13907
0.136181
0.133722
0.131773
0.130343
0.129591
0.15292
0.151986
0.149411
0.146454
0.142698
0.139122
0.135854
0.133162
0.131232
0.130221
0.153465
0.153294
0.150845
0.147981
0.144526
0.140544
0.136623
0.133332
0.131
0.12978
0.150015
0.150826
0.150072
0.148194
0.144105
0.139423
0.135204
0.131672
0.129165
0.127873
0.141543
0.143469
0.144712
0.143574
0.140094
0.135625
0.131317
0.127832
0.125444
0.124233
0.127576
0.130764
0.134049
0.134077
0.131504
0.12785
0.124403
0.12167
0.119817
0.118882
0.157973
0.157972
0.156737
0.153485
0.187621
0.294181
0.205214
0.218748
0.147187
0.150397
0.156318
0.156389
0.156093
0.155805
0.162759
0.236851
0.219131
0.177569
0.139117
0.152822
0.153205
0.153118
0.152968
0.153083
0.155796
0.162218
0.17349
0.144039
0.144407
0.15788
0.149588
0.149176
0.148769
0.148214
0.148405
0.151654
0.1517
0.150041
0.151844
0.155586
0.146302
0.145708
0.145022
0.143948
0.142669
0.146496
0.156668
0.159763
0.164283
0.150632
0.143845
0.143207
0.142605
0.141709
0.140441
0.143635
0.155315
0.15782
0.154951
0.143132
0.142077
0.141499
0.140945
0.140226
0.13955
0.139909
0.144423
0.147106
0.139766
0.137314
0.140703
0.140126
0.139497
0.138617
0.13787
0.137688
0.137937
0.137127
0.135705
0.134448
0.139449
0.138742
0.137947
0.136846
0.135703
0.134896
0.134591
0.133967
0.132439
0.131805
0.138371
0.137411
0.136359
0.135078
0.13379
0.132607
0.131839
0.131091
0.13014
0.129658
0.137852
0.136609
0.135233
0.133767
0.132462
0.13127
0.130301
0.129529
0.128861
0.128526
0.138276
0.136872
0.135245
0.133571
0.132151
0.130946
0.129956
0.129187
0.12859
0.128264
0.139694
0.138352
0.136613
0.13475
0.133088
0.13168
0.130523
0.129623
0.128953
0.128579
0.141693
0.140639
0.13896
0.136971
0.134979
0.133187
0.131679
0.130487
0.129615
0.129135
0.143505
0.14294
0.141458
0.139442
0.137113
0.134872
0.132911
0.131322
0.130172
0.129545
0.144291
0.144306
0.143154
0.141268
0.138657
0.136019
0.13361
0.131616
0.130182
0.129404
0.142985
0.143743
0.143254
0.141693
0.138831
0.135903
0.133157
0.130857
0.129213
0.128319
0.138951
0.140363
0.14042
0.139332
0.136822
0.133873
0.131005
0.128607
0.126891
0.125987
0.13172
0.133755
0.134711
0.134229
0.132147
0.129529
0.126862
0.124619
0.123031
0.122207
0.121276
0.12378
0.125702
0.125984
0.124566
0.122608
0.12057
0.118838
0.11761
0.116973
0.15599
0.155745
0.154729
0.151411
0.144639
0.140599
0.14697
0.153606
0.156083
0.161448
0.154434
0.154372
0.153833
0.152425
0.149532
0.142925
0.142112
0.144078
0.151098
0.161993
0.152122
0.152023
0.15164
0.150667
0.149307
0.147658
0.141654
0.14359
0.158
0.161807
0.149476
0.149195
0.148768
0.147851
0.146101
0.145345
0.14617
0.154495
0.167051
0.154789
0.146932
0.146475
0.145977
0.145176
0.143745
0.143332
0.156523
0.161784
0.164317
0.148487
0.144771
0.144201
0.143685
0.143111
0.142381
0.142492
0.15146
0.157716
0.150692
0.142754
0.142998
0.142347
0.141812
0.141265
0.140903
0.14096
0.14137
0.141888
0.138976
0.13863
0.141466
0.140759
0.140114
0.139418
0.138858
0.138602
0.138504
0.137806
0.136617
0.136084
0.140161
0.139358
0.138563
0.137656
0.136807
0.136079
0.135567
0.134941
0.133952
0.133569
0.139123
0.138209
0.137254
0.136171
0.135133
0.134159
0.133233
0.132529
0.131758
0.13153
0.138514
0.137517
0.136412
0.135187
0.134034
0.13296
0.132019
0.131243
0.130607
0.130285
0.138475
0.137476
0.136269
0.134929
0.133667
0.132499
0.131486
0.130662
0.130044
0.129698
0.138945
0.138077
0.136856
0.135433
0.134034
0.132715
0.131558
0.130622
0.129941
0.129557
0.139599
0.139018
0.137899
0.13644
0.134879
0.133346
0.131972
0.130849
0.13004
0.129586
0.139916
0.139755
0.138843
0.137418
0.13571
0.133948
0.132321
0.130969
0.129994
0.129451
0.139289
0.139629
0.139022
0.137722
0.13593
0.133987
0.13213
0.130561
0.129428
0.128794
0.137083
0.137972
0.137792
0.136707
0.134935
0.132924
0.130928
0.129212
0.127983
0.127284
0.13284
0.134234
0.134522
0.133844
0.132272
0.130318
0.128318
0.126571
0.125352
0.124679
0.126323
0.128149
0.128969
0.128756
0.127554
0.125873
0.12405
0.122517
0.1214
0.120805
0.117654
0.11976
0.121102
0.121403
0.120721
0.119476
0.118168
0.116989
0.116122
0.115662
0.155297
0.155175
0.154462
0.152493
0.148973
0.143719
0.138915
0.144115
0.22187
0.173496
0.153685
0.153672
0.153254
0.15214
0.150604
0.146941
0.1416
0.158802
0.221508
0.15297
0.151632
0.151586
0.151275
0.150714
0.150474
0.149092
0.14619
0.171105
0.213539
0.150722
0.149348
0.149145
0.148773
0.14806
0.14742
0.147913
0.149373
0.155061
0.153828
0.149247
0.147101
0.146721
0.146269
0.14556
0.144419
0.143721
0.145277
0.147583
0.147076
0.146898
0.145073
0.144561
0.144052
0.143472
0.142586
0.141269
0.141151
0.142579
0.142747
0.143026
0.143287
0.142694
0.142136
0.141591
0.141113
0.140484
0.139814
0.139692
0.13959
0.139527
0.141782
0.141076
0.140431
0.13977
0.139245
0.138877
0.138518
0.137969
0.137335
0.136881
0.140471
0.139677
0.138915
0.138091
0.137341
0.136707
0.136196
0.135596
0.134847
0.134465
0.139428
0.138569
0.137691
0.136715
0.13578
0.134902
0.134136
0.133449
0.132793
0.132479
0.138746
0.137867
0.1369
0.135806
0.134741
0.133735
0.132846
0.132091
0.131488
0.131159
0.138466
0.137645
0.13664
0.135462
0.134287
0.133168
0.132181
0.131362
0.130752
0.130405
0.138487
0.137834
0.13686
0.13564
0.134359
0.133111
0.131996
0.131078
0.130411
0.130033
0.138544
0.138169
0.137312
0.136095
0.134716
0.13332
0.132044
0.130987
0.130223
0.129793
0.138215
0.138213
0.137558
0.136404
0.134955
0.133416
0.131968
0.130752
0.129872
0.129377
0.137016
0.137443
0.137067
0.136049
0.134587
0.132947
0.131358
0.13
0.129019
0.128454
0.134449
0.135336
0.135312
0.134517
0.133128
0.131474
0.129816
0.128365
0.127346
0.126713
0.130154
0.131468
0.131837
0.131366
0.13018
0.128632
0.127037
0.125529
0.124542
0.12399
0.123987
0.125647
0.126419
0.126329
0.125468
0.124136
0.122747
0.121487
0.120575
0.120087
0.116104
0.11797
0.119106
0.119424
0.118997
0.118026
0.117027
0.116083
0.115376
0.114997
)
;

boundaryField
{
    lowerSideWalls
    {
        type            fixedFluxPressure;
        gradient        uniform 0;
        value           nonuniform List<scalar> 
800
(
397.005
396.425
395.112
392.861
389.632
384.3
370.238
173.301
0.885885
0.341241
0.279122
0.247566
0.235059
0.231885
0.222452
0.203301
0.182927
0.176701
0.170215
0.163692
397.536
397.032
395.896
393.948
391.093
386.48
376.725
197.176
2.68858
0.319977
0.258924
0.2422
0.220955
0.226289
0.223151
0.202373
0.183686
0.176194
0.168724
0.161747
398.592
398.237
397.434
396.038
393.916
390.43
384.516
236.315
19.2339
0.292714
0.239672
0.241053
0.219586
0.203982
0.213943
0.197562
0.183985
0.174853
0.166924
0.159148
400.058
399.909
399.555
398.902
397.823
395.909
392.541
295.644
62.2765
0.24895
0.225545
0.231329
0.215669
0.192059
0.19269
0.194493
0.184195
0.173213
0.16421
0.155427
401.787
401.874
402.033
402.229
402.382
402.322
401.963
356.467
138.503
0.336395
0.209027
0.20434
0.203123
0.186029
0.183177
0.190878
0.18397
0.170983
0.160012
0.15131
403.605
403.936
404.62
405.686
407.148
409.042
411.612
402.348
248.631
27.6664
0.194137
0.157634
0.181333
0.185521
0.184883
0.192515
0.183452
0.165773
0.152326
0.145039
405.338
405.898
407.073
408.967
411.691
415.474
420.525
428.888
389.331
152.108
0.44274
0.122994
0.249971
0.771709
0.533949
0.197233
0.182065
0.155964
0.13629
0.133707
406.814
407.567
409.163
411.78
415.632
421.022
427.993
438.822
457.476
359.593
101.35
0.114135
0.14309
0.77755
0.351645
0.218577
0.192727
0.163054
0.14656
0.152547
407.873
408.761
410.657
413.841
418.69
425.387
433.723
445.802
464.424
491.426
437.098
69.5441
0.190144
0.269706
0.297841
0.271393
0.238792
0.208319
0.193732
0.177873
408.407
409.357
411.387
414.818
420.067
427.33
436.68
449.933
468.534
493.43
525.958
279.731
0.20178
0.266818
0.304509
0.305229
0.292533
0.432701
0.42091
0.408623
408.407
409.357
411.387
414.818
420.067
427.33
436.68
449.933
468.534
493.43
525.958
279.731
0.20178
0.266818
0.304509
0.305229
0.292533
0.432701
0.42091
0.408623
407.874
408.761
410.654
413.835
418.677
425.222
433.266
445.263
464.018
491.083
427.027
66.3674
0.177676
0.245015
0.265436
0.258314
0.234036
0.218991
0.204654
0.181382
406.817
407.57
409.161
411.769
415.613
420.902
427.663
438.414
456.872
352.609
93.0188
0.0931655
0.116789
0.780321
0.27364
0.206848
0.182661
0.166976
0.170353
0.169952
405.346
405.904
407.075
408.956
411.659
415.37
420.255
428.568
389.809
147.286
0.384759
0.104572
0.126211
0.771763
0.491711
0.209966
0.215993
0.178643
0.169783
0.162348
403.616
403.945
404.623
405.672
407.108
408.93
411.362
406.883
245.404
18.9903
0.164868
0.130821
0.143295
0.153198
0.166016
0.206225
0.216557
0.175297
0.169484
0.161139
401.797
401.882
402.035
402.207
402.308
402.161
401.61
359.225
133.02
0.263356
0.168439
0.166581
0.162364
0.152443
0.158639
0.172811
0.193544
0.176081
0.167481
0.160273
400.066
399.914
399.552
398.869
397.71
395.664
391.96
294.913
57.9197
0.238035
0.191446
0.19189
0.179113
0.161865
0.159452
0.166366
0.173705
0.177824
0.168921
0.163123
398.596
398.239
397.425
395.992
393.787
390.108
383.628
233.209
16.108
0.306268
0.222495
0.209968
0.190897
0.18193
0.17161
0.16319
0.169887
0.178337
0.172406
0.167998
397.539
397.034
395.887
393.897
390.964
386.074
375.391
191.28
1.37186
0.372516
0.275199
0.228548
0.201442
0.195655
0.176809
0.163043
0.169252
0.175535
0.175964
0.173902
397.024
396.442
395.119
392.819
389.509
383.786
368.262
165.455
0.644445
0.433165
0.309471
0.239509
0.201595
0.18675
0.1764
0.168143
0.169873
0.176324
0.178699
0.179265
397.098
396.519
395.203
392.911
389.602
383.816
368.063
166.309
0.701821
0.461166
0.317408
0.238857
0.199863
0.182086
0.170124
0.164849
0.17167
0.178863
0.181284
0.182881
397.76
397.258
396.12
394.14
391.223
386.263
375.723
193.009
1.51893
0.415936
0.287848
0.222137
0.191209
0.173405
0.167493
0.166733
0.172661
0.178301
0.179493
0.18121
398.942
398.592
397.787
396.361
394.165
390.401
383.849
233.549
16.5324
0.36175
0.233161
0.193144
0.179144
0.165054
0.166739
0.170949
0.174339
0.175097
0.175435
0.176675
400.517
400.37
400.014
399.333
398.168
396.013
392.112
294.536
58.8863
0.276328
0.170303
0.165625
0.168541
0.160776
0.166904
0.172992
0.175227
0.171226
0.170514
0.170424
402.33
402.418
402.574
402.743
402.823
402.595
401.936
359.137
134.717
0.185323
0.107106
0.132665
0.154664
0.162008
0.172353
0.196425
0.17386
0.167959
0.165187
0.16317
404.209
404.54
405.219
406.263
407.676
409.452
411.851
407.723
248.308
22.1392
0.0861875
0.100615
0.145044
0.171056
0.181963
0.187939
0.172244
0.165807
0.160097
0.156002
405.982
406.539
407.708
409.581
412.268
415.979
420.919
429.334
395.486
156.917
0.249566
0.0863418
0.137017
0.205355
0.251915
0.184732
0.176979
0.167503
0.158522
0.152278
407.48
408.229
409.815
412.408
416.221
421.541
428.477
439.411
457.963
374.645
103.556
0.0816225
0.146921
0.269708
0.308124
0.187389
0.178035
0.168865
0.161435
0.15438
408.55
409.432
411.314
414.468
419.252
425.819
434.031
446.124
464.503
490.473
440.47
78.0908
0.171611
0.261663
0.342145
0.320083
0.208525
0.196305
0.180566
0.164758
409.088
410.031
412.046
415.445
420.631
427.856
437.243
450.61
468.937
492.699
524.357
273.956
0.187697
0.266676
0.423964
0.446848
0.401617
0.190173
0.212545
0.206703
397.705
397.115
395.783
393.494
390.182
384.454
370.284
173.946
0.643895
0.32436
0.262886
0.233427
0.204272
0.179461
0.163019
0.154015
0.155959
0.159036
0.157704
0.156463
398.256
397.745
396.593
394.607
391.677
386.784
376.926
197.025
1.97169
0.343137
0.273272
0.242342
0.210195
0.1886
0.173439
0.163134
0.160974
0.160768
0.157793
0.156281
399.324
398.965
398.148
396.716
394.517
390.795
384.546
237.633
19.1663
0.390959
0.294696
0.263594
0.223685
0.194446
0.180047
0.174024
0.168721
0.16272
0.157383
0.155379
400.799
400.646
400.281
399.596
398.44
396.329
392.641
297.896
62.25
0.342431
0.270511
0.247985
0.214311
0.191245
0.186837
0.193519
0.177699
0.160311
0.154957
0.152723
402.528
402.612
402.763
402.933
403.027
402.849
402.355
360.516
139.402
0.337239
0.217659
0.210431
0.198088
0.192082
0.20263
0.229472
0.172763
0.157904
0.150549
0.147826
404.339
404.668
405.346
406.393
407.821
409.653
412.176
406.853
252.74
29.0514
0.172654
0.161542
0.181062
0.191533
0.219382
0.231517
0.185663
0.156442
0.144483
0.141273
406.059
406.616
407.785
409.664
412.367
416.13
421.193
429.719
396.352
168.382
0.326268
0.126979
0.162127
0.195208
0.236526
0.227768
0.207881
0.162563
0.148884
0.139655
407.518
408.268
409.856
412.457
416.286
421.669
428.741
439.821
458.646
388.848
121.133
0.0895556
0.149663
0.29258
0.274226
0.204424
0.18614
0.178011
0.165797
0.153528
408.563
409.446
411.33
414.489
419.289
425.934
434.291
446.531
464.977
490.549
450.722
85.1222
0.165295
0.253162
0.305339
0.285518
0.210684
0.188895
0.184729
0.210811
409.088
410.031
412.046
415.445
420.631
427.856
437.243
450.61
468.937
492.699
524.357
273.956
0.187697
0.266676
0.423964
0.446848
0.401617
0.190173
0.212545
0.206703
)
;
    }
    upperSideWalls
    {
        type            fixedFluxPressure;
        gradient        uniform 0;
        value           nonuniform List<scalar> 
800
(
0.157375
0.151387
0.145855
0.141047
0.137127
0.134084
0.131783
0.13004
0.128733
0.127724
0.126817
0.125714
0.124034
0.12138
0.117364
0.111821
0.104771
0.0964701
0.0875622
0.0792656
0.154801
0.148138
0.142056
0.137385
0.133899
0.1315
0.129821
0.128479
0.127381
0.126488
0.125681
0.124702
0.123174
0.120675
0.116731
0.111282
0.104401
0.0964402
0.0881506
0.0806617
0.151211
0.143891
0.138024
0.132489
0.129684
0.128638
0.128163
0.127458
0.12659
0.125679
0.124759
0.123648
0.122021
0.119521
0.115814
0.11074
0.104387
0.0972163
0.0898652
0.0831413
0.146451
0.137534
0.12948
0.124874
0.123576
0.124937
0.126625
0.126904
0.126099
0.124944
0.123699
0.122314
0.120524
0.118003
0.11448
0.109894
0.104389
0.0981707
0.0917292
0.0855584
0.142365
0.131721
0.121825
0.117368
0.117484
0.121597
0.125494
0.126949
0.126171
0.12458
0.122915
0.121212
0.119262
0.116788
0.113562
0.109492
0.104629
0.0991743
0.0934349
0.0876957
0.139175
0.129965
0.126889
0.138832
0.12603
0.120297
0.125556
0.126954
0.126205
0.124186
0.122108
0.120141
0.118085
0.115691
0.112741
0.10912
0.104835
0.100004
0.0948042
0.08939
0.139999
0.136484
0.161756
0.277823
0.170067
0.114801
0.123191
0.125708
0.12522
0.123281
0.121131
0.11911
0.117069
0.114795
0.112091
0.108834
0.104993
0.100619
0.0958068
0.0906315
0.160781
0.152556
0.298542
0.307097
0.188101
0.111146
0.118911
0.122143
0.122762
0.121618
0.119918
0.118072
0.11617
0.114059
0.111576
0.108599
0.105077
0.101019
0.0964675
0.0914669
0.274548
0.356092
0.342445
0.256971
0.115001
0.111281
0.115331
0.118902
0.120227
0.119753
0.118485
0.117063
0.115426
0.113507
0.111203
0.10842
0.105105
0.101245
0.0968585
0.0919698
0.403873
0.318508
0.133329
0.117791
0.112898
0.113207
0.115754
0.118162
0.119169
0.118889
0.117909
0.116604
0.115059
0.113224
0.111009
0.108325
0.105113
0.101346
0.0970423
0.0922071
0.403873
0.318508
0.133329
0.117791
0.112898
0.113207
0.115754
0.118162
0.119169
0.118889
0.117909
0.116604
0.115059
0.113224
0.111009
0.108325
0.105113
0.101346
0.0970423
0.0922071
0.37889
0.403964
0.365437
0.15308
0.122562
0.111949
0.114832
0.117962
0.119025
0.118624
0.117632
0.116402
0.115018
0.113367
0.111329
0.1088
0.105712
0.102037
0.0977704
0.0929516
0.387435
0.389354
0.362777
0.150711
0.140295
0.124583
0.114793
0.117852
0.118776
0.118029
0.116939
0.115938
0.114885
0.113606
0.111928
0.109714
0.10688
0.103392
0.0992376
0.094462
0.172115
0.227705
0.159652
0.12567
0.128734
0.119356
0.112656
0.115632
0.116384
0.115823
0.115237
0.114854
0.114479
0.113863
0.112786
0.111083
0.108652
0.10544
0.101474
0.0967636
0.145529
0.132157
0.120818
0.113599
0.11276
0.111518
0.110441
0.111885
0.112174
0.112125
0.1125
0.11317
0.113827
0.114168
0.113936
0.112947
0.111084
0.108287
0.104539
0.0998904
0.149817
0.138708
0.128076
0.118995
0.112414
0.10895
0.107371
0.1066
0.106431
0.107215
0.108879
0.110954
0.112958
0.114516
0.115355
0.115277
0.114143
0.111872
0.108416
0.103822
0.155357
0.146001
0.135727
0.1255
0.116192
0.108708
0.103283
0.10023
0.099715
0.101502
0.104743
0.108486
0.112052
0.115008
0.117078
0.118065
0.117783
0.116159
0.113046
0.108487
0.162243
0.154301
0.144162
0.132175
0.119182
0.107104
0.0978027
0.092625
0.0919328
0.0951573
0.100367
0.105988
0.11123
0.115643
0.11902
0.121287
0.122035
0.121081
0.118305
0.113739
0.170156
0.163674
0.154227
0.140415
0.123625
0.105995
0.0911792
0.0830169
0.0830389
0.088592
0.0963277
0.10383
0.110697
0.116398
0.12083
0.123955
0.125965
0.126017
0.123717
0.119077
0.177835
0.173429
0.165098
0.151726
0.132917
0.110535
0.0882465
0.0741779
0.072022
0.0798663
0.0912382
0.102105
0.110651
0.1173
0.122405
0.126543
0.129965
0.131061
0.12904
0.12403
0.183192
0.180771
0.174305
0.164285
0.14686
0.123464
0.0973204
0.0764993
0.0697323
0.0764637
0.0890051
0.101142
0.110852
0.118272
0.123936
0.128872
0.133093
0.134714
0.132514
0.127452
0.181819
0.179847
0.174021
0.164191
0.147503
0.125964
0.103108
0.0854884
0.0792775
0.0850741
0.094158
0.103874
0.112501
0.119792
0.12581
0.130911
0.13493
0.136299
0.134441
0.129006
0.176885
0.174905
0.169563
0.16024
0.145885
0.12829
0.110766
0.0980798
0.0943523
0.0963339
0.101987
0.108776
0.11546
0.121724
0.127324
0.132023
0.135375
0.136295
0.134049
0.128458
0.169912
0.168017
0.163529
0.155576
0.144238
0.131037
0.118419
0.109064
0.104603
0.105232
0.10863
0.113262
0.118368
0.123533
0.128326
0.132259
0.134733
0.13494
0.132245
0.126484
0.161981
0.160751
0.158037
0.152416
0.144036
0.134587
0.125738
0.118971
0.115543
0.114424
0.115819
0.118565
0.122015
0.125725
0.129221
0.131963
0.133336
0.13271
0.129638
0.123944
0.153615
0.152516
0.152514
0.150089
0.143438
0.136497
0.130927
0.126038
0.122628
0.121031
0.121199
0.122583
0.124714
0.127166
0.129467
0.131097
0.131503
0.130168
0.126717
0.121263
0.148599
0.148402
0.152278
0.153024
0.147156
0.139116
0.134184
0.131112
0.128076
0.126127
0.125508
0.125911
0.126988
0.128359
0.129591
0.130221
0.12978
0.127873
0.124233
0.118882
0.150397
0.152822
0.15788
0.155586
0.150632
0.143132
0.137314
0.134448
0.131805
0.129658
0.128526
0.128264
0.128579
0.129135
0.129545
0.129404
0.128319
0.125987
0.122207
0.116973
0.161448
0.161993
0.161807
0.154789
0.148487
0.142754
0.13863
0.136084
0.133569
0.13153
0.130285
0.129698
0.129557
0.129586
0.129451
0.128794
0.127284
0.124679
0.120805
0.115662
0.173496
0.15297
0.150722
0.149247
0.146898
0.143026
0.139527
0.136881
0.134465
0.132479
0.131159
0.130405
0.130033
0.129793
0.129377
0.128454
0.126713
0.12399
0.120087
0.114997
0.155297
0.153685
0.151632
0.149348
0.147101
0.145073
0.143287
0.141782
0.140471
0.139428
0.138746
0.138466
0.138487
0.138544
0.138215
0.137016
0.134449
0.130154
0.123987
0.116104
0.155175
0.153672
0.151586
0.149145
0.146721
0.144561
0.142694
0.141076
0.139677
0.138569
0.137867
0.137645
0.137834
0.138169
0.138213
0.137443
0.135336
0.131468
0.125647
0.11797
0.154462
0.153254
0.151275
0.148773
0.146269
0.144052
0.142136
0.140431
0.138915
0.137691
0.1369
0.13664
0.13686
0.137312
0.137558
0.137067
0.135312
0.131837
0.126419
0.119106
0.152493
0.15214
0.150714
0.14806
0.14556
0.143472
0.141591
0.13977
0.138091
0.136715
0.135806
0.135462
0.13564
0.136095
0.136404
0.136049
0.134517
0.131366
0.126329
0.119424
0.148973
0.150604
0.150474
0.14742
0.144419
0.142586
0.141113
0.139245
0.137341
0.13578
0.134741
0.134287
0.134359
0.134716
0.134955
0.134587
0.133128
0.13018
0.125468
0.118997
0.143719
0.146941
0.149092
0.147913
0.143721
0.141269
0.140484
0.138877
0.136707
0.134902
0.133735
0.133168
0.133111
0.13332
0.133416
0.132947
0.131474
0.128632
0.124136
0.118026
0.138915
0.1416
0.14619
0.149373
0.145277
0.141151
0.139814
0.138518
0.136196
0.134136
0.132846
0.132181
0.131996
0.132044
0.131968
0.131358
0.129816
0.127037
0.122747
0.117027
0.144115
0.158802
0.171105
0.155061
0.147583
0.142579
0.139692
0.137969
0.135596
0.133449
0.132091
0.131362
0.131078
0.130987
0.130752
0.13
0.128365
0.125529
0.121487
0.116083
0.22187
0.221508
0.213539
0.153828
0.147076
0.142747
0.13959
0.137335
0.134847
0.132793
0.131488
0.130752
0.130411
0.130223
0.129872
0.129019
0.127346
0.124542
0.120575
0.115376
0.173496
0.15297
0.150722
0.149247
0.146898
0.143026
0.139527
0.136881
0.134465
0.132479
0.131159
0.130405
0.130033
0.129793
0.129377
0.128454
0.126713
0.12399
0.120087
0.114997
)
;
    }
    lowerWall
    {
        type            fixedFluxPressure;
        gradient        uniform 0;
        value           nonuniform List<scalar> 
200
(
397.005
397.001
396.879
396.602
396.144
395.513
394.819
394.438
394.757
394.982
394.847
394.335
394.032
394.94
396.013
396.796
397.309
397.598
397.709
397.705
397.536
397.506
397.354
397.051
396.582
395.958
395.205
394.507
393.874
393.661
393.66
393.957
394.442
395.443
396.471
397.238
397.766
398.087
398.234
398.256
398.592
398.516
398.291
397.902
397.352
396.646
395.789
394.839
393.671
392.97
392.949
393.905
395.11
396.251
397.271
398.062
398.643
399.039
399.256
399.324
400.058
399.921
399.588
399.066
398.379
397.549
396.603
395.625
394.512
394.128
394.005
394.718
396.031
397.179
398.234
399.119
399.822
400.344
400.669
400.799
401.787
401.576
401.111
400.419
399.55
398.567
397.518
396.525
395.575
395.256
395.313
395.843
396.987
398.123
399.257
400.283
401.167
401.861
402.323
402.528
403.605
403.315
402.7
401.815
400.732
399.549
398.358
397.287
396.403
396.06
396.16
396.682
397.743
398.944
400.21
401.439
402.543
403.436
404.051
404.339
405.338
404.969
404.205
403.121
401.82
400.425
399.063
397.882
396.99
396.596
396.695
397.257
398.302
399.604
401.045
402.491
403.82
404.919
405.69
406.059
406.814
406.375
405.477
404.211
402.712
401.123
399.595
398.292
397.343
396.9
396.989
397.592
398.678
400.096
401.703
403.347
404.882
406.167
407.077
407.518
407.873
407.38
406.379
404.979
403.328
401.589
399.93
398.521
397.508
397.021
397.101
397.739
398.882
400.399
402.139
403.936
405.627
407.052
408.067
408.563
408.407
407.874
406.817
405.346
403.616
401.797
400.066
398.596
397.539
397.024
397.098
397.76
398.942
400.517
402.33
404.209
405.982
407.48
408.55
409.088
)
;
    }
    atmosphere
    {
        type            totalPressure;
        rho             rho;
        psi             none;
        gamma           1;
        p0              nonuniform List<scalar> 0();
        value           nonuniform List<scalar> 0();
    }
    procBoundary1to0
    {
        type            processor;
        value           nonuniform List<scalar> 
800
(
397.076
396.498
395.192
392.954
389.739
384.424
370.515
174.579
0.863441
0.3301
0.267737
0.239578
0.22589
0.227539
0.210419
0.186698
0.183659
0.178348
0.170842
0.164613
397.068
396.504
395.278
393.17
390.043
384.625
371.515
172.506
0.447231
0.341287
0.276857
0.249715
0.237778
0.221906
0.213033
0.208422
0.182435
0.175073
0.170366
0.164649
396.943
396.435
395.387
393.658
390.933
386.777
377.209
201.178
0.430322
0.338357
0.268455
0.227
0.21528
0.205453
0.199933
0.191939
0.180703
0.175906
0.170946
0.165783
396.657
396.173
395.291
393.984
392.084
389.318
383.368
250.523
0.429888
0.323477
0.258463
0.206164
0.184128
0.180304
0.183256
0.182936
0.18107
0.177289
0.172259
0.167902
396.193
395.693
394.87
393.849
392.831
392.286
389.639
276.782
1.28045
0.32623
0.254758
0.166056
0.142375
0.157154
0.178341
0.183756
0.181497
0.176392
0.172156
0.170376
395.556
395.022
393.876
393.009
379.054
340.377
399.638
300.158
10.8873
0.701943
0.204305
0.12795
0.190971
0.13273
0.160835
0.181698
0.183876
0.171199
0.167638
0.171598
394.835
394.044
391.966
387.539
351.156
276.715
272.714
280.004
132.035
1.38399
0.103696
0.0364013
0.243432
0.286528
0.15821
0.189566
0.274356
0.340809
0.29922
0.216189
394.474
393.254
389.933
382.083
370.993
335.925
154.411
67.8968
39.9293
14.8697
0.546545
-0.0599722
-0.0331643
0.328618
0.357248
0.136892
0.309841
0.653496
0.783505
0.529635
394.912
393.671
390.308
383.071
372.856
369.708
85.6017
34.5608
13.2446
6.87876
1.48589
-0.243203
-0.243213
0.101443
0.181348
0.157614
0.160606
0.182816
0.192536
0.256239
395.206
392.51
386.906
380.474
378.889
354.013
90.847
43.9481
15.6059
2.25945
0.379868
-0.237132
-0.176826
0.142009
0.266166
0.304874
0.337289
1.09324
1.89771
1.98729
395.286
393.391
388.185
382.925
382.628
302.633
93.6164
55.8289
33.3936
7.77237
4.59047
7.03786
8.03674
7.8477
7.62413
7.90347
4.6718
0.139123
0.174128
0.198139
394.672
393.217
388.932
381.727
375.908
283.427
85.6248
66.0428
49.5037
19.7047
1.07448
-0.418045
-0.511793
-0.317838
0.100866
0.342136
0.322757
0.288744
0.286033
0.25442
394.269
392.635
387.609
381.857
363.215
246.118
200.986
176.137
144.367
41.4198
0.608841
-0.403908
-0.359794
-0.195791
-0.0288351
0.0698857
0.134783
0.185172
0.21947
0.245287
395.182
394.36
391.455
386.71
339.183
302.882
392.928
298.548
52.719
2.44639
0.444312
0.0347426
0.0352875
0.162386
0.205278
0.167411
0.192832
0.189028
0.212155
0.360058
396.19
395.858
395.456
393.839
368.606
400.672
395.588
255.963
1.35824
0.403882
0.576189
0.12936
-0.00476018
0.0807064
0.159939
0.178097
0.148073
0.159587
0.175253
0.184964
396.896
396.538
395.948
395.393
394.442
393.117
387.123
249.82
0.386241
0.171039
0.192489
0.103026
0.0583652
0.0822707
0.119908
0.147319
0.160848
0.165184
0.166661
0.169477
397.371
396.959
396.19
395.197
393.382
389.737
382.317
222.965
0.329181
0.243817
0.200424
0.138749
0.110664
0.11719
0.124519
0.128155
0.136388
0.148368
0.157682
0.162048
397.643
397.157
396.147
394.506
391.74
386.813
375.289
187.92
0.354652
0.268204
0.223932
0.181418
0.179556
0.177061
0.176937
0.168338
0.146205
0.149114
0.155944
0.158213
397.75
397.184
395.95
393.822
390.61
384.572
370.281
167.415
0.386068
0.287125
0.240467
0.2072
0.200255
0.186505
0.169447
0.147913
0.141441
0.151079
0.15642
0.156644
397.745
397.156
395.825
393.536
390.223
384.513
370.438
174.42
0.602047
0.293634
0.232117
0.206222
0.185723
0.166925
0.153611
0.149221
0.153165
0.156627
0.157208
0.156212
0.15865
0.153005
0.147805
0.143192
0.139265
0.136059
0.133517
0.131513
0.129927
0.128607
0.127411
0.126014
0.124076
0.121224
0.117049
0.111406
0.104315
0.095987
0.0869609
0.0783877
0.159081
0.15368
0.148473
0.143593
0.139255
0.135678
0.132924
0.130907
0.129492
0.128508
0.127669
0.126732
0.125325
0.122991
0.118873
0.113057
0.105449
0.0962029
0.0857357
0.075339
0.160796
0.155794
0.150391
0.144661
0.139122
0.134616
0.13147
0.129489
0.128425
0.128068
0.128103
0.128084
0.127862
0.126227
0.122762
0.116659
0.107949
0.0965882
0.0824811
0.0692316
0.163999
0.159682
0.154216
0.14663
0.138362
0.13189
0.1282
0.126608
0.126554
0.127593
0.129024
0.131076
0.132796
0.133191
0.130242
0.123427
0.113079
0.098501
0.0736005
0.0924544
0.169582
0.167044
0.161513
0.149708
0.13571
0.126059
0.121993
0.1207
0.121546
0.126767
0.13219
0.132568
0.139133
0.144597
0.144003
0.137139
0.13536
0.24786
1.77578
2.27782
0.177148
0.179322
0.172425
0.156941
0.155456
0.15879
0.166922
0.202986
0.2564
0.276197
0.238402
0.233308
0.240287
0.224518
0.212395
0.221938
0.393761
1.40183
4.03822
2.58429
0.191503
0.181318
0.175753
0.244454
0.276637
0.269001
0.381091
0.470628
0.398177
0.196234
0.140309
0.160282
0.179277
0.190592
0.194579
0.165999
0.128275
0.321362
1.81711
2.16232
0.240778
0.191891
0.174009
0.160532
0.125088
0.0877877
0.0881087
0.0823504
0.0819184
0.143831
0.218297
0.246844
0.296448
0.44254
0.546693
0.837675
1.2483
1.26975
1.0664
0.305003
0.308263
0.306286
0.262451
0.228352
0.159944
0.0992904
0.125546
0.115426
0.218028
1.50182
2.26856
1.13445
0.743093
0.651356
1.29489
5.18458
8.43756
6.89543
1.67595
-0.0131771
1.99082
0.651964
0.302973
0.335675
1.0672
5.39868
11.2016
12.1475
3.22863
0.129435
0.296533
0.371962
0.281928
0.238964
0.913017
6.90531
14.8976
15.2497
4.54053
0.219554
0.22672
0.280176
0.392326
0.467552
5.45676
38.2931
54.4105
51.5432
6.43037
0.0578271
0.177254
0.141718
0.16339
0.234431
0.303598
0.579473
3.90848
12.3604
14.9331
4.67224
0.219873
0.214698
0.234272
0.308878
0.963755
2.27628
1.78516
0.165714
0.0987408
0.080176
0.0866843
0.107487
0.149727
0.205713
0.261196
0.303834
1.20489
8.87186
16.195
11.1993
0.273126
0.31301
0.278072
0.169838
0.124223
0.0921752
0.098465
0.118249
0.122064
0.116838
0.114269
0.12428
0.150574
0.186575
0.221654
0.248693
0.274936
0.924735
9.10203
17.5943
0.506517
0.521617
0.505839
0.448892
0.404399
0.398245
0.352154
0.169823
0.131299
0.128989
0.126896
0.132236
0.147946
0.170495
0.193789
0.213792
0.222269
0.219759
0.435681
3.56138
0.184533
0.175502
0.168049
0.170143
0.161881
0.148068
0.151307
0.143425
0.140549
0.143846
0.141015
0.136622
0.145593
0.158587
0.171427
0.18171
0.186342
0.179423
0.156516
0.124235
0.16914
0.1641
0.157307
0.150597
0.144793
0.140921
0.139177
0.138381
0.137505
0.13651
0.136179
0.138468
0.1436
0.150472
0.1572
0.162018
0.162873
0.157122
0.142508
0.120699
0.162544
0.160085
0.155601
0.150617
0.146509
0.143561
0.14171
0.140458
0.139336
0.138359
0.138089
0.139186
0.141723
0.145054
0.148096
0.149691
0.148446
0.14324
0.133413
0.11913
0.157874
0.155878
0.153102
0.150064
0.147198
0.144886
0.143109
0.141676
0.140429
0.139444
0.138975
0.139253
0.14025
0.141535
0.142415
0.142132
0.1398
0.134842
0.126955
0.11638
0.155778
0.154048
0.151891
0.149571
0.147367
0.145429
0.14376
0.142302
0.141026
0.139994
0.139329
0.139107
0.139228
0.139367
0.139045
0.137722
0.134833
0.130019
0.123141
0.114439
0.154937
0.153261
0.151327
0.149305
0.147361
0.145586
0.143993
0.142564
0.141284
0.140215
0.139435
0.138954
0.138656
0.138277
0.137427
0.135663
0.132568
0.127839
0.12141
0.113506
)
;
    }
    procBoundary1to3
    {
        type            processor;
        value           nonuniform List<scalar> 
200
(
0.0730115
0.0747345
0.0773672
0.0798735
0.0820849
0.0838526
0.0851646
0.0860658
0.0866172
0.0868803
0.0703065
0.0729011
0.0766568
0.0798302
0.082483
0.0844627
0.0858707
0.0868036
0.0873565
0.0876111
0.0643663
0.0688507
0.0753595
0.0798542
0.0833293
0.0857671
0.0873466
0.0883226
0.0888633
0.0890959
0.0489495
0.0609551
0.0733032
0.0802448
0.0850348
0.0880085
0.0897315
0.0907027
0.0911789
0.0913565
0.020286
0.0496044
0.0729884
0.0819561
0.0880653
0.0915141
0.0932261
0.0940541
0.09435
0.0944063
0.0187059
0.337356
0.0738042
0.0856217
0.0932495
0.0968652
0.0980815
0.0984717
0.0983789
0.098209
0.0308025
0.0610573
0.0865607
0.0963603
0.102183
0.104604
0.104449
0.103947
0.103198
0.102662
2.61164
0.663734
0.0958674
0.10772
0.113407
0.114375
0.112054
0.110232
0.108552
0.107566
12.7516
3.32973
0.137419
0.146549
0.125575
0.125615
0.120725
0.116786
0.113969
0.112398
34.0834
26.9135
0.766614
0.713047
0.255141
0.142237
0.131591
0.123241
0.11889
0.11667
37.8623
9.89587
0.687519
0.599756
0.660432
0.179289
0.138422
0.128077
0.122246
0.119482
37.6097
26.5181
7.06686
2.17312
1.18391
0.189151
0.130518
0.127941
0.123007
0.120557
37.2398
11.7782
1.34878
2.36505
1.23748
0.177287
0.127512
0.125531
0.121818
0.119996
29.517
0.160897
0.193955
0.629103
0.28763
0.136361
0.126117
0.122654
0.119701
0.118136
1.12433
0.117002
0.139167
0.136295
0.133344
0.126092
0.121897
0.119128
0.117159
0.116128
0.105679
0.113429
0.124648
0.125047
0.12352
0.120508
0.117926
0.116026
0.114681
0.113973
0.107925
0.112823
0.11798
0.118891
0.118065
0.11634
0.114753
0.113465
0.112537
0.112043
0.108172
0.110951
0.113651
0.1146
0.114253
0.113377
0.112396
0.111507
0.110844
0.110486
0.107404
0.109569
0.111291
0.112067
0.112037
0.111483
0.110835
0.110187
0.109684
0.10941
0.107013
0.108894
0.110277
0.110963
0.111013
0.110584
0.110068
0.109528
0.109101
0.108866
)
;
    }
}


// ************************************************************************* //
