/*--------------------------------*- C++ -*----------------------------------*\
| =========                 |                                                 |
| \\      /  F ield         | OpenFOAM: The Open Source CFD Toolbox           |
|  \\    /   O peration     | Version:  2312                                  |
|   \\  /    A nd           | Website:  www.openfoam.com                      |
|    \\/     M anipulation  |                                                 |
\*---------------------------------------------------------------------------*/
FoamFile
{
    version     2.0;
    format      ascii;
    arch        "LSB;label=32;scalar=64";
    class       volScalarField;
    location    "1.265";
    object      p;
}
// * * * * * * * * * * * * * * * * * * * * * * * * * * * * * * * * * * * * * //

dimensions      [1 -1 -2 0 0 0 0];

internalField   nonuniform List<scalar> 
8000
(
375.256
374.898
374.357
373.707
372.893
372.059
371.304
370.714
370.348
370.259
326.952
326.511
325.851
325.14
324.351
323.486
322.684
322.049
321.647
321.536
279.516
279.072
278.242
277.225
276.316
275.401
274.522
273.816
273.374
273.162
233.581
232.959
231.791
230.481
229.162
227.997
226.932
226.038
225.436
225.193
188.186
187.524
186.212
184.705
182.986
181.445
180.11
179.007
178.186
177.916
144.459
143.75
141.89
139.818
137.428
135.646
133.988
132.876
131.947
131.507
103.159
101.815
99.5965
96.8567
94.4466
91.9405
90.0481
88.5931
87.6516
87.1101
63.7987
61.3548
57.9896
55.2832
52.3625
49.7517
47.7823
46.5205
45.9579
45.6564
32.2012
29.5325
25.374
21.6366
18.7759
16.9515
15.9763
15.6926
15.8032
15.5946
12.2577
7.88024
4.09775
2.00976
0.951632
0.488098
0.292801
0.231095
0.189931
0.106621
-0.429401
-0.449439
-0.457076
-0.465622
-0.470481
-0.466677
-0.468797
-0.478695
-0.494707
-0.502372
-0.503573
-0.499737
-0.505264
-0.516396
-0.515496
-0.508632
-0.507622
-0.513218
-0.51973
-0.520604
-0.536078
-0.536794
-0.546004
-0.563044
-0.5611
-0.556183
-0.558685
-0.56727
-0.571274
-0.567787
-0.581487
-0.58586
-0.5994
-0.616191
-0.616419
-0.614515
-0.614359
-0.622507
-0.626599
-0.623149
-0.634704
-0.637964
-0.659936
-0.6759
-0.676051
-0.673761
-0.670864
-0.67517
-0.675499
-0.668582
-0.695106
-0.701301
-0.721526
-0.732638
-0.729586
-0.725854
-0.723748
-0.725651
-0.723327
-0.713514
-0.758613
-0.76757
-0.776401
-0.778342
-0.7746
-0.771146
-0.772982
-0.777302
-0.776883
-0.770622
-0.818626
-0.832054
-0.826197
-0.8177
-0.819941
-0.820242
-0.824722
-0.831065
-0.833005
-0.828193
-0.876333
-0.88644
-0.879096
-0.872791
-0.874579
-0.875973
-0.879325
-0.884201
-0.886962
-0.884324
-0.935363
-0.941569
-0.941239
-0.938888
-0.935529
-0.934134
-0.934356
-0.93689
-0.938157
-0.935445
374.666
374.233
373.665
373.02
372.251
371.433
370.675
370.075
369.702
369.617
326.273
325.673
325.031
324.304
323.578
322.775
321.979
321.332
320.908
320.779
278.955
278.195
277.233
276.238
275.386
274.535
273.672
272.941
272.43
272.293
232.663
231.911
230.55
229.216
228.009
226.921
225.857
224.979
224.252
223.956
187.054
186.408
185.015
183.389
181.799
180.146
178.741
177.536
176.515
176.045
142.87
142.223
140.632
138.312
135.884
134.017
132.276
130.712
129.6
129.063
101.203
99.8657
97.6889
94.8293
92.0954
89.4311
87.2588
85.4938
84.221
83.4667
60.8907
59.0068
56.3439
53.0639
49.5978
46.4338
43.9306
42.0873
40.7014
39.6925
30.3993
27.692
23.633
19.6438
16.3411
13.7549
12.0228
11.0203
10.0662
9.11856
9.69559
5.91927
3.13317
1.36204
0.448891
-0.0272857
-0.223901
-0.306112
-0.348375
-0.386694
-0.431344
-0.446298
-0.456746
-0.467705
-0.468575
-0.460665
-0.459315
-0.468419
-0.482103
-0.489507
-0.484193
-0.485503
-0.500389
-0.51508
-0.510904
-0.503543
-0.506702
-0.51707
-0.526105
-0.524619
-0.514912
-0.521895
-0.544801
-0.56032
-0.559222
-0.554593
-0.562263
-0.570343
-0.57461
-0.570667
-0.564948
-0.577982
-0.600361
-0.616949
-0.619352
-0.617318
-0.623367
-0.630616
-0.632245
-0.624822
-0.627992
-0.64157
-0.666548
-0.678525
-0.677716
-0.674337
-0.677449
-0.685225
-0.683485
-0.671608
-0.692967
-0.706229
-0.731256
-0.737372
-0.729387
-0.724707
-0.726796
-0.734634
-0.736403
-0.721622
-0.75558
-0.767377
-0.780664
-0.778191
-0.773102
-0.770518
-0.777737
-0.786393
-0.78725
-0.775296
-0.816956
-0.826345
-0.818976
-0.816247
-0.819666
-0.824308
-0.831535
-0.839947
-0.841976
-0.836196
-0.876152
-0.88112
-0.870664
-0.872831
-0.8786
-0.883575
-0.888917
-0.894873
-0.897798
-0.89357
-0.934443
-0.940811
-0.941098
-0.941506
-0.942174
-0.942922
-0.943793
-0.948147
-0.950545
-0.946054
373.738
373.337
372.966
372.298
371.317
370.373
369.551
368.908
368.514
368.426
325.196
324.692
324.209
323.45
322.508
321.597
320.745
320.055
319.614
319.488
277.618
276.932
276.222
275.014
273.928
273.086
272.202
271.435
270.914
270.735
231.138
230.224
229.205
227.575
226.116
225.032
224.002
223.106
222.463
222.159
185.271
184.461
183.227
181.225
179.464
177.722
176.284
175.133
174.385
173.881
140.761
139.755
138.139
135.507
133.147
130.912
129.023
127.608
126.57
125.942
98.7024
96.9152
94.5524
91.0789
87.9456
85.075
82.736
80.9752
79.6926
78.8267
56.2883
55.5134
52.7576
48.6697
44.2021
40.1718
37.2106
35.2336
33.8341
32.7645
27.0857
24.1133
19.9914
15.5205
11.5166
8.46163
6.61619
5.466
4.65146
4.0193
6.16847
3.70195
1.71232
0.367824
-0.145935
-0.282757
-0.341113
-0.349254
-0.360968
-0.387899
-0.428343
-0.444402
-0.457429
-0.469008
-0.453037
-0.434158
-0.445423
-0.456858
-0.470595
-0.479498
-0.483036
-0.487706
-0.507725
-0.521929
-0.509895
-0.502786
-0.508766
-0.518575
-0.526713
-0.521433
-0.51027
-0.523016
-0.54591
-0.560975
-0.56017
-0.561272
-0.566584
-0.570356
-0.569137
-0.558833
-0.554235
-0.57011
-0.596168
-0.611307
-0.613335
-0.617907
-0.623264
-0.624185
-0.618333
-0.60565
-0.620546
-0.638926
-0.662283
-0.670128
-0.670288
-0.67185
-0.677233
-0.677576
-0.672997
-0.659282
-0.686869
-0.706952
-0.727728
-0.731275
-0.725479
-0.723663
-0.732173
-0.735995
-0.731128
-0.715428
-0.747127
-0.765538
-0.778138
-0.777411
-0.774171
-0.777849
-0.789228
-0.796797
-0.791328
-0.776734
-0.809184
-0.821253
-0.819806
-0.821996
-0.828471
-0.837205
-0.848191
-0.856632
-0.85406
-0.842107
-0.870878
-0.879705
-0.874327
-0.88171
-0.890758
-0.897115
-0.904642
-0.912401
-0.913839
-0.903494
-0.929467
-0.938579
-0.944231
-0.949349
-0.951477
-0.95343
-0.955535
-0.961045
-0.965269
-0.958426
372.512
372.118
371.872
371.054
369.936
368.886
367.984
367.288
366.866
366.777
323.879
323.412
323.007
322.257
321.133
320.015
319.045
318.289
317.818
317.693
275.889
275.307
274.665
273.625
272.469
271.28
270.225
269.367
268.806
268.613
228.944
228.076
227.139
225.625
224.093
222.754
221.549
220.552
219.873
219.59
182.879
181.885
180.531
178.518
176.467
174.628
173.079
171.863
171.028
170.587
137.731
136.396
134.481
131.855
129.184
126.834
124.89
123.449
122.368
121.679
94.5156
92.9853
90.3158
86.5049
82.9154
79.7239
77.2234
75.3931
74.0408
73.0916
53.0613
51.4939
47.8371
42.4889
37.0444
32.6777
29.7094
27.8677
26.6542
25.6623
22.0648
19.6168
15.3381
10.4011
6.20271
3.90359
2.65096
1.95118
1.57816
1.28056
3.08369
1.77335
0.424612
-0.166759
-0.27668
-0.331044
-0.339386
-0.337002
-0.349942
-0.370784
-0.429009
-0.445631
-0.46029
-0.449416
-0.427934
-0.435794
-0.441741
-0.445288
-0.447303
-0.452914
-0.487551
-0.493524
-0.51272
-0.510748
-0.502835
-0.504046
-0.510147
-0.515418
-0.51177
-0.504166
-0.519015
-0.532614
-0.552542
-0.559967
-0.557821
-0.559941
-0.565918
-0.569294
-0.566054
-0.556889
-0.558501
-0.57691
-0.598522
-0.610622
-0.611397
-0.61473
-0.618129
-0.616782
-0.611487
-0.601004
-0.616286
-0.637592
-0.653612
-0.663545
-0.667103
-0.672724
-0.6782
-0.675288
-0.667826
-0.655274
-0.681073
-0.703189
-0.722755
-0.72541
-0.724056
-0.733014
-0.747884
-0.753225
-0.745761
-0.729528
-0.741644
-0.762557
-0.777801
-0.777599
-0.779112
-0.791259
-0.808996
-0.818141
-0.813958
-0.795539
-0.805989
-0.817272
-0.824813
-0.829213
-0.839056
-0.852122
-0.867292
-0.875849
-0.869886
-0.851616
-0.869099
-0.879805
-0.88184
-0.88963
-0.899327
-0.908262
-0.918077
-0.925335
-0.923061
-0.906673
-0.927695
-0.93603
-0.945303
-0.955328
-0.958527
-0.962165
-0.965286
-0.969772
-0.972065
-0.958058
370.947
370.551
370.1
369.188
368.116
367.036
366.081
365.335
364.879
364.788
322.295
321.803
321.271
320.371
319.195
318.017
316.977
316.159
315.647
315.516
274.072
273.415
272.653
271.647
270.351
269.019
267.828
266.869
266.245
266.027
226.585
225.759
224.591
223.173
221.631
220.025
218.601
217.453
216.691
216.38
179.961
178.978
177.399
175.253
173.083
171.05
169.292
167.89
166.917
166.439
133.917
132.301
130.146
127.383
124.621
122.061
119.953
118.28
117.03
116.28
89.7884
88.4953
85.1733
80.9776
76.9246
73.4296
70.7951
68.8654
67.3893
66.3863
48.9265
46.4465
41.4773
35.1178
29.1242
24.6191
21.8985
20.4771
19.5519
18.8951
16.8451
14.5651
10.0307
5.36267
2.57674
1.07
0.393216
0.172234
0.0747837
0.0219438
1.11011
0.23286
-0.219841
-0.282504
-0.31521
-0.334681
-0.334903
-0.330315
-0.327726
-0.32425
-0.431761
-0.452354
-0.443977
-0.424984
-0.428272
-0.437401
-0.432182
-0.424066
-0.416933
-0.410438
-0.490665
-0.492245
-0.494081
-0.495988
-0.498434
-0.502473
-0.501439
-0.495293
-0.487634
-0.476851
-0.525008
-0.538979
-0.547735
-0.552545
-0.553671
-0.557993
-0.559478
-0.559817
-0.553718
-0.54214
-0.571487
-0.589631
-0.603402
-0.607805
-0.610094
-0.615041
-0.619561
-0.618778
-0.613909
-0.603689
-0.621414
-0.639961
-0.655336
-0.661537
-0.669639
-0.681434
-0.691925
-0.694604
-0.689234
-0.673933
-0.677336
-0.700994
-0.718788
-0.724228
-0.730568
-0.747674
-0.764994
-0.772596
-0.765064
-0.744067
-0.741184
-0.760744
-0.77761
-0.780912
-0.785334
-0.802066
-0.822115
-0.832069
-0.825972
-0.805856
-0.806728
-0.815312
-0.822622
-0.835024
-0.844903
-0.857783
-0.872424
-0.880878
-0.875714
-0.858343
-0.870848
-0.878123
-0.882938
-0.893391
-0.903015
-0.910891
-0.918734
-0.923753
-0.920643
-0.906764
-0.928084
-0.934053
-0.942122
-0.954114
-0.959491
-0.963328
-0.966803
-0.96854
-0.966182
-0.952907
369.238
368.84
368.23
367.25
366.159
365.034
364.014
363.21
362.713
362.616
320.496
320.022
319.314
318.288
317.079
315.846
314.729
313.839
313.278
313.13
272.09
271.458
270.539
269.338
267.941
266.509
265.203
264.145
263.439
263.186
224.149
223.36
222.057
220.456
218.699
216.967
215.37
214.047
213.146
212.785
176.868
175.848
174.023
171.735
169.417
167.204
165.207
163.492
162.317
161.736
130.071
128.267
125.925
122.916
119.854
117.022
114.593
112.506
111.085
110.205
85.1286
83.3324
79.6298
75.0908
70.5874
66.7295
63.9482
61.4927
59.0435
57.4911
43.1892
40.4621
34.9287
28.157
21.8137
17.4022
15.5311
14.3749
13.2416
12.4075
11.9932
9.92747
5.80462
2.43394
0.617379
-0.0390736
-0.135984
-0.179794
-0.195025
-0.193044
-0.0414651
-0.262723
-0.318242
-0.328049
-0.334921
-0.320697
-0.31239
-0.311106
-0.309668
-0.301863
-0.441142
-0.433389
-0.428088
-0.428205
-0.422902
-0.410698
-0.403046
-0.401957
-0.397781
-0.388411
-0.477561
-0.484419
-0.486993
-0.494339
-0.495122
-0.491491
-0.485
-0.484569
-0.477797
-0.4644
-0.5223
-0.541426
-0.543725
-0.550958
-0.555321
-0.558064
-0.559329
-0.560063
-0.553522
-0.537288
-0.571581
-0.597552
-0.602927
-0.607918
-0.615212
-0.62544
-0.631488
-0.632908
-0.627083
-0.609152
-0.627162
-0.648154
-0.656649
-0.665789
-0.68223
-0.697607
-0.704962
-0.706629
-0.699346
-0.680993
-0.681467
-0.702713
-0.719149
-0.728142
-0.739145
-0.753925
-0.765829
-0.771518
-0.763853
-0.744595
-0.741693
-0.760683
-0.782471
-0.788832
-0.790921
-0.803118
-0.817371
-0.822347
-0.815477
-0.798977
-0.807807
-0.817781
-0.833947
-0.842157
-0.847398
-0.854468
-0.864505
-0.868559
-0.862994
-0.849277
-0.869836
-0.877734
-0.88578
-0.895147
-0.899903
-0.905763
-0.912121
-0.914687
-0.911585
-0.899048
-0.925985
-0.933842
-0.941867
-0.950411
-0.953553
-0.956874
-0.961425
-0.963283
-0.959923
-0.947935
367.576
367.152
366.44
365.428
364.235
363.048
361.959
361.098
360.545
360.435
318.724
318.232
317.422
316.307
315.01
313.694
312.492
311.528
310.902
310.735
270.113
269.454
268.448
267.105
265.573
264.03
262.594
261.404
260.611
260.336
221.748
220.928
219.561
217.819
215.865
213.963
212.154
210.628
209.561
209.103
173.759
172.605
170.75
168.432
165.953
163.492
161.145
159.118
157.652
156.879
126.246
124.412
121.962
118.775
115.385
112.201
109.159
106.883
104.883
103.634
80.5792
78.5538
74.5688
69.7283
64.7698
60.594
56.9881
53.0157
49.7563
47.5389
37.3712
34.9475
29.6314
22.8765
16.6682
12.8728
11.2245
9.76297
8.43584
7.55132
8.06581
6.53806
3.30365
0.866807
0.00931813
-0.155905
-0.193259
-0.210268
-0.215368
-0.215076
-0.270406
-0.317838
-0.359612
-0.368777
-0.338709
-0.318575
-0.31807
-0.312429
-0.3073
-0.300411
-0.410291
-0.409416
-0.428818
-0.432804
-0.420031
-0.410294
-0.40983
-0.403694
-0.39398
-0.381213
-0.46835
-0.453747
-0.492466
-0.500345
-0.498624
-0.49716
-0.494325
-0.487849
-0.47691
-0.460099
-0.517375
-0.541806
-0.54946
-0.558034
-0.564716
-0.568608
-0.568076
-0.563617
-0.554014
-0.536431
-0.573441
-0.604529
-0.60517
-0.614193
-0.629237
-0.638124
-0.638263
-0.634141
-0.625613
-0.608639
-0.632346
-0.6558
-0.660254
-0.672078
-0.691014
-0.701309
-0.700964
-0.697486
-0.688602
-0.672837
-0.687249
-0.706522
-0.721019
-0.733186
-0.743045
-0.748858
-0.750764
-0.748573
-0.743068
-0.7277
-0.74527
-0.75906
-0.785116
-0.796381
-0.795922
-0.796743
-0.799519
-0.799788
-0.793563
-0.779051
-0.808324
-0.8162
-0.838182
-0.853158
-0.853059
-0.85086
-0.851224
-0.849652
-0.844587
-0.830471
-0.867027
-0.875293
-0.887252
-0.897674
-0.901288
-0.90173
-0.900536
-0.90044
-0.896626
-0.883074
-0.925882
-0.933894
-0.940012
-0.943744
-0.946819
-0.949106
-0.949006
-0.951023
-0.948242
-0.934866
366.107
365.656
364.869
363.786
362.543
361.265
360.098
359.165
358.577
358.449
317.147
316.639
315.749
314.547
313.173
311.736
310.463
309.406
308.721
308.523
268.308
267.658
266.569
265.133
263.487
261.817
260.207
258.882
257.983
257.636
219.58
218.706
217.321
215.492
213.404
211.253
209.213
207.474
206.217
205.619
171.02
169.85
167.998
165.574
162.903
160.131
157.406
155.073
153.295
152.272
122.909
121.139
118.588
115.161
111.433
107.916
104.6
101.483
98.8799
97.1679
76.3409
74.2963
70.3959
65.2322
59.6906
55.173
50.1957
45.6009
41.792
38.9664
32.6596
30.6937
25.9306
19.1518
12.9723
9.83627
8.14703
6.63398
5.36664
4.4647
5.58789
4.50021
1.89829
0.195561
-0.135276
-0.18377
-0.213295
-0.223863
-0.224141
-0.221448
-0.26679
-0.345968
-0.390533
-0.384876
-0.341289
-0.323228
-0.320826
-0.315981
-0.307663
-0.297917
-0.392156
-0.405595
-0.434337
-0.437626
-0.426748
-0.421578
-0.414717
-0.405335
-0.394108
-0.379539
-0.466367
-0.467754
-0.496926
-0.50627
-0.506174
-0.504622
-0.496265
-0.485978
-0.476359
-0.461688
-0.520355
-0.533713
-0.556596
-0.566053
-0.574641
-0.574047
-0.568189
-0.558635
-0.550335
-0.537423
-0.578468
-0.60557
-0.609088
-0.621728
-0.638032
-0.639295
-0.635257
-0.627061
-0.618136
-0.606122
-0.635479
-0.659468
-0.662942
-0.678497
-0.694262
-0.696846
-0.694672
-0.688519
-0.679004
-0.666534
-0.695126
-0.708233
-0.719152
-0.736513
-0.745
-0.744034
-0.741534
-0.737862
-0.730391
-0.718733
-0.752187
-0.757917
-0.779435
-0.797143
-0.796221
-0.788948
-0.785809
-0.783846
-0.777834
-0.766822
-0.80842
-0.814292
-0.830448
-0.846502
-0.848561
-0.841205
-0.838
-0.834722
-0.827081
-0.815884
-0.868202
-0.876306
-0.882164
-0.886647
-0.889842
-0.889212
-0.888012
-0.884506
-0.876739
-0.866282
-0.92592
-0.935464
-0.936336
-0.930798
-0.928813
-0.930951
-0.933281
-0.93292
-0.927362
-0.918525
364.966
364.491
363.656
362.517
361.205
359.849
358.594
357.587
356.958
356.821
315.923
315.362
314.445
313.17
311.722
310.213
308.821
307.66
306.907
306.665
266.901
266.243
265.11
263.61
261.815
259.963
258.248
256.795
255.778
255.342
217.874
217
215.57
213.672
211.411
208.924
206.765
204.838
203.393
202.644
168.864
167.719
165.872
163.383
160.441
157.378
154.307
151.665
149.595
148.387
120.199
118.593
115.995
112.338
108.223
104.069
100.511
96.837
93.7663
91.7611
72.9667
71.1008
67.263
61.7265
55.8172
51.0759
45.1103
40.0163
35.9084
32.8484
29.2633
27.7917
23.3787
16.2893
10.3833
7.85686
6.1614
4.69343
3.49841
2.66246
4.22217
3.33112
1.14199
-0.0266202
-0.190062
-0.209855
-0.234456
-0.238736
-0.233701
-0.225333
-0.272356
-0.366801
-0.414382
-0.386854
-0.341628
-0.333933
-0.330598
-0.32593
-0.315798
-0.301595
-0.38836
-0.411514
-0.441872
-0.446243
-0.436091
-0.42947
-0.419585
-0.412197
-0.402926
-0.387746
-0.469568
-0.472431
-0.502599
-0.513014
-0.512994
-0.505417
-0.496201
-0.488556
-0.482135
-0.470281
-0.525364
-0.541232
-0.561342
-0.571878
-0.580806
-0.574839
-0.565193
-0.557324
-0.551379
-0.542486
-0.582377
-0.603039
-0.613631
-0.626879
-0.642112
-0.638843
-0.629389
-0.62084
-0.613896
-0.606306
-0.64114
-0.657983
-0.665101
-0.682176
-0.695197
-0.695488
-0.68777
-0.678958
-0.670563
-0.66249
-0.696608
-0.705978
-0.721763
-0.740357
-0.74599
-0.745017
-0.737772
-0.729475
-0.72097
-0.712972
-0.751776
-0.757004
-0.774961
-0.791878
-0.793691
-0.787037
-0.780773
-0.774413
-0.767401
-0.760849
-0.810477
-0.817127
-0.825
-0.832514
-0.831727
-0.826025
-0.822897
-0.818332
-0.813949
-0.80862
-0.871196
-0.880561
-0.877708
-0.869858
-0.865088
-0.863655
-0.863783
-0.863804
-0.862524
-0.857792
-0.926494
-0.936366
-0.93069
-0.914979
-0.906808
-0.906237
-0.910402
-0.914941
-0.914912
-0.908348
364.265
363.772
362.901
361.715
360.342
358.914
357.583
356.512
355.836
355.545
315.18
314.599
313.621
312.316
310.792
309.192
307.702
306.47
305.643
305.408
266.028
265.349
264.19
262.617
260.732
258.747
256.906
255.34
254.212
253.862
216.815
215.822
214.438
212.489
210.082
207.441
205.046
202.933
201.324
200.635
167.571
166.384
164.524
161.932
158.771
155.269
152.001
149.069
146.8
145.674
118.606
117.043
114.386
110.574
106.27
101.919
97.4543
93.1244
89.6252
87.6625
70.8575
69.1255
65.3131
59.6078
53.891
47.9324
41.3592
35.6312
31.2458
28.3972
27.2899
26.0727
21.8043
14.6398
9.17175
6.66947
4.88966
3.3669
2.24075
1.55065
3.70345
2.7006
0.717635
-0.0933372
-0.204199
-0.231227
-0.247951
-0.248489
-0.240029
-0.228069
-0.285326
-0.372007
-0.427007
-0.388411
-0.340612
-0.33735
-0.339357
-0.337169
-0.328042
-0.311621
-0.391567
-0.41858
-0.449061
-0.454252
-0.441094
-0.431527
-0.427627
-0.424527
-0.418814
-0.402921
-0.471308
-0.484286
-0.510147
-0.520998
-0.520417
-0.514228
-0.506012
-0.50078
-0.497082
-0.4852
-0.52696
-0.546308
-0.56652
-0.578516
-0.588048
-0.585593
-0.574188
-0.566707
-0.562652
-0.554082
-0.581654
-0.60127
-0.616462
-0.629688
-0.645634
-0.647282
-0.633371
-0.623613
-0.61878
-0.612198
-0.636798
-0.652824
-0.668996
-0.68607
-0.696964
-0.699209
-0.684654
-0.673909
-0.669251
-0.663889
-0.691999
-0.702668
-0.721487
-0.740179
-0.744225
-0.743766
-0.731685
-0.721416
-0.71701
-0.712362
-0.750353
-0.758104
-0.770481
-0.782465
-0.782674
-0.779797
-0.772795
-0.766489
-0.763416
-0.759918
-0.812112
-0.821105
-0.820543
-0.815212
-0.810208
-0.809562
-0.810213
-0.81009
-0.810318
-0.808062
-0.873921
-0.882422
-0.872049
-0.850851
-0.840501
-0.842986
-0.84974
-0.856545
-0.860378
-0.858024
-0.923264
-0.931563
-0.917346
-0.890526
-0.88277
-0.886718
-0.898664
-0.909675
-0.912726
-0.908932
364.071
363.565
362.659
361.446
360.032
358.553
357.17
356.057
355.354
355.109
314.987
314.41
313.364
312.031
310.455
308.793
307.233
305.94
305.077
304.809
265.811
265.132
263.95
262.29
260.33
258.257
256.306
254.644
253.46
253.008
216.571
215.59
214.108
212.09
209.584
206.833
204.208
201.912
200.209
199.453
167.282
166.033
164.104
161.418
158.119
154.355
150.719
147.489
145.06
143.932
118.169
116.624
113.911
110.005
105.554
100.653
95.5151
90.4631
86.4378
84.3847
70.2379
68.4728
64.7551
59.0597
53.3343
46.2887
38.8011
32.0178
26.9696
24.208
26.6418
25.2772
21.2763
14.4564
9.11161
6.12091
3.94361
2.28215
1.26186
0.767152
3.60456
2.36678
0.53487
-0.115687
-0.206505
-0.237999
-0.25162
-0.248859
-0.237121
-0.223758
-0.292087
-0.37101
-0.429782
-0.389529
-0.342222
-0.343763
-0.347449
-0.345279
-0.336097
-0.317488
-0.394853
-0.425885
-0.456045
-0.459434
-0.446754
-0.446226
-0.44501
-0.437287
-0.431637
-0.413702
-0.471983
-0.494756
-0.519287
-0.528105
-0.529245
-0.530168
-0.525716
-0.514681
-0.510179
-0.497252
-0.52708
-0.55001
-0.572378
-0.585983
-0.597681
-0.603117
-0.593077
-0.579752
-0.574394
-0.565205
-0.578886
-0.597745
-0.617171
-0.635211
-0.652359
-0.661219
-0.647536
-0.633918
-0.627866
-0.620291
-0.631357
-0.645851
-0.665806
-0.685482
-0.69954
-0.705425
-0.692383
-0.67981
-0.676001
-0.670039
-0.688891
-0.698026
-0.71436
-0.732849
-0.739787
-0.74065
-0.730444
-0.72213
-0.721463
-0.717343
-0.751469
-0.757954
-0.763562
-0.768711
-0.767894
-0.767664
-0.765151
-0.763231
-0.765555
-0.763888
-0.814173
-0.821918
-0.816439
-0.799294
-0.792157
-0.794964
-0.799896
-0.804048
-0.810689
-0.812403
-0.872131
-0.882193
-0.860892
-0.832418
-0.822352
-0.827487
-0.838725
-0.850694
-0.861177
-0.862587
-0.911949
-0.92079
-0.8976
-0.871826
-0.868069
-0.875227
-0.88963
-0.904659
-0.913222
-0.911897
364.395
363.883
362.965
361.737
360.303
358.802
357.405
356.271
355.55
355.351
315.349
314.729
313.696
312.351
310.756
309.072
307.482
306.14
305.276
304.992
266.281
265.61
264.344
262.661
260.676
258.563
256.542
254.813
253.615
253.143
217.137
216.149
214.628
212.556
210.015
207.169
204.385
201.948
200.208
199.426
167.966
166.6
164.721
162.002
158.627
154.644
150.692
147.175
144.635
143.472
118.986
117.261
114.634
110.828
106.284
100.912
95.1455
89.4247
84.8923
82.6473
71.2692
69.2745
65.721
60.2511
54.1252
46.3632
37.8041
29.7073
23.6718
20.7828
27.3704
25.337
21.5446
15.4226
10.0774
6.2809
3.49947
1.69001
0.762958
0.389738
3.79679
2.29254
0.479098
-0.125619
-0.20724
-0.238116
-0.251351
-0.241948
-0.223616
-0.206451
-0.299071
-0.377505
-0.438078
-0.401387
-0.354288
-0.356868
-0.355686
-0.34585
-0.331891
-0.311969
-0.401162
-0.436924
-0.464147
-0.46887
-0.461456
-0.472188
-0.460913
-0.437587
-0.42851
-0.414281
-0.476335
-0.503231
-0.524044
-0.53035
-0.532477
-0.549327
-0.538131
-0.511001
-0.50566
-0.500065
-0.53007
-0.551873
-0.573626
-0.585529
-0.597492
-0.609566
-0.599514
-0.575622
-0.570115
-0.568421
-0.57927
-0.593984
-0.613555
-0.631247
-0.649389
-0.660558
-0.649061
-0.629537
-0.624345
-0.62246
-0.630346
-0.639294
-0.656071
-0.676998
-0.694198
-0.700872
-0.690078
-0.676272
-0.673371
-0.670798
-0.690716
-0.69425
-0.703562
-0.718636
-0.728238
-0.731435
-0.724798
-0.718718
-0.720553
-0.719413
-0.754927
-0.758967
-0.758814
-0.757477
-0.753354
-0.755357
-0.756435
-0.757468
-0.763673
-0.765708
-0.814308
-0.82335
-0.815409
-0.79386
-0.780094
-0.783397
-0.787136
-0.793884
-0.80673
-0.814221
-0.86705
-0.875606
-0.854482
-0.823923
-0.813831
-0.818757
-0.82866
-0.843395
-0.858195
-0.865426
-0.902424
-0.912418
-0.891725
-0.873367
-0.871153
-0.8769
-0.888435
-0.900926
-0.911769
-0.917683
365.206
364.688
363.787
362.57
361.144
359.659
358.276
357.157
356.421
356.222
316.226
315.618
314.615
313.253
311.677
310.006
308.428
307.127
306.257
305.978
267.328
266.624
265.331
263.728
261.748
259.659
257.651
255.947
254.78
254.331
218.436
217.44
215.909
213.864
211.332
208.508
205.724
203.299
201.592
200.854
169.593
168.081
166.26
163.658
160.265
156.294
152.31
148.767
146.245
145.139
121.028
119.061
116.534
112.925
108.392
102.986
97.1777
91.3339
86.7313
84.5702
73.9311
71.5979
68.039
62.9604
56.807
48.9605
39.9554
31.1282
24.2707
21.2277
29.8175
26.9177
22.4922
16.8863
11.6596
7.49435
4.07302
1.91488
0.888072
0.534717
4.36873
2.77035
0.739892
-0.160033
-0.222582
-0.222122
-0.23445
-0.229011
-0.211554
-0.193915
-0.317376
-0.382185
-0.435197
-0.435228
-0.377049
-0.359296
-0.34861
-0.334291
-0.319566
-0.303696
-0.415292
-0.454055
-0.473628
-0.479294
-0.471063
-0.478529
-0.451136
-0.416745
-0.409284
-0.406815
-0.485075
-0.510911
-0.527029
-0.528857
-0.529805
-0.537004
-0.518954
-0.488661
-0.486145
-0.49571
-0.537089
-0.552725
-0.569681
-0.574702
-0.580402
-0.587268
-0.574592
-0.552541
-0.552054
-0.568588
-0.585581
-0.592681
-0.6044
-0.613192
-0.625169
-0.631407
-0.620201
-0.607124
-0.60943
-0.624574
-0.637381
-0.639936
-0.643958
-0.655228
-0.668626
-0.670831
-0.662278
-0.656663
-0.661071
-0.669038
-0.700026
-0.70101
-0.697899
-0.704679
-0.708608
-0.706589
-0.70267
-0.702966
-0.709379
-0.715261
-0.759769
-0.764335
-0.760599
-0.755096
-0.744236
-0.741354
-0.741626
-0.74519
-0.753899
-0.762069
-0.814574
-0.821852
-0.814395
-0.796406
-0.780021
-0.77821
-0.777915
-0.783945
-0.799514
-0.814395
-0.860993
-0.866019
-0.852968
-0.832259
-0.823401
-0.823599
-0.828851
-0.842174
-0.862155
-0.878208
-0.900022
-0.913066
-0.904479
-0.894369
-0.892609
-0.895217
-0.903
-0.915707
-0.930506
-0.944039
366.423
365.888
365.063
363.881
362.487
361.031
359.683
358.587
357.871
357.684
317.542
316.966
316.022
314.701
313.146
311.518
309.984
308.723
307.889
307.622
268.883
268.166
267.02
265.385
263.48
261.461
259.534
257.908
256.806
256.404
220.377
219.441
217.925
215.875
213.439
210.783
208.151
205.866
204.263
203.587
172.052
170.642
168.783
166.173
162.941
159.249
155.531
152.214
149.828
148.739
124.124
122.038
119.668
116.122
111.734
106.722
101.591
96.4228
92.2927
90.2329
77.8994
75.4429
71.8091
67.0015
61.2044
54.4531
46.1982
37.8397
31.085
27.7138
34.1962
30.7284
25.4784
19.5053
13.879
9.83537
6.17356
3.33282
1.88429
1.38609
5.79695
4.1192
1.73488
0.10342
-0.202992
-0.196053
-0.197764
-0.200755
-0.197251
-0.186224
-0.301532
-0.383322
-0.413467
-0.421008
-0.365624
-0.328184
-0.318096
-0.315294
-0.305363
-0.294721
-0.423897
-0.467934
-0.482238
-0.478302
-0.445887
-0.426283
-0.407569
-0.387111
-0.383724
-0.391624
-0.496404
-0.513747
-0.524257
-0.51897
-0.504491
-0.495497
-0.479209
-0.462397
-0.464265
-0.482614
-0.546191
-0.553381
-0.559872
-0.556393
-0.551423
-0.551668
-0.540206
-0.528912
-0.535215
-0.564023
-0.59524
-0.594873
-0.594058
-0.593885
-0.599905
-0.600643
-0.58937
-0.587206
-0.59781
-0.628709
-0.650135
-0.645934
-0.637714
-0.642797
-0.652876
-0.646613
-0.637971
-0.642328
-0.654519
-0.675389
-0.709708
-0.707843
-0.701988
-0.705221
-0.703929
-0.69116
-0.686326
-0.693983
-0.704105
-0.71475
-0.762792
-0.76783
-0.764126
-0.761883
-0.748021
-0.737748
-0.735332
-0.742518
-0.751726
-0.761496
-0.816152
-0.81935
-0.814647
-0.806304
-0.793024
-0.786673
-0.783141
-0.788475
-0.804217
-0.822074
-0.86225
-0.864751
-0.860129
-0.853051
-0.847458
-0.844043
-0.84481
-0.859412
-0.884117
-0.906858
-0.906061
-0.920798
-0.92519
-0.926607
-0.927753
-0.930005
-0.937268
-0.954052
-0.976135
-0.997078
367.947
367.48
366.661
365.53
364.18
362.79
361.49
360.442
359.757
359.591
319.188
318.619
317.751
316.51
315.008
313.454
311.998
310.806
310.015
309.761
270.766
270.037
268.948
267.465
265.675
263.792
261.99
260.487
259.468
259.102
222.728
221.801
220.29
218.397
216.15
213.733
211.375
209.34
207.912
207.337
175.164
173.78
171.913
169.373
166.409
163.183
159.916
157.059
154.947
153.971
128.087
126.127
123.912
120.334
116.23
111.896
107.421
103.437
100.285
98.6676
82.5137
80.3632
76.9424
72.3511
66.9774
61.3262
55.4071
48.9357
43.5476
40.4617
40.5568
36.6494
30.91
24.4093
18.1338
13.5253
10.1241
7.06412
4.96057
4.07631
9.06593
6.69054
3.56438
1.32729
-0.000375781
-0.176983
-0.187459
-0.190395
-0.185541
-0.16826
-0.274183
-0.370137
-0.370331
-0.358781
-0.346882
-0.314023
-0.31242
-0.312277
-0.305777
-0.294329
-0.458155
-0.465602
-0.460189
-0.449542
-0.431447
-0.403719
-0.38819
-0.376685
-0.373904
-0.381614
-0.515448
-0.514913
-0.510163
-0.506522
-0.493927
-0.481776
-0.465116
-0.454305
-0.457692
-0.475469
-0.558315
-0.560187
-0.561058
-0.554711
-0.548161
-0.542033
-0.529999
-0.52381
-0.529987
-0.558357
-0.608019
-0.602841
-0.601622
-0.599326
-0.599561
-0.59116
-0.583922
-0.583663
-0.594627
-0.62674
-0.662334
-0.653347
-0.65013
-0.651833
-0.655136
-0.640193
-0.636121
-0.642761
-0.657455
-0.685466
-0.717172
-0.71259
-0.709954
-0.711711
-0.70813
-0.691151
-0.692253
-0.700786
-0.713204
-0.728135
-0.766848
-0.770397
-0.769734
-0.766816
-0.755968
-0.746899
-0.747934
-0.754277
-0.764268
-0.772091
-0.817011
-0.823913
-0.820929
-0.815499
-0.807016
-0.803882
-0.801535
-0.807314
-0.822597
-0.836415
-0.86777
-0.872757
-0.872439
-0.874134
-0.872444
-0.870127
-0.86832
-0.880443
-0.904598
-0.927423
-0.917504
-0.930323
-0.942304
-0.954306
-0.95884
-0.959577
-0.965552
-0.984947
-1.00941
-1.0259
369.576
369.092
368.409
367.353
366.053
364.738
363.506
362.52
361.854
361.728
320.956
320.379
319.657
318.534
317.068
315.611
314.247
313.15
312.407
312.185
272.763
272.007
271.033
269.794
268.112
266.385
264.742
263.371
262.437
262.067
225.226
224.231
222.776
221.151
219.168
217.025
214.954
213.204
211.978
211.567
178.509
177.179
175.348
172.949
170.303
167.529
164.843
162.54
160.742
159.981
132.509
130.848
128.735
125.131
121.508
117.696
114.09
110.929
108.341
107.193
88.1126
86.0418
83.0285
78.604
73.8709
69.0463
64.4329
60.5141
57.6338
55.5624
47.534
44.0611
38.4883
31.8125
25.288
19.9783
16.3667
13.7544
11.7392
10.4969
15.202
11.9479
7.02817
3.44081
1.40836
0.212244
-0.133366
-0.190242
-0.183738
-0.158862
0.23246
-0.2453
-0.350713
-0.326722
-0.31767
-0.325489
-0.326765
-0.32335
-0.320863
-0.31147
-0.53048
-0.520896
-0.478017
-0.435297
-0.427365
-0.420369
-0.399104
-0.382676
-0.377749
-0.388433
-0.552211
-0.542251
-0.528872
-0.50846
-0.494359
-0.491336
-0.479324
-0.462033
-0.462624
-0.481769
-0.580178
-0.581048
-0.584009
-0.565643
-0.554852
-0.556758
-0.550119
-0.530646
-0.535219
-0.563428
-0.61966
-0.622562
-0.624325
-0.614225
-0.610477
-0.606112
-0.600574
-0.591825
-0.602332
-0.630915
-0.67326
-0.672544
-0.668515
-0.665716
-0.663626
-0.652268
-0.649259
-0.65242
-0.668047
-0.691777
-0.72694
-0.726607
-0.720294
-0.715301
-0.71108
-0.703121
-0.705712
-0.7141
-0.731533
-0.74578
-0.771761
-0.77645
-0.771798
-0.761258
-0.758791
-0.759718
-0.765484
-0.771884
-0.784821
-0.792789
-0.818562
-0.827195
-0.821836
-0.810028
-0.810438
-0.817586
-0.821959
-0.827376
-0.840515
-0.849526
-0.869528
-0.878198
-0.877095
-0.875426
-0.879258
-0.884133
-0.885628
-0.894733
-0.913404
-0.927452
-0.922528
-0.934087
-0.945355
-0.958266
-0.966093
-0.969643
-0.972044
-0.985668
-1.00401
-1.01385
371.151
370.656
370.147
369.182
367.93
366.652
365.499
364.578
363.986
363.859
322.628
321.984
321.428
320.529
319.182
317.751
316.475
315.45
314.788
314.599
274.679
273.851
273.056
272.014
270.563
268.939
267.469
266.23
265.417
265.135
227.709
226.597
225.351
223.886
222.103
220.244
218.482
216.96
215.941
215.587
181.777
180.475
178.773
176.692
174.233
171.845
169.583
167.671
166.299
165.725
136.947
135.486
133.312
130.226
127.004
123.704
120.71
118.261
116.513
115.695
93.884
91.992
89.0903
85.0757
80.9685
76.8306
73.1675
70.2437
68.2264
67.0676
53.7846
51.1695
46.749
40.8344
34.7296
29.3631
25.5293
23.1102
21.4677
20.2876
22.5828
19.1493
13.6167
8.25253
4.43449
2.48412
1.35209
0.721156
0.422213
0.178806
3.21764
1.62839
-0.0340455
-0.288921
-0.287814
-0.304876
-0.324871
-0.336721
-0.334469
-0.334627
-0.515669
-0.530455
-0.536059
-0.476839
-0.429606
-0.42976
-0.428607
-0.415795
-0.41579
-0.428913
-0.579793
-0.57897
-0.563285
-0.53186
-0.510381
-0.511577
-0.50277
-0.480105
-0.483341
-0.505577
-0.616007
-0.622277
-0.611802
-0.584913
-0.572607
-0.577409
-0.570551
-0.552978
-0.560623
-0.585659
-0.650726
-0.667459
-0.655463
-0.635503
-0.627795
-0.625547
-0.622365
-0.617464
-0.627686
-0.644645
-0.686942
-0.706923
-0.700103
-0.684752
-0.67607
-0.667001
-0.668438
-0.674071
-0.687422
-0.696526
-0.735766
-0.746732
-0.742488
-0.729828
-0.722241
-0.715765
-0.721511
-0.732105
-0.750956
-0.755055
-0.782555
-0.792575
-0.785634
-0.768864
-0.765851
-0.770858
-0.778896
-0.787629
-0.805285
-0.808456
-0.828242
-0.837334
-0.832426
-0.812316
-0.814886
-0.825667
-0.833491
-0.839619
-0.851917
-0.858589
-0.873702
-0.883124
-0.881833
-0.874973
-0.880224
-0.886861
-0.890136
-0.896077
-0.907648
-0.915372
-0.920738
-0.930812
-0.939633
-0.947755
-0.955082
-0.957136
-0.958465
-0.965682
-0.975878
-0.979693
372.481
371.97
371.441
370.621
369.469
368.291
367.229
366.381
365.839
365.719
324.036
323.406
322.813
321.957
320.805
319.559
318.406
317.482
316.852
316.695
276.405
275.643
274.922
273.7
272.37
271.09
269.817
268.733
268.003
267.773
230.056
228.894
227.875
226.18
224.438
223.019
221.546
220.242
219.36
219.067
184.623
183.399
182.119
179.887
177.689
175.663
173.757
172.127
170.966
170.464
140.609
139.54
137.929
134.935
131.959
129.128
126.611
124.554
123.103
122.409
98.7249
97.2646
95.0001
91.1771
87.4973
84.0173
80.8918
78.3972
76.7173
75.8588
58.6888
56.9724
54.0374
49.3264
44.5177
39.7052
35.8727
33.2197
31.546
30.5527
28.098
25.5106
21.5608
15.8825
11.1096
7.37886
5.37034
4.15511
3.36763
2.87976
7.48659
5.47288
2.82714
0.360243
-0.197735
-0.243535
-0.273695
-0.292989
-0.304175
-0.301969
-0.489347
-0.50086
-0.5163
-0.554819
-0.504633
-0.460831
-0.432917
-0.417838
-0.424062
-0.438238
-0.598252
-0.593999
-0.579676
-0.560402
-0.542654
-0.534324
-0.518231
-0.504723
-0.512913
-0.529383
-0.64665
-0.651743
-0.625961
-0.604927
-0.594842
-0.596441
-0.589831
-0.583662
-0.59133
-0.603704
-0.669989
-0.68897
-0.671066
-0.652906
-0.646122
-0.647467
-0.645756
-0.645591
-0.651532
-0.655338
-0.686814
-0.712796
-0.71377
-0.700839
-0.690354
-0.687594
-0.689968
-0.695308
-0.70305
-0.698648
-0.716977
-0.738885
-0.748382
-0.745608
-0.737531
-0.734389
-0.739307
-0.748758
-0.763663
-0.756592
-0.7707
-0.779336
-0.784251
-0.7834
-0.782873
-0.784923
-0.791752
-0.800685
-0.817889
-0.81309
-0.826689
-0.837399
-0.836154
-0.828838
-0.829118
-0.834976
-0.841087
-0.846848
-0.858375
-0.858939
-0.875859
-0.890745
-0.893951
-0.891025
-0.889215
-0.891286
-0.891682
-0.893615
-0.900768
-0.904221
-0.920481
-0.932689
-0.943794
-0.94985
-0.952001
-0.950367
-0.945031
-0.945471
-0.950028
-0.952431
373.499
373.044
372.355
371.555
370.547
369.488
368.506
367.718
367.211
367.097
325.192
324.559
323.857
322.955
321.963
320.885
319.839
318.992
318.382
318.241
277.888
277.174
276.22
274.962
273.885
272.739
271.581
270.6
269.873
269.679
231.986
231.068
229.657
227.909
226.663
225.238
223.867
222.66
221.746
221.411
186.859
185.921
184.415
181.977
180.45
178.614
176.905
175.396
174.171
173.745
143.411
142.696
140.865
138.135
135.69
133.155
131.036
129.175
127.801
127.165
102.41
101.659
99.8589
95.9872
92.7484
89.5951
86.9091
84.7595
83.2545
82.4706
62.82
61.3307
58.8054
55.7553
52.029
48.0539
45.0013
42.541
40.806
39.7878
31.5916
30.5239
28.0998
23.9611
19.5008
15.7268
12.9823
11.0491
9.75226
8.96785
11.6069
9.71857
6.87847
3.91374
1.4939
0.245859
-0.105357
-0.256745
-0.316742
-0.299451
-0.443275
-0.500202
-0.504022
-0.528127
-0.572795
-0.570774
-0.518778
-0.489096
-0.482733
-0.480244
-0.605526
-0.594404
-0.573822
-0.567674
-0.562109
-0.556061
-0.544161
-0.539151
-0.544638
-0.550552
-0.637369
-0.637736
-0.620626
-0.61277
-0.610244
-0.609297
-0.604786
-0.604454
-0.610051
-0.608327
-0.66452
-0.677301
-0.666741
-0.660704
-0.660649
-0.66389
-0.661285
-0.658635
-0.656926
-0.64914
-0.682682
-0.705609
-0.709967
-0.707127
-0.701874
-0.703882
-0.705199
-0.704849
-0.703298
-0.692284
-0.706961
-0.724363
-0.740759
-0.744542
-0.741854
-0.746213
-0.753851
-0.758965
-0.764305
-0.751617
-0.749502
-0.756373
-0.769794
-0.778795
-0.783571
-0.791591
-0.802178
-0.810246
-0.820008
-0.811306
-0.807515
-0.811247
-0.819291
-0.825341
-0.830435
-0.838733
-0.847853
-0.853357
-0.859532
-0.857354
-0.866905
-0.876252
-0.885902
-0.889251
-0.890116
-0.894061
-0.896821
-0.895599
-0.894421
-0.89638
-0.917122
-0.929438
-0.94226
-0.949139
-0.950396
-0.950489
-0.946287
-0.939792
-0.936363
-0.937899
374.128
373.7
373.057
372.23
371.23
370.178
369.218
368.453
367.973
367.862
325.964
325.415
324.643
323.789
322.781
321.681
320.653
319.823
319.288
319.154
278.68
278.186
277.186
276.02
274.906
273.739
272.6
271.662
271.048
270.814
232.902
232.189
230.963
229.389
227.975
226.573
225.233
224.082
223.264
222.947
188.005
187.049
185.513
183.871
182.167
180.475
178.825
177.403
176.357
175.975
144.95
143.802
141.732
139.955
137.899
135.899
133.81
132.052
130.796
130.27
104.347
103.224
101.154
98.2585
95.6554
93.2266
90.9711
89.0059
87.5991
86.7319
65.9043
64.6421
60.9092
58.1865
55.6989
53.5149
51.1225
49.1194
47.5182
46.3364
32.8915
32.6717
31.6356
29.1079
26.5899
24.4654
22.6324
20.8371
19.0323
17.5113
15.3285
13.3275
10.2763
7.50685
5.58315
4.14682
3.05343
2.09113
1.23172
0.604035
0.217347
-0.291111
-0.438088
-0.470722
-0.486031
-0.505435
-0.516744
-0.518634
-0.522055
-0.543519
-0.578054
-0.59182
-0.566165
-0.541117
-0.533834
-0.533649
-0.534466
-0.539821
-0.546704
-0.551865
-0.623433
-0.614131
-0.602398
-0.593988
-0.590571
-0.589281
-0.589507
-0.593231
-0.595302
-0.59589
-0.649176
-0.649295
-0.645989
-0.644119
-0.645539
-0.645116
-0.646404
-0.645777
-0.643753
-0.637421
-0.677309
-0.681652
-0.68416
-0.685866
-0.691124
-0.696147
-0.699853
-0.699731
-0.695624
-0.686739
-0.711679
-0.71674
-0.721828
-0.72721
-0.734372
-0.743893
-0.752392
-0.757297
-0.755123
-0.745981
-0.756644
-0.758884
-0.763026
-0.770224
-0.779291
-0.79023
-0.800494
-0.807603
-0.811668
-0.805939
-0.808018
-0.808825
-0.813254
-0.820768
-0.829147
-0.838426
-0.847072
-0.851543
-0.854579
-0.852811
-0.861954
-0.863453
-0.871605
-0.880293
-0.886159
-0.89158
-0.895727
-0.895182
-0.894929
-0.894479
-0.91392
-0.916799
-0.927092
-0.937308
-0.941641
-0.943407
-0.942572
-0.938274
-0.935621
-0.934254
-0.988965
-0.997691
-1.00216
-0.999323
-0.994756
-0.990878
-0.988498
-0.988793
-0.988783
-0.985889
-1.03554
-1.04507
-1.05206
-1.04984
-1.04767
-1.04338
-1.03987
-1.0396
-1.04106
-1.03795
-1.08124
-1.08552
-1.09065
-1.09245
-1.09365
-1.09143
-1.08851
-1.08931
-1.09325
-1.09329
-1.12737
-1.12717
-1.12781
-1.13186
-1.13604
-1.13746
-1.13635
-1.13924
-1.14256
-1.14428
-1.17599
-1.1726
-1.17016
-1.17438
-1.17905
-1.18316
-1.18603
-1.18935
-1.19188
-1.19413
-1.22516
-1.22138
-1.21973
-1.22172
-1.22523
-1.23181
-1.23779
-1.23974
-1.24113
-1.24319
-1.2748
-1.27373
-1.27306
-1.27467
-1.27675
-1.28181
-1.28936
-1.29175
-1.28875
-1.2914
-1.32617
-1.32705
-1.3244
-1.32851
-1.32941
-1.33116
-1.33822
-1.34526
-1.33827
-1.33815
-1.37805
-1.37946
-1.37587
-1.38104
-1.38313
-1.38494
-1.38684
-1.39619
-1.39248
-1.38357
-1.42913
-1.43006
-1.43011
-1.43485
-1.43912
-1.44098
-1.43707
-1.44188
-1.44754
-1.43585
-1.48021
-1.48147
-1.48788
-1.49111
-1.4924
-1.49145
-1.48883
-1.48878
-1.49623
-1.49335
-1.53241
-1.53377
-1.53876
-1.53838
-1.53824
-1.53854
-1.54222
-1.54191
-1.54384
-1.54268
-1.58385
-1.58429
-1.58347
-1.58161
-1.58358
-1.5848
-1.59269
-1.59704
-1.59542
-1.58757
-1.6343
-1.63466
-1.6308
-1.63149
-1.63499
-1.63604
-1.6389
-1.64008
-1.6366
-1.63131
-1.68557
-1.68734
-1.6848
-1.68686
-1.68964
-1.68968
-1.68864
-1.68643
-1.6801
-1.67379
-1.73715
-1.74044
-1.73938
-1.74155
-1.74223
-1.74245
-1.74034
-1.73676
-1.7314
-1.72639
-1.78784
-1.79115
-1.79245
-1.79267
-1.79351
-1.79245
-1.78966
-1.78661
-1.78332
-1.77961
-1.83733
-1.83929
-1.84127
-1.84118
-1.84129
-1.84013
-1.83821
-1.83607
-1.83341
-1.83025
-1.88651
-1.88726
-1.88875
-1.88909
-1.88906
-1.88831
-1.88696
-1.8854
-1.88332
-1.88065
-1.936
-1.93631
-1.93718
-1.93756
-1.93758
-1.93705
-1.93613
-1.93501
-1.93358
-1.93178
-0.987371
-0.998961
-1.00612
-1.0039
-1.00249
-0.999932
-0.994255
-0.996251
-1.00053
-0.997162
-1.0341
-1.04761
-1.05678
-1.05563
-1.05513
-1.05208
-1.04361
-1.04088
-1.04865
-1.0496
-1.08088
-1.08867
-1.09585
-1.0988
-1.1008
-1.09833
-1.09193
-1.08903
-1.09613
-1.10224
-1.12774
-1.1302
-1.13283
-1.13754
-1.14227
-1.14223
-1.14008
-1.13898
-1.14469
-1.1535
-1.17647
-1.17596
-1.17371
-1.17584
-1.18216
-1.18787
-1.18983
-1.19013
-1.1939
-1.20291
-1.22599
-1.22472
-1.21976
-1.21899
-1.22468
-1.23522
-1.24067
-1.24163
-1.24073
-1.24993
-1.27541
-1.27489
-1.26869
-1.2718
-1.27738
-1.28383
-1.29056
-1.29634
-1.2883
-1.29613
-1.32604
-1.32568
-1.31929
-1.32738
-1.33022
-1.33461
-1.34283
-1.35281
-1.34232
-1.34262
-1.3776
-1.37736
-1.375
-1.38292
-1.38708
-1.38937
-1.39412
-1.40602
-1.40391
-1.39164
-1.42922
-1.42875
-1.4328
-1.44022
-1.44731
-1.44714
-1.44412
-1.45466
-1.46549
-1.45208
-1.48176
-1.48333
-1.49273
-1.49837
-1.50266
-1.49876
-1.49772
-1.50349
-1.52204
-1.5244
-1.53473
-1.5416
-1.54713
-1.54397
-1.54369
-1.5441
-1.55111
-1.55532
-1.56538
-1.57371
-1.58623
-1.59361
-1.58836
-1.58268
-1.58665
-1.5907
-1.60152
-1.60897
-1.60784
-1.60211
-1.63594
-1.6398
-1.63062
-1.63316
-1.63911
-1.64193
-1.64419
-1.6444
-1.64098
-1.63508
-1.68584
-1.69032
-1.68695
-1.68853
-1.69214
-1.69388
-1.69207
-1.68672
-1.68051
-1.67508
-1.73677
-1.74202
-1.7422
-1.74294
-1.74354
-1.74287
-1.74098
-1.7376
-1.73189
-1.72727
-1.78722
-1.79108
-1.79521
-1.79555
-1.79616
-1.79381
-1.79095
-1.78721
-1.78379
-1.77975
-1.83658
-1.83823
-1.8428
-1.84297
-1.84315
-1.84126
-1.83911
-1.83699
-1.83454
-1.83151
-1.88587
-1.88684
-1.88944
-1.89001
-1.8901
-1.88901
-1.88754
-1.88624
-1.88415
-1.88142
-1.93566
-1.93615
-1.93743
-1.93807
-1.9382
-1.93751
-1.93642
-1.93542
-1.93409
-1.932
-0.979834
-0.990202
-1.00782
-1.01059
-1.00924
-1.0075
-1.00356
-1.0051
-1.01151
-1.00952
-1.02715
-1.0363
-1.0556
-1.06125
-1.06115
-1.05811
-1.04975
-1.04751
-1.05489
-1.05907
-1.07723
-1.08175
-1.09416
-1.10157
-1.10406
-1.10185
-1.09618
-1.09328
-1.10064
-1.1091
-1.12806
-1.12945
-1.13364
-1.13701
-1.14089
-1.14124
-1.14216
-1.14238
-1.1492
-1.16143
-1.17569
-1.17722
-1.17658
-1.17546
-1.17701
-1.18339
-1.19091
-1.19294
-1.19813
-1.21004
-1.22343
-1.22444
-1.22138
-1.21956
-1.2224
-1.23301
-1.24393
-1.24697
-1.24661
-1.2561
-1.27216
-1.2734
-1.26591
-1.26794
-1.27577
-1.28532
-1.29409
-1.29874
-1.29656
-1.3015
-1.32216
-1.32291
-1.3137
-1.32372
-1.33383
-1.33469
-1.33967
-1.34736
-1.34816
-1.3477
-1.37319
-1.3731
-1.37551
-1.38786
-1.39207
-1.3919
-1.39258
-1.39836
-1.40069
-1.39636
-1.42554
-1.42268
-1.43641
-1.44853
-1.45249
-1.451
-1.44551
-1.44579
-1.45041
-1.44824
-1.47829
-1.47808
-1.49389
-1.50096
-1.50597
-1.50517
-1.5034
-1.50525
-1.50979
-1.51013
-1.53112
-1.53792
-1.54346
-1.54366
-1.54914
-1.55376
-1.56224
-1.56589
-1.56852
-1.57136
-1.58457
-1.59104
-1.58587
-1.58666
-1.59305
-1.60139
-1.61393
-1.61933
-1.61662
-1.60879
-1.63812
-1.64221
-1.63296
-1.63702
-1.64136
-1.64615
-1.64948
-1.6489
-1.64605
-1.64043
-1.68944
-1.69521
-1.69026
-1.69102
-1.69289
-1.69531
-1.69493
-1.69073
-1.68531
-1.68067
-1.73949
-1.74532
-1.74399
-1.74401
-1.74265
-1.74191
-1.74203
-1.73886
-1.73461
-1.73173
-1.78837
-1.79254
-1.7956
-1.79467
-1.7941
-1.79226
-1.78976
-1.78644
-1.78495
-1.7821
-1.83667
-1.83884
-1.84431
-1.84343
-1.84314
-1.84128
-1.83963
-1.83671
-1.83474
-1.8322
-1.88547
-1.88668
-1.89039
-1.89042
-1.88986
-1.88892
-1.88803
-1.88716
-1.8852
-1.88233
-1.93511
-1.93548
-1.93727
-1.93762
-1.93733
-1.93713
-1.93657
-1.93608
-1.93479
-1.93249
-0.9784
-0.984251
-1.00176
-1.01336
-1.01407
-1.01413
-1.01135
-1.01168
-1.01589
-1.00648
-1.03011
-1.03626
-1.05112
-1.06129
-1.06271
-1.06193
-1.05647
-1.05255
-1.05649
-1.05541
-1.08069
-1.08617
-1.09636
-1.10215
-1.10415
-1.10364
-1.09977
-1.09721
-1.10138
-1.10701
-1.12955
-1.13408
-1.13777
-1.13932
-1.14074
-1.14166
-1.14183
-1.14454
-1.15144
-1.15943
-1.17598
-1.17833
-1.17745
-1.17739
-1.17897
-1.1833
-1.19087
-1.19874
-1.20378
-1.21118
-1.22162
-1.22205
-1.21815
-1.21798
-1.22366
-1.23496
-1.24723
-1.25318
-1.25467
-1.26016
-1.26884
-1.26821
-1.25818
-1.26161
-1.27289
-1.28731
-1.29667
-1.30107
-1.30324
-1.30754
-1.31879
-1.31788
-1.31112
-1.31779
-1.33254
-1.3404
-1.3462
-1.35089
-1.35432
-1.35599
-1.37144
-1.36702
-1.37978
-1.39212
-1.39894
-1.40135
-1.3993
-1.40156
-1.4048
-1.40334
-1.42508
-1.42266
-1.44045
-1.4494
-1.45623
-1.45877
-1.45596
-1.45137
-1.45127
-1.44997
-1.474
-1.48128
-1.49241
-1.49883
-1.50478
-1.50727
-1.50807
-1.50383
-1.49958
-1.4987
-1.52371
-1.53505
-1.53743
-1.54131
-1.55072
-1.55949
-1.56724
-1.56699
-1.56151
-1.55862
-1.57728
-1.58366
-1.58088
-1.58545
-1.59483
-1.60693
-1.61927
-1.62188
-1.61555
-1.60718
-1.63149
-1.63548
-1.63281
-1.6371
-1.64125
-1.64619
-1.65061
-1.65109
-1.64869
-1.64342
-1.68719
-1.69248
-1.69108
-1.69237
-1.69252
-1.69389
-1.69468
-1.69348
-1.69021
-1.68613
-1.73996
-1.74419
-1.74404
-1.74398
-1.7424
-1.74148
-1.74146
-1.73877
-1.7348
-1.73189
-1.78873
-1.79236
-1.79441
-1.79304
-1.79332
-1.79172
-1.78935
-1.78702
-1.78518
-1.78401
-1.83693
-1.83931
-1.84324
-1.84268
-1.84177
-1.84032
-1.83922
-1.83758
-1.83535
-1.83412
-1.88537
-1.88673
-1.89107
-1.89028
-1.88918
-1.88843
-1.88819
-1.88723
-1.88587
-1.88418
-1.93511
-1.93563
-1.93821
-1.93783
-1.93723
-1.93706
-1.93714
-1.93681
-1.93567
-1.93372
-0.980566
-0.985825
-0.996331
-1.00838
-1.01264
-1.01419
-1.01297
-1.01091
-1.00795
-0.998637
-1.03297
-1.0392
-1.04844
-1.05592
-1.05873
-1.05979
-1.05687
-1.05178
-1.04687
-1.0415
-1.08276
-1.08915
-1.09512
-1.09786
-1.10001
-1.10145
-1.09864
-1.09363
-1.09168
-1.08944
-1.13001
-1.13514
-1.13576
-1.13607
-1.13803
-1.14136
-1.14139
-1.14225
-1.14388
-1.14433
-1.17535
-1.17834
-1.17411
-1.17395
-1.1773
-1.18424
-1.191
-1.19698
-1.19908
-1.20124
-1.22146
-1.22027
-1.21186
-1.21193
-1.21788
-1.23178
-1.24646
-1.25238
-1.25124
-1.25349
-1.26688
-1.26463
-1.25492
-1.25502
-1.26627
-1.28378
-1.29895
-1.30331
-1.30123
-1.30313
-1.3169
-1.31267
-1.31419
-1.32256
-1.33313
-1.34494
-1.35434
-1.35952
-1.35837
-1.35649
-1.37052
-1.36332
-1.38088
-1.39215
-1.40024
-1.40711
-1.40958
-1.41049
-1.4097
-1.40564
-1.42072
-1.42152
-1.43695
-1.44609
-1.4537
-1.46204
-1.46781
-1.46348
-1.45779
-1.45188
-1.46997
-1.47771
-1.48474
-1.49179
-1.4992
-1.50571
-1.51131
-1.51199
-1.50592
-1.50096
-1.51983
-1.52663
-1.52797
-1.53479
-1.5448
-1.55776
-1.56754
-1.56883
-1.56228
-1.55565
-1.57296
-1.57498
-1.5744
-1.57991
-1.58821
-1.60257
-1.61713
-1.62072
-1.61512
-1.60661
-1.62708
-1.62851
-1.62905
-1.63326
-1.63609
-1.64191
-1.64772
-1.65037
-1.64895
-1.64435
-1.68306
-1.68523
-1.6873
-1.69127
-1.6878
-1.6896
-1.69098
-1.69193
-1.69152
-1.68922
-1.73724
-1.73855
-1.74078
-1.7414
-1.74044
-1.7415
-1.74081
-1.738
-1.73416
-1.73064
-1.78809
-1.78913
-1.79091
-1.7907
-1.79149
-1.79021
-1.78961
-1.78703
-1.78503
-1.7846
-1.83702
-1.83813
-1.83989
-1.84044
-1.84076
-1.83974
-1.84003
-1.83852
-1.83665
-1.8355
-1.88575
-1.88662
-1.88939
-1.88976
-1.88926
-1.88892
-1.88977
-1.88873
-1.88697
-1.88558
-1.93583
-1.93648
-1.93966
-1.93877
-1.93775
-1.93775
-1.93815
-1.9375
-1.9362
-1.93448
-0.980919
-0.987362
-0.994937
-1.00132
-1.00474
-1.00791
-1.00928
-1.00873
-1.0043
-0.992878
-1.03316
-1.039
-1.04544
-1.04796
-1.05071
-1.05342
-1.05337
-1.05009
-1.0435
-1.03729
-1.08263
-1.08771
-1.0901
-1.09076
-1.09189
-1.0945
-1.09446
-1.09032
-1.08388
-1.08282
-1.13112
-1.13463
-1.13181
-1.13102
-1.13184
-1.13472
-1.1357
-1.13336
-1.13056
-1.13262
-1.17703
-1.17997
-1.17279
-1.16987
-1.17197
-1.17826
-1.18458
-1.18754
-1.18777
-1.18845
-1.22314
-1.22242
-1.21021
-1.20639
-1.21139
-1.22375
-1.23721
-1.2442
-1.24507
-1.24493
-1.26818
-1.2672
-1.25652
-1.25285
-1.26468
-1.28246
-1.29639
-1.30247
-1.30173
-1.30035
-1.31746
-1.31365
-1.32045
-1.32961
-1.34062
-1.35139
-1.35932
-1.36301
-1.36053
-1.35642
-1.37122
-1.36659
-1.38324
-1.39083
-1.3991
-1.40846
-1.41198
-1.4124
-1.41048
-1.40559
-1.42039
-1.42994
-1.43534
-1.4385
-1.44625
-1.45758
-1.46759
-1.46685
-1.45911
-1.45104
-1.46915
-1.4827
-1.4808
-1.48341
-1.49075
-1.50099
-1.51126
-1.51726
-1.5127
-1.5033
-1.52016
-1.52629
-1.52445
-1.52725
-1.53528
-1.54957
-1.56434
-1.57216
-1.56745
-1.55737
-1.57269
-1.57391
-1.57124
-1.57295
-1.57794
-1.5916
-1.60862
-1.61764
-1.61584
-1.6078
-1.62661
-1.62606
-1.6246
-1.62717
-1.6276
-1.6348
-1.64263
-1.64752
-1.64814
-1.64524
-1.68089
-1.6801
-1.68102
-1.68698
-1.68272
-1.68326
-1.68572
-1.68634
-1.68815
-1.68902
-1.73389
-1.73433
-1.73522
-1.73806
-1.73863
-1.73984
-1.73985
-1.73724
-1.73433
-1.7335
-1.78659
-1.78727
-1.78716
-1.78941
-1.78978
-1.78977
-1.78928
-1.78633
-1.78426
-1.78403
-1.83786
-1.83772
-1.83818
-1.84033
-1.84075
-1.84064
-1.8412
-1.8383
-1.83675
-1.8349
-1.88752
-1.88729
-1.88914
-1.89059
-1.89035
-1.88983
-1.8899
-1.88824
-1.88737
-1.88486
-1.93686
-1.93754
-1.94052
-1.94041
-1.93969
-1.93889
-1.93807
-1.93729
-1.93521
-1.93416
-0.980313
-0.987774
-0.99245
-0.991561
-0.992721
-0.996104
-1.00033
-1.00226
-0.996594
-0.985849
-1.03098
-1.03592
-1.03964
-1.03842
-1.03893
-1.04325
-1.04749
-1.04729
-1.04131
-1.03787
-1.08066
-1.08275
-1.08335
-1.08394
-1.08485
-1.08904
-1.09222
-1.09103
-1.08738
-1.08957
-1.12979
-1.13247
-1.1281
-1.12733
-1.12886
-1.1329
-1.13555
-1.13571
-1.13592
-1.14097
-1.17993
-1.18245
-1.17411
-1.17052
-1.17164
-1.17619
-1.18027
-1.18369
-1.18672
-1.19096
-1.2272
-1.22796
-1.21661
-1.21085
-1.21315
-1.22171
-1.23047
-1.23612
-1.23859
-1.24008
-1.27242
-1.2716
-1.26128
-1.25835
-1.2653
-1.27909
-1.29003
-1.29394
-1.29342
-1.29136
-1.31851
-1.31868
-1.32025
-1.32059
-1.33112
-1.34526
-1.35326
-1.35413
-1.35306
-1.34741
-1.37058
-1.37679
-1.38064
-1.38154
-1.39003
-1.40054
-1.40581
-1.40758
-1.40595
-1.39953
-1.42143
-1.43422
-1.43361
-1.43114
-1.43838
-1.44854
-1.45679
-1.4592
-1.45569
-1.44716
-1.47066
-1.47974
-1.47901
-1.47801
-1.48198
-1.49093
-1.50453
-1.51563
-1.51377
-1.5025
-1.51969
-1.52377
-1.52226
-1.52031
-1.52464
-1.53701
-1.55371
-1.56532
-1.56596
-1.55702
-1.57105
-1.57206
-1.56725
-1.56527
-1.56802
-1.57979
-1.59655
-1.60893
-1.61227
-1.60836
-1.62372
-1.62493
-1.62064
-1.62099
-1.62095
-1.62921
-1.63784
-1.64458
-1.64712
-1.64654
-1.67718
-1.67896
-1.68014
-1.68325
-1.68191
-1.6826
-1.68427
-1.68389
-1.68448
-1.68713
-1.73034
-1.73284
-1.73387
-1.73668
-1.73652
-1.73853
-1.73905
-1.73602
-1.73175
-1.73267
-1.78466
-1.78633
-1.78638
-1.78945
-1.78869
-1.7892
-1.78873
-1.78523
-1.78258
-1.7833
-1.83719
-1.83749
-1.83826
-1.84197
-1.84119
-1.8408
-1.84019
-1.83739
-1.8365
-1.83606
-1.88776
-1.88746
-1.89008
-1.89333
-1.89276
-1.89132
-1.89006
-1.88775
-1.88881
-1.88938
-1.9366
-1.93735
-1.9406
-1.94386
-1.94443
-1.9414
-1.93937
-1.93839
-1.93933
-1.94153
-0.976185
-0.985435
-0.986812
-0.978141
-0.974227
-0.977363
-0.982137
-0.984418
-0.980679
-0.973903
-1.02365
-1.02844
-1.03143
-1.02712
-1.0253
-1.03005
-1.03674
-1.03908
-1.03591
-1.03394
-1.07398
-1.07559
-1.07599
-1.07617
-1.07736
-1.08392
-1.09149
-1.09436
-1.09304
-1.09436
-1.12647
-1.12865
-1.12576
-1.12316
-1.1256
-1.13385
-1.1429
-1.14792
-1.15001
-1.1502
-1.1779
-1.18239
-1.17584
-1.17022
-1.17163
-1.18067
-1.19153
-1.19847
-1.20111
-1.19948
-1.22688
-1.22991
-1.22146
-1.21542
-1.21742
-1.22729
-1.23865
-1.24601
-1.24736
-1.2444
-1.27331
-1.27427
-1.26393
-1.25999
-1.26604
-1.2789
-1.29006
-1.29555
-1.29458
-1.29017
-1.31872
-1.3205
-1.31441
-1.31509
-1.32395
-1.33805
-1.346
-1.34804
-1.34599
-1.34054
-1.3681
-1.36945
-1.37037
-1.37527
-1.3801
-1.38825
-1.39417
-1.3966
-1.39574
-1.39195
-1.41741
-1.42252
-1.42746
-1.42715
-1.42523
-1.43054
-1.44125
-1.44622
-1.44504
-1.44196
-1.46752
-1.47405
-1.47674
-1.46734
-1.46297
-1.47711
-1.49484
-1.50551
-1.50651
-1.49787
-1.51778
-1.52328
-1.51869
-1.50883
-1.51108
-1.5253
-1.53961
-1.55241
-1.55622
-1.55226
-1.56907
-1.57013
-1.56273
-1.5592
-1.5617
-1.56987
-1.58211
-1.59649
-1.60372
-1.60514
-1.62157
-1.61927
-1.61432
-1.61346
-1.61692
-1.62385
-1.63244
-1.64093
-1.64538
-1.64662
-1.67509
-1.67453
-1.67299
-1.67837
-1.68035
-1.68336
-1.68508
-1.68403
-1.68143
-1.68448
-1.72984
-1.73189
-1.73395
-1.73627
-1.73462
-1.73588
-1.73683
-1.73458
-1.7283
-1.72877
-1.78364
-1.7855
-1.78865
-1.79123
-1.78813
-1.7879
-1.78788
-1.78439
-1.78059
-1.78217
-1.83723
-1.83609
-1.84047
-1.84544
-1.84299
-1.84188
-1.84095
-1.8372
-1.8376
-1.83854
-1.88624
-1.8854
-1.89092
-1.89743
-1.89803
-1.89479
-1.89261
-1.89004
-1.89313
-1.89394
-1.93559
-1.93604
-1.9402
-1.94774
-1.9499
-1.94567
-1.94318
-1.94211
-1.94615
-1.94846
-0.972454
-0.98039
-0.977679
-0.961805
-0.955022
-0.957461
-0.965697
-0.972144
-0.972011
-0.966523
-1.02023
-1.02347
-1.0261
-1.01689
-1.01279
-1.01914
-1.03036
-1.03654
-1.03412
-1.03
-1.07254
-1.07664
-1.07711
-1.07338
-1.07288
-1.0826
-1.0956
-1.10038
-1.09739
-1.09396
-1.12555
-1.13241
-1.13055
-1.1246
-1.12601
-1.13659
-1.14997
-1.15735
-1.15583
-1.15063
-1.1764
-1.18287
-1.18094
-1.17525
-1.17885
-1.18972
-1.20143
-1.20839
-1.20691
-1.1984
-1.22531
-1.23052
-1.2261
-1.22242
-1.2285
-1.24072
-1.25099
-1.25603
-1.25253
-1.24192
-1.27316
-1.27478
-1.26783
-1.26559
-1.27399
-1.28689
-1.29728
-1.30109
-1.29654
-1.28646
-1.32062
-1.31901
-1.31243
-1.31172
-1.32236
-1.33587
-1.34566
-1.34735
-1.34355
-1.33611
-1.36826
-1.36655
-1.36224
-1.36368
-1.37386
-1.38617
-1.39425
-1.39603
-1.39343
-1.38875
-1.41676
-1.41634
-1.41667
-1.41681
-1.42581
-1.43623
-1.44288
-1.44463
-1.44215
-1.44028
-1.46764
-1.46925
-1.4694
-1.47265
-1.47741
-1.48142
-1.4875
-1.49374
-1.49494
-1.49132
-1.51839
-1.52126
-1.51976
-1.52065
-1.51786
-1.51989
-1.52913
-1.54022
-1.54548
-1.54417
-1.5694
-1.57071
-1.56793
-1.5612
-1.55819
-1.56218
-1.57335
-1.58787
-1.596
-1.59895
-1.62247
-1.6212
-1.61527
-1.60809
-1.61323
-1.62074
-1.62776
-1.63706
-1.64254
-1.6446
-1.67678
-1.67518
-1.66894
-1.66913
-1.67948
-1.68089
-1.68352
-1.68326
-1.67931
-1.68217
-1.73056
-1.7316
-1.72785
-1.73438
-1.7346
-1.73512
-1.73657
-1.73457
-1.72795
-1.72608
-1.78371
-1.78667
-1.78912
-1.79343
-1.78948
-1.78918
-1.78989
-1.78667
-1.78188
-1.78248
-1.83459
-1.83677
-1.84437
-1.84996
-1.84679
-1.84555
-1.84486
-1.8413
-1.84136
-1.84293
-1.88414
-1.88454
-1.89352
-1.90214
-1.90364
-1.89989
-1.89746
-1.89417
-1.89779
-1.89859
-1.93488
-1.93487
-1.94078
-1.94981
-1.95339
-1.94988
-1.94688
-1.94455
-1.94783
-1.9478
-0.964599
-0.97402
-0.964095
-0.943034
-0.938559
-0.944676
-0.958359
-0.968921
-0.970095
-0.964321
-1.01577
-1.02681
-1.02835
-1.01224
-1.00749
-1.01524
-1.02925
-1.0362
-1.03224
-1.02536
-1.07541
-1.08939
-1.09262
-1.08032
-1.07765
-1.0891
-1.10092
-1.10199
-1.09384
-1.08596
-1.1287
-1.14412
-1.14396
-1.13499
-1.13808
-1.15271
-1.16289
-1.16079
-1.15063
-1.14123
-1.17756
-1.18699
-1.18697
-1.18483
-1.19591
-1.21134
-1.21864
-1.21302
-1.20191
-1.19085
-1.22532
-1.23096
-1.23135
-1.23746
-1.25485
-1.27167
-1.27488
-1.26541
-1.25079
-1.23541
-1.27333
-1.27707
-1.27756
-1.28986
-1.31052
-1.32647
-1.32803
-1.31491
-1.29854
-1.28188
-1.322
-1.32182
-1.32241
-1.33731
-1.35934
-1.37597
-1.37637
-1.36386
-1.3485
-1.33351
-1.37117
-1.36778
-1.36936
-1.38358
-1.40534
-1.41917
-1.41876
-1.4103
-1.39885
-1.38827
-1.42066
-1.41867
-1.42026
-1.43198
-1.44996
-1.46017
-1.46022
-1.45517
-1.44835
-1.44088
-1.47175
-1.47292
-1.47325
-1.48131
-1.49257
-1.49924
-1.49958
-1.49797
-1.49498
-1.48933
-1.52339
-1.52663
-1.52511
-1.52809
-1.53351
-1.53698
-1.53899
-1.54172
-1.54193
-1.5385
-1.57523
-1.5772
-1.57381
-1.57176
-1.57418
-1.57601
-1.57709
-1.58425
-1.59022
-1.59226
-1.62901
-1.6273
-1.62037
-1.61509
-1.62196
-1.6254
-1.62742
-1.63513
-1.63975
-1.64137
-1.68334
-1.68059
-1.67048
-1.66722
-1.68245
-1.6815
-1.68345
-1.68459
-1.68086
-1.68137
-1.73551
-1.73572
-1.72803
-1.72923
-1.73735
-1.73746
-1.73886
-1.73811
-1.73202
-1.72841
-1.78486
-1.78999
-1.78947
-1.79383
-1.79306
-1.79336
-1.79446
-1.79326
-1.78799
-1.78523
-1.83419
-1.84013
-1.84761
-1.85405
-1.85106
-1.85049
-1.85016
-1.84806
-1.84669
-1.84533
-1.88461
-1.88782
-1.89618
-1.90666
-1.90683
-1.90439
-1.90243
-1.89949
-1.90052
-1.89904
-1.93596
-1.93719
-1.94369
-1.95207
-1.95483
-1.95249
-1.95033
-1.94817
-1.95009
-1.94646
-0.955378
-0.969644
-0.955773
-0.936749
-0.934759
-0.940777
-0.955417
-0.967825
-0.968277
-0.963281
-1.01745
-1.04056
-1.03809
-1.01877
-1.01359
-1.01867
-1.02914
-1.03296
-1.02553
-1.0191
-1.08431
-1.10941
-1.10805
-1.08831
-1.08349
-1.09076
-1.09766
-1.09543
-1.08285
-1.07365
-1.13807
-1.16034
-1.15778
-1.14168
-1.1437
-1.15574
-1.16267
-1.15712
-1.13959
-1.128
-1.18244
-1.19662
-1.19391
-1.1887
-1.20087
-1.21941
-1.22727
-1.21892
-1.19609
-1.18055
-1.2266
-1.2342
-1.23413
-1.24201
-1.26034
-1.28376
-1.29018
-1.27835
-1.25157
-1.23216
-1.27207
-1.27857
-1.28276
-1.30193
-1.32363
-1.34363
-1.34788
-1.33253
-1.30345
-1.28435
-1.32109
-1.32483
-1.33328
-1.35801
-1.3825
-1.39952
-1.39802
-1.37892
-1.35569
-1.3417
-1.37379
-1.37407
-1.38299
-1.40739
-1.43505
-1.44654
-1.44069
-1.4227
-1.40529
-1.39819
-1.42571
-1.42642
-1.43356
-1.45581
-1.48093
-1.4891
-1.48188
-1.46726
-1.45508
-1.45128
-1.4777
-1.48069
-1.48668
-1.50518
-1.523
-1.52855
-1.52212
-1.51088
-1.50151
-1.49682
-1.53019
-1.53526
-1.53908
-1.54968
-1.56131
-1.56616
-1.56065
-1.55153
-1.54445
-1.53953
-1.58249
-1.58742
-1.5875
-1.59135
-1.59907
-1.60121
-1.59426
-1.58979
-1.5896
-1.58865
-1.63706
-1.63767
-1.63309
-1.63028
-1.63957
-1.64075
-1.63641
-1.63754
-1.63972
-1.63926
-1.6925
-1.6904
-1.67973
-1.67402
-1.68802
-1.68976
-1.68851
-1.689
-1.6872
-1.68491
-1.74377
-1.74466
-1.73235
-1.72697
-1.74188
-1.74339
-1.74385
-1.74477
-1.74212
-1.73693
-1.79022
-1.79566
-1.79158
-1.79313
-1.79684
-1.79871
-1.80025
-1.80199
-1.80082
-1.79524
-1.83729
-1.84333
-1.85031
-1.85695
-1.85374
-1.85485
-1.85555
-1.85601
-1.85703
-1.85159
-1.88702
-1.89098
-1.90096
-1.91001
-1.90863
-1.90701
-1.90612
-1.9057
-1.90666
-1.90106
-1.93802
-1.93972
-1.94768
-1.95562
-1.95646
-1.95408
-1.953
-1.95329
-1.9529
-1.94825
-0.954757
-0.975646
-0.967342
-0.953417
-0.948678
-0.950552
-0.956445
-0.963808
-0.967189
-0.971892
-1.03011
-1.06139
-1.05749
-1.03929
-1.02845
-1.02624
-1.02671
-1.02756
-1.02567
-1.02719
-1.09894
-1.1334
-1.12884
-1.10813
-1.09439
-1.09057
-1.08827
-1.08641
-1.08147
-1.08007
-1.14953
-1.17881
-1.17621
-1.15599
-1.14638
-1.146
-1.1465
-1.14529
-1.14053
-1.13741
-1.18977
-1.20489
-1.20509
-1.19013
-1.19238
-1.199
-1.20323
-1.2036
-1.19958
-1.19404
-1.23128
-1.23815
-1.23583
-1.23393
-1.24234
-1.25494
-1.26162
-1.26109
-1.25486
-1.2446
-1.27291
-1.28116
-1.28024
-1.29073
-1.30222
-1.31589
-1.32218
-1.31691
-1.30627
-1.29334
-1.32016
-1.32648
-1.3324
-1.34953
-1.3677
-1.38161
-1.38417
-1.37426
-1.3607
-1.34982
-1.37544
-1.37945
-1.38558
-1.40582
-1.43422
-1.44284
-1.43837
-1.42589
-1.41188
-1.40247
-1.42867
-1.43272
-1.43918
-1.46276
-1.49118
-1.49526
-1.48583
-1.47335
-1.46183
-1.45409
-1.481
-1.48676
-1.49502
-1.52273
-1.54036
-1.54281
-1.53256
-1.51904
-1.50804
-1.49993
-1.53547
-1.54409
-1.5559
-1.57387
-1.58577
-1.58877
-1.57779
-1.56095
-1.5474
-1.53911
-1.58927
-1.60176
-1.60877
-1.61684
-1.62803
-1.62883
-1.61329
-1.5973
-1.59013
-1.58663
-1.64164
-1.64988
-1.65325
-1.65743
-1.66295
-1.66111
-1.65066
-1.64338
-1.64159
-1.63872
-1.6951
-1.69684
-1.69413
-1.69087
-1.69883
-1.70133
-1.6979
-1.69563
-1.69415
-1.69043
-1.74703
-1.74819
-1.74141
-1.7326
-1.74688
-1.75067
-1.75075
-1.75187
-1.75245
-1.74951
-1.79454
-1.79874
-1.79549
-1.79278
-1.79999
-1.80332
-1.80611
-1.80938
-1.81126
-1.81
-1.84099
-1.84588
-1.85088
-1.85732
-1.85675
-1.85722
-1.85959
-1.86193
-1.86382
-1.8635
-1.89001
-1.8931
-1.90205
-1.913
-1.90957
-1.90744
-1.90794
-1.90964
-1.91069
-1.91017
-1.94023
-1.94133
-1.94943
-1.95877
-1.95753
-1.95425
-1.95375
-1.95483
-1.95567
-1.95396
-0.962696
-0.990223
-0.994358
-0.988346
-0.981877
-0.979219
-0.979374
-0.98569
-0.995278
-1.00901
-1.04647
-1.08312
-1.08881
-1.07872
-1.06287
-1.05163
-1.04375
-1.04434
-1.04893
-1.05854
-1.11373
-1.15302
-1.15548
-1.14061
-1.11862
-1.10478
-1.0953
-1.09533
-1.09683
-1.10165
-1.1571
-1.18767
-1.19215
-1.17514
-1.15582
-1.14712
-1.14452
-1.146
-1.1477
-1.15337
-1.19414
-1.20698
-1.20902
-1.19444
-1.19003
-1.18973
-1.19332
-1.1971
-1.20041
-1.20584
-1.23448
-1.23959
-1.23594
-1.22711
-1.23259
-1.23734
-1.24503
-1.24961
-1.25158
-1.25297
-1.27456
-1.28211
-1.27702
-1.27819
-1.28338
-1.29177
-1.29906
-1.30212
-1.30235
-1.30362
-1.31918
-1.32678
-1.32505
-1.33285
-1.34291
-1.35302
-1.3576
-1.35663
-1.35606
-1.35733
-1.37421
-1.37856
-1.37687
-1.39206
-1.41483
-1.42411
-1.42077
-1.41172
-1.40655
-1.40324
-1.42651
-1.43019
-1.43308
-1.45715
-1.48396
-1.4891
-1.48066
-1.46854
-1.45757
-1.44902
-1.47751
-1.48434
-1.49876
-1.52726
-1.54469
-1.5465
-1.53341
-1.51842
-1.5053
-1.49415
-1.53657
-1.54912
-1.56764
-1.59121
-1.60285
-1.60138
-1.58323
-1.56152
-1.54427
-1.53445
-1.59728
-1.61539
-1.62817
-1.63975
-1.65269
-1.64675
-1.62311
-1.60077
-1.59032
-1.58464
-1.64822
-1.66392
-1.6734
-1.68146
-1.68682
-1.67786
-1.66008
-1.64921
-1.64445
-1.63826
-1.69521
-1.70432
-1.71171
-1.71306
-1.71426
-1.71252
-1.70661
-1.70215
-1.69942
-1.69382
-1.74473
-1.74884
-1.75219
-1.74885
-1.753
-1.75711
-1.75734
-1.75786
-1.75879
-1.75612
-1.79365
-1.79674
-1.79924
-1.79723
-1.80389
-1.80732
-1.81018
-1.81434
-1.81702
-1.81618
-1.84177
-1.84493
-1.85028
-1.85521
-1.85798
-1.85865
-1.8613
-1.86558
-1.86778
-1.8672
-1.89148
-1.89371
-1.90061
-1.91016
-1.91103
-1.90721
-1.90731
-1.91061
-1.91248
-1.91107
-1.94185
-1.94241
-1.94861
-1.95802
-1.95854
-1.95313
-1.95231
-1.95405
-1.95582
-1.95381
-0.972301
-1.00547
-1.02457
-1.03293
-1.03139
-1.02521
-1.02554
-1.03681
-1.05427
-1.07168
-1.0544
-1.09606
-1.11642
-1.11939
-1.11093
-1.09701
-1.08857
-1.09166
-1.10169
-1.11196
-1.11478
-1.15456
-1.1664
-1.16467
-1.14929
-1.13335
-1.12285
-1.12453
-1.12846
-1.1324
-1.15402
-1.1801
-1.18642
-1.18197
-1.16518
-1.15656
-1.15216
-1.15684
-1.16358
-1.17411
-1.19039
-1.199
-1.20014
-1.1933
-1.18863
-1.18915
-1.19335
-1.20101
-1.21031
-1.22442
-1.23223
-1.23448
-1.22926
-1.22441
-1.2275
-1.23364
-1.24312
-1.25058
-1.25925
-1.27011
-1.2718
-1.27718
-1.27483
-1.2743
-1.27798
-1.28605
-1.29447
-1.30199
-1.31035
-1.3192
-1.31608
-1.3239
-1.32498
-1.32645
-1.33089
-1.3381
-1.3459
-1.35209
-1.3578
-1.36483
-1.36995
-1.37557
-1.37392
-1.38051
-1.39311
-1.40081
-1.40344
-1.4036
-1.40333
-1.40469
-1.42089
-1.42515
-1.42754
-1.44502
-1.46528
-1.47238
-1.46814
-1.45903
-1.45079
-1.44491
-1.46939
-1.47844
-1.49327
-1.51958
-1.53687
-1.53761
-1.52488
-1.50946
-1.49638
-1.48769
-1.53182
-1.5489
-1.56959
-1.59502
-1.60769
-1.60009
-1.5747
-1.55176
-1.53642
-1.52994
-1.6012
-1.62251
-1.63501
-1.65177
-1.66319
-1.65073
-1.6199
-1.59744
-1.58698
-1.58134
-1.65401
-1.67269
-1.6857
-1.69913
-1.7023
-1.68524
-1.66256
-1.65106
-1.64592
-1.6389
-1.69982
-1.71463
-1.73026
-1.73715
-1.73112
-1.71988
-1.70975
-1.70575
-1.70296
-1.69667
-1.74731
-1.75741
-1.7715
-1.77174
-1.76462
-1.76156
-1.7598
-1.76074
-1.76041
-1.75504
-1.79565
-1.80345
-1.81488
-1.81248
-1.80975
-1.80948
-1.81136
-1.81474
-1.8162
-1.81211
-1.84424
-1.85046
-1.85925
-1.85972
-1.86052
-1.86011
-1.86098
-1.86465
-1.86636
-1.86321
-1.89313
-1.89701
-1.90469
-1.90837
-1.91026
-1.90738
-1.90602
-1.90894
-1.91114
-1.90843
-1.94271
-1.94483
-1.95005
-1.95509
-1.95639
-1.95265
-1.95052
-1.95213
-1.95341
-1.9513
-0.97945
-1.00882
-1.03755
-1.05781
-1.06743
-1.07154
-1.07159
-1.08038
-1.09349
-1.10177
-1.05033
-1.08896
-1.12057
-1.1384
-1.14649
-1.1416
-1.13519
-1.13421
-1.13626
-1.13542
-1.10396
-1.13928
-1.15979
-1.1688
-1.16828
-1.15844
-1.14999
-1.14761
-1.14557
-1.14273
-1.14277
-1.16148
-1.16984
-1.17179
-1.16334
-1.15866
-1.15697
-1.15981
-1.1614
-1.16971
-1.18075
-1.18404
-1.18223
-1.18041
-1.17765
-1.18049
-1.18553
-1.1924
-1.20199
-1.22435
-1.22299
-1.22101
-1.21489
-1.21363
-1.21649
-1.22745
-1.23665
-1.24411
-1.25594
-1.27667
-1.26326
-1.26518
-1.26586
-1.26653
-1.27153
-1.28203
-1.28923
-1.29788
-1.30903
-1.32408
-1.30887
-1.31626
-1.32082
-1.32228
-1.3283
-1.33362
-1.33931
-1.34677
-1.35703
-1.36594
-1.36192
-1.37044
-1.37297
-1.37539
-1.38167
-1.38689
-1.39189
-1.39545
-1.39794
-1.4022
-1.41367
-1.41918
-1.42281
-1.43248
-1.44434
-1.45016
-1.44972
-1.44548
-1.442
-1.44099
-1.45995
-1.47039
-1.48251
-1.5012
-1.51613
-1.51632
-1.50853
-1.49669
-1.48637
-1.48335
-1.5245
-1.54246
-1.55997
-1.58256
-1.59179
-1.58035
-1.55962
-1.54225
-1.52986
-1.5297
-1.59728
-1.6164
-1.62913
-1.64711
-1.65498
-1.63722
-1.60784
-1.59207
-1.58293
-1.58706
-1.65227
-1.66937
-1.68356
-1.70316
-1.70344
-1.68083
-1.65561
-1.64731
-1.64475
-1.6451
-1.70024
-1.71705
-1.73654
-1.74932
-1.74032
-1.71998
-1.70625
-1.70222
-1.70238
-1.6995
-1.74919
-1.76422
-1.78643
-1.79084
-1.77613
-1.76306
-1.75711
-1.75728
-1.7558
-1.75185
-1.79874
-1.81328
-1.83425
-1.83213
-1.81778
-1.80987
-1.80752
-1.80946
-1.80806
-1.8043
-1.8478
-1.86225
-1.87957
-1.87373
-1.8635
-1.85784
-1.85639
-1.85824
-1.85738
-1.85488
-1.89647
-1.90864
-1.91883
-1.91575
-1.90854
-1.90468
-1.90258
-1.90285
-1.90262
-1.90231
-1.94417
-1.95206
-1.95868
-1.95838
-1.95294
-1.94828
-1.94608
-1.94643
-1.94733
-1.94745
-0.979963
-1.00005
-1.02606
-1.04959
-1.06237
-1.06747
-1.0695
-1.07752
-1.08377
-1.08335
-1.03868
-1.06496
-1.09477
-1.12078
-1.1335
-1.13398
-1.13223
-1.12946
-1.12385
-1.11465
-1.08654
-1.11028
-1.13127
-1.14666
-1.15279
-1.14767
-1.14007
-1.13525
-1.12709
-1.11818
-1.12672
-1.13684
-1.14376
-1.14808
-1.14396
-1.13888
-1.13941
-1.13987
-1.13602
-1.14133
-1.16757
-1.16612
-1.16051
-1.15869
-1.15538
-1.15641
-1.16125
-1.16501
-1.16949
-1.19213
-1.20836
-1.20294
-1.19682
-1.19528
-1.19812
-1.20417
-1.21317
-1.21949
-1.22863
-1.2581
-1.24974
-1.24877
-1.24852
-1.25012
-1.25807
-1.26867
-1.27562
-1.28265
-1.29339
-1.31356
-1.29792
-1.30217
-1.30628
-1.31185
-1.32045
-1.32693
-1.33139
-1.33752
-1.34643
-1.35715
-1.35047
-1.35989
-1.36579
-1.37026
-1.37463
-1.37761
-1.38113
-1.38519
-1.38872
-1.39418
-1.40376
-1.41112
-1.41562
-1.42225
-1.42977
-1.4336
-1.43402
-1.43348
-1.43286
-1.43321
-1.45049
-1.46309
-1.47429
-1.48555
-1.49507
-1.49513
-1.48807
-1.48233
-1.47958
-1.48085
-1.5184
-1.53733
-1.54986
-1.56045
-1.56769
-1.56032
-1.54703
-1.53622
-1.53223
-1.53313
-1.58781
-1.60346
-1.61517
-1.62893
-1.63238
-1.6175
-1.59861
-1.5891
-1.58755
-1.58871
-1.64371
-1.65737
-1.67253
-1.68992
-1.68828
-1.66729
-1.64663
-1.64112
-1.64401
-1.6453
-1.69483
-1.70979
-1.72956
-1.74549
-1.73513
-1.71189
-1.69695
-1.69317
-1.69649
-1.69794
-1.74575
-1.76078
-1.78341
-1.7945
-1.77684
-1.75693
-1.74733
-1.7453
-1.74601
-1.74701
-1.79642
-1.81174
-1.83412
-1.83777
-1.81862
-1.80389
-1.79804
-1.79628
-1.79461
-1.79549
-1.84709
-1.86148
-1.8809
-1.87888
-1.8615
-1.85068
-1.84712
-1.8446
-1.84282
-1.84462
-1.8968
-1.90958
-1.92318
-1.91955
-1.90474
-1.89639
-1.893
-1.8903
-1.89144
-1.89413
-1.94409
-1.95362
-1.96289
-1.96021
-1.94825
-1.93982
-1.93625
-1.93474
-1.93857
-1.94182
-0.970436
-0.983743
-1.00056
-1.01715
-1.02745
-1.02872
-1.02957
-1.03529
-1.03848
-1.03318
-1.0178
-1.03595
-1.05358
-1.07044
-1.08031
-1.08165
-1.08186
-1.08067
-1.07332
-1.06199
-1.06785
-1.07868
-1.08987
-1.10022
-1.10322
-1.10003
-1.09763
-1.09404
-1.0865
-1.0758
-1.11368
-1.11438
-1.11445
-1.11595
-1.11162
-1.10515
-1.10377
-1.10306
-1.10033
-1.10099
-1.15544
-1.14955
-1.14137
-1.1386
-1.13345
-1.13075
-1.13035
-1.13025
-1.13463
-1.1524
-1.1944
-1.18831
-1.18271
-1.18119
-1.18144
-1.17941
-1.18048
-1.18377
-1.19587
-1.22144
-1.2377
-1.23486
-1.23417
-1.23786
-1.24365
-1.2458
-1.24758
-1.25293
-1.26305
-1.28309
-1.28723
-1.28823
-1.29375
-1.30168
-1.30669
-1.30935
-1.31213
-1.31652
-1.32263
-1.33567
-1.33946
-1.34806
-1.35663
-1.36286
-1.36522
-1.36636
-1.36865
-1.37131
-1.37543
-1.3831
-1.39219
-1.40154
-1.41053
-1.41696
-1.42088
-1.42216
-1.42385
-1.42437
-1.4257
-1.42893
-1.44322
-1.45998
-1.47227
-1.47893
-1.4823
-1.4825
-1.48112
-1.4771
-1.47633
-1.47873
-1.51533
-1.53354
-1.54327
-1.54828
-1.55098
-1.54806
-1.5399
-1.53202
-1.53019
-1.53368
-1.57867
-1.59079
-1.60031
-1.6099
-1.61253
-1.60423
-1.5939
-1.5856
-1.58347
-1.58871
-1.63382
-1.64485
-1.65774
-1.6694
-1.66897
-1.65542
-1.64288
-1.63523
-1.63613
-1.64353
-1.68771
-1.6997
-1.71569
-1.7261
-1.71926
-1.70145
-1.68958
-1.68328
-1.68525
-1.69445
-1.74094
-1.75296
-1.76977
-1.77743
-1.76456
-1.74724
-1.73854
-1.7337
-1.73538
-1.74339
-1.79313
-1.80491
-1.81948
-1.8233
-1.80773
-1.79334
-1.78804
-1.78454
-1.78655
-1.79251
-1.8444
-1.85585
-1.86604
-1.86507
-1.8504
-1.83972
-1.83676
-1.83505
-1.83769
-1.84183
-1.89506
-1.90417
-1.90962
-1.90541
-1.8936
-1.88612
-1.8834
-1.88355
-1.88728
-1.89006
-1.94297
-1.94922
-1.95087
-1.94566
-1.93755
-1.93211
-1.92906
-1.93143
-1.93611
-1.93732
-0.96288
-0.973839
-0.985255
-0.99763
-1.00189
-1.00058
-0.995276
-0.994228
-0.993289
-0.990674
-1.00775
-1.01689
-1.02478
-1.03488
-1.03836
-1.0374
-1.03414
-1.03179
-1.02618
-1.01871
-1.05562
-1.05933
-1.06148
-1.06557
-1.06596
-1.06214
-1.05945
-1.05651
-1.05049
-1.04228
-1.10429
-1.09937
-1.09629
-1.09622
-1.09093
-1.08476
-1.08106
-1.07726
-1.07539
-1.07405
-1.14637
-1.14128
-1.13492
-1.13143
-1.12536
-1.11975
-1.11369
-1.1105
-1.11601
-1.13
-1.18851
-1.18361
-1.17948
-1.17787
-1.17588
-1.17144
-1.16479
-1.16621
-1.17837
-1.2005
-1.23434
-1.23136
-1.2321
-1.23779
-1.23779
-1.23211
-1.22859
-1.23527
-1.24685
-1.2637
-1.28413
-1.28642
-1.29338
-1.29856
-1.29818
-1.29537
-1.29696
-1.30185
-1.30971
-1.32121
-1.33763
-1.34598
-1.35133
-1.3554
-1.35497
-1.35494
-1.35687
-1.36075
-1.36666
-1.37447
-1.39262
-1.40334
-1.40665
-1.40988
-1.41173
-1.41327
-1.41413
-1.41644
-1.42028
-1.42539
-1.45253
-1.46649
-1.47483
-1.47607
-1.47394
-1.47316
-1.4718
-1.47204
-1.47488
-1.47918
-1.51689
-1.52974
-1.53748
-1.53818
-1.53912
-1.53794
-1.53196
-1.5288
-1.53
-1.53494
-1.57513
-1.58418
-1.58954
-1.59337
-1.59666
-1.59517
-1.58922
-1.58225
-1.58301
-1.58949
-1.62985
-1.63854
-1.64534
-1.65068
-1.65171
-1.6465
-1.63906
-1.63133
-1.63414
-1.64285
-1.68504
-1.69413
-1.70259
-1.70682
-1.70276
-1.69349
-1.68637
-1.68025
-1.68382
-1.69421
-1.73963
-1.74845
-1.75692
-1.7583
-1.74914
-1.73896
-1.73472
-1.73123
-1.73309
-1.74336
-1.79295
-1.80149
-1.80774
-1.80545
-1.79365
-1.78465
-1.7834
-1.7827
-1.78327
-1.7912
-1.84513
-1.85427
-1.85801
-1.85171
-1.83874
-1.83211
-1.83273
-1.83393
-1.83414
-1.83901
-1.89499
-1.90397
-1.90445
-1.8956
-1.8843
-1.88096
-1.88202
-1.88368
-1.88406
-1.88686
-1.94275
-1.94816
-1.94748
-1.93797
-1.93051
-1.92998
-1.93101
-1.93191
-1.93313
-1.93436
-0.96258
-0.970151
-0.980577
-0.99095
-0.996517
-0.994791
-0.9879
-0.980111
-0.977431
-0.975441
-1.00907
-1.0105
-1.01443
-1.02225
-1.02728
-1.0252
-1.01856
-1.01223
-1.00715
-1.00294
-1.05283
-1.0511
-1.05128
-1.05303
-1.05414
-1.05124
-1.04584
-1.04088
-1.03544
-1.03041
-1.09739
-1.09459
-1.09266
-1.09115
-1.08748
-1.08236
-1.07688
-1.07168
-1.0678
-1.06678
-1.14367
-1.14127
-1.13937
-1.13759
-1.13258
-1.12538
-1.11728
-1.11065
-1.11331
-1.12205
-1.19133
-1.1897
-1.18833
-1.18677
-1.18187
-1.17425
-1.16531
-1.16279
-1.17177
-1.192
-1.24072
-1.23994
-1.24056
-1.24221
-1.23829
-1.23014
-1.22473
-1.22679
-1.24386
-1.25591
-1.29167
-1.2955
-1.30263
-1.30097
-1.29447
-1.28764
-1.28898
-1.29822
-1.30678
-1.31555
-1.34697
-1.35678
-1.36282
-1.35781
-1.3496
-1.34516
-1.35019
-1.35784
-1.36495
-1.37143
-1.40317
-1.41511
-1.4191
-1.41442
-1.40687
-1.40482
-1.40983
-1.416
-1.42134
-1.42553
-1.46196
-1.4765
-1.47899
-1.47326
-1.46787
-1.4668
-1.46924
-1.47257
-1.47674
-1.47989
-1.52141
-1.53536
-1.53439
-1.52762
-1.52652
-1.52804
-1.52707
-1.52842
-1.53052
-1.53335
-1.57837
-1.58937
-1.58451
-1.57963
-1.58165
-1.5842
-1.58338
-1.58306
-1.58359
-1.5861
-1.63408
-1.64173
-1.63728
-1.63597
-1.63711
-1.63673
-1.63561
-1.63527
-1.63551
-1.63886
-1.68889
-1.69464
-1.69278
-1.69359
-1.69138
-1.68693
-1.68542
-1.68515
-1.68603
-1.69103
-1.74318
-1.74787
-1.74786
-1.74849
-1.74297
-1.73602
-1.73367
-1.7328
-1.73398
-1.74107
-1.79512
-1.80073
-1.80204
-1.80084
-1.79343
-1.78561
-1.78322
-1.78213
-1.7826
-1.78886
-1.84471
-1.853
-1.85601
-1.854
-1.84392
-1.83611
-1.83374
-1.8328
-1.83248
-1.83592
-1.89317
-1.90035
-1.90557
-1.9021
-1.89161
-1.88601
-1.8839
-1.88278
-1.88242
-1.8842
-1.94079
-1.9443
-1.94875
-1.94601
-1.93969
-1.93553
-1.93314
-1.93169
-1.93154
-1.93237
-0.960859
-0.962811
-0.971168
-0.982245
-0.986917
-0.986646
-0.982273
-0.976366
-0.972205
-0.970051
-1.00522
-1.00638
-1.01041
-1.01774
-1.02212
-1.02088
-1.01491
-1.00883
-1.0039
-1.00092
-1.04995
-1.05041
-1.05117
-1.05285
-1.05396
-1.05181
-1.0465
-1.04073
-1.03614
-1.03321
-1.09573
-1.09358
-1.09367
-1.09395
-1.09204
-1.08786
-1.08198
-1.07711
-1.07478
-1.07577
-1.14338
-1.14079
-1.14087
-1.14069
-1.13808
-1.13327
-1.12756
-1.12267
-1.12316
-1.12947
-1.19285
-1.19164
-1.19068
-1.18858
-1.18488
-1.17999
-1.17528
-1.17275
-1.17644
-1.18864
-1.24181
-1.24099
-1.24015
-1.23953
-1.23634
-1.23133
-1.2301
-1.22891
-1.23903
-1.25319
-1.29136
-1.29339
-1.29806
-1.29666
-1.2916
-1.28566
-1.28769
-1.29637
-1.30527
-1.31226
-1.34585
-1.35277
-1.35686
-1.35086
-1.34586
-1.34716
-1.35194
-1.35758
-1.36329
-1.36696
-1.40222
-1.41134
-1.4123
-1.40561
-1.40397
-1.40364
-1.40798
-1.41292
-1.41775
-1.42119
-1.46004
-1.4691
-1.46743
-1.46352
-1.46158
-1.46279
-1.46532
-1.46915
-1.47239
-1.47479
-1.51878
-1.52624
-1.52159
-1.51956
-1.51833
-1.52031
-1.52185
-1.52449
-1.52569
-1.52739
-1.57733
-1.58094
-1.57535
-1.57314
-1.57285
-1.57504
-1.57768
-1.57984
-1.57897
-1.57968
-1.63357
-1.63436
-1.63015
-1.62781
-1.62737
-1.62886
-1.63195
-1.63413
-1.63232
-1.63233
-1.68826
-1.68802
-1.68551
-1.68395
-1.6824
-1.68115
-1.68245
-1.68517
-1.6841
-1.68433
-1.74177
-1.74285
-1.74109
-1.74014
-1.73711
-1.73343
-1.73214
-1.73291
-1.7338
-1.73521
-1.7924
-1.79553
-1.79589
-1.79498
-1.79061
-1.78564
-1.78285
-1.7815
-1.78142
-1.7847
-1.84166
-1.8457
-1.84971
-1.84923
-1.84288
-1.83657
-1.83366
-1.83167
-1.83071
-1.83267
-1.89062
-1.89348
-1.89845
-1.89847
-1.89077
-1.88601
-1.88364
-1.88164
-1.88095
-1.88154
-1.93967
-1.94069
-1.94277
-1.94198
-1.93882
-1.93544
-1.933
-1.93065
-1.93026
-1.9309
)
;

boundaryField
{
    lowerSideWalls
    {
        type            calculated;
        value           nonuniform List<scalar> 
800
(
375.256
326.952
279.516
233.581
188.186
144.459
103.159
63.7987
32.2012
12.2577
-0.429401
-0.503573
-0.536078
-0.581487
-0.634704
-0.695106
-0.758613
-0.818626
-0.876333
-0.935363
374.898
326.511
279.072
232.959
187.524
143.75
101.815
61.3548
29.5325
7.88024
-0.449439
-0.499737
-0.536794
-0.58586
-0.637964
-0.701301
-0.76757
-0.832054
-0.88644
-0.941569
374.357
325.851
278.242
231.791
186.212
141.89
99.5965
57.9896
25.374
4.09775
-0.457076
-0.505264
-0.546004
-0.5994
-0.659936
-0.721526
-0.776401
-0.826197
-0.879096
-0.941239
373.707
325.14
277.225
230.481
184.705
139.818
96.8567
55.2832
21.6366
2.00976
-0.465622
-0.516396
-0.563044
-0.616191
-0.6759
-0.732638
-0.778342
-0.8177
-0.872791
-0.938888
372.893
324.351
276.316
229.162
182.986
137.428
94.4466
52.3625
18.7759
0.951632
-0.470481
-0.515496
-0.5611
-0.616419
-0.676051
-0.729586
-0.7746
-0.819941
-0.874579
-0.935529
372.059
323.486
275.401
227.997
181.445
135.646
91.9405
49.7517
16.9515
0.488098
-0.466677
-0.508632
-0.556183
-0.614515
-0.673761
-0.725854
-0.771146
-0.820242
-0.875973
-0.934134
371.304
322.684
274.522
226.932
180.11
133.988
90.0481
47.7823
15.9763
0.292801
-0.468797
-0.507622
-0.558685
-0.614359
-0.670864
-0.723748
-0.772982
-0.824722
-0.879325
-0.934356
370.714
322.049
273.816
226.038
179.007
132.876
88.5931
46.5205
15.6926
0.231095
-0.478695
-0.513218
-0.56727
-0.622507
-0.67517
-0.725651
-0.777302
-0.831065
-0.884201
-0.93689
370.348
321.647
273.374
225.436
178.186
131.947
87.6516
45.9579
15.8032
0.189931
-0.494707
-0.51973
-0.571274
-0.626599
-0.675499
-0.723327
-0.776883
-0.833005
-0.886962
-0.938157
370.259
321.536
273.162
225.193
177.916
131.507
87.1101
45.6564
15.5946
0.106621
-0.502372
-0.520604
-0.567787
-0.623149
-0.668582
-0.713514
-0.770622
-0.828193
-0.884324
-0.935445
374.128
325.964
278.68
232.902
188.005
144.95
104.347
65.9043
32.8915
15.3285
0.217347
-0.578054
-0.623433
-0.649176
-0.677309
-0.711679
-0.756644
-0.808018
-0.861954
-0.91392
373.7
325.415
278.186
232.189
187.049
143.802
103.224
64.6421
32.6717
13.3275
-0.291111
-0.59182
-0.614131
-0.649295
-0.681652
-0.71674
-0.758884
-0.808825
-0.863453
-0.916799
373.057
324.643
277.186
230.963
185.513
141.732
101.154
60.9092
31.6356
10.2763
-0.438088
-0.566165
-0.602398
-0.645989
-0.68416
-0.721828
-0.763026
-0.813254
-0.871605
-0.927092
372.23
323.789
276.02
229.389
183.871
139.955
98.2585
58.1865
29.1079
7.50685
-0.470722
-0.541117
-0.593988
-0.644119
-0.685866
-0.72721
-0.770224
-0.820768
-0.880293
-0.937308
371.23
322.781
274.906
227.975
182.167
137.899
95.6554
55.6989
26.5899
5.58315
-0.486031
-0.533834
-0.590571
-0.645539
-0.691124
-0.734372
-0.779291
-0.829147
-0.886159
-0.941641
370.178
321.681
273.739
226.573
180.475
135.899
93.2266
53.5149
24.4654
4.14682
-0.505435
-0.533649
-0.589281
-0.645116
-0.696147
-0.743893
-0.79023
-0.838426
-0.89158
-0.943407
369.218
320.653
272.6
225.233
178.825
133.81
90.9711
51.1225
22.6324
3.05343
-0.516744
-0.534466
-0.589507
-0.646404
-0.699853
-0.752392
-0.800494
-0.847072
-0.895727
-0.942572
368.453
319.823
271.662
224.082
177.403
132.052
89.0059
49.1194
20.8371
2.09113
-0.518634
-0.539821
-0.593231
-0.645777
-0.699731
-0.757297
-0.807603
-0.851543
-0.895182
-0.938274
367.973
319.288
271.048
223.264
176.357
130.796
87.5991
47.5182
19.0323
1.23172
-0.522055
-0.546704
-0.595302
-0.643753
-0.695624
-0.755123
-0.811668
-0.854579
-0.894929
-0.935621
367.862
319.154
270.814
222.947
175.975
130.27
86.7319
46.3364
17.5113
0.604035
-0.543519
-0.551865
-0.59589
-0.637421
-0.686739
-0.745981
-0.805939
-0.852811
-0.894479
-0.934254
375.256
326.952
279.516
233.581
188.186
144.459
103.159
63.7987
32.2012
12.2577
-0.429401
-0.503573
-0.536078
-0.581487
-0.634704
-0.695106
-0.758613
-0.818626
-0.876333
-0.935363
374.666
326.273
278.955
232.663
187.054
142.87
101.203
60.8907
30.3993
9.69559
-0.431344
-0.484193
-0.514912
-0.564948
-0.627992
-0.692967
-0.75558
-0.816956
-0.876152
-0.934443
373.738
325.196
277.618
231.138
185.271
140.761
98.7024
56.2883
27.0857
6.16847
-0.428343
-0.483036
-0.51027
-0.554235
-0.620546
-0.686869
-0.747127
-0.809184
-0.870878
-0.929467
372.512
323.879
275.889
228.944
182.879
137.731
94.5156
53.0613
22.0648
3.08369
-0.429009
-0.487551
-0.519015
-0.558501
-0.616286
-0.681073
-0.741644
-0.805989
-0.869099
-0.927695
370.947
322.295
274.072
226.585
179.961
133.917
89.7884
48.9265
16.8451
1.11011
-0.431761
-0.490665
-0.525008
-0.571487
-0.621414
-0.677336
-0.741184
-0.806728
-0.870848
-0.928084
369.238
320.496
272.09
224.149
176.868
130.071
85.1286
43.1892
11.9932
-0.0414651
-0.441142
-0.477561
-0.5223
-0.571581
-0.627162
-0.681467
-0.741693
-0.807807
-0.869836
-0.925985
367.576
318.724
270.113
221.748
173.759
126.246
80.5792
37.3712
8.06581
-0.270406
-0.410291
-0.46835
-0.517375
-0.573441
-0.632346
-0.687249
-0.74527
-0.808324
-0.867027
-0.925882
366.107
317.147
268.308
219.58
171.02
122.909
76.3409
32.6596
5.58789
-0.26679
-0.392156
-0.466367
-0.520355
-0.578468
-0.635479
-0.695126
-0.752187
-0.80842
-0.868202
-0.92592
364.966
315.923
266.901
217.874
168.864
120.199
72.9667
29.2633
4.22217
-0.272356
-0.38836
-0.469568
-0.525364
-0.582377
-0.64114
-0.696608
-0.751776
-0.810477
-0.871196
-0.926494
364.265
315.18
266.028
216.815
167.571
118.606
70.8575
27.2899
3.70345
-0.285326
-0.391567
-0.471308
-0.52696
-0.581654
-0.636798
-0.691999
-0.750353
-0.812112
-0.873921
-0.923264
364.071
314.987
265.811
216.571
167.282
118.169
70.2379
26.6418
3.60456
-0.292087
-0.394853
-0.471983
-0.52708
-0.578886
-0.631357
-0.688891
-0.751469
-0.814173
-0.872131
-0.911949
364.395
315.349
266.281
217.137
167.966
118.986
71.2692
27.3704
3.79679
-0.299071
-0.401162
-0.476335
-0.53007
-0.57927
-0.630346
-0.690716
-0.754927
-0.814308
-0.86705
-0.902424
365.206
316.226
267.328
218.436
169.593
121.028
73.9311
29.8175
4.36873
-0.317376
-0.415292
-0.485075
-0.537089
-0.585581
-0.637381
-0.700026
-0.759769
-0.814574
-0.860993
-0.900022
366.423
317.542
268.883
220.377
172.052
124.124
77.8994
34.1962
5.79695
-0.301532
-0.423897
-0.496404
-0.546191
-0.59524
-0.650135
-0.709708
-0.762792
-0.816152
-0.86225
-0.906061
367.947
319.188
270.766
222.728
175.164
128.087
82.5137
40.5568
9.06593
-0.274183
-0.458155
-0.515448
-0.558315
-0.608019
-0.662334
-0.717172
-0.766848
-0.817011
-0.86777
-0.917504
369.576
320.956
272.763
225.226
178.509
132.509
88.1126
47.534
15.202
0.23246
-0.53048
-0.552211
-0.580178
-0.61966
-0.67326
-0.72694
-0.771761
-0.818562
-0.869528
-0.922528
371.151
322.628
274.679
227.709
181.777
136.947
93.884
53.7846
22.5828
3.21764
-0.515669
-0.579793
-0.616007
-0.650726
-0.686942
-0.735766
-0.782555
-0.828242
-0.873702
-0.920738
372.481
324.036
276.405
230.056
184.623
140.609
98.7249
58.6888
28.098
7.48659
-0.489347
-0.598252
-0.64665
-0.669989
-0.686814
-0.716977
-0.7707
-0.826689
-0.875859
-0.920481
373.499
325.192
277.888
231.986
186.859
143.411
102.41
62.82
31.5916
11.6069
-0.443275
-0.605526
-0.637369
-0.66452
-0.682682
-0.706961
-0.749502
-0.807515
-0.866905
-0.917122
374.128
325.964
278.68
232.902
188.005
144.95
104.347
65.9043
32.8915
15.3285
0.217347
-0.578054
-0.623433
-0.649176
-0.677309
-0.711679
-0.756644
-0.808018
-0.861954
-0.91392
)
;
    }
    upperSideWalls
    {
        type            calculated;
        value           nonuniform List<scalar> 
800
(
-0.988965
-1.03554
-1.08124
-1.12737
-1.17599
-1.22516
-1.2748
-1.32617
-1.37805
-1.42913
-1.48021
-1.53241
-1.58385
-1.6343
-1.68557
-1.73715
-1.78784
-1.83733
-1.88651
-1.936
-0.997691
-1.04507
-1.08552
-1.12717
-1.1726
-1.22138
-1.27373
-1.32705
-1.37946
-1.43006
-1.48147
-1.53377
-1.58429
-1.63466
-1.68734
-1.74044
-1.79115
-1.83929
-1.88726
-1.93631
-1.00216
-1.05206
-1.09065
-1.12781
-1.17016
-1.21973
-1.27306
-1.3244
-1.37587
-1.43011
-1.48788
-1.53876
-1.58347
-1.6308
-1.6848
-1.73938
-1.79245
-1.84127
-1.88875
-1.93718
-0.999323
-1.04984
-1.09245
-1.13186
-1.17438
-1.22172
-1.27467
-1.32851
-1.38104
-1.43485
-1.49111
-1.53838
-1.58161
-1.63149
-1.68686
-1.74155
-1.79267
-1.84118
-1.88909
-1.93756
-0.994756
-1.04767
-1.09365
-1.13604
-1.17905
-1.22523
-1.27675
-1.32941
-1.38313
-1.43912
-1.4924
-1.53824
-1.58358
-1.63499
-1.68964
-1.74223
-1.79351
-1.84129
-1.88906
-1.93758
-0.990878
-1.04338
-1.09143
-1.13746
-1.18316
-1.23181
-1.28181
-1.33116
-1.38494
-1.44098
-1.49145
-1.53854
-1.5848
-1.63604
-1.68968
-1.74245
-1.79245
-1.84013
-1.88831
-1.93705
-0.988498
-1.03987
-1.08851
-1.13635
-1.18603
-1.23779
-1.28936
-1.33822
-1.38684
-1.43707
-1.48883
-1.54222
-1.59269
-1.6389
-1.68864
-1.74034
-1.78966
-1.83821
-1.88696
-1.93613
-0.988793
-1.0396
-1.08931
-1.13924
-1.18935
-1.23974
-1.29175
-1.34526
-1.39619
-1.44188
-1.48878
-1.54191
-1.59704
-1.64008
-1.68643
-1.73676
-1.78661
-1.83607
-1.8854
-1.93501
-0.988783
-1.04106
-1.09325
-1.14256
-1.19188
-1.24113
-1.28875
-1.33827
-1.39248
-1.44754
-1.49623
-1.54384
-1.59542
-1.6366
-1.6801
-1.7314
-1.78332
-1.83341
-1.88332
-1.93358
-0.985889
-1.03795
-1.09329
-1.14428
-1.19413
-1.24319
-1.2914
-1.33815
-1.38357
-1.43585
-1.49335
-1.54268
-1.58757
-1.63131
-1.67379
-1.72639
-1.77961
-1.83025
-1.88065
-1.93178
-0.960859
-1.00522
-1.04995
-1.09573
-1.14338
-1.19285
-1.24181
-1.29136
-1.34585
-1.40222
-1.46004
-1.51878
-1.57733
-1.63357
-1.68826
-1.74177
-1.7924
-1.84166
-1.89062
-1.93967
-0.962811
-1.00638
-1.05041
-1.09358
-1.14079
-1.19164
-1.24099
-1.29339
-1.35277
-1.41134
-1.4691
-1.52624
-1.58094
-1.63436
-1.68802
-1.74285
-1.79553
-1.8457
-1.89348
-1.94069
-0.971168
-1.01041
-1.05117
-1.09367
-1.14087
-1.19068
-1.24015
-1.29806
-1.35686
-1.4123
-1.46743
-1.52159
-1.57535
-1.63015
-1.68551
-1.74109
-1.79589
-1.84971
-1.89845
-1.94277
-0.982245
-1.01774
-1.05285
-1.09395
-1.14069
-1.18858
-1.23953
-1.29666
-1.35086
-1.40561
-1.46352
-1.51956
-1.57314
-1.62781
-1.68395
-1.74014
-1.79498
-1.84923
-1.89847
-1.94198
-0.986917
-1.02212
-1.05396
-1.09204
-1.13808
-1.18488
-1.23634
-1.2916
-1.34586
-1.40397
-1.46158
-1.51833
-1.57285
-1.62737
-1.6824
-1.73711
-1.79061
-1.84288
-1.89077
-1.93882
-0.986646
-1.02088
-1.05181
-1.08786
-1.13327
-1.17999
-1.23133
-1.28566
-1.34716
-1.40364
-1.46279
-1.52031
-1.57504
-1.62886
-1.68115
-1.73343
-1.78564
-1.83657
-1.88601
-1.93544
-0.982273
-1.01491
-1.0465
-1.08198
-1.12756
-1.17528
-1.2301
-1.28769
-1.35194
-1.40798
-1.46532
-1.52185
-1.57768
-1.63195
-1.68245
-1.73214
-1.78285
-1.83366
-1.88364
-1.933
-0.976366
-1.00883
-1.04073
-1.07711
-1.12267
-1.17275
-1.22891
-1.29637
-1.35758
-1.41292
-1.46915
-1.52449
-1.57984
-1.63413
-1.68517
-1.73291
-1.7815
-1.83167
-1.88164
-1.93065
-0.972205
-1.0039
-1.03614
-1.07478
-1.12316
-1.17644
-1.23903
-1.30527
-1.36329
-1.41775
-1.47239
-1.52569
-1.57897
-1.63232
-1.6841
-1.7338
-1.78142
-1.83071
-1.88095
-1.93026
-0.970051
-1.00092
-1.03321
-1.07577
-1.12947
-1.18864
-1.25319
-1.31226
-1.36696
-1.42119
-1.47479
-1.52739
-1.57968
-1.63233
-1.68433
-1.73521
-1.7847
-1.83267
-1.88154
-1.9309
-0.988965
-1.03554
-1.08124
-1.12737
-1.17599
-1.22516
-1.2748
-1.32617
-1.37805
-1.42913
-1.48021
-1.53241
-1.58385
-1.6343
-1.68557
-1.73715
-1.78784
-1.83733
-1.88651
-1.936
-0.987371
-1.0341
-1.08088
-1.12774
-1.17647
-1.22599
-1.27541
-1.32604
-1.3776
-1.42922
-1.48176
-1.53473
-1.58623
-1.63594
-1.68584
-1.73677
-1.78722
-1.83658
-1.88587
-1.93566
-0.979834
-1.02715
-1.07723
-1.12806
-1.17569
-1.22343
-1.27216
-1.32216
-1.37319
-1.42554
-1.47829
-1.53112
-1.58457
-1.63812
-1.68944
-1.73949
-1.78837
-1.83667
-1.88547
-1.93511
-0.9784
-1.03011
-1.08069
-1.12955
-1.17598
-1.22162
-1.26884
-1.31879
-1.37144
-1.42508
-1.474
-1.52371
-1.57728
-1.63149
-1.68719
-1.73996
-1.78873
-1.83693
-1.88537
-1.93511
-0.980566
-1.03297
-1.08276
-1.13001
-1.17535
-1.22146
-1.26688
-1.3169
-1.37052
-1.42072
-1.46997
-1.51983
-1.57296
-1.62708
-1.68306
-1.73724
-1.78809
-1.83702
-1.88575
-1.93583
-0.980919
-1.03316
-1.08263
-1.13112
-1.17703
-1.22314
-1.26818
-1.31746
-1.37122
-1.42039
-1.46915
-1.52016
-1.57269
-1.62661
-1.68089
-1.73389
-1.78659
-1.83786
-1.88752
-1.93686
-0.980313
-1.03098
-1.08066
-1.12979
-1.17993
-1.2272
-1.27242
-1.31851
-1.37058
-1.42143
-1.47066
-1.51969
-1.57105
-1.62372
-1.67718
-1.73034
-1.78466
-1.83719
-1.88776
-1.9366
-0.976185
-1.02365
-1.07398
-1.12647
-1.1779
-1.22688
-1.27331
-1.31872
-1.3681
-1.41741
-1.46752
-1.51778
-1.56907
-1.62157
-1.67509
-1.72984
-1.78364
-1.83723
-1.88624
-1.93559
-0.972454
-1.02023
-1.07254
-1.12555
-1.1764
-1.22531
-1.27316
-1.32062
-1.36826
-1.41676
-1.46764
-1.51839
-1.5694
-1.62247
-1.67678
-1.73056
-1.78371
-1.83459
-1.88414
-1.93488
-0.964599
-1.01577
-1.07541
-1.1287
-1.17756
-1.22532
-1.27333
-1.322
-1.37117
-1.42066
-1.47175
-1.52339
-1.57523
-1.62901
-1.68334
-1.73551
-1.78486
-1.83419
-1.88461
-1.93596
-0.955378
-1.01745
-1.08431
-1.13807
-1.18244
-1.2266
-1.27207
-1.32109
-1.37379
-1.42571
-1.4777
-1.53019
-1.58249
-1.63706
-1.6925
-1.74377
-1.79022
-1.83729
-1.88702
-1.93802
-0.954757
-1.03011
-1.09894
-1.14953
-1.18977
-1.23128
-1.27291
-1.32016
-1.37544
-1.42867
-1.481
-1.53547
-1.58927
-1.64164
-1.6951
-1.74703
-1.79454
-1.84099
-1.89001
-1.94023
-0.962696
-1.04647
-1.11373
-1.1571
-1.19414
-1.23448
-1.27456
-1.31918
-1.37421
-1.42651
-1.47751
-1.53657
-1.59728
-1.64822
-1.69521
-1.74473
-1.79365
-1.84177
-1.89148
-1.94185
-0.972301
-1.0544
-1.11478
-1.15402
-1.19039
-1.23223
-1.2718
-1.31608
-1.36995
-1.42089
-1.46939
-1.53182
-1.6012
-1.65401
-1.69982
-1.74731
-1.79565
-1.84424
-1.89313
-1.94271
-0.97945
-1.05033
-1.10396
-1.14277
-1.18075
-1.22299
-1.26326
-1.30887
-1.36192
-1.41367
-1.45995
-1.5245
-1.59728
-1.65227
-1.70024
-1.74919
-1.79874
-1.8478
-1.89647
-1.94417
-0.979963
-1.03868
-1.08654
-1.12672
-1.16757
-1.20836
-1.24974
-1.29792
-1.35047
-1.40376
-1.45049
-1.5184
-1.58781
-1.64371
-1.69483
-1.74575
-1.79642
-1.84709
-1.8968
-1.94409
-0.970436
-1.0178
-1.06785
-1.11368
-1.15544
-1.1944
-1.2377
-1.28723
-1.33946
-1.39219
-1.44322
-1.51533
-1.57867
-1.63382
-1.68771
-1.74094
-1.79313
-1.8444
-1.89506
-1.94297
-0.96288
-1.00775
-1.05562
-1.10429
-1.14637
-1.18851
-1.23434
-1.28413
-1.33763
-1.39262
-1.45253
-1.51689
-1.57513
-1.62985
-1.68504
-1.73963
-1.79295
-1.84513
-1.89499
-1.94275
-0.96258
-1.00907
-1.05283
-1.09739
-1.14367
-1.19133
-1.24072
-1.29167
-1.34697
-1.40317
-1.46196
-1.52141
-1.57837
-1.63408
-1.68889
-1.74318
-1.79512
-1.84471
-1.89317
-1.94079
-0.960859
-1.00522
-1.04995
-1.09573
-1.14338
-1.19285
-1.24181
-1.29136
-1.34585
-1.40222
-1.46004
-1.51878
-1.57733
-1.63357
-1.68826
-1.74177
-1.7924
-1.84166
-1.89062
-1.93967
)
;
    }
    lowerWall
    {
        type            calculated;
        value           nonuniform List<scalar> 
200
(
399.781
399.191
398.263
397.037
395.472
393.763
392.101
390.632
389.491
388.79
388.596
388.92
389.731
390.948
392.472
394.101
395.676
397.006
398.024
398.653
399.423
398.758
397.862
396.643
395.076
393.365
391.677
390.181
389.016
388.297
388.09
388.408
389.213
390.413
392.005
393.617
395.181
396.495
397.569
398.225
398.882
398.19
397.491
396.397
394.625
392.755
390.965
389.394
388.181
387.426
387.184
387.49
388.312
389.588
391.186
392.934
394.672
395.966
396.88
397.582
398.232
397.545
396.823
395.579
393.713
391.775
389.953
388.311
387.042
386.24
385.971
386.262
387.095
388.406
390.055
391.878
393.707
395.146
396.08
396.755
397.418
396.776
395.842
394.461
392.641
390.684
388.76
387.068
385.73
384.867
384.557
384.828
385.669
387.012
388.705
390.578
392.455
393.994
395.072
395.755
396.584
395.958
394.898
393.411
391.561
389.559
387.573
385.79
384.374
383.439
383.078
383.327
384.184
385.556
387.315
389.263
391.177
392.816
394.013
394.703
395.829
395.2
394.076
392.509
390.606
388.539
386.484
384.623
383.119
382.108
381.695
381.93
382.801
384.208
386.015
388.031
390.024
391.754
393.031
393.743
395.239
394.6
393.433
391.813
389.86
387.735
385.623
383.69
382.112
381.037
380.582
380.796
381.682
383.112
384.967
387.045
389.103
390.906
392.243
392.978
394.873
394.227
393.039
391.391
389.404
387.238
385.07
383.102
381.483
380.361
379.879
380.075
380.946
382.396
384.282
386.379
388.511
390.364
391.736
392.498
394.784
394.142
392.951
391.302
389.313
387.141
384.96
382.974
381.342
379.931
379.498
379.876
380.747
382.209
384.116
386.253
388.384
390.244
391.622
392.387
)
;
    }
    atmosphere
    {
        type            calculated;
        value           nonuniform List<scalar> 0();
    }
    procBoundary0to1
    {
        type            processor;
        value           nonuniform List<scalar> 
800
(
370.459
321.707
273.295
225.272
177.91
131.338
86.695
45.0963
14.9238
-0.0863761
-0.493888
-0.512061
-0.56194
-0.612717
-0.654604
-0.700033
-0.761392
-0.820806
-0.877362
-0.928068
369.833
320.99
272.481
224.131
176.139
128.958
83.0625
38.8476
8.33539
-0.409365
-0.473554
-0.509122
-0.560436
-0.611527
-0.653642
-0.70069
-0.759358
-0.82818
-0.88531
-0.935406
368.665
319.71
270.895
222.3
173.925
125.828
78.4574
31.9869
3.5962
-0.398262
-0.462427
-0.499265
-0.540177
-0.589611
-0.644687
-0.701322
-0.763093
-0.828668
-0.887776
-0.941513
367.047
317.95
268.835
219.757
170.647
121.57
72.8112
25.0805
1.06994
-0.380877
-0.441276
-0.485716
-0.544423
-0.592448
-0.644259
-0.708596
-0.772588
-0.831247
-0.887696
-0.940747
365.093
315.81
266.292
216.582
166.535
116.155
66.3209
18.6463
-0.0203202
-0.320939
-0.403635
-0.467357
-0.532259
-0.590776
-0.653526
-0.717967
-0.777409
-0.832758
-0.885793
-0.936857
362.952
313.459
263.48
213.032
161.876
110.211
57.2051
12.1183
-0.184222
-0.289748
-0.37779
-0.454045
-0.522378
-0.588369
-0.655134
-0.719002
-0.774501
-0.827315
-0.880621
-0.933732
360.803
311.086
260.662
209.355
156.987
103.534
46.8442
7.25197
-0.210002
-0.292343
-0.37071
-0.446515
-0.518863
-0.589275
-0.654984
-0.711019
-0.764203
-0.817172
-0.868921
-0.922585
358.845
308.902
257.981
205.854
152.259
96.7012
37.4008
4.01033
-0.219992
-0.291851
-0.368341
-0.447566
-0.523273
-0.592668
-0.654137
-0.709478
-0.759631
-0.808979
-0.859289
-0.913029
357.239
307.06
255.689
202.845
148.266
90.9432
30.5863
2.16822
-0.221387
-0.29203
-0.374917
-0.458293
-0.532256
-0.596156
-0.653285
-0.706091
-0.755762
-0.80473
-0.854308
-0.907551
355.944
305.819
254.114
200.858
145.613
86.8897
26.1333
1.15211
-0.219593
-0.298055
-0.387829
-0.470631
-0.539917
-0.599007
-0.652859
-0.704295
-0.754582
-0.804265
-0.854843
-0.908205
355.496
305.258
253.453
199.808
144.127
83.9979
22.4817
0.550222
-0.213461
-0.301061
-0.392177
-0.475871
-0.543413
-0.600819
-0.654883
-0.706699
-0.757465
-0.809255
-0.86206
-0.914648
355.765
305.403
253.535
199.772
143.82
82.689
19.8626
0.286462
-0.196834
-0.293738
-0.387907
-0.473358
-0.542914
-0.60251
-0.657343
-0.709222
-0.760713
-0.815405
-0.871633
-0.926495
356.63
306.372
254.705
201.228
145.583
85.0924
21.2313
0.50702
-0.182995
-0.285268
-0.384907
-0.473976
-0.549985
-0.613503
-0.664886
-0.712906
-0.763963
-0.822564
-0.888513
-0.956155
358.089
308.014
256.759
203.955
149.176
90.9256
28.031
1.4303
-0.174445
-0.284593
-0.386068
-0.481449
-0.567369
-0.634516
-0.681019
-0.719025
-0.767729
-0.834124
-0.918471
-1.00746
359.983
310.161
259.444
207.664
154.355
99.2272
40.4952
4.10131
-0.148695
-0.286488
-0.387826
-0.488863
-0.580766
-0.654401
-0.704752
-0.734999
-0.772293
-0.841996
-0.936478
-1.03007
362.107
312.56
262.464
211.829
160.375
107.812
55.3107
10.2352
-0.146234
-0.303807
-0.396284
-0.498176
-0.587032
-0.657862
-0.712418
-0.753062
-0.78758
-0.844096
-0.924964
-1.00901
364.204
314.938
265.467
215.875
166.031
116.002
67.0362
19.7674
0.0486369
-0.337629
-0.439711
-0.523745
-0.603414
-0.658849
-0.705027
-0.752419
-0.792663
-0.842265
-0.905406
-0.968683
366.034
317
268.042
219.281
170.704
122.636
75.8862
30.2451
2.62594
-0.302594
-0.448692
-0.540271
-0.609957
-0.656729
-0.696538
-0.745715
-0.791497
-0.838411
-0.891932
-0.942755
367.393
318.529
269.925
221.732
174.077
127.378
82.3628
39.5594
8.73264
-0.290887
-0.479157
-0.551605
-0.606556
-0.64693
-0.686924
-0.740094
-0.790929
-0.839071
-0.890123
-0.939562
368.142
319.418
271.124
223.143
176.126
130.301
86.429
45.6442
16.6777
0.340974
-0.552826
-0.551996
-0.593919
-0.632133
-0.679799
-0.736831
-0.791535
-0.843102
-0.889332
-0.933083
-0.978323
-1.03184
-1.08675
-1.14048
-1.1906
-1.23917
-1.28605
-1.33133
-1.37285
-1.41721
-1.47504
-1.53145
-1.57872
-1.62386
-1.67086
-1.72274
-1.77558
-1.82679
-1.87756
-1.92931
-0.985616
-1.03995
-1.09612
-1.15053
-1.20174
-1.25029
-1.29725
-1.34342
-1.38852
-1.43746
-1.50015
-1.55888
-1.59518
-1.62998
-1.67229
-1.72334
-1.77627
-1.82769
-1.87796
-1.92958
-0.993695
-1.04802
-1.10453
-1.16007
-1.2117
-1.25956
-1.30594
-1.35055
-1.39513
-1.44264
-1.49945
-1.55732
-1.59833
-1.63545
-1.67682
-1.72856
-1.7786
-1.8283
-1.87804
-1.93029
-0.993447
-1.04637
-1.10264
-1.15973
-1.21374
-1.2639
-1.31095
-1.35649
-1.40093
-1.44635
-1.49645
-1.55108
-1.59728
-1.63763
-1.68154
-1.73165
-1.78318
-1.83286
-1.88207
-1.93165
-0.989729
-1.03981
-1.0912
-1.14665
-1.20325
-1.2568
-1.30644
-1.3553
-1.40094
-1.44513
-1.49446
-1.54773
-1.59695
-1.63905
-1.68545
-1.72973
-1.78537
-1.83618
-1.88453
-1.93213
-0.987816
-1.04151
-1.0918
-1.14078
-1.19193
-1.24431
-1.2974
-1.34954
-1.39732
-1.44168
-1.4915
-1.54613
-1.59925
-1.64142
-1.68709
-1.73355
-1.78591
-1.83489
-1.88432
-1.93524
-0.981676
-1.03968
-1.09579
-1.14561
-1.19195
-1.23765
-1.28635
-1.33895
-1.39014
-1.43715
-1.48919
-1.54617
-1.60174
-1.64373
-1.68723
-1.73577
-1.78574
-1.83627
-1.8883
-1.94175
-0.971729
-1.0342
-1.09468
-1.14689
-1.19179
-1.23389
-1.27995
-1.3324
-1.38551
-1.43454
-1.48735
-1.5445
-1.60152
-1.64458
-1.68628
-1.73359
-1.78523
-1.83887
-1.89255
-1.94576
-0.965815
-1.02861
-1.08957
-1.14219
-1.18586
-1.22676
-1.27268
-1.32631
-1.38238
-1.43396
-1.48492
-1.53999
-1.59784
-1.6433
-1.68464
-1.73005
-1.78532
-1.84311
-1.89559
-1.94535
-0.964588
-1.02368
-1.08063
-1.13383
-1.18014
-1.22238
-1.26755
-1.32159
-1.38045
-1.43627
-1.48459
-1.53464
-1.59181
-1.64046
-1.68324
-1.72909
-1.78619
-1.84442
-1.89501
-1.94152
-0.967878
-1.02201
-1.07489
-1.12888
-1.18189
-1.23058
-1.27863
-1.33312
-1.39156
-1.44594
-1.49241
-1.53591
-1.58734
-1.63819
-1.68317
-1.73131
-1.78814
-1.84749
-1.89874
-1.94432
-0.980639
-1.03272
-1.08274
-1.13758
-1.19158
-1.23905
-1.28741
-1.34456
-1.39492
-1.44489
-1.49199
-1.53469
-1.58483
-1.63665
-1.68753
-1.74516
-1.80692
-1.86087
-1.9059
-1.94866
-1.0226
-1.07064
-1.11042
-1.16295
-1.21465
-1.25865
-1.30398
-1.3582
-1.4025
-1.44347
-1.48751
-1.53265
-1.58243
-1.6343
-1.68938
-1.75222
-1.81281
-1.86405
-1.90708
-1.94958
-1.08212
-1.12182
-1.13957
-1.18845
-1.2429
-1.28443
-1.32495
-1.36776
-1.40818
-1.44193
-1.48372
-1.53083
-1.58186
-1.63464
-1.69093
-1.74835
-1.80522
-1.85672
-1.90288
-1.94689
-1.10322
-1.13747
-1.14717
-1.18913
-1.25372
-1.30053
-1.33901
-1.37591
-1.40746
-1.44196
-1.48512
-1.53648
-1.58879
-1.64287
-1.6949
-1.7467
-1.7995
-1.85095
-1.89904
-1.94408
-1.07693
-1.10851
-1.11637
-1.15826
-1.2272
-1.29033
-1.33472
-1.36996
-1.40115
-1.43837
-1.48604
-1.5348
-1.58971
-1.6458
-1.69875
-1.74819
-1.79707
-1.84621
-1.89476
-1.9412
-1.0211
-1.05
-1.06887
-1.11171
-1.18075
-1.25505
-1.30938
-1.35269
-1.39131
-1.43491
-1.48325
-1.53617
-1.59206
-1.6492
-1.70353
-1.75195
-1.79803
-1.84399
-1.8904
-1.93706
-0.982847
-1.00976
-1.03534
-1.07936
-1.15318
-1.22625
-1.28475
-1.3353
-1.38297
-1.43244
-1.48448
-1.54001
-1.59464
-1.64977
-1.70372
-1.75378
-1.79975
-1.84383
-1.88888
-1.93504
-0.975142
-1.00111
-1.02664
-1.07115
-1.13884
-1.21017
-1.27156
-1.32776
-1.38014
-1.43241
-1.4856
-1.53878
-1.59175
-1.64563
-1.70022
-1.75274
-1.80003
-1.84342
-1.88735
-1.93346
-0.970396
-0.999949
-1.03454
-1.08085
-1.13865
-1.20367
-1.26348
-1.319
-1.3731
-1.42602
-1.47815
-1.52988
-1.58172
-1.63463
-1.68859
-1.74135
-1.79079
-1.83767
-1.88431
-1.93202
)
;
    }
    procBoundary0to2
    {
        type            processor;
        value           nonuniform List<scalar> 
200
(
-1.98569
-1.98585
-1.98631
-1.98657
-1.98657
-1.98626
-1.98565
-1.98481
-1.98397
-1.98331
-1.98565
-1.98592
-1.98661
-1.98699
-1.98699
-1.98658
-1.9859
-1.98512
-1.98427
-1.98338
-1.98529
-1.98548
-1.98643
-1.9867
-1.98666
-1.98648
-1.98615
-1.98566
-1.98476
-1.98332
-1.98564
-1.98604
-1.9875
-1.98737
-1.98636
-1.98666
-1.98658
-1.98613
-1.98504
-1.98298
-1.98636
-1.98716
-1.98885
-1.98913
-1.98766
-1.98718
-1.98697
-1.98636
-1.98499
-1.982
-1.98701
-1.98803
-1.98971
-1.9909
-1.99032
-1.98823
-1.98695
-1.98651
-1.98404
-1.9841
-1.98673
-1.9876
-1.98974
-1.9931
-1.9936
-1.99052
-1.98907
-1.98935
-1.98929
-1.99394
-1.98636
-1.98681
-1.98889
-1.99433
-1.99628
-1.99341
-1.99193
-1.99161
-1.99435
-1.99714
-1.9865
-1.98719
-1.9891
-1.99402
-1.99679
-1.99521
-1.99394
-1.993
-1.99497
-1.99465
-1.98752
-1.9882
-1.9913
-1.99549
-1.99772
-1.99699
-1.99669
-1.99632
-1.99687
-1.99303
-1.98911
-1.98981
-1.99456
-1.99954
-2.00046
-1.99931
-1.99907
-2.00053
-1.99878
-1.99628
-1.99064
-1.9909
-1.99647
-2.00334
-2.00309
-2.00117
-2.00048
-2.00089
-2.001
-1.99843
-1.99206
-1.99228
-1.99659
-2.00349
-2.00338
-1.99967
-1.99927
-2.00026
-2.00042
-1.99779
-1.9933
-1.99453
-1.9975
-2.00154
-2.00071
-1.99703
-1.99681
-1.99732
-1.99707
-1.99481
-1.99346
-1.9971
-2.00145
-2.00259
-1.99789
-1.99249
-1.99028
-1.99064
-1.99223
-1.99147
-1.9917
-1.99677
-2.00288
-2.00195
-1.99243
-1.98319
-1.979
-1.98043
-1.98572
-1.98797
-1.99029
-1.99291
-1.99326
-1.98917
-1.98324
-1.97726
-1.97547
-1.98008
-1.98394
-1.98437
-1.9904
-1.99253
-1.99094
-1.98378
-1.97919
-1.97869
-1.97947
-1.97995
-1.98155
-1.982
-1.98942
-1.99117
-1.99422
-1.99314
-1.98808
-1.98378
-1.9812
-1.98002
-1.97994
-1.98015
-1.98924
-1.98981
-1.99108
-1.9907
-1.98815
-1.98488
-1.98127
-1.97896
-1.97876
-1.97943
)
;
    }
}


// ************************************************************************* //
